5 1 14
5 2 152
5 3 104
5 4 0
5 5 67
6 1 143
6 2 0
6 3 0
6 4 0
6 5 0
7 1 0
7 2 0
7 3 42
7 4 16
7 5 197
8 1 83
8 2 209
8 3 0
8 4 213
8 5 0
9 1 0
9 2 0
9 3 308
9 4 44
9 5 125
10 1 587
10 2 187
10 3 87
10 4 0
10 5 387
10 6 149
10 7 44
10 8 0
10 9 39
11 1 436
11 2 93
11 3 343
11 4 253
11 5 19
11 6 504
11 7 0
11 8 0
11 9 198
12 1 0
12 2 512
12 3 72
12 4 15
12 5 47
12 6 140
12 7 966
12 8 431
12 9 6
13 1 327
13 2 5
13 3 0
13 4 0
13 5 64
13 6 0
13 7 80
13 8 511
13 9 398
14 1 759
14 2 17
14 3 180
14 4 31
14 5 0
14 6 124
14 7 389
14 8 709
14 9 185
15 1 707
15 2 662
15 3 2
15 4 198
15 5 215
15 6 0
15 7 591
15 8 0
15 9 36
16 1 228
16 2 529
16 3 0
16 4 0
16 5 48
