9 36 2 8 6971
5 7 134.0 175.0
5 8 39.0 25.0
3 8 13.0 23.0
5 4 199.0 109.0
3 6 141.0 65.0
1 8 36.0 30.0
3 1 107.0 182.0
2 7 80.0 10.0
2 4 114.0 166.0
2 5 187.0 105.0
1 9 187.0 0.0
2 3 116.0 186.0
6 1 130.0 9.0
1 7 159.0 166.0
3 4 21.0 67.0
8 4 102.0 53.0
3 7 53.0 168.0
3 5 169.0 40.0
4 6 170.0 156.0
7 4 0.0 38.0
9 4 14.0 130.0
8 9 191.0 174.0
7 6 24.0 164.0
6 2 142.0 78.0
8 6 104.0 147.0
2 8 130.0 25.0
5 6 91.0 52.0
9 5 78.0 91.0
9 6 177.0 93.0
7 9 19.0 120.0
3 9 34.0 43.0
5 1 147.0 128.0
7 8 144.0 3.0
9 2 149.0 26.0
1 2 95.0 192.0
4 1 108.0 174.0
0
