18 153 2 17 1886
2 1 95.0 5.0
7 8 142.0 27.0
10 4 103.0 107.0
13 1 76.0 3.0
13 6 130.0 63.0
3 5 151.0 120.0
12 2 196.0 185.0
18 17 38.0 43.0
1 9 127.0 86.0
6 2 185.0 21.0
3 10 47.0 88.0
10 16 109.0 75.0
3 14 108.0 39.0
1 6 194.0 59.0
7 15 113.0 142.0
12 10 10.0 104.0
5 2 35.0 89.0
18 16 21.0 20.0
7 17 75.0 20.0
15 17 126.0 184.0
10 2 31.0 35.0
7 3 132.0 177.0
16 13 138.0 198.0
2 15 147.0 148.0
13 12 99.0 135.0
9 8 92.0 72.0
5 6 176.0 167.0
2 4 128.0 102.0
3 2 12.0 111.0
1 8 131.0 97.0
8 2 18.0 21.0
4 6 193.0 118.0
15 16 11.0 92.0
5 17 32.0 103.0
4 8 150.0 8.0
9 18 53.0 30.0
17 11 144.0 17.0
6 9 192.0 75.0
16 3 62.0 162.0
7 4 128.0 7.0
5 4 150.0 91.0
1 5 129.0 134.0
10 8 144.0 32.0
12 1 14.0 197.0
3 6 187.0 159.0
10 15 146.0 179.0
16 1 4.0 161.0
13 17 164.0 84.0
1 7 92.0 66.0
8 3 139.0 21.0
10 1 5.0 83.0
1 3 24.0 172.0
4 12 32.0 12.0
7 5 104.0 130.0
9 2 164.0 109.0
3 4 136.0 80.0
10 13 43.0 28.0
13 14 98.0 182.0
3 12 27.0 103.0
9 5 1.0 51.0
13 18 180.0 33.0
7 6 148.0 36.0
14 1 19.0 112.0
12 11 116.0 155.0
5 8 93.0 159.0
2 14 48.0 191.0
9 4 114.0 75.0
13 2 136.0 67.0
4 11 5.0 116.0
15 1 176.0 153.0
11 3 197.0 196.0
6 10 157.0 65.0
12 15 32.0 50.0
7 9 133.0 80.0
8 14 113.0 199.0
13 3 183.0 50.0
5 12 137.0 188.0
1 11 130.0 113.0
5 10 178.0 79.0
12 6 108.0 135.0
18 4 191.0 140.0
11 5 18.0 77.0
14 15 16.0 83.0
7 11 63.0 0.0
8 11 131.0 152.0
13 4 50.0 13.0
2 17 148.0 29.0
8 6 111.0 56.0
17 1 80.0 55.0
14 4 151.0 50.0
10 9 152.0 120.0
15 4 127.0 167.0
5 14 199.0 11.0
7 2 121.0 49.0
18 5 107.0 70.0
10 11 97.0 171.0
16 9 99.0 177.0
7 12 166.0 51.0
17 8 189.0 70.0
15 3 55.0 117.0
16 2 104.0 6.0
16 4 22.0 25.0
5 15 81.0 81.0
18 1 153.0 178.0
13 5 188.0 4.0
6 14 106.0 107.0
1 4 173.0 95.0
2 18 181.0 29.0
13 8 149.0 37.0
11 6 82.0 123.0
13 9 36.0 163.0
14 11 39.0 141.0
15 8 90.0 180.0
14 7 84.0 196.0
15 6 88.0 57.0
16 6 156.0 21.0
8 12 21.0 105.0
14 9 184.0 103.0
17 6 146.0 21.0
12 9 11.0 137.0
3 18 118.0 101.0
14 10 125.0 2.0
4 17 4.0 13.0
18 6 76.0 161.0
3 17 167.0 49.0
16 7 136.0 152.0
17 14 133.0 34.0
16 8 4.0 96.0
12 14 149.0 122.0
11 13 42.0 26.0
8 18 185.0 199.0
12 16 71.0 13.0
15 13 81.0 191.0
7 18 92.0 169.0
12 18 11.0 177.0
16 5 168.0 167.0
17 16 20.0 69.0
16 11 101.0 14.0
16 14 113.0 38.0
9 17 112.0 137.0
9 15 91.0 145.0
9 3 147.0 135.0
18 10 45.0 110.0
10 7 159.0 13.0
11 2 133.0 179.0
13 7 18.0 186.0
11 15 92.0 84.0
10 17 151.0 4.0
11 18 28.0 194.0
17 12 135.0 127.0
11 9 178.0 181.0
15 18 35.0 137.0
14 18 64.0 120.0
0
