14 91 2 5 17252
13 8 159.0 115.0
6 10 165.0 32.0
11 9 76.0 166.0
11 5 180.0 47.0
4 3 36.0 151.0
9 10 147.0 124.0
2 13 29.0 7.0
2 4 144.0 88.0
10 14 30.0 55.0
1 7 163.0 195.0
3 7 49.0 192.0
11 10 67.0 29.0
12 1 127.0 56.0
9 1 45.0 75.0
12 5 117.0 74.0
7 13 80.0 13.0
13 1 157.0 62.0
6 1 135.0 72.0
7 11 92.0 184.0
6 2 199.0 111.0
7 8 188.0 126.0
7 2 139.0 33.0
4 5 52.0 8.0
8 3 43.0 84.0
14 12 102.0 152.0
4 6 81.0 37.0
4 8 1.0 125.0
13 9 36.0 152.0
3 11 104.0 24.0
13 4 76.0 195.0
1 10 42.0 80.0
9 6 17.0 37.0
3 1 173.0 119.0
8 1 160.0 54.0
5 3 172.0 113.0
12 10 171.0 160.0
7 6 184.0 27.0
4 7 15.0 60.0
6 11 153.0 9.0
14 1 121.0 171.0
9 2 59.0 46.0
14 11 136.0 172.0
9 4 199.0 60.0
2 10 103.0 170.0
5 2 104.0 39.0
1 5 102.0 71.0
12 11 49.0 7.0
1 11 171.0 122.0
6 14 28.0 183.0
8 10 53.0 116.0
9 12 47.0 52.0
8 2 108.0 102.0
7 5 49.0 164.0
5 9 184.0 103.0
6 5 51.0 185.0
8 5 118.0 23.0
11 2 2.0 146.0
6 8 105.0 55.0
12 3 93.0 105.0
5 10 110.0 1.0
14 5 93.0 111.0
11 4 174.0 29.0
10 3 173.0 26.0
2 12 54.0 91.0
12 6 120.0 56.0
7 10 147.0 177.0
7 9 108.0 41.0
3 13 143.0 170.0
2 14 66.0 188.0
8 11 27.0 41.0
4 10 10.0 153.0
8 9 27.0 17.0
13 12 142.0 99.0
4 14 163.0 41.0
4 12 153.0 23.0
10 13 93.0 48.0
14 3 25.0 112.0
7 14 191.0 5.0
9 3 144.0 1.0
13 11 92.0 123.0
6 3 133.0 34.0
2 3 65.0 48.0
14 13 43.0 18.0
5 13 44.0 137.0
12 8 61.0 69.0
14 8 30.0 52.0
14 9 139.0 174.0
12 7 20.0 183.0
1 2 25.0 105.0
13 6 60.0 91.0
1 4 195.0 104.0
0
