14 91 2 5 15122
12 4 126.0 84.0
3 5 45.0 105.0
5 6 34.0 37.0
4 7 102.0 64.0
5 2 27.0 86.0
2 6 166.0 115.0
12 11 23.0 54.0
2 7 186.0 127.0
10 2 190.0 112.0
5 1 182.0 35.0
6 12 152.0 17.0
2 14 31.0 6.0
1 9 155.0 10.0
12 3 55.0 74.0
11 3 23.0 30.0
7 9 164.0 161.0
8 1 119.0 106.0
1 2 5.0 102.0
13 12 71.0 109.0
11 8 172.0 103.0
6 1 60.0 79.0
8 12 10.0 67.0
13 1 52.0 185.0
7 8 81.0 168.0
2 4 121.0 1.0
3 14 86.0 78.0
11 2 182.0 158.0
9 12 61.0 106.0
1 7 174.0 121.0
4 6 125.0 136.0
6 8 151.0 177.0
4 5 145.0 32.0
9 6 92.0 66.0
10 1 118.0 131.0
12 2 185.0 52.0
11 13 84.0 46.0
6 3 35.0 10.0
6 11 52.0 112.0
5 12 144.0 155.0
6 14 64.0 42.0
9 3 69.0 156.0
4 8 40.0 188.0
3 8 134.0 26.0
3 4 95.0 19.0
3 2 109.0 82.0
13 7 4.0 113.0
2 9 127.0 100.0
5 7 85.0 191.0
14 12 160.0 154.0
10 3 67.0 0.0
4 13 38.0 2.0
2 8 3.0 85.0
9 8 186.0 113.0
14 7 52.0 142.0
10 4 7.0 131.0
1 11 140.0 92.0
9 5 113.0 52.0
5 10 84.0 132.0
5 8 90.0 122.0
14 1 14.0 94.0
9 4 95.0 152.0
13 2 184.0 99.0
7 12 179.0 191.0
13 3 31.0 120.0
12 1 79.0 144.0
11 4 65.0 163.0
7 6 23.0 107.0
9 10 178.0 189.0
13 8 98.0 73.0
14 4 30.0 82.0
8 10 61.0 10.0
11 7 95.0 92.0
10 12 88.0 126.0
7 10 181.0 105.0
11 10 26.0 156.0
10 6 126.0 156.0
8 14 83.0 176.0
5 13 157.0 66.0
13 6 98.0 170.0
9 11 20.0 194.0
10 13 22.0 60.0
1 3 192.0 155.0
14 10 96.0 171.0
14 11 56.0 174.0
11 5 111.0 92.0
14 9 151.0 68.0
9 13 152.0 49.0
5 14 58.0 124.0
1 4 30.0 32.0
3 7 184.0 22.0
14 13 117.0 32.0
0
