10 45 4 7 11129
1 2 114.0 191.0
7 10 5.0 238.0
1 4 252.0 48.0
4 3 242.0 217.0
8 9 101.0 245.0
10 8 24.0 251.0
1 7 204.0 184.0
10 6 281.0 191.0
9 5 136.0 148.0
6 7 298.0 141.0
10 2 294.0 2.0
5 3 231.0 237.0
1 3 189.0 32.0
2 4 12.0 266.0
2 3 12.0 216.0
7 3 55.0 294.0
2 6 71.0 192.0
1 6 211.0 69.0
8 4 181.0 206.0
6 4 175.0 164.0
10 1 290.0 117.0
5 4 84.0 2.0
3 6 94.0 148.0
8 1 175.0 201.0
6 5 16.0 246.0
7 4 10.0 228.0
2 7 286.0 243.0
9 2 210.0 214.0
3 8 289.0 200.0
7 5 203.0 125.0
9 4 106.0 297.0
9 1 204.0 282.0
10 3 79.0 273.0
4 10 291.0 141.0
5 8 272.0 29.0
10 5 52.0 182.0
9 6 140.0 93.0
5 2 116.0 43.0
7 8 215.0 275.0
5 1 191.0 120.0
8 6 37.0 270.0
7 9 41.0 28.0
10 9 46.0 13.0
2 8 28.0 98.0
9 3 273.0 168.0
0