14 91 2 5 18853
1 10 26.0 227.0
10 2 100.0 116.0
11 5 31.0 55.0
6 10 56.0 119.0
7 13 227.0 39.0
1 11 200.0 110.0
9 1 101.0 45.0
4 11 281.0 81.0
4 5 180.0 7.0
5 12 188.0 32.0
2 8 152.0 220.0
3 4 94.0 208.0
14 11 107.0 73.0
7 3 9.0 8.0
1 2 71.0 110.0
10 4 16.0 52.0
9 6 6.0 196.0
3 1 115.0 194.0
2 5 100.0 19.0
3 2 205.0 195.0
12 9 78.0 13.0
9 2 174.0 139.0
1 12 127.0 245.0
3 5 248.0 195.0
13 10 94.0 6.0
8 14 191.0 261.0
14 1 77.0 292.0
3 12 291.0 283.0
1 6 164.0 121.0
2 11 247.0 38.0
6 11 154.0 126.0
4 12 194.0 154.0
5 14 235.0 288.0
13 9 233.0 127.0
7 6 46.0 63.0
1 13 265.0 90.0
1 8 267.0 181.0
7 2 185.0 266.0
11 9 289.0 91.0
4 1 29.0 183.0
5 7 273.0 16.0
3 14 260.0 258.0
3 8 72.0 59.0
12 2 69.0 90.0
1 5 36.0 88.0
6 5 147.0 222.0
4 6 63.0 137.0
8 5 222.0 144.0
13 12 222.0 195.0
4 8 71.0 183.0
6 8 151.0 143.0
6 2 255.0 272.0
4 14 200.0 292.0
6 3 66.0 48.0
13 2 43.0 181.0
3 10 254.0 265.0
12 14 295.0 176.0
14 2 150.0 66.0
8 7 248.0 53.0
5 10 204.0 204.0
9 5 6.0 105.0
4 9 193.0 124.0
13 5 99.0 236.0
11 13 23.0 53.0
12 7 38.0 18.0
9 8 199.0 188.0
9 7 294.0 199.0
3 9 159.0 199.0
11 7 213.0 217.0
10 8 51.0 107.0
6 12 184.0 150.0
6 13 268.0 207.0
3 11 279.0 6.0
12 8 161.0 178.0
4 13 261.0 156.0
14 7 37.0 172.0
12 10 124.0 250.0
11 8 283.0 175.0
14 10 58.0 167.0
9 10 219.0 27.0
11 10 166.0 251.0
9 14 273.0 28.0
4 7 245.0 286.0
2 4 206.0 282.0
14 13 235.0 30.0
8 13 155.0 271.0
7 1 120.0 213.0
6 14 17.0 91.0
10 7 110.0 183.0
11 12 287.0 136.0
3 13 242.0 284.0
0