13 78 1 10 13825
4 5 165.0 61.0
12 2 68.0 65.0
8 10 195.0 38.0
9 1 188.0 40.0
5 1 129.0 61.0
7 3 125.0 184.0
6 13 8.0 37.0
5 8 173.0 112.0
12 8 148.0 91.0
11 9 103.0 16.0
5 13 190.0 98.0
5 3 117.0 130.0
10 7 20.0 46.0
2 6 6.0 97.0
9 6 51.0 14.0
4 1 121.0 25.0
12 3 121.0 69.0
11 1 126.0 25.0
13 3 3.0 116.0
9 8 102.0 72.0
3 2 0.0 122.0
3 6 139.0 6.0
8 1 107.0 190.0
4 7 54.0 28.0
2 8 11.0 128.0
8 11 181.0 137.0
13 10 99.0 136.0
5 11 194.0 1.0
12 10 85.0 146.0
2 7 106.0 24.0
4 6 78.0 166.0
8 7 121.0 85.0
6 1 132.0 133.0
4 2 98.0 113.0
12 13 32.0 149.0
11 13 89.0 178.0
3 8 177.0 126.0
13 7 56.0 36.0
5 2 155.0 134.0
6 5 145.0 28.0
10 1 150.0 29.0
6 10 164.0 1.0
12 1 106.0 148.0
9 4 87.0 148.0
11 2 182.0 64.0
9 2 46.0 38.0
2 10 3.0 1.0
7 5 128.0 100.0
11 12 79.0 31.0
10 3 73.0 195.0
7 6 43.0 131.0
4 8 23.0 130.0
3 4 83.0 157.0
13 1 54.0 81.0
1 7 167.0 9.0
3 11 158.0 48.0
11 4 167.0 37.0
6 8 53.0 192.0
9 3 148.0 49.0
10 4 61.0 123.0
10 5 78.0 144.0
2 13 3.0 84.0
7 12 74.0 122.0
13 4 48.0 33.0
12 5 120.0 15.0
6 11 86.0 174.0
10 9 38.0 187.0
5 9 185.0 99.0
10 11 26.0 15.0
12 9 31.0 29.0
9 7 2.0 105.0
4 12 180.0 50.0
9 13 120.0 100.0
8 13 60.0 6.0
12 6 60.0 98.0
1 3 103.0 45.0
11 7 12.0 129.0
1 2 7.0 195.0
0
