13 78 1 10 14973
9 2 58.0 85.0
2 1 0.0 192.0
6 12 178.0 51.0
4 1 28.0 165.0
4 2 161.0 51.0
6 11 44.0 80.0
2 6 26.0 79.0
4 3 91.0 44.0
7 11 29.0 149.0
1 5 166.0 182.0
5 8 47.0 145.0
11 12 52.0 27.0
3 2 49.0 166.0
7 1 51.0 45.0
12 13 181.0 29.0
7 13 64.0 72.0
13 3 133.0 45.0
9 11 53.0 99.0
7 3 198.0 53.0
6 5 140.0 50.0
2 10 3.0 141.0
4 6 79.0 55.0
8 9 2.0 60.0
2 8 17.0 18.0
13 4 75.0 102.0
1 8 104.0 81.0
9 6 161.0 102.0
3 6 30.0 53.0
4 12 40.0 33.0
4 7 147.0 120.0
3 5 139.0 102.0
9 1 178.0 108.0
3 9 28.0 6.0
6 10 65.0 132.0
10 1 91.0 178.0
3 8 117.0 73.0
11 1 62.0 110.0
4 9 128.0 161.0
5 4 83.0 19.0
10 11 168.0 14.0
3 10 5.0 148.0
2 7 184.0 70.0
10 5 16.0 27.0
11 2 162.0 133.0
11 4 59.0 176.0
3 12 92.0 140.0
12 1 185.0 175.0
8 10 80.0 105.0
6 8 172.0 85.0
6 1 59.0 108.0
5 9 37.0 75.0
13 1 149.0 151.0
10 4 133.0 160.0
2 5 66.0 25.0
2 12 3.0 3.0
7 8 104.0 83.0
12 5 105.0 28.0
9 7 82.0 164.0
11 3 14.0 71.0
10 7 60.0 163.0
12 7 167.0 193.0
7 6 140.0 185.0
13 6 66.0 143.0
10 9 19.0 122.0
11 5 24.0 125.0
12 10 113.0 106.0
13 2 137.0 127.0
8 12 7.0 197.0
5 13 45.0 127.0
8 11 37.0 185.0
8 13 6.0 104.0
11 13 6.0 177.0
4 8 169.0 31.0
13 9 177.0 82.0
7 5 124.0 114.0
10 13 73.0 132.0
3 1 23.0 118.0
12 9 128.0 60.0
0
