10 45 4 7 562
2 10 190.0 111.0
9 5 30.0 3.0
6 7 156.0 178.0
1 7 45.0 198.0
10 6 25.0 165.0
1 6 2.0 86.0
2 3 114.0 177.0
8 9 48.0 12.0
8 4 128.0 39.0
10 5 4.0 110.0
3 9 194.0 112.0
7 3 98.0 39.0
8 5 119.0 75.0
3 4 0.0 122.0
4 2 170.0 66.0
10 1 158.0 171.0
1 5 166.0 38.0
7 9 199.0 122.0
6 3 175.0 193.0
7 4 186.0 25.0
2 6 181.0 105.0
4 5 107.0 133.0
3 1 71.0 30.0
2 5 88.0 30.0
4 1 71.0 54.0
10 8 157.0 22.0
4 9 60.0 84.0
2 7 142.0 198.0
8 2 176.0 75.0
4 10 113.0 35.0
6 5 191.0 185.0
1 8 85.0 31.0
8 7 108.0 157.0
3 8 26.0 66.0
10 3 52.0 38.0
5 7 78.0 147.0
4 6 175.0 54.0
9 1 192.0 40.0
2 1 29.0 136.0
9 10 132.0 115.0
6 8 68.0 40.0
2 9 103.0 95.0
9 6 77.0 155.0
5 3 166.0 155.0
10 7 108.0 93.0
0
