11 55 7 11 12949
9 2 139.0 122.0
4 10 47.0 112.0
5 8 209.0 230.0
8 7 181.0 158.0
4 1 2.0 14.0
2 10 10.0 55.0
6 11 295.0 233.0
5 10 60.0 212.0
1 3 113.0 251.0
5 1 76.0 212.0
2 6 5.0 285.0
1 11 109.0 239.0
10 7 3.0 111.0
3 9 276.0 13.0
6 10 212.0 271.0
1 7 261.0 24.0
9 4 245.0 126.0
4 7 63.0 21.0
2 11 77.0 69.0
10 8 253.0 187.0
2 4 279.0 257.0
7 3 248.0 255.0
10 9 186.0 212.0
6 3 184.0 147.0
3 2 159.0 181.0
7 6 100.0 223.0
8 1 20.0 178.0
10 11 273.0 274.0
1 10 32.0 252.0
9 8 78.0 281.0
5 11 99.0 264.0
4 5 250.0 35.0
8 2 4.0 109.0
2 5 290.0 104.0
1 9 284.0 10.0
5 9 267.0 257.0
7 5 77.0 51.0
2 7 158.0 155.0
5 3 212.0 9.0
6 5 224.0 214.0
1 6 238.0 228.0
11 3 236.0 228.0
6 8 218.0 273.0
3 10 150.0 237.0
6 9 164.0 227.0
7 11 103.0 74.0
7 9 290.0 67.0
11 8 195.0 214.0
4 6 113.0 185.0
2 1 46.0 101.0
11 4 234.0 16.0
4 3 53.0 137.0
8 4 16.0 269.0
3 8 206.0 172.0
9 11 61.0 197.0
0