16 120 8 7 19526
15 1 114.0 129.0
7 5 76.0 140.0
4 3 58.0 105.0
9 15 98.0 69.0
13 14 147.0 148.0
8 7 57.0 145.0
2 3 91.0 36.0
5 12 178.0 102.0
12 8 177.0 45.0
12 2 1.0 5.0
9 7 152.0 59.0
6 1 97.0 50.0
14 15 172.0 197.0
6 15 95.0 29.0
1 2 68.0 187.0
13 2 7.0 47.0
9 13 163.0 137.0
3 7 133.0 164.0
6 16 138.0 85.0
16 1 108.0 187.0
9 1 91.0 33.0
7 15 127.0 139.0
8 1 164.0 195.0
16 3 47.0 172.0
7 4 20.0 10.0
12 15 56.0 153.0
14 8 4.0 146.0
1 7 117.0 64.0
15 10 5.0 161.0
9 5 96.0 84.0
3 8 1.0 60.0
11 9 16.0 0.0
6 3 49.0 36.0
5 2 189.0 105.0
10 2 164.0 193.0
4 2 112.0 33.0
12 3 123.0 69.0
7 2 128.0 19.0
10 16 163.0 81.0
9 2 61.0 179.0
4 1 83.0 62.0
5 4 91.0 72.0
13 10 62.0 7.0
12 1 190.0 126.0
6 4 185.0 113.0
6 5 86.0 66.0
4 12 131.0 49.0
13 1 128.0 145.0
7 6 155.0 12.0
8 5 51.0 198.0
3 11 185.0 65.0
14 1 184.0 175.0
8 4 41.0 170.0
11 4 39.0 128.0
8 10 20.0 123.0
11 1 107.0 149.0
12 10 107.0 14.0
5 10 155.0 110.0
10 9 15.0 140.0
9 4 60.0 199.0
11 2 79.0 101.0
3 13 197.0 119.0
1 10 173.0 17.0
10 6 193.0 33.0
6 8 181.0 100.0
6 9 29.0 88.0
9 3 59.0 44.0
10 7 100.0 119.0
2 15 179.0 131.0
14 2 65.0 128.0
5 11 10.0 38.0
9 16 199.0 4.0
2 8 131.0 132.0
12 6 158.0 112.0
11 14 146.0 17.0
4 10 174.0 198.0
14 3 63.0 105.0
2 6 129.0 128.0
12 7 51.0 139.0
7 16 109.0 2.0
11 6 171.0 192.0
8 9 110.0 130.0
14 4 118.0 8.0
5 16 49.0 93.0
5 13 173.0 112.0
5 1 19.0 102.0
16 2 196.0 22.0
3 5 41.0 105.0
7 11 19.0 13.0
14 5 15.0 81.0
6 13 182.0 86.0
13 4 90.0 31.0
16 4 65.0 63.0
5 15 142.0 36.0
8 13 1.0 90.0
10 11 146.0 43.0
12 9 199.0 118.0
12 14 97.0 167.0
15 8 90.0 80.0
4 15 65.0 180.0
16 13 94.0 83.0
14 10 26.0 188.0
11 16 165.0 27.0
13 11 24.0 63.0
7 14 133.0 176.0
16 12 126.0 31.0
12 11 84.0 169.0
13 15 37.0 101.0
6 14 11.0 84.0
16 14 186.0 37.0
14 9 130.0 103.0
16 15 70.0 107.0
1 3 185.0 3.0
16 8 78.0 111.0
11 15 176.0 114.0
3 15 79.0 13.0
8 11 160.0 91.0
10 3 25.0 98.0
13 7 137.0 108.0
13 12 171.0 159.0
0
