17 136 11 16 12400
8 5 195.0 175.0
5 10 2.0 88.0
12 10 15.0 15.0
7 2 131.0 184.0
15 16 172.0 54.0
4 7 95.0 89.0
11 1 115.0 176.0
13 4 136.0 149.0
8 14 191.0 131.0
15 10 137.0 193.0
4 1 195.0 152.0
11 6 54.0 78.0
12 17 17.0 26.0
9 1 111.0 65.0
15 7 63.0 178.0
10 8 3.0 0.0
4 14 158.0 194.0
6 8 133.0 47.0
17 15 160.0 80.0
3 16 60.0 166.0
15 6 95.0 29.0
1 5 63.0 158.0
3 5 168.0 127.0
3 10 125.0 171.0
6 14 18.0 36.0
8 2 62.0 103.0
9 6 28.0 174.0
7 3 39.0 88.0
8 17 50.0 86.0
14 11 52.0 65.0
5 4 103.0 20.0
6 4 186.0 180.0
3 4 22.0 4.0
10 4 191.0 84.0
9 4 39.0 20.0
2 6 140.0 78.0
15 4 95.0 142.0
14 3 0.0 99.0
17 6 23.0 55.0
13 1 26.0 161.0
8 1 8.0 48.0
6 1 170.0 199.0
7 9 197.0 9.0
9 3 10.0 137.0
17 13 175.0 57.0
15 8 190.0 175.0
13 11 41.0 166.0
2 14 21.0 20.0
9 2 173.0 181.0
13 15 199.0 96.0
8 4 136.0 148.0
11 4 6.0 99.0
16 6 107.0 181.0
14 16 92.0 97.0
9 17 108.0 86.0
3 8 140.0 81.0
11 3 31.0 65.0
5 11 52.0 183.0
9 5 68.0 141.0
16 5 141.0 27.0
2 4 61.0 48.0
1 10 7.0 154.0
9 12 8.0 115.0
6 5 176.0 100.0
13 14 160.0 160.0
7 5 2.0 164.0
16 4 99.0 71.0
16 17 198.0 41.0
5 2 127.0 11.0
12 2 5.0 87.0
10 7 159.0 13.0
3 1 115.0 136.0
14 1 15.0 27.0
4 12 169.0 170.0
15 1 3.0 69.0
6 7 53.0 1.0
8 16 195.0 133.0
2 10 143.0 0.0
8 13 78.0 103.0
13 9 167.0 145.0
8 7 126.0 135.0
10 6 22.0 95.0
9 8 93.0 25.0
15 3 82.0 146.0
12 16 177.0 77.0
1 12 178.0 72.0
16 1 178.0 56.0
12 6 53.0 145.0
17 2 147.0 131.0
3 13 187.0 170.0
17 10 74.0 32.0
7 11 173.0 108.0
12 5 62.0 150.0
15 2 160.0 192.0
2 13 68.0 90.0
5 13 32.0 122.0
17 1 110.0 179.0
17 11 128.0 49.0
12 8 79.0 154.0
15 9 175.0 52.0
17 3 117.0 189.0
5 15 30.0 29.0
14 7 183.0 99.0
15 11 80.0 15.0
7 17 11.0 142.0
11 10 1.0 91.0
6 13 39.0 80.0
16 2 10.0 14.0
9 11 166.0 79.0
13 7 167.0 197.0
12 7 88.0 102.0
14 15 199.0 121.0
5 14 15.0 162.0
12 13 185.0 16.0
9 10 61.0 24.0
17 4 66.0 23.0
14 12 132.0 33.0
14 9 191.0 51.0
1 7 51.0 32.0
16 13 38.0 2.0
15 12 80.0 5.0
13 10 21.0 65.0
16 10 51.0 34.0
14 10 180.0 69.0
17 5 27.0 64.0
11 8 66.0 171.0
12 11 44.0 69.0
2 1 132.0 34.0
16 11 159.0 164.0
16 7 84.0 132.0
2 3 161.0 87.0
3 6 145.0 93.0
2 11 95.0 125.0
17 14 47.0 114.0
9 16 15.0 43.0
3 12 196.0 99.0
0
