12 66 8 11 12512
10 3 105.0 29.0
2 3 69.0 91.0
8 10 73.0 151.0
9 3 148.0 37.0
2 5 50.0 125.0
8 1 102.0 61.0
6 2 79.0 178.0
2 11 186.0 169.0
1 4 166.0 43.0
5 11 191.0 35.0
1 12 188.0 16.0
7 1 146.0 136.0
11 10 159.0 148.0
3 5 67.0 14.0
8 9 192.0 98.0
12 4 100.0 130.0
6 4 29.0 66.0
1 3 40.0 172.0
2 9 102.0 28.0
1 5 172.0 0.0
3 6 57.0 83.0
7 4 36.0 76.0
11 8 33.0 28.0
3 8 164.0 85.0
6 8 145.0 145.0
4 3 150.0 186.0
11 7 156.0 4.0
12 5 118.0 128.0
7 2 166.0 127.0
2 4 55.0 2.0
1 9 125.0 88.0
2 8 131.0 41.0
6 5 186.0 28.0
9 7 19.0 137.0
2 10 120.0 127.0
7 5 2.0 38.0
9 6 185.0 120.0
10 4 51.0 41.0
1 11 104.0 128.0
8 4 36.0 187.0
4 5 68.0 22.0
11 12 67.0 87.0
7 6 151.0 187.0
12 7 147.0 105.0
11 4 168.0 132.0
9 4 15.0 20.0
2 12 14.0 71.0
8 7 130.0 50.0
2 1 7.0 198.0
5 10 189.0 74.0
5 8 28.0 92.0
3 12 87.0 127.0
12 9 132.0 56.0
10 1 192.0 147.0
11 3 198.0 6.0
10 6 102.0 128.0
9 10 120.0 109.0
6 12 170.0 61.0
8 12 190.0 150.0
11 6 134.0 77.0
3 7 73.0 67.0
7 10 138.0 65.0
10 12 165.0 88.0
6 1 168.0 67.0
9 11 13.0 40.0
5 9 15.0 135.0
0
