14 91 2 5 12267
2 12 154.0 70.0
9 3 19.0 49.0
2 4 191.0 38.0
8 1 103.0 161.0
1 9 91.0 25.0
4 1 45.0 187.0
11 9 11.0 138.0
13 9 179.0 28.0
6 3 43.0 134.0
5 12 8.0 62.0
3 1 106.0 152.0
12 14 189.0 161.0
8 11 76.0 32.0
5 4 17.0 121.0
5 3 20.0 180.0
6 7 20.0 199.0
10 6 131.0 15.0
4 6 65.0 140.0
5 7 199.0 123.0
4 3 41.0 188.0
14 7 99.0 69.0
14 6 56.0 68.0
1 14 12.0 76.0
4 7 116.0 184.0
10 7 134.0 0.0
10 11 111.0 199.0
1 5 93.0 62.0
2 7 30.0 86.0
11 3 117.0 81.0
6 11 53.0 174.0
6 2 112.0 17.0
8 2 144.0 181.0
9 2 135.0 78.0
10 1 161.0 199.0
3 12 63.0 54.0
3 10 190.0 93.0
10 8 52.0 60.0
4 11 132.0 105.0
9 8 19.0 44.0
10 12 183.0 163.0
13 10 135.0 118.0
10 2 80.0 96.0
5 8 99.0 143.0
11 2 149.0 89.0
9 4 97.0 1.0
8 13 124.0 29.0
4 8 10.0 95.0
3 8 65.0 193.0
6 1 179.0 1.0
6 8 64.0 59.0
12 1 148.0 163.0
10 14 11.0 97.0
13 1 194.0 108.0
14 8 138.0 118.0
14 2 22.0 149.0
12 9 130.0 87.0
9 7 140.0 109.0
11 7 90.0 156.0
3 7 170.0 39.0
5 6 183.0 182.0
4 10 96.0 177.0
10 5 47.0 186.0
1 11 139.0 21.0
13 11 140.0 70.0
8 7 87.0 80.0
9 6 31.0 177.0
13 4 138.0 1.0
13 2 196.0 121.0
3 14 6.0 92.0
4 12 63.0 5.0
5 13 148.0 2.0
3 2 35.0 88.0
13 6 112.0 74.0
7 1 19.0 143.0
7 12 29.0 157.0
14 11 106.0 25.0
5 11 132.0 112.0
12 8 114.0 147.0
14 5 85.0 14.0
13 7 186.0 121.0
13 3 85.0 98.0
13 12 124.0 56.0
14 13 169.0 105.0
1 2 29.0 75.0
5 9 52.0 161.0
11 12 7.0 118.0
5 2 88.0 93.0
9 10 162.0 26.0
12 6 17.0 48.0
4 14 158.0 141.0
14 9 18.0 80.0
0
