10 45 4 7 6630
8 3 182.0 193.0
2 1 45.0 183.0
3 2 47.0 210.0
9 2 184.0 140.0
10 8 5.0 260.0
10 6 269.0 86.0
9 6 71.0 50.0
4 1 167.0 227.0
5 2 157.0 101.0
2 6 135.0 202.0
7 5 296.0 234.0
3 5 114.0 180.0
3 1 291.0 171.0
9 1 56.0 12.0
6 5 285.0 179.0
7 8 120.0 152.0
9 7 1.0 277.0
2 10 129.0 188.0
7 1 80.0 125.0
1 6 292.0 247.0
3 7 228.0 35.0
9 10 273.0 284.0
6 3 159.0 258.0
3 4 2.0 279.0
10 7 212.0 3.0
8 5 282.0 93.0
8 1 17.0 62.0
10 1 225.0 61.0
4 6 8.0 153.0
10 3 212.0 34.0
4 7 127.0 123.0
8 4 128.0 130.0
2 7 49.0 92.0
8 6 248.0 31.0
10 4 183.0 17.0
3 9 87.0 160.0
9 8 277.0 147.0
9 4 60.0 189.0
10 5 185.0 240.0
7 6 28.0 66.0
5 9 137.0 77.0
2 4 55.0 137.0
1 5 213.0 290.0
8 2 16.0 52.0
5 4 224.0 45.0
0