11 55 7 11 3033
9 7 39.0 127.0
6 9 73.0 175.0
3 7 195.0 37.0
9 2 174.0 3.0
10 9 75.0 104.0
11 7 190.0 89.0
1 5 71.0 91.0
2 11 92.0 63.0
6 4 98.0 131.0
2 3 91.0 171.0
9 8 59.0 38.0
2 6 32.0 34.0
6 5 9.0 107.0
4 5 80.0 199.0
3 10 2.0 151.0
7 4 41.0 94.0
6 10 70.0 91.0
3 1 149.0 114.0
2 5 108.0 8.0
11 10 29.0 140.0
2 4 79.0 38.0
9 1 51.0 111.0
6 1 94.0 5.0
5 9 138.0 87.0
5 8 162.0 8.0
7 2 24.0 63.0
10 1 125.0 84.0
8 3 55.0 154.0
8 4 76.0 134.0
4 11 118.0 79.0
11 6 40.0 165.0
7 1 13.0 130.0
11 5 184.0 127.0
6 8 144.0 8.0
8 1 137.0 69.0
11 3 149.0 192.0
9 3 7.0 25.0
3 6 135.0 78.0
1 11 124.0 127.0
8 2 134.0 137.0
7 5 66.0 118.0
9 4 174.0 11.0
7 8 145.0 112.0
2 10 33.0 95.0
3 5 58.0 193.0
8 11 117.0 193.0
5 10 113.0 41.0
10 7 80.0 48.0
10 8 154.0 146.0
2 1 121.0 129.0
1 4 54.0 19.0
9 11 184.0 40.0
10 4 115.0 43.0
7 6 170.0 33.0
4 3 40.0 83.0
0
