18 153 2 17 24759
1 16 167.0 179.0
9 18 87.0 61.0
10 12 134.0 57.0
6 5 95.0 38.0
4 3 67.0 140.0
2 11 24.0 144.0
5 8 154.0 197.0
2 1 99.0 73.0
15 13 78.0 67.0
10 11 175.0 165.0
3 7 185.0 61.0
9 8 157.0 80.0
8 3 39.0 176.0
2 7 12.0 63.0
3 9 7.0 167.0
10 13 153.0 107.0
5 2 66.0 31.0
15 11 34.0 193.0
10 1 50.0 19.0
2 6 129.0 7.0
6 16 40.0 168.0
11 4 18.0 52.0
13 4 31.0 25.0
2 8 65.0 184.0
15 12 169.0 83.0
2 10 85.0 155.0
4 10 189.0 135.0
15 7 106.0 118.0
2 13 85.0 146.0
16 9 17.0 103.0
13 12 38.0 48.0
1 7 128.0 55.0
2 3 66.0 97.0
7 4 51.0 151.0
4 9 110.0 40.0
4 8 162.0 168.0
7 13 169.0 199.0
3 5 138.0 187.0
17 18 101.0 176.0
9 10 75.0 29.0
11 7 89.0 142.0
18 4 62.0 92.0
12 1 16.0 124.0
5 11 142.0 130.0
5 9 23.0 64.0
14 4 73.0 161.0
1 3 66.0 174.0
7 5 43.0 94.0
17 7 165.0 133.0
10 16 117.0 180.0
9 2 56.0 86.0
6 4 155.0 199.0
3 14 187.0 178.0
15 9 112.0 60.0
4 5 151.0 131.0
12 2 177.0 147.0
1 8 198.0 95.0
16 14 119.0 68.0
1 11 176.0 176.0
11 3 77.0 132.0
6 9 64.0 64.0
1 9 32.0 176.0
1 6 159.0 136.0
3 10 49.0 88.0
14 1 124.0 0.0
17 1 38.0 44.0
13 1 48.0 166.0
18 11 193.0 125.0
6 8 67.0 9.0
10 6 187.0 52.0
12 11 81.0 146.0
7 8 90.0 83.0
15 2 28.0 14.0
4 2 125.0 18.0
7 9 33.0 125.0
6 18 52.0 178.0
2 14 116.0 72.0
4 1 122.0 103.0
5 12 191.0 155.0
6 7 5.0 81.0
11 6 24.0 34.0
18 1 192.0 101.0
3 13 81.0 178.0
16 2 127.0 133.0
1 15 21.0 43.0
6 12 1.0 95.0
4 12 134.0 192.0
8 18 162.0 92.0
8 10 83.0 139.0
11 8 24.0 75.0
16 18 1.0 105.0
13 6 58.0 128.0
16 3 133.0 31.0
18 5 120.0 87.0
3 15 169.0 7.0
10 7 130.0 84.0
17 2 11.0 165.0
5 13 35.0 35.0
17 11 8.0 36.0
18 14 183.0 18.0
7 12 14.0 68.0
12 18 7.0 134.0
15 4 196.0 129.0
7 14 121.0 78.0
15 5 155.0 85.0
6 17 81.0 190.0
16 5 0.0 89.0
9 14 40.0 135.0
5 14 139.0 54.0
12 8 2.0 147.0
3 17 179.0 198.0
13 8 133.0 52.0
9 11 106.0 88.0
9 13 127.0 188.0
2 18 10.0 79.0
16 13 149.0 50.0
18 3 32.0 89.0
8 14 184.0 34.0
18 7 161.0 115.0
6 15 83.0 46.0
7 16 19.0 142.0
11 13 79.0 98.0
17 8 152.0 89.0
10 15 113.0 54.0
9 12 51.0 97.0
8 15 3.0 187.0
13 18 81.0 116.0
8 16 32.0 116.0
17 9 166.0 4.0
11 16 156.0 197.0
17 12 175.0 108.0
10 14 184.0 40.0
14 17 44.0 35.0
15 14 90.0 199.0
18 10 52.0 123.0
6 3 30.0 37.0
14 13 95.0 148.0
17 15 31.0 51.0
17 16 67.0 159.0
10 17 187.0 51.0
5 17 159.0 184.0
5 1 90.0 2.0
18 15 32.0 143.0
12 14 120.0 14.0
15 16 172.0 15.0
12 3 196.0 156.0
16 4 107.0 16.0
13 17 4.0 47.0
5 10 71.0 115.0
4 17 169.0 161.0
12 16 112.0 2.0
14 11 113.0 184.0
14 6 143.0 38.0
0
