17 136 11 16 5103
3 12 185.0 77.0
13 17 146.0 131.0
8 1 110.0 189.0
15 9 61.0 62.0
16 13 198.0 95.0
17 8 73.0 76.0
14 15 142.0 154.0
13 3 68.0 171.0
5 15 191.0 5.0
14 11 56.0 89.0
3 7 58.0 118.0
7 17 136.0 71.0
7 2 85.0 134.0
10 5 115.0 110.0
2 13 118.0 58.0
6 4 177.0 138.0
3 4 8.0 168.0
6 15 120.0 16.0
13 9 13.0 179.0
17 14 69.0 101.0
17 12 26.0 106.0
8 3 15.0 142.0
2 5 111.0 85.0
9 2 115.0 88.0
11 1 53.0 76.0
2 4 106.0 174.0
1 4 198.0 71.0
15 13 124.0 19.0
7 9 60.0 103.0
15 2 33.0 75.0
5 3 82.0 96.0
2 6 109.0 198.0
10 7 12.0 163.0
2 16 49.0 70.0
17 5 101.0 47.0
8 4 130.0 178.0
3 6 192.0 190.0
15 4 27.0 177.0
17 1 170.0 109.0
11 7 3.0 79.0
4 11 52.0 167.0
9 12 77.0 101.0
7 1 54.0 131.0
4 13 113.0 136.0
9 1 68.0 57.0
5 1 179.0 95.0
1 12 116.0 101.0
10 11 197.0 71.0
5 11 162.0 1.0
14 2 167.0 192.0
5 4 124.0 173.0
3 1 174.0 189.0
7 5 36.0 194.0
10 1 91.0 15.0
6 5 61.0 159.0
4 10 80.0 11.0
10 2 57.0 42.0
5 8 175.0 25.0
12 6 141.0 51.0
12 2 48.0 67.0
6 7 22.0 84.0
7 4 148.0 113.0
11 9 73.0 161.0
7 12 133.0 153.0
13 7 4.0 191.0
15 1 92.0 180.0
11 3 26.0 185.0
1 6 62.0 26.0
9 3 169.0 85.0
14 1 187.0 117.0
9 4 183.0 61.0
8 7 140.0 69.0
8 6 97.0 144.0
13 1 194.0 141.0
4 12 84.0 173.0
6 13 198.0 98.0
6 9 81.0 119.0
4 14 13.0 21.0
14 6 21.0 149.0
13 5 163.0 161.0
12 5 58.0 60.0
8 10 194.0 52.0
9 10 163.0 30.0
9 5 143.0 113.0
14 3 54.0 177.0
10 3 38.0 68.0
15 11 80.0 12.0
15 7 169.0 43.0
15 8 118.0 27.0
14 5 88.0 64.0
17 2 90.0 3.0
14 10 144.0 33.0
11 6 72.0 199.0
3 15 192.0 110.0
6 10 79.0 25.0
8 12 31.0 48.0
1 16 36.0 101.0
16 4 171.0 124.0
17 3 93.0 61.0
7 14 47.0 37.0
8 14 122.0 119.0
8 2 147.0 114.0
13 12 104.0 26.0
6 16 140.0 88.0
11 8 64.0 176.0
16 7 24.0 35.0
9 14 80.0 117.0
8 9 105.0 79.0
16 9 103.0 179.0
16 3 189.0 50.0
5 16 49.0 46.0
12 11 157.0 141.0
2 11 87.0 21.0
15 10 55.0 63.0
17 9 153.0 87.0
17 10 135.0 11.0
12 14 51.0 190.0
16 8 174.0 192.0
16 14 173.0 23.0
13 10 104.0 82.0
13 14 158.0 143.0
17 15 169.0 13.0
17 16 131.0 75.0
17 11 138.0 19.0
4 17 113.0 189.0
16 11 72.0 87.0
16 10 0.0 198.0
2 1 14.0 56.0
12 16 0.0 172.0
16 15 49.0 121.0
15 12 107.0 133.0
3 2 159.0 45.0
6 17 68.0 72.0
10 12 195.0 92.0
8 13 153.0 148.0
11 13 11.0 167.0
0
