15 105 14 2 27186
14 9 7.0 74.0
14 5 28.0 26.0
3 4 168.0 11.0
2 11 173.0 63.0
14 12 108.0 93.0
4 9 151.0 289.0
7 11 152.0 215.0
8 13 132.0 108.0
6 3 295.0 191.0
14 8 293.0 23.0
4 12 64.0 161.0
14 7 267.0 289.0
3 8 73.0 75.0
1 12 13.0 224.0
7 13 275.0 217.0
10 11 217.0 159.0
6 7 183.0 212.0
6 4 218.0 176.0
7 8 20.0 34.0
7 1 90.0 39.0
8 2 254.0 163.0
13 14 176.0 19.0
3 5 101.0 151.0
15 4 26.0 18.0
10 14 134.0 210.0
2 4 149.0 105.0
8 1 294.0 221.0
13 6 176.0 84.0
1 9 161.0 131.0
10 1 120.0 37.0
1 6 258.0 273.0
4 8 169.0 284.0
2 6 298.0 56.0
11 4 13.0 147.0
7 2 175.0 59.0
7 9 12.0 52.0
9 11 283.0 173.0
10 8 133.0 155.0
15 10 10.0 91.0
9 8 148.0 179.0
7 3 263.0 198.0
13 1 109.0 276.0
2 13 0.0 36.0
5 4 126.0 12.0
7 5 17.0 161.0
5 1 205.0 150.0
5 6 71.0 215.0
1 4 298.0 271.0
15 5 87.0 261.0
12 5 185.0 248.0
2 15 59.0 237.0
6 10 252.0 185.0
11 3 189.0 21.0
4 7 65.0 94.0
5 8 37.0 188.0
12 2 43.0 87.0
9 5 295.0 130.0
6 8 115.0 180.0
11 13 292.0 174.0
12 3 108.0 296.0
10 2 129.0 297.0
2 9 158.0 194.0
3 10 62.0 247.0
11 1 23.0 106.0
2 3 174.0 18.0
15 11 286.0 41.0
15 13 289.0 278.0
11 12 91.0 97.0
7 12 90.0 220.0
5 11 195.0 248.0
11 8 244.0 257.0
1 14 169.0 267.0
15 8 275.0 95.0
6 9 158.0 261.0
3 13 233.0 147.0
1 15 166.0 76.0
6 11 184.0 256.0
12 6 114.0 79.0
14 4 236.0 110.0
9 3 60.0 157.0
10 7 207.0 35.0
14 2 243.0 117.0
3 14 108.0 228.0
14 6 208.0 274.0
10 9 218.0 92.0
15 7 89.0 84.0
12 15 267.0 78.0
6 15 244.0 79.0
9 12 28.0 151.0
4 13 253.0 24.0
3 15 51.0 62.0
5 10 115.0 259.0
1 2 153.0 33.0
9 15 37.0 295.0
11 14 140.0 57.0
12 10 248.0 84.0
5 13 217.0 29.0
5 2 45.0 223.0
13 9 171.0 148.0
3 1 92.0 286.0
4 10 288.0 298.0
13 10 57.0 78.0
13 12 126.0 250.0
15 14 26.0 75.0
12 8 134.0 244.0
0