12 66 8 11 14559
5 2 134.0 154.0
1 7 177.0 226.0
11 9 75.0 247.0
1 2 111.0 234.0
9 5 64.0 19.0
9 3 262.0 17.0
5 10 215.0 73.0
10 7 85.0 233.0
3 5 263.0 271.0
2 6 203.0 192.0
6 9 238.0 278.0
10 2 270.0 101.0
6 1 113.0 86.0
7 12 179.0 128.0
9 10 69.0 94.0
4 5 175.0 206.0
3 10 248.0 190.0
8 12 268.0 203.0
8 3 20.0 206.0
8 9 184.0 42.0
1 9 235.0 298.0
8 7 127.0 166.0
8 1 199.0 196.0
8 11 61.0 74.0
1 5 211.0 9.0
4 10 74.0 231.0
4 11 98.0 95.0
11 10 130.0 282.0
7 9 1.0 117.0
3 12 290.0 181.0
12 6 190.0 241.0
4 6 68.0 4.0
10 1 235.0 31.0
3 11 177.0 9.0
4 1 154.0 275.0
11 1 116.0 37.0
7 3 253.0 169.0
4 3 41.0 243.0
8 2 164.0 284.0
2 4 86.0 232.0
12 1 84.0 21.0
2 12 182.0 13.0
3 6 89.0 88.0
4 7 93.0 205.0
2 7 78.0 46.0
10 6 57.0 119.0
8 5 32.0 273.0
7 6 249.0 119.0
5 6 250.0 33.0
9 4 19.0 132.0
4 8 138.0 108.0
7 5 182.0 284.0
10 8 70.0 260.0
5 12 153.0 128.0
12 10 182.0 186.0
12 11 31.0 131.0
2 3 29.0 281.0
9 2 102.0 48.0
12 4 288.0 293.0
5 11 115.0 170.0
1 3 235.0 186.0
2 11 52.0 141.0
11 7 30.0 235.0
11 6 189.0 62.0
8 6 50.0 218.0
9 12 151.0 152.0
0