10 45 4 7 8859
9 2 146.0 56.0
2 6 47.0 127.0
10 9 35.0 94.0
7 10 108.0 49.0
8 5 17.0 80.0
4 8 13.0 28.0
2 3 107.0 53.0
4 9 12.0 76.0
1 3 33.0 158.0
3 5 86.0 80.0
6 7 181.0 74.0
7 4 125.0 41.0
1 6 131.0 94.0
2 4 186.0 96.0
3 4 189.0 93.0
1 10 102.0 153.0
7 1 30.0 135.0
1 8 5.0 69.0
7 2 51.0 138.0
6 3 6.0 129.0
8 2 159.0 89.0
9 8 116.0 145.0
3 8 61.0 57.0
7 3 164.0 115.0
2 5 173.0 195.0
10 5 14.0 130.0
1 9 25.0 66.0
4 5 158.0 31.0
5 1 21.0 118.0
1 4 49.0 137.0
10 2 13.0 62.0
7 8 29.0 178.0
9 3 100.0 154.0
5 7 100.0 114.0
10 4 9.0 77.0
6 8 2.0 167.0
4 6 143.0 23.0
6 9 3.0 144.0
7 9 62.0 168.0
1 2 66.0 43.0
6 5 116.0 118.0
10 6 193.0 168.0
5 9 149.0 2.0
8 10 40.0 151.0
3 10 108.0 136.0
0
