13 78 1 10 18469
8 7 111.0 294.0
5 3 231.0 30.0
9 12 255.0 106.0
4 1 267.0 0.0
8 6 94.0 207.0
8 13 248.0 237.0
7 3 14.0 78.0
6 2 122.0 43.0
8 2 265.0 233.0
6 11 131.0 196.0
9 6 22.0 138.0
6 3 224.0 41.0
5 10 80.0 18.0
9 1 194.0 28.0
1 7 178.0 261.0
8 11 249.0 52.0
1 13 118.0 214.0
12 10 185.0 1.0
2 4 39.0 259.0
1 5 68.0 15.0
3 2 218.0 148.0
13 12 9.0 165.0
5 13 204.0 239.0
12 5 27.0 205.0
5 4 31.0 145.0
5 6 199.0 268.0
10 6 69.0 238.0
12 11 32.0 190.0
2 9 182.0 2.0
6 4 107.0 243.0
10 1 227.0 64.0
13 2 9.0 254.0
10 2 123.0 40.0
7 5 90.0 74.0
4 12 20.0 211.0
9 8 159.0 52.0
5 2 263.0 41.0
10 4 19.0 123.0
10 3 198.0 247.0
4 7 297.0 207.0
7 2 208.0 172.0
9 3 49.0 50.0
10 8 79.0 69.0
8 3 111.0 238.0
10 9 254.0 127.0
4 9 287.0 273.0
11 1 293.0 186.0
12 1 135.0 43.0
11 13 206.0 44.0
12 2 224.0 256.0
8 5 28.0 56.0
9 5 283.0 139.0
3 4 94.0 289.0
11 9 105.0 133.0
8 1 265.0 151.0
6 7 62.0 152.0
2 1 127.0 269.0
4 8 203.0 104.0
3 11 109.0 231.0
8 12 284.0 144.0
12 3 110.0 130.0
13 3 135.0 215.0
13 4 252.0 152.0
7 9 226.0 15.0
12 6 48.0 53.0
7 13 119.0 3.0
13 6 276.0 229.0
9 13 3.0 12.0
7 12 107.0 113.0
11 10 246.0 294.0
10 13 212.0 251.0
2 11 207.0 138.0
11 5 119.0 255.0
11 4 222.0 238.0
10 7 160.0 250.0
1 3 252.0 215.0
6 1 17.0 59.0
7 11 9.0 15.0
0