13 78 1 10 1366
7 8 115.0 82.0
11 3 3.0 35.0
2 12 140.0 163.0
2 10 86.0 91.0
3 7 104.0 18.0
11 9 95.0 6.0
4 7 185.0 69.0
7 2 71.0 49.0
9 7 25.0 138.0
12 11 89.0 29.0
10 3 8.0 182.0
12 4 159.0 94.0
10 12 36.0 63.0
2 5 21.0 131.0
4 2 58.0 6.0
2 6 196.0 82.0
5 8 35.0 22.0
3 5 114.0 76.0
10 11 4.0 74.0
3 4 113.0 163.0
8 12 100.0 150.0
9 8 189.0 121.0
4 1 20.0 0.0
9 1 122.0 16.0
5 6 0.0 109.0
13 8 140.0 66.0
1 7 128.0 144.0
4 8 196.0 42.0
6 3 192.0 97.0
2 3 67.0 133.0
4 9 34.0 87.0
4 10 174.0 108.0
1 8 88.0 174.0
1 5 0.0 28.0
7 12 98.0 129.0
8 11 176.0 94.0
8 3 196.0 120.0
1 6 164.0 16.0
7 6 10.0 198.0
10 1 6.0 184.0
3 9 185.0 94.0
9 5 37.0 185.0
11 7 88.0 135.0
6 4 56.0 16.0
11 1 191.0 5.0
2 11 185.0 156.0
12 1 36.0 195.0
13 2 194.0 42.0
6 8 195.0 179.0
7 5 66.0 184.0
4 5 173.0 154.0
1 13 131.0 181.0
11 6 105.0 75.0
9 6 36.0 90.0
5 12 55.0 24.0
10 9 109.0 49.0
9 2 20.0 56.0
6 10 81.0 86.0
7 10 118.0 54.0
11 5 127.0 50.0
9 12 86.0 185.0
11 4 197.0 74.0
3 12 131.0 4.0
13 9 22.0 192.0
12 6 133.0 42.0
6 13 153.0 14.0
7 13 142.0 72.0
5 13 87.0 21.0
13 4 59.0 125.0
1 2 147.0 8.0
11 13 13.0 31.0
3 1 6.0 35.0
2 8 113.0 91.0
12 13 185.0 66.0
5 10 87.0 127.0
3 13 163.0 175.0
8 10 189.0 174.0
10 13 149.0 88.0
0
