14 91 2 5 2265
14 2 134.0 17.0
9 14 252.0 283.0
10 8 13.0 289.0
3 10 40.0 68.0
10 12 96.0 42.0
1 2 29.0 91.0
3 5 212.0 67.0
13 1 37.0 122.0
14 4 298.0 171.0
1 12 83.0 2.0
5 12 114.0 96.0
5 7 8.0 154.0
3 2 6.0 156.0
1 4 14.0 35.0
6 12 46.0 226.0
12 2 225.0 83.0
3 14 61.0 223.0
11 4 20.0 196.0
13 12 244.0 186.0
1 5 291.0 252.0
1 9 170.0 297.0
13 7 279.0 184.0
6 1 131.0 77.0
3 6 8.0 56.0
5 10 134.0 121.0
11 1 80.0 154.0
7 2 24.0 76.0
3 8 276.0 67.0
2 5 49.0 147.0
10 1 88.0 81.0
11 3 262.0 219.0
6 2 291.0 23.0
4 5 222.0 125.0
2 4 277.0 2.0
8 2 59.0 54.0
13 6 101.0 36.0
11 14 35.0 203.0
10 2 17.0 123.0
11 10 18.0 279.0
9 11 37.0 9.0
10 14 61.0 259.0
6 5 290.0 91.0
4 10 5.0 101.0
1 7 152.0 158.0
3 7 143.0 239.0
14 1 96.0 160.0
7 10 188.0 114.0
7 14 93.0 225.0
13 2 177.0 206.0
14 12 96.0 219.0
9 2 161.0 153.0
8 4 34.0 65.0
8 7 78.0 177.0
8 6 186.0 226.0
6 9 175.0 74.0
7 11 278.0 20.0
9 4 292.0 207.0
11 5 170.0 88.0
14 6 161.0 31.0
11 8 181.0 195.0
5 14 78.0 260.0
9 3 143.0 264.0
3 12 247.0 18.0
9 5 131.0 277.0
10 6 97.0 175.0
8 1 14.0 267.0
4 7 261.0 227.0
8 9 106.0 194.0
13 4 162.0 184.0
8 5 176.0 6.0
13 8 81.0 175.0
7 9 236.0 264.0
6 11 205.0 33.0
10 9 112.0 271.0
6 4 55.0 125.0
7 6 74.0 161.0
8 14 175.0 236.0
9 12 236.0 51.0
2 11 238.0 17.0
3 4 220.0 174.0
13 3 29.0 177.0
7 12 167.0 193.0
5 13 225.0 274.0
13 14 171.0 299.0
10 13 283.0 46.0
11 12 1.0 219.0
4 12 206.0 239.0
13 11 195.0 178.0
9 13 136.0 276.0
12 8 107.0 55.0
3 1 132.0 84.0
0