18 153 2 17 25543
13 16 38.0 186.0
5 7 151.0 99.0
4 8 68.0 6.0
2 5 12.0 133.0
13 14 86.0 196.0
17 3 21.0 181.0
15 10 199.0 168.0
15 3 110.0 145.0
17 2 138.0 148.0
7 12 171.0 89.0
1 10 128.0 39.0
3 6 168.0 140.0
6 1 71.0 54.0
6 8 113.0 93.0
15 2 167.0 112.0
2 6 55.0 77.0
8 17 21.0 193.0
10 11 30.0 192.0
2 14 77.0 158.0
7 9 67.0 45.0
4 6 62.0 91.0
1 17 84.0 128.0
18 3 44.0 51.0
9 2 95.0 100.0
16 10 188.0 68.0
3 5 161.0 170.0
16 3 55.0 38.0
12 18 70.0 123.0
11 9 76.0 85.0
7 4 3.0 161.0
4 11 7.0 47.0
10 14 8.0 54.0
6 7 25.0 149.0
9 6 130.0 138.0
1 7 179.0 185.0
5 1 51.0 49.0
13 7 80.0 127.0
8 11 105.0 83.0
4 2 154.0 64.0
15 4 127.0 163.0
1 9 176.0 104.0
14 16 183.0 58.0
1 12 88.0 162.0
8 3 34.0 139.0
7 2 150.0 115.0
12 9 64.0 7.0
10 6 64.0 19.0
9 5 184.0 143.0
13 11 181.0 112.0
1 4 119.0 165.0
12 8 173.0 7.0
6 5 94.0 8.0
1 8 25.0 196.0
3 10 59.0 42.0
1 18 17.0 75.0
4 9 97.0 1.0
17 4 165.0 78.0
2 10 0.0 84.0
18 15 118.0 126.0
10 5 109.0 164.0
8 7 186.0 86.0
10 13 142.0 197.0
2 11 192.0 159.0
16 7 13.0 89.0
8 9 12.0 179.0
18 6 190.0 164.0
2 1 2.0 109.0
15 12 137.0 63.0
3 9 101.0 76.0
7 3 76.0 43.0
15 7 141.0 68.0
12 3 43.0 154.0
4 5 145.0 7.0
10 9 160.0 136.0
12 2 39.0 115.0
5 11 8.0 128.0
7 10 111.0 110.0
5 8 80.0 139.0
13 12 126.0 21.0
2 16 99.0 122.0
4 12 114.0 197.0
14 1 116.0 74.0
17 12 104.0 107.0
1 13 0.0 65.0
2 13 126.0 63.0
11 7 140.0 158.0
14 3 31.0 19.0
17 10 119.0 83.0
12 5 124.0 33.0
12 11 199.0 40.0
8 2 121.0 55.0
11 6 30.0 122.0
14 4 80.0 156.0
14 5 102.0 20.0
12 10 56.0 133.0
17 7 3.0 175.0
5 16 165.0 127.0
6 12 174.0 116.0
13 17 104.0 48.0
5 17 140.0 135.0
11 3 199.0 20.0
8 10 59.0 53.0
11 16 116.0 115.0
11 1 108.0 71.0
17 9 129.0 73.0
2 3 39.0 55.0
15 16 6.0 144.0
14 12 189.0 98.0
4 16 88.0 188.0
5 13 199.0 148.0
7 14 88.0 67.0
15 5 62.0 196.0
16 6 111.0 143.0
15 6 78.0 150.0
1 15 184.0 36.0
13 6 56.0 173.0
13 9 172.0 144.0
1 16 88.0 123.0
14 6 14.0 129.0
4 18 171.0 29.0
8 14 15.0 82.0
6 17 130.0 93.0
4 10 61.0 66.0
18 7 174.0 69.0
5 18 12.0 99.0
18 2 166.0 100.0
16 9 47.0 180.0
16 12 158.0 19.0
11 14 57.0 174.0
15 9 22.0 187.0
11 15 118.0 83.0
18 8 149.0 45.0
17 11 175.0 161.0
8 13 84.0 141.0
10 18 102.0 131.0
9 18 169.0 12.0
15 8 194.0 27.0
17 16 59.0 16.0
15 14 168.0 178.0
16 18 73.0 69.0
17 15 37.0 0.0
18 14 191.0 121.0
17 18 3.0 45.0
14 17 63.0 125.0
13 3 106.0 58.0
15 13 194.0 165.0
11 18 33.0 115.0
16 8 141.0 58.0
18 13 115.0 179.0
4 13 73.0 106.0
3 1 165.0 76.0
3 4 60.0 28.0
9 14 80.0 118.0
0
