13 78 1 10 15787
4 12 266.0 51.0
1 5 111.0 14.0
6 13 150.0 272.0
7 3 218.0 118.0
4 13 255.0 81.0
11 1 128.0 215.0
12 6 215.0 194.0
2 6 141.0 122.0
3 5 264.0 160.0
5 6 232.0 127.0
8 3 270.0 82.0
2 5 129.0 188.0
6 1 164.0 137.0
2 10 277.0 292.0
7 1 202.0 192.0
2 12 152.0 95.0
12 13 232.0 116.0
8 2 104.0 216.0
6 8 237.0 74.0
4 2 114.0 66.0
5 4 163.0 278.0
13 1 146.0 192.0
7 4 271.0 48.0
10 5 247.0 123.0
4 3 33.0 179.0
8 1 80.0 137.0
2 7 199.0 17.0
13 8 12.0 13.0
13 11 99.0 228.0
11 2 79.0 245.0
12 1 212.0 50.0
4 10 91.0 159.0
10 7 204.0 176.0
1 2 188.0 284.0
8 7 57.0 87.0
1 4 281.0 70.0
3 6 14.0 132.0
2 9 231.0 93.0
9 4 167.0 143.0
9 8 39.0 10.0
10 1 188.0 295.0
8 4 33.0 76.0
5 9 28.0 90.0
3 1 265.0 9.0
5 7 185.0 280.0
8 11 2.0 116.0
10 8 195.0 169.0
4 11 69.0 287.0
6 7 71.0 257.0
3 11 100.0 104.0
3 9 71.0 128.0
12 8 121.0 36.0
5 11 211.0 6.0
11 10 267.0 213.0
3 12 6.0 215.0
10 3 184.0 75.0
9 12 199.0 255.0
10 6 276.0 299.0
11 6 217.0 47.0
9 6 258.0 38.0
2 13 202.0 169.0
7 12 211.0 222.0
10 9 35.0 269.0
12 11 275.0 272.0
12 5 155.0 174.0
11 9 149.0 131.0
5 13 280.0 118.0
8 5 75.0 290.0
7 13 29.0 278.0
10 13 68.0 240.0
1 9 180.0 155.0
10 12 290.0 155.0
7 11 250.0 145.0
9 13 270.0 99.0
3 13 78.0 250.0
6 4 183.0 154.0
3 2 2.0 212.0
7 9 225.0 122.0
0