12 66 8 11 7756
2 5 51.0 188.0
11 5 167.0 85.0
4 12 63.0 34.0
9 12 77.0 123.0
12 10 151.0 197.0
7 11 50.0 56.0
9 7 36.0 120.0
12 1 148.0 27.0
5 4 111.0 0.0
12 6 167.0 30.0
10 9 29.0 30.0
1 10 155.0 58.0
8 1 1.0 58.0
3 11 42.0 52.0
5 1 48.0 30.0
4 3 61.0 196.0
3 1 179.0 172.0
7 3 59.0 146.0
7 10 14.0 40.0
7 12 101.0 121.0
7 2 61.0 103.0
2 8 118.0 103.0
9 1 24.0 166.0
4 2 70.0 85.0
8 6 97.0 49.0
6 2 29.0 108.0
1 7 63.0 196.0
12 2 162.0 165.0
6 1 46.0 23.0
4 7 6.0 164.0
10 2 57.0 30.0
5 3 60.0 127.0
8 3 87.0 109.0
6 4 58.0 117.0
11 1 173.0 121.0
7 6 31.0 135.0
2 9 33.0 30.0
5 6 1.0 40.0
8 4 178.0 10.0
9 4 166.0 190.0
10 4 0.0 6.0
10 3 89.0 58.0
1 4 122.0 62.0
11 2 124.0 106.0
5 8 146.0 158.0
9 3 63.0 99.0
10 5 14.0 193.0
8 7 123.0 133.0
11 6 54.0 123.0
6 9 106.0 96.0
12 5 130.0 28.0
9 5 169.0 7.0
3 6 9.0 68.0
8 12 39.0 72.0
3 12 133.0 54.0
11 8 188.0 56.0
11 4 44.0 194.0
12 11 177.0 150.0
1 2 13.0 107.0
10 11 191.0 135.0
10 8 98.0 0.0
8 9 104.0 138.0
2 3 196.0 37.0
9 11 161.0 136.0
10 6 90.0 157.0
7 5 78.0 67.0
0
