17 136 11 16 26897
13 16 172.0 40.0
11 1 22.0 3.0
7 14 164.0 175.0
2 17 27.0 45.0
10 15 103.0 104.0
14 5 13.0 173.0
9 16 119.0 163.0
2 3 72.0 190.0
2 8 132.0 44.0
8 7 156.0 154.0
11 3 19.0 121.0
10 1 136.0 46.0
6 7 50.0 192.0
2 11 4.0 15.0
1 7 185.0 123.0
1 17 163.0 57.0
15 11 7.0 95.0
1 13 128.0 115.0
15 17 163.0 147.0
17 10 63.0 100.0
1 6 164.0 113.0
8 1 115.0 168.0
15 9 68.0 100.0
16 5 6.0 183.0
16 1 168.0 165.0
13 10 113.0 96.0
6 2 175.0 76.0
13 5 86.0 38.0
12 10 134.0 2.0
1 9 43.0 49.0
9 4 171.0 111.0
8 9 174.0 129.0
9 3 107.0 142.0
4 11 148.0 20.0
14 9 177.0 123.0
7 4 101.0 15.0
6 10 1.0 35.0
9 5 154.0 196.0
8 5 150.0 126.0
4 8 181.0 77.0
2 14 181.0 88.0
7 9 149.0 129.0
6 3 190.0 78.0
3 5 136.0 91.0
3 4 4.0 89.0
8 17 55.0 159.0
12 8 51.0 157.0
6 14 50.0 32.0
11 16 120.0 183.0
15 8 146.0 70.0
16 3 139.0 88.0
13 3 10.0 27.0
6 16 127.0 167.0
4 2 100.0 134.0
2 10 63.0 103.0
6 4 84.0 114.0
13 12 198.0 4.0
3 17 183.0 97.0
3 15 73.0 122.0
8 11 128.0 36.0
17 11 126.0 55.0
3 10 52.0 26.0
17 9 111.0 115.0
7 2 35.0 195.0
4 5 145.0 185.0
4 15 105.0 128.0
4 16 89.0 130.0
17 5 75.0 170.0
7 5 106.0 1.0
6 5 152.0 158.0
13 9 184.0 63.0
3 1 190.0 171.0
12 9 139.0 135.0
2 9 163.0 44.0
13 4 74.0 4.0
11 5 167.0 102.0
10 11 23.0 25.0
4 12 97.0 175.0
8 3 121.0 33.0
12 3 113.0 64.0
2 12 104.0 53.0
14 12 89.0 19.0
2 13 118.0 115.0
6 11 54.0 85.0
5 2 156.0 77.0
15 2 160.0 54.0
12 1 98.0 34.0
1 15 5.0 11.0
7 13 120.0 109.0
11 7 138.0 9.0
17 12 53.0 8.0
13 15 15.0 59.0
6 9 106.0 172.0
10 5 38.0 19.0
12 5 157.0 88.0
12 7 56.0 114.0
10 9 30.0 177.0
8 10 159.0 121.0
2 16 110.0 12.0
7 15 187.0 125.0
4 14 5.0 45.0
12 6 93.0 195.0
7 10 124.0 2.0
7 3 52.0 181.0
1 14 148.0 35.0
6 15 16.0 107.0
13 8 116.0 78.0
13 6 56.0 55.0
16 7 184.0 13.0
10 4 35.0 29.0
8 14 28.0 111.0
11 9 145.0 81.0
4 1 107.0 93.0
17 7 13.0 75.0
10 14 167.0 82.0
14 11 65.0 175.0
12 15 156.0 2.0
16 8 41.0 143.0
6 17 116.0 22.0
13 17 157.0 62.0
17 4 99.0 64.0
13 14 132.0 112.0
17 16 105.0 51.0
15 16 74.0 122.0
16 10 116.0 182.0
14 17 123.0 110.0
16 12 31.0 40.0
11 13 62.0 188.0
3 14 69.0 161.0
14 15 93.0 1.0
16 14 56.0 150.0
11 12 103.0 82.0
2 1 57.0 172.0
15 5 122.0 180.0
1 5 57.0 105.0
6 8 36.0 71.0
0
