10 45 4 7 7757
7 2 42.0 96.0
2 3 121.0 185.0
6 9 30.0 3.0
3 9 56.0 62.0
3 1 57.0 46.0
4 5 24.0 120.0
7 8 149.0 178.0
1 7 118.0 81.0
1 8 1.0 160.0
10 6 136.0 123.0
4 9 198.0 166.0
9 2 129.0 54.0
6 1 156.0 186.0
10 9 7.0 132.0
9 1 178.0 108.0
6 4 39.0 96.0
3 5 177.0 40.0
3 4 129.0 114.0
6 3 94.0 79.0
8 2 19.0 23.0
2 6 57.0 175.0
7 3 168.0 16.0
1 5 149.0 98.0
4 7 79.0 188.0
5 2 59.0 9.0
8 3 194.0 140.0
8 10 73.0 88.0
10 1 195.0 92.0
7 10 196.0 5.0
10 2 50.0 116.0
10 3 59.0 199.0
4 2 18.0 91.0
4 1 121.0 78.0
9 5 82.0 115.0
7 5 47.0 107.0
5 8 195.0 42.0
10 4 50.0 143.0
5 6 167.0 52.0
2 1 43.0 178.0
5 10 17.0 61.0
7 6 48.0 138.0
8 4 100.0 83.0
8 9 84.0 147.0
6 8 65.0 31.0
7 9 10.0 67.0
0
