12 66 8 11 13313
7 8 29.0 277.0
9 3 92.0 160.0
7 1 286.0 149.0
11 10 180.0 263.0
7 5 24.0 42.0
9 10 155.0 35.0
12 9 77.0 137.0
5 10 106.0 72.0
5 3 168.0 188.0
9 1 293.0 12.0
9 7 262.0 31.0
4 7 145.0 142.0
6 1 182.0 170.0
5 2 141.0 37.0
6 11 82.0 218.0
8 1 196.0 188.0
9 5 197.0 65.0
5 6 136.0 242.0
4 10 166.0 98.0
8 6 277.0 64.0
2 11 167.0 211.0
4 2 260.0 8.0
12 3 191.0 42.0
9 8 165.0 88.0
12 2 236.0 114.0
11 9 78.0 72.0
10 8 152.0 296.0
5 1 249.0 129.0
6 4 41.0 116.0
7 3 73.0 54.0
4 3 227.0 264.0
3 8 191.0 144.0
2 7 96.0 127.0
2 8 147.0 226.0
10 1 194.0 299.0
10 2 29.0 144.0
6 3 66.0 71.0
9 2 147.0 191.0
4 8 157.0 126.0
6 2 73.0 100.0
1 12 294.0 221.0
1 4 157.0 141.0
8 5 105.0 51.0
9 4 293.0 134.0
9 6 201.0 111.0
5 4 160.0 48.0
6 12 273.0 69.0
10 3 126.0 47.0
11 4 78.0 120.0
1 3 290.0 235.0
6 10 175.0 95.0
10 7 298.0 220.0
12 8 125.0 199.0
2 1 46.0 37.0
12 11 176.0 20.0
3 2 123.0 2.0
12 7 59.0 254.0
12 5 95.0 49.0
11 3 267.0 22.0
11 7 117.0 265.0
7 6 162.0 294.0
1 11 196.0 209.0
11 5 166.0 72.0
4 12 239.0 41.0
10 12 295.0 51.0
8 11 269.0 90.0
0