18 153 2 17 19904
16 14 47.0 74.0
9 5 148.0 89.0
14 13 2.0 72.0
15 9 36.0 86.0
3 15 65.0 49.0
5 11 46.0 44.0
11 13 89.0 43.0
12 2 132.0 121.0
13 12 14.0 179.0
15 1 55.0 163.0
11 4 183.0 57.0
10 5 32.0 171.0
1 9 4.0 97.0
17 18 44.0 50.0
5 4 105.0 134.0
15 2 36.0 37.0
14 17 151.0 51.0
16 3 29.0 6.0
3 4 66.0 164.0
15 16 188.0 98.0
4 8 148.0 192.0
6 17 105.0 192.0
2 7 162.0 10.0
15 8 41.0 199.0
4 1 60.0 144.0
5 3 169.0 42.0
7 17 182.0 187.0
15 13 49.0 122.0
18 9 178.0 197.0
6 11 53.0 83.0
5 18 58.0 15.0
7 15 164.0 99.0
15 6 136.0 24.0
3 17 16.0 57.0
14 8 167.0 151.0
2 16 172.0 168.0
5 7 153.0 103.0
17 5 32.0 6.0
5 8 28.0 91.0
2 4 108.0 192.0
9 10 36.0 197.0
6 9 12.0 4.0
16 18 38.0 179.0
14 15 73.0 163.0
3 6 30.0 178.0
1 7 188.0 14.0
8 3 97.0 17.0
17 10 138.0 158.0
2 3 118.0 174.0
2 8 165.0 130.0
5 6 19.0 155.0
9 11 132.0 44.0
2 9 93.0 114.0
6 1 115.0 33.0
15 17 138.0 13.0
9 16 46.0 28.0
17 9 191.0 116.0
17 16 170.0 108.0
12 11 127.0 141.0
3 12 23.0 59.0
9 3 165.0 68.0
14 2 143.0 81.0
6 2 20.0 81.0
4 7 151.0 66.0
4 6 148.0 94.0
11 2 195.0 70.0
2 5 105.0 74.0
10 2 109.0 128.0
13 9 15.0 74.0
10 3 58.0 159.0
8 13 26.0 30.0
7 11 69.0 177.0
16 11 117.0 169.0
8 7 198.0 64.0
7 3 105.0 103.0
9 4 33.0 14.0
1 14 86.0 1.0
7 9 54.0 96.0
3 11 110.0 80.0
1 8 110.0 132.0
6 8 13.0 180.0
10 11 49.0 11.0
12 5 158.0 155.0
10 7 183.0 144.0
10 4 159.0 21.0
2 1 65.0 165.0
13 18 123.0 176.0
16 1 193.0 34.0
1 11 7.0 6.0
11 8 145.0 56.0
13 10 134.0 104.0
1 12 95.0 69.0
13 3 154.0 54.0
13 6 157.0 171.0
15 4 176.0 33.0
18 10 121.0 170.0
10 1 195.0 128.0
6 10 182.0 93.0
12 7 185.0 68.0
1 13 46.0 80.0
4 18 94.0 152.0
5 14 27.0 51.0
3 14 182.0 4.0
9 8 40.0 103.0
17 8 0.0 36.0
12 6 172.0 134.0
4 13 179.0 157.0
4 14 26.0 177.0
13 5 135.0 120.0
6 7 75.0 162.0
18 1 15.0 58.0
7 14 99.0 56.0
16 4 169.0 99.0
2 18 155.0 141.0
16 13 34.0 86.0
16 10 164.0 60.0
18 3 196.0 51.0
17 2 15.0 72.0
10 12 80.0 31.0
12 9 44.0 179.0
13 7 8.0 165.0
10 14 6.0 163.0
7 18 44.0 40.0
16 6 8.0 160.0
15 11 87.0 4.0
6 14 12.0 103.0
9 14 10.0 93.0
16 5 56.0 54.0
14 11 72.0 16.0
1 17 187.0 78.0
17 4 148.0 183.0
15 12 106.0 156.0
8 12 82.0 194.0
18 8 51.0 47.0
11 18 108.0 13.0
10 8 172.0 116.0
16 7 22.0 44.0
17 11 147.0 9.0
10 15 172.0 47.0
16 12 193.0 78.0
12 18 56.0 28.0
12 4 8.0 60.0
17 13 187.0 68.0
16 8 85.0 159.0
18 15 35.0 108.0
13 2 32.0 134.0
12 17 53.0 4.0
6 18 52.0 47.0
18 14 133.0 108.0
5 1 125.0 93.0
14 12 87.0 112.0
3 1 71.0 173.0
5 15 115.0 58.0
0
