15 105 14 2 14710
2 3 143.0 24.0
5 1 23.0 20.0
6 3 100.0 189.0
7 1 23.0 129.0
1 6 44.0 89.0
10 3 99.0 118.0
12 14 97.0 120.0
13 2 154.0 52.0
11 9 114.0 49.0
2 1 76.0 90.0
11 15 93.0 128.0
3 4 38.0 68.0
13 3 143.0 34.0
12 8 10.0 194.0
4 5 95.0 107.0
3 5 149.0 1.0
2 5 41.0 15.0
8 11 104.0 69.0
1 4 149.0 197.0
8 14 164.0 188.0
8 3 154.0 59.0
11 4 139.0 116.0
12 9 80.0 34.0
2 7 74.0 29.0
11 5 62.0 67.0
8 10 190.0 167.0
10 7 151.0 140.0
9 3 14.0 67.0
2 9 29.0 120.0
2 12 2.0 169.0
10 1 145.0 82.0
14 4 85.0 172.0
15 10 161.0 147.0
4 7 119.0 104.0
6 15 21.0 70.0
5 10 26.0 187.0
8 13 50.0 56.0
9 1 154.0 4.0
11 14 75.0 52.0
2 15 113.0 160.0
1 11 96.0 74.0
9 6 165.0 15.0
5 14 98.0 139.0
4 8 95.0 77.0
2 4 81.0 97.0
11 13 42.0 188.0
7 6 194.0 70.0
10 13 31.0 107.0
6 5 73.0 127.0
10 14 190.0 38.0
12 5 60.0 41.0
9 4 194.0 107.0
9 5 65.0 75.0
15 9 151.0 107.0
11 3 71.0 145.0
2 8 154.0 103.0
6 11 154.0 179.0
6 4 58.0 144.0
10 11 107.0 119.0
6 2 10.0 53.0
4 15 42.0 75.0
8 7 0.0 194.0
3 7 24.0 23.0
4 12 138.0 131.0
15 1 34.0 44.0
14 2 132.0 93.0
10 6 133.0 191.0
11 2 126.0 144.0
6 8 70.0 120.0
10 12 19.0 22.0
6 12 110.0 195.0
9 7 33.0 48.0
15 8 21.0 68.0
13 1 62.0 105.0
3 14 171.0 196.0
4 10 20.0 49.0
2 10 170.0 90.0
3 12 50.0 141.0
1 12 35.0 160.0
7 11 156.0 69.0
13 5 189.0 129.0
14 1 135.0 51.0
9 13 130.0 106.0
8 5 155.0 150.0
13 6 122.0 77.0
7 12 168.0 125.0
3 15 121.0 4.0
7 13 2.0 77.0
7 14 20.0 143.0
14 9 30.0 155.0
6 14 38.0 112.0
15 5 55.0 145.0
15 12 160.0 130.0
8 1 194.0 80.0
12 13 90.0 116.0
11 12 79.0 45.0
15 13 50.0 51.0
14 15 82.0 32.0
1 3 197.0 120.0
13 14 61.0 5.0
7 15 127.0 173.0
8 9 34.0 73.0
9 10 55.0 77.0
7 5 143.0 135.0
4 13 150.0 146.0
0
