11 55 7 11 10351
8 11 246.0 229.0
5 3 101.0 191.0
5 7 267.0 22.0
11 7 222.0 69.0
6 10 188.0 114.0
11 10 240.0 95.0
4 3 252.0 92.0
3 7 267.0 222.0
6 8 19.0 213.0
10 1 125.0 120.0
5 9 10.0 93.0
2 10 201.0 232.0
9 3 228.0 89.0
1 11 236.0 220.0
6 3 135.0 188.0
6 2 170.0 102.0
9 7 113.0 189.0
7 10 106.0 238.0
2 4 243.0 116.0
2 3 117.0 197.0
5 4 102.0 97.0
2 5 146.0 38.0
5 1 182.0 281.0
1 2 260.0 104.0
8 3 125.0 73.0
9 1 12.0 231.0
9 2 249.0 8.0
11 9 295.0 66.0
2 7 271.0 97.0
4 1 16.0 117.0
1 6 7.0 250.0
5 6 187.0 267.0
4 7 207.0 12.0
8 5 107.0 271.0
4 8 243.0 56.0
6 4 232.0 291.0
1 8 75.0 203.0
7 6 142.0 91.0
3 11 207.0 201.0
8 9 298.0 94.0
10 4 169.0 205.0
5 11 250.0 276.0
4 9 197.0 193.0
11 2 100.0 129.0
11 6 105.0 175.0
7 8 78.0 299.0
10 5 10.0 285.0
6 9 83.0 60.0
2 8 196.0 252.0
9 10 155.0 146.0
8 10 76.0 104.0
3 1 105.0 176.0
3 10 173.0 210.0
11 4 284.0 3.0
7 1 231.0 294.0
0