15 105 14 2 19068
14 12 123.0 254.0
3 10 227.0 122.0
2 8 284.0 4.0
9 3 46.0 215.0
9 2 227.0 117.0
9 4 164.0 298.0
9 12 187.0 78.0
5 9 99.0 148.0
6 13 194.0 223.0
14 1 44.0 121.0
15 13 112.0 80.0
7 12 217.0 159.0
5 14 12.0 144.0
9 8 128.0 176.0
11 15 15.0 16.0
15 7 266.0 114.0
6 3 75.0 212.0
15 5 140.0 171.0
3 5 112.0 253.0
15 8 33.0 29.0
13 1 110.0 45.0
1 4 40.0 238.0
10 7 294.0 107.0
13 5 44.0 12.0
2 3 250.0 119.0
12 13 26.0 90.0
10 14 293.0 138.0
13 3 99.0 79.0
4 12 213.0 261.0
7 1 129.0 5.0
1 6 233.0 175.0
8 1 202.0 29.0
1 15 228.0 152.0
5 2 237.0 254.0
5 4 246.0 283.0
6 10 105.0 97.0
6 15 140.0 70.0
2 7 21.0 22.0
2 10 80.0 6.0
1 9 106.0 282.0
4 6 180.0 34.0
11 5 168.0 170.0
8 11 94.0 166.0
5 10 9.0 252.0
7 4 138.0 202.0
5 7 143.0 211.0
6 2 115.0 275.0
15 4 191.0 221.0
11 2 275.0 123.0
6 9 79.0 195.0
4 3 217.0 173.0
1 12 101.0 279.0
13 2 154.0 291.0
11 1 82.0 50.0
6 5 126.0 197.0
6 7 180.0 69.0
15 14 176.0 207.0
8 7 189.0 255.0
10 1 243.0 106.0
14 3 10.0 96.0
4 13 227.0 164.0
8 3 162.0 10.0
8 5 27.0 40.0
3 7 61.0 208.0
11 3 45.0 237.0
4 10 135.0 234.0
14 4 131.0 130.0
8 4 1.0 141.0
14 13 55.0 228.0
15 2 16.0 269.0
11 10 132.0 95.0
7 11 278.0 194.0
7 9 193.0 24.0
2 4 201.0 81.0
14 2 34.0 84.0
4 11 203.0 35.0
5 1 110.0 258.0
12 5 256.0 126.0
11 6 212.0 140.0
15 12 252.0 191.0
6 12 98.0 198.0
15 3 81.0 51.0
3 1 132.0 167.0
9 11 146.0 36.0
6 14 275.0 9.0
12 8 15.0 283.0
7 14 191.0 279.0
8 6 232.0 195.0
13 10 167.0 82.0
11 13 119.0 0.0
10 12 132.0 3.0
13 8 90.0 279.0
10 9 164.0 66.0
11 12 89.0 231.0
12 2 188.0 32.0
14 11 22.0 172.0
9 15 1.0 241.0
14 8 161.0 172.0
12 3 229.0 293.0
10 15 105.0 20.0
9 13 240.0 269.0
13 7 165.0 81.0
14 9 296.0 105.0
8 10 165.0 70.0
2 1 177.0 167.0
0