27 351 20 17 18102
9 8 175.0 7.0
7 10 49.0 22.0
12 24 82.0 66.0
15 18 168.0 48.0
5 13 50.0 11.0
15 8 31.0 137.0
18 8 26.0 16.0
13 9 145.0 93.0
5 25 30.0 72.0
7 20 65.0 31.0
5 14 131.0 147.0
20 12 186.0 99.0
25 17 169.0 188.0
13 12 10.0 152.0
9 12 5.0 188.0
21 23 81.0 102.0
21 7 122.0 111.0
15 25 18.0 188.0
27 26 104.0 101.0
27 2 44.0 43.0
7 12 199.0 13.0
24 2 91.0 161.0
14 27 13.0 96.0
22 23 69.0 94.0
2 23 98.0 192.0
9 15 102.0 68.0
13 1 150.0 158.0
6 3 43.0 146.0
20 25 142.0 194.0
27 13 67.0 33.0
12 27 89.0 80.0
22 21 110.0 110.0
16 2 89.0 8.0
16 3 54.0 143.0
19 8 73.0 156.0
9 1 88.0 116.0
1 24 43.0 30.0
10 13 123.0 110.0
13 2 129.0 164.0
23 26 105.0 191.0
27 25 116.0 147.0
1 5 26.0 122.0
12 23 48.0 100.0
2 6 148.0 136.0
7 27 49.0 143.0
12 5 31.0 124.0
6 14 17.0 113.0
1 27 45.0 123.0
25 2 132.0 113.0
22 25 105.0 158.0
21 26 151.0 153.0
9 21 162.0 51.0
20 17 95.0 11.0
10 5 149.0 78.0
18 9 44.0 167.0
9 26 152.0 90.0
16 26 176.0 36.0
24 6 161.0 33.0
5 15 88.0 64.0
7 4 140.0 50.0
15 12 64.0 187.0
16 11 29.0 165.0
5 3 57.0 73.0
23 24 190.0 9.0
23 11 166.0 119.0
17 14 53.0 79.0
2 20 71.0 141.0
18 4 26.0 163.0
8 2 56.0 42.0
8 22 130.0 85.0
19 16 171.0 140.0
1 10 49.0 113.0
7 2 195.0 15.0
26 15 28.0 48.0
24 20 153.0 51.0
8 4 40.0 132.0
9 7 190.0 48.0
1 26 179.0 73.0
3 1 23.0 102.0
23 3 13.0 73.0
15 1 185.0 160.0
16 22 77.0 13.0
14 3 33.0 182.0
3 4 52.0 25.0
11 8 127.0 194.0
22 24 157.0 58.0
13 24 147.0 180.0
27 8 176.0 112.0
2 5 133.0 161.0
11 9 135.0 10.0
27 4 124.0 168.0
24 18 52.0 176.0
25 23 180.0 179.0
10 2 23.0 89.0
4 13 126.0 170.0
10 16 73.0 102.0
5 24 93.0 6.0
21 4 187.0 28.0
9 4 171.0 112.0
6 1 114.0 175.0
10 4 106.0 46.0
5 9 95.0 129.0
11 24 184.0 174.0
1 20 97.0 9.0
6 17 89.0 190.0
20 22 199.0 77.0
2 12 13.0 123.0
11 2 49.0 79.0
11 6 150.0 155.0
14 4 122.0 46.0
27 11 124.0 58.0
5 7 196.0 173.0
24 14 73.0 86.0
24 19 52.0 73.0
3 20 141.0 17.0
1 7 100.0 142.0
5 6 92.0 50.0
14 9 172.0 166.0
8 6 21.0 49.0
13 11 31.0 17.0
25 7 71.0 56.0
25 11 178.0 75.0
19 20 124.0 72.0
23 10 19.0 24.0
8 5 149.0 111.0
3 10 199.0 122.0
8 20 99.0 20.0
3 21 83.0 82.0
27 21 16.0 107.0
20 4 98.0 146.0
3 9 120.0 22.0
6 4 1.0 139.0
9 6 155.0 150.0
19 3 88.0 155.0
22 2 45.0 139.0
22 14 11.0 80.0
23 5 85.0 179.0
11 1 149.0 183.0
18 1 185.0 69.0
3 12 36.0 138.0
14 19 196.0 191.0
11 22 116.0 84.0
2 9 191.0 161.0
11 3 63.0 154.0
18 2 103.0 148.0
2 14 163.0 52.0
13 18 101.0 100.0
27 5 197.0 137.0
23 15 47.0 146.0
3 7 53.0 164.0
3 15 4.0 44.0
8 1 53.0 67.0
5 11 199.0 156.0
10 15 197.0 162.0
5 4 20.0 98.0
23 14 83.0 170.0
2 17 47.0 130.0
19 17 153.0 100.0
1 4 91.0 109.0
1 12 84.0 96.0
20 13 53.0 35.0
16 7 152.0 50.0
25 24 17.0 173.0
1 19 156.0 100.0
12 18 157.0 3.0
19 2 49.0 62.0
7 8 199.0 92.0
2 15 102.0 35.0
6 7 160.0 155.0
26 6 185.0 112.0
13 7 195.0 2.0
10 8 191.0 103.0
3 17 162.0 101.0
16 14 66.0 11.0
11 10 92.0 18.0
20 6 38.0 194.0
25 12 97.0 150.0
7 22 117.0 83.0
12 17 185.0 64.0
27 23 177.0 128.0
7 11 93.0 139.0
16 5 32.0 160.0
14 1 154.0 125.0
26 13 12.0 144.0
25 18 184.0 61.0
12 4 66.0 101.0
14 8 26.0 3.0
4 11 65.0 3.0
10 12 58.0 158.0
18 3 57.0 91.0
1 16 136.0 11.0
10 6 164.0 100.0
25 8 169.0 100.0
8 13 96.0 35.0
11 12 158.0 74.0
13 19 188.0 23.0
17 4 23.0 47.0
5 17 52.0 80.0
26 11 49.0 140.0
6 13 59.0 166.0
8 12 68.0 28.0
19 6 92.0 116.0
19 4 33.0 50.0
14 18 94.0 22.0
17 1 107.0 69.0
14 26 169.0 159.0
25 1 49.0 18.0
18 7 150.0 60.0
6 12 175.0 18.0
26 8 166.0 20.0
4 16 199.0 0.0
6 16 151.0 45.0
7 17 2.0 10.0
14 7 161.0 123.0
18 27 66.0 163.0
10 25 185.0 168.0
21 5 24.0 160.0
18 5 54.0 190.0
1 21 99.0 53.0
10 14 7.0 50.0
16 8 29.0 161.0
22 4 155.0 143.0
23 1 8.0 173.0
8 3 49.0 193.0
20 5 106.0 73.0
11 14 41.0 112.0
22 17 123.0 140.0
12 16 182.0 82.0
25 21 135.0 163.0
20 23 106.0 42.0
9 16 198.0 66.0
2 21 189.0 47.0
19 5 3.0 95.0
22 1 47.0 196.0
18 20 141.0 122.0
24 7 184.0 123.0
23 4 177.0 71.0
15 20 62.0 36.0
11 15 190.0 12.0
19 21 79.0 180.0
2 4 125.0 34.0
9 17 112.0 173.0
19 10 148.0 53.0
16 15 101.0 84.0
19 7 65.0 31.0
26 2 7.0 79.0
8 21 35.0 197.0
15 6 43.0 66.0
3 22 144.0 169.0
15 7 152.0 56.0
22 5 194.0 52.0
21 15 110.0 47.0
15 13 169.0 128.0
23 18 171.0 176.0
25 3 162.0 158.0
13 14 12.0 5.0
22 6 112.0 156.0
17 10 114.0 64.0
18 10 16.0 108.0
25 4 1.0 79.0
17 26 35.0 123.0
19 9 25.0 6.0
23 8 33.0 139.0
3 24 171.0 197.0
23 6 196.0 83.0
17 8 144.0 110.0
13 16 22.0 113.0
11 17 111.0 176.0
26 18 125.0 99.0
23 7 128.0 103.0
19 12 116.0 161.0
18 6 115.0 88.0
15 17 135.0 111.0
24 4 40.0 31.0
15 14 116.0 15.0
26 5 47.0 180.0
6 27 192.0 173.0
16 17 111.0 120.0
23 9 162.0 179.0
10 22 160.0 77.0
13 17 166.0 47.0
20 14 104.0 159.0
22 12 120.0 172.0
27 10 159.0 167.0
25 26 72.0 151.0
10 21 143.0 183.0
27 3 1.0 57.0
11 19 77.0 114.0
21 12 139.0 195.0
11 18 120.0 43.0
27 9 149.0 192.0
26 12 55.0 108.0
20 9 76.0 127.0
19 15 93.0 19.0
6 25 111.0 47.0
11 20 140.0 188.0
7 26 19.0 79.0
20 10 170.0 139.0
20 27 114.0 120.0
21 13 150.0 169.0
22 13 180.0 27.0
10 24 136.0 26.0
8 24 141.0 47.0
9 10 164.0 82.0
21 11 61.0 183.0
23 19 182.0 183.0
16 21 152.0 96.0
15 22 180.0 102.0
9 22 74.0 161.0
14 12 107.0 162.0
10 26 102.0 48.0
18 21 120.0 66.0
15 27 136.0 133.0
13 25 34.0 118.0
18 19 8.0 186.0
24 9 98.0 141.0
23 16 2.0 172.0
17 23 157.0 61.0
22 19 46.0 11.0
16 20 140.0 118.0
27 22 108.0 76.0
4 26 93.0 142.0
27 16 47.0 102.0
22 18 194.0 145.0
27 17 42.0 148.0
19 25 4.0 199.0
15 24 167.0 50.0
21 20 71.0 107.0
21 17 94.0 179.0
24 17 49.0 187.0
16 24 25.0 48.0
2 3 85.0 172.0
26 20 123.0 127.0
19 26 57.0 128.0
14 25 128.0 24.0
22 26 176.0 199.0
18 16 155.0 70.0
25 9 156.0 4.0
21 6 88.0 133.0
21 14 166.0 125.0
16 25 12.0 89.0
13 3 20.0 69.0
17 18 151.0 100.0
21 24 50.0 128.0
24 26 32.0 5.0
19 27 12.0 140.0
24 27 164.0 52.0
3 26 157.0 130.0
15 4 114.0 121.0
13 23 137.0 86.0
2 1 115.0 88.0
0
