23 253 12 1 17518
10 13 94.0 40.0
12 19 146.0 91.0
19 2 129.0 53.0
1 5 3.0 96.0
13 3 25.0 149.0
18 22 23.0 38.0
14 19 151.0 116.0
9 6 26.0 51.0
13 20 135.0 72.0
10 22 105.0 81.0
1 11 9.0 35.0
15 22 3.0 164.0
18 2 104.0 28.0
17 8 56.0 79.0
3 5 124.0 159.0
4 16 27.0 102.0
13 1 121.0 162.0
22 4 133.0 26.0
15 7 46.0 143.0
5 8 110.0 49.0
3 12 185.0 167.0
19 10 173.0 193.0
8 7 197.0 49.0
2 9 72.0 24.0
22 13 169.0 193.0
16 11 64.0 102.0
6 3 82.0 63.0
13 21 30.0 192.0
2 4 95.0 167.0
1 8 152.0 68.0
19 18 131.0 149.0
11 14 147.0 3.0
6 5 199.0 68.0
17 1 154.0 64.0
5 19 177.0 188.0
10 21 38.0 160.0
20 1 2.0 133.0
14 4 56.0 155.0
10 1 44.0 187.0
22 7 95.0 192.0
19 21 109.0 47.0
15 19 104.0 15.0
8 22 133.0 33.0
2 6 181.0 171.0
4 15 17.0 184.0
3 8 82.0 25.0
4 10 178.0 127.0
16 14 0.0 25.0
1 6 19.0 61.0
20 18 77.0 75.0
16 10 169.0 11.0
13 19 79.0 151.0
5 2 2.0 48.0
16 15 173.0 85.0
1 15 50.0 151.0
5 17 70.0 50.0
18 23 137.0 89.0
9 4 20.0 14.0
23 14 79.0 190.0
4 21 7.0 110.0
18 17 6.0 10.0
8 9 126.0 179.0
23 2 198.0 176.0
2 7 13.0 20.0
2 10 30.0 102.0
22 20 51.0 51.0
4 13 62.0 82.0
10 23 66.0 22.0
10 11 190.0 24.0
19 22 42.0 116.0
17 14 2.0 192.0
16 19 66.0 168.0
22 12 53.0 96.0
8 11 90.0 56.0
23 9 130.0 104.0
2 13 138.0 148.0
17 23 141.0 80.0
8 6 70.0 135.0
9 13 168.0 25.0
3 18 118.0 34.0
6 7 59.0 171.0
18 9 74.0 101.0
5 4 106.0 157.0
6 4 146.0 196.0
7 10 62.0 88.0
5 11 169.0 84.0
8 4 195.0 137.0
1 7 22.0 113.0
3 17 187.0 81.0
2 3 40.0 62.0
21 3 175.0 146.0
9 22 58.0 122.0
3 9 44.0 120.0
21 14 88.0 13.0
10 3 121.0 83.0
9 7 182.0 143.0
7 3 107.0 170.0
7 23 49.0 147.0
2 16 183.0 177.0
14 7 8.0 42.0
17 13 198.0 52.0
16 1 138.0 87.0
9 1 48.0 59.0
1 12 161.0 30.0
5 7 40.0 68.0
2 20 91.0 89.0
13 8 49.0 75.0
11 4 82.0 57.0
11 2 55.0 81.0
10 8 101.0 193.0
5 10 18.0 149.0
14 1 88.0 131.0
6 12 21.0 128.0
5 9 132.0 112.0
12 20 57.0 134.0
3 19 144.0 140.0
7 11 187.0 151.0
5 12 87.0 41.0
15 23 10.0 57.0
14 5 7.0 98.0
16 3 12.0 28.0
3 11 87.0 145.0
4 18 144.0 97.0
10 6 179.0 40.0
13 7 55.0 167.0
5 22 91.0 142.0
15 5 25.0 101.0
12 4 34.0 184.0
3 20 181.0 46.0
2 8 40.0 68.0
17 21 197.0 185.0
2 17 164.0 176.0
12 2 160.0 171.0
14 6 6.0 4.0
3 15 111.0 183.0
10 9 90.0 145.0
16 12 187.0 71.0
11 9 13.0 180.0
13 23 12.0 10.0
17 4 15.0 128.0
22 3 42.0 128.0
15 2 136.0 0.0
18 1 150.0 47.0
13 6 185.0 41.0
17 9 78.0 172.0
22 1 166.0 92.0
19 8 116.0 130.0
11 6 180.0 83.0
8 12 180.0 174.0
14 9 133.0 116.0
15 6 11.0 83.0
19 1 99.0 148.0
15 18 1.0 177.0
21 1 198.0 119.0
15 17 69.0 66.0
5 13 26.0 1.0
12 7 57.0 7.0
12 9 10.0 142.0
21 5 50.0 173.0
14 3 99.0 149.0
19 17 171.0 52.0
23 8 176.0 121.0
19 4 89.0 198.0
11 12 3.0 68.0
15 8 76.0 12.0
16 5 141.0 87.0
18 5 90.0 192.0
17 6 176.0 141.0
16 6 25.0 99.0
12 21 147.0 153.0
16 7 50.0 188.0
7 4 78.0 6.0
22 2 82.0 106.0
14 10 9.0 175.0
12 10 140.0 99.0
11 22 137.0 68.0
18 6 55.0 162.0
8 14 100.0 2.0
7 17 170.0 150.0
18 10 130.0 0.0
11 13 52.0 164.0
18 8 58.0 61.0
16 23 120.0 150.0
21 22 137.0 58.0
11 23 125.0 144.0
17 22 60.0 25.0
23 1 40.0 30.0
5 20 115.0 170.0
9 15 142.0 167.0
6 20 134.0 153.0
11 15 44.0 7.0
15 10 11.0 133.0
21 8 182.0 136.0
8 16 169.0 42.0
16 21 29.0 161.0
6 21 49.0 144.0
12 14 46.0 192.0
7 18 135.0 132.0
3 23 178.0 131.0
21 11 50.0 190.0
20 8 127.0 32.0
4 20 137.0 48.0
2 21 58.0 166.0
13 14 113.0 107.0
11 17 120.0 159.0
15 13 5.0 55.0
12 15 43.0 135.0
20 7 105.0 93.0
15 21 52.0 32.0
20 9 106.0 141.0
19 6 136.0 164.0
19 11 46.0 49.0
4 1 79.0 166.0
16 13 187.0 36.0
17 10 169.0 30.0
9 19 157.0 26.0
7 21 9.0 161.0
23 6 85.0 115.0
18 12 82.0 22.0
11 18 185.0 80.0
9 21 188.0 65.0
14 18 186.0 127.0
6 22 75.0 108.0
17 16 91.0 184.0
11 20 188.0 52.0
23 4 10.0 73.0
20 14 108.0 44.0
12 17 55.0 94.0
17 20 95.0 43.0
10 20 38.0 81.0
5 23 169.0 65.0
16 18 21.0 12.0
23 19 196.0 9.0
21 18 85.0 158.0
9 16 1.0 193.0
21 20 51.0 56.0
12 23 163.0 146.0
19 20 156.0 153.0
1 3 197.0 125.0
14 2 15.0 18.0
14 15 136.0 11.0
16 20 191.0 21.0
19 7 51.0 192.0
13 12 5.0 102.0
20 15 176.0 168.0
14 22 100.0 85.0
23 21 158.0 97.0
1 2 5.0 125.0
22 23 108.0 142.0
4 3 181.0 99.0
20 23 137.0 184.0
16 22 0.0 142.0
13 18 169.0 128.0
0
