25 300 9 12 50770
5 19 186.0 4.0
10 2 134.0 62.0
9 23 28.0 99.0
23 19 37.0 122.0
11 23 70.0 117.0
9 7 41.0 176.0
21 13 98.0 35.0
18 12 71.0 100.0
8 7 93.0 10.0
9 25 193.0 28.0
23 5 121.0 22.0
23 22 107.0 158.0
22 1 4.0 178.0
10 7 54.0 45.0
22 9 140.0 104.0
20 5 153.0 164.0
13 2 195.0 47.0
3 1 124.0 141.0
7 16 28.0 46.0
12 5 82.0 136.0
8 17 68.0 87.0
25 10 197.0 74.0
18 4 114.0 90.0
6 2 146.0 67.0
10 15 34.0 94.0
17 13 47.0 111.0
3 8 113.0 28.0
14 17 97.0 148.0
8 13 58.0 117.0
22 17 141.0 8.0
5 4 55.0 55.0
7 25 140.0 154.0
15 1 82.0 126.0
9 1 89.0 82.0
22 11 12.0 154.0
2 5 160.0 61.0
17 7 65.0 170.0
23 4 196.0 6.0
6 14 188.0 51.0
3 6 28.0 128.0
10 8 48.0 111.0
22 19 95.0 137.0
6 20 81.0 59.0
24 23 92.0 193.0
4 14 78.0 157.0
20 14 74.0 74.0
2 3 15.0 63.0
13 19 96.0 44.0
1 6 99.0 97.0
1 10 107.0 146.0
3 5 81.0 188.0
5 7 33.0 173.0
22 8 190.0 63.0
12 1 173.0 65.0
17 6 153.0 188.0
24 10 126.0 2.0
17 25 143.0 177.0
11 24 68.0 50.0
6 16 109.0 149.0
12 2 20.0 94.0
5 10 1.0 10.0
22 3 165.0 126.0
5 6 131.0 118.0
2 23 142.0 9.0
22 12 9.0 86.0
12 14 141.0 77.0
1 5 2.0 2.0
1 25 56.0 22.0
9 11 157.0 9.0
13 11 120.0 122.0
2 18 4.0 3.0
16 15 188.0 147.0
3 11 163.0 197.0
8 4 104.0 56.0
8 1 152.0 107.0
2 8 18.0 8.0
17 18 31.0 127.0
5 25 58.0 151.0
11 2 58.0 62.0
21 12 172.0 47.0
22 20 172.0 87.0
12 3 123.0 28.0
4 13 13.0 76.0
22 10 187.0 183.0
5 11 110.0 18.0
9 5 104.0 168.0
7 3 49.0 163.0
18 13 91.0 173.0
9 13 29.0 15.0
6 19 61.0 153.0
4 7 4.0 26.0
8 6 71.0 143.0
24 13 134.0 182.0
9 2 15.0 38.0
9 4 126.0 16.0
4 11 26.0 169.0
3 10 110.0 55.0
3 9 62.0 123.0
17 2 159.0 18.0
6 9 85.0 182.0
2 15 111.0 19.0
20 10 104.0 126.0
14 19 30.0 182.0
4 6 39.0 8.0
3 13 67.0 101.0
2 25 70.0 81.0
4 1 187.0 181.0
13 16 138.0 24.0
10 19 155.0 49.0
11 1 120.0 59.0
22 18 108.0 102.0
1 16 33.0 147.0
3 25 55.0 52.0
8 5 151.0 125.0
14 2 47.0 90.0
6 10 110.0 137.0
17 1 67.0 65.0
18 25 138.0 187.0
19 16 16.0 46.0
4 21 80.0 49.0
22 2 172.0 135.0
16 2 172.0 75.0
11 8 197.0 19.0
12 4 47.0 59.0
22 25 163.0 66.0
1 7 71.0 53.0
12 6 49.0 87.0
24 12 95.0 81.0
15 17 128.0 67.0
7 20 53.0 100.0
10 9 196.0 2.0
11 6 76.0 195.0
18 1 139.0 191.0
13 7 115.0 11.0
23 1 196.0 164.0
15 23 128.0 43.0
12 7 147.0 56.0
14 3 167.0 152.0
4 10 160.0 115.0
20 11 107.0 37.0
25 6 191.0 199.0
9 8 176.0 107.0
4 16 199.0 124.0
16 5 187.0 80.0
5 14 137.0 134.0
15 6 177.0 105.0
20 23 115.0 137.0
1 13 7.0 22.0
20 1 36.0 150.0
3 15 196.0 164.0
7 15 54.0 147.0
7 11 190.0 41.0
19 3 17.0 127.0
17 10 112.0 194.0
6 13 192.0 27.0
4 15 21.0 151.0
24 2 159.0 9.0
3 18 192.0 155.0
15 5 23.0 46.0
8 15 102.0 165.0
19 18 37.0 119.0
3 16 186.0 149.0
7 2 62.0 178.0
19 1 106.0 83.0
8 20 141.0 65.0
12 11 32.0 85.0
13 5 61.0 7.0
21 23 89.0 163.0
18 10 46.0 126.0
12 10 199.0 32.0
9 12 191.0 14.0
21 3 73.0 98.0
20 16 64.0 167.0
11 10 115.0 48.0
7 14 106.0 176.0
5 17 197.0 147.0
4 2 176.0 43.0
12 8 113.0 127.0
20 4 80.0 105.0
13 10 37.0 106.0
21 24 158.0 53.0
6 7 61.0 25.0
4 17 90.0 120.0
16 9 169.0 87.0
21 9 50.0 145.0
18 7 100.0 163.0
15 21 157.0 132.0
1 14 198.0 146.0
14 25 141.0 156.0
2 20 10.0 154.0
11 25 180.0 100.0
23 3 139.0 149.0
15 9 37.0 141.0
21 7 86.0 89.0
8 16 4.0 196.0
1 24 28.0 2.0
20 12 147.0 169.0
21 5 180.0 109.0
19 4 196.0 112.0
18 6 29.0 87.0
9 14 181.0 18.0
10 14 161.0 19.0
18 8 94.0 118.0
11 21 156.0 122.0
7 19 76.0 103.0
20 15 69.0 9.0
11 15 132.0 17.0
14 11 100.0 161.0
18 5 16.0 33.0
16 10 122.0 130.0
19 24 130.0 16.0
19 17 152.0 86.0
22 5 5.0 28.0
9 17 136.0 26.0
8 19 150.0 69.0
23 8 79.0 3.0
15 12 154.0 48.0
4 22 110.0 76.0
9 18 98.0 192.0
12 13 22.0 50.0
23 7 30.0 28.0
19 9 83.0 167.0
2 21 197.0 186.0
21 8 85.0 29.0
19 2 67.0 191.0
4 24 137.0 177.0
14 22 1.0 187.0
14 13 125.0 175.0
25 4 41.0 107.0
11 16 12.0 125.0
20 9 137.0 161.0
15 13 77.0 22.0
16 14 178.0 144.0
9 24 98.0 67.0
21 6 147.0 51.0
22 7 114.0 24.0
16 12 96.0 155.0
6 22 125.0 108.0
20 13 147.0 62.0
11 18 32.0 177.0
11 19 187.0 162.0
23 6 94.0 85.0
24 7 130.0 193.0
16 17 50.0 44.0
1 2 60.0 147.0
12 17 31.0 185.0
25 8 90.0 131.0
12 19 189.0 122.0
5 24 80.0 128.0
15 19 151.0 126.0
23 10 170.0 81.0
6 24 40.0 21.0
21 14 69.0 100.0
10 21 5.0 52.0
23 12 177.0 47.0
21 17 177.0 118.0
22 15 24.0 57.0
18 16 66.0 127.0
18 14 194.0 36.0
25 12 171.0 34.0
14 15 9.0 192.0
25 21 114.0 166.0
23 13 24.0 91.0
23 14 91.0 1.0
13 22 18.0 67.0
22 21 2.0 36.0
23 16 146.0 196.0
21 16 116.0 118.0
21 18 193.0 125.0
16 22 88.0 107.0
24 16 190.0 112.0
24 15 166.0 33.0
14 8 126.0 137.0
22 24 52.0 128.0
24 3 33.0 198.0
15 25 128.0 149.0
11 17 190.0 122.0
17 23 125.0 78.0
25 16 91.0 115.0
8 24 187.0 10.0
20 21 49.0 113.0
17 3 71.0 53.0
24 18 130.0 56.0
23 25 155.0 10.0
19 20 4.0 146.0
25 13 94.0 129.0
21 19 126.0 185.0
17 24 50.0 65.0
4 3 119.0 99.0
15 18 42.0 142.0
25 19 181.0 124.0
1 21 42.0 89.0
20 25 181.0 46.0
24 25 130.0 27.0
20 17 19.0 9.0
24 20 7.0 69.0
18 20 177.0 126.0
18 23 183.0 171.0
3 20 77.0 116.0
14 24 50.0 119.0
0
