28 378 16 19 27453
15 26 19.0 190.0
16 17 57.0 149.0
7 25 106.0 94.0
14 23 9.0 149.0
5 9 49.0 173.0
5 20 180.0 48.0
5 14 16.0 65.0
10 17 187.0 62.0
6 2 181.0 6.0
5 8 150.0 38.0
16 14 120.0 57.0
8 15 175.0 81.0
24 27 23.0 25.0
19 22 70.0 155.0
8 18 160.0 38.0
18 6 199.0 147.0
22 26 118.0 132.0
17 23 39.0 68.0
8 14 34.0 111.0
1 17 115.0 162.0
16 12 45.0 90.0
5 6 51.0 67.0
23 27 156.0 11.0
4 3 16.0 107.0
10 3 179.0 86.0
6 12 17.0 170.0
25 18 172.0 51.0
7 18 73.0 39.0
1 22 69.0 70.0
28 2 97.0 120.0
28 9 106.0 5.0
11 13 10.0 75.0
24 26 17.0 141.0
9 25 5.0 34.0
14 10 171.0 177.0
28 14 59.0 44.0
19 15 177.0 128.0
1 2 151.0 27.0
10 21 31.0 58.0
2 7 104.0 193.0
1 8 115.0 73.0
16 24 48.0 72.0
6 22 52.0 20.0
19 9 117.0 111.0
1 5 87.0 46.0
2 14 30.0 38.0
19 1 107.0 61.0
6 8 28.0 163.0
15 2 45.0 95.0
25 24 145.0 93.0
1 14 187.0 197.0
7 14 165.0 56.0
8 2 198.0 4.0
21 23 34.0 180.0
6 4 176.0 93.0
21 5 94.0 156.0
18 28 142.0 139.0
5 2 139.0 87.0
27 14 180.0 78.0
11 3 151.0 97.0
13 6 164.0 101.0
13 26 139.0 150.0
11 12 75.0 115.0
7 5 97.0 169.0
28 10 46.0 191.0
23 4 144.0 137.0
17 8 166.0 77.0
1 11 89.0 117.0
1 15 76.0 6.0
12 13 125.0 167.0
25 27 156.0 152.0
10 2 134.0 5.0
24 18 181.0 132.0
7 3 144.0 77.0
5 15 137.0 62.0
10 12 13.0 178.0
1 12 152.0 89.0
26 1 45.0 29.0
27 19 149.0 1.0
5 27 95.0 35.0
9 3 183.0 28.0
9 18 176.0 79.0
5 26 149.0 65.0
21 24 173.0 162.0
9 20 121.0 125.0
2 12 53.0 166.0
22 8 49.0 154.0
8 4 33.0 96.0
5 17 48.0 168.0
6 21 49.0 24.0
2 18 14.0 150.0
14 21 113.0 187.0
24 2 78.0 34.0
4 2 13.0 84.0
3 8 100.0 14.0
9 27 192.0 85.0
4 12 23.0 41.0
3 26 195.0 25.0
28 24 144.0 9.0
17 22 155.0 57.0
7 24 186.0 186.0
24 11 66.0 199.0
25 14 144.0 166.0
9 7 13.0 89.0
23 7 112.0 188.0
13 1 158.0 59.0
7 4 77.0 102.0
15 12 32.0 184.0
9 6 197.0 18.0
9 22 109.0 63.0
4 5 9.0 5.0
3 5 196.0 22.0
5 12 76.0 60.0
25 28 165.0 186.0
21 22 158.0 42.0
17 7 3.0 142.0
6 25 149.0 0.0
18 1 15.0 10.0
11 4 88.0 24.0
27 11 191.0 36.0
22 13 137.0 19.0
13 2 108.0 102.0
2 9 47.0 66.0
27 18 79.0 50.0
14 19 155.0 181.0
1 6 120.0 170.0
7 6 174.0 160.0
3 13 106.0 117.0
1 21 12.0 43.0
22 14 140.0 120.0
1 16 20.0 187.0
8 10 173.0 51.0
6 11 114.0 80.0
25 19 87.0 34.0
6 28 95.0 61.0
16 3 140.0 1.0
23 26 64.0 152.0
11 9 88.0 156.0
27 8 14.0 60.0
2 11 27.0 187.0
13 4 24.0 141.0
7 11 19.0 111.0
16 22 170.0 114.0
3 15 26.0 62.0
13 15 159.0 90.0
7 15 153.0 199.0
9 1 25.0 119.0
3 19 170.0 4.0
22 27 146.0 194.0
13 5 101.0 117.0
12 3 190.0 71.0
20 3 67.0 16.0
8 11 43.0 178.0
8 9 45.0 196.0
14 4 63.0 22.0
17 3 50.0 185.0
26 17 199.0 148.0
10 1 125.0 52.0
6 14 52.0 115.0
8 12 62.0 72.0
14 3 47.0 105.0
4 9 168.0 44.0
15 4 45.0 183.0
19 2 171.0 47.0
16 4 195.0 122.0
18 3 15.0 120.0
26 12 11.0 19.0
10 5 62.0 25.0
11 5 122.0 61.0
20 22 159.0 90.0
25 23 122.0 4.0
8 20 48.0 45.0
19 8 164.0 195.0
10 4 95.0 179.0
13 10 174.0 58.0
3 28 136.0 36.0
10 9 4.0 10.0
23 1 79.0 163.0
7 16 73.0 1.0
7 13 72.0 73.0
7 1 12.0 36.0
20 1 38.0 107.0
27 2 160.0 12.0
13 17 117.0 48.0
11 10 3.0 121.0
5 16 189.0 34.0
24 17 29.0 62.0
16 9 105.0 101.0
20 2 92.0 117.0
4 17 23.0 130.0
8 16 93.0 135.0
15 16 143.0 162.0
22 12 56.0 98.0
20 26 178.0 45.0
3 21 12.0 7.0
4 18 56.0 117.0
9 13 56.0 100.0
16 27 9.0 80.0
25 8 122.0 102.0
9 15 48.0 17.0
13 8 124.0 104.0
17 14 177.0 102.0
10 27 60.0 141.0
25 1 26.0 68.0
19 21 113.0 82.0
19 7 130.0 122.0
11 14 137.0 4.0
6 16 94.0 137.0
6 3 41.0 18.0
4 19 56.0 171.0
24 1 162.0 69.0
15 6 73.0 140.0
14 12 64.0 187.0
14 26 123.0 195.0
14 9 80.0 12.0
2 22 62.0 127.0
17 2 39.0 55.0
21 2 57.0 47.0
4 21 166.0 171.0
23 28 168.0 40.0
7 12 127.0 32.0
2 16 79.0 2.0
20 15 152.0 111.0
20 19 11.0 166.0
22 4 58.0 50.0
7 10 43.0 68.0
2 23 124.0 9.0
20 14 141.0 44.0
9 17 21.0 68.0
20 4 35.0 52.0
25 12 151.0 139.0
15 10 42.0 162.0
19 5 78.0 52.0
15 17 132.0 121.0
24 3 15.0 8.0
6 20 113.0 156.0
25 5 184.0 86.0
15 27 82.0 171.0
22 7 159.0 33.0
7 20 142.0 1.0
10 16 78.0 20.0
11 15 38.0 10.0
18 11 109.0 5.0
3 22 151.0 22.0
26 25 135.0 87.0
23 20 52.0 169.0
7 21 137.0 163.0
12 18 167.0 79.0
24 12 49.0 46.0
3 23 122.0 40.0
6 17 1.0 32.0
4 27 0.0 152.0
24 13 65.0 136.0
17 11 172.0 69.0
14 13 163.0 61.0
5 22 73.0 131.0
5 23 41.0 74.0
16 11 164.0 164.0
18 10 71.0 166.0
28 1 21.0 71.0
3 25 17.0 39.0
18 17 77.0 142.0
27 1 147.0 193.0
4 1 40.0 172.0
23 6 142.0 81.0
18 22 73.0 59.0
15 14 100.0 96.0
16 13 14.0 121.0
28 17 144.0 31.0
19 6 18.0 174.0
5 24 25.0 118.0
12 23 152.0 65.0
4 25 3.0 46.0
26 6 41.0 76.0
19 10 186.0 93.0
26 16 172.0 152.0
12 17 52.0 69.0
28 4 190.0 23.0
21 9 61.0 15.0
16 21 121.0 13.0
5 18 130.0 124.0
2 25 7.0 124.0
24 6 122.0 193.0
12 20 112.0 47.0
10 25 46.0 164.0
11 20 177.0 188.0
22 11 64.0 38.0
15 18 21.0 137.0
27 6 35.0 152.0
8 21 195.0 43.0
10 20 78.0 69.0
13 20 71.0 142.0
17 27 47.0 69.0
19 12 78.0 24.0
25 11 151.0 94.0
14 18 184.0 172.0
3 2 162.0 171.0
8 26 198.0 157.0
28 19 193.0 76.0
8 24 127.0 16.0
12 21 178.0 175.0
19 24 106.0 9.0
11 21 135.0 57.0
16 18 179.0 71.0
22 10 58.0 93.0
16 19 68.0 56.0
7 8 124.0 13.0
26 9 35.0 3.0
24 9 112.0 165.0
11 19 0.0 18.0
5 28 165.0 135.0
27 3 115.0 96.0
26 11 115.0 173.0
28 7 21.0 136.0
13 23 73.0 145.0
22 15 197.0 60.0
13 19 113.0 110.0
26 2 30.0 113.0
20 16 117.0 147.0
19 18 66.0 32.0
12 9 178.0 181.0
28 26 158.0 199.0
21 18 150.0 31.0
24 10 29.0 99.0
23 10 68.0 143.0
20 18 102.0 50.0
11 23 169.0 19.0
13 21 178.0 35.0
17 20 52.0 156.0
23 15 57.0 10.0
23 18 155.0 7.0
25 20 104.0 184.0
20 21 62.0 125.0
7 27 97.0 164.0
13 27 118.0 67.0
25 17 3.0 96.0
13 18 14.0 7.0
24 4 70.0 71.0
27 20 198.0 25.0
23 16 110.0 102.0
14 24 129.0 125.0
17 21 80.0 26.0
28 13 19.0 198.0
28 8 75.0 174.0
26 19 12.0 41.0
12 28 64.0 82.0
22 23 138.0 62.0
15 21 14.0 0.0
20 24 51.0 95.0
18 26 48.0 83.0
28 15 123.0 19.0
21 27 27.0 150.0
25 22 78.0 192.0
27 28 105.0 94.0
19 17 107.0 195.0
23 24 122.0 73.0
26 27 96.0 126.0
25 16 64.0 144.0
23 19 171.0 187.0
21 25 37.0 198.0
25 15 91.0 67.0
23 9 103.0 148.0
10 26 96.0 162.0
11 28 67.0 19.0
25 13 100.0 163.0
1 3 149.0 117.0
6 10 36.0 120.0
21 28 28.0 73.0
22 28 182.0 119.0
22 24 76.0 85.0
24 15 5.0 125.0
26 21 93.0 24.0
12 27 147.0 146.0
28 16 126.0 97.0
23 8 66.0 163.0
28 20 54.0 46.0
4 26 39.0 36.0
7 26 100.0 67.0
0
