23 253 12 1 25182
5 22 31.0 73.0
7 19 0.0 69.0
7 13 181.0 143.0
5 9 86.0 19.0
19 6 77.0 49.0
15 11 80.0 96.0
4 11 45.0 2.0
7 4 184.0 150.0
19 18 120.0 168.0
7 16 87.0 120.0
22 17 124.0 20.0
2 18 101.0 162.0
23 5 146.0 178.0
9 23 45.0 178.0
10 23 174.0 91.0
20 13 112.0 111.0
1 4 94.0 32.0
19 11 35.0 181.0
21 2 72.0 111.0
6 4 188.0 173.0
18 7 180.0 86.0
1 3 176.0 25.0
7 3 199.0 103.0
23 17 30.0 111.0
20 19 161.0 76.0
23 4 118.0 148.0
22 11 2.0 190.0
5 1 27.0 142.0
4 16 53.0 7.0
12 1 194.0 29.0
11 3 67.0 193.0
9 1 191.0 97.0
2 17 150.0 153.0
7 5 144.0 68.0
2 4 151.0 98.0
6 2 49.0 131.0
17 10 112.0 102.0
10 13 129.0 106.0
15 5 19.0 196.0
5 17 58.0 10.0
2 8 152.0 8.0
4 8 34.0 48.0
8 1 166.0 138.0
4 5 6.0 16.0
14 12 83.0 70.0
7 6 75.0 12.0
22 21 88.0 94.0
14 3 175.0 98.0
10 14 93.0 79.0
21 9 24.0 127.0
5 2 163.0 190.0
10 4 46.0 169.0
6 20 135.0 129.0
14 4 53.0 162.0
1 10 10.0 93.0
7 23 141.0 185.0
13 5 34.0 34.0
7 8 168.0 58.0
3 8 17.0 131.0
9 20 188.0 63.0
10 5 116.0 76.0
3 4 42.0 121.0
3 6 16.0 4.0
2 11 8.0 157.0
2 7 100.0 42.0
11 12 139.0 68.0
12 4 61.0 157.0
13 1 151.0 50.0
13 9 58.0 19.0
6 16 115.0 53.0
13 12 15.0 131.0
21 8 4.0 23.0
11 13 40.0 105.0
18 15 21.0 179.0
5 6 184.0 82.0
12 15 82.0 87.0
17 3 31.0 140.0
12 17 56.0 146.0
1 7 2.0 72.0
3 5 54.0 6.0
2 13 32.0 94.0
7 17 18.0 53.0
2 12 79.0 154.0
9 6 87.0 161.0
8 6 51.0 118.0
4 19 154.0 107.0
15 1 69.0 108.0
6 10 92.0 123.0
18 21 119.0 125.0
14 2 60.0 89.0
3 10 143.0 139.0
3 12 138.0 30.0
13 23 57.0 141.0
12 16 67.0 11.0
17 4 111.0 88.0
3 13 115.0 3.0
9 4 126.0 186.0
23 1 77.0 139.0
10 7 108.0 20.0
2 9 141.0 198.0
21 1 123.0 198.0
13 4 24.0 142.0
2 22 17.0 87.0
11 6 125.0 85.0
1 14 182.0 3.0
1 11 170.0 11.0
5 12 160.0 30.0
15 13 41.0 101.0
13 22 164.0 164.0
20 22 92.0 140.0
14 19 33.0 109.0
5 8 97.0 110.0
9 10 117.0 31.0
9 7 37.0 39.0
19 22 13.0 197.0
9 3 75.0 6.0
13 6 9.0 191.0
7 20 20.0 101.0
11 8 37.0 5.0
11 5 23.0 134.0
23 2 92.0 92.0
15 2 138.0 129.0
19 12 155.0 103.0
13 14 173.0 182.0
14 5 11.0 182.0
2 16 121.0 183.0
10 8 3.0 110.0
11 7 36.0 178.0
9 12 74.0 128.0
1 17 105.0 13.0
6 12 161.0 60.0
19 2 9.0 134.0
1 6 25.0 173.0
18 10 150.0 98.0
3 16 152.0 153.0
16 1 120.0 188.0
1 20 106.0 195.0
4 22 63.0 12.0
9 11 6.0 24.0
13 18 35.0 168.0
19 1 36.0 12.0
1 18 146.0 187.0
10 16 30.0 99.0
19 21 129.0 102.0
18 3 35.0 36.0
22 1 190.0 51.0
4 15 91.0 148.0
3 19 70.0 78.0
20 3 11.0 107.0
13 8 130.0 109.0
10 2 114.0 112.0
18 23 60.0 44.0
8 12 177.0 96.0
3 23 56.0 119.0
8 14 65.0 148.0
9 14 50.0 87.0
10 12 79.0 61.0
7 15 131.0 161.0
15 3 187.0 45.0
5 18 56.0 47.0
17 6 105.0 33.0
2 20 121.0 162.0
14 7 61.0 138.0
21 15 14.0 111.0
9 15 164.0 45.0
22 3 34.0 47.0
23 20 72.0 173.0
20 5 8.0 128.0
16 5 14.0 113.0
21 4 192.0 87.0
11 21 130.0 5.0
7 21 175.0 96.0
21 3 192.0 91.0
18 6 181.0 178.0
11 10 118.0 53.0
12 7 96.0 126.0
5 19 19.0 62.0
6 15 157.0 163.0
21 5 82.0 87.0
17 8 31.0 57.0
20 14 25.0 23.0
18 4 176.0 6.0
16 11 133.0 94.0
10 15 145.0 29.0
4 20 32.0 164.0
6 22 25.0 189.0
8 19 85.0 108.0
8 18 40.0 116.0
20 8 162.0 65.0
21 6 103.0 138.0
7 22 132.0 37.0
9 8 123.0 29.0
17 9 8.0 155.0
15 14 121.0 186.0
19 9 89.0 159.0
18 11 182.0 129.0
16 13 165.0 144.0
15 22 107.0 21.0
8 16 178.0 39.0
10 19 43.0 101.0
13 17 192.0 3.0
17 14 135.0 114.0
21 10 47.0 24.0
9 16 20.0 181.0
20 12 124.0 137.0
16 15 132.0 31.0
6 14 197.0 62.0
20 10 11.0 40.0
12 21 181.0 3.0
19 15 20.0 116.0
9 18 195.0 67.0
11 17 152.0 167.0
9 22 190.0 76.0
18 12 183.0 75.0
10 22 175.0 180.0
13 19 177.0 186.0
17 16 153.0 110.0
11 14 105.0 173.0
6 23 173.0 52.0
21 14 23.0 77.0
21 13 91.0 14.0
12 22 97.0 74.0
23 8 183.0 72.0
18 14 51.0 112.0
18 20 114.0 156.0
17 18 129.0 172.0
22 14 20.0 54.0
12 23 72.0 44.0
20 17 52.0 115.0
20 21 181.0 101.0
23 16 80.0 165.0
11 23 38.0 131.0
18 16 158.0 105.0
8 22 197.0 88.0
14 23 97.0 169.0
16 22 64.0 121.0
22 23 178.0 68.0
22 18 126.0 112.0
15 20 29.0 158.0
23 21 63.0 20.0
21 17 4.0 21.0
19 17 55.0 1.0
20 11 182.0 105.0
16 19 63.0 47.0
16 14 145.0 42.0
3 2 131.0 23.0
2 1 145.0 113.0
23 15 58.0 8.0
15 17 164.0 62.0
16 21 199.0 171.0
15 8 25.0 182.0
16 20 174.0 89.0
19 23 133.0 71.0
0
