29 406 9 10 34083
12 29 4.0 86.0
6 5 118.0 51.0
21 23 122.0 60.0
28 11 130.0 44.0
9 18 73.0 98.0
1 20 7.0 174.0
18 1 132.0 192.0
7 8 63.0 124.0
8 29 46.0 19.0
4 15 90.0 164.0
9 1 115.0 12.0
11 23 124.0 197.0
4 5 68.0 149.0
16 22 144.0 27.0
22 7 10.0 77.0
14 15 6.0 73.0
7 20 107.0 52.0
5 10 104.0 197.0
10 9 95.0 171.0
2 5 12.0 171.0
1 28 12.0 32.0
20 6 17.0 157.0
12 1 23.0 27.0
7 12 151.0 182.0
23 25 13.0 11.0
27 24 3.0 69.0
3 11 141.0 98.0
15 5 25.0 105.0
24 6 89.0 189.0
11 5 30.0 106.0
26 6 72.0 53.0
10 1 35.0 175.0
13 6 81.0 0.0
1 8 117.0 84.0
18 11 72.0 10.0
7 26 98.0 49.0
2 25 52.0 187.0
1 5 69.0 34.0
15 12 19.0 141.0
21 13 1.0 6.0
18 17 50.0 34.0
25 4 138.0 120.0
14 8 162.0 10.0
4 6 52.0 12.0
27 21 35.0 56.0
22 24 126.0 104.0
28 20 157.0 97.0
24 17 18.0 110.0
4 18 138.0 21.0
21 10 172.0 77.0
9 16 174.0 134.0
18 2 149.0 26.0
9 2 93.0 136.0
29 23 7.0 171.0
5 16 153.0 116.0
3 21 187.0 124.0
2 4 137.0 125.0
17 5 13.0 109.0
21 28 45.0 187.0
29 27 190.0 146.0
3 15 30.0 83.0
29 5 113.0 190.0
3 10 103.0 18.0
20 18 55.0 90.0
25 22 181.0 144.0
19 14 20.0 195.0
12 25 93.0 65.0
14 21 5.0 83.0
6 8 71.0 36.0
4 9 55.0 184.0
28 17 17.0 158.0
3 4 41.0 25.0
26 25 41.0 174.0
10 16 79.0 13.0
4 1 108.0 125.0
21 6 190.0 114.0
7 3 59.0 62.0
13 7 164.0 114.0
23 8 155.0 134.0
12 21 144.0 148.0
6 3 111.0 137.0
2 10 100.0 191.0
15 21 175.0 8.0
18 29 11.0 117.0
2 3 8.0 71.0
8 2 83.0 173.0
8 4 138.0 38.0
1 23 50.0 34.0
2 7 105.0 162.0
5 7 56.0 5.0
13 20 105.0 183.0
20 17 120.0 69.0
1 11 162.0 129.0
3 20 191.0 46.0
29 4 83.0 82.0
7 9 84.0 85.0
3 28 115.0 189.0
20 11 181.0 172.0
1 7 103.0 87.0
15 11 193.0 24.0
15 1 77.0 155.0
2 23 24.0 21.0
27 5 165.0 59.0
25 3 12.0 1.0
2 13 0.0 127.0
12 3 151.0 134.0
5 9 119.0 55.0
21 16 81.0 64.0
27 9 199.0 110.0
2 12 67.0 23.0
8 3 110.0 184.0
5 23 74.0 74.0
27 16 167.0 27.0
16 26 164.0 71.0
7 24 167.0 35.0
2 6 197.0 48.0
7 6 101.0 196.0
19 16 28.0 169.0
13 3 135.0 90.0
4 12 122.0 10.0
14 22 123.0 42.0
1 13 84.0 39.0
16 12 100.0 51.0
10 25 150.0 49.0
23 24 51.0 52.0
2 27 125.0 32.0
11 4 121.0 12.0
11 6 109.0 44.0
19 24 161.0 32.0
16 6 142.0 197.0
9 6 24.0 194.0
12 6 109.0 126.0
5 8 112.0 112.0
14 1 30.0 189.0
8 9 58.0 103.0
5 26 187.0 167.0
12 14 88.0 101.0
11 19 71.0 30.0
2 16 150.0 47.0
28 26 163.0 11.0
10 4 56.0 75.0
16 1 87.0 86.0
8 10 146.0 145.0
9 22 178.0 85.0
2 11 189.0 67.0
18 13 136.0 61.0
5 13 149.0 86.0
22 8 187.0 113.0
13 17 90.0 43.0
23 15 127.0 130.0
5 24 63.0 25.0
9 20 155.0 42.0
19 18 86.0 145.0
14 2 88.0 22.0
28 23 149.0 38.0
22 15 132.0 136.0
23 13 152.0 175.0
27 1 34.0 79.0
10 7 72.0 98.0
14 23 16.0 28.0
11 14 63.0 102.0
16 15 197.0 152.0
8 28 47.0 98.0
15 2 136.0 131.0
13 9 177.0 89.0
1 2 48.0 12.0
14 7 144.0 120.0
16 3 107.0 160.0
8 11 156.0 122.0
25 27 26.0 106.0
17 25 61.0 25.0
26 21 108.0 150.0
4 16 131.0 86.0
9 19 40.0 131.0
12 19 66.0 184.0
14 6 129.0 125.0
7 11 152.0 38.0
3 27 194.0 131.0
18 3 43.0 8.0
4 13 33.0 104.0
20 5 12.0 116.0
12 10 104.0 53.0
6 19 106.0 122.0
17 29 148.0 36.0
25 1 24.0 101.0
1 21 174.0 171.0
4 14 158.0 170.0
8 13 38.0 191.0
11 9 8.0 50.0
6 10 108.0 112.0
17 4 131.0 15.0
26 11 31.0 79.0
1 17 103.0 8.0
27 19 57.0 77.0
29 6 47.0 15.0
20 25 89.0 85.0
9 12 123.0 97.0
3 17 36.0 31.0
12 8 180.0 167.0
8 18 30.0 164.0
2 17 95.0 133.0
2 20 13.0 104.0
29 21 36.0 60.0
16 18 46.0 125.0
19 5 175.0 169.0
10 11 84.0 11.0
11 17 1.0 16.0
6 17 108.0 31.0
3 5 159.0 155.0
7 15 90.0 172.0
22 23 113.0 126.0
3 26 18.0 159.0
14 9 67.0 193.0
1 22 33.0 151.0
12 5 16.0 186.0
9 3 157.0 76.0
28 10 15.0 68.0
18 5 79.0 57.0
2 26 163.0 192.0
22 27 71.0 181.0
22 3 67.0 90.0
15 8 123.0 52.0
2 21 166.0 91.0
9 28 144.0 75.0
29 25 148.0 111.0
12 11 18.0 27.0
17 7 196.0 181.0
19 3 61.0 19.0
25 14 76.0 128.0
25 21 170.0 151.0
23 3 28.0 88.0
14 10 67.0 124.0
13 10 101.0 167.0
19 20 12.0 71.0
10 18 146.0 9.0
1 24 112.0 7.0
24 14 98.0 141.0
27 23 39.0 20.0
19 4 2.0 20.0
28 22 37.0 21.0
1 6 88.0 138.0
22 4 157.0 100.0
18 6 86.0 104.0
24 4 84.0 150.0
16 8 19.0 135.0
17 10 23.0 58.0
24 3 41.0 178.0
13 12 107.0 78.0
18 21 27.0 147.0
17 19 96.0 184.0
13 11 55.0 134.0
22 2 103.0 139.0
7 18 64.0 122.0
20 4 198.0 88.0
22 26 138.0 40.0
2 19 61.0 45.0
22 12 121.0 88.0
21 5 4.0 169.0
19 7 169.0 59.0
20 12 69.0 24.0
26 1 159.0 134.0
22 6 194.0 158.0
16 20 113.0 132.0
23 4 59.0 175.0
8 17 64.0 132.0
17 12 10.0 21.0
11 16 99.0 179.0
20 8 9.0 120.0
15 26 133.0 168.0
21 7 76.0 127.0
22 5 49.0 190.0
20 10 13.0 60.0
19 8 77.0 30.0
9 15 53.0 87.0
8 27 115.0 104.0
19 10 77.0 124.0
14 13 163.0 162.0
13 15 103.0 40.0
16 14 194.0 152.0
26 13 87.0 159.0
23 7 53.0 164.0
14 17 124.0 106.0
9 21 148.0 39.0
2 28 17.0 25.0
13 16 186.0 133.0
7 16 35.0 42.0
23 6 110.0 181.0
5 25 69.0 197.0
17 21 123.0 122.0
10 29 43.0 199.0
2 24 129.0 192.0
17 15 168.0 98.0
15 18 91.0 107.0
24 25 167.0 127.0
19 13 159.0 29.0
11 21 84.0 28.0
18 12 114.0 7.0
1 29 26.0 158.0
4 27 53.0 107.0
23 10 181.0 173.0
28 6 1.0 24.0
29 2 29.0 121.0
4 26 165.0 188.0
25 7 78.0 1.0
9 23 155.0 193.0
22 10 66.0 181.0
22 18 76.0 71.0
27 6 42.0 9.0
14 18 59.0 196.0
4 7 53.0 88.0
17 22 5.0 19.0
28 7 116.0 83.0
23 12 51.0 71.0
14 28 88.0 118.0
17 9 193.0 117.0
29 3 112.0 188.0
15 20 2.0 171.0
17 16 24.0 55.0
15 19 131.0 29.0
9 25 132.0 47.0
5 28 25.0 183.0
8 24 118.0 65.0
11 24 29.0 64.0
7 29 173.0 141.0
24 12 89.0 127.0
24 9 162.0 113.0
10 27 112.0 46.0
24 10 53.0 196.0
1 19 38.0 30.0
21 4 180.0 157.0
12 26 91.0 162.0
26 8 61.0 65.0
14 20 195.0 102.0
9 26 193.0 158.0
21 8 174.0 57.0
13 24 165.0 180.0
10 26 75.0 4.0
28 12 41.0 8.0
29 26 111.0 132.0
25 13 97.0 124.0
16 23 125.0 93.0
4 28 8.0 70.0
29 11 8.0 182.0
29 28 24.0 174.0
26 14 135.0 51.0
11 22 177.0 128.0
22 19 159.0 88.0
27 14 160.0 56.0
22 13 135.0 86.0
25 11 111.0 143.0
17 23 122.0 120.0
29 13 117.0 146.0
21 19 115.0 53.0
23 18 143.0 44.0
25 6 61.0 54.0
24 18 190.0 21.0
24 16 116.0 125.0
13 28 156.0 28.0
28 27 139.0 79.0
20 24 170.0 57.0
29 14 89.0 37.0
29 15 94.0 184.0
25 8 165.0 107.0
27 13 112.0 107.0
24 15 12.0 181.0
21 22 104.0 168.0
9 29 55.0 196.0
19 23 56.0 177.0
15 27 166.0 97.0
20 23 164.0 60.0
26 20 172.0 81.0
27 18 44.0 84.0
10 15 178.0 56.0
25 15 87.0 34.0
22 29 57.0 94.0
19 29 54.0 65.0
18 26 132.0 21.0
26 19 116.0 96.0
22 20 105.0 88.0
26 27 90.0 101.0
28 19 120.0 68.0
16 25 165.0 8.0
18 25 120.0 174.0
5 14 11.0 127.0
28 16 199.0 96.0
29 24 86.0 115.0
15 28 39.0 143.0
20 21 174.0 129.0
24 26 143.0 94.0
29 20 89.0 60.0
15 6 35.0 161.0
3 14 30.0 198.0
19 25 122.0 29.0
27 17 113.0 8.0
1 3 36.0 152.0
11 27 158.0 162.0
20 27 187.0 53.0
29 16 124.0 76.0
28 25 127.0 159.0
23 26 19.0 157.0
28 24 147.0 141.0
24 21 40.0 60.0
12 27 58.0 77.0
17 26 30.0 168.0
7 27 64.0 18.0
18 28 139.0 188.0
0
