29 406 9 10 77043
2 9 152.0 124.0
22 7 193.0 99.0
11 28 184.0 102.0
9 5 27.0 15.0
21 18 52.0 194.0
22 29 70.0 140.0
4 9 172.0 171.0
22 2 146.0 139.0
5 3 95.0 50.0
9 29 179.0 40.0
19 26 47.0 115.0
1 17 53.0 26.0
5 1 66.0 58.0
2 20 74.0 136.0
5 6 181.0 46.0
14 8 44.0 127.0
9 18 56.0 139.0
2 6 86.0 36.0
5 21 21.0 85.0
1 29 146.0 74.0
2 13 168.0 12.0
24 23 27.0 42.0
2 3 17.0 8.0
11 1 84.0 14.0
18 25 0.0 141.0
4 7 64.0 86.0
19 11 66.0 85.0
10 7 168.0 13.0
12 1 78.0 136.0
15 19 87.0 57.0
11 22 103.0 56.0
1 24 73.0 187.0
20 25 165.0 25.0
4 1 42.0 181.0
4 12 119.0 108.0
19 17 126.0 88.0
18 5 25.0 156.0
23 2 127.0 64.0
23 14 40.0 182.0
12 2 71.0 113.0
9 12 164.0 37.0
5 11 37.0 158.0
23 16 119.0 108.0
4 28 191.0 45.0
4 22 80.0 16.0
23 29 103.0 160.0
8 2 49.0 143.0
2 28 19.0 121.0
2 11 51.0 183.0
13 19 165.0 88.0
5 19 3.0 84.0
1 7 70.0 194.0
18 6 106.0 103.0
3 7 102.0 161.0
7 13 174.0 103.0
3 18 114.0 145.0
20 28 63.0 166.0
9 28 132.0 28.0
9 10 101.0 136.0
13 24 85.0 123.0
21 26 41.0 192.0
15 14 151.0 95.0
27 29 130.0 77.0
7 6 110.0 45.0
27 18 123.0 125.0
8 3 77.0 55.0
4 6 69.0 178.0
22 9 119.0 154.0
6 25 73.0 113.0
10 25 118.0 24.0
16 1 135.0 48.0
21 6 177.0 197.0
15 10 82.0 100.0
7 2 198.0 159.0
8 1 173.0 19.0
8 4 174.0 45.0
4 3 28.0 48.0
19 18 78.0 146.0
11 13 153.0 165.0
11 29 104.0 131.0
9 3 15.0 138.0
10 11 191.0 13.0
16 18 33.0 164.0
18 28 30.0 7.0
10 2 38.0 10.0
27 19 158.0 68.0
23 1 198.0 63.0
29 25 87.0 55.0
27 1 117.0 102.0
12 14 133.0 108.0
23 11 58.0 166.0
9 6 58.0 40.0
22 10 165.0 48.0
20 29 13.0 75.0
21 11 152.0 163.0
11 6 63.0 39.0
1 13 55.0 181.0
18 7 62.0 140.0
3 6 157.0 72.0
11 4 70.0 15.0
8 6 26.0 188.0
14 13 184.0 191.0
15 5 192.0 88.0
3 14 89.0 55.0
9 21 134.0 96.0
20 13 0.0 148.0
10 1 80.0 157.0
5 10 105.0 151.0
24 17 70.0 83.0
21 14 61.0 6.0
10 19 57.0 53.0
1 14 98.0 146.0
14 6 31.0 184.0
12 3 174.0 183.0
4 2 94.0 7.0
3 11 157.0 199.0
8 10 155.0 179.0
2 5 40.0 168.0
9 8 158.0 98.0
15 18 35.0 8.0
16 21 118.0 66.0
17 16 84.0 44.0
3 13 112.0 178.0
6 27 10.0 69.0
18 26 23.0 118.0
26 22 19.0 64.0
7 15 46.0 177.0
24 4 149.0 81.0
24 25 109.0 67.0
7 5 195.0 193.0
15 4 125.0 107.0
12 7 17.0 87.0
1 15 163.0 192.0
15 17 8.0 182.0
6 10 33.0 54.0
23 6 129.0 182.0
22 12 190.0 38.0
6 12 29.0 185.0
4 14 161.0 106.0
1 18 149.0 130.0
16 11 147.0 112.0
28 25 5.0 155.0
15 29 5.0 190.0
26 15 90.0 134.0
18 13 193.0 81.0
3 16 15.0 174.0
3 10 83.0 176.0
25 12 130.0 32.0
3 15 63.0 78.0
8 12 51.0 69.0
21 12 99.0 8.0
16 4 63.0 190.0
8 15 78.0 56.0
21 17 0.0 93.0
2 15 91.0 36.0
18 20 11.0 173.0
1 2 163.0 75.0
15 9 136.0 15.0
4 13 44.0 35.0
5 24 88.0 107.0
9 7 138.0 118.0
14 24 163.0 90.0
22 17 63.0 6.0
11 7 16.0 27.0
2 14 172.0 179.0
3 17 9.0 60.0
14 7 40.0 5.0
2 18 73.0 80.0
20 3 80.0 163.0
26 3 147.0 43.0
19 2 127.0 162.0
13 15 163.0 143.0
23 5 145.0 87.0
12 16 191.0 155.0
9 25 20.0 183.0
14 5 158.0 45.0
13 29 25.0 38.0
11 8 43.0 172.0
21 23 167.0 123.0
19 4 120.0 82.0
29 6 115.0 65.0
21 8 64.0 58.0
25 5 62.0 36.0
15 20 121.0 21.0
2 17 106.0 146.0
24 22 31.0 101.0
5 8 34.0 150.0
19 1 40.0 154.0
6 15 72.0 155.0
22 15 29.0 89.0
19 9 66.0 44.0
28 23 50.0 139.0
26 24 73.0 156.0
20 1 66.0 57.0
12 5 29.0 53.0
26 2 147.0 70.0
9 13 28.0 172.0
17 5 103.0 9.0
19 3 146.0 121.0
16 2 147.0 196.0
21 3 158.0 172.0
4 10 197.0 25.0
27 8 133.0 179.0
17 4 73.0 81.0
16 20 74.0 101.0
16 25 52.0 129.0
7 8 34.0 198.0
5 16 113.0 133.0
7 17 15.0 72.0
21 2 180.0 12.0
11 12 20.0 114.0
19 14 171.0 93.0
16 9 18.0 197.0
8 22 173.0 22.0
28 3 145.0 159.0
29 24 172.0 10.0
9 14 142.0 187.0
22 16 66.0 75.0
24 2 39.0 87.0
17 8 192.0 162.0
25 14 136.0 162.0
28 26 167.0 61.0
20 10 77.0 64.0
13 6 120.0 49.0
26 13 145.0 15.0
21 4 139.0 163.0
20 4 23.0 178.0
12 28 14.0 167.0
16 6 90.0 150.0
9 11 71.0 10.0
18 4 1.0 100.0
6 26 11.0 121.0
1 21 182.0 108.0
1 25 113.0 73.0
14 16 9.0 136.0
10 12 197.0 23.0
7 16 98.0 40.0
1 22 71.0 121.0
10 16 178.0 72.0
4 27 14.0 141.0
10 26 13.0 148.0
14 11 98.0 126.0
17 9 123.0 107.0
11 17 55.0 72.0
23 18 95.0 105.0
2 29 143.0 119.0
23 3 123.0 121.0
10 27 124.0 89.0
10 17 39.0 89.0
26 11 141.0 138.0
12 13 5.0 64.0
19 7 39.0 12.0
18 8 68.0 135.0
6 17 46.0 11.0
5 20 39.0 121.0
4 23 113.0 115.0
6 20 115.0 152.0
24 3 106.0 57.0
20 7 120.0 63.0
19 22 164.0 159.0
22 23 191.0 32.0
27 3 2.0 37.0
5 22 177.0 193.0
13 16 73.0 90.0
12 17 187.0 189.0
9 1 125.0 45.0
2 25 34.0 197.0
28 10 79.0 198.0
4 25 159.0 70.0
24 8 56.0 113.0
28 14 92.0 185.0
8 20 182.0 118.0
17 26 154.0 170.0
20 14 128.0 31.0
10 18 11.0 162.0
6 22 44.0 43.0
3 25 175.0 155.0
6 19 48.0 31.0
28 1 94.0 141.0
7 21 65.0 76.0
12 18 127.0 19.0
11 18 194.0 55.0
22 3 120.0 5.0
12 15 81.0 116.0
17 13 191.0 56.0
21 13 20.0 192.0
28 7 4.0 114.0
26 5 14.0 69.0
1 6 59.0 93.0
24 6 179.0 5.0
21 10 57.0 51.0
5 13 77.0 138.0
26 4 133.0 21.0
14 17 99.0 153.0
18 14 194.0 103.0
7 24 8.0 160.0
23 7 112.0 20.0
19 20 176.0 91.0
8 16 152.0 33.0
23 9 102.0 181.0
5 27 160.0 187.0
25 8 17.0 11.0
23 8 180.0 163.0
10 23 106.0 140.0
12 20 186.0 170.0
3 29 78.0 114.0
12 19 66.0 182.0
16 15 43.0 121.0
24 10 86.0 155.0
13 10 18.0 55.0
24 9 174.0 198.0
27 7 127.0 33.0
26 12 93.0 113.0
28 5 173.0 124.0
4 29 100.0 191.0
1 26 189.0 143.0
28 19 78.0 27.0
29 7 2.0 97.0
5 29 148.0 128.0
20 23 190.0 27.0
26 8 86.0 35.0
24 20 197.0 59.0
23 25 88.0 97.0
11 24 192.0 29.0
28 8 13.0 70.0
29 8 144.0 167.0
20 22 105.0 44.0
22 13 30.0 47.0
16 19 34.0 116.0
22 14 12.0 183.0
28 6 196.0 53.0
25 19 68.0 188.0
9 26 134.0 33.0
17 18 49.0 30.0
11 15 113.0 107.0
27 2 14.0 143.0
8 19 136.0 48.0
27 12 67.0 100.0
15 24 89.0 64.0
26 14 31.0 110.0
11 27 50.0 117.0
23 13 0.0 51.0
25 13 73.0 113.0
15 23 158.0 87.0
20 21 157.0 94.0
12 29 136.0 176.0
12 24 88.0 177.0
9 20 116.0 71.0
25 15 183.0 118.0
7 26 14.0 183.0
27 14 1.0 87.0
22 18 75.0 160.0
20 17 85.0 184.0
23 19 6.0 173.0
13 28 102.0 94.0
15 21 173.0 18.0
26 16 98.0 156.0
19 21 195.0 113.0
24 18 195.0 197.0
15 27 45.0 22.0
9 27 173.0 82.0
14 29 120.0 179.0
14 10 197.0 22.0
21 22 154.0 123.0
17 25 44.0 52.0
28 15 62.0 192.0
29 28 101.0 10.0
17 27 69.0 146.0
29 21 158.0 42.0
10 29 195.0 78.0
21 24 94.0 145.0
16 29 30.0 48.0
29 18 174.0 26.0
25 26 192.0 189.0
24 27 161.0 45.0
27 16 22.0 183.0
20 27 160.0 180.0
12 23 150.0 108.0
24 19 11.0 44.0
17 23 124.0 193.0
26 27 172.0 51.0
22 28 149.0 117.0
13 27 174.0 63.0
28 17 30.0 149.0
27 28 174.0 142.0
17 29 106.0 124.0
21 27 128.0 69.0
25 11 168.0 53.0
27 23 24.0 92.0
11 20 87.0 173.0
26 20 182.0 13.0
21 25 58.0 164.0
29 19 136.0 184.0
26 29 12.0 194.0
22 27 100.0 93.0
24 28 64.0 68.0
1 3 50.0 88.0
24 16 150.0 89.0
4 5 37.0 132.0
13 8 61.0 47.0
22 25 15.0 197.0
26 23 26.0 180.0
27 25 190.0 126.0
28 16 125.0 54.0
7 25 85.0 175.0
28 21 111.0 35.0
0
