25 300 9 12 16773
24 20 58.0 177.0
6 5 100.0 58.0
14 22 18.0 24.0
8 17 113.0 116.0
14 16 93.0 130.0
9 22 132.0 99.0
2 5 139.0 105.0
8 2 71.0 39.0
5 17 0.0 81.0
15 16 177.0 52.0
12 4 70.0 148.0
23 15 110.0 183.0
7 16 89.0 3.0
15 6 46.0 173.0
15 4 160.0 137.0
12 2 65.0 183.0
20 16 183.0 17.0
6 23 43.0 113.0
1 12 99.0 113.0
1 24 83.0 9.0
7 3 80.0 172.0
21 24 86.0 78.0
2 16 115.0 198.0
19 7 39.0 180.0
22 1 3.0 174.0
23 13 174.0 46.0
24 12 25.0 74.0
8 1 26.0 108.0
3 9 124.0 106.0
7 10 107.0 10.0
2 9 94.0 22.0
16 6 188.0 133.0
7 1 29.0 144.0
21 16 143.0 155.0
3 5 14.0 169.0
18 5 169.0 40.0
13 24 193.0 94.0
8 5 33.0 53.0
16 3 7.0 79.0
8 13 39.0 147.0
22 17 66.0 20.0
2 4 136.0 162.0
8 9 174.0 102.0
13 18 175.0 144.0
18 16 26.0 120.0
22 24 111.0 59.0
5 4 135.0 70.0
3 19 125.0 127.0
10 25 143.0 192.0
5 1 185.0 79.0
15 9 53.0 159.0
3 6 19.0 28.0
23 25 44.0 45.0
25 7 27.0 107.0
22 4 0.0 115.0
22 18 57.0 126.0
17 21 169.0 1.0
3 4 117.0 154.0
17 16 193.0 170.0
24 2 70.0 165.0
3 11 126.0 114.0
18 25 165.0 106.0
3 22 100.0 166.0
6 7 108.0 109.0
15 11 42.0 29.0
21 9 13.0 159.0
2 7 74.0 158.0
8 24 84.0 144.0
8 4 153.0 163.0
11 20 89.0 70.0
18 12 57.0 141.0
1 6 146.0 165.0
14 21 8.0 188.0
6 25 83.0 21.0
10 1 165.0 157.0
6 4 141.0 50.0
6 8 2.0 46.0
10 17 28.0 91.0
4 7 137.0 85.0
8 3 147.0 36.0
25 2 32.0 155.0
2 3 9.0 115.0
13 1 67.0 174.0
5 25 96.0 160.0
5 9 175.0 98.0
2 17 83.0 155.0
24 18 7.0 173.0
21 10 96.0 155.0
11 13 13.0 80.0
19 24 155.0 22.0
24 23 4.0 174.0
22 10 163.0 100.0
7 9 70.0 90.0
14 2 64.0 154.0
14 5 185.0 23.0
14 6 25.0 34.0
21 15 88.0 39.0
15 12 187.0 195.0
9 20 32.0 143.0
6 19 99.0 195.0
19 13 84.0 121.0
2 10 74.0 100.0
4 11 194.0 11.0
7 23 151.0 20.0
8 7 78.0 191.0
23 12 131.0 18.0
6 12 10.0 115.0
6 13 150.0 61.0
25 9 135.0 35.0
14 1 117.0 161.0
12 25 170.0 63.0
23 11 186.0 121.0
22 16 71.0 16.0
5 7 7.0 154.0
22 20 1.0 169.0
9 4 182.0 151.0
17 14 128.0 69.0
11 1 189.0 197.0
8 12 181.0 159.0
24 9 47.0 167.0
15 2 149.0 118.0
21 23 166.0 108.0
13 3 176.0 167.0
6 11 179.0 158.0
13 2 187.0 59.0
11 8 69.0 128.0
19 14 118.0 50.0
5 13 171.0 165.0
6 9 75.0 72.0
10 5 152.0 41.0
14 11 128.0 128.0
6 10 143.0 59.0
18 19 29.0 82.0
2 11 45.0 99.0
11 9 124.0 164.0
22 5 176.0 47.0
3 15 24.0 51.0
5 20 119.0 177.0
4 10 186.0 47.0
20 7 163.0 82.0
1 15 152.0 193.0
1 18 26.0 198.0
19 15 64.0 150.0
4 16 160.0 192.0
20 19 73.0 137.0
13 17 43.0 193.0
5 15 20.0 182.0
25 15 76.0 183.0
9 1 156.0 28.0
23 4 166.0 182.0
18 9 88.0 182.0
3 10 151.0 0.0
21 13 10.0 177.0
10 9 79.0 5.0
15 13 165.0 51.0
13 4 32.0 193.0
16 23 87.0 188.0
3 21 45.0 5.0
11 7 90.0 133.0
16 11 37.0 41.0
1 21 130.0 199.0
18 6 7.0 161.0
3 17 196.0 124.0
25 19 114.0 28.0
14 7 44.0 153.0
16 10 98.0 41.0
18 2 166.0 188.0
13 7 187.0 155.0
3 12 44.0 117.0
4 14 56.0 3.0
19 4 194.0 52.0
22 8 90.0 60.0
8 10 43.0 134.0
1 4 176.0 141.0
3 14 66.0 142.0
13 25 14.0 53.0
5 24 68.0 59.0
18 3 149.0 125.0
11 10 140.0 96.0
5 16 66.0 182.0
25 20 199.0 61.0
23 5 51.0 175.0
12 10 98.0 118.0
10 13 75.0 64.0
1 20 104.0 144.0
14 9 184.0 6.0
11 5 16.0 77.0
18 4 37.0 35.0
9 13 125.0 36.0
17 4 38.0 177.0
3 20 104.0 88.0
17 6 73.0 180.0
6 2 22.0 129.0
17 7 199.0 7.0
15 10 152.0 168.0
2 20 72.0 189.0
25 3 102.0 149.0
15 8 79.0 141.0
17 1 152.0 183.0
20 4 67.0 25.0
19 5 192.0 89.0
4 21 31.0 192.0
7 15 76.0 135.0
21 2 14.0 100.0
1 16 147.0 117.0
11 12 157.0 178.0
7 18 78.0 109.0
5 12 173.0 145.0
2 23 35.0 165.0
14 10 63.0 66.0
23 3 136.0 91.0
21 5 84.0 151.0
6 20 25.0 184.0
13 12 173.0 134.0
2 22 106.0 51.0
12 14 27.0 31.0
7 22 114.0 62.0
23 1 79.0 129.0
21 6 113.0 16.0
15 20 61.0 150.0
17 12 73.0 38.0
18 8 77.0 198.0
1 25 155.0 183.0
24 15 181.0 135.0
12 16 20.0 47.0
7 12 161.0 52.0
14 13 66.0 27.0
17 9 182.0 128.0
4 24 63.0 55.0
17 11 164.0 140.0
2 19 158.0 72.0
8 20 156.0 139.0
10 18 35.0 176.0
21 8 18.0 196.0
3 1 139.0 36.0
7 21 167.0 73.0
19 8 126.0 183.0
3 24 93.0 43.0
15 14 144.0 51.0
11 18 182.0 100.0
19 9 150.0 17.0
23 8 10.0 120.0
10 20 46.0 101.0
6 24 156.0 165.0
8 14 141.0 34.0
8 16 79.0 35.0
24 14 74.0 23.0
25 8 63.0 9.0
16 9 162.0 165.0
22 11 86.0 172.0
23 9 115.0 84.0
11 21 8.0 71.0
13 16 78.0 150.0
20 13 135.0 157.0
6 22 109.0 162.0
10 23 9.0 172.0
25 16 46.0 172.0
18 15 17.0 132.0
20 17 75.0 132.0
20 14 71.0 84.0
12 22 52.0 149.0
19 11 50.0 139.0
12 20 95.0 159.0
22 15 126.0 57.0
25 11 101.0 172.0
24 7 152.0 119.0
25 4 145.0 179.0
19 17 172.0 17.0
16 19 28.0 176.0
17 18 168.0 31.0
20 21 145.0 15.0
21 18 152.0 23.0
14 25 83.0 54.0
10 19 131.0 187.0
14 23 87.0 77.0
18 23 87.0 11.0
17 15 45.0 68.0
17 25 128.0 165.0
24 17 172.0 25.0
22 21 11.0 76.0
23 22 104.0 94.0
22 13 88.0 35.0
12 9 85.0 127.0
23 20 27.0 173.0
19 23 37.0 72.0
19 12 37.0 165.0
22 19 128.0 9.0
18 14 92.0 139.0
24 10 80.0 196.0
12 21 18.0 168.0
11 24 159.0 103.0
25 22 17.0 138.0
1 19 65.0 6.0
25 24 123.0 103.0
19 21 59.0 52.0
20 18 23.0 103.0
25 21 195.0 103.0
17 23 84.0 13.0
1 2 105.0 195.0
24 16 167.0 74.0
0
