28 378 16 19 73804
12 15 43.0 140.0
7 15 56.0 143.0
15 27 80.0 100.0
11 19 196.0 2.0
19 17 27.0 14.0
19 27 32.0 114.0
18 28 68.0 184.0
25 2 155.0 116.0
1 18 186.0 198.0
4 27 97.0 194.0
25 3 6.0 130.0
22 25 27.0 154.0
13 22 150.0 54.0
4 6 160.0 182.0
5 24 120.0 29.0
9 10 104.0 27.0
27 14 102.0 43.0
12 18 95.0 151.0
5 18 41.0 53.0
14 17 89.0 68.0
22 28 172.0 192.0
5 7 44.0 132.0
2 10 26.0 116.0
4 24 165.0 82.0
9 26 144.0 19.0
9 1 199.0 191.0
1 7 74.0 192.0
18 17 134.0 115.0
16 24 27.0 58.0
15 3 79.0 71.0
25 16 67.0 57.0
23 25 155.0 32.0
6 9 84.0 99.0
24 27 83.0 35.0
28 8 92.0 109.0
9 2 23.0 178.0
2 4 118.0 3.0
16 11 187.0 150.0
11 28 96.0 54.0
8 3 69.0 51.0
11 23 169.0 105.0
6 26 32.0 5.0
4 7 112.0 125.0
4 16 176.0 136.0
17 20 175.0 46.0
14 25 179.0 162.0
9 5 55.0 28.0
19 16 1.0 124.0
23 3 31.0 122.0
11 1 147.0 15.0
27 21 85.0 60.0
2 5 40.0 61.0
8 1 52.0 167.0
5 3 164.0 184.0
12 2 159.0 20.0
24 17 33.0 112.0
19 28 153.0 16.0
7 17 108.0 101.0
4 3 72.0 194.0
6 12 148.0 64.0
12 4 76.0 0.0
6 1 65.0 40.0
9 25 0.0 25.0
14 22 139.0 33.0
21 7 143.0 93.0
7 23 62.0 3.0
24 14 120.0 135.0
10 24 176.0 68.0
28 9 151.0 52.0
22 18 161.0 17.0
26 19 118.0 161.0
5 6 160.0 58.0
18 16 87.0 55.0
10 11 60.0 149.0
5 4 165.0 180.0
6 2 75.0 141.0
1 3 129.0 26.0
20 8 152.0 91.0
26 1 73.0 71.0
24 22 100.0 185.0
21 9 185.0 187.0
19 10 58.0 45.0
14 2 65.0 23.0
12 3 197.0 140.0
5 10 6.0 127.0
8 5 56.0 158.0
23 22 174.0 81.0
9 3 198.0 26.0
13 1 60.0 135.0
28 21 180.0 119.0
22 11 86.0 46.0
1 5 26.0 36.0
10 8 76.0 32.0
2 20 107.0 132.0
13 14 139.0 33.0
8 7 41.0 89.0
27 6 185.0 101.0
1 12 171.0 117.0
24 28 182.0 9.0
15 22 15.0 9.0
1 14 93.0 91.0
5 12 13.0 153.0
9 15 171.0 104.0
23 26 128.0 12.0
3 19 32.0 113.0
3 20 9.0 155.0
2 3 104.0 192.0
23 2 170.0 72.0
27 28 35.0 16.0
12 10 31.0 48.0
24 13 154.0 155.0
14 3 20.0 34.0
14 21 176.0 4.0
4 10 181.0 185.0
3 7 85.0 86.0
15 1 29.0 8.0
1 10 116.0 64.0
14 5 100.0 100.0
17 4 65.0 6.0
27 2 112.0 85.0
22 6 72.0 40.0
2 11 124.0 53.0
16 20 37.0 161.0
26 18 27.0 66.0
3 13 138.0 143.0
15 24 114.0 39.0
11 6 177.0 180.0
19 22 27.0 41.0
28 14 107.0 51.0
7 6 165.0 183.0
9 18 150.0 155.0
7 2 60.0 177.0
6 10 154.0 198.0
1 16 70.0 69.0
17 1 25.0 199.0
11 13 77.0 5.0
26 25 84.0 185.0
5 13 62.0 49.0
8 6 132.0 12.0
3 22 138.0 192.0
6 3 81.0 44.0
9 7 119.0 104.0
19 12 85.0 144.0
25 6 73.0 114.0
4 8 23.0 157.0
1 28 37.0 85.0
28 6 197.0 169.0
27 18 4.0 87.0
21 17 140.0 37.0
18 2 64.0 11.0
14 8 149.0 101.0
3 16 167.0 22.0
4 21 39.0 142.0
2 15 158.0 28.0
10 3 20.0 156.0
17 2 71.0 176.0
9 8 77.0 11.0
13 6 160.0 141.0
15 5 91.0 109.0
10 28 76.0 10.0
3 11 154.0 67.0
4 11 162.0 113.0
15 6 61.0 134.0
25 19 48.0 85.0
12 25 190.0 125.0
13 7 105.0 150.0
17 3 173.0 148.0
28 15 158.0 2.0
19 18 147.0 65.0
14 6 115.0 61.0
16 8 119.0 129.0
3 18 140.0 119.0
27 1 37.0 131.0
14 4 178.0 94.0
14 7 188.0 152.0
6 16 119.0 98.0
14 9 45.0 66.0
7 10 196.0 112.0
4 13 187.0 116.0
13 2 174.0 127.0
5 11 198.0 163.0
9 23 137.0 177.0
13 8 109.0 77.0
24 8 162.0 180.0
1 19 184.0 7.0
6 17 103.0 181.0
18 14 25.0 90.0
11 9 20.0 199.0
13 19 120.0 171.0
25 13 177.0 9.0
10 23 16.0 38.0
14 11 104.0 178.0
13 27 93.0 89.0
12 11 27.0 148.0
12 7 59.0 52.0
2 19 139.0 32.0
4 15 90.0 11.0
1 20 132.0 19.0
23 6 72.0 148.0
28 7 43.0 176.0
5 16 178.0 88.0
16 7 62.0 158.0
13 10 138.0 122.0
2 22 132.0 29.0
26 22 12.0 22.0
1 22 72.0 96.0
14 10 79.0 144.0
4 18 43.0 122.0
11 8 177.0 173.0
19 6 130.0 192.0
21 2 60.0 20.0
6 18 33.0 192.0
18 8 104.0 197.0
15 8 12.0 176.0
4 19 115.0 91.0
9 16 82.0 110.0
24 1 32.0 12.0
8 12 165.0 162.0
7 27 194.0 25.0
10 15 26.0 27.0
22 4 144.0 130.0
18 11 62.0 156.0
13 12 74.0 129.0
24 2 45.0 157.0
25 10 99.0 29.0
22 8 195.0 65.0
18 7 109.0 141.0
7 11 196.0 135.0
21 6 117.0 140.0
28 2 109.0 131.0
23 1 165.0 183.0
13 9 32.0 163.0
5 19 186.0 84.0
5 26 13.0 133.0
5 20 3.0 122.0
7 26 42.0 199.0
17 8 5.0 111.0
23 4 93.0 114.0
14 12 107.0 11.0
19 7 4.0 92.0
16 2 6.0 142.0
21 5 172.0 20.0
6 20 49.0 176.0
19 8 34.0 91.0
16 12 64.0 192.0
15 11 100.0 158.0
17 9 51.0 160.0
24 9 13.0 7.0
20 4 113.0 172.0
3 24 32.0 85.0
5 22 142.0 81.0
9 20 64.0 129.0
20 26 77.0 129.0
26 2 88.0 177.0
25 4 103.0 91.0
19 9 129.0 68.0
12 17 81.0 42.0
25 21 71.0 65.0
14 23 186.0 165.0
19 23 102.0 3.0
20 13 147.0 179.0
18 10 131.0 35.0
13 16 195.0 186.0
12 9 79.0 77.0
10 17 183.0 112.0
16 14 93.0 54.0
1 25 50.0 31.0
11 17 34.0 104.0
15 13 41.0 181.0
17 5 197.0 124.0
6 24 126.0 193.0
15 14 68.0 5.0
1 21 141.0 51.0
20 23 75.0 186.0
3 27 0.0 77.0
4 26 122.0 34.0
16 15 15.0 164.0
16 17 133.0 13.0
24 19 172.0 59.0
3 26 121.0 40.0
24 20 86.0 62.0
26 13 35.0 113.0
21 10 22.0 36.0
4 9 43.0 144.0
21 11 77.0 59.0
22 9 52.0 163.0
11 20 162.0 176.0
7 22 30.0 83.0
12 23 65.0 117.0
25 5 68.0 52.0
24 7 48.0 42.0
28 4 5.0 44.0
23 5 100.0 82.0
27 5 61.0 104.0
20 7 11.0 175.0
21 15 60.0 42.0
21 12 159.0 77.0
18 13 18.0 179.0
15 19 137.0 67.0
26 28 160.0 142.0
8 23 149.0 13.0
24 11 42.0 162.0
25 8 198.0 5.0
21 8 160.0 10.0
15 20 156.0 71.0
19 14 195.0 174.0
5 28 185.0 132.0
25 7 126.0 98.0
23 16 72.0 27.0
17 26 130.0 66.0
26 8 178.0 129.0
27 9 86.0 138.0
16 10 52.0 42.0
10 26 36.0 47.0
20 12 18.0 173.0
22 20 55.0 97.0
28 3 67.0 128.0
12 24 96.0 197.0
27 10 194.0 26.0
13 23 197.0 80.0
21 16 89.0 1.0
20 10 52.0 77.0
18 21 32.0 23.0
20 18 112.0 87.0
25 20 14.0 179.0
10 22 84.0 63.0
28 13 73.0 30.0
27 11 83.0 22.0
23 18 179.0 124.0
26 12 2.0 183.0
27 8 134.0 34.0
20 19 179.0 198.0
15 26 59.0 193.0
15 18 114.0 144.0
20 14 104.0 188.0
25 17 77.0 139.0
26 16 9.0 8.0
25 18 77.0 12.0
17 22 85.0 11.0
27 12 18.0 64.0
23 17 199.0 77.0
11 25 116.0 113.0
27 17 193.0 20.0
16 27 2.0 70.0
22 12 49.0 11.0
19 21 29.0 126.0
24 26 150.0 114.0
27 20 192.0 120.0
26 21 158.0 143.0
23 21 127.0 74.0
17 15 126.0 120.0
21 3 37.0 128.0
21 22 53.0 86.0
18 24 193.0 82.0
12 28 154.0 143.0
28 25 19.0 98.0
25 27 89.0 129.0
17 28 160.0 17.0
8 2 7.0 86.0
27 26 110.0 196.0
11 26 124.0 163.0
15 25 149.0 117.0
21 13 178.0 103.0
22 27 43.0 150.0
21 20 93.0 132.0
24 23 84.0 53.0
27 23 127.0 43.0
23 15 115.0 190.0
24 21 168.0 191.0
25 24 50.0 117.0
26 14 103.0 181.0
20 28 122.0 146.0
28 23 45.0 167.0
16 22 179.0 130.0
16 28 74.0 106.0
1 4 86.0 141.0
2 1 57.0 54.0
17 13 19.0 60.0
0
