24 276 8 23 16389
23 19 186.0 38.0
17 24 197.0 29.0
9 6 81.0 67.0
22 24 21.0 3.0
11 18 176.0 143.0
9 1 57.0 99.0
4 18 30.0 63.0
23 15 76.0 47.0
9 23 49.0 62.0
22 12 93.0 46.0
18 3 46.0 174.0
18 19 19.0 67.0
12 4 50.0 147.0
11 23 102.0 60.0
16 20 197.0 132.0
2 13 81.0 73.0
11 8 199.0 82.0
20 18 196.0 93.0
2 5 172.0 42.0
2 9 193.0 143.0
1 11 75.0 195.0
9 24 72.0 129.0
11 14 179.0 69.0
2 8 115.0 13.0
15 8 65.0 115.0
17 9 171.0 61.0
12 8 81.0 95.0
6 23 93.0 26.0
9 22 17.0 120.0
22 18 15.0 89.0
24 15 8.0 195.0
22 1 140.0 124.0
3 9 32.0 5.0
2 6 82.0 3.0
11 4 143.0 115.0
5 1 170.0 37.0
4 6 48.0 139.0
16 5 22.0 63.0
11 19 96.0 30.0
7 4 26.0 36.0
7 5 48.0 58.0
21 14 87.0 83.0
17 7 106.0 30.0
13 12 7.0 76.0
10 16 136.0 7.0
12 23 85.0 110.0
18 13 3.0 133.0
24 2 96.0 29.0
12 16 127.0 97.0
6 13 117.0 14.0
19 6 70.0 23.0
9 4 41.0 29.0
11 13 13.0 129.0
6 3 44.0 51.0
13 1 83.0 47.0
3 7 125.0 179.0
6 5 121.0 52.0
1 20 187.0 39.0
1 15 128.0 9.0
19 24 84.0 122.0
4 20 38.0 50.0
4 22 79.0 82.0
22 19 199.0 162.0
8 6 131.0 76.0
8 4 178.0 53.0
6 1 164.0 117.0
4 10 124.0 44.0
12 2 97.0 9.0
3 4 21.0 136.0
1 3 5.0 100.0
13 7 163.0 157.0
5 4 29.0 47.0
19 21 14.0 160.0
11 2 2.0 130.0
21 24 178.0 79.0
1 8 119.0 76.0
12 5 115.0 140.0
14 1 35.0 72.0
15 14 66.0 150.0
3 13 129.0 47.0
10 24 193.0 144.0
9 7 49.0 148.0
18 12 199.0 28.0
10 3 70.0 118.0
21 20 2.0 137.0
4 2 162.0 37.0
6 7 54.0 180.0
5 10 139.0 183.0
7 8 80.0 84.0
11 17 59.0 129.0
12 3 182.0 58.0
14 2 33.0 4.0
21 6 143.0 36.0
11 6 94.0 57.0
6 10 55.0 148.0
2 20 108.0 146.0
2 7 173.0 140.0
8 10 130.0 32.0
11 5 96.0 113.0
8 3 64.0 82.0
1 10 66.0 7.0
5 9 13.0 160.0
23 13 23.0 20.0
9 8 10.0 83.0
13 8 163.0 183.0
14 4 128.0 94.0
4 16 135.0 176.0
21 3 143.0 199.0
1 23 176.0 9.0
8 18 182.0 189.0
3 5 77.0 157.0
17 1 75.0 87.0
17 16 13.0 191.0
16 22 50.0 93.0
5 15 128.0 137.0
12 1 9.0 72.0
23 2 22.0 185.0
20 15 136.0 4.0
8 5 14.0 13.0
7 10 123.0 41.0
13 17 163.0 136.0
2 16 121.0 165.0
13 15 132.0 50.0
15 3 36.0 93.0
3 11 110.0 58.0
21 15 43.0 199.0
9 21 34.0 57.0
6 12 141.0 157.0
12 7 161.0 56.0
5 22 80.0 82.0
12 21 17.0 164.0
23 3 66.0 6.0
13 5 45.0 128.0
8 24 159.0 88.0
13 19 109.0 193.0
14 24 136.0 51.0
11 7 177.0 97.0
10 13 108.0 9.0
10 9 79.0 78.0
24 5 120.0 145.0
21 2 83.0 165.0
2 22 197.0 194.0
13 4 52.0 106.0
19 1 144.0 189.0
10 23 98.0 121.0
7 1 43.0 158.0
16 13 39.0 122.0
9 12 77.0 111.0
14 6 149.0 112.0
18 1 185.0 98.0
17 2 42.0 189.0
16 3 179.0 138.0
15 4 43.0 29.0
3 14 196.0 38.0
2 15 1.0 35.0
2 10 176.0 78.0
7 23 8.0 77.0
14 7 48.0 145.0
14 23 47.0 42.0
2 18 138.0 27.0
17 6 132.0 133.0
15 7 173.0 129.0
14 8 64.0 174.0
2 19 141.0 192.0
5 14 44.0 101.0
22 15 130.0 92.0
6 24 150.0 130.0
6 16 59.0 88.0
17 4 114.0 191.0
3 17 78.0 87.0
6 22 156.0 94.0
9 11 59.0 49.0
21 1 57.0 55.0
22 13 82.0 139.0
5 17 54.0 184.0
18 5 96.0 113.0
15 10 143.0 10.0
16 7 118.0 173.0
7 20 127.0 26.0
9 14 165.0 138.0
12 19 176.0 174.0
5 19 81.0 11.0
12 11 17.0 135.0
16 8 170.0 113.0
20 5 83.0 113.0
21 16 186.0 154.0
9 13 12.0 65.0
14 10 187.0 177.0
18 7 44.0 116.0
1 24 55.0 125.0
22 3 46.0 73.0
22 11 167.0 168.0
15 19 90.0 3.0
20 3 179.0 29.0
11 10 2.0 143.0
2 3 0.0 141.0
14 12 96.0 196.0
17 8 163.0 103.0
9 16 99.0 161.0
6 15 33.0 67.0
13 14 141.0 75.0
15 9 124.0 120.0
3 19 153.0 126.0
12 10 16.0 106.0
5 21 166.0 112.0
11 15 14.0 81.0
21 4 163.0 113.0
13 21 192.0 148.0
11 16 37.0 133.0
4 23 135.0 162.0
24 4 62.0 40.0
18 6 138.0 78.0
18 15 177.0 56.0
21 8 6.0 143.0
19 8 56.0 169.0
7 21 47.0 48.0
22 7 28.0 37.0
20 8 114.0 163.0
19 9 100.0 176.0
15 16 103.0 190.0
18 10 11.0 32.0
10 20 114.0 17.0
23 5 77.0 122.0
24 3 4.0 76.0
24 7 197.0 184.0
20 11 104.0 111.0
16 14 158.0 4.0
7 19 148.0 62.0
20 9 127.0 159.0
17 12 158.0 193.0
12 20 27.0 187.0
24 16 96.0 183.0
22 10 41.0 93.0
19 14 123.0 145.0
21 11 42.0 34.0
8 23 39.0 190.0
17 14 116.0 118.0
19 10 50.0 26.0
18 16 67.0 29.0
22 14 6.0 115.0
12 15 103.0 47.0
21 10 111.0 26.0
17 20 94.0 105.0
13 20 107.0 85.0
17 21 131.0 175.0
20 6 96.0 133.0
18 23 44.0 115.0
18 17 114.0 50.0
19 20 58.0 17.0
18 9 193.0 169.0
22 20 20.0 39.0
14 20 175.0 127.0
16 19 101.0 59.0
2 1 24.0 149.0
17 23 89.0 69.0
23 24 188.0 3.0
22 21 68.0 46.0
18 21 176.0 14.0
8 22 69.0 148.0
23 22 163.0 196.0
24 20 188.0 16.0
1 4 59.0 12.0
14 18 27.0 100.0
1 16 178.0 15.0
12 24 196.0 199.0
24 11 175.0 124.0
4 19 149.0 196.0
23 20 32.0 64.0
16 23 0.0 20.0
19 17 28.0 11.0
24 13 75.0 55.0
18 24 196.0 53.0
17 15 17.0 145.0
23 21 36.0 193.0
10 17 43.0 185.0
17 22 183.0 27.0
0
