27 351 20 17 3555
8 3 23.0 132.0
15 1 72.0 10.0
2 12 23.0 40.0
19 25 195.0 54.0
22 19 38.0 173.0
23 21 78.0 163.0
25 12 92.0 152.0
17 3 43.0 83.0
21 7 7.0 18.0
1 5 155.0 79.0
14 3 64.0 178.0
17 23 31.0 60.0
5 2 13.0 22.0
1 14 40.0 43.0
25 3 55.0 132.0
5 11 9.0 50.0
6 8 113.0 168.0
10 11 196.0 68.0
2 25 144.0 12.0
20 22 141.0 128.0
18 13 46.0 154.0
26 22 191.0 86.0
24 22 127.0 47.0
21 8 72.0 88.0
4 7 72.0 185.0
3 4 77.0 20.0
3 13 35.0 22.0
23 20 67.0 176.0
5 21 43.0 113.0
4 13 79.0 186.0
7 23 108.0 158.0
20 18 153.0 180.0
24 11 61.0 178.0
9 1 176.0 138.0
22 15 41.0 163.0
23 8 170.0 108.0
9 3 108.0 165.0
24 5 96.0 187.0
16 23 172.0 4.0
13 8 101.0 78.0
7 6 177.0 114.0
15 5 190.0 153.0
20 9 83.0 31.0
16 3 84.0 6.0
14 10 38.0 192.0
1 4 165.0 134.0
15 11 27.0 89.0
7 12 79.0 128.0
17 5 182.0 56.0
9 25 115.0 172.0
6 2 140.0 151.0
20 24 158.0 176.0
7 5 12.0 196.0
18 12 183.0 129.0
10 2 46.0 10.0
9 10 113.0 78.0
14 20 83.0 95.0
7 9 181.0 150.0
26 5 68.0 122.0
17 2 51.0 27.0
17 11 174.0 15.0
6 5 78.0 158.0
5 4 4.0 77.0
24 8 47.0 118.0
27 4 145.0 130.0
2 22 55.0 127.0
9 4 153.0 76.0
23 24 174.0 4.0
23 18 88.0 149.0
24 2 181.0 167.0
15 18 190.0 138.0
25 23 48.0 38.0
15 19 6.0 194.0
2 3 144.0 62.0
13 27 77.0 97.0
12 14 23.0 52.0
4 21 139.0 64.0
10 4 39.0 72.0
10 1 82.0 182.0
7 3 40.0 130.0
14 15 150.0 46.0
6 24 23.0 94.0
4 8 95.0 101.0
27 1 20.0 71.0
21 10 118.0 159.0
2 9 49.0 109.0
10 25 60.0 83.0
1 8 12.0 52.0
2 8 191.0 162.0
11 3 166.0 167.0
1 16 147.0 61.0
5 22 183.0 167.0
4 6 89.0 101.0
10 6 103.0 138.0
4 14 173.0 116.0
16 26 29.0 185.0
16 12 187.0 172.0
14 2 58.0 153.0
20 4 84.0 157.0
26 20 22.0 67.0
21 15 168.0 112.0
21 20 41.0 23.0
23 1 115.0 14.0
27 26 135.0 144.0
10 7 111.0 74.0
23 11 167.0 169.0
4 26 149.0 4.0
18 10 62.0 171.0
14 19 27.0 30.0
2 7 166.0 68.0
11 4 109.0 81.0
13 14 190.0 196.0
20 12 5.0 101.0
11 20 52.0 125.0
18 8 9.0 1.0
6 23 96.0 23.0
3 12 102.0 75.0
14 5 107.0 20.0
5 12 164.0 168.0
8 5 28.0 106.0
20 13 94.0 33.0
6 18 83.0 147.0
25 20 144.0 92.0
3 5 90.0 40.0
6 25 131.0 144.0
5 10 189.0 190.0
8 12 1.0 106.0
10 8 168.0 29.0
2 11 154.0 62.0
26 8 116.0 37.0
17 13 191.0 60.0
3 6 22.0 81.0
1 13 132.0 105.0
2 15 113.0 74.0
18 9 82.0 66.0
6 1 68.0 2.0
6 11 139.0 174.0
3 15 192.0 7.0
11 27 147.0 136.0
3 10 42.0 169.0
22 16 42.0 174.0
23 19 128.0 108.0
27 3 77.0 163.0
20 10 188.0 97.0
27 7 113.0 127.0
9 5 34.0 57.0
22 11 27.0 181.0
21 16 110.0 69.0
4 15 99.0 105.0
9 26 129.0 180.0
17 1 113.0 158.0
26 18 43.0 53.0
13 25 115.0 108.0
18 2 173.0 149.0
27 18 122.0 1.0
7 13 163.0 184.0
16 5 167.0 15.0
1 19 146.0 96.0
9 11 102.0 11.0
22 10 93.0 145.0
9 12 16.0 160.0
13 22 130.0 190.0
14 6 131.0 4.0
6 15 32.0 46.0
1 18 36.0 151.0
21 1 50.0 134.0
14 17 18.0 153.0
26 10 112.0 63.0
7 17 179.0 81.0
11 12 31.0 109.0
25 27 27.0 114.0
3 23 187.0 11.0
21 12 182.0 24.0
10 12 118.0 185.0
1 24 123.0 137.0
22 23 100.0 188.0
12 4 62.0 79.0
2 4 154.0 45.0
8 7 11.0 133.0
13 5 94.0 198.0
12 13 173.0 28.0
3 19 45.0 91.0
8 11 148.0 121.0
14 7 157.0 0.0
9 23 70.0 172.0
26 19 130.0 176.0
1 26 97.0 141.0
26 17 18.0 143.0
2 13 103.0 191.0
8 15 192.0 100.0
18 3 44.0 92.0
27 9 12.0 153.0
1 7 49.0 34.0
9 15 72.0 179.0
13 9 182.0 121.0
9 8 182.0 0.0
17 4 172.0 85.0
8 14 41.0 165.0
4 16 41.0 37.0
20 1 179.0 54.0
21 13 163.0 181.0
17 9 27.0 187.0
22 1 101.0 9.0
7 25 159.0 83.0
17 27 35.0 132.0
20 5 168.0 76.0
18 4 113.0 10.0
7 15 76.0 44.0
9 19 59.0 39.0
21 2 75.0 38.0
6 12 10.0 176.0
5 19 171.0 169.0
13 10 140.0 7.0
23 27 65.0 109.0
16 7 109.0 178.0
11 13 95.0 185.0
11 14 138.0 107.0
6 17 40.0 165.0
18 5 107.0 50.0
6 20 187.0 79.0
19 27 31.0 127.0
26 21 174.0 96.0
11 7 98.0 83.0
16 20 49.0 146.0
2 20 102.0 139.0
13 16 96.0 142.0
16 9 101.0 155.0
25 22 45.0 88.0
21 3 98.0 76.0
24 26 167.0 24.0
3 1 152.0 18.0
23 4 29.0 153.0
17 19 119.0 131.0
23 5 97.0 15.0
16 6 38.0 198.0
6 26 134.0 83.0
6 9 114.0 32.0
19 13 140.0 81.0
16 8 101.0 45.0
18 14 184.0 130.0
12 15 143.0 104.0
21 6 58.0 41.0
14 9 152.0 48.0
4 19 188.0 86.0
23 2 137.0 102.0
17 8 99.0 29.0
24 27 2.0 0.0
14 27 20.0 187.0
22 18 31.0 163.0
13 23 109.0 41.0
3 20 130.0 13.0
17 15 25.0 118.0
16 11 151.0 162.0
3 22 46.0 2.0
16 10 147.0 49.0
25 26 180.0 167.0
17 10 97.0 163.0
26 2 187.0 6.0
3 24 75.0 117.0
10 19 143.0 100.0
2 16 171.0 95.0
14 21 81.0 169.0
13 15 88.0 29.0
15 10 141.0 20.0
8 19 119.0 39.0
1 12 89.0 106.0
4 24 39.0 116.0
27 2 75.0 183.0
25 18 142.0 198.0
4 25 83.0 24.0
6 22 96.0 124.0
1 25 81.0 190.0
21 9 171.0 0.0
26 7 195.0 12.0
8 20 198.0 35.0
19 2 128.0 25.0
21 11 79.0 23.0
8 27 32.0 163.0
26 3 53.0 129.0
19 11 15.0 86.0
19 12 126.0 139.0
19 6 131.0 74.0
17 16 129.0 81.0
7 22 31.0 9.0
9 22 176.0 62.0
7 19 35.0 8.0
18 16 152.0 89.0
5 25 60.0 167.0
15 23 63.0 139.0
16 15 194.0 146.0
19 18 105.0 75.0
24 7 72.0 136.0
14 16 4.0 48.0
20 15 144.0 40.0
6 27 58.0 96.0
16 19 174.0 71.0
14 23 84.0 189.0
10 24 1.0 78.0
25 14 106.0 58.0
13 6 11.0 130.0
18 7 72.0 15.0
13 24 37.0 17.0
12 22 97.0 95.0
25 8 52.0 23.0
24 17 159.0 88.0
26 23 121.0 112.0
26 11 14.0 179.0
24 12 61.0 177.0
17 21 27.0 133.0
22 14 41.0 16.0
20 17 97.0 90.0
26 12 15.0 101.0
14 24 35.0 174.0
17 12 133.0 156.0
24 16 174.0 148.0
4 22 38.0 187.0
21 18 175.0 18.0
15 24 143.0 168.0
20 19 33.0 192.0
25 15 58.0 0.0
17 25 145.0 93.0
27 22 175.0 78.0
17 22 40.0 149.0
16 27 126.0 30.0
27 10 87.0 53.0
27 15 37.0 182.0
26 15 11.0 70.0
13 26 57.0 69.0
24 19 114.0 154.0
25 21 110.0 89.0
24 21 19.0 102.0
12 27 191.0 145.0
21 27 24.0 78.0
8 22 108.0 14.0
24 25 161.0 119.0
16 25 8.0 18.0
1 2 75.0 122.0
25 11 71.0 185.0
20 7 81.0 90.0
18 24 10.0 72.0
20 27 15.0 187.0
17 18 55.0 123.0
24 9 48.0 16.0
14 26 189.0 56.0
5 27 171.0 64.0
10 23 145.0 42.0
11 18 14.0 178.0
22 21 116.0 177.0
21 19 172.0 131.0
12 23 106.0 180.0
1 11 32.0 155.0
0
