22 231 18 11 24790
21 9 105.0 197.0
14 9 132.0 152.0
2 18 148.0 7.0
21 8 27.0 84.0
7 20 13.0 93.0
6 20 98.0 2.0
21 13 144.0 48.0
6 3 59.0 180.0
12 19 157.0 164.0
5 10 141.0 89.0
3 12 40.0 89.0
17 20 101.0 20.0
16 14 164.0 66.0
11 3 92.0 14.0
13 12 33.0 37.0
15 10 70.0 92.0
6 16 192.0 27.0
1 13 58.0 133.0
22 8 144.0 98.0
3 15 77.0 197.0
7 14 192.0 41.0
15 1 100.0 85.0
10 21 171.0 134.0
6 15 191.0 41.0
8 7 65.0 135.0
18 9 54.0 123.0
1 7 48.0 198.0
1 18 132.0 77.0
10 4 47.0 125.0
2 17 198.0 147.0
15 16 79.0 169.0
9 16 199.0 22.0
20 22 168.0 65.0
9 5 125.0 175.0
4 5 159.0 125.0
4 6 84.0 91.0
4 3 49.0 131.0
5 15 118.0 199.0
9 1 76.0 150.0
14 17 163.0 27.0
17 3 164.0 83.0
6 7 147.0 41.0
17 8 57.0 106.0
5 19 196.0 93.0
7 3 1.0 197.0
2 9 70.0 119.0
4 7 48.0 146.0
7 21 132.0 11.0
1 17 3.0 48.0
22 16 41.0 151.0
21 22 130.0 50.0
8 1 78.0 126.0
2 12 173.0 79.0
6 13 36.0 196.0
2 5 70.0 84.0
1 10 191.0 154.0
2 8 102.0 194.0
20 4 52.0 143.0
4 14 66.0 182.0
6 5 7.0 96.0
8 4 56.0 133.0
21 4 2.0 44.0
10 19 196.0 72.0
11 2 172.0 187.0
1 11 175.0 75.0
12 15 138.0 27.0
7 11 156.0 156.0
14 8 7.0 116.0
15 18 58.0 15.0
19 14 57.0 60.0
10 3 66.0 53.0
15 21 146.0 191.0
5 13 5.0 122.0
3 18 56.0 143.0
6 12 86.0 13.0
5 8 85.0 94.0
7 22 164.0 143.0
14 11 60.0 173.0
9 4 55.0 79.0
2 7 145.0 153.0
5 14 28.0 150.0
10 18 40.0 85.0
8 13 49.0 79.0
6 2 13.0 134.0
10 2 107.0 129.0
19 11 178.0 120.0
11 4 5.0 185.0
6 8 61.0 150.0
1 14 143.0 89.0
5 21 43.0 136.0
11 6 107.0 45.0
15 20 126.0 72.0
6 22 99.0 186.0
11 17 41.0 30.0
6 9 30.0 46.0
3 5 25.0 43.0
19 1 100.0 168.0
8 9 187.0 96.0
2 20 163.0 47.0
15 14 138.0 42.0
14 13 33.0 189.0
5 16 143.0 74.0
10 6 45.0 173.0
5 11 24.0 70.0
7 18 63.0 124.0
14 21 23.0 3.0
16 11 138.0 138.0
1 16 146.0 76.0
9 7 46.0 179.0
12 9 176.0 141.0
22 13 101.0 173.0
14 2 87.0 77.0
16 3 90.0 150.0
19 22 87.0 113.0
3 8 77.0 177.0
3 20 97.0 23.0
16 4 12.0 95.0
12 20 40.0 140.0
10 14 138.0 93.0
7 10 0.0 177.0
12 16 97.0 91.0
10 8 188.0 137.0
5 7 97.0 17.0
9 22 47.0 146.0
2 13 109.0 59.0
1 6 134.0 149.0
13 3 126.0 24.0
2 15 39.0 78.0
1 12 113.0 89.0
14 3 190.0 54.0
8 11 116.0 39.0
9 10 12.0 115.0
6 19 9.0 121.0
20 19 190.0 95.0
21 12 84.0 116.0
19 7 105.0 124.0
19 3 98.0 170.0
2 19 139.0 40.0
9 11 112.0 8.0
9 3 148.0 125.0
5 1 23.0 158.0
15 4 37.0 13.0
2 16 53.0 122.0
1 3 96.0 158.0
22 4 58.0 146.0
17 4 153.0 197.0
21 18 36.0 66.0
22 10 27.0 184.0
16 17 58.0 2.0
7 17 81.0 96.0
7 12 29.0 134.0
5 20 179.0 77.0
4 12 31.0 189.0
10 11 28.0 185.0
12 5 121.0 64.0
6 14 31.0 100.0
18 13 99.0 90.0
7 15 24.0 180.0
17 12 124.0 53.0
4 13 86.0 103.0
9 19 116.0 69.0
4 2 22.0 97.0
12 10 99.0 95.0
1 21 162.0 131.0
1 22 24.0 61.0
9 13 67.0 0.0
17 6 21.0 191.0
16 13 195.0 59.0
21 2 120.0 64.0
5 18 40.0 95.0
18 4 189.0 92.0
11 12 92.0 151.0
20 1 107.0 68.0
4 19 67.0 126.0
22 18 116.0 40.0
8 12 157.0 111.0
16 8 67.0 29.0
18 6 115.0 59.0
13 7 109.0 104.0
7 16 122.0 1.0
22 2 178.0 181.0
12 14 117.0 197.0
16 10 195.0 33.0
10 20 125.0 104.0
2 3 113.0 192.0
15 11 181.0 28.0
8 19 82.0 90.0
20 8 62.0 156.0
10 17 155.0 192.0
3 21 30.0 73.0
13 17 173.0 25.0
13 11 28.0 99.0
13 10 178.0 93.0
15 13 155.0 160.0
8 15 48.0 189.0
11 20 159.0 62.0
13 19 89.0 114.0
22 5 129.0 71.0
21 11 1.0 54.0
20 14 146.0 29.0
18 11 148.0 77.0
15 17 104.0 55.0
20 13 85.0 104.0
9 20 81.0 196.0
8 18 171.0 122.0
19 15 48.0 52.0
17 18 172.0 50.0
17 19 65.0 71.0
22 15 53.0 13.0
16 20 176.0 158.0
20 18 111.0 62.0
20 21 107.0 145.0
19 16 76.0 30.0
12 18 55.0 124.0
14 22 105.0 27.0
4 1 16.0 170.0
18 16 135.0 69.0
9 17 126.0 112.0
15 9 127.0 37.0
17 5 10.0 35.0
3 22 15.0 86.0
21 17 41.0 70.0
22 12 151.0 98.0
21 19 98.0 167.0
19 18 64.0 34.0
18 14 162.0 142.0
6 21 112.0 41.0
22 17 68.0 122.0
21 16 146.0 83.0
22 11 116.0 139.0
1 2 6.0 67.0
0
