25 300 9 12 19961
21 19 171.0 87.0
11 22 51.0 132.0
5 23 199.0 13.0
21 20 193.0 148.0
2 15 45.0 23.0
16 4 47.0 120.0
14 11 191.0 99.0
6 24 175.0 83.0
19 22 30.0 99.0
18 7 122.0 81.0
6 22 78.0 73.0
16 24 118.0 71.0
14 20 155.0 163.0
1 9 40.0 3.0
22 5 26.0 31.0
3 16 197.0 153.0
14 3 155.0 27.0
2 6 93.0 29.0
7 3 173.0 171.0
2 18 66.0 92.0
14 6 90.0 173.0
17 4 139.0 131.0
9 13 137.0 117.0
5 21 19.0 135.0
1 15 62.0 175.0
2 4 185.0 155.0
12 2 39.0 159.0
21 2 9.0 57.0
9 8 101.0 51.0
12 8 46.0 40.0
23 8 126.0 135.0
6 21 7.0 146.0
13 24 16.0 69.0
6 1 192.0 1.0
6 11 176.0 183.0
14 16 22.0 137.0
24 14 86.0 123.0
24 17 20.0 84.0
1 20 5.0 98.0
18 22 179.0 164.0
22 12 3.0 147.0
2 9 170.0 147.0
12 9 24.0 98.0
24 11 98.0 198.0
2 25 99.0 136.0
16 21 15.0 71.0
16 20 82.0 173.0
19 15 139.0 13.0
1 11 190.0 94.0
11 20 121.0 161.0
3 10 0.0 146.0
23 20 175.0 51.0
19 13 160.0 74.0
9 23 0.0 128.0
5 4 184.0 34.0
18 23 170.0 76.0
10 21 19.0 112.0
15 24 41.0 141.0
11 15 84.0 194.0
11 23 106.0 59.0
10 11 144.0 66.0
8 22 0.0 144.0
25 4 94.0 137.0
7 2 136.0 64.0
11 2 52.0 108.0
3 25 39.0 45.0
16 17 175.0 123.0
14 10 173.0 33.0
22 1 105.0 69.0
22 17 198.0 105.0
22 20 74.0 92.0
10 9 47.0 162.0
12 21 190.0 51.0
8 5 111.0 29.0
16 5 28.0 39.0
16 23 161.0 153.0
25 24 123.0 18.0
15 25 85.0 121.0
7 5 30.0 111.0
9 5 61.0 77.0
20 6 168.0 4.0
2 5 16.0 31.0
9 4 32.0 197.0
23 1 171.0 146.0
7 6 114.0 94.0
16 18 111.0 152.0
8 14 157.0 141.0
13 21 34.0 171.0
3 1 178.0 154.0
10 1 2.0 147.0
9 20 55.0 35.0
22 9 20.0 178.0
6 5 138.0 86.0
18 14 77.0 49.0
3 18 191.0 34.0
15 8 66.0 25.0
8 7 93.0 196.0
18 21 77.0 95.0
17 8 38.0 84.0
16 15 65.0 10.0
15 22 184.0 3.0
11 5 37.0 61.0
24 23 114.0 180.0
6 9 137.0 132.0
15 4 6.0 30.0
4 8 15.0 35.0
13 20 128.0 5.0
10 16 125.0 193.0
4 10 199.0 109.0
10 2 154.0 188.0
12 3 175.0 68.0
2 1 16.0 112.0
1 12 56.0 174.0
8 1 37.0 24.0
6 3 167.0 165.0
21 11 109.0 45.0
8 3 114.0 108.0
3 22 95.0 20.0
15 14 143.0 22.0
14 1 73.0 159.0
7 11 106.0 129.0
21 4 129.0 144.0
11 3 180.0 48.0
23 19 134.0 89.0
1 16 77.0 49.0
12 5 109.0 172.0
10 6 102.0 52.0
13 1 62.0 175.0
25 6 96.0 168.0
4 11 193.0 25.0
5 1 50.0 125.0
20 15 119.0 184.0
10 5 56.0 196.0
8 21 117.0 118.0
17 21 99.0 171.0
10 23 183.0 161.0
4 6 14.0 79.0
7 10 24.0 160.0
12 4 154.0 74.0
3 9 15.0 26.0
13 6 51.0 24.0
1 17 113.0 120.0
13 17 198.0 12.0
2 13 146.0 133.0
16 2 105.0 113.0
15 3 105.0 129.0
7 9 114.0 11.0
14 13 57.0 130.0
13 5 107.0 108.0
24 4 160.0 20.0
11 8 62.0 111.0
12 7 69.0 9.0
10 25 31.0 126.0
25 8 161.0 88.0
8 6 176.0 76.0
10 8 101.0 185.0
9 11 112.0 8.0
25 7 98.0 24.0
17 11 76.0 161.0
6 23 189.0 146.0
22 23 47.0 21.0
6 12 194.0 8.0
14 5 51.0 170.0
22 7 10.0 152.0
2 14 28.0 74.0
20 25 60.0 127.0
12 14 166.0 136.0
13 10 110.0 108.0
4 13 91.0 157.0
6 15 56.0 85.0
13 3 100.0 59.0
15 12 118.0 63.0
4 14 170.0 146.0
15 7 175.0 182.0
14 22 75.0 93.0
3 5 116.0 137.0
10 22 177.0 7.0
17 5 70.0 185.0
4 20 17.0 122.0
17 3 132.0 87.0
7 4 15.0 54.0
8 13 172.0 190.0
14 7 165.0 0.0
16 6 72.0 82.0
10 17 100.0 1.0
19 3 139.0 170.0
6 18 37.0 156.0
4 18 57.0 121.0
1 7 88.0 72.0
12 11 25.0 60.0
15 5 88.0 190.0
1 25 86.0 112.0
5 18 152.0 138.0
1 18 33.0 92.0
4 3 134.0 71.0
3 21 177.0 191.0
21 15 37.0 65.0
19 1 130.0 62.0
14 9 40.0 170.0
2 20 47.0 78.0
17 6 104.0 0.0
4 19 28.0 137.0
2 22 40.0 115.0
12 10 177.0 17.0
15 10 153.0 15.0
19 5 2.0 35.0
16 8 16.0 194.0
9 17 45.0 63.0
12 13 116.0 149.0
7 17 152.0 144.0
21 1 56.0 144.0
18 8 192.0 34.0
24 2 12.0 146.0
3 20 17.0 166.0
4 22 36.0 33.0
12 24 176.0 34.0
13 11 171.0 92.0
23 2 78.0 123.0
24 21 118.0 134.0
3 23 34.0 111.0
18 9 104.0 47.0
4 23 138.0 121.0
2 19 14.0 126.0
19 6 18.0 191.0
24 9 174.0 190.0
12 16 73.0 52.0
24 3 171.0 143.0
9 16 181.0 6.0
16 11 62.0 37.0
21 9 0.0 152.0
7 19 170.0 15.0
15 13 191.0 189.0
10 18 18.0 165.0
19 11 82.0 43.0
8 19 16.0 5.0
11 18 112.0 149.0
17 12 139.0 126.0
24 5 112.0 139.0
7 20 52.0 83.0
17 25 162.0 195.0
1 24 103.0 180.0
12 18 87.0 137.0
12 19 106.0 56.0
7 16 123.0 171.0
18 25 88.0 14.0
20 5 141.0 1.0
5 25 180.0 145.0
18 13 167.0 142.0
24 7 183.0 22.0
19 14 11.0 70.0
17 2 9.0 69.0
24 8 76.0 132.0
18 17 122.0 164.0
7 23 168.0 63.0
9 19 165.0 148.0
17 14 152.0 84.0
25 9 167.0 135.0
10 24 122.0 130.0
12 25 120.0 131.0
23 13 34.0 196.0
19 16 70.0 156.0
23 12 136.0 38.0
20 12 79.0 101.0
18 15 51.0 183.0
16 22 64.0 18.0
19 17 65.0 186.0
15 17 92.0 186.0
13 22 104.0 78.0
13 25 182.0 174.0
25 11 136.0 118.0
14 23 86.0 167.0
20 8 106.0 137.0
14 25 50.0 170.0
21 14 60.0 116.0
9 15 119.0 152.0
18 20 188.0 23.0
18 19 173.0 122.0
25 19 19.0 109.0
20 17 25.0 57.0
18 24 48.0 131.0
13 16 15.0 99.0
24 22 44.0 75.0
21 23 9.0 164.0
25 21 131.0 149.0
2 8 4.0 104.0
3 2 179.0 175.0
4 1 21.0 4.0
7 13 137.0 22.0
19 24 56.0 104.0
19 10 61.0 100.0
22 21 178.0 22.0
25 22 45.0 109.0
23 17 163.0 2.0
7 21 126.0 142.0
15 23 197.0 100.0
25 16 79.0 134.0
20 10 139.0 135.0
19 20 139.0 152.0
25 23 160.0 117.0
24 20 198.0 157.0
0
