22 231 18 11 9701
11 20 99.0 175.0
5 3 16.0 31.0
10 7 0.0 73.0
18 9 172.0 187.0
2 17 22.0 130.0
10 1 57.0 147.0
20 4 129.0 62.0
14 21 42.0 157.0
16 5 10.0 93.0
6 7 190.0 26.0
11 16 129.0 191.0
2 19 171.0 101.0
2 7 90.0 193.0
12 3 103.0 147.0
4 6 160.0 184.0
2 14 98.0 154.0
19 14 95.0 60.0
18 19 168.0 85.0
13 15 95.0 97.0
12 20 196.0 66.0
9 22 10.0 86.0
22 18 134.0 65.0
21 22 43.0 47.0
14 12 17.0 93.0
2 3 76.0 112.0
21 18 34.0 196.0
11 13 89.0 130.0
8 9 179.0 85.0
9 16 15.0 189.0
9 11 102.0 102.0
11 2 199.0 97.0
3 6 55.0 168.0
13 9 41.0 84.0
4 5 111.0 75.0
17 14 171.0 152.0
1 2 18.0 103.0
17 19 20.0 33.0
8 18 59.0 74.0
17 8 139.0 58.0
9 3 10.0 194.0
3 17 143.0 51.0
22 12 37.0 55.0
3 22 94.0 9.0
22 1 61.0 112.0
8 4 159.0 82.0
10 3 174.0 18.0
8 1 194.0 113.0
3 20 168.0 156.0
15 7 153.0 112.0
16 20 27.0 190.0
2 9 27.0 122.0
1 11 124.0 89.0
13 4 174.0 83.0
4 9 111.0 148.0
15 8 193.0 57.0
2 4 114.0 161.0
7 22 13.0 67.0
19 5 23.0 192.0
1 9 129.0 2.0
8 2 41.0 5.0
15 5 198.0 15.0
13 10 129.0 61.0
17 18 1.0 122.0
20 14 11.0 67.0
14 10 5.0 176.0
12 11 162.0 180.0
16 4 192.0 91.0
15 3 145.0 33.0
8 16 183.0 95.0
6 1 45.0 64.0
20 19 64.0 198.0
8 5 35.0 75.0
3 14 153.0 192.0
2 5 159.0 116.0
3 7 86.0 151.0
5 7 97.0 183.0
1 4 158.0 32.0
4 10 166.0 3.0
6 5 113.0 183.0
21 9 75.0 100.0
6 8 138.0 180.0
8 3 30.0 97.0
13 21 168.0 68.0
9 7 178.0 17.0
7 18 117.0 136.0
2 10 190.0 36.0
1 12 14.0 103.0
8 13 195.0 41.0
10 21 19.0 133.0
3 21 30.0 1.0
19 22 71.0 150.0
6 16 4.0 49.0
12 4 123.0 73.0
1 7 120.0 65.0
8 7 62.0 86.0
3 11 126.0 9.0
1 14 124.0 145.0
20 21 12.0 107.0
18 4 41.0 83.0
18 5 2.0 45.0
4 7 97.0 125.0
7 14 12.0 17.0
5 11 189.0 26.0
11 6 85.0 67.0
6 9 112.0 10.0
2 6 29.0 124.0
1 13 55.0 70.0
12 6 64.0 57.0
1 16 118.0 161.0
7 13 94.0 130.0
9 12 17.0 35.0
18 11 180.0 55.0
10 8 176.0 92.0
13 12 60.0 5.0
19 13 124.0 68.0
16 10 33.0 140.0
3 13 194.0 151.0
5 9 18.0 88.0
17 1 88.0 188.0
14 22 43.0 68.0
6 10 194.0 19.0
16 22 162.0 6.0
2 13 52.0 38.0
16 2 68.0 86.0
8 11 17.0 15.0
3 16 166.0 187.0
14 6 156.0 6.0
5 12 182.0 0.0
5 10 172.0 176.0
8 12 57.0 86.0
12 21 65.0 110.0
6 13 39.0 134.0
2 22 9.0 8.0
15 19 135.0 175.0
7 11 198.0 44.0
7 21 99.0 132.0
20 2 20.0 72.0
13 17 5.0 77.0
4 15 90.0 71.0
5 14 121.0 81.0
21 11 14.0 82.0
2 15 65.0 102.0
1 15 152.0 15.0
7 12 13.0 51.0
16 12 5.0 185.0
1 19 69.0 162.0
18 3 90.0 111.0
20 1 152.0 163.0
2 18 72.0 119.0
5 17 46.0 90.0
12 2 117.0 198.0
18 6 166.0 82.0
12 10 111.0 171.0
10 9 37.0 132.0
11 4 14.0 79.0
19 3 22.0 118.0
8 14 198.0 46.0
1 21 33.0 44.0
5 1 151.0 150.0
7 16 24.0 118.0
6 15 136.0 135.0
22 4 199.0 125.0
14 9 2.0 165.0
6 22 95.0 176.0
11 10 187.0 93.0
17 7 57.0 173.0
15 11 30.0 8.0
5 20 113.0 7.0
21 2 47.0 1.0
20 6 128.0 198.0
4 19 139.0 130.0
4 17 176.0 34.0
21 4 192.0 163.0
19 6 51.0 49.0
6 17 72.0 34.0
10 15 8.0 138.0
14 13 49.0 7.0
4 3 6.0 178.0
21 6 72.0 146.0
8 19 0.0 0.0
12 15 76.0 192.0
10 19 16.0 128.0
7 19 90.0 41.0
9 17 138.0 50.0
22 5 193.0 188.0
21 5 137.0 199.0
11 19 145.0 162.0
15 14 138.0 97.0
1 18 83.0 166.0
17 12 37.0 51.0
9 20 11.0 127.0
17 11 46.0 102.0
10 20 4.0 39.0
22 11 138.0 93.0
12 19 118.0 36.0
19 9 152.0 56.0
14 16 9.0 187.0
10 17 77.0 46.0
16 19 107.0 41.0
8 22 44.0 105.0
18 10 49.0 0.0
12 18 126.0 187.0
17 15 23.0 44.0
8 21 36.0 127.0
14 18 96.0 45.0
22 15 189.0 125.0
15 16 26.0 48.0
20 8 102.0 22.0
20 17 40.0 151.0
22 10 168.0 166.0
17 22 127.0 191.0
21 17 90.0 163.0
15 21 44.0 138.0
16 18 23.0 33.0
20 7 100.0 1.0
3 1 93.0 154.0
16 21 112.0 133.0
14 4 167.0 81.0
15 9 126.0 47.0
13 16 33.0 16.0
20 18 176.0 77.0
14 11 9.0 151.0
20 22 140.0 109.0
13 20 172.0 33.0
13 5 23.0 37.0
22 13 128.0 142.0
15 18 190.0 54.0
15 20 123.0 175.0
13 18 5.0 52.0
19 21 69.0 14.0
17 16 83.0 9.0
0
