29 406 9 10 58042
14 24 134.0 184.0
10 17 39.0 118.0
10 11 17.0 101.0
4 5 45.0 30.0
17 7 112.0 41.0
5 8 69.0 125.0
15 14 91.0 199.0
18 26 88.0 176.0
13 6 177.0 23.0
22 14 152.0 16.0
24 21 182.0 121.0
5 24 182.0 27.0
22 8 77.0 46.0
9 1 115.0 98.0
29 2 104.0 6.0
20 22 11.0 193.0
27 14 28.0 188.0
19 4 4.0 180.0
24 4 172.0 139.0
27 5 112.0 154.0
12 13 29.0 190.0
19 18 163.0 144.0
20 23 112.0 68.0
15 8 84.0 75.0
21 11 138.0 112.0
1 8 196.0 94.0
10 26 8.0 120.0
23 3 195.0 121.0
15 9 150.0 24.0
26 17 41.0 65.0
10 19 11.0 153.0
26 28 127.0 47.0
7 2 166.0 17.0
29 24 6.0 163.0
6 3 1.0 14.0
8 2 40.0 149.0
17 8 54.0 142.0
17 2 20.0 95.0
20 17 40.0 31.0
7 25 177.0 167.0
10 27 97.0 143.0
13 5 146.0 55.0
6 2 156.0 100.0
11 6 59.0 196.0
5 10 172.0 113.0
3 11 192.0 193.0
19 14 143.0 32.0
4 1 196.0 120.0
20 24 90.0 93.0
20 6 168.0 188.0
4 7 31.0 76.0
27 22 168.0 90.0
23 18 15.0 140.0
10 3 127.0 7.0
1 15 117.0 22.0
8 28 137.0 113.0
14 29 33.0 27.0
26 22 181.0 154.0
15 2 49.0 12.0
15 12 171.0 17.0
12 1 24.0 186.0
15 17 57.0 103.0
23 6 34.0 126.0
25 4 131.0 171.0
3 2 162.0 117.0
15 28 173.0 144.0
29 20 157.0 23.0
23 22 70.0 128.0
13 22 50.0 46.0
9 18 151.0 59.0
16 5 151.0 185.0
29 12 33.0 83.0
5 29 23.0 195.0
27 28 124.0 197.0
11 19 11.0 81.0
3 9 171.0 34.0
4 3 42.0 21.0
27 15 65.0 193.0
11 8 100.0 16.0
19 2 144.0 133.0
1 16 74.0 119.0
6 4 20.0 199.0
4 8 109.0 32.0
2 5 127.0 80.0
13 20 184.0 121.0
1 7 8.0 1.0
15 5 82.0 108.0
27 12 25.0 178.0
27 19 95.0 99.0
21 8 159.0 116.0
6 1 181.0 20.0
7 3 16.0 61.0
27 3 190.0 153.0
3 26 45.0 198.0
22 10 146.0 80.0
21 19 176.0 171.0
8 10 179.0 71.0
18 6 60.0 138.0
6 5 5.0 193.0
17 22 115.0 174.0
17 1 38.0 57.0
18 21 158.0 83.0
11 1 168.0 56.0
5 23 186.0 96.0
1 5 26.0 165.0
11 4 50.0 86.0
7 19 175.0 56.0
11 9 27.0 42.0
2 9 142.0 65.0
23 27 23.0 52.0
10 4 142.0 143.0
12 3 41.0 81.0
22 6 73.0 19.0
1 13 67.0 124.0
1 10 176.0 195.0
12 2 23.0 4.0
17 5 197.0 165.0
23 26 91.0 172.0
8 29 118.0 185.0
18 24 121.0 111.0
1 27 167.0 194.0
14 1 78.0 34.0
26 21 164.0 7.0
7 24 108.0 187.0
28 24 59.0 58.0
20 19 105.0 102.0
11 2 156.0 23.0
18 10 171.0 77.0
2 10 157.0 138.0
26 1 145.0 36.0
22 29 77.0 61.0
23 25 142.0 137.0
19 29 181.0 1.0
19 15 124.0 86.0
9 5 1.0 32.0
14 20 117.0 124.0
24 23 132.0 75.0
23 28 196.0 29.0
2 13 64.0 73.0
28 2 46.0 6.0
13 4 136.0 27.0
15 4 110.0 12.0
4 9 76.0 63.0
24 12 97.0 193.0
6 7 92.0 29.0
27 18 189.0 40.0
21 23 42.0 5.0
16 19 35.0 88.0
11 5 91.0 124.0
8 25 60.0 154.0
8 3 192.0 136.0
15 20 62.0 89.0
3 16 137.0 106.0
12 6 80.0 127.0
14 3 90.0 122.0
24 15 124.0 77.0
16 2 113.0 16.0
3 17 71.0 125.0
4 12 0.0 64.0
16 27 149.0 15.0
13 23 2.0 86.0
14 5 33.0 34.0
23 14 50.0 75.0
20 12 51.0 175.0
18 4 44.0 117.0
12 5 156.0 116.0
3 1 151.0 109.0
4 14 62.0 52.0
25 5 170.0 16.0
22 28 106.0 3.0
19 1 30.0 156.0
9 7 138.0 33.0
6 10 139.0 135.0
1 18 1.0 96.0
24 6 172.0 104.0
16 26 30.0 34.0
22 25 102.0 0.0
23 19 13.0 8.0
13 19 19.0 43.0
17 4 75.0 109.0
22 5 124.0 166.0
14 7 182.0 77.0
20 2 4.0 107.0
11 7 88.0 35.0
14 6 150.0 190.0
20 21 130.0 116.0
10 29 68.0 149.0
12 7 168.0 95.0
16 25 103.0 44.0
10 13 0.0 37.0
14 17 49.0 4.0
4 16 38.0 137.0
12 9 74.0 141.0
9 6 2.0 5.0
3 22 157.0 23.0
10 9 173.0 77.0
5 26 161.0 28.0
9 16 155.0 161.0
13 3 104.0 4.0
7 15 40.0 94.0
13 7 107.0 114.0
8 12 61.0 61.0
21 12 143.0 170.0
16 6 39.0 116.0
27 7 68.0 0.0
8 14 76.0 23.0
23 1 92.0 132.0
16 13 196.0 132.0
18 5 106.0 55.0
15 6 96.0 119.0
1 20 60.0 39.0
10 7 9.0 100.0
9 13 118.0 77.0
20 4 197.0 146.0
11 27 103.0 89.0
11 14 119.0 99.0
21 5 89.0 177.0
10 15 81.0 185.0
5 19 27.0 142.0
23 8 193.0 188.0
21 1 60.0 64.0
22 11 196.0 57.0
9 19 146.0 99.0
10 12 91.0 17.0
16 7 137.0 132.0
25 29 86.0 19.0
21 3 36.0 113.0
18 14 1.0 29.0
25 6 35.0 62.0
13 8 145.0 183.0
23 2 41.0 43.0
15 18 146.0 84.0
28 29 154.0 83.0
20 16 134.0 40.0
7 8 74.0 170.0
19 3 76.0 28.0
3 15 101.0 63.0
9 8 83.0 198.0
16 14 16.0 125.0
24 1 11.0 114.0
21 2 65.0 165.0
12 25 124.0 199.0
6 8 20.0 150.0
14 9 118.0 96.0
6 17 134.0 171.0
2 22 141.0 169.0
25 2 167.0 110.0
16 11 186.0 178.0
23 15 179.0 52.0
2 27 116.0 103.0
18 3 46.0 136.0
4 21 156.0 116.0
4 22 6.0 42.0
14 2 122.0 147.0
8 19 66.0 89.0
16 22 8.0 5.0
14 10 121.0 187.0
25 1 33.0 37.0
17 28 32.0 31.0
19 28 55.0 188.0
24 2 98.0 13.0
7 18 5.0 20.0
20 3 156.0 24.0
25 3 148.0 116.0
26 7 146.0 69.0
17 18 146.0 132.0
9 22 190.0 130.0
16 10 153.0 197.0
17 9 49.0 4.0
26 12 197.0 54.0
20 5 119.0 105.0
18 8 145.0 67.0
14 13 176.0 92.0
16 8 27.0 74.0
18 2 106.0 18.0
13 11 130.0 12.0
13 15 5.0 179.0
29 21 30.0 154.0
15 11 123.0 149.0
18 29 62.0 69.0
21 22 53.0 38.0
25 18 132.0 81.0
29 1 97.0 191.0
7 23 148.0 27.0
17 11 67.0 105.0
26 8 8.0 98.0
18 13 7.0 131.0
4 26 178.0 69.0
26 2 58.0 32.0
16 12 145.0 191.0
20 7 134.0 194.0
21 7 164.0 35.0
20 10 76.0 31.0
18 12 78.0 36.0
19 12 153.0 37.0
23 4 42.0 132.0
20 9 193.0 100.0
28 20 145.0 90.0
21 9 18.0 31.0
3 24 143.0 182.0
26 6 167.0 171.0
10 23 80.0 197.0
13 17 104.0 34.0
20 25 11.0 146.0
11 20 63.0 156.0
16 29 20.0 160.0
4 29 93.0 190.0
28 11 73.0 188.0
6 21 34.0 192.0
28 18 151.0 115.0
14 12 70.0 56.0
7 22 53.0 33.0
18 11 148.0 116.0
24 8 173.0 120.0
12 17 133.0 66.0
11 23 70.0 158.0
29 6 189.0 57.0
16 28 20.0 141.0
19 6 196.0 90.0
15 16 57.0 49.0
9 23 107.0 5.0
28 9 164.0 81.0
29 3 119.0 98.0
12 11 176.0 141.0
9 26 3.0 165.0
17 16 51.0 23.0
26 11 159.0 47.0
3 28 110.0 168.0
8 20 158.0 169.0
2 4 37.0 75.0
6 27 8.0 108.0
27 8 92.0 184.0
9 27 27.0 95.0
6 28 63.0 30.0
11 25 30.0 22.0
9 24 140.0 92.0
18 16 165.0 98.0
17 19 166.0 155.0
28 5 32.0 126.0
13 27 18.0 76.0
25 14 172.0 197.0
23 12 132.0 35.0
4 28 184.0 114.0
21 15 68.0 124.0
19 25 85.0 185.0
17 25 150.0 4.0
5 7 21.0 182.0
25 10 157.0 191.0
10 28 178.0 129.0
25 13 129.0 62.0
25 26 79.0 113.0
22 12 156.0 99.0
7 29 16.0 42.0
29 9 133.0 166.0
13 26 73.0 106.0
28 1 95.0 30.0
21 16 110.0 25.0
28 25 154.0 192.0
17 23 199.0 185.0
28 13 163.0 155.0
11 29 98.0 179.0
26 14 28.0 31.0
15 25 110.0 101.0
18 22 130.0 5.0
15 22 23.0 192.0
24 13 85.0 130.0
23 16 89.0 36.0
16 24 121.0 52.0
19 22 144.0 19.0
17 24 127.0 172.0
7 28 31.0 37.0
26 19 57.0 161.0
14 28 151.0 33.0
21 14 180.0 36.0
25 24 182.0 69.0
11 24 164.0 55.0
29 15 184.0 109.0
13 29 72.0 111.0
27 17 73.0 103.0
21 17 25.0 83.0
15 26 59.0 176.0
26 20 13.0 191.0
10 21 60.0 148.0
21 25 141.0 24.0
24 22 10.0 126.0
1 2 130.0 34.0
21 13 186.0 156.0
26 29 75.0 164.0
24 27 90.0 134.0
26 27 149.0 55.0
17 29 128.0 9.0
12 28 141.0 69.0
24 26 190.0 103.0
4 27 75.0 73.0
18 20 133.0 14.0
27 29 127.0 8.0
1 22 183.0 17.0
9 25 15.0 133.0
27 25 139.0 143.0
5 3 104.0 80.0
20 27 145.0 46.0
27 21 53.0 172.0
10 24 120.0 138.0
19 24 91.0 47.0
23 29 69.0 74.0
21 28 69.0 36.0
0
