23 253 12 1 41322
16 4 196.0 95.0
1 10 41.0 41.0
16 22 78.0 144.0
19 2 174.0 4.0
13 14 133.0 60.0
8 23 126.0 65.0
18 6 139.0 64.0
10 15 148.0 195.0
18 7 108.0 144.0
17 18 129.0 101.0
10 17 61.0 159.0
18 4 72.0 35.0
17 5 175.0 157.0
4 6 43.0 53.0
11 7 21.0 182.0
21 7 93.0 170.0
8 17 153.0 153.0
11 6 151.0 34.0
22 19 131.0 12.0
22 18 23.0 155.0
22 3 146.0 198.0
2 8 27.0 142.0
8 15 124.0 0.0
16 6 74.0 169.0
23 5 193.0 179.0
4 19 133.0 144.0
8 14 18.0 16.0
8 22 5.0 41.0
18 12 124.0 103.0
13 11 174.0 103.0
20 22 176.0 50.0
21 1 15.0 50.0
22 4 176.0 9.0
16 18 104.0 109.0
8 21 171.0 122.0
13 17 86.0 128.0
5 20 7.0 163.0
4 5 199.0 181.0
13 1 149.0 127.0
19 18 49.0 116.0
15 12 104.0 25.0
1 16 45.0 8.0
8 3 13.0 17.0
20 12 57.0 52.0
2 11 7.0 65.0
8 12 108.0 158.0
7 13 185.0 9.0
4 3 126.0 34.0
2 7 82.0 30.0
22 21 14.0 127.0
23 7 71.0 28.0
3 6 123.0 129.0
21 19 184.0 82.0
8 1 174.0 92.0
4 8 94.0 159.0
12 1 30.0 172.0
2 17 8.0 64.0
14 7 19.0 23.0
1 7 186.0 91.0
17 16 186.0 109.0
5 3 158.0 122.0
9 3 64.0 133.0
14 18 47.0 110.0
13 18 148.0 29.0
5 1 136.0 157.0
8 18 29.0 155.0
1 20 122.0 15.0
6 20 184.0 60.0
16 11 53.0 95.0
2 9 170.0 69.0
19 10 167.0 17.0
4 20 109.0 67.0
14 17 129.0 45.0
3 7 43.0 158.0
2 10 17.0 117.0
13 3 118.0 154.0
14 15 109.0 124.0
16 23 157.0 79.0
5 2 148.0 76.0
21 6 140.0 57.0
22 13 29.0 22.0
20 8 102.0 24.0
1 6 108.0 71.0
8 19 79.0 178.0
4 12 159.0 141.0
12 23 29.0 117.0
5 7 21.0 130.0
4 9 58.0 114.0
21 5 145.0 39.0
6 10 78.0 199.0
3 10 125.0 138.0
23 17 74.0 156.0
5 12 75.0 34.0
5 6 43.0 57.0
16 2 138.0 17.0
9 6 16.0 148.0
4 11 39.0 113.0
5 8 8.0 70.0
6 8 135.0 133.0
13 12 153.0 161.0
18 9 113.0 28.0
12 9 99.0 108.0
10 8 199.0 37.0
13 23 75.0 167.0
12 2 174.0 67.0
10 4 32.0 134.0
23 3 175.0 167.0
15 22 152.0 80.0
1 9 79.0 65.0
12 3 122.0 178.0
8 13 107.0 73.0
6 22 28.0 135.0
6 2 19.0 154.0
5 18 36.0 4.0
20 23 169.0 163.0
15 9 81.0 121.0
7 6 2.0 160.0
2 20 115.0 124.0
9 7 113.0 22.0
22 5 65.0 93.0
4 7 2.0 84.0
22 11 101.0 39.0
5 11 16.0 70.0
2 18 102.0 97.0
19 14 146.0 104.0
11 3 156.0 13.0
10 7 169.0 21.0
1 4 161.0 186.0
10 21 154.0 163.0
2 15 27.0 55.0
16 8 107.0 44.0
19 6 8.0 161.0
20 11 154.0 107.0
9 8 176.0 111.0
17 7 6.0 97.0
14 4 65.0 119.0
3 14 122.0 171.0
12 7 50.0 150.0
14 6 183.0 157.0
14 1 46.0 191.0
15 3 84.0 1.0
5 9 79.0 60.0
6 12 147.0 37.0
1 17 5.0 164.0
2 4 180.0 127.0
7 22 124.0 30.0
4 21 167.0 107.0
16 3 96.0 13.0
21 20 120.0 180.0
13 6 179.0 151.0
12 14 153.0 78.0
2 14 136.0 158.0
4 13 46.0 68.0
2 13 194.0 122.0
8 11 102.0 113.0
20 3 132.0 198.0
16 7 76.0 4.0
9 11 83.0 55.0
12 19 42.0 36.0
21 23 59.0 179.0
1 18 2.0 105.0
22 23 143.0 149.0
5 10 192.0 46.0
5 14 187.0 124.0
16 5 155.0 63.0
12 11 134.0 38.0
4 17 84.0 176.0
6 15 156.0 143.0
9 22 61.0 110.0
15 17 189.0 4.0
5 15 63.0 181.0
23 2 126.0 2.0
3 17 127.0 82.0
9 10 91.0 13.0
10 11 71.0 175.0
22 1 60.0 179.0
13 10 148.0 121.0
15 4 175.0 137.0
14 9 127.0 39.0
18 20 66.0 54.0
19 1 146.0 145.0
12 10 11.0 189.0
12 16 102.0 35.0
22 2 154.0 115.0
23 1 62.0 102.0
11 14 195.0 37.0
19 5 189.0 74.0
3 21 33.0 7.0
17 9 81.0 179.0
2 21 116.0 44.0
23 14 120.0 171.0
17 6 158.0 75.0
15 7 93.0 172.0
13 5 182.0 40.0
18 3 12.0 123.0
20 7 163.0 45.0
10 14 98.0 196.0
14 22 183.0 167.0
16 9 174.0 56.0
3 1 2.0 85.0
3 19 133.0 95.0
13 15 58.0 68.0
7 19 197.0 70.0
16 15 109.0 112.0
13 16 143.0 159.0
13 9 78.0 78.0
18 10 192.0 5.0
10 22 182.0 147.0
21 12 119.0 67.0
21 9 84.0 129.0
23 9 153.0 33.0
14 16 64.0 62.0
18 11 60.0 159.0
12 17 116.0 91.0
10 20 94.0 61.0
13 21 37.0 28.0
19 11 36.0 108.0
19 13 14.0 72.0
11 21 8.0 167.0
4 23 113.0 73.0
20 14 6.0 126.0
10 23 99.0 123.0
17 11 3.0 193.0
16 10 50.0 40.0
11 23 3.0 39.0
21 17 79.0 17.0
6 23 28.0 88.0
20 16 24.0 93.0
17 20 72.0 30.0
22 12 101.0 171.0
20 13 89.0 56.0
20 9 109.0 92.0
9 19 88.0 113.0
2 1 19.0 120.0
21 16 88.0 47.0
21 14 122.0 112.0
19 23 101.0 194.0
19 17 194.0 154.0
15 23 122.0 83.0
1 11 10.0 32.0
17 22 109.0 50.0
11 15 198.0 128.0
18 23 155.0 87.0
18 21 133.0 78.0
21 15 47.0 186.0
15 18 23.0 193.0
3 2 164.0 146.0
7 8 166.0 174.0
19 20 6.0 75.0
15 19 29.0 5.0
1 15 57.0 137.0
19 16 194.0 142.0
20 15 181.0 193.0
0
