21 210 2 5 19292
8 6 38.0 36.0
14 20 15.0 73.0
8 9 123.0 31.0
20 18 114.0 17.0
16 17 172.0 176.0
3 20 44.0 113.0
3 7 115.0 102.0
10 17 57.0 48.0
21 10 39.0 95.0
8 10 47.0 6.0
16 11 85.0 123.0
7 13 62.0 151.0
8 16 93.0 186.0
14 19 63.0 138.0
2 20 28.0 130.0
13 8 123.0 85.0
17 14 5.0 162.0
21 2 193.0 4.0
13 19 13.0 30.0
11 19 168.0 27.0
3 5 113.0 14.0
3 11 39.0 128.0
9 10 2.0 67.0
2 8 53.0 126.0
7 4 136.0 58.0
6 21 71.0 130.0
16 1 114.0 36.0
19 6 156.0 35.0
13 17 198.0 69.0
6 2 49.0 37.0
12 10 197.0 51.0
3 14 46.0 51.0
1 6 83.0 134.0
1 8 19.0 106.0
1 5 175.0 133.0
9 11 44.0 132.0
4 17 122.0 194.0
17 9 63.0 171.0
16 6 2.0 12.0
17 2 178.0 0.0
1 15 153.0 13.0
21 1 32.0 172.0
5 4 76.0 7.0
10 1 148.0 72.0
6 18 52.0 22.0
4 21 90.0 67.0
3 13 177.0 92.0
13 18 172.0 108.0
10 14 82.0 77.0
11 1 159.0 114.0
5 7 190.0 35.0
5 11 162.0 90.0
7 1 176.0 166.0
19 12 180.0 67.0
1 19 111.0 109.0
2 7 87.0 35.0
8 3 84.0 121.0
3 19 127.0 43.0
9 19 177.0 117.0
6 4 17.0 91.0
4 2 132.0 193.0
15 2 59.0 64.0
8 5 32.0 170.0
10 3 186.0 71.0
4 9 186.0 22.0
12 2 143.0 113.0
14 11 138.0 73.0
3 9 15.0 107.0
6 5 120.0 99.0
3 6 37.0 179.0
21 19 88.0 21.0
6 9 179.0 74.0
7 6 167.0 165.0
2 11 112.0 62.0
11 4 107.0 2.0
9 5 130.0 74.0
14 1 27.0 2.0
8 4 34.0 16.0
17 21 96.0 122.0
18 4 165.0 75.0
7 12 61.0 84.0
11 7 186.0 126.0
9 1 190.0 93.0
12 4 56.0 72.0
18 16 135.0 35.0
14 18 44.0 170.0
15 20 169.0 140.0
3 18 189.0 86.0
8 15 133.0 51.0
14 2 54.0 120.0
4 10 151.0 196.0
7 8 179.0 159.0
1 2 151.0 67.0
12 3 37.0 148.0
4 14 26.0 158.0
5 12 167.0 16.0
7 20 139.0 101.0
12 1 5.0 193.0
13 21 24.0 109.0
3 4 105.0 3.0
3 17 12.0 57.0
12 6 45.0 2.0
1 13 5.0 71.0
16 2 75.0 125.0
13 4 102.0 14.0
10 6 41.0 60.0
10 5 64.0 65.0
5 18 156.0 170.0
11 8 7.0 121.0
16 3 133.0 52.0
7 18 192.0 91.0
18 17 21.0 68.0
10 7 145.0 76.0
12 16 48.0 186.0
18 11 198.0 113.0
9 2 172.0 155.0
10 2 150.0 131.0
7 21 186.0 83.0
5 14 126.0 179.0
2 13 136.0 99.0
8 21 28.0 81.0
15 21 120.0 76.0
15 3 153.0 119.0
5 13 86.0 77.0
17 1 157.0 36.0
13 6 107.0 143.0
17 12 141.0 33.0
16 13 107.0 77.0
10 18 172.0 87.0
17 15 59.0 92.0
7 14 81.0 164.0
4 15 195.0 120.0
12 8 99.0 152.0
19 4 131.0 6.0
13 10 196.0 72.0
17 5 137.0 103.0
6 14 95.0 61.0
20 19 162.0 154.0
14 12 11.0 44.0
3 2 114.0 158.0
18 2 5.0 165.0
9 7 185.0 136.0
9 13 193.0 181.0
11 10 178.0 82.0
12 11 36.0 73.0
12 9 71.0 198.0
8 14 114.0 34.0
15 9 183.0 181.0
20 1 23.0 188.0
9 14 186.0 8.0
19 2 1.0 131.0
7 15 109.0 179.0
17 7 112.0 145.0
16 14 139.0 183.0
16 4 0.0 54.0
2 5 75.0 183.0
5 20 52.0 98.0
5 16 91.0 190.0
4 1 83.0 93.0
8 17 198.0 144.0
12 18 70.0 110.0
10 19 178.0 10.0
19 15 130.0 179.0
17 6 32.0 157.0
11 6 93.0 36.0
12 13 18.0 185.0
15 5 189.0 101.0
20 17 188.0 187.0
20 6 175.0 10.0
21 5 158.0 105.0
13 11 87.0 88.0
7 16 93.0 72.0
7 19 71.0 186.0
21 18 188.0 42.0
4 20 8.0 177.0
18 8 131.0 148.0
15 14 156.0 58.0
14 13 167.0 114.0
12 15 151.0 55.0
8 19 110.0 44.0
18 9 75.0 181.0
20 8 108.0 15.0
3 21 116.0 116.0
16 10 75.0 47.0
9 20 105.0 183.0
11 21 22.0 25.0
15 18 108.0 174.0
21 9 98.0 18.0
21 16 60.0 125.0
10 20 150.0 168.0
21 20 99.0 66.0
20 11 178.0 126.0
17 11 193.0 36.0
13 20 162.0 16.0
20 16 4.0 70.0
20 12 170.0 102.0
9 16 118.0 30.0
16 19 159.0 68.0
15 10 38.0 58.0
19 18 171.0 168.0
19 17 5.0 165.0
15 6 110.0 167.0
1 3 91.0 66.0
21 14 20.0 61.0
12 21 70.0 139.0
11 15 27.0 181.0
13 15 142.0 17.0
18 1 175.0 65.0
19 5 8.0 180.0
15 16 190.0 70.0
0
