25 300 9 12 34463
9 7 22.0 113.0
3 15 119.0 119.0
20 2 26.0 161.0
23 22 79.0 87.0
25 5 145.0 73.0
10 24 149.0 28.0
25 17 115.0 159.0
3 17 160.0 13.0
23 2 100.0 135.0
19 7 37.0 171.0
8 11 81.0 15.0
7 6 30.0 160.0
10 11 93.0 127.0
10 7 133.0 43.0
23 5 1.0 48.0
21 12 195.0 114.0
16 25 8.0 47.0
6 19 115.0 197.0
4 13 85.0 148.0
18 12 179.0 67.0
22 21 57.0 72.0
4 18 27.0 190.0
23 16 169.0 29.0
5 19 144.0 164.0
20 14 199.0 104.0
8 4 37.0 66.0
16 18 85.0 74.0
2 6 74.0 64.0
15 14 192.0 132.0
7 25 130.0 19.0
16 24 69.0 99.0
19 17 87.0 165.0
5 20 113.0 39.0
23 8 139.0 151.0
25 3 52.0 24.0
20 16 160.0 127.0
5 12 85.0 152.0
11 25 102.0 167.0
23 19 68.0 123.0
12 14 118.0 155.0
10 22 183.0 31.0
5 10 28.0 123.0
13 25 183.0 81.0
18 11 21.0 144.0
11 1 160.0 58.0
23 3 97.0 63.0
21 14 182.0 165.0
4 5 88.0 100.0
20 9 175.0 72.0
4 7 82.0 3.0
24 12 90.0 17.0
24 14 23.0 63.0
13 22 134.0 184.0
24 25 46.0 183.0
13 1 116.0 180.0
24 6 144.0 157.0
16 7 85.0 119.0
4 25 78.0 167.0
12 13 11.0 121.0
1 10 12.0 35.0
8 2 156.0 99.0
21 10 107.0 154.0
1 7 108.0 176.0
17 9 82.0 52.0
15 24 194.0 167.0
23 13 60.0 24.0
25 21 74.0 72.0
6 8 188.0 39.0
4 16 48.0 96.0
25 2 59.0 107.0
6 3 104.0 119.0
21 24 186.0 186.0
22 4 196.0 180.0
18 8 16.0 56.0
3 4 184.0 43.0
13 8 17.0 124.0
23 24 48.0 17.0
25 1 161.0 108.0
13 3 33.0 65.0
2 4 149.0 19.0
10 3 101.0 145.0
12 3 163.0 118.0
8 12 22.0 100.0
12 2 119.0 39.0
2 9 173.0 167.0
5 2 46.0 87.0
6 5 158.0 31.0
9 4 17.0 107.0
8 1 168.0 118.0
8 14 41.0 131.0
2 7 96.0 63.0
9 6 5.0 15.0
13 9 46.0 131.0
9 19 65.0 44.0
5 7 30.0 23.0
9 1 138.0 47.0
12 19 95.0 106.0
7 15 160.0 88.0
24 3 181.0 56.0
10 23 71.0 138.0
8 20 17.0 69.0
13 14 10.0 83.0
17 7 172.0 192.0
13 18 125.0 110.0
11 17 168.0 172.0
7 12 131.0 128.0
16 13 124.0 112.0
12 1 168.0 195.0
23 17 159.0 185.0
11 2 71.0 121.0
8 3 164.0 43.0
7 3 168.0 42.0
23 15 80.0 88.0
3 20 192.0 11.0
5 1 19.0 68.0
11 3 150.0 187.0
15 1 113.0 109.0
11 4 120.0 184.0
2 13 3.0 36.0
11 6 160.0 123.0
23 12 24.0 192.0
8 5 190.0 169.0
14 1 109.0 9.0
6 22 188.0 59.0
22 20 66.0 101.0
10 2 49.0 138.0
18 2 102.0 4.0
3 9 106.0 14.0
4 12 175.0 130.0
14 2 194.0 165.0
17 1 46.0 104.0
8 10 196.0 34.0
10 14 188.0 14.0
2 3 142.0 37.0
2 15 92.0 197.0
5 13 115.0 198.0
21 6 133.0 42.0
8 7 173.0 80.0
16 1 10.0 171.0
25 6 136.0 6.0
19 24 171.0 124.0
6 10 12.0 113.0
9 8 132.0 104.0
18 1 196.0 199.0
4 14 115.0 130.0
24 11 135.0 40.0
22 12 197.0 145.0
19 4 14.0 85.0
4 10 106.0 185.0
2 24 183.0 70.0
5 9 187.0 67.0
5 17 12.0 183.0
17 2 108.0 79.0
1 20 173.0 43.0
8 16 51.0 123.0
21 9 24.0 65.0
21 1 46.0 82.0
1 3 61.0 182.0
4 15 157.0 48.0
19 8 175.0 121.0
6 13 125.0 35.0
23 6 155.0 50.0
6 15 118.0 158.0
5 15 104.0 142.0
19 1 125.0 103.0
3 14 56.0 187.0
13 7 154.0 13.0
20 12 69.0 82.0
15 18 112.0 194.0
24 22 70.0 19.0
21 5 56.0 188.0
5 11 177.0 160.0
11 9 35.0 102.0
10 9 187.0 91.0
11 7 0.0 93.0
18 3 134.0 21.0
21 18 193.0 198.0
15 20 86.0 15.0
24 7 2.0 142.0
14 5 97.0 179.0
12 10 122.0 84.0
5 3 8.0 109.0
17 4 29.0 160.0
14 6 175.0 163.0
19 2 65.0 120.0
6 12 180.0 103.0
20 21 34.0 182.0
5 16 122.0 131.0
20 4 126.0 44.0
20 7 29.0 134.0
2 21 143.0 59.0
9 14 82.0 119.0
12 17 18.0 99.0
2 16 123.0 199.0
16 3 52.0 158.0
21 17 194.0 126.0
15 9 103.0 120.0
19 3 42.0 133.0
5 18 185.0 185.0
23 1 102.0 67.0
8 17 127.0 121.0
4 21 122.0 3.0
12 11 148.0 126.0
12 9 163.0 142.0
8 15 5.0 67.0
24 1 177.0 199.0
20 10 62.0 162.0
3 21 41.0 165.0
25 14 173.0 120.0
22 1 163.0 95.0
20 6 143.0 64.0
7 14 2.0 106.0
11 14 145.0 159.0
10 13 173.0 122.0
10 16 88.0 36.0
7 18 21.0 81.0
16 9 53.0 194.0
10 15 65.0 168.0
11 15 41.0 160.0
16 12 164.0 195.0
10 17 22.0 109.0
18 10 112.0 147.0
23 9 142.0 0.0
22 5 79.0 163.0
3 22 64.0 84.0
1 4 164.0 81.0
4 24 76.0 157.0
16 11 5.0 40.0
6 18 29.0 179.0
18 9 58.0 94.0
14 16 151.0 152.0
21 8 115.0 30.0
13 15 126.0 131.0
21 13 5.0 91.0
16 6 67.0 34.0
7 23 117.0 73.0
6 17 62.0 99.0
22 9 146.0 73.0
7 22 71.0 97.0
20 11 173.0 138.0
22 11 66.0 100.0
10 19 88.0 24.0
24 8 1.0 156.0
5 24 61.0 118.0
13 20 21.0 75.0
21 7 106.0 119.0
16 15 75.0 177.0
25 9 194.0 48.0
22 8 171.0 12.0
17 16 139.0 12.0
22 19 131.0 140.0
4 23 38.0 144.0
19 14 94.0 11.0
8 25 150.0 0.0
24 9 194.0 177.0
14 18 135.0 188.0
4 6 121.0 107.0
15 22 187.0 60.0
17 15 92.0 70.0
10 25 143.0 82.0
25 12 10.0 37.0
13 24 123.0 112.0
21 15 118.0 117.0
18 17 192.0 53.0
11 23 150.0 114.0
17 13 174.0 90.0
13 19 42.0 18.0
13 11 65.0 137.0
19 18 171.0 75.0
19 20 36.0 94.0
22 14 94.0 106.0
18 22 134.0 39.0
17 22 8.0 36.0
14 17 62.0 134.0
17 20 166.0 56.0
19 21 153.0 183.0
21 11 36.0 124.0
25 22 129.0 25.0
14 23 59.0 175.0
19 15 68.0 193.0
23 20 55.0 76.0
18 23 147.0 117.0
2 22 121.0 65.0
20 24 39.0 74.0
20 18 111.0 28.0
23 25 8.0 40.0
6 1 132.0 67.0
18 25 53.0 152.0
25 20 150.0 108.0
21 23 58.0 97.0
2 1 23.0 131.0
19 16 124.0 15.0
19 25 31.0 35.0
21 16 40.0 39.0
22 16 176.0 172.0
15 25 113.0 182.0
18 24 47.0 63.0
24 17 76.0 57.0
15 12 140.0 52.0
19 11 55.0 16.0
0
