30 435 14 17 84771
2 3 108.0 175.0
7 17 198.0 78.0
9 15 62.0 98.0
3 25 141.0 172.0
15 27 48.0 118.0
11 4 170.0 88.0
21 28 146.0 165.0
28 12 99.0 198.0
14 26 161.0 159.0
4 28 142.0 159.0
5 10 6.0 4.0
26 9 19.0 148.0
5 9 116.0 68.0
4 19 55.0 38.0
16 5 142.0 2.0
8 23 32.0 193.0
18 26 103.0 194.0
23 6 36.0 45.0
16 2 2.0 195.0
10 16 116.0 22.0
16 1 170.0 32.0
11 2 66.0 25.0
28 18 154.0 160.0
2 27 161.0 138.0
22 3 105.0 64.0
9 20 105.0 142.0
21 20 191.0 107.0
27 22 1.0 107.0
14 3 74.0 171.0
26 17 142.0 92.0
27 5 107.0 48.0
1 27 73.0 20.0
22 25 61.0 179.0
2 7 55.0 166.0
25 16 50.0 199.0
8 29 30.0 51.0
1 15 65.0 56.0
23 19 50.0 159.0
24 20 15.0 110.0
17 1 169.0 89.0
26 11 160.0 30.0
16 19 159.0 168.0
4 6 80.0 9.0
26 23 128.0 63.0
29 30 60.0 145.0
9 2 173.0 111.0
5 2 162.0 188.0
24 10 70.0 131.0
7 5 94.0 31.0
12 22 35.0 53.0
19 5 95.0 67.0
27 11 164.0 23.0
3 30 22.0 177.0
7 1 42.0 195.0
2 4 116.0 157.0
6 11 14.0 187.0
5 1 15.0 61.0
22 5 39.0 50.0
2 6 59.0 86.0
21 23 154.0 24.0
5 6 9.0 176.0
14 4 6.0 3.0
30 21 24.0 122.0
24 12 107.0 38.0
12 20 152.0 122.0
17 6 47.0 143.0
16 11 147.0 106.0
3 13 27.0 102.0
26 1 180.0 36.0
4 3 13.0 186.0
15 22 57.0 37.0
3 28 154.0 164.0
18 9 45.0 106.0
14 13 110.0 92.0
15 11 76.0 58.0
24 23 20.0 103.0
23 12 96.0 1.0
1 8 138.0 109.0
1 29 123.0 147.0
27 14 53.0 29.0
6 8 17.0 50.0
30 13 73.0 128.0
15 7 77.0 101.0
21 7 192.0 50.0
10 14 34.0 41.0
11 3 95.0 124.0
22 13 127.0 18.0
26 28 37.0 132.0
15 23 24.0 7.0
27 26 120.0 49.0
9 4 123.0 150.0
18 21 107.0 115.0
7 8 97.0 93.0
20 28 12.0 144.0
10 13 177.0 139.0
6 1 48.0 166.0
13 1 33.0 24.0
8 2 133.0 153.0
15 4 84.0 56.0
16 3 162.0 191.0
21 25 91.0 12.0
14 7 95.0 103.0
12 15 32.0 72.0
18 11 22.0 32.0
25 27 24.0 7.0
1 12 154.0 158.0
7 25 24.0 38.0
19 22 171.0 186.0
8 21 71.0 62.0
28 29 178.0 166.0
13 11 130.0 162.0
21 26 144.0 104.0
22 23 181.0 121.0
26 12 41.0 88.0
2 14 136.0 17.0
21 17 29.0 59.0
7 12 165.0 100.0
3 6 104.0 143.0
19 9 189.0 186.0
8 3 56.0 85.0
25 9 179.0 190.0
3 12 187.0 173.0
19 21 120.0 75.0
29 5 157.0 150.0
3 10 199.0 122.0
2 19 29.0 55.0
13 4 81.0 170.0
2 29 38.0 89.0
7 30 108.0 17.0
11 5 170.0 95.0
4 23 183.0 90.0
27 13 15.0 140.0
6 14 168.0 166.0
9 6 109.0 149.0
3 1 146.0 142.0
21 2 46.0 184.0
24 14 124.0 154.0
27 12 181.0 94.0
14 1 131.0 164.0
10 28 76.0 147.0
10 2 105.0 196.0
18 7 149.0 166.0
29 9 98.0 47.0
11 1 154.0 96.0
28 14 33.0 79.0
25 4 128.0 14.0
15 3 144.0 11.0
18 29 59.0 172.0
5 20 111.0 116.0
18 13 85.0 12.0
12 2 34.0 135.0
4 8 132.0 188.0
7 10 191.0 165.0
13 5 7.0 71.0
5 4 1.0 151.0
24 27 169.0 13.0
16 30 112.0 80.0
6 7 154.0 149.0
4 7 52.0 140.0
28 2 54.0 184.0
5 3 197.0 197.0
14 11 47.0 5.0
13 9 47.0 1.0
9 3 181.0 16.0
11 9 59.0 45.0
24 15 149.0 166.0
11 17 50.0 1.0
18 19 40.0 56.0
21 24 25.0 37.0
11 7 127.0 25.0
26 29 191.0 175.0
16 4 39.0 173.0
6 10 133.0 99.0
24 28 195.0 82.0
14 17 63.0 45.0
10 8 166.0 103.0
2 17 179.0 191.0
3 17 142.0 107.0
12 8 90.0 133.0
6 29 17.0 130.0
8 22 42.0 150.0
19 6 73.0 37.0
22 6 147.0 136.0
18 2 43.0 113.0
10 4 123.0 22.0
13 6 171.0 65.0
6 21 93.0 62.0
20 25 86.0 110.0
16 14 75.0 80.0
19 20 171.0 100.0
12 9 41.0 118.0
9 7 16.0 36.0
15 6 64.0 139.0
17 4 159.0 36.0
8 11 116.0 4.0
2 15 71.0 154.0
29 27 126.0 146.0
16 9 160.0 49.0
14 8 168.0 153.0
7 3 141.0 136.0
20 2 195.0 158.0
18 4 43.0 107.0
5 8 142.0 159.0
17 16 106.0 13.0
19 1 59.0 184.0
3 19 97.0 171.0
13 7 6.0 17.0
8 24 120.0 100.0
4 29 118.0 116.0
8 13 104.0 161.0
14 5 113.0 46.0
19 30 142.0 19.0
18 1 31.0 1.0
6 16 142.0 80.0
2 13 17.0 148.0
24 1 136.0 137.0
16 7 166.0 6.0
11 12 115.0 70.0
18 3 83.0 28.0
3 20 49.0 25.0
24 19 193.0 33.0
10 12 102.0 87.0
10 11 166.0 71.0
9 10 198.0 54.0
5 15 195.0 165.0
4 20 174.0 110.0
25 1 31.0 57.0
10 26 45.0 33.0
14 19 116.0 190.0
21 3 46.0 170.0
15 13 4.0 164.0
14 30 17.0 3.0
13 12 13.0 12.0
9 8 59.0 139.0
27 7 6.0 43.0
18 5 197.0 51.0
1 21 81.0 65.0
8 17 86.0 128.0
30 25 32.0 91.0
16 15 47.0 50.0
7 19 169.0 12.0
22 14 157.0 29.0
21 5 83.0 115.0
23 9 50.0 32.0
20 8 181.0 131.0
26 2 114.0 68.0
19 10 23.0 147.0
18 6 19.0 23.0
17 10 108.0 188.0
12 30 143.0 66.0
4 12 197.0 178.0
21 12 11.0 199.0
22 2 145.0 145.0
5 24 102.0 12.0
24 3 129.0 126.0
2 24 127.0 148.0
12 14 131.0 36.0
23 2 155.0 74.0
18 14 39.0 153.0
17 23 76.0 51.0
9 17 82.0 174.0
6 12 85.0 184.0
6 20 61.0 166.0
1 23 4.0 140.0
14 15 116.0 135.0
10 1 170.0 72.0
8 18 183.0 9.0
9 14 117.0 11.0
20 7 121.0 151.0
6 26 124.0 158.0
21 27 65.0 137.0
23 3 49.0 21.0
15 28 189.0 165.0
22 18 38.0 159.0
27 19 48.0 173.0
2 25 141.0 117.0
23 29 197.0 15.0
22 4 105.0 74.0
1 22 144.0 171.0
24 6 96.0 145.0
9 1 124.0 85.0
5 23 67.0 162.0
25 26 145.0 67.0
22 7 194.0 39.0
16 8 159.0 143.0
10 18 37.0 65.0
10 21 118.0 134.0
4 24 34.0 166.0
16 13 43.0 158.0
18 24 12.0 110.0
26 3 32.0 109.0
24 9 117.0 178.0
28 1 190.0 76.0
30 4 120.0 179.0
21 9 14.0 39.0
21 4 135.0 48.0
25 6 56.0 178.0
10 15 192.0 68.0
10 20 34.0 176.0
19 26 137.0 103.0
3 27 168.0 79.0
27 4 107.0 89.0
16 12 165.0 73.0
15 8 198.0 100.0
11 19 15.0 55.0
17 5 41.0 159.0
30 1 84.0 75.0
25 5 119.0 173.0
1 20 88.0 40.0
12 19 34.0 147.0
24 11 102.0 199.0
24 7 125.0 101.0
24 29 154.0 140.0
19 13 141.0 147.0
7 26 29.0 177.0
9 22 169.0 148.0
11 20 64.0 9.0
26 5 134.0 99.0
21 11 23.0 37.0
20 14 137.0 100.0
23 11 133.0 92.0
22 30 77.0 74.0
29 3 72.0 106.0
13 20 155.0 41.0
6 27 121.0 172.0
26 8 89.0 7.0
10 23 128.0 64.0
27 8 36.0 65.0
4 26 199.0 122.0
12 17 67.0 29.0
21 13 153.0 140.0
13 17 146.0 61.0
10 25 48.0 67.0
29 17 81.0 90.0
16 18 61.0 161.0
28 8 27.0 98.0
12 18 141.0 179.0
23 14 168.0 9.0
26 22 94.0 74.0
17 18 75.0 40.0
28 7 80.0 123.0
16 24 108.0 161.0
21 16 191.0 170.0
28 5 94.0 170.0
29 7 160.0 188.0
30 20 157.0 81.0
21 14 188.0 51.0
27 10 114.0 63.0
13 24 35.0 194.0
8 25 72.0 96.0
28 9 140.0 15.0
15 20 30.0 187.0
10 22 197.0 190.0
25 12 126.0 106.0
19 28 172.0 114.0
15 19 150.0 86.0
28 13 69.0 137.0
11 22 26.0 94.0
25 15 89.0 167.0
8 30 135.0 119.0
6 30 157.0 84.0
23 16 64.0 83.0
30 5 99.0 36.0
18 15 44.0 1.0
21 15 151.0 114.0
16 22 23.0 130.0
18 20 117.0 113.0
13 25 36.0 4.0
27 9 180.0 193.0
11 29 33.0 44.0
26 13 105.0 132.0
13 23 119.0 149.0
16 20 195.0 70.0
11 25 45.0 19.0
24 17 156.0 114.0
10 29 11.0 192.0
29 12 196.0 191.0
17 22 191.0 29.0
25 18 79.0 96.0
20 23 21.0 198.0
21 22 188.0 17.0
15 29 174.0 185.0
6 28 188.0 83.0
29 14 135.0 151.0
11 30 130.0 131.0
19 25 53.0 121.0
26 15 23.0 132.0
14 25 132.0 45.0
30 9 27.0 72.0
27 16 74.0 2.0
18 27 135.0 14.0
28 16 77.0 70.0
23 7 46.0 160.0
24 22 92.0 99.0
28 11 122.0 115.0
15 30 167.0 54.0
26 20 128.0 195.0
27 30 198.0 154.0
17 27 50.0 133.0
16 26 51.0 80.0
25 24 176.0 97.0
17 19 28.0 68.0
24 26 44.0 150.0
22 28 174.0 164.0
23 28 171.0 103.0
27 23 46.0 121.0
29 20 169.0 48.0
25 23 71.0 21.0
30 18 146.0 47.0
30 28 150.0 174.0
30 24 51.0 147.0
29 22 68.0 25.0
12 5 82.0 192.0
16 29 20.0 80.0
2 1 82.0 190.0
28 27 33.0 105.0
25 28 4.0 179.0
23 18 127.0 107.0
8 19 16.0 178.0
1 4 139.0 85.0
23 30 126.0 173.0
20 22 62.0 147.0
28 17 198.0 96.0
20 27 189.0 32.0
17 25 31.0 194.0
29 21 52.0 159.0
30 17 176.0 69.0
10 30 82.0 67.0
2 30 77.0 8.0
29 13 34.0 140.0
29 25 0.0 185.0
15 17 49.0 142.0
30 26 2.0 33.0
19 29 0.0 54.0
20 17 31.0 176.0
0
