35 595 9 12 81211
2 16 127.0 28.0
18 10 20.0 42.0
29 6 57.0 22.0
30 14 13.0 31.0
4 29 50.0 160.0
15 25 196.0 33.0
30 11 117.0 69.0
23 6 58.0 21.0
22 12 50.0 137.0
33 11 92.0 70.0
16 25 66.0 149.0
3 21 31.0 79.0
27 30 142.0 81.0
32 2 170.0 138.0
12 1 96.0 87.0
6 1 113.0 154.0
29 25 171.0 163.0
4 6 168.0 63.0
11 21 153.0 187.0
18 32 48.0 136.0
4 20 199.0 190.0
22 10 84.0 169.0
22 4 41.0 180.0
22 33 34.0 155.0
22 26 59.0 5.0
6 3 39.0 179.0
32 27 83.0 192.0
1 21 43.0 132.0
5 13 37.0 194.0
34 16 196.0 122.0
31 33 96.0 38.0
30 31 72.0 131.0
33 14 24.0 83.0
25 4 47.0 63.0
7 33 166.0 131.0
30 34 88.0 161.0
23 1 93.0 78.0
16 26 146.0 89.0
23 30 44.0 194.0
2 13 144.0 116.0
27 1 27.0 120.0
16 6 196.0 75.0
3 2 133.0 163.0
12 15 110.0 173.0
28 32 102.0 3.0
22 16 106.0 0.0
10 1 101.0 102.0
13 26 190.0 197.0
26 8 137.0 170.0
13 11 146.0 134.0
24 10 176.0 79.0
1 18 157.0 86.0
27 8 59.0 12.0
23 8 163.0 165.0
20 15 184.0 16.0
6 31 112.0 126.0
3 22 86.0 50.0
9 7 96.0 184.0
5 4 110.0 24.0
1 7 76.0 20.0
26 33 144.0 135.0
17 4 156.0 107.0
18 7 14.0 92.0
2 24 76.0 127.0
2 10 160.0 114.0
4 15 50.0 57.0
20 12 86.0 112.0
30 8 1.0 162.0
5 16 113.0 145.0
4 10 127.0 69.0
2 34 74.0 94.0
22 32 198.0 150.0
29 16 63.0 159.0
3 5 182.0 65.0
32 3 98.0 69.0
11 34 26.0 99.0
14 21 88.0 139.0
16 1 83.0 168.0
34 23 157.0 157.0
19 16 33.0 107.0
8 34 193.0 48.0
7 24 140.0 175.0
26 27 152.0 38.0
26 18 165.0 179.0
15 29 184.0 54.0
30 35 152.0 67.0
22 8 71.0 61.0
23 20 114.0 56.0
18 25 126.0 59.0
25 12 59.0 66.0
4 35 115.0 12.0
29 9 128.0 80.0
3 4 92.0 64.0
9 15 96.0 197.0
22 14 50.0 167.0
10 16 167.0 116.0
5 11 0.0 45.0
7 6 96.0 60.0
33 25 112.0 11.0
33 5 180.0 40.0
8 6 191.0 73.0
5 31 2.0 87.0
21 18 60.0 52.0
2 11 14.0 179.0
1 5 8.0 14.0
3 17 54.0 105.0
18 19 121.0 166.0
23 25 195.0 54.0
15 33 5.0 186.0
5 19 181.0 7.0
13 20 167.0 41.0
10 31 74.0 133.0
12 33 83.0 34.0
27 20 80.0 89.0
16 4 24.0 2.0
28 27 183.0 19.0
2 4 84.0 188.0
2 23 15.0 65.0
19 15 137.0 182.0
2 12 28.0 163.0
1 33 93.0 63.0
9 5 49.0 173.0
17 1 80.0 25.0
8 1 118.0 63.0
23 29 185.0 154.0
16 3 60.0 1.0
17 16 62.0 197.0
7 28 18.0 42.0
25 2 150.0 63.0
15 22 172.0 199.0
35 18 147.0 4.0
35 20 128.0 18.0
13 3 124.0 114.0
5 26 127.0 184.0
18 29 5.0 142.0
21 25 106.0 23.0
26 17 101.0 57.0
7 8 39.0 25.0
6 5 111.0 138.0
24 12 22.0 40.0
27 25 177.0 98.0
6 9 23.0 105.0
12 3 116.0 29.0
11 1 26.0 23.0
34 3 70.0 127.0
1 9 178.0 61.0
20 10 135.0 41.0
34 22 141.0 109.0
23 16 8.0 118.0
12 26 66.0 184.0
20 21 110.0 182.0
2 8 164.0 136.0
9 2 182.0 34.0
19 6 55.0 112.0
28 24 107.0 142.0
11 22 174.0 48.0
14 24 110.0 183.0
27 35 172.0 176.0
32 26 157.0 82.0
34 4 9.0 122.0
20 34 154.0 143.0
17 11 155.0 161.0
35 19 196.0 62.0
18 3 70.0 170.0
3 31 130.0 180.0
11 3 12.0 103.0
5 10 39.0 170.0
4 11 94.0 0.0
8 5 60.0 48.0
27 6 160.0 15.0
1 20 172.0 108.0
15 3 176.0 195.0
4 23 65.0 106.0
6 10 159.0 29.0
20 25 7.0 150.0
34 1 148.0 101.0
17 2 198.0 8.0
19 17 81.0 110.0
3 7 97.0 5.0
8 16 90.0 25.0
16 7 68.0 107.0
19 23 144.0 27.0
2 14 84.0 103.0
22 2 78.0 184.0
9 3 73.0 28.0
29 34 126.0 154.0
4 12 63.0 23.0
13 29 192.0 106.0
7 10 176.0 12.0
1 14 143.0 120.0
11 19 151.0 179.0
20 19 189.0 181.0
31 35 76.0 62.0
3 8 161.0 154.0
12 7 191.0 177.0
2 15 60.0 183.0
9 11 55.0 37.0
12 10 58.0 198.0
6 12 64.0 162.0
8 19 199.0 5.0
4 14 157.0 27.0
13 12 67.0 70.0
1 28 39.0 58.0
11 28 131.0 100.0
14 5 128.0 186.0
34 7 83.0 138.0
31 21 157.0 100.0
17 6 53.0 156.0
28 22 64.0 10.0
33 8 28.0 131.0
9 4 162.0 67.0
7 5 125.0 45.0
29 2 159.0 5.0
20 30 136.0 42.0
2 18 192.0 45.0
8 35 29.0 197.0
12 8 7.0 93.0
15 7 72.0 35.0
15 21 55.0 186.0
25 28 135.0 132.0
7 11 135.0 94.0
10 11 30.0 23.0
9 35 135.0 175.0
9 13 113.0 164.0
14 7 76.0 120.0
27 29 57.0 100.0
19 2 89.0 112.0
13 6 86.0 176.0
14 3 121.0 173.0
5 27 142.0 103.0
26 1 40.0 29.0
31 19 39.0 105.0
13 4 141.0 67.0
7 4 153.0 198.0
31 29 76.0 42.0
15 1 147.0 114.0
2 28 152.0 20.0
31 14 53.0 94.0
15 34 109.0 93.0
29 30 71.0 100.0
2 7 15.0 164.0
17 33 43.0 168.0
12 5 189.0 71.0
8 14 127.0 136.0
2 20 60.0 79.0
18 5 138.0 65.0
6 14 70.0 199.0
18 6 38.0 93.0
14 18 56.0 5.0
27 31 101.0 51.0
19 3 173.0 90.0
21 13 37.0 100.0
17 5 119.0 49.0
2 21 59.0 57.0
35 12 134.0 81.0
6 32 125.0 172.0
19 4 107.0 181.0
10 8 95.0 8.0
6 15 120.0 69.0
13 10 165.0 157.0
29 14 63.0 84.0
13 18 97.0 75.0
14 11 106.0 183.0
24 33 18.0 183.0
13 33 93.0 77.0
13 1 10.0 188.0
29 5 117.0 82.0
12 23 136.0 82.0
5 2 23.0 0.0
22 31 11.0 72.0
34 21 66.0 69.0
18 34 0.0 37.0
8 20 24.0 45.0
8 11 192.0 34.0
7 13 126.0 109.0
6 2 11.0 14.0
10 9 76.0 186.0
12 29 25.0 39.0
26 2 27.0 43.0
12 21 188.0 179.0
12 11 51.0 12.0
1 4 5.0 195.0
17 7 127.0 131.0
15 8 167.0 138.0
18 22 105.0 43.0
13 8 199.0 130.0
12 9 114.0 178.0
8 18 57.0 54.0
17 8 96.0 60.0
7 21 82.0 101.0
1 19 16.0 161.0
23 3 194.0 184.0
10 17 13.0 51.0
20 3 14.0 164.0
1 25 170.0 80.0
24 3 139.0 28.0
15 5 120.0 36.0
14 9 160.0 155.0
30 2 156.0 176.0
1 22 47.0 102.0
9 16 58.0 61.0
33 16 99.0 73.0
13 15 125.0 70.0
4 21 144.0 65.0
27 2 186.0 65.0
10 15 64.0 146.0
9 26 8.0 172.0
3 30 79.0 56.0
21 8 67.0 90.0
20 5 15.0 119.0
14 17 60.0 140.0
19 10 81.0 5.0
34 13 1.0 68.0
20 7 34.0 17.0
10 14 133.0 43.0
7 25 196.0 12.0
22 7 62.0 16.0
33 21 38.0 77.0
21 5 19.0 98.0
5 22 34.0 100.0
15 26 175.0 35.0
9 17 184.0 10.0
20 31 11.0 117.0
14 15 72.0 7.0
25 19 154.0 86.0
16 15 186.0 192.0
28 23 157.0 157.0
26 24 79.0 143.0
26 14 121.0 55.0
4 24 129.0 106.0
7 19 126.0 140.0
26 21 90.0 150.0
4 32 34.0 196.0
23 26 86.0 172.0
16 11 32.0 44.0
14 13 22.0 112.0
18 11 53.0 144.0
3 25 158.0 182.0
11 29 131.0 36.0
26 34 98.0 173.0
22 6 79.0 84.0
6 21 43.0 165.0
8 4 31.0 76.0
27 21 19.0 5.0
32 7 147.0 72.0
34 27 129.0 57.0
29 1 56.0 12.0
18 9 109.0 107.0
21 9 167.0 140.0
16 12 43.0 10.0
26 3 72.0 26.0
6 33 93.0 91.0
4 31 37.0 40.0
35 15 155.0 118.0
20 11 77.0 12.0
30 1 173.0 139.0
12 14 167.0 140.0
15 18 61.0 162.0
6 11 23.0 133.0
5 24 58.0 117.0
13 17 118.0 47.0
7 31 5.0 74.0
26 4 162.0 35.0
30 12 75.0 87.0
17 12 199.0 42.0
5 23 175.0 12.0
32 23 119.0 150.0
35 13 119.0 129.0
14 16 40.0 37.0
1 31 142.0 197.0
9 19 162.0 56.0
26 30 68.0 38.0
6 24 5.0 19.0
20 6 135.0 180.0
24 8 155.0 6.0
16 13 31.0 26.0
3 10 159.0 71.0
25 5 132.0 101.0
22 9 164.0 47.0
21 10 177.0 184.0
23 10 11.0 183.0
29 3 66.0 98.0
24 18 101.0 173.0
31 15 10.0 132.0
26 7 94.0 121.0
5 28 78.0 26.0
20 9 139.0 194.0
9 24 132.0 116.0
7 23 71.0 95.0
25 14 117.0 90.0
19 14 195.0 18.0
21 32 182.0 157.0
4 30 132.0 76.0
24 11 91.0 162.0
11 35 94.0 30.0
6 26 173.0 26.0
12 19 21.0 196.0
8 9 117.0 90.0
19 13 21.0 113.0
9 25 71.0 3.0
28 3 107.0 155.0
27 7 117.0 198.0
28 6 18.0 12.0
25 6 181.0 191.0
35 5 131.0 2.0
25 8 184.0 0.0
14 20 69.0 5.0
17 31 189.0 92.0
1 32 76.0 97.0
16 20 47.0 146.0
9 23 107.0 65.0
28 34 116.0 40.0
5 30 78.0 199.0
33 3 96.0 62.0
8 28 153.0 117.0
33 2 170.0 143.0
29 7 78.0 198.0
35 1 19.0 126.0
32 34 59.0 78.0
33 4 52.0 127.0
3 27 103.0 82.0
10 27 96.0 151.0
16 24 46.0 50.0
21 16 88.0 168.0
35 2 176.0 118.0
18 17 21.0 148.0
15 11 44.0 80.0
25 11 161.0 48.0
35 33 118.0 16.0
27 9 45.0 14.0
31 2 66.0 91.0
13 22 98.0 106.0
9 28 192.0 27.0
4 18 65.0 14.0
14 27 50.0 61.0
26 10 45.0 12.0
32 5 121.0 115.0
31 23 88.0 166.0
10 29 60.0 106.0
34 9 198.0 110.0
18 28 115.0 190.0
14 23 18.0 181.0
34 5 9.0 68.0
6 30 47.0 7.0
35 3 65.0 169.0
20 17 55.0 153.0
21 17 165.0 67.0
27 11 166.0 163.0
26 11 131.0 34.0
23 17 113.0 149.0
17 22 65.0 75.0
16 18 167.0 65.0
7 30 113.0 184.0
22 30 18.0 120.0
35 28 125.0 184.0
10 25 183.0 44.0
12 18 116.0 115.0
13 25 158.0 181.0
28 13 189.0 176.0
27 13 47.0 108.0
28 14 100.0 160.0
24 13 83.0 119.0
35 6 87.0 161.0
15 27 160.0 71.0
20 22 136.0 28.0
28 12 37.0 46.0
30 10 156.0 178.0
15 24 194.0 3.0
8 32 66.0 95.0
18 20 166.0 101.0
19 22 175.0 54.0
27 33 110.0 87.0
31 11 65.0 46.0
23 11 143.0 54.0
30 18 187.0 99.0
17 29 2.0 181.0
24 17 118.0 68.0
25 17 15.0 36.0
6 34 156.0 191.0
28 15 134.0 66.0
13 23 71.0 152.0
33 9 129.0 14.0
8 31 62.0 68.0
33 10 91.0 64.0
30 15 177.0 9.0
10 32 191.0 192.0
10 28 159.0 99.0
18 27 112.0 46.0
21 24 45.0 135.0
34 10 147.0 126.0
35 7 39.0 9.0
13 32 27.0 130.0
22 27 118.0 4.0
31 12 128.0 109.0
16 27 2.0 40.0
24 19 62.0 66.0
30 32 40.0 107.0
30 9 173.0 188.0
11 32 177.0 12.0
24 20 38.0 157.0
14 32 121.0 156.0
12 34 99.0 2.0
13 31 58.0 101.0
23 21 164.0 120.0
16 31 128.0 4.0
22 23 145.0 101.0
8 29 21.0 74.0
30 16 192.0 60.0
28 17 7.0 65.0
26 19 117.0 106.0
32 12 189.0 175.0
9 31 1.0 105.0
26 20 143.0 81.0
24 23 52.0 40.0
28 19 6.0 26.0
32 15 91.0 150.0
30 17 145.0 50.0
19 29 49.0 62.0
20 28 101.0 190.0
35 10 16.0 102.0
16 28 164.0 159.0
32 17 118.0 169.0
21 28 11.0 124.0
21 22 143.0 54.0
27 17 182.0 88.0
22 29 187.0 31.0
18 31 130.0 88.0
27 19 28.0 146.0
32 19 197.0 144.0
13 30 122.0 67.0
29 24 197.0 85.0
14 34 117.0 141.0
16 32 115.0 100.0
25 26 129.0 54.0
18 33 127.0 60.0
23 18 163.0 155.0
15 17 24.0 112.0
25 22 130.0 98.0
21 30 45.0 127.0
23 27 177.0 114.0
32 24 38.0 44.0
35 14 107.0 168.0
17 34 76.0 35.0
17 35 106.0 191.0
25 30 64.0 83.0
20 32 61.0 194.0
33 19 145.0 58.0
24 22 48.0 74.0
29 20 189.0 86.0
34 25 8.0 48.0
25 31 125.0 37.0
23 33 76.0 183.0
35 16 174.0 140.0
34 19 117.0 35.0
28 30 158.0 15.0
33 20 61.0 6.0
19 30 128.0 2.0
34 24 37.0 89.0
21 35 168.0 114.0
31 28 46.0 44.0
28 4 164.0 21.0
35 22 87.0 82.0
33 34 176.0 45.0
35 25 50.0 189.0
35 23 99.0 131.0
28 33 31.0 88.0
34 31 108.0 199.0
32 29 17.0 155.0
25 32 12.0 182.0
35 29 142.0 100.0
27 4 107.0 70.0
32 31 53.0 110.0
24 30 44.0 104.0
26 29 15.0 27.0
28 29 48.0 75.0
33 32 12.0 66.0
33 30 47.0 24.0
35 34 185.0 141.0
29 21 179.0 92.0
29 33 74.0 32.0
31 24 112.0 70.0
2 1 76.0 127.0
21 19 3.0 124.0
26 31 48.0 167.0
28 26 110.0 47.0
25 24 146.0 95.0
27 24 128.0 125.0
12 27 42.0 2.0
24 35 78.0 154.0
15 23 54.0 106.0
1 24 126.0 9.0
9 32 19.0 126.0
26 35 189.0 82.0
1 3 122.0 136.0
32 35 116.0 50.0
0
