32 496 8 7 30611
11 3 195.0 142.0
31 32 140.0 5.0
8 13 173.0 126.0
20 7 147.0 109.0
32 10 139.0 122.0
2 21 166.0 66.0
10 4 99.0 190.0
31 8 160.0 109.0
11 28 80.0 107.0
27 17 153.0 20.0
29 19 104.0 126.0
25 29 184.0 3.0
6 30 94.0 75.0
19 23 51.0 61.0
26 20 103.0 151.0
27 5 180.0 15.0
32 3 177.0 12.0
19 9 167.0 131.0
27 26 3.0 23.0
22 19 18.0 139.0
16 15 145.0 65.0
5 23 53.0 197.0
10 21 195.0 108.0
25 20 127.0 128.0
22 21 184.0 56.0
30 12 7.0 103.0
6 23 194.0 162.0
9 22 159.0 165.0
4 5 128.0 57.0
13 23 141.0 182.0
11 27 18.0 88.0
15 1 163.0 97.0
22 10 34.0 99.0
22 3 90.0 41.0
25 21 88.0 36.0
5 3 29.0 0.0
32 18 43.0 158.0
8 29 121.0 184.0
23 26 100.0 139.0
26 13 150.0 64.0
22 20 34.0 184.0
23 11 102.0 124.0
31 26 47.0 143.0
3 8 2.0 29.0
25 12 15.0 45.0
8 15 165.0 136.0
8 4 48.0 18.0
16 11 156.0 151.0
30 16 19.0 191.0
9 3 103.0 74.0
13 18 199.0 151.0
7 5 112.0 153.0
8 6 102.0 127.0
13 32 139.0 19.0
3 6 105.0 140.0
16 4 125.0 61.0
19 5 196.0 144.0
25 3 4.0 51.0
20 3 99.0 155.0
7 3 157.0 11.0
4 11 191.0 11.0
2 10 43.0 83.0
5 24 148.0 100.0
27 19 44.0 73.0
23 2 190.0 192.0
5 29 127.0 195.0
31 7 85.0 27.0
12 31 70.0 42.0
10 7 34.0 13.0
6 1 161.0 30.0
24 27 137.0 109.0
13 31 163.0 182.0
1 23 44.0 105.0
9 1 169.0 171.0
7 6 14.0 6.0
30 17 174.0 36.0
6 4 147.0 8.0
3 23 169.0 109.0
18 3 165.0 107.0
5 2 9.0 80.0
32 19 138.0 53.0
10 1 41.0 59.0
13 1 172.0 55.0
26 28 176.0 98.0
30 27 191.0 123.0
18 17 18.0 112.0
20 4 60.0 183.0
7 1 180.0 21.0
12 3 192.0 118.0
27 2 33.0 34.0
11 2 163.0 157.0
30 24 178.0 139.0
1 14 11.0 121.0
16 18 2.0 29.0
22 5 17.0 14.0
5 12 86.0 149.0
6 12 168.0 79.0
13 10 94.0 153.0
2 9 191.0 58.0
7 14 184.0 121.0
13 27 12.0 147.0
6 2 33.0 166.0
6 22 177.0 2.0
1 17 86.0 64.0
28 32 72.0 6.0
9 32 66.0 166.0
15 25 45.0 10.0
7 28 42.0 181.0
23 10 154.0 54.0
10 14 102.0 139.0
4 2 130.0 80.0
22 25 121.0 168.0
24 15 151.0 193.0
8 7 12.0 17.0
17 12 166.0 9.0
8 32 189.0 160.0
9 24 33.0 95.0
5 1 150.0 88.0
8 25 77.0 80.0
10 5 7.0 150.0
12 4 13.0 158.0
31 24 46.0 26.0
4 28 122.0 164.0
27 14 154.0 63.0
2 7 184.0 188.0
9 21 175.0 134.0
14 2 12.0 4.0
8 27 191.0 19.0
8 2 8.0 4.0
1 31 163.0 54.0
27 20 52.0 85.0
1 21 188.0 159.0
27 12 154.0 124.0
32 27 123.0 130.0
17 31 88.0 87.0
26 11 194.0 31.0
5 11 43.0 2.0
19 10 92.0 159.0
13 3 28.0 144.0
26 24 155.0 168.0
11 1 81.0 110.0
7 9 174.0 4.0
2 12 23.0 14.0
30 14 40.0 18.0
1 12 3.0 36.0
30 28 65.0 95.0
8 11 88.0 45.0
24 22 1.0 44.0
2 3 159.0 83.0
3 10 80.0 86.0
28 13 88.0 104.0
16 2 131.0 129.0
31 14 180.0 86.0
9 14 103.0 197.0
13 12 123.0 144.0
9 4 66.0 125.0
10 8 96.0 177.0
7 11 186.0 176.0
14 5 166.0 75.0
3 29 105.0 49.0
10 24 185.0 37.0
16 1 144.0 88.0
30 25 38.0 68.0
5 18 170.0 56.0
6 9 8.0 66.0
18 20 117.0 147.0
12 23 86.0 35.0
4 15 3.0 191.0
20 13 191.0 140.0
31 5 44.0 87.0
9 11 137.0 82.0
16 3 157.0 108.0
4 31 172.0 118.0
18 2 53.0 41.0
24 13 73.0 139.0
9 27 35.0 28.0
7 17 76.0 178.0
21 27 113.0 120.0
22 27 74.0 3.0
21 8 16.0 183.0
6 11 63.0 140.0
23 7 13.0 68.0
12 8 27.0 86.0
5 15 55.0 62.0
11 10 183.0 83.0
1 8 32.0 48.0
17 2 3.0 58.0
11 19 56.0 171.0
8 24 70.0 71.0
5 16 160.0 83.0
27 3 91.0 139.0
29 2 71.0 98.0
11 22 5.0 6.0
1 19 48.0 190.0
27 1 124.0 3.0
17 3 42.0 132.0
14 28 139.0 112.0
23 4 96.0 51.0
5 8 106.0 139.0
8 22 90.0 177.0
12 16 108.0 47.0
9 5 199.0 108.0
6 10 32.0 76.0
15 7 83.0 74.0
21 11 66.0 174.0
15 18 3.0 163.0
14 8 14.0 109.0
21 31 15.0 56.0
14 17 115.0 123.0
22 1 131.0 66.0
8 23 93.0 164.0
16 7 75.0 128.0
18 7 15.0 141.0
7 12 150.0 170.0
8 9 155.0 116.0
7 30 196.0 170.0
2 19 122.0 63.0
30 26 133.0 6.0
17 19 135.0 26.0
25 27 41.0 162.0
4 13 39.0 8.0
25 28 175.0 141.0
4 18 185.0 82.0
15 21 11.0 133.0
3 15 31.0 134.0
31 29 158.0 116.0
15 31 174.0 93.0
25 16 56.0 168.0
31 25 174.0 47.0
20 21 70.0 149.0
6 16 180.0 8.0
4 30 37.0 191.0
3 14 72.0 68.0
10 25 183.0 30.0
23 28 78.0 158.0
11 15 40.0 134.0
7 22 162.0 15.0
17 4 118.0 184.0
5 17 87.0 50.0
15 19 128.0 124.0
32 1 193.0 0.0
11 13 158.0 176.0
6 18 35.0 188.0
14 4 19.0 75.0
24 11 128.0 181.0
32 30 11.0 199.0
1 20 196.0 98.0
13 2 19.0 76.0
2 20 48.0 164.0
6 17 115.0 158.0
7 13 95.0 150.0
18 1 29.0 114.0
21 3 131.0 109.0
21 4 75.0 94.0
7 25 57.0 23.0
32 12 135.0 76.0
12 11 89.0 135.0
12 10 64.0 156.0
15 2 166.0 159.0
12 19 7.0 147.0
2 22 38.0 90.0
15 9 179.0 65.0
4 7 96.0 36.0
19 3 170.0 31.0
4 19 142.0 59.0
6 15 156.0 158.0
18 31 61.0 74.0
11 14 121.0 20.0
7 24 147.0 160.0
8 26 176.0 126.0
10 15 157.0 73.0
12 9 189.0 128.0
9 17 91.0 83.0
20 11 132.0 199.0
8 17 160.0 145.0
32 23 125.0 81.0
19 6 76.0 24.0
16 10 189.0 53.0
2 31 148.0 98.0
7 27 61.0 89.0
8 16 177.0 104.0
14 12 183.0 61.0
24 4 25.0 95.0
19 7 154.0 103.0
19 24 45.0 30.0
8 19 199.0 186.0
26 21 48.0 99.0
13 14 85.0 61.0
5 21 33.0 14.0
12 15 0.0 168.0
1 25 159.0 25.0
32 17 65.0 113.0
9 25 142.0 110.0
1 26 93.0 141.0
14 25 148.0 141.0
6 21 47.0 33.0
2 25 142.0 32.0
13 6 61.0 142.0
24 17 7.0 20.0
24 2 112.0 24.0
18 9 113.0 6.0
8 28 68.0 6.0
21 28 73.0 168.0
9 13 126.0 121.0
5 13 27.0 69.0
8 20 73.0 88.0
12 21 188.0 32.0
6 14 80.0 52.0
17 28 79.0 194.0
23 9 50.0 100.0
11 17 106.0 76.0
31 30 126.0 32.0
20 5 112.0 153.0
24 1 52.0 186.0
31 11 104.0 192.0
18 10 171.0 185.0
9 28 166.0 3.0
4 32 135.0 169.0
5 25 49.0 193.0
28 1 0.0 128.0
10 9 96.0 113.0
6 20 33.0 101.0
20 9 49.0 89.0
12 18 98.0 20.0
15 13 193.0 17.0
10 17 58.0 80.0
14 15 129.0 59.0
4 26 131.0 129.0
1 29 0.0 180.0
22 26 67.0 185.0
16 14 121.0 116.0
24 6 10.0 19.0
28 2 46.0 3.0
7 21 109.0 56.0
23 29 114.0 38.0
1 30 28.0 197.0
25 4 112.0 180.0
3 24 41.0 131.0
17 15 45.0 162.0
26 5 103.0 55.0
19 28 48.0 102.0
32 7 109.0 158.0
26 2 82.0 175.0
16 9 183.0 110.0
15 28 16.0 47.0
4 27 152.0 9.0
13 17 16.0 197.0
18 22 179.0 72.0
13 19 15.0 27.0
3 30 63.0 76.0
18 8 2.0 97.0
7 26 29.0 137.0
17 16 163.0 198.0
2 32 43.0 115.0
6 26 140.0 12.0
5 28 86.0 71.0
29 4 46.0 53.0
21 18 74.0 61.0
21 23 107.0 28.0
23 31 72.0 89.0
19 14 169.0 35.0
6 27 129.0 164.0
18 14 38.0 21.0
20 10 174.0 76.0
32 26 35.0 173.0
20 14 190.0 109.0
22 12 15.0 49.0
28 6 62.0 39.0
4 3 176.0 183.0
3 26 98.0 105.0
29 32 88.0 88.0
4 22 18.0 63.0
30 29 7.0 5.0
12 20 119.0 149.0
22 15 163.0 134.0
2 30 66.0 177.0
16 19 83.0 42.0
10 26 136.0 133.0
32 5 102.0 176.0
26 16 38.0 73.0
14 21 2.0 197.0
29 6 53.0 121.0
13 16 185.0 168.0
30 5 135.0 4.0
16 21 118.0 18.0
22 13 77.0 6.0
29 16 165.0 132.0
28 10 154.0 155.0
18 19 132.0 156.0
27 10 146.0 137.0
29 10 171.0 132.0
29 9 62.0 58.0
22 16 33.0 181.0
31 6 7.0 62.0
19 20 97.0 124.0
24 12 91.0 3.0
17 20 33.0 175.0
14 23 178.0 180.0
7 29 175.0 101.0
26 9 38.0 37.0
29 11 120.0 23.0
24 14 32.0 127.0
17 29 88.0 81.0
12 29 67.0 179.0
21 13 136.0 100.0
21 17 190.0 66.0
16 24 48.0 165.0
6 25 68.0 39.0
30 15 35.0 188.0
23 16 85.0 20.0
11 30 155.0 125.0
31 9 133.0 22.0
8 30 134.0 69.0
28 24 51.0 76.0
13 25 134.0 52.0
28 3 26.0 2.0
24 18 6.0 62.0
12 28 129.0 43.0
21 19 121.0 36.0
17 22 90.0 7.0
26 15 88.0 176.0
13 29 171.0 139.0
17 25 148.0 105.0
12 26 140.0 174.0
18 11 60.0 98.0
6 32 158.0 142.0
15 27 141.0 31.0
30 23 170.0 31.0
9 30 183.0 10.0
22 14 60.0 154.0
19 26 31.0 160.0
14 29 122.0 171.0
18 23 97.0 182.0
20 23 127.0 7.0
31 10 44.0 68.0
18 29 144.0 14.0
23 22 73.0 79.0
30 10 122.0 85.0
25 11 68.0 154.0
21 24 158.0 190.0
17 23 165.0 8.0
32 16 56.0 45.0
20 24 84.0 100.0
28 20 129.0 180.0
17 26 120.0 154.0
22 32 42.0 194.0
32 11 120.0 111.0
14 26 77.0 30.0
18 28 180.0 194.0
23 27 12.0 36.0
24 23 174.0 96.0
19 25 198.0 104.0
1 4 134.0 70.0
32 14 38.0 129.0
18 26 143.0 110.0
22 30 176.0 20.0
28 22 89.0 156.0
23 25 63.0 102.0
15 20 141.0 37.0
29 26 116.0 139.0
15 23 106.0 3.0
3 31 190.0 96.0
21 32 121.0 133.0
29 27 183.0 97.0
15 32 78.0 73.0
1 2 135.0 141.0
24 25 105.0 28.0
20 32 80.0 173.0
31 16 106.0 138.0
28 29 184.0 48.0
16 20 45.0 58.0
6 5 111.0 29.0
20 31 15.0 189.0
29 24 58.0 102.0
30 21 141.0 115.0
22 29 131.0 173.0
26 25 78.0 189.0
29 15 43.0 62.0
18 25 59.0 88.0
30 20 141.0 170.0
13 30 104.0 156.0
21 29 63.0 163.0
27 31 192.0 4.0
3 1 137.0 123.0
28 16 90.0 15.0
20 29 121.0 85.0
31 22 82.0 180.0
28 31 166.0 175.0
27 28 113.0 71.0
18 27 35.0 176.0
18 30 184.0 27.0
32 25 55.0 73.0
27 16 67.0 97.0
19 30 123.0 188.0
19 31 198.0 157.0
24 32 141.0 165.0
0
