35 595 9 12 51784
4 5 100.0 51.0
9 10 153.0 9.0
21 9 164.0 151.0
9 8 172.0 54.0
2 23 149.0 58.0
9 1 151.0 144.0
12 4 30.0 116.0
31 4 123.0 114.0
17 33 56.0 175.0
8 25 167.0 161.0
10 34 149.0 83.0
6 28 14.0 121.0
16 28 160.0 115.0
1 15 8.0 63.0
19 6 30.0 38.0
21 8 56.0 154.0
18 5 196.0 64.0
7 11 130.0 115.0
21 29 156.0 32.0
22 29 123.0 122.0
33 13 63.0 35.0
2 4 162.0 71.0
22 1 76.0 192.0
20 24 188.0 132.0
6 34 46.0 184.0
9 20 16.0 128.0
14 26 186.0 172.0
20 32 151.0 109.0
9 15 132.0 166.0
19 26 74.0 46.0
3 2 18.0 150.0
2 30 21.0 7.0
5 2 60.0 19.0
24 34 93.0 76.0
24 6 174.0 31.0
2 26 129.0 78.0
17 5 32.0 14.0
7 23 38.0 106.0
1 5 149.0 9.0
11 32 130.0 170.0
35 16 154.0 190.0
9 3 198.0 199.0
19 3 64.0 173.0
28 24 111.0 145.0
8 2 186.0 143.0
17 27 31.0 176.0
8 16 158.0 132.0
24 29 113.0 40.0
21 28 135.0 19.0
6 2 170.0 85.0
4 11 28.0 34.0
34 25 13.0 91.0
19 5 119.0 199.0
31 23 198.0 102.0
4 1 66.0 108.0
2 11 135.0 131.0
25 4 34.0 22.0
5 13 179.0 4.0
24 26 131.0 159.0
27 11 164.0 144.0
15 16 72.0 83.0
3 4 88.0 22.0
2 13 111.0 154.0
33 2 16.0 46.0
5 21 15.0 2.0
33 34 197.0 146.0
24 22 21.0 129.0
11 1 145.0 186.0
14 10 48.0 17.0
5 6 180.0 136.0
14 21 7.0 91.0
34 15 69.0 23.0
35 13 189.0 36.0
11 29 35.0 186.0
27 3 149.0 56.0
7 3 118.0 94.0
7 8 23.0 166.0
35 30 79.0 4.0
15 31 25.0 86.0
23 32 198.0 94.0
9 29 125.0 187.0
22 27 59.0 112.0
29 32 38.0 8.0
6 3 131.0 156.0
11 25 77.0 155.0
19 2 25.0 156.0
9 24 95.0 2.0
13 3 47.0 94.0
22 14 197.0 124.0
5 8 153.0 56.0
16 33 177.0 191.0
10 11 94.0 109.0
12 27 7.0 171.0
10 2 37.0 184.0
19 7 131.0 85.0
35 15 166.0 178.0
5 34 124.0 115.0
18 15 154.0 29.0
24 23 117.0 131.0
10 3 151.0 163.0
6 13 39.0 158.0
8 35 42.0 77.0
6 8 66.0 173.0
34 3 57.0 184.0
13 21 51.0 133.0
12 20 21.0 5.0
8 27 111.0 138.0
30 14 89.0 14.0
26 20 107.0 81.0
19 9 98.0 149.0
13 1 165.0 117.0
8 32 186.0 174.0
29 6 129.0 37.0
25 18 13.0 102.0
9 13 59.0 125.0
10 5 138.0 101.0
4 6 34.0 198.0
33 3 164.0 85.0
8 3 1.0 81.0
11 8 9.0 139.0
9 2 194.0 90.0
19 14 149.0 7.0
26 25 183.0 160.0
7 22 144.0 122.0
11 26 87.0 178.0
7 1 194.0 3.0
14 3 25.0 195.0
4 9 111.0 34.0
29 15 34.0 105.0
5 11 55.0 135.0
35 1 77.0 38.0
35 23 56.0 21.0
13 18 52.0 144.0
30 3 89.0 46.0
10 7 28.0 114.0
26 29 144.0 139.0
20 18 94.0 130.0
28 26 163.0 101.0
3 32 173.0 41.0
20 35 188.0 30.0
17 7 86.0 40.0
3 11 161.0 175.0
17 1 64.0 189.0
25 17 165.0 160.0
10 6 92.0 11.0
28 18 172.0 55.0
27 4 160.0 145.0
4 33 29.0 148.0
16 22 31.0 67.0
7 5 115.0 192.0
7 9 176.0 132.0
16 18 45.0 94.0
5 12 194.0 137.0
8 10 126.0 118.0
14 7 56.0 38.0
4 24 149.0 37.0
22 21 163.0 132.0
2 22 87.0 78.0
21 31 25.0 15.0
26 15 142.0 70.0
1 30 185.0 88.0
28 33 97.0 63.0
8 1 118.0 153.0
6 11 23.0 19.0
8 12 99.0 138.0
34 14 190.0 138.0
22 4 186.0 16.0
19 34 30.0 80.0
29 34 102.0 167.0
14 5 150.0 199.0
24 13 26.0 69.0
35 9 94.0 1.0
33 12 172.0 145.0
3 16 191.0 162.0
9 34 51.0 129.0
12 2 167.0 81.0
20 21 57.0 21.0
6 26 65.0 7.0
14 1 170.0 44.0
18 26 61.0 64.0
3 15 197.0 33.0
20 1 33.0 140.0
12 15 95.0 36.0
1 31 159.0 14.0
16 11 53.0 168.0
13 27 131.0 118.0
2 17 73.0 101.0
16 4 97.0 134.0
2 18 124.0 46.0
31 2 193.0 109.0
12 7 189.0 40.0
23 27 38.0 100.0
2 25 0.0 43.0
16 17 1.0 131.0
7 6 36.0 27.0
13 17 134.0 85.0
24 2 100.0 58.0
1 16 28.0 93.0
12 1 184.0 17.0
32 35 84.0 22.0
3 17 135.0 84.0
19 28 54.0 137.0
3 5 6.0 42.0
4 15 110.0 140.0
16 21 31.0 10.0
15 6 133.0 59.0
17 4 183.0 117.0
18 3 188.0 67.0
16 2 39.0 124.0
31 12 22.0 45.0
28 9 54.0 180.0
23 11 178.0 117.0
12 9 139.0 9.0
13 8 179.0 24.0
7 15 99.0 163.0
18 8 198.0 88.0
12 28 108.0 37.0
12 10 2.0 130.0
15 2 90.0 8.0
1 10 4.0 20.0
17 6 196.0 95.0
5 9 52.0 127.0
8 4 55.0 103.0
16 7 63.0 53.0
11 28 132.0 171.0
28 15 151.0 86.0
7 31 99.0 193.0
12 6 33.0 55.0
7 13 149.0 181.0
32 15 189.0 1.0
22 13 128.0 44.0
13 11 156.0 191.0
23 16 121.0 40.0
3 12 37.0 25.0
8 14 98.0 88.0
5 30 131.0 132.0
21 6 118.0 80.0
20 10 126.0 107.0
34 7 43.0 6.0
5 15 46.0 151.0
6 33 186.0 119.0
5 20 93.0 175.0
19 35 99.0 143.0
29 8 103.0 182.0
11 9 67.0 173.0
20 4 43.0 145.0
20 2 137.0 87.0
15 11 119.0 135.0
9 14 53.0 57.0
20 8 114.0 98.0
2 14 56.0 13.0
15 8 162.0 111.0
17 20 162.0 182.0
13 10 148.0 157.0
16 5 37.0 37.0
1 24 121.0 108.0
32 1 25.0 127.0
12 13 46.0 91.0
15 20 89.0 103.0
14 6 165.0 3.0
4 13 15.0 79.0
21 3 152.0 115.0
14 4 20.0 142.0
7 4 55.0 141.0
19 24 118.0 32.0
32 10 65.0 164.0
21 1 184.0 106.0
27 28 37.0 101.0
20 3 168.0 4.0
21 2 1.0 73.0
15 10 53.0 21.0
7 18 33.0 60.0
23 1 181.0 151.0
17 14 197.0 47.0
22 5 177.0 133.0
4 19 119.0 166.0
30 17 182.0 87.0
29 16 171.0 184.0
31 8 193.0 176.0
23 22 8.0 178.0
30 16 145.0 141.0
4 21 141.0 94.0
17 8 165.0 119.0
32 26 27.0 84.0
18 9 3.0 10.0
7 20 12.0 175.0
23 3 128.0 157.0
12 11 69.0 88.0
33 10 167.0 14.0
6 16 168.0 109.0
34 16 102.0 133.0
14 12 74.0 129.0
28 2 26.0 77.0
10 35 93.0 190.0
13 14 96.0 173.0
19 12 52.0 165.0
33 7 164.0 20.0
35 27 33.0 132.0
16 9 78.0 87.0
2 27 130.0 152.0
4 10 49.0 108.0
17 9 46.0 94.0
12 17 81.0 142.0
21 10 123.0 134.0
29 17 87.0 39.0
20 33 152.0 72.0
18 10 178.0 30.0
6 18 140.0 108.0
30 22 7.0 141.0
18 1 66.0 54.0
11 34 88.0 99.0
13 15 55.0 163.0
6 20 182.0 94.0
19 10 116.0 134.0
6 9 110.0 46.0
30 32 73.0 50.0
7 21 142.0 80.0
21 32 187.0 160.0
6 23 147.0 75.0
10 17 41.0 2.0
1 27 167.0 23.0
1 26 46.0 36.0
3 25 183.0 156.0
3 26 168.0 56.0
14 11 83.0 62.0
6 31 162.0 22.0
8 22 184.0 61.0
1 29 81.0 25.0
22 35 127.0 1.0
14 16 90.0 125.0
21 19 68.0 73.0
6 22 95.0 188.0
35 14 96.0 130.0
3 24 165.0 10.0
5 24 43.0 149.0
32 16 198.0 125.0
18 11 87.0 77.0
1 28 42.0 129.0
8 33 180.0 111.0
24 17 4.0 27.0
30 11 32.0 101.0
1 34 18.0 149.0
21 25 173.0 61.0
22 9 2.0 123.0
7 26 83.0 41.0
11 17 142.0 78.0
29 3 159.0 74.0
15 14 47.0 163.0
24 12 178.0 31.0
3 22 167.0 148.0
26 13 58.0 140.0
6 25 69.0 60.0
27 29 123.0 152.0
24 7 99.0 17.0
13 19 116.0 58.0
2 7 60.0 163.0
18 14 70.0 38.0
5 23 7.0 37.0
8 24 153.0 17.0
21 35 114.0 22.0
17 15 57.0 37.0
15 25 33.0 156.0
28 25 193.0 101.0
27 5 26.0 53.0
16 20 138.0 96.0
1 6 36.0 97.0
32 6 112.0 189.0
10 16 27.0 178.0
22 26 152.0 36.0
27 24 118.0 137.0
25 7 195.0 111.0
27 6 65.0 173.0
19 1 96.0 155.0
14 33 25.0 132.0
3 28 64.0 89.0
33 23 80.0 43.0
4 26 55.0 33.0
28 5 32.0 173.0
22 10 63.0 179.0
11 19 66.0 80.0
20 11 185.0 162.0
19 17 7.0 10.0
9 23 109.0 23.0
19 15 152.0 142.0
21 12 170.0 7.0
18 31 58.0 154.0
9 32 122.0 74.0
25 10 69.0 140.0
28 14 182.0 6.0
7 27 173.0 189.0
5 26 137.0 35.0
12 18 129.0 89.0
9 25 153.0 52.0
11 22 149.0 12.0
23 10 35.0 23.0
31 3 134.0 57.0
4 34 120.0 116.0
30 4 51.0 93.0
4 28 6.0 189.0
20 14 161.0 136.0
28 29 107.0 67.0
12 30 191.0 56.0
22 12 61.0 178.0
5 25 13.0 148.0
23 8 83.0 133.0
29 7 49.0 134.0
5 29 69.0 56.0
1 25 185.0 182.0
33 15 78.0 92.0
4 29 197.0 21.0
26 9 127.0 59.0
2 32 38.0 141.0
17 18 50.0 121.0
23 34 169.0 51.0
24 15 189.0 38.0
1 33 135.0 174.0
33 5 150.0 166.0
16 25 52.0 100.0
23 13 79.0 132.0
26 8 93.0 117.0
4 23 9.0 95.0
35 5 34.0 130.0
9 27 162.0 24.0
28 8 162.0 49.0
30 6 89.0 65.0
13 16 150.0 94.0
11 24 146.0 29.0
26 10 102.0 191.0
27 10 193.0 63.0
30 8 48.0 27.0
32 4 54.0 162.0
2 34 123.0 16.0
31 5 142.0 165.0
23 12 26.0 93.0
7 28 88.0 124.0
14 23 167.0 190.0
30 7 149.0 160.0
35 26 113.0 149.0
34 28 97.0 119.0
2 35 159.0 173.0
25 14 119.0 54.0
18 23 34.0 98.0
27 30 147.0 122.0
15 30 53.0 66.0
12 16 22.0 154.0
3 35 62.0 87.0
18 4 44.0 160.0
4 35 14.0 155.0
26 12 172.0 86.0
21 18 130.0 6.0
22 15 105.0 77.0
12 29 167.0 158.0
19 18 41.0 141.0
13 25 185.0 104.0
32 7 79.0 29.0
21 17 124.0 94.0
27 21 102.0 48.0
12 25 26.0 184.0
31 9 182.0 131.0
10 30 31.0 101.0
18 22 124.0 25.0
17 23 56.0 61.0
11 21 150.0 136.0
28 13 172.0 26.0
9 30 78.0 27.0
16 19 166.0 56.0
15 21 134.0 100.0
10 28 137.0 117.0
19 22 67.0 13.0
29 35 72.0 75.0
12 32 142.0 22.0
16 26 107.0 67.0
30 20 154.0 185.0
29 13 82.0 72.0
24 16 164.0 168.0
33 9 75.0 53.0
29 10 156.0 94.0
23 26 8.0 28.0
31 13 79.0 102.0
16 27 30.0 186.0
10 31 73.0 136.0
23 19 100.0 107.0
27 15 117.0 16.0
7 35 94.0 192.0
27 14 131.0 50.0
17 32 94.0 91.0
26 17 189.0 125.0
11 35 130.0 19.0
24 18 106.0 155.0
28 17 155.0 158.0
14 24 5.0 72.0
31 11 34.0 99.0
23 21 16.0 165.0
6 35 167.0 63.0
19 20 116.0 108.0
22 20 192.0 199.0
13 20 57.0 50.0
19 27 60.0 12.0
22 17 81.0 17.0
14 32 60.0 67.0
32 28 104.0 28.0
24 21 194.0 23.0
29 18 140.0 110.0
25 20 199.0 85.0
11 33 41.0 56.0
27 20 86.0 54.0
25 23 13.0 168.0
16 31 111.0 25.0
26 21 12.0 15.0
13 34 137.0 6.0
19 25 133.0 29.0
20 28 2.0 85.0
5 32 154.0 44.0
20 29 170.0 40.0
31 14 62.0 135.0
32 13 120.0 173.0
23 29 167.0 132.0
31 22 101.0 104.0
12 35 42.0 187.0
24 25 106.0 45.0
18 27 127.0 60.0
34 17 12.0 50.0
31 19 161.0 74.0
23 20 64.0 81.0
20 34 168.0 183.0
21 30 64.0 22.0
13 30 124.0 107.0
24 10 198.0 182.0
27 25 188.0 78.0
24 30 156.0 0.0
18 33 163.0 69.0
29 19 112.0 27.0
35 18 20.0 32.0
12 34 174.0 84.0
22 25 0.0 50.0
23 30 96.0 151.0
30 19 122.0 84.0
32 18 174.0 30.0
14 29 187.0 138.0
32 19 165.0 51.0
32 24 81.0 185.0
18 34 57.0 55.0
33 22 164.0 10.0
30 25 22.0 13.0
24 33 51.0 145.0
23 28 198.0 25.0
26 31 28.0 137.0
17 31 65.0 193.0
30 26 114.0 146.0
27 32 117.0 123.0
34 22 7.0 33.0
27 31 36.0 29.0
25 32 182.0 87.0
31 20 33.0 133.0
33 25 117.0 61.0
24 35 35.0 182.0
31 29 89.0 101.0
29 2 199.0 6.0
31 30 156.0 158.0
29 25 182.0 193.0
33 21 120.0 165.0
35 33 182.0 153.0
34 8 131.0 51.0
33 27 111.0 166.0
34 27 102.0 0.0
28 35 106.0 53.0
30 34 37.0 62.0
22 28 168.0 20.0
29 30 41.0 40.0
30 33 107.0 175.0
32 31 85.0 191.0
23 15 80.0 148.0
33 26 125.0 134.0
28 30 59.0 183.0
22 32 52.0 96.0
2 1 45.0 173.0
29 33 144.0 38.0
32 34 23.0 4.0
34 35 54.0 60.0
35 25 185.0 86.0
34 21 170.0 62.0
18 30 61.0 29.0
33 31 96.0 65.0
32 33 151.0 93.0
26 34 115.0 48.0
34 31 138.0 90.0
25 31 55.0 144.0
31 24 173.0 41.0
26 27 113.0 143.0
3 1 192.0 126.0
19 33 196.0 40.0
35 31 186.0 99.0
19 8 66.0 101.0
17 35 102.0 156.0
31 28 157.0 158.0
0
