33 528 29 11 44206
5 14 2.0 109.0
33 17 155.0 98.0
16 1 63.0 40.0
33 12 178.0 15.0
16 5 100.0 140.0
8 1 110.0 26.0
1 27 160.0 152.0
32 13 115.0 55.0
26 33 73.0 70.0
16 31 109.0 28.0
31 30 192.0 125.0
9 2 28.0 122.0
5 1 6.0 81.0
5 7 143.0 68.0
1 12 80.0 103.0
11 1 121.0 147.0
20 14 147.0 194.0
12 21 158.0 57.0
16 27 166.0 103.0
28 11 7.0 146.0
15 23 46.0 165.0
30 11 46.0 189.0
20 22 33.0 126.0
11 20 78.0 154.0
32 20 29.0 177.0
6 22 174.0 139.0
13 11 43.0 92.0
22 18 116.0 50.0
6 7 153.0 162.0
15 33 109.0 151.0
21 15 102.0 142.0
32 24 97.0 132.0
8 17 128.0 78.0
5 18 65.0 54.0
26 6 88.0 60.0
24 20 155.0 4.0
24 26 29.0 108.0
25 19 169.0 138.0
33 4 94.0 71.0
25 29 87.0 192.0
12 31 162.0 15.0
13 6 5.0 27.0
11 14 105.0 93.0
31 27 178.0 60.0
19 17 190.0 7.0
2 19 123.0 111.0
21 26 67.0 18.0
21 22 108.0 154.0
17 15 25.0 71.0
20 4 112.0 182.0
18 16 39.0 170.0
7 18 46.0 18.0
11 2 186.0 188.0
1 19 61.0 110.0
9 25 28.0 128.0
13 2 26.0 136.0
14 1 101.0 3.0
5 22 100.0 165.0
3 18 90.0 139.0
3 28 173.0 136.0
10 32 66.0 159.0
17 28 65.0 79.0
19 20 143.0 45.0
19 10 199.0 122.0
11 12 55.0 52.0
1 21 124.0 155.0
5 30 127.0 14.0
23 10 195.0 100.0
6 2 11.0 13.0
9 5 183.0 28.0
4 8 94.0 126.0
2 28 155.0 93.0
5 26 37.0 10.0
13 20 125.0 113.0
15 13 168.0 53.0
22 23 66.0 163.0
24 5 47.0 77.0
2 21 71.0 182.0
15 31 192.0 165.0
24 13 35.0 148.0
1 7 129.0 24.0
3 1 136.0 6.0
2 8 151.0 56.0
5 17 82.0 17.0
2 7 119.0 81.0
22 2 137.0 190.0
10 4 185.0 129.0
28 6 180.0 172.0
20 7 64.0 61.0
5 4 101.0 152.0
19 12 148.0 4.0
26 3 78.0 182.0
2 23 74.0 149.0
22 27 155.0 163.0
9 4 70.0 92.0
9 10 62.0 50.0
7 3 97.0 78.0
7 4 162.0 151.0
6 5 121.0 110.0
14 22 52.0 151.0
5 3 140.0 79.0
32 23 143.0 95.0
24 12 162.0 14.0
19 33 17.0 176.0
3 29 11.0 66.0
30 12 180.0 125.0
23 5 110.0 101.0
26 19 188.0 162.0
6 8 1.0 128.0
3 4 27.0 145.0
13 25 120.0 189.0
24 7 159.0 89.0
2 10 162.0 122.0
22 25 154.0 142.0
29 11 162.0 64.0
27 21 10.0 150.0
3 11 160.0 12.0
14 17 121.0 187.0
8 14 99.0 41.0
20 18 172.0 11.0
27 14 114.0 86.0
4 13 15.0 20.0
23 27 82.0 129.0
15 32 187.0 92.0
9 22 67.0 99.0
9 1 137.0 140.0
22 3 166.0 189.0
20 21 4.0 90.0
32 1 18.0 71.0
13 7 87.0 186.0
32 14 143.0 121.0
11 4 160.0 130.0
24 8 139.0 179.0
10 5 187.0 29.0
19 4 171.0 105.0
22 26 55.0 176.0
24 2 187.0 26.0
6 18 18.0 74.0
29 10 178.0 113.0
6 4 134.0 91.0
8 26 44.0 74.0
10 25 50.0 183.0
28 25 43.0 22.0
17 9 65.0 98.0
12 2 39.0 4.0
1 4 120.0 10.0
11 24 138.0 98.0
25 20 143.0 72.0
13 9 10.0 139.0
31 6 74.0 60.0
29 5 103.0 117.0
13 1 181.0 121.0
17 21 85.0 173.0
23 6 133.0 5.0
27 7 177.0 23.0
27 33 113.0 73.0
6 32 196.0 75.0
3 32 2.0 70.0
4 29 154.0 57.0
6 11 152.0 88.0
9 23 164.0 37.0
26 1 54.0 97.0
9 3 47.0 184.0
9 6 163.0 160.0
12 22 108.0 111.0
18 2 44.0 62.0
28 16 182.0 151.0
3 27 58.0 134.0
4 12 48.0 22.0
20 30 16.0 54.0
14 2 162.0 63.0
13 3 21.0 77.0
8 22 37.0 81.0
23 33 101.0 81.0
3 10 66.0 83.0
30 29 75.0 125.0
15 27 12.0 75.0
11 5 164.0 28.0
7 10 120.0 126.0
31 3 134.0 141.0
24 25 124.0 171.0
6 10 182.0 25.0
3 14 60.0 1.0
9 7 75.0 136.0
28 24 197.0 87.0
2 16 166.0 113.0
3 16 35.0 86.0
25 2 197.0 121.0
11 8 168.0 121.0
23 12 37.0 102.0
17 1 139.0 98.0
31 10 111.0 14.0
33 11 195.0 60.0
10 8 136.0 161.0
5 12 65.0 123.0
33 7 27.0 62.0
26 15 89.0 195.0
26 17 143.0 126.0
5 8 191.0 83.0
15 4 64.0 54.0
3 2 24.0 11.0
7 12 157.0 160.0
31 28 197.0 174.0
5 2 121.0 24.0
16 21 158.0 162.0
4 14 79.0 101.0
20 9 131.0 70.0
20 1 137.0 147.0
13 8 182.0 161.0
3 12 53.0 139.0
4 18 142.0 50.0
19 15 27.0 15.0
2 33 173.0 137.0
13 5 186.0 52.0
14 30 161.0 70.0
8 7 142.0 98.0
8 33 10.0 124.0
15 3 146.0 16.0
11 9 135.0 40.0
21 4 196.0 162.0
9 8 153.0 169.0
18 1 168.0 140.0
30 32 0.0 129.0
33 10 59.0 94.0
17 4 27.0 22.0
29 26 18.0 125.0
30 1 54.0 153.0
4 31 156.0 2.0
11 10 159.0 109.0
22 17 99.0 80.0
15 7 95.0 51.0
1 6 131.0 154.0
6 17 102.0 158.0
21 14 175.0 120.0
12 28 172.0 181.0
25 1 10.0 128.0
22 24 157.0 121.0
17 3 107.0 56.0
1 15 56.0 2.0
10 13 122.0 187.0
15 2 155.0 176.0
3 19 134.0 130.0
18 8 165.0 58.0
5 15 58.0 127.0
5 33 120.0 16.0
2 20 69.0 27.0
27 24 90.0 125.0
4 28 127.0 13.0
26 23 48.0 82.0
16 6 63.0 134.0
19 24 179.0 29.0
14 6 61.0 190.0
9 16 64.0 133.0
3 8 115.0 133.0
29 18 184.0 5.0
16 8 143.0 63.0
16 11 102.0 191.0
22 28 195.0 165.0
18 24 107.0 127.0
12 8 164.0 120.0
25 3 57.0 28.0
8 29 61.0 124.0
10 12 105.0 45.0
16 4 164.0 48.0
18 23 174.0 18.0
12 13 44.0 169.0
3 20 185.0 103.0
14 9 192.0 150.0
9 24 43.0 50.0
19 14 121.0 104.0
23 19 61.0 178.0
5 21 122.0 25.0
23 20 39.0 96.0
16 24 62.0 36.0
30 16 183.0 48.0
20 5 144.0 176.0
9 12 77.0 187.0
11 15 161.0 150.0
8 32 61.0 22.0
31 11 125.0 183.0
28 21 175.0 165.0
9 15 66.0 190.0
4 23 159.0 50.0
12 14 172.0 103.0
21 3 60.0 1.0
1 24 137.0 21.0
27 10 140.0 150.0
22 4 190.0 66.0
7 17 116.0 118.0
12 32 180.0 183.0
21 7 38.0 92.0
5 19 119.0 162.0
19 9 29.0 131.0
12 6 101.0 118.0
1 22 143.0 41.0
8 19 69.0 86.0
14 33 130.0 138.0
29 16 162.0 63.0
11 26 21.0 152.0
10 18 45.0 92.0
3 23 146.0 26.0
1 23 77.0 47.0
16 10 119.0 172.0
6 3 143.0 188.0
14 15 182.0 25.0
6 15 9.0 144.0
20 8 50.0 182.0
15 10 145.0 47.0
2 29 178.0 92.0
16 12 184.0 7.0
27 13 33.0 103.0
13 26 61.0 128.0
28 1 73.0 43.0
21 8 141.0 35.0
2 27 55.0 143.0
4 32 46.0 1.0
4 24 34.0 176.0
14 13 69.0 18.0
16 13 114.0 54.0
4 25 191.0 127.0
21 6 33.0 16.0
7 23 155.0 175.0
21 23 17.0 11.0
29 1 77.0 63.0
26 4 97.0 111.0
7 22 147.0 118.0
6 19 24.0 62.0
31 5 146.0 15.0
9 18 127.0 179.0
15 8 56.0 83.0
12 17 190.0 25.0
28 5 171.0 19.0
16 22 159.0 68.0
9 33 120.0 59.0
25 5 18.0 144.0
17 13 79.0 116.0
9 21 179.0 158.0
26 2 35.0 188.0
6 20 1.0 177.0
17 10 38.0 172.0
27 28 91.0 149.0
30 2 91.0 163.0
24 3 48.0 61.0
6 33 67.0 127.0
18 11 83.0 199.0
7 19 70.0 70.0
18 32 110.0 72.0
14 7 121.0 100.0
20 12 121.0 164.0
14 18 196.0 165.0
10 20 62.0 196.0
27 4 85.0 130.0
7 25 143.0 120.0
18 12 172.0 166.0
21 10 184.0 35.0
6 24 128.0 57.0
18 15 100.0 49.0
21 11 144.0 48.0
32 25 101.0 7.0
23 8 183.0 138.0
25 8 86.0 127.0
11 17 141.0 10.0
13 19 21.0 125.0
13 21 118.0 149.0
10 24 162.0 170.0
14 16 158.0 106.0
33 30 133.0 11.0
15 16 20.0 69.0
9 31 159.0 58.0
22 10 28.0 100.0
11 22 95.0 49.0
31 32 20.0 166.0
20 28 67.0 134.0
5 27 169.0 26.0
31 2 61.0 55.0
18 28 98.0 33.0
25 31 65.0 58.0
7 26 27.0 93.0
11 23 152.0 75.0
30 4 147.0 172.0
3 30 84.0 167.0
6 30 158.0 6.0
19 11 73.0 171.0
13 18 9.0 172.0
1 33 10.0 26.0
23 13 132.0 37.0
6 27 163.0 36.0
20 16 35.0 62.0
31 1 120.0 71.0
33 3 109.0 30.0
27 8 179.0 134.0
20 26 56.0 188.0
6 29 85.0 66.0
28 9 155.0 169.0
26 9 25.0 70.0
16 7 35.0 12.0
10 14 192.0 155.0
15 20 108.0 53.0
26 10 146.0 87.0
17 16 87.0 2.0
31 8 184.0 172.0
1 2 148.0 139.0
22 15 114.0 125.0
16 19 63.0 101.0
28 10 191.0 8.0
7 11 85.0 51.0
14 24 48.0 32.0
26 28 113.0 87.0
27 9 187.0 49.0
31 7 4.0 135.0
30 22 99.0 70.0
7 29 28.0 114.0
25 6 78.0 172.0
27 11 137.0 164.0
8 30 33.0 137.0
13 31 93.0 99.0
28 8 92.0 32.0
7 30 142.0 96.0
21 19 82.0 193.0
21 33 23.0 63.0
2 32 118.0 101.0
4 2 125.0 8.0
18 21 100.0 110.0
13 30 109.0 145.0
30 19 151.0 153.0
23 16 29.0 93.0
9 30 58.0 112.0
25 14 81.0 81.0
25 17 172.0 152.0
27 12 166.0 97.0
10 30 83.0 18.0
7 28 31.0 145.0
21 24 191.0 182.0
29 32 68.0 20.0
29 9 166.0 126.0
26 16 125.0 199.0
23 14 199.0 98.0
25 23 73.0 165.0
28 14 125.0 156.0
28 13 192.0 156.0
26 12 52.0 135.0
24 17 138.0 120.0
12 29 156.0 104.0
27 18 157.0 81.0
15 25 70.0 157.0
26 14 82.0 95.0
32 5 61.0 7.0
9 32 9.0 5.0
23 17 78.0 13.0
29 13 193.0 16.0
19 22 42.0 101.0
28 15 134.0 152.0
27 17 193.0 157.0
27 19 145.0 28.0
25 12 66.0 6.0
25 21 62.0 27.0
15 30 106.0 140.0
18 19 58.0 51.0
33 16 156.0 53.0
14 31 106.0 42.0
20 17 1.0 52.0
29 19 12.0 99.0
32 7 123.0 30.0
23 28 126.0 185.0
28 19 129.0 184.0
19 31 63.0 140.0
29 15 181.0 171.0
31 20 120.0 87.0
30 17 169.0 73.0
18 31 191.0 133.0
32 17 51.0 66.0
23 24 81.0 130.0
17 29 116.0 162.0
30 21 43.0 179.0
25 26 53.0 24.0
32 16 32.0 173.0
33 18 31.0 153.0
32 22 153.0 174.0
18 30 33.0 157.0
32 19 125.0 66.0
24 30 8.0 41.0
27 25 34.0 51.0
29 20 93.0 88.0
23 29 151.0 126.0
2 17 136.0 182.0
23 31 25.0 41.0
20 27 144.0 10.0
18 26 143.0 69.0
21 32 92.0 151.0
17 31 12.0 126.0
33 13 178.0 105.0
24 29 192.0 130.0
30 28 85.0 128.0
33 20 169.0 63.0
33 25 110.0 113.0
23 30 159.0 5.0
24 31 134.0 51.0
30 25 197.0 98.0
26 32 124.0 127.0
26 30 106.0 68.0
28 33 95.0 144.0
16 25 191.0 16.0
32 28 86.0 53.0
15 24 117.0 197.0
10 1 133.0 3.0
33 29 74.0 82.0
31 22 101.0 150.0
27 32 93.0 8.0
29 31 190.0 188.0
29 27 47.0 134.0
29 28 159.0 134.0
14 29 116.0 76.0
22 29 62.0 49.0
26 31 95.0 88.0
17 18 112.0 197.0
33 32 80.0 5.0
31 21 76.0 70.0
33 31 92.0 75.0
32 11 94.0 51.0
26 27 177.0 162.0
18 25 196.0 191.0
22 13 140.0 91.0
12 15 181.0 52.0
24 33 58.0 61.0
11 25 56.0 134.0
22 33 88.0 148.0
27 30 16.0 182.0
29 21 140.0 145.0
0
