37 666 35 36 125749
11 32 10.0 105.0
10 8 149.0 137.0
27 7 168.0 74.0
25 11 126.0 99.0
23 34 165.0 174.0
6 2 153.0 185.0
9 14 99.0 75.0
4 6 80.0 35.0
36 23 55.0 90.0
8 1 76.0 4.0
7 18 117.0 196.0
6 30 36.0 43.0
27 26 153.0 1.0
5 29 51.0 59.0
5 8 189.0 150.0
12 11 13.0 22.0
11 29 176.0 20.0
30 13 118.0 4.0
30 17 139.0 188.0
9 2 163.0 175.0
5 7 35.0 117.0
13 22 37.0 86.0
4 3 75.0 178.0
17 11 158.0 40.0
18 17 61.0 86.0
30 28 44.0 131.0
7 1 145.0 135.0
18 2 56.0 109.0
24 6 106.0 43.0
27 9 120.0 143.0
30 37 150.0 147.0
25 12 43.0 60.0
28 12 189.0 56.0
11 2 134.0 186.0
8 32 162.0 79.0
12 35 127.0 19.0
3 33 176.0 33.0
4 27 167.0 48.0
26 23 29.0 117.0
34 24 88.0 25.0
13 24 15.0 30.0
31 34 81.0 101.0
6 22 25.0 43.0
19 13 144.0 152.0
9 25 125.0 72.0
14 1 22.0 93.0
23 12 157.0 3.0
36 2 167.0 197.0
26 34 131.0 183.0
30 24 37.0 164.0
8 2 195.0 14.0
14 37 155.0 139.0
6 7 76.0 33.0
2 5 105.0 98.0
16 37 180.0 14.0
2 33 192.0 148.0
29 13 91.0 75.0
15 1 41.0 128.0
37 35 126.0 36.0
34 7 70.0 34.0
5 4 127.0 98.0
14 5 33.0 32.0
20 24 132.0 14.0
19 31 106.0 76.0
6 18 68.0 197.0
31 14 143.0 109.0
12 6 185.0 22.0
1 10 67.0 8.0
13 17 68.0 146.0
37 25 105.0 53.0
26 1 140.0 189.0
31 12 82.0 47.0
29 33 112.0 151.0
25 13 46.0 55.0
34 6 38.0 31.0
24 11 160.0 57.0
9 4 153.0 180.0
22 5 111.0 58.0
20 17 139.0 52.0
3 10 32.0 173.0
7 15 121.0 144.0
28 20 151.0 167.0
12 1 19.0 189.0
1 22 40.0 131.0
18 20 136.0 193.0
2 10 55.0 48.0
4 29 66.0 146.0
25 17 150.0 99.0
31 32 37.0 24.0
3 11 129.0 140.0
21 24 37.0 148.0
8 30 83.0 77.0
12 37 145.0 20.0
9 24 77.0 153.0
30 23 127.0 95.0
17 19 120.0 29.0
14 27 185.0 157.0
36 24 91.0 114.0
10 26 61.0 80.0
19 8 93.0 96.0
1 9 7.0 191.0
6 1 64.0 36.0
10 34 167.0 191.0
15 13 116.0 87.0
17 16 127.0 102.0
1 5 26.0 171.0
35 7 29.0 39.0
29 17 142.0 74.0
17 36 197.0 150.0
8 18 5.0 61.0
2 13 197.0 124.0
12 36 108.0 113.0
13 3 54.0 36.0
24 25 71.0 80.0
31 17 20.0 52.0
33 14 116.0 114.0
28 11 153.0 65.0
29 20 73.0 110.0
34 14 14.0 70.0
27 16 5.0 122.0
30 26 143.0 11.0
28 8 128.0 166.0
24 27 27.0 100.0
19 12 41.0 96.0
23 31 186.0 146.0
28 14 124.0 59.0
5 15 41.0 138.0
8 37 177.0 198.0
3 24 89.0 73.0
9 22 120.0 17.0
27 29 107.0 99.0
18 30 114.0 148.0
16 1 149.0 100.0
27 20 99.0 74.0
4 12 116.0 140.0
1 31 149.0 93.0
32 4 55.0 38.0
4 19 168.0 127.0
25 20 159.0 75.0
12 30 131.0 26.0
6 31 125.0 81.0
13 35 136.0 24.0
14 3 97.0 52.0
10 4 9.0 198.0
9 6 174.0 64.0
2 3 23.0 142.0
13 1 193.0 182.0
35 9 118.0 125.0
3 6 29.0 43.0
7 8 88.0 166.0
33 21 45.0 137.0
36 25 37.0 54.0
2 7 118.0 11.0
14 2 81.0 93.0
22 17 172.0 27.0
25 30 27.0 90.0
15 2 79.0 9.0
16 2 143.0 167.0
34 1 70.0 140.0
25 27 116.0 107.0
11 5 127.0 186.0
24 15 4.0 160.0
9 33 48.0 176.0
3 8 105.0 28.0
35 20 111.0 136.0
33 37 165.0 6.0
37 17 57.0 35.0
21 22 156.0 125.0
30 35 141.0 35.0
27 11 156.0 145.0
6 15 131.0 4.0
28 23 98.0 188.0
20 30 89.0 161.0
7 33 198.0 7.0
27 23 157.0 55.0
23 13 102.0 66.0
25 19 141.0 43.0
29 3 89.0 97.0
12 3 106.0 20.0
34 36 11.0 4.0
6 19 18.0 53.0
29 30 151.0 168.0
30 10 191.0 60.0
22 34 106.0 93.0
31 8 85.0 199.0
6 5 92.0 126.0
13 10 91.0 198.0
24 29 192.0 55.0
25 26 110.0 163.0
33 28 174.0 13.0
15 11 168.0 118.0
3 5 188.0 74.0
9 21 130.0 26.0
23 11 127.0 175.0
36 3 158.0 170.0
6 13 105.0 150.0
14 4 157.0 16.0
15 16 8.0 132.0
26 13 112.0 129.0
10 9 18.0 52.0
9 3 6.0 148.0
13 32 186.0 133.0
35 2 81.0 144.0
11 37 119.0 139.0
1 11 61.0 76.0
21 4 144.0 21.0
9 11 128.0 8.0
15 3 39.0 146.0
6 11 178.0 45.0
13 5 123.0 164.0
25 4 68.0 156.0
18 16 18.0 139.0
21 8 91.0 31.0
11 33 91.0 187.0
29 12 13.0 19.0
26 5 154.0 4.0
22 4 37.0 132.0
27 35 168.0 160.0
16 14 15.0 188.0
3 17 119.0 185.0
3 26 72.0 162.0
11 8 129.0 163.0
35 29 7.0 95.0
33 16 167.0 114.0
34 9 82.0 4.0
4 8 3.0 2.0
19 11 102.0 18.0
7 9 15.0 173.0
21 17 147.0 87.0
3 1 36.0 28.0
2 17 141.0 196.0
14 36 76.0 60.0
7 19 3.0 111.0
24 2 119.0 159.0
16 3 23.0 22.0
18 37 10.0 38.0
32 30 71.0 157.0
3 18 170.0 108.0
32 5 188.0 63.0
18 28 74.0 17.0
25 6 121.0 78.0
14 6 98.0 41.0
20 16 4.0 121.0
15 30 93.0 14.0
22 28 23.0 117.0
17 4 75.0 145.0
7 36 47.0 16.0
4 15 176.0 121.0
20 32 106.0 50.0
29 25 59.0 4.0
3 28 20.0 15.0
8 13 84.0 66.0
8 12 119.0 107.0
4 7 41.0 147.0
5 28 154.0 88.0
10 6 165.0 130.0
4 16 5.0 71.0
1 19 81.0 16.0
14 8 0.0 54.0
27 10 22.0 36.0
26 35 63.0 142.0
5 10 17.0 104.0
2 4 56.0 171.0
20 1 170.0 173.0
31 26 9.0 176.0
23 32 34.0 43.0
12 5 141.0 186.0
22 19 120.0 163.0
16 7 169.0 183.0
18 24 6.0 186.0
4 11 88.0 14.0
6 8 148.0 59.0
10 7 8.0 158.0
15 25 155.0 195.0
17 6 67.0 96.0
35 25 73.0 139.0
31 16 168.0 42.0
2 23 96.0 126.0
9 8 4.0 184.0
3 31 112.0 104.0
14 12 162.0 73.0
7 12 65.0 117.0
19 28 5.0 132.0
9 12 47.0 79.0
11 7 10.0 167.0
10 20 95.0 106.0
37 28 115.0 51.0
21 19 21.0 180.0
11 10 186.0 183.0
31 10 26.0 3.0
15 31 148.0 32.0
19 20 9.0 148.0
28 26 190.0 19.0
23 37 100.0 86.0
12 10 159.0 168.0
37 3 16.0 180.0
18 5 130.0 154.0
35 33 138.0 156.0
26 32 157.0 39.0
20 4 140.0 118.0
12 13 120.0 130.0
7 13 184.0 20.0
16 5 151.0 144.0
13 11 145.0 119.0
9 15 112.0 27.0
11 35 180.0 50.0
7 31 32.0 89.0
13 4 187.0 124.0
2 19 160.0 107.0
1 23 81.0 97.0
14 30 108.0 184.0
31 2 13.0 6.0
20 2 64.0 125.0
28 4 102.0 197.0
34 16 150.0 134.0
25 2 191.0 89.0
26 4 39.0 103.0
3 21 95.0 120.0
4 37 119.0 156.0
17 1 194.0 132.0
24 8 173.0 11.0
14 11 59.0 75.0
30 7 92.0 9.0
12 2 35.0 35.0
20 37 122.0 75.0
11 36 141.0 169.0
35 23 69.0 60.0
31 13 91.0 16.0
20 26 140.0 64.0
2 22 33.0 0.0
6 16 71.0 126.0
20 7 10.0 106.0
17 7 96.0 84.0
20 6 37.0 37.0
19 3 171.0 59.0
19 29 44.0 62.0
32 19 41.0 136.0
22 3 21.0 74.0
13 14 14.0 44.0
15 12 166.0 24.0
18 4 69.0 62.0
24 1 46.0 106.0
27 31 190.0 169.0
4 24 46.0 34.0
33 26 182.0 87.0
5 33 61.0 155.0
10 17 180.0 27.0
5 20 194.0 99.0
35 5 179.0 63.0
26 37 65.0 178.0
21 1 31.0 55.0
2 21 96.0 30.0
15 10 23.0 31.0
13 9 98.0 84.0
17 8 48.0 30.0
28 1 179.0 194.0
10 14 112.0 110.0
5 23 121.0 177.0
31 21 175.0 153.0
3 20 38.0 23.0
21 25 84.0 61.0
37 32 139.0 134.0
17 9 75.0 187.0
4 23 193.0 6.0
26 14 72.0 105.0
16 10 49.0 194.0
9 18 94.0 24.0
7 23 86.0 132.0
12 16 151.0 122.0
5 17 100.0 90.0
3 7 171.0 175.0
15 37 56.0 116.0
28 6 158.0 128.0
16 13 123.0 159.0
31 37 159.0 17.0
6 23 141.0 46.0
3 30 187.0 92.0
20 9 54.0 87.0
7 21 29.0 177.0
16 9 196.0 85.0
26 16 121.0 107.0
19 24 117.0 196.0
25 3 137.0 77.0
9 19 10.0 78.0
8 23 76.0 197.0
15 14 75.0 130.0
10 25 197.0 104.0
8 22 66.0 146.0
16 36 50.0 140.0
22 26 25.0 120.0
8 35 17.0 114.0
28 27 171.0 179.0
27 17 26.0 48.0
31 5 168.0 101.0
10 18 190.0 117.0
22 11 109.0 9.0
2 27 92.0 159.0
22 20 139.0 69.0
32 18 4.0 108.0
23 3 99.0 176.0
26 8 134.0 125.0
30 1 144.0 102.0
24 5 139.0 87.0
15 17 8.0 48.0
33 18 34.0 52.0
22 7 19.0 174.0
9 37 138.0 176.0
25 5 91.0 37.0
22 29 138.0 26.0
29 16 182.0 35.0
1 27 192.0 121.0
17 12 167.0 0.0
21 10 71.0 1.0
16 8 183.0 43.0
19 5 84.0 121.0
25 18 155.0 176.0
18 14 166.0 93.0
26 2 39.0 148.0
28 2 20.0 183.0
20 13 22.0 187.0
33 32 112.0 94.0
32 34 30.0 47.0
22 18 31.0 115.0
13 18 151.0 186.0
21 6 183.0 117.0
32 1 10.0 174.0
12 20 132.0 183.0
22 10 79.0 154.0
25 14 84.0 144.0
7 24 197.0 114.0
33 1 190.0 180.0
25 7 173.0 93.0
19 10 158.0 157.0
5 27 169.0 120.0
32 2 133.0 101.0
26 6 41.0 165.0
10 29 98.0 77.0
18 12 68.0 95.0
20 8 102.0 11.0
8 15 144.0 27.0
2 30 198.0 102.0
9 23 109.0 120.0
31 25 8.0 194.0
26 7 190.0 2.0
19 14 129.0 88.0
21 11 101.0 149.0
26 29 158.0 3.0
11 18 84.0 102.0
34 30 187.0 34.0
23 10 114.0 48.0
14 35 61.0 123.0
23 15 30.0 51.0
10 32 180.0 159.0
13 21 142.0 81.0
27 12 38.0 52.0
29 36 185.0 74.0
25 1 148.0 124.0
29 7 95.0 62.0
25 8 73.0 109.0
32 3 19.0 103.0
1 29 135.0 199.0
15 18 97.0 77.0
15 19 86.0 136.0
4 31 101.0 24.0
21 12 39.0 49.0
4 30 40.0 134.0
28 7 111.0 113.0
29 32 112.0 130.0
32 7 59.0 47.0
25 34 181.0 157.0
34 8 195.0 20.0
24 10 127.0 48.0
21 16 17.0 166.0
3 34 162.0 57.0
16 11 4.0 25.0
35 1 74.0 116.0
27 3 55.0 134.0
30 5 150.0 36.0
29 18 191.0 97.0
19 37 149.0 70.0
8 27 108.0 166.0
15 21 137.0 22.0
22 14 141.0 141.0
27 6 97.0 168.0
18 26 67.0 104.0
6 29 33.0 17.0
18 19 106.0 176.0
20 15 8.0 55.0
17 34 124.0 69.0
29 9 152.0 13.0
17 14 199.0 93.0
28 10 191.0 97.0
33 4 164.0 59.0
37 1 148.0 149.0
16 22 108.0 54.0
26 12 112.0 69.0
3 35 136.0 37.0
8 29 121.0 88.0
28 29 24.0 120.0
16 19 166.0 16.0
6 32 169.0 83.0
4 34 151.0 117.0
11 20 139.0 11.0
14 20 67.0 52.0
21 18 48.0 3.0
33 8 152.0 121.0
31 20 27.0 177.0
9 26 86.0 194.0
5 9 27.0 7.0
23 16 124.0 178.0
15 22 81.0 63.0
33 6 41.0 100.0
2 29 152.0 41.0
30 11 178.0 56.0
4 36 118.0 6.0
26 11 150.0 156.0
24 12 90.0 178.0
28 13 41.0 14.0
37 2 121.0 74.0
27 13 6.0 162.0
1 36 79.0 110.0
23 19 72.0 58.0
18 1 130.0 143.0
23 17 45.0 81.0
23 18 160.0 135.0
17 24 18.0 2.0
29 15 77.0 91.0
26 15 184.0 35.0
31 29 29.0 64.0
4 35 16.0 101.0
20 23 154.0 98.0
20 21 167.0 199.0
35 21 62.0 128.0
13 36 168.0 32.0
32 12 65.0 198.0
11 34 192.0 50.0
24 16 147.0 21.0
31 11 78.0 115.0
5 37 71.0 184.0
6 35 39.0 38.0
34 5 10.0 53.0
31 9 63.0 130.0
25 16 144.0 80.0
34 12 45.0 136.0
9 30 88.0 144.0
17 28 7.0 166.0
37 7 121.0 78.0
23 22 163.0 113.0
35 10 139.0 125.0
34 2 68.0 2.0
33 12 50.0 13.0
23 21 114.0 47.0
6 37 195.0 2.0
22 25 26.0 2.0
14 21 165.0 148.0
22 24 87.0 128.0
37 13 87.0 27.0
34 13 196.0 108.0
14 29 182.0 198.0
16 30 185.0 48.0
21 26 190.0 180.0
14 24 147.0 17.0
9 32 67.0 64.0
24 23 13.0 106.0
27 18 9.0 101.0
17 32 83.0 158.0
32 24 56.0 17.0
13 33 46.0 42.0
37 36 191.0 37.0
10 33 27.0 90.0
16 32 157.0 94.0
32 14 47.0 122.0
2 1 153.0 9.0
15 28 18.0 189.0
21 27 133.0 27.0
36 9 196.0 180.0
26 19 104.0 187.0
34 15 154.0 132.0
19 33 83.0 63.0
10 37 170.0 130.0
19 36 97.0 75.0
19 30 86.0 116.0
22 36 103.0 171.0
27 15 159.0 99.0
22 27 151.0 16.0
6 36 101.0 105.0
15 32 162.0 184.0
5 21 115.0 132.0
31 22 16.0 164.0
35 16 199.0 102.0
32 21 91.0 54.0
34 18 2.0 51.0
4 1 108.0 105.0
36 18 197.0 161.0
36 27 85.0 111.0
15 35 17.0 152.0
24 28 27.0 186.0
22 33 77.0 178.0
19 35 196.0 168.0
28 21 128.0 150.0
25 23 109.0 188.0
24 26 150.0 59.0
33 20 58.0 187.0
21 29 169.0 27.0
32 22 110.0 148.0
10 36 120.0 139.0
22 30 199.0 68.0
36 21 174.0 127.0
30 27 92.0 35.0
35 18 16.0 42.0
33 27 135.0 74.0
36 8 35.0 56.0
15 36 73.0 145.0
22 35 96.0 145.0
20 36 80.0 95.0
33 17 58.0 54.0
24 31 12.0 103.0
31 33 105.0 28.0
32 27 105.0 40.0
34 21 78.0 140.0
26 36 86.0 103.0
25 33 172.0 182.0
28 31 151.0 4.0
34 20 46.0 162.0
34 29 189.0 10.0
28 35 146.0 47.0
28 25 56.0 51.0
30 36 140.0 86.0
24 37 105.0 179.0
23 29 62.0 29.0
35 31 195.0 13.0
34 28 97.0 193.0
31 18 11.0 39.0
28 32 191.0 157.0
37 34 165.0 47.0
33 30 134.0 106.0
37 27 122.0 191.0
16 28 189.0 184.0
25 32 2.0 136.0
35 32 174.0 100.0
28 9 80.0 185.0
37 29 6.0 71.0
33 34 7.0 172.0
33 24 135.0 141.0
34 19 113.0 58.0
30 31 111.0 103.0
33 15 174.0 66.0
36 28 55.0 148.0
19 27 138.0 88.0
34 27 81.0 144.0
37 21 138.0 88.0
7 14 61.0 73.0
36 5 20.0 175.0
24 35 22.0 84.0
35 36 143.0 196.0
22 37 29.0 150.0
31 36 8.0 167.0
12 22 132.0 90.0
17 35 126.0 22.0
14 23 75.0 188.0
17 26 9.0 48.0
30 21 118.0 183.0
36 32 54.0 61.0
35 34 58.0 83.0
33 23 104.0 66.0
36 33 93.0 188.0
0
