31 465 11 6 9661
20 12 153.0 51.0
12 28 133.0 195.0
6 17 158.0 66.0
12 25 138.0 81.0
3 7 85.0 90.0
15 18 157.0 56.0
7 22 199.0 84.0
15 21 100.0 108.0
31 24 120.0 5.0
20 17 11.0 53.0
2 1 22.0 121.0
25 9 107.0 112.0
2 19 181.0 193.0
3 25 111.0 91.0
13 1 11.0 62.0
20 6 191.0 63.0
29 3 39.0 111.0
19 6 176.0 2.0
6 16 130.0 150.0
24 25 53.0 189.0
10 8 63.0 187.0
1 6 184.0 126.0
4 11 191.0 147.0
16 3 47.0 182.0
3 30 156.0 86.0
5 28 102.0 84.0
12 7 91.0 184.0
29 1 123.0 97.0
8 1 196.0 138.0
6 3 71.0 132.0
11 21 170.0 63.0
21 4 23.0 17.0
10 1 157.0 131.0
24 19 156.0 11.0
23 13 5.0 0.0
11 30 30.0 80.0
30 8 151.0 178.0
8 6 48.0 22.0
24 4 182.0 18.0
4 5 182.0 158.0
2 8 187.0 91.0
31 17 108.0 144.0
27 10 172.0 65.0
6 30 182.0 155.0
6 10 8.0 85.0
14 10 89.0 56.0
12 11 84.0 24.0
26 19 58.0 66.0
10 4 81.0 46.0
4 6 62.0 141.0
21 23 87.0 186.0
21 1 126.0 69.0
11 29 127.0 86.0
5 3 110.0 16.0
8 3 137.0 194.0
28 20 150.0 195.0
15 16 133.0 31.0
27 2 173.0 147.0
24 9 36.0 60.0
12 1 6.0 114.0
25 4 1.0 133.0
4 1 18.0 111.0
11 13 20.0 155.0
1 26 144.0 170.0
9 15 127.0 29.0
17 5 105.0 53.0
13 19 192.0 142.0
18 16 134.0 150.0
19 9 105.0 87.0
10 19 183.0 123.0
31 19 31.0 3.0
14 19 125.0 127.0
2 15 149.0 4.0
19 5 98.0 55.0
3 9 174.0 90.0
24 22 119.0 60.0
30 21 117.0 24.0
3 4 12.0 100.0
20 14 63.0 195.0
1 9 53.0 140.0
23 9 164.0 155.0
13 9 133.0 14.0
17 26 20.0 107.0
16 24 30.0 91.0
13 12 71.0 147.0
13 10 50.0 35.0
3 11 182.0 114.0
29 17 185.0 187.0
25 6 10.0 101.0
14 4 167.0 143.0
27 15 125.0 188.0
7 15 143.0 155.0
26 6 67.0 166.0
13 26 158.0 70.0
7 4 137.0 140.0
16 11 94.0 122.0
5 9 127.0 56.0
25 16 13.0 94.0
28 25 77.0 90.0
5 7 165.0 172.0
7 8 106.0 185.0
17 11 123.0 65.0
10 25 133.0 60.0
2 6 156.0 179.0
27 6 47.0 83.0
20 4 141.0 12.0
29 2 30.0 171.0
16 4 104.0 195.0
27 13 173.0 11.0
23 6 130.0 96.0
28 16 71.0 16.0
19 16 47.0 179.0
22 25 170.0 46.0
28 6 107.0 111.0
5 8 166.0 137.0
12 5 60.0 71.0
17 23 157.0 33.0
11 5 47.0 39.0
2 22 81.0 118.0
7 2 34.0 80.0
4 9 7.0 4.0
4 22 52.0 114.0
28 13 80.0 170.0
15 10 10.0 140.0
11 2 41.0 167.0
9 2 150.0 41.0
26 7 65.0 183.0
7 25 24.0 51.0
16 1 32.0 31.0
14 6 129.0 36.0
16 23 95.0 9.0
30 20 180.0 57.0
9 29 138.0 21.0
2 10 150.0 88.0
5 10 135.0 168.0
8 16 133.0 111.0
8 9 54.0 117.0
14 21 199.0 183.0
10 7 17.0 46.0
26 16 71.0 197.0
13 30 64.0 9.0
5 2 111.0 167.0
14 27 63.0 198.0
11 24 133.0 148.0
1 7 150.0 139.0
28 26 188.0 149.0
30 29 111.0 6.0
13 18 179.0 135.0
2 12 64.0 195.0
6 5 170.0 175.0
31 11 4.0 185.0
1 20 193.0 89.0
28 23 26.0 143.0
15 14 170.0 167.0
9 10 89.0 33.0
6 12 7.0 20.0
11 6 11.0 71.0
15 1 180.0 133.0
9 11 160.0 184.0
7 11 59.0 153.0
2 14 6.0 86.0
27 11 83.0 128.0
18 29 10.0 125.0
18 2 147.0 169.0
12 4 196.0 110.0
12 3 115.0 176.0
14 26 71.0 28.0
1 5 88.0 130.0
16 17 74.0 46.0
13 6 55.0 110.0
6 7 121.0 66.0
3 10 198.0 20.0
1 19 171.0 194.0
2 13 192.0 86.0
3 19 67.0 63.0
21 25 182.0 107.0
8 23 40.0 8.0
4 23 71.0 47.0
24 2 190.0 192.0
1 14 81.0 140.0
9 6 21.0 52.0
17 14 90.0 166.0
31 5 157.0 157.0
29 26 194.0 139.0
17 30 154.0 186.0
20 16 123.0 177.0
18 3 152.0 65.0
9 7 30.0 33.0
1 17 147.0 3.0
24 20 132.0 37.0
25 1 30.0 89.0
5 16 38.0 176.0
25 27 146.0 144.0
7 13 151.0 21.0
12 10 25.0 103.0
15 5 184.0 7.0
11 10 148.0 83.0
29 16 83.0 33.0
16 30 136.0 66.0
25 29 183.0 126.0
3 17 9.0 81.0
2 16 35.0 160.0
11 15 34.0 13.0
2 20 172.0 170.0
8 18 164.0 72.0
2 17 50.0 199.0
16 27 139.0 138.0
12 8 17.0 74.0
12 18 80.0 26.0
4 15 199.0 68.0
9 12 0.0 185.0
29 31 37.0 124.0
7 16 191.0 1.0
18 5 138.0 193.0
21 20 126.0 29.0
4 19 85.0 95.0
8 11 67.0 117.0
25 15 108.0 18.0
14 7 72.0 60.0
13 3 175.0 61.0
5 14 138.0 166.0
3 15 32.0 28.0
24 13 192.0 110.0
4 13 170.0 29.0
17 18 137.0 38.0
3 14 103.0 197.0
15 28 26.0 175.0
2 21 126.0 1.0
17 7 16.0 64.0
17 24 74.0 1.0
13 5 63.0 19.0
12 27 99.0 185.0
14 8 80.0 189.0
16 31 148.0 183.0
28 14 189.0 174.0
17 8 100.0 67.0
11 1 126.0 68.0
17 9 31.0 153.0
6 15 58.0 46.0
8 15 168.0 109.0
20 8 143.0 0.0
3 21 185.0 91.0
31 14 95.0 126.0
20 3 193.0 147.0
14 9 7.0 72.0
4 18 26.0 38.0
24 23 121.0 84.0
18 6 28.0 89.0
19 12 33.0 172.0
29 22 21.0 170.0
1 23 131.0 68.0
26 15 72.0 77.0
15 12 76.0 79.0
2 3 27.0 54.0
3 24 128.0 148.0
1 22 31.0 156.0
2 23 8.0 64.0
18 1 33.0 181.0
20 7 77.0 117.0
21 6 104.0 150.0
27 26 173.0 132.0
26 22 110.0 152.0
10 16 64.0 38.0
2 25 74.0 95.0
6 31 27.0 34.0
4 2 181.0 61.0
14 11 35.0 11.0
17 10 19.0 91.0
23 3 194.0 192.0
24 15 191.0 104.0
5 21 191.0 55.0
20 9 21.0 17.0
18 23 161.0 1.0
24 10 84.0 94.0
14 12 164.0 71.0
30 24 9.0 135.0
28 17 53.0 155.0
31 3 123.0 44.0
4 30 148.0 114.0
8 19 64.0 122.0
31 10 153.0 177.0
18 11 177.0 189.0
1 24 147.0 93.0
6 22 17.0 108.0
20 25 34.0 70.0
26 8 29.0 157.0
16 12 166.0 130.0
2 31 194.0 30.0
3 22 64.0 99.0
18 7 112.0 193.0
5 20 130.0 11.0
5 27 77.0 147.0
10 18 162.0 111.0
12 17 0.0 144.0
8 4 152.0 167.0
21 7 157.0 98.0
13 17 140.0 21.0
25 5 41.0 4.0
13 21 22.0 171.0
23 5 79.0 99.0
13 16 28.0 41.0
13 15 27.0 28.0
20 31 41.0 131.0
18 21 158.0 198.0
1 28 119.0 98.0
26 10 93.0 160.0
28 7 165.0 115.0
6 29 99.0 44.0
14 22 159.0 127.0
8 27 186.0 186.0
24 6 56.0 180.0
22 31 28.0 14.0
21 9 39.0 147.0
26 4 43.0 85.0
7 30 1.0 8.0
8 22 95.0 52.0
10 21 65.0 6.0
2 26 45.0 3.0
18 9 111.0 53.0
14 16 168.0 139.0
12 24 1.0 159.0
26 25 144.0 45.0
30 2 12.0 97.0
18 14 100.0 59.0
27 3 70.0 117.0
10 22 24.0 116.0
26 5 122.0 135.0
13 8 72.0 90.0
22 20 115.0 74.0
20 10 91.0 11.0
8 24 38.0 55.0
22 9 137.0 90.0
7 24 191.0 159.0
9 26 40.0 167.0
31 13 138.0 162.0
4 28 99.0 10.0
17 15 99.0 166.0
7 27 88.0 190.0
31 1 94.0 78.0
3 28 44.0 183.0
23 10 160.0 35.0
29 7 119.0 0.0
21 12 138.0 57.0
20 11 124.0 37.0
20 13 67.0 175.0
28 8 17.0 155.0
27 1 75.0 63.0
3 26 35.0 120.0
11 22 159.0 148.0
25 8 71.0 78.0
22 5 85.0 161.0
5 29 114.0 161.0
17 19 39.0 182.0
23 11 18.0 8.0
1 30 30.0 46.0
9 16 107.0 18.0
29 8 191.0 18.0
15 22 185.0 62.0
28 10 90.0 71.0
23 14 81.0 4.0
15 20 176.0 72.0
4 31 103.0 147.0
9 28 23.0 86.0
28 19 192.0 83.0
28 2 40.0 184.0
26 11 133.0 26.0
23 12 149.0 175.0
19 11 107.0 31.0
22 13 98.0 35.0
10 29 41.0 2.0
11 25 94.0 65.0
14 24 166.0 87.0
17 21 199.0 6.0
15 23 44.0 133.0
27 9 19.0 193.0
19 15 63.0 126.0
10 30 168.0 161.0
21 8 175.0 10.0
29 4 99.0 22.0
31 9 176.0 65.0
30 15 153.0 176.0
23 7 194.0 149.0
18 19 114.0 13.0
28 11 55.0 177.0
27 4 148.0 176.0
12 26 161.0 76.0
30 12 92.0 61.0
18 20 43.0 68.0
18 24 15.0 148.0
19 23 131.0 161.0
31 8 168.0 197.0
21 22 69.0 24.0
22 16 70.0 170.0
12 31 7.0 184.0
22 18 7.0 51.0
17 22 130.0 50.0
14 29 77.0 97.0
29 13 145.0 160.0
31 7 1.0 114.0
19 20 148.0 70.0
23 20 84.0 170.0
22 19 38.0 43.0
24 21 27.0 45.0
30 14 185.0 109.0
22 23 46.0 63.0
19 21 0.0 144.0
27 18 16.0 153.0
5 30 94.0 116.0
17 25 158.0 130.0
15 31 97.0 197.0
29 21 184.0 76.0
29 15 88.0 170.0
27 19 159.0 86.0
31 18 45.0 159.0
13 25 140.0 14.0
18 28 55.0 186.0
9 30 67.0 166.0
18 30 108.0 164.0
30 19 151.0 45.0
19 25 120.0 191.0
23 26 112.0 79.0
16 21 53.0 158.0
24 5 141.0 145.0
23 25 176.0 149.0
27 23 90.0 195.0
27 22 43.0 150.0
12 29 80.0 195.0
24 27 162.0 152.0
21 28 133.0 75.0
24 28 75.0 186.0
25 14 11.0 16.0
24 26 64.0 139.0
22 30 166.0 154.0
31 25 148.0 10.0
27 30 62.0 180.0
23 29 16.0 25.0
30 28 88.0 149.0
22 28 42.0 163.0
12 22 186.0 53.0
28 27 82.0 50.0
21 27 125.0 48.0
29 27 64.0 25.0
26 30 15.0 79.0
31 28 6.0 183.0
21 31 193.0 94.0
20 26 93.0 35.0
13 14 191.0 79.0
27 31 17.0 73.0
27 17 50.0 94.0
29 24 4.0 66.0
19 7 120.0 171.0
29 19 109.0 78.0
30 31 113.0 54.0
25 30 28.0 6.0
4 17 19.0 20.0
18 26 157.0 36.0
26 31 108.0 159.0
29 20 31.0 64.0
20 27 76.0 151.0
21 26 83.0 138.0
28 29 192.0 196.0
25 18 68.0 21.0
31 23 160.0 87.0
1 3 158.0 117.0
30 23 8.0 18.0
0
