34 561 28 33 104735
14 22 132.0 104.0
19 4 134.0 111.0
34 1 112.0 180.0
19 32 3.0 113.0
20 26 114.0 170.0
3 17 191.0 180.0
3 22 161.0 134.0
12 34 194.0 99.0
29 22 111.0 78.0
11 1 173.0 45.0
25 30 164.0 38.0
27 6 70.0 167.0
31 28 160.0 184.0
19 1 14.0 151.0
31 24 51.0 175.0
32 27 75.0 45.0
23 9 46.0 186.0
33 4 18.0 20.0
34 25 119.0 182.0
30 14 1.0 189.0
8 19 39.0 162.0
27 16 72.0 53.0
14 9 42.0 75.0
1 18 36.0 117.0
34 5 15.0 83.0
16 10 0.0 33.0
34 6 178.0 72.0
19 16 107.0 131.0
2 11 86.0 98.0
16 18 166.0 110.0
26 1 90.0 8.0
18 12 8.0 126.0
24 22 173.0 23.0
31 23 81.0 125.0
2 16 91.0 11.0
32 26 102.0 199.0
25 18 51.0 140.0
5 3 188.0 169.0
10 18 48.0 30.0
30 6 140.0 8.0
27 20 87.0 113.0
16 26 166.0 120.0
15 33 151.0 57.0
32 11 167.0 6.0
29 3 163.0 171.0
20 7 186.0 103.0
25 21 29.0 186.0
3 7 113.0 169.0
28 10 72.0 152.0
1 6 166.0 38.0
12 25 184.0 70.0
1 33 114.0 151.0
9 21 76.0 29.0
2 26 37.0 14.0
20 34 166.0 66.0
8 4 181.0 79.0
21 31 0.0 5.0
10 25 14.0 119.0
15 18 100.0 198.0
24 6 95.0 167.0
1 31 191.0 171.0
22 31 4.0 180.0
4 1 190.0 170.0
12 33 56.0 171.0
3 4 43.0 56.0
2 9 121.0 9.0
4 7 85.0 173.0
13 21 188.0 133.0
26 29 74.0 131.0
25 4 85.0 31.0
4 34 191.0 76.0
10 1 45.0 47.0
1 14 5.0 40.0
8 3 99.0 78.0
7 5 69.0 137.0
7 25 185.0 57.0
4 9 73.0 12.0
19 28 10.0 110.0
27 31 8.0 153.0
29 33 170.0 53.0
12 23 190.0 128.0
2 13 104.0 90.0
33 2 3.0 125.0
34 33 127.0 188.0
14 11 128.0 152.0
12 2 96.0 90.0
32 6 91.0 56.0
12 14 154.0 14.0
2 10 3.0 97.0
11 20 111.0 107.0
29 13 167.0 114.0
11 23 146.0 46.0
8 10 154.0 74.0
11 33 15.0 2.0
10 3 58.0 59.0
6 2 179.0 164.0
8 32 67.0 134.0
17 30 70.0 130.0
8 5 48.0 37.0
2 5 10.0 194.0
14 21 49.0 116.0
27 14 47.0 64.0
3 2 105.0 57.0
19 18 67.0 85.0
16 28 187.0 87.0
24 26 94.0 10.0
5 28 17.0 142.0
32 21 70.0 27.0
15 12 92.0 71.0
25 3 48.0 91.0
4 17 64.0 153.0
9 1 157.0 83.0
7 1 79.0 96.0
5 19 106.0 173.0
13 1 93.0 123.0
21 33 113.0 116.0
6 5 164.0 157.0
12 8 191.0 164.0
32 12 71.0 55.0
21 7 126.0 180.0
20 6 153.0 157.0
24 25 145.0 59.0
25 9 107.0 191.0
7 14 185.0 20.0
31 18 122.0 101.0
33 32 128.0 65.0
18 17 99.0 199.0
31 13 175.0 177.0
18 21 0.0 128.0
9 6 119.0 98.0
26 10 61.0 26.0
10 7 194.0 47.0
3 12 106.0 68.0
33 14 53.0 34.0
4 26 168.0 104.0
5 10 30.0 143.0
28 29 87.0 31.0
14 3 141.0 6.0
4 10 118.0 2.0
19 20 110.0 112.0
21 22 116.0 16.0
4 6 24.0 121.0
34 8 105.0 144.0
2 8 81.0 135.0
4 15 131.0 168.0
14 6 65.0 72.0
2 7 94.0 183.0
1 21 178.0 4.0
10 6 151.0 46.0
1 28 9.0 127.0
9 30 58.0 114.0
6 25 126.0 139.0
13 14 16.0 9.0
27 4 98.0 81.0
19 12 184.0 192.0
32 23 198.0 162.0
15 7 142.0 101.0
8 20 175.0 103.0
23 15 163.0 185.0
13 7 140.0 42.0
28 6 170.0 156.0
18 3 193.0 68.0
1 15 24.0 177.0
15 6 80.0 174.0
11 4 130.0 174.0
7 8 109.0 57.0
34 19 19.0 72.0
17 1 101.0 112.0
29 25 155.0 71.0
27 24 17.0 148.0
16 6 15.0 41.0
19 10 171.0 47.0
2 15 99.0 53.0
16 3 50.0 8.0
5 12 174.0 22.0
4 5 73.0 75.0
12 6 165.0 28.0
11 3 46.0 182.0
14 19 125.0 61.0
28 34 138.0 48.0
12 7 85.0 190.0
16 4 19.0 88.0
22 15 139.0 145.0
23 2 102.0 12.0
21 6 14.0 19.0
14 15 127.0 60.0
8 11 25.0 52.0
5 14 17.0 116.0
29 27 70.0 103.0
2 14 96.0 41.0
18 2 153.0 35.0
11 10 32.0 7.0
23 28 162.0 198.0
8 18 63.0 89.0
12 10 20.0 88.0
17 19 101.0 37.0
19 31 23.0 171.0
34 3 40.0 119.0
4 2 63.0 145.0
18 4 146.0 95.0
31 17 65.0 108.0
9 3 142.0 128.0
19 11 189.0 162.0
30 22 139.0 90.0
1 16 79.0 114.0
7 9 81.0 72.0
9 8 197.0 144.0
23 7 6.0 95.0
9 12 143.0 23.0
14 8 146.0 37.0
9 10 197.0 135.0
29 24 194.0 136.0
3 20 168.0 26.0
33 3 80.0 49.0
30 26 94.0 77.0
32 31 23.0 52.0
24 15 183.0 118.0
16 8 51.0 81.0
15 8 57.0 48.0
31 30 137.0 3.0
23 24 128.0 105.0
13 6 99.0 8.0
28 26 37.0 145.0
30 32 40.0 12.0
6 11 5.0 23.0
21 4 145.0 56.0
11 30 172.0 154.0
25 22 182.0 61.0
5 9 66.0 62.0
7 32 76.0 117.0
23 1 22.0 65.0
7 16 37.0 62.0
29 11 151.0 42.0
9 11 121.0 96.0
15 5 150.0 45.0
4 14 146.0 84.0
30 15 154.0 165.0
20 21 30.0 182.0
30 16 61.0 52.0
20 1 189.0 98.0
2 17 199.0 140.0
15 21 100.0 72.0
20 2 149.0 2.0
24 17 58.0 48.0
31 2 154.0 12.0
13 5 48.0 184.0
2 19 174.0 61.0
15 19 7.0 163.0
8 13 197.0 158.0
13 4 33.0 97.0
2 21 182.0 182.0
10 13 121.0 192.0
14 16 99.0 75.0
19 3 49.0 99.0
9 15 150.0 23.0
6 17 126.0 109.0
2 34 188.0 123.0
17 13 55.0 21.0
3 6 112.0 189.0
20 4 37.0 33.0
4 12 42.0 88.0
23 19 168.0 43.0
18 27 174.0 70.0
17 7 101.0 100.0
8 17 1.0 89.0
16 23 74.0 56.0
25 5 108.0 186.0
5 17 119.0 97.0
8 6 105.0 113.0
11 13 27.0 25.0
24 1 36.0 1.0
10 15 176.0 89.0
13 12 79.0 177.0
8 1 115.0 153.0
11 12 164.0 23.0
3 15 95.0 35.0
24 2 185.0 152.0
30 20 137.0 164.0
4 22 2.0 125.0
13 23 150.0 178.0
8 25 195.0 29.0
5 22 78.0 110.0
9 13 183.0 42.0
26 12 170.0 30.0
6 29 139.0 155.0
22 8 135.0 76.0
18 5 6.0 89.0
7 11 121.0 156.0
14 10 22.0 68.0
14 29 192.0 100.0
18 6 175.0 175.0
24 21 100.0 145.0
11 16 52.0 39.0
14 18 111.0 139.0
7 18 196.0 69.0
28 32 177.0 117.0
17 28 33.0 199.0
30 24 84.0 25.0
28 4 116.0 11.0
24 14 3.0 168.0
24 3 37.0 55.0
22 2 152.0 148.0
31 9 129.0 148.0
3 23 110.0 58.0
9 19 21.0 95.0
1 25 5.0 57.0
25 26 137.0 73.0
13 20 139.0 92.0
3 21 181.0 128.0
34 10 175.0 85.0
18 20 42.0 104.0
23 17 156.0 104.0
23 4 135.0 129.0
13 3 99.0 140.0
19 6 186.0 188.0
17 9 160.0 77.0
23 5 27.0 93.0
16 21 82.0 2.0
17 11 165.0 124.0
1 27 47.0 73.0
23 6 54.0 134.0
1 29 149.0 153.0
20 12 198.0 87.0
26 8 154.0 110.0
21 5 158.0 181.0
34 29 96.0 40.0
17 10 71.0 61.0
6 7 78.0 70.0
27 2 30.0 132.0
13 15 23.0 131.0
33 20 56.0 21.0
27 30 107.0 10.0
9 24 19.0 17.0
22 7 178.0 115.0
2 25 71.0 1.0
13 26 54.0 149.0
16 12 12.0 36.0
20 9 2.0 35.0
29 2 123.0 10.0
8 21 177.0 182.0
6 22 147.0 196.0
21 30 29.0 125.0
9 18 109.0 100.0
5 16 82.0 163.0
18 11 107.0 46.0
1 5 107.0 61.0
26 5 84.0 30.0
28 27 159.0 61.0
24 7 19.0 106.0
13 19 167.0 0.0
3 27 114.0 28.0
26 18 91.0 196.0
10 21 15.0 150.0
28 3 20.0 74.0
3 26 79.0 56.0
18 13 183.0 38.0
15 29 54.0 2.0
28 2 140.0 173.0
21 11 15.0 54.0
22 1 40.0 58.0
27 5 177.0 8.0
17 15 8.0 149.0
1 30 159.0 87.0
14 20 106.0 143.0
22 26 148.0 160.0
3 1 12.0 88.0
10 20 32.0 179.0
11 5 47.0 25.0
17 22 170.0 176.0
9 16 6.0 178.0
30 4 111.0 118.0
1 32 163.0 17.0
5 24 115.0 63.0
13 16 151.0 79.0
7 26 47.0 135.0
27 9 46.0 94.0
30 3 165.0 17.0
2 30 31.0 123.0
8 24 107.0 142.0
31 4 69.0 71.0
26 21 56.0 136.0
27 8 140.0 159.0
31 3 179.0 187.0
8 23 57.0 25.0
19 27 4.0 22.0
16 17 107.0 188.0
34 11 145.0 14.0
7 19 139.0 166.0
16 15 66.0 147.0
21 34 48.0 158.0
17 14 65.0 27.0
29 4 140.0 122.0
8 33 93.0 96.0
5 30 133.0 152.0
4 24 65.0 30.0
29 20 32.0 156.0
20 16 121.0 50.0
26 6 68.0 122.0
10 22 141.0 134.0
32 3 10.0 81.0
22 11 99.0 55.0
29 5 85.0 184.0
11 24 35.0 102.0
22 33 167.0 20.0
28 9 76.0 40.0
10 29 41.0 145.0
7 28 26.0 182.0
15 20 48.0 36.0
27 25 160.0 99.0
9 26 179.0 46.0
25 11 69.0 14.0
18 23 73.0 188.0
24 12 40.0 101.0
31 5 63.0 33.0
24 10 173.0 90.0
31 7 129.0 21.0
23 14 22.0 90.0
17 12 110.0 1.0
33 9 99.0 180.0
27 10 11.0 124.0
13 22 45.0 3.0
33 6 6.0 60.0
32 5 187.0 179.0
8 28 151.0 69.0
15 11 182.0 126.0
22 12 91.0 92.0
22 16 2.0 191.0
29 9 142.0 165.0
13 25 70.0 187.0
25 14 161.0 76.0
23 26 83.0 101.0
28 11 33.0 35.0
22 34 32.0 15.0
27 7 40.0 123.0
11 26 125.0 194.0
6 31 131.0 67.0
21 17 38.0 1.0
26 14 109.0 151.0
28 12 196.0 193.0
33 17 159.0 29.0
5 33 37.0 143.0
32 10 187.0 29.0
34 18 123.0 64.0
25 15 167.0 55.0
8 31 146.0 5.0
27 22 26.0 7.0
27 11 192.0 22.0
20 17 177.0 103.0
33 7 7.0 15.0
12 1 55.0 146.0
27 15 155.0 179.0
16 25 34.0 122.0
30 8 184.0 132.0
2 32 6.0 11.0
19 22 176.0 150.0
12 29 92.0 154.0
34 7 119.0 99.0
22 20 33.0 174.0
17 25 56.0 140.0
15 26 86.0 90.0
10 33 140.0 70.0
30 12 109.0 146.0
32 9 160.0 86.0
10 31 156.0 52.0
13 28 126.0 27.0
18 24 15.0 112.0
4 32 150.0 71.0
24 16 18.0 36.0
26 17 104.0 158.0
11 31 63.0 14.0
24 19 9.0 23.0
19 21 157.0 117.0
27 33 138.0 35.0
16 34 4.0 153.0
17 27 75.0 107.0
25 19 176.0 94.0
13 27 199.0 80.0
13 32 167.0 62.0
29 17 46.0 176.0
29 16 102.0 155.0
14 34 87.0 40.0
7 30 194.0 43.0
15 31 10.0 70.0
18 22 0.0 186.0
12 31 30.0 199.0
20 24 115.0 197.0
25 20 70.0 162.0
31 14 113.0 172.0
33 13 151.0 0.0
34 13 182.0 97.0
19 29 192.0 144.0
30 29 156.0 144.0
18 28 13.0 138.0
21 12 114.0 129.0
22 23 137.0 184.0
32 15 21.0 50.0
23 21 37.0 124.0
16 33 143.0 19.0
34 30 128.0 135.0
30 18 193.0 36.0
17 32 190.0 7.0
18 33 75.0 104.0
25 23 139.0 12.0
31 25 124.0 112.0
30 10 14.0 161.0
28 21 103.0 157.0
20 32 92.0 183.0
34 9 5.0 37.0
20 31 56.0 195.0
17 34 111.0 84.0
13 30 191.0 51.0
32 14 79.0 67.0
23 27 162.0 93.0
15 34 111.0 17.0
27 12 173.0 155.0
28 24 119.0 130.0
33 19 121.0 127.0
19 30 171.0 33.0
25 28 123.0 114.0
31 16 103.0 2.0
32 24 177.0 17.0
9 22 147.0 40.0
32 22 159.0 72.0
28 30 80.0 78.0
16 32 159.0 2.0
34 24 29.0 130.0
23 33 174.0 152.0
26 27 42.0 30.0
33 30 158.0 19.0
31 29 69.0 105.0
25 32 49.0 180.0
21 29 66.0 130.0
23 20 186.0 25.0
34 26 46.0 16.0
8 29 32.0 172.0
26 31 86.0 26.0
33 24 84.0 44.0
10 23 166.0 153.0
25 33 65.0 15.0
32 34 113.0 131.0
29 32 156.0 52.0
23 29 22.0 154.0
14 28 120.0 6.0
27 34 131.0 6.0
28 20 37.0 167.0
20 5 135.0 3.0
18 32 54.0 152.0
33 26 154.0 168.0
27 21 112.0 62.0
13 24 132.0 134.0
15 28 177.0 4.0
2 1 3.0 109.0
33 28 118.0 40.0
18 29 59.0 5.0
31 33 187.0 113.0
31 34 186.0 93.0
23 34 197.0 98.0
29 7 69.0 82.0
30 23 99.0 46.0
28 22 63.0 54.0
19 26 37.0 134.0
0
