34 561 28 33 61100
8 3 22.0 195.0
21 5 162.0 164.0
13 5 138.0 22.0
9 22 78.0 117.0
6 16 44.0 199.0
18 9 118.0 1.0
11 10 105.0 85.0
13 24 118.0 134.0
18 22 150.0 140.0
34 19 79.0 64.0
24 2 159.0 169.0
23 17 15.0 37.0
6 29 46.0 59.0
3 14 38.0 116.0
23 20 34.0 144.0
18 27 176.0 105.0
14 12 144.0 78.0
31 24 193.0 175.0
25 23 108.0 152.0
14 8 84.0 123.0
2 28 162.0 83.0
15 10 160.0 0.0
4 1 104.0 146.0
1 26 37.0 80.0
4 34 7.0 181.0
31 21 188.0 0.0
18 33 140.0 96.0
14 2 126.0 24.0
3 20 102.0 88.0
4 26 164.0 14.0
34 12 112.0 68.0
3 29 69.0 101.0
2 4 17.0 28.0
32 29 148.0 5.0
1 14 81.0 88.0
4 6 27.0 160.0
9 3 183.0 130.0
28 9 27.0 147.0
20 34 78.0 91.0
3 5 31.0 99.0
16 13 171.0 49.0
15 17 145.0 71.0
8 5 29.0 178.0
10 13 197.0 56.0
16 27 180.0 181.0
2 3 196.0 159.0
11 9 116.0 26.0
14 17 174.0 147.0
3 15 66.0 97.0
32 26 159.0 163.0
12 33 106.0 188.0
11 31 171.0 103.0
24 23 170.0 152.0
34 16 165.0 118.0
25 34 13.0 81.0
24 1 181.0 187.0
24 12 180.0 199.0
1 8 87.0 139.0
18 16 185.0 193.0
20 1 58.0 157.0
24 18 154.0 180.0
33 24 190.0 119.0
5 7 19.0 155.0
25 22 157.0 0.0
33 16 138.0 89.0
1 19 67.0 25.0
8 19 183.0 5.0
19 13 55.0 193.0
4 7 51.0 9.0
30 25 69.0 194.0
15 14 61.0 88.0
1 3 24.0 170.0
26 17 106.0 162.0
1 18 52.0 173.0
8 2 32.0 35.0
31 27 19.0 87.0
33 4 179.0 71.0
2 16 10.0 48.0
29 11 59.0 23.0
21 30 72.0 35.0
12 7 150.0 178.0
32 4 103.0 2.0
23 22 30.0 135.0
22 1 124.0 50.0
12 2 105.0 103.0
10 4 56.0 67.0
7 33 25.0 115.0
28 22 145.0 49.0
28 34 94.0 95.0
11 12 20.0 149.0
7 23 55.0 51.0
24 10 138.0 179.0
19 10 168.0 195.0
6 33 35.0 176.0
7 1 92.0 12.0
10 6 0.0 37.0
7 11 179.0 46.0
30 5 67.0 151.0
27 15 147.0 122.0
32 17 37.0 86.0
3 12 132.0 157.0
2 5 152.0 119.0
19 3 125.0 196.0
10 20 42.0 77.0
30 16 50.0 21.0
20 31 8.0 117.0
2 7 38.0 107.0
27 8 39.0 76.0
10 22 75.0 123.0
2 27 97.0 27.0
29 23 24.0 22.0
8 28 79.0 66.0
10 2 150.0 81.0
12 4 42.0 110.0
28 33 93.0 33.0
2 9 142.0 132.0
11 22 166.0 17.0
14 10 24.0 63.0
6 17 134.0 48.0
10 23 16.0 165.0
32 24 68.0 119.0
1 11 93.0 63.0
5 4 67.0 186.0
26 27 51.0 161.0
22 24 174.0 17.0
2 6 101.0 198.0
5 10 160.0 187.0
23 12 169.0 129.0
1 15 150.0 190.0
32 34 37.0 43.0
10 1 106.0 104.0
12 26 176.0 109.0
23 32 76.0 150.0
33 14 183.0 129.0
6 20 116.0 95.0
5 9 174.0 37.0
31 18 62.0 124.0
17 12 29.0 51.0
8 9 199.0 135.0
15 12 73.0 175.0
7 3 188.0 149.0
15 20 78.0 123.0
13 27 122.0 146.0
2 26 27.0 48.0
10 3 91.0 41.0
15 2 143.0 121.0
12 27 76.0 142.0
12 1 129.0 149.0
13 9 125.0 117.0
28 11 133.0 155.0
9 6 62.0 55.0
11 3 47.0 89.0
8 26 70.0 91.0
2 13 127.0 165.0
6 7 178.0 3.0
6 11 27.0 59.0
27 6 188.0 104.0
12 5 84.0 121.0
4 8 52.0 146.0
12 6 164.0 52.0
10 8 46.0 186.0
34 21 31.0 173.0
4 31 92.0 161.0
15 26 35.0 71.0
2 11 71.0 23.0
31 17 154.0 156.0
28 25 162.0 6.0
21 33 9.0 126.0
24 17 164.0 56.0
7 10 180.0 196.0
14 4 190.0 72.0
33 32 80.0 177.0
3 16 160.0 152.0
14 25 26.0 114.0
15 25 53.0 188.0
2 17 188.0 14.0
14 23 147.0 105.0
11 32 114.0 127.0
13 14 141.0 104.0
11 5 68.0 21.0
1 34 187.0 180.0
32 5 196.0 166.0
30 9 154.0 49.0
7 9 104.0 94.0
1 17 42.0 3.0
1 16 63.0 156.0
15 11 33.0 156.0
8 6 185.0 53.0
3 13 88.0 172.0
17 21 199.0 36.0
4 30 18.0 105.0
24 25 187.0 74.0
12 16 52.0 29.0
25 26 147.0 67.0
13 6 148.0 132.0
25 12 111.0 133.0
7 14 52.0 0.0
19 15 193.0 3.0
19 12 175.0 163.0
9 4 60.0 114.0
1 9 131.0 64.0
9 24 133.0 78.0
13 25 115.0 81.0
2 21 119.0 178.0
12 8 20.0 171.0
30 13 193.0 165.0
18 3 144.0 120.0
4 11 135.0 157.0
14 9 65.0 66.0
24 21 67.0 150.0
13 8 6.0 134.0
17 22 174.0 125.0
2 33 162.0 146.0
11 16 58.0 107.0
6 3 108.0 154.0
24 8 94.0 196.0
8 33 94.0 111.0
5 16 169.0 161.0
19 17 196.0 127.0
12 9 156.0 123.0
7 20 75.0 71.0
2 25 124.0 85.0
27 14 19.0 33.0
22 12 188.0 66.0
18 10 154.0 82.0
32 28 37.0 124.0
18 4 108.0 186.0
8 11 60.0 17.0
27 7 111.0 87.0
2 20 24.0 36.0
17 4 115.0 44.0
19 4 93.0 55.0
18 2 31.0 0.0
17 5 32.0 68.0
22 2 135.0 140.0
15 4 94.0 196.0
12 10 64.0 5.0
3 24 172.0 40.0
6 1 64.0 87.0
7 16 138.0 110.0
7 13 19.0 169.0
13 32 65.0 51.0
31 7 159.0 1.0
24 6 51.0 5.0
25 32 192.0 67.0
18 7 19.0 116.0
4 13 42.0 83.0
21 1 32.0 180.0
26 16 193.0 52.0
14 20 135.0 59.0
11 13 5.0 46.0
17 8 97.0 8.0
30 26 19.0 42.0
12 13 182.0 190.0
9 10 163.0 25.0
26 28 179.0 196.0
7 8 198.0 124.0
20 8 55.0 85.0
32 22 12.0 12.0
15 6 150.0 110.0
26 7 85.0 170.0
33 5 176.0 68.0
14 6 110.0 92.0
29 25 61.0 41.0
23 3 191.0 59.0
3 17 152.0 198.0
33 27 115.0 165.0
27 24 133.0 66.0
30 11 193.0 171.0
23 30 39.0 122.0
31 3 190.0 149.0
10 16 190.0 52.0
19 7 160.0 133.0
29 27 140.0 65.0
9 17 29.0 7.0
20 16 188.0 162.0
34 6 114.0 133.0
1 28 112.0 105.0
3 4 27.0 103.0
6 19 7.0 17.0
21 3 82.0 168.0
23 1 129.0 22.0
9 16 72.0 158.0
25 1 21.0 12.0
27 30 83.0 87.0
32 31 78.0 195.0
31 9 98.0 106.0
30 6 176.0 105.0
20 5 165.0 58.0
25 4 25.0 95.0
5 15 22.0 49.0
31 12 37.0 195.0
15 9 16.0 120.0
15 8 128.0 94.0
19 9 123.0 178.0
8 18 158.0 99.0
12 29 72.0 124.0
13 15 110.0 49.0
31 14 7.0 84.0
33 29 23.0 196.0
18 5 45.0 39.0
24 29 53.0 125.0
27 19 66.0 129.0
17 13 49.0 25.0
22 3 33.0 73.0
5 14 48.0 95.0
15 29 86.0 7.0
23 26 78.0 110.0
4 16 111.0 75.0
18 30 74.0 116.0
23 2 197.0 92.0
21 10 164.0 198.0
5 24 42.0 150.0
5 23 169.0 43.0
6 23 189.0 55.0
15 16 181.0 20.0
5 19 54.0 92.0
9 20 57.0 80.0
14 11 80.0 6.0
4 24 13.0 197.0
22 6 24.0 7.0
15 7 122.0 193.0
4 20 11.0 111.0
6 21 185.0 192.0
5 22 131.0 39.0
13 33 4.0 141.0
26 6 87.0 37.0
25 11 133.0 52.0
34 15 29.0 157.0
28 3 115.0 103.0
21 4 117.0 126.0
25 3 181.0 102.0
7 34 58.0 65.0
6 5 58.0 62.0
18 20 162.0 146.0
30 7 122.0 95.0
29 14 25.0 104.0
11 18 106.0 140.0
1 30 177.0 23.0
17 18 150.0 158.0
26 10 32.0 160.0
4 22 143.0 43.0
29 26 63.0 57.0
5 25 54.0 138.0
11 20 65.0 79.0
26 18 128.0 123.0
8 21 32.0 105.0
31 30 43.0 134.0
17 7 76.0 28.0
10 17 95.0 171.0
28 4 55.0 110.0
4 29 42.0 109.0
31 15 196.0 59.0
5 26 54.0 124.0
18 13 154.0 87.0
6 18 139.0 150.0
16 8 137.0 168.0
3 27 61.0 184.0
11 21 53.0 116.0
28 5 137.0 95.0
27 4 182.0 85.0
2 29 172.0 189.0
9 25 139.0 78.0
26 19 69.0 78.0
21 9 55.0 6.0
16 14 58.0 68.0
18 28 132.0 111.0
25 8 137.0 21.0
23 9 155.0 120.0
23 18 11.0 79.0
5 27 138.0 150.0
11 17 193.0 160.0
26 11 69.0 0.0
32 30 98.0 127.0
23 33 177.0 182.0
3 30 14.0 114.0
12 20 131.0 121.0
19 11 184.0 94.0
8 31 97.0 75.0
13 34 107.0 90.0
17 16 14.0 128.0
21 18 174.0 64.0
21 13 146.0 151.0
29 28 112.0 112.0
7 32 51.0 195.0
8 23 97.0 188.0
18 12 166.0 195.0
28 6 155.0 73.0
2 31 96.0 170.0
21 12 159.0 70.0
20 28 83.0 105.0
30 22 43.0 147.0
27 28 141.0 94.0
33 3 174.0 190.0
28 24 147.0 140.0
26 9 159.0 103.0
19 14 81.0 56.0
3 26 92.0 40.0
30 2 91.0 127.0
1 2 172.0 134.0
7 25 58.0 65.0
5 29 160.0 184.0
28 7 72.0 60.0
24 7 113.0 32.0
2 32 103.0 194.0
32 3 18.0 148.0
20 32 53.0 61.0
16 19 24.0 26.0
21 16 191.0 35.0
34 26 45.0 103.0
31 22 138.0 69.0
13 22 122.0 51.0
15 18 164.0 26.0
27 1 172.0 134.0
6 25 56.0 25.0
8 22 119.0 80.0
11 23 194.0 110.0
13 23 183.0 191.0
25 10 160.0 73.0
31 5 160.0 82.0
21 19 11.0 76.0
6 31 188.0 183.0
34 2 150.0 44.0
25 21 107.0 69.0
33 1 31.0 101.0
1 31 75.0 166.0
11 24 172.0 187.0
22 15 190.0 84.0
8 30 69.0 153.0
24 19 129.0 9.0
27 11 108.0 31.0
18 14 177.0 167.0
22 14 131.0 160.0
27 10 172.0 158.0
17 20 185.0 96.0
3 34 2.0 127.0
19 18 168.0 71.0
16 22 64.0 98.0
21 14 71.0 125.0
21 7 167.0 48.0
29 7 179.0 98.0
28 13 157.0 103.0
29 9 123.0 142.0
14 26 130.0 125.0
8 34 69.0 99.0
18 34 171.0 133.0
17 29 13.0 194.0
28 10 168.0 180.0
15 24 195.0 100.0
12 28 147.0 152.0
24 14 192.0 70.0
10 30 16.0 123.0
26 13 182.0 85.0
22 19 1.0 105.0
15 23 36.0 166.0
30 28 49.0 156.0
23 16 122.0 44.0
15 21 175.0 69.0
21 20 109.0 168.0
29 13 191.0 77.0
21 22 140.0 173.0
32 1 17.0 93.0
8 29 70.0 5.0
34 11 193.0 71.0
28 16 38.0 115.0
9 33 57.0 166.0
4 23 169.0 118.0
34 9 98.0 160.0
17 25 98.0 190.0
25 19 44.0 115.0
20 13 6.0 67.0
20 22 109.0 199.0
10 31 69.0 100.0
15 28 181.0 79.0
24 16 33.0 103.0
32 10 110.0 131.0
34 10 16.0 160.0
27 9 52.0 61.0
25 18 136.0 58.0
33 10 72.0 197.0
30 14 79.0 94.0
10 29 19.0 60.0
26 20 171.0 52.0
16 31 32.0 34.0
21 26 13.0 48.0
23 21 123.0 17.0
30 15 160.0 11.0
29 1 162.0 32.0
31 13 126.0 41.0
27 17 126.0 145.0
16 29 148.0 49.0
32 14 142.0 132.0
17 30 52.0 107.0
20 27 87.0 128.0
19 20 37.0 47.0
32 8 159.0 151.0
19 29 114.0 37.0
29 18 62.0 40.0
21 28 170.0 162.0
26 33 59.0 64.0
33 11 173.0 111.0
21 27 150.0 60.0
19 23 31.0 139.0
28 17 2.0 190.0
16 32 128.0 116.0
34 17 198.0 142.0
28 19 179.0 168.0
22 26 130.0 38.0
25 27 106.0 55.0
29 20 24.0 57.0
18 32 20.0 7.0
20 33 121.0 22.0
34 5 43.0 49.0
30 24 101.0 42.0
32 15 104.0 32.0
23 28 6.0 187.0
30 20 169.0 113.0
22 29 142.0 145.0
26 24 5.0 162.0
19 30 32.0 79.0
32 19 179.0 75.0
9 32 25.0 33.0
21 32 131.0 82.0
28 14 116.0 137.0
23 31 30.0 37.0
15 33 91.0 172.0
22 33 141.0 48.0
31 28 4.0 173.0
25 31 32.0 183.0
25 33 54.0 10.0
19 31 178.0 185.0
24 20 80.0 46.0
34 33 49.0 62.0
19 2 7.0 140.0
1 13 146.0 148.0
24 34 76.0 150.0
27 34 96.0 109.0
33 30 192.0 150.0
32 6 28.0 122.0
29 34 190.0 60.0
34 30 124.0 192.0
31 29 32.0 131.0
27 32 94.0 178.0
31 33 179.0 170.0
34 14 171.0 27.0
22 34 113.0 163.0
17 33 130.0 93.0
1 5 160.0 72.0
12 30 139.0 84.0
7 22 174.0 123.0
29 30 153.0 68.0
25 16 98.0 85.0
33 19 21.0 70.0
12 32 58.0 86.0
31 26 28.0 140.0
22 27 67.0 189.0
25 20 82.0 158.0
23 27 89.0 57.0
21 29 19.0 43.0
34 23 91.0 69.0
31 34 34.0 64.0
0
