39 741 14 23 111267
19 33 122.0 56.0
39 22 49.0 84.0
4 6 110.0 149.0
32 34 30.0 107.0
31 34 23.0 97.0
4 35 118.0 15.0
34 14 43.0 140.0
7 19 103.0 160.0
12 1 61.0 177.0
22 34 108.0 110.0
1 22 101.0 18.0
16 38 39.0 131.0
33 12 67.0 14.0
7 37 42.0 186.0
12 7 165.0 37.0
26 19 161.0 20.0
19 11 132.0 23.0
5 6 198.0 40.0
28 2 175.0 100.0
39 29 149.0 14.0
1 34 60.0 169.0
32 12 174.0 55.0
6 3 106.0 91.0
27 31 7.0 68.0
2 27 25.0 139.0
32 17 177.0 176.0
18 20 29.0 153.0
9 18 128.0 130.0
13 33 62.0 140.0
33 35 192.0 188.0
4 34 82.0 98.0
25 11 109.0 41.0
37 26 42.0 135.0
3 26 158.0 19.0
6 28 102.0 139.0
35 31 144.0 182.0
25 12 127.0 158.0
35 25 110.0 119.0
19 28 177.0 144.0
38 30 2.0 86.0
1 5 135.0 44.0
20 30 127.0 45.0
8 9 32.0 182.0
29 34 175.0 128.0
34 27 110.0 54.0
12 16 17.0 172.0
32 23 136.0 146.0
13 9 126.0 138.0
3 35 195.0 13.0
15 6 138.0 74.0
3 30 153.0 122.0
25 39 12.0 80.0
8 2 128.0 122.0
7 15 157.0 97.0
26 34 171.0 45.0
31 38 187.0 49.0
33 4 20.0 134.0
37 30 125.0 110.0
9 19 190.0 30.0
7 14 130.0 3.0
5 27 59.0 58.0
30 29 88.0 168.0
23 3 181.0 11.0
7 4 172.0 120.0
27 29 108.0 144.0
8 26 185.0 185.0
5 22 130.0 176.0
24 28 77.0 60.0
4 28 29.0 88.0
17 24 83.0 69.0
15 30 123.0 16.0
24 25 176.0 95.0
2 4 63.0 85.0
31 14 190.0 49.0
35 13 117.0 72.0
1 6 12.0 194.0
33 22 86.0 193.0
7 6 112.0 169.0
4 16 45.0 35.0
30 1 169.0 22.0
34 17 120.0 33.0
30 17 168.0 62.0
29 13 167.0 85.0
5 3 126.0 131.0
17 36 157.0 164.0
38 14 44.0 69.0
13 2 145.0 89.0
23 10 59.0 115.0
15 3 4.0 131.0
8 36 145.0 124.0
37 19 50.0 64.0
25 23 60.0 128.0
8 20 20.0 17.0
33 23 98.0 64.0
4 9 80.0 43.0
28 8 196.0 139.0
10 3 192.0 152.0
10 5 96.0 89.0
13 15 135.0 98.0
38 11 77.0 147.0
9 5 97.0 50.0
4 8 48.0 147.0
12 2 94.0 128.0
39 17 111.0 42.0
8 3 59.0 56.0
14 5 115.0 107.0
9 26 104.0 50.0
25 8 101.0 181.0
6 9 19.0 150.0
25 28 22.0 67.0
9 31 93.0 68.0
37 1 9.0 156.0
20 25 134.0 68.0
19 36 113.0 50.0
22 27 115.0 17.0
24 39 19.0 169.0
29 15 184.0 39.0
4 25 161.0 6.0
6 8 173.0 54.0
8 18 98.0 182.0
32 35 37.0 32.0
31 24 63.0 150.0
1 14 193.0 130.0
13 8 3.0 12.0
3 11 44.0 187.0
9 22 68.0 5.0
18 39 62.0 41.0
17 11 148.0 160.0
6 18 109.0 185.0
30 39 170.0 124.0
1 8 76.0 115.0
5 26 181.0 31.0
4 5 97.0 177.0
19 5 42.0 117.0
4 23 166.0 104.0
15 2 64.0 115.0
11 6 45.0 173.0
7 9 98.0 168.0
21 35 162.0 126.0
21 12 151.0 95.0
13 3 150.0 0.0
23 21 199.0 144.0
32 21 114.0 117.0
10 18 83.0 179.0
10 28 129.0 129.0
2 6 106.0 179.0
7 17 0.0 20.0
28 35 49.0 103.0
8 5 145.0 151.0
17 6 2.0 144.0
26 33 65.0 116.0
5 7 35.0 148.0
5 25 2.0 116.0
12 4 163.0 60.0
13 11 169.0 115.0
3 4 134.0 170.0
11 8 47.0 79.0
13 25 64.0 1.0
18 38 138.0 81.0
15 8 117.0 125.0
22 25 41.0 71.0
22 28 42.0 156.0
3 14 158.0 164.0
32 9 67.0 44.0
17 3 24.0 66.0
16 34 190.0 40.0
32 24 53.0 81.0
32 27 18.0 122.0
1 9 89.0 11.0
31 30 191.0 83.0
11 2 185.0 149.0
16 37 94.0 52.0
11 7 22.0 118.0
12 22 25.0 165.0
6 37 191.0 31.0
24 30 4.0 161.0
1 15 79.0 93.0
5 13 36.0 71.0
9 3 14.0 21.0
11 21 90.0 108.0
38 32 184.0 65.0
3 39 178.0 162.0
3 12 32.0 122.0
26 39 101.0 37.0
13 7 53.0 133.0
27 20 92.0 90.0
1 18 198.0 58.0
17 31 136.0 41.0
11 5 92.0 73.0
9 11 68.0 70.0
7 21 30.0 52.0
10 19 188.0 84.0
5 18 87.0 42.0
14 6 5.0 131.0
16 2 140.0 156.0
22 17 159.0 77.0
26 14 95.0 3.0
2 9 117.0 163.0
15 12 46.0 99.0
20 12 133.0 34.0
18 13 29.0 20.0
31 26 164.0 35.0
6 20 155.0 104.0
36 7 147.0 66.0
1 16 20.0 42.0
25 26 112.0 89.0
26 28 133.0 158.0
28 30 29.0 66.0
12 6 190.0 58.0
1 10 37.0 154.0
10 7 80.0 192.0
14 2 27.0 27.0
1 38 173.0 48.0
13 14 55.0 38.0
30 25 3.0 188.0
11 1 19.0 32.0
10 8 37.0 9.0
4 15 76.0 74.0
3 7 117.0 109.0
2 18 107.0 97.0
19 21 40.0 32.0
10 11 65.0 95.0
14 4 16.0 68.0
2 17 137.0 35.0
13 1 30.0 126.0
38 5 189.0 59.0
2 30 198.0 58.0
10 12 166.0 57.0
32 2 39.0 159.0
8 14 35.0 56.0
39 10 85.0 51.0
15 9 70.0 174.0
2 25 51.0 101.0
18 37 22.0 192.0
21 1 136.0 172.0
11 36 10.0 55.0
5 16 39.0 1.0
37 13 15.0 74.0
13 4 61.0 52.0
10 33 8.0 132.0
7 38 132.0 11.0
35 22 177.0 106.0
20 7 11.0 113.0
13 6 187.0 22.0
25 34 107.0 26.0
36 30 118.0 122.0
32 1 150.0 132.0
33 37 185.0 110.0
35 19 146.0 69.0
29 23 130.0 123.0
20 3 123.0 93.0
6 16 43.0 110.0
11 20 28.0 150.0
10 27 71.0 98.0
28 11 56.0 174.0
1 20 47.0 193.0
12 11 186.0 145.0
20 2 100.0 116.0
24 23 70.0 23.0
38 21 72.0 113.0
29 10 164.0 52.0
25 6 143.0 188.0
4 17 132.0 0.0
9 38 60.0 131.0
17 26 198.0 47.0
2 5 10.0 98.0
23 19 107.0 80.0
5 15 183.0 131.0
10 9 2.0 99.0
17 10 172.0 146.0
8 19 104.0 104.0
17 38 51.0 164.0
13 27 66.0 49.0
14 9 156.0 77.0
26 15 86.0 63.0
9 29 17.0 69.0
10 2 170.0 20.0
21 36 161.0 142.0
6 10 59.0 17.0
2 3 4.0 111.0
19 30 24.0 70.0
37 28 90.0 181.0
32 5 16.0 176.0
33 15 26.0 34.0
2 21 78.0 196.0
9 12 188.0 191.0
28 12 181.0 47.0
13 10 88.0 185.0
25 19 187.0 113.0
3 16 68.0 78.0
3 21 186.0 36.0
6 29 74.0 12.0
36 31 0.0 152.0
2 7 46.0 140.0
15 27 199.0 27.0
21 29 73.0 88.0
36 35 30.0 13.0
8 22 89.0 50.0
1 19 53.0 75.0
16 7 186.0 127.0
14 11 5.0 186.0
9 16 183.0 51.0
4 18 69.0 183.0
35 20 165.0 143.0
1 17 175.0 196.0
4 19 48.0 64.0
1 24 195.0 54.0
28 31 133.0 181.0
20 9 44.0 138.0
4 22 17.0 27.0
19 6 165.0 39.0
8 7 113.0 130.0
3 18 193.0 88.0
16 31 162.0 193.0
3 19 129.0 157.0
12 13 98.0 62.0
38 19 160.0 142.0
25 1 112.0 130.0
21 4 173.0 29.0
24 3 97.0 87.0
9 17 67.0 90.0
15 10 29.0 29.0
23 5 64.0 158.0
19 2 87.0 162.0
22 3 65.0 0.0
2 23 13.0 129.0
8 12 106.0 187.0
11 16 60.0 3.0
11 18 34.0 127.0
28 1 11.0 15.0
17 19 173.0 27.0
12 5 119.0 12.0
22 38 175.0 136.0
8 16 145.0 140.0
19 32 94.0 3.0
39 28 107.0 154.0
7 18 132.0 93.0
26 2 37.0 95.0
24 10 181.0 10.0
1 29 62.0 52.0
16 17 82.0 37.0
23 1 31.0 179.0
22 7 162.0 125.0
31 39 145.0 69.0
10 16 159.0 77.0
24 4 9.0 197.0
29 12 64.0 142.0
17 5 170.0 126.0
11 15 141.0 52.0
10 25 53.0 172.0
28 15 108.0 16.0
1 7 99.0 5.0
5 39 127.0 59.0
1 26 158.0 136.0
12 14 198.0 22.0
12 34 112.0 168.0
6 24 163.0 54.0
12 24 122.0 17.0
27 23 110.0 182.0
21 6 126.0 10.0
4 20 179.0 5.0
10 14 196.0 89.0
9 27 102.0 194.0
5 20 130.0 15.0
14 17 90.0 94.0
4 10 76.0 164.0
1 27 174.0 186.0
4 36 106.0 53.0
30 14 150.0 37.0
10 37 29.0 147.0
29 2 154.0 84.0
24 5 142.0 84.0
21 5 167.0 184.0
27 4 145.0 195.0
33 30 131.0 120.0
19 12 4.0 37.0
26 6 40.0 106.0
26 4 144.0 21.0
35 16 107.0 98.0
17 37 76.0 1.0
1 31 11.0 196.0
19 13 85.0 156.0
21 20 8.0 16.0
25 3 137.0 12.0
23 7 139.0 129.0
28 20 23.0 83.0
15 17 12.0 82.0
5 33 134.0 89.0
21 27 60.0 145.0
8 17 154.0 145.0
23 37 36.0 162.0
3 29 56.0 125.0
15 18 120.0 195.0
23 8 12.0 143.0
21 8 186.0 25.0
17 12 34.0 120.0
28 3 131.0 94.0
14 15 106.0 85.0
37 12 176.0 142.0
31 12 170.0 33.0
7 26 78.0 90.0
21 10 128.0 42.0
10 22 176.0 66.0
20 33 188.0 11.0
11 22 181.0 72.0
24 7 2.0 87.0
9 21 82.0 178.0
36 15 75.0 52.0
5 28 107.0 153.0
2 38 44.0 188.0
6 23 52.0 21.0
31 4 150.0 41.0
12 18 186.0 83.0
32 16 83.0 140.0
29 18 106.0 166.0
5 29 130.0 181.0
16 13 194.0 190.0
30 5 49.0 191.0
32 31 130.0 101.0
23 13 85.0 32.0
15 37 86.0 24.0
2 24 144.0 169.0
26 13 174.0 50.0
6 33 123.0 56.0
29 4 152.0 70.0
18 16 161.0 153.0
14 18 21.0 91.0
14 19 13.0 106.0
33 14 30.0 99.0
32 3 186.0 126.0
24 8 166.0 112.0
38 26 31.0 41.0
2 31 144.0 184.0
27 6 101.0 57.0
14 35 198.0 74.0
20 15 167.0 11.0
26 30 14.0 149.0
22 21 190.0 153.0
26 11 118.0 108.0
22 13 154.0 149.0
2 33 194.0 50.0
20 13 119.0 47.0
32 4 86.0 117.0
21 15 70.0 5.0
20 38 25.0 85.0
19 15 140.0 15.0
25 9 194.0 58.0
14 21 95.0 100.0
19 16 68.0 89.0
20 16 72.0 139.0
39 36 66.0 158.0
27 8 32.0 136.0
4 11 6.0 57.0
12 23 123.0 146.0
7 29 30.0 117.0
35 1 8.0 126.0
24 9 184.0 76.0
11 23 67.0 56.0
37 35 66.0 85.0
12 26 105.0 50.0
36 1 63.0 63.0
22 6 136.0 138.0
33 3 81.0 167.0
24 11 47.0 89.0
18 17 21.0 31.0
4 30 63.0 40.0
3 27 40.0 81.0
20 14 151.0 145.0
18 27 27.0 14.0
32 6 88.0 164.0
21 13 135.0 169.0
9 39 44.0 134.0
15 16 14.0 17.0
5 31 114.0 29.0
38 8 140.0 154.0
27 7 186.0 91.0
35 7 135.0 14.0
25 7 74.0 175.0
1 33 93.0 9.0
37 2 83.0 89.0
10 26 122.0 97.0
34 3 157.0 188.0
39 35 185.0 97.0
4 1 110.0 171.0
34 5 161.0 197.0
24 15 80.0 35.0
37 29 174.0 125.0
30 35 58.0 57.0
30 8 191.0 132.0
14 24 176.0 148.0
35 2 111.0 113.0
38 15 136.0 173.0
30 6 41.0 97.0
17 20 114.0 122.0
8 32 125.0 89.0
27 35 136.0 135.0
18 31 95.0 79.0
13 24 105.0 23.0
32 7 66.0 168.0
32 11 147.0 2.0
18 21 63.0 188.0
22 14 15.0 177.0
27 38 76.0 140.0
15 22 26.0 165.0
39 1 185.0 122.0
37 27 104.0 42.0
14 23 159.0 170.0
34 6 25.0 106.0
5 35 110.0 88.0
30 12 123.0 78.0
18 19 105.0 151.0
23 28 44.0 84.0
2 22 89.0 182.0
3 37 89.0 193.0
29 8 148.0 48.0
30 9 16.0 174.0
36 3 166.0 78.0
37 22 21.0 41.0
24 16 77.0 126.0
3 38 22.0 73.0
3 31 176.0 63.0
39 33 171.0 17.0
36 2 117.0 120.0
10 36 181.0 85.0
22 16 93.0 147.0
38 6 103.0 114.0
20 32 194.0 132.0
31 8 27.0 168.0
33 7 93.0 155.0
17 21 68.0 16.0
17 23 19.0 185.0
11 27 43.0 1.0
10 35 9.0 88.0
21 16 174.0 112.0
36 5 5.0 120.0
11 29 63.0 185.0
38 28 14.0 108.0
33 29 8.0 82.0
16 39 195.0 28.0
18 22 75.0 190.0
34 8 122.0 84.0
33 8 83.0 48.0
10 30 195.0 40.0
14 27 31.0 10.0
15 34 31.0 46.0
6 31 56.0 192.0
36 25 37.0 3.0
34 7 82.0 64.0
7 31 9.0 5.0
19 29 195.0 92.0
33 9 134.0 143.0
7 28 28.0 166.0
17 25 19.0 11.0
36 6 40.0 27.0
36 20 128.0 30.0
14 25 49.0 11.0
14 28 197.0 58.0
25 15 147.0 193.0
2 1 96.0 82.0
35 6 17.0 124.0
37 4 56.0 36.0
34 2 67.0 49.0
10 32 70.0 195.0
2 39 25.0 119.0
13 17 52.0 22.0
20 22 18.0 151.0
5 37 49.0 66.0
9 28 149.0 18.0
16 23 170.0 158.0
4 39 116.0 189.0
13 28 67.0 139.0
24 19 126.0 92.0
12 36 171.0 178.0
38 4 42.0 189.0
30 11 100.0 91.0
39 32 30.0 2.0
23 39 139.0 0.0
9 34 61.0 7.0
29 38 126.0 128.0
24 20 49.0 52.0
19 22 26.0 20.0
23 20 179.0 68.0
18 25 121.0 31.0
13 32 41.0 151.0
17 28 16.0 180.0
19 39 76.0 77.0
27 17 147.0 155.0
35 9 123.0 196.0
11 33 6.0 101.0
35 11 5.0 137.0
29 14 6.0 126.0
16 28 3.0 48.0
8 35 178.0 172.0
26 18 111.0 6.0
24 18 194.0 58.0
22 26 167.0 69.0
25 21 11.0 173.0
19 20 126.0 16.0
31 15 40.0 133.0
16 27 103.0 44.0
30 34 138.0 33.0
39 7 129.0 49.0
27 19 178.0 75.0
14 37 194.0 145.0
16 29 9.0 157.0
30 7 67.0 135.0
11 34 190.0 59.0
33 34 171.0 94.0
8 37 193.0 109.0
30 13 177.0 74.0
33 16 84.0 107.0
39 8 162.0 30.0
36 9 160.0 171.0
39 34 181.0 179.0
23 18 137.0 171.0
29 17 21.0 60.0
34 13 72.0 14.0
12 35 48.0 1.0
26 16 36.0 84.0
24 38 141.0 151.0
31 11 168.0 53.0
29 20 117.0 101.0
18 28 21.0 6.0
39 11 43.0 194.0
21 30 170.0 116.0
37 9 143.0 170.0
37 11 44.0 132.0
27 12 81.0 186.0
26 21 195.0 49.0
15 32 199.0 112.0
10 34 122.0 172.0
29 22 27.0 166.0
26 20 129.0 149.0
28 21 82.0 24.0
32 14 104.0 126.0
18 32 101.0 137.0
16 30 80.0 96.0
22 31 18.0 79.0
17 33 118.0 140.0
38 10 97.0 97.0
30 22 196.0 178.0
35 15 100.0 78.0
31 19 54.0 156.0
35 18 125.0 107.0
12 38 123.0 5.0
31 20 145.0 93.0
33 18 8.0 63.0
26 23 40.0 57.0
14 39 132.0 36.0
24 29 5.0 32.0
39 13 44.0 11.0
16 36 67.0 121.0
31 25 38.0 142.0
36 14 153.0 183.0
38 13 169.0 113.0
22 23 126.0 9.0
10 31 4.0 58.0
39 6 191.0 161.0
33 25 169.0 187.0
15 39 118.0 188.0
24 27 52.0 156.0
33 24 43.0 5.0
20 34 58.0 164.0
13 36 56.0 184.0
19 34 92.0 13.0
23 30 171.0 84.0
32 25 143.0 92.0
27 28 70.0 62.0
32 22 34.0 123.0
28 29 9.0 77.0
25 29 97.0 68.0
33 27 44.0 106.0
34 23 187.0 136.0
23 36 145.0 110.0
22 24 80.0 88.0
21 34 150.0 150.0
35 23 191.0 184.0
21 31 161.0 1.0
37 21 176.0 59.0
36 22 176.0 20.0
18 34 81.0 116.0
32 26 77.0 178.0
39 21 168.0 157.0
39 38 98.0 118.0
20 10 95.0 90.0
25 37 173.0 56.0
18 30 89.0 101.0
14 16 172.0 66.0
37 20 62.0 6.0
38 23 93.0 91.0
35 24 77.0 13.0
36 18 97.0 127.0
25 27 56.0 144.0
27 39 124.0 29.0
37 31 4.0 166.0
29 32 136.0 129.0
26 36 78.0 199.0
31 13 75.0 172.0
26 29 55.0 104.0
24 26 8.0 104.0
24 34 61.0 64.0
17 35 20.0 138.0
36 27 130.0 177.0
34 28 54.0 67.0
33 38 112.0 84.0
24 37 7.0 139.0
29 35 15.0 14.0
26 35 28.0 24.0
36 24 71.0 89.0
32 37 61.0 43.0
35 38 171.0 144.0
9 23 71.0 25.0
28 33 145.0 136.0
12 39 64.0 153.0
36 38 98.0 80.0
37 34 108.0 126.0
20 39 78.0 131.0
36 32 30.0 140.0
28 36 178.0 154.0
21 24 132.0 1.0
31 33 112.0 77.0
3 1 84.0 176.0
33 32 188.0 134.0
37 39 57.0 48.0
15 23 78.0 135.0
30 32 6.0 61.0
34 36 110.0 136.0
33 36 140.0 42.0
30 27 40.0 52.0
16 25 4.0 76.0
38 37 53.0 144.0
32 28 154.0 62.0
36 29 184.0 32.0
36 37 41.0 142.0
31 29 159.0 103.0
34 35 44.0 99.0
34 38 24.0 85.0
23 31 24.0 181.0
21 33 146.0 78.0
25 38 147.0 100.0
27 26 20.0 83.0
0
