37 666 35 36 10502
5 20 154.0 0.0
4 24 25.0 20.0
30 10 134.0 155.0
3 16 25.0 88.0
34 13 152.0 175.0
17 29 77.0 189.0
6 19 46.0 15.0
27 3 22.0 129.0
22 24 93.0 128.0
10 15 154.0 70.0
25 3 54.0 41.0
18 35 26.0 31.0
26 31 25.0 131.0
37 1 108.0 54.0
19 11 46.0 154.0
28 34 20.0 20.0
36 4 48.0 114.0
18 23 80.0 155.0
25 6 100.0 86.0
18 32 168.0 79.0
6 2 28.0 145.0
16 7 95.0 88.0
32 26 4.0 141.0
23 7 147.0 25.0
10 19 112.0 147.0
4 23 38.0 193.0
6 11 80.0 90.0
21 30 24.0 48.0
23 17 13.0 5.0
3 1 166.0 108.0
5 24 166.0 170.0
30 6 131.0 65.0
24 8 114.0 43.0
31 23 21.0 104.0
12 15 169.0 101.0
8 29 95.0 145.0
23 34 193.0 61.0
13 35 84.0 111.0
36 28 191.0 2.0
33 23 172.0 74.0
10 1 2.0 38.0
28 14 126.0 176.0
2 11 52.0 47.0
5 6 131.0 100.0
2 7 91.0 77.0
8 2 110.0 175.0
13 6 156.0 53.0
28 30 132.0 128.0
13 23 104.0 86.0
36 20 196.0 183.0
34 30 127.0 1.0
35 30 119.0 59.0
36 33 152.0 10.0
18 29 51.0 62.0
34 5 16.0 7.0
6 8 146.0 100.0
15 6 113.0 50.0
7 3 197.0 61.0
31 18 143.0 124.0
10 20 33.0 62.0
15 4 52.0 138.0
32 21 182.0 55.0
3 28 168.0 150.0
1 13 154.0 114.0
14 4 142.0 19.0
4 3 22.0 139.0
21 23 114.0 166.0
21 37 126.0 100.0
9 3 72.0 178.0
16 19 11.0 55.0
24 18 148.0 131.0
11 10 149.0 54.0
13 4 169.0 91.0
7 19 105.0 192.0
4 8 148.0 171.0
7 12 0.0 75.0
7 37 52.0 72.0
34 2 38.0 15.0
20 28 45.0 139.0
14 1 107.0 146.0
25 4 181.0 77.0
22 26 16.0 38.0
33 9 173.0 117.0
36 34 94.0 173.0
11 26 188.0 146.0
27 8 114.0 179.0
36 31 52.0 111.0
29 24 138.0 112.0
5 16 17.0 119.0
8 1 45.0 186.0
1 4 152.0 18.0
15 27 44.0 46.0
15 8 19.0 185.0
15 22 166.0 86.0
12 1 49.0 171.0
8 36 53.0 188.0
14 16 138.0 23.0
1 9 136.0 183.0
33 15 111.0 40.0
2 9 191.0 107.0
30 36 90.0 11.0
3 8 42.0 8.0
10 9 53.0 92.0
22 25 190.0 59.0
18 37 108.0 128.0
2 10 155.0 44.0
11 3 114.0 18.0
31 7 106.0 106.0
21 20 178.0 196.0
24 14 116.0 21.0
14 2 151.0 170.0
20 34 84.0 141.0
8 5 154.0 193.0
32 27 150.0 61.0
35 5 101.0 17.0
26 9 78.0 7.0
28 7 14.0 57.0
35 27 1.0 130.0
3 5 40.0 152.0
18 8 96.0 124.0
26 20 153.0 2.0
25 1 189.0 56.0
20 2 3.0 90.0
10 25 44.0 81.0
9 29 70.0 10.0
18 22 63.0 72.0
5 9 178.0 103.0
35 8 42.0 27.0
5 21 12.0 196.0
37 12 91.0 153.0
28 25 177.0 94.0
13 8 2.0 21.0
36 12 139.0 25.0
11 22 68.0 2.0
12 8 48.0 199.0
30 26 191.0 42.0
2 5 4.0 156.0
27 24 71.0 96.0
12 17 102.0 48.0
24 15 89.0 56.0
4 26 128.0 28.0
25 19 156.0 148.0
4 5 182.0 4.0
30 19 37.0 126.0
12 4 31.0 41.0
9 7 152.0 103.0
1 11 102.0 6.0
20 9 129.0 143.0
12 3 27.0 9.0
37 24 98.0 183.0
2 15 87.0 33.0
11 21 126.0 124.0
24 31 40.0 110.0
17 1 39.0 145.0
10 37 145.0 93.0
23 26 15.0 75.0
6 22 66.0 42.0
8 25 4.0 165.0
32 36 157.0 43.0
34 4 6.0 84.0
34 37 91.0 198.0
3 6 179.0 82.0
5 11 117.0 125.0
1 6 125.0 132.0
27 1 135.0 192.0
3 33 123.0 139.0
31 30 120.0 81.0
33 22 137.0 78.0
36 18 22.0 29.0
26 21 123.0 1.0
33 7 156.0 40.0
4 9 19.0 34.0
13 3 59.0 154.0
37 17 98.0 134.0
9 16 32.0 170.0
15 35 147.0 169.0
5 14 0.0 121.0
19 2 5.0 123.0
4 11 184.0 114.0
31 4 44.0 3.0
12 2 13.0 103.0
6 4 85.0 63.0
34 3 42.0 117.0
15 34 109.0 189.0
32 10 155.0 62.0
7 5 91.0 112.0
24 6 46.0 27.0
24 13 52.0 91.0
17 2 197.0 17.0
10 6 94.0 34.0
1 16 98.0 136.0
26 27 83.0 8.0
36 2 78.0 38.0
7 1 165.0 122.0
27 19 55.0 11.0
32 8 175.0 108.0
37 36 137.0 173.0
5 22 23.0 31.0
29 33 109.0 122.0
23 11 89.0 192.0
12 31 15.0 120.0
36 27 13.0 180.0
12 6 75.0 69.0
14 37 47.0 51.0
17 3 164.0 185.0
15 5 102.0 188.0
7 14 37.0 11.0
7 6 0.0 126.0
35 16 22.0 15.0
20 31 32.0 35.0
22 29 186.0 59.0
6 34 192.0 34.0
26 18 126.0 108.0
17 11 27.0 28.0
21 6 54.0 64.0
10 16 85.0 6.0
11 9 30.0 107.0
13 10 62.0 14.0
5 10 184.0 0.0
7 10 174.0 176.0
2 16 97.0 52.0
33 27 44.0 124.0
11 7 20.0 50.0
4 17 25.0 105.0
10 8 153.0 7.0
25 30 154.0 15.0
4 10 135.0 138.0
29 28 159.0 61.0
35 25 37.0 56.0
29 34 20.0 81.0
31 22 110.0 40.0
17 31 124.0 87.0
8 23 17.0 77.0
15 28 19.0 123.0
8 9 13.0 106.0
21 10 33.0 125.0
12 9 133.0 22.0
5 27 92.0 105.0
26 29 33.0 154.0
15 7 106.0 157.0
14 10 13.0 75.0
3 14 193.0 185.0
1 35 94.0 159.0
21 1 101.0 79.0
30 18 36.0 186.0
22 8 97.0 80.0
37 13 136.0 130.0
19 26 22.0 42.0
5 12 111.0 35.0
30 23 82.0 57.0
20 3 179.0 176.0
36 6 173.0 81.0
17 5 66.0 161.0
7 13 52.0 115.0
3 24 10.0 188.0
12 25 167.0 184.0
2 13 122.0 78.0
16 6 160.0 4.0
24 21 107.0 91.0
9 13 199.0 33.0
17 30 55.0 17.0
3 10 17.0 107.0
19 4 120.0 27.0
15 3 83.0 39.0
19 5 79.0 157.0
29 37 61.0 191.0
18 2 136.0 168.0
18 6 151.0 136.0
2 21 136.0 6.0
5 28 121.0 154.0
7 36 143.0 42.0
1 15 32.0 178.0
16 8 109.0 63.0
11 8 199.0 122.0
1 20 95.0 135.0
11 13 144.0 46.0
3 18 119.0 80.0
22 3 182.0 41.0
19 15 17.0 77.0
7 17 172.0 1.0
1 29 97.0 33.0
16 18 110.0 96.0
32 16 193.0 158.0
10 31 88.0 89.0
1 19 30.0 7.0
23 1 76.0 164.0
18 7 56.0 93.0
12 13 192.0 180.0
37 9 132.0 89.0
18 1 117.0 195.0
14 12 128.0 63.0
27 20 22.0 168.0
21 4 31.0 53.0
32 6 115.0 59.0
20 6 60.0 171.0
14 32 110.0 4.0
14 9 188.0 42.0
7 8 104.0 106.0
10 12 52.0 32.0
20 15 100.0 26.0
24 2 8.0 131.0
8 34 12.0 123.0
24 1 95.0 72.0
17 13 19.0 5.0
14 6 58.0 7.0
3 23 131.0 162.0
17 6 12.0 135.0
2 3 27.0 112.0
19 14 194.0 35.0
25 17 33.0 6.0
20 7 60.0 128.0
22 2 181.0 31.0
30 4 25.0 191.0
17 10 195.0 157.0
34 12 48.0 159.0
18 4 152.0 28.0
26 1 155.0 146.0
7 22 36.0 188.0
15 17 42.0 49.0
35 19 190.0 176.0
22 21 32.0 15.0
21 3 174.0 27.0
28 37 175.0 23.0
37 32 179.0 127.0
23 2 97.0 86.0
8 14 114.0 85.0
27 18 1.0 109.0
37 11 142.0 191.0
9 34 30.0 174.0
3 19 52.0 4.0
1 36 52.0 179.0
30 13 153.0 183.0
18 33 16.0 50.0
5 13 96.0 82.0
23 28 93.0 49.0
18 5 89.0 35.0
9 35 34.0 119.0
1 22 159.0 38.0
21 8 189.0 163.0
33 34 161.0 142.0
11 18 122.0 129.0
12 16 54.0 18.0
20 11 88.0 147.0
22 13 11.0 177.0
19 8 116.0 197.0
4 28 130.0 27.0
27 22 81.0 120.0
33 1 162.0 195.0
15 9 39.0 84.0
31 34 196.0 45.0
9 6 135.0 84.0
28 27 127.0 99.0
23 6 136.0 43.0
15 14 41.0 19.0
22 4 6.0 74.0
20 4 64.0 168.0
13 14 138.0 55.0
30 12 87.0 86.0
9 19 75.0 22.0
16 11 148.0 2.0
29 5 158.0 85.0
29 14 183.0 199.0
22 19 52.0 189.0
13 16 97.0 69.0
14 18 79.0 35.0
25 5 173.0 166.0
2 26 132.0 48.0
25 32 88.0 80.0
36 35 170.0 46.0
11 15 120.0 106.0
9 21 21.0 125.0
7 24 176.0 118.0
9 22 47.0 7.0
27 4 24.0 173.0
25 2 32.0 156.0
2 1 127.0 120.0
5 23 32.0 98.0
28 32 137.0 104.0
3 35 161.0 159.0
19 13 94.0 89.0
14 17 163.0 93.0
5 26 88.0 140.0
24 9 168.0 120.0
13 18 48.0 95.0
36 9 121.0 80.0
11 12 105.0 11.0
19 37 141.0 18.0
7 34 135.0 187.0
31 1 179.0 98.0
34 16 43.0 67.0
9 23 76.0 11.0
30 32 139.0 76.0
32 1 10.0 12.0
20 14 11.0 115.0
29 3 97.0 152.0
28 1 101.0 32.0
27 31 72.0 80.0
25 34 160.0 116.0
19 28 172.0 188.0
37 5 47.0 63.0
7 21 18.0 57.0
19 34 100.0 29.0
4 32 105.0 197.0
27 2 95.0 158.0
16 15 185.0 119.0
30 3 33.0 97.0
29 2 109.0 5.0
27 6 28.0 108.0
26 34 3.0 46.0
8 26 2.0 55.0
25 7 84.0 60.0
7 27 98.0 131.0
18 12 155.0 35.0
30 5 9.0 188.0
2 28 24.0 118.0
12 20 166.0 4.0
19 12 138.0 121.0
13 20 41.0 92.0
23 10 16.0 77.0
13 15 188.0 67.0
2 37 48.0 143.0
36 24 157.0 9.0
18 9 148.0 181.0
10 24 51.0 114.0
26 7 172.0 189.0
19 23 195.0 13.0
6 28 13.0 11.0
30 1 108.0 153.0
15 18 168.0 109.0
17 9 161.0 125.0
12 22 105.0 109.0
32 13 137.0 109.0
16 20 177.0 109.0
21 31 23.0 172.0
24 11 166.0 188.0
15 21 99.0 75.0
30 2 170.0 19.0
6 29 53.0 84.0
29 4 103.0 110.0
33 12 133.0 40.0
12 23 106.0 110.0
22 10 45.0 81.0
14 11 136.0 11.0
12 24 2.0 187.0
26 28 29.0 125.0
36 16 56.0 82.0
21 16 124.0 159.0
25 11 138.0 57.0
14 21 182.0 196.0
32 2 124.0 27.0
3 32 64.0 60.0
3 36 52.0 66.0
1 34 107.0 33.0
2 33 107.0 116.0
2 31 127.0 183.0
28 8 185.0 65.0
6 26 115.0 168.0
19 18 144.0 39.0
31 5 168.0 8.0
17 18 57.0 172.0
36 17 122.0 116.0
27 21 83.0 181.0
19 24 191.0 11.0
32 20 117.0 177.0
20 8 86.0 184.0
2 35 135.0 182.0
31 3 79.0 103.0
33 25 139.0 88.0
7 29 104.0 13.0
30 7 1.0 187.0
9 27 116.0 193.0
14 22 21.0 34.0
23 32 63.0 60.0
20 17 174.0 198.0
10 27 154.0 6.0
13 21 112.0 45.0
5 33 193.0 16.0
5 32 165.0 194.0
23 15 85.0 81.0
9 25 176.0 59.0
30 8 184.0 192.0
13 25 146.0 159.0
28 10 76.0 100.0
22 30 15.0 189.0
28 9 161.0 8.0
12 26 172.0 126.0
27 37 3.0 9.0
3 26 113.0 132.0
32 17 149.0 50.0
17 8 62.0 47.0
14 23 89.0 139.0
21 17 153.0 104.0
33 6 55.0 115.0
23 16 113.0 27.0
20 18 77.0 68.0
37 25 44.0 142.0
28 11 143.0 145.0
27 12 31.0 5.0
22 17 42.0 73.0
30 9 118.0 148.0
22 16 165.0 173.0
21 18 58.0 30.0
36 23 197.0 87.0
14 26 127.0 194.0
7 32 79.0 70.0
14 27 33.0 111.0
28 24 101.0 76.0
33 4 107.0 171.0
10 18 47.0 24.0
29 12 140.0 57.0
16 27 4.0 90.0
35 6 100.0 131.0
10 29 116.0 131.0
24 16 154.0 149.0
36 5 44.0 7.0
16 26 144.0 103.0
31 8 26.0 144.0
11 27 135.0 119.0
6 31 176.0 91.0
24 17 76.0 76.0
25 15 159.0 144.0
13 26 132.0 65.0
33 8 129.0 176.0
7 35 182.0 25.0
16 25 142.0 8.0
9 32 173.0 78.0
31 11 37.0 149.0
29 11 73.0 66.0
20 23 90.0 184.0
7 4 32.0 23.0
4 37 30.0 161.0
30 11 143.0 12.0
19 20 183.0 86.0
37 6 141.0 108.0
13 29 134.0 130.0
18 25 122.0 159.0
17 27 15.0 13.0
24 20 21.0 47.0
10 33 123.0 51.0
17 26 159.0 66.0
28 21 89.0 142.0
28 16 10.0 30.0
37 3 93.0 96.0
25 20 116.0 167.0
20 22 49.0 132.0
15 29 108.0 22.0
35 12 191.0 183.0
32 12 79.0 150.0
34 10 78.0 120.0
36 11 105.0 40.0
30 15 125.0 150.0
11 35 47.0 194.0
14 31 66.0 97.0
35 4 101.0 126.0
11 32 139.0 44.0
29 16 17.0 170.0
8 37 36.0 47.0
36 10 10.0 141.0
16 30 120.0 87.0
34 11 107.0 168.0
15 32 169.0 125.0
26 10 186.0 22.0
36 13 72.0 77.0
23 22 156.0 41.0
16 31 37.0 192.0
24 23 153.0 199.0
29 19 186.0 26.0
31 9 79.0 45.0
19 17 99.0 48.0
29 21 88.0 37.0
19 21 7.0 113.0
14 34 6.0 163.0
28 22 124.0 43.0
31 15 19.0 30.0
15 26 0.0 6.0
17 34 13.0 80.0
10 35 149.0 64.0
37 15 97.0 190.0
25 21 132.0 57.0
12 28 5.0 90.0
33 14 122.0 81.0
14 35 159.0 142.0
15 36 73.0 160.0
13 28 126.0 38.0
29 23 128.0 27.0
24 25 174.0 25.0
18 28 130.0 58.0
20 30 135.0 87.0
27 13 64.0 58.0
36 14 55.0 175.0
16 33 3.0 81.0
23 25 104.0 81.0
33 19 131.0 32.0
37 22 151.0 105.0
29 20 51.0 33.0
17 35 48.0 186.0
16 37 176.0 64.0
26 25 48.0 184.0
21 34 159.0 52.0
25 29 63.0 63.0
31 25 25.0 146.0
19 32 52.0 128.0
27 29 183.0 103.0
30 24 177.0 183.0
22 32 35.0 106.0
36 19 119.0 83.0
18 34 147.0 30.0
33 17 167.0 162.0
36 22 101.0 192.0
20 33 32.0 153.0
23 27 18.0 15.0
37 20 137.0 196.0
31 19 143.0 172.0
29 32 155.0 14.0
35 20 68.0 54.0
24 26 87.0 36.0
25 27 143.0 188.0
33 26 134.0 175.0
31 13 49.0 153.0
29 31 197.0 187.0
30 29 99.0 92.0
13 33 167.0 6.0
28 31 98.0 187.0
35 21 59.0 185.0
24 34 105.0 2.0
28 35 169.0 39.0
35 23 119.0 170.0
22 35 48.0 68.0
33 31 92.0 99.0
34 22 74.0 11.0
12 21 147.0 172.0
35 29 130.0 7.0
27 30 100.0 187.0
30 33 12.0 69.0
33 32 17.0 83.0
26 35 122.0 17.0
36 26 130.0 167.0
33 28 92.0 156.0
37 31 56.0 40.0
30 14 71.0 138.0
1 5 100.0 171.0
37 26 180.0 112.0
24 35 86.0 149.0
25 14 11.0 9.0
33 21 10.0 93.0
35 37 188.0 103.0
28 17 166.0 196.0
30 37 102.0 189.0
32 35 173.0 2.0
35 31 42.0 154.0
16 17 66.0 129.0
4 2 58.0 77.0
37 33 28.0 21.0
24 33 100.0 168.0
23 37 113.0 66.0
24 32 119.0 167.0
11 33 25.0 45.0
34 35 108.0 68.0
21 36 29.0 174.0
25 36 161.0 39.0
27 34 146.0 189.0
32 31 107.0 46.0
35 33 29.0 172.0
36 29 40.0 101.0
34 32 155.0 18.0
16 4 151.0 15.0
0
