38 703 22 35 72388
25 23 89.0 177.0
27 11 138.0 47.0
35 11 127.0 199.0
25 37 173.0 54.0
10 30 76.0 174.0
36 9 42.0 106.0
6 23 48.0 161.0
13 23 165.0 4.0
24 11 127.0 54.0
37 15 53.0 17.0
25 33 9.0 132.0
8 5 0.0 134.0
1 33 115.0 28.0
19 27 189.0 109.0
28 27 31.0 189.0
28 1 102.0 148.0
11 20 2.0 29.0
34 13 195.0 7.0
8 33 146.0 156.0
4 18 135.0 98.0
12 25 86.0 2.0
29 36 167.0 27.0
3 38 23.0 151.0
38 14 187.0 77.0
11 31 63.0 141.0
5 16 71.0 59.0
10 22 168.0 169.0
1 24 114.0 55.0
9 3 110.0 152.0
23 30 158.0 29.0
7 9 159.0 133.0
23 7 134.0 98.0
37 27 29.0 198.0
20 14 30.0 52.0
35 37 139.0 150.0
38 28 91.0 53.0
31 24 142.0 1.0
7 6 37.0 101.0
2 27 195.0 148.0
34 14 121.0 129.0
18 28 180.0 150.0
19 38 169.0 162.0
36 1 170.0 108.0
6 10 91.0 61.0
11 19 110.0 33.0
12 23 112.0 99.0
12 1 174.0 107.0
30 3 86.0 95.0
9 23 60.0 18.0
38 27 26.0 181.0
5 4 169.0 148.0
29 25 176.0 60.0
21 12 173.0 39.0
35 15 157.0 85.0
15 29 137.0 83.0
32 33 153.0 175.0
17 30 177.0 165.0
34 4 121.0 155.0
7 31 143.0 90.0
17 31 194.0 119.0
21 11 184.0 168.0
26 8 91.0 93.0
15 19 35.0 29.0
13 9 35.0 140.0
1 10 75.0 164.0
33 7 41.0 197.0
37 36 146.0 136.0
7 22 194.0 140.0
33 31 167.0 178.0
17 16 120.0 10.0
12 16 105.0 155.0
3 2 146.0 92.0
31 26 157.0 21.0
32 3 161.0 150.0
17 7 104.0 107.0
6 22 11.0 98.0
15 9 78.0 130.0
24 28 50.0 198.0
5 38 176.0 155.0
1 23 56.0 122.0
10 33 42.0 13.0
13 26 76.0 3.0
10 3 47.0 180.0
3 6 121.0 58.0
9 22 109.0 151.0
11 8 14.0 159.0
23 36 62.0 191.0
36 2 28.0 119.0
34 37 180.0 70.0
3 28 105.0 56.0
30 6 148.0 152.0
22 36 30.0 22.0
19 16 138.0 91.0
2 18 137.0 152.0
31 14 41.0 0.0
7 3 74.0 21.0
26 14 59.0 54.0
1 5 155.0 165.0
27 6 175.0 103.0
4 7 40.0 157.0
32 36 182.0 178.0
31 36 26.0 71.0
11 36 91.0 19.0
25 1 154.0 118.0
14 37 151.0 13.0
4 19 191.0 58.0
1 6 136.0 119.0
26 35 146.0 129.0
10 12 81.0 80.0
9 18 73.0 59.0
16 29 173.0 164.0
7 25 153.0 79.0
24 32 98.0 56.0
28 15 127.0 42.0
25 30 171.0 16.0
26 20 115.0 69.0
31 30 51.0 148.0
25 17 131.0 124.0
23 31 109.0 57.0
18 11 186.0 14.0
20 18 157.0 84.0
32 35 69.0 36.0
26 7 77.0 192.0
26 30 58.0 144.0
37 19 167.0 109.0
35 6 139.0 50.0
6 8 4.0 0.0
27 15 129.0 190.0
32 28 127.0 38.0
24 12 193.0 148.0
34 28 181.0 22.0
35 1 117.0 39.0
19 25 111.0 36.0
8 15 14.0 2.0
15 17 46.0 171.0
31 34 6.0 127.0
23 21 94.0 85.0
10 26 72.0 39.0
13 2 81.0 5.0
4 15 37.0 150.0
17 35 133.0 100.0
27 21 26.0 100.0
37 30 73.0 72.0
3 25 125.0 31.0
5 7 63.0 19.0
34 35 28.0 135.0
38 34 2.0 109.0
10 32 186.0 39.0
6 33 125.0 119.0
2 11 51.0 152.0
6 5 27.0 76.0
35 2 198.0 104.0
10 8 76.0 61.0
4 26 108.0 56.0
21 2 131.0 110.0
4 9 77.0 69.0
14 3 140.0 3.0
23 22 107.0 191.0
10 36 116.0 86.0
37 21 101.0 66.0
28 31 102.0 177.0
15 2 23.0 10.0
38 31 80.0 106.0
14 7 71.0 109.0
2 19 29.0 11.0
8 2 159.0 136.0
18 23 147.0 75.0
21 30 29.0 48.0
38 22 2.0 131.0
36 6 115.0 25.0
14 21 195.0 147.0
5 17 177.0 66.0
36 34 44.0 158.0
16 28 156.0 3.0
14 2 186.0 55.0
1 14 145.0 167.0
11 6 148.0 148.0
15 30 14.0 63.0
11 5 69.0 9.0
9 8 91.0 46.0
3 22 191.0 88.0
27 34 177.0 99.0
27 3 198.0 115.0
32 2 145.0 95.0
11 14 182.0 93.0
2 4 178.0 148.0
31 4 41.0 0.0
8 4 144.0 132.0
7 2 111.0 87.0
11 23 90.0 41.0
2 10 53.0 88.0
4 22 77.0 151.0
36 33 100.0 12.0
12 9 175.0 30.0
13 33 6.0 16.0
3 13 136.0 103.0
16 2 89.0 0.0
32 20 21.0 179.0
22 12 93.0 27.0
34 3 86.0 170.0
4 11 31.0 138.0
1 7 165.0 7.0
6 26 132.0 123.0
16 1 102.0 20.0
32 19 98.0 143.0
7 11 115.0 71.0
4 10 1.0 8.0
23 35 107.0 39.0
30 12 8.0 138.0
1 26 153.0 125.0
14 13 101.0 85.0
36 38 196.0 3.0
10 5 195.0 94.0
15 6 68.0 62.0
27 13 148.0 22.0
9 2 66.0 55.0
38 7 193.0 26.0
3 15 116.0 146.0
36 16 26.0 170.0
15 26 22.0 22.0
5 9 198.0 18.0
13 5 106.0 19.0
8 1 56.0 54.0
2 17 149.0 74.0
37 31 51.0 142.0
32 11 154.0 120.0
3 8 64.0 181.0
18 12 192.0 38.0
12 6 114.0 190.0
24 18 144.0 20.0
12 3 9.0 152.0
17 29 96.0 110.0
7 12 81.0 100.0
18 15 69.0 35.0
5 12 29.0 85.0
3 11 52.0 21.0
31 21 173.0 166.0
16 37 80.0 69.0
6 9 101.0 89.0
16 4 125.0 149.0
6 4 2.0 6.0
34 18 83.0 71.0
11 1 38.0 65.0
18 25 163.0 42.0
4 12 80.0 88.0
1 13 110.0 160.0
20 2 129.0 163.0
1 30 109.0 6.0
11 33 136.0 63.0
9 1 72.0 171.0
7 10 73.0 110.0
30 13 181.0 37.0
29 24 114.0 13.0
17 4 69.0 176.0
37 23 79.0 151.0
30 8 119.0 140.0
1 17 32.0 7.0
38 10 131.0 104.0
2 12 146.0 4.0
13 32 86.0 80.0
11 9 162.0 152.0
6 19 145.0 183.0
19 23 177.0 176.0
16 6 118.0 97.0
6 29 112.0 150.0
16 11 107.0 195.0
8 7 42.0 53.0
19 1 120.0 80.0
22 25 150.0 34.0
21 35 133.0 95.0
35 27 100.0 110.0
11 10 164.0 170.0
23 33 155.0 28.0
3 5 50.0 62.0
9 29 25.0 44.0
8 13 84.0 146.0
35 5 173.0 34.0
17 19 159.0 58.0
6 13 94.0 11.0
8 14 48.0 10.0
5 36 37.0 3.0
20 33 143.0 39.0
15 1 39.0 168.0
22 1 125.0 124.0
28 25 53.0 50.0
21 9 194.0 12.0
25 15 60.0 41.0
3 20 116.0 60.0
33 17 9.0 105.0
5 18 120.0 152.0
5 15 197.0 159.0
10 13 90.0 74.0
14 5 34.0 144.0
29 1 165.0 29.0
3 21 194.0 177.0
18 3 68.0 111.0
22 2 88.0 29.0
1 18 198.0 8.0
20 6 146.0 196.0
6 18 149.0 189.0
20 28 83.0 183.0
6 17 78.0 48.0
12 11 12.0 72.0
14 10 22.0 32.0
37 26 169.0 62.0
30 7 2.0 168.0
1 21 144.0 101.0
37 9 85.0 93.0
16 8 168.0 169.0
2 24 180.0 46.0
16 10 115.0 192.0
17 3 158.0 137.0
26 28 33.0 80.0
19 5 163.0 35.0
12 8 102.0 59.0
37 32 153.0 140.0
35 24 127.0 122.0
9 25 178.0 107.0
34 26 46.0 93.0
9 14 113.0 156.0
12 13 156.0 146.0
35 8 0.0 119.0
37 7 0.0 55.0
20 1 17.0 106.0
23 3 38.0 145.0
19 31 140.0 168.0
19 9 83.0 138.0
6 14 131.0 196.0
20 15 167.0 87.0
23 2 50.0 168.0
7 20 172.0 50.0
7 15 130.0 142.0
19 8 37.0 168.0
32 26 51.0 129.0
34 30 100.0 87.0
38 24 44.0 31.0
1 34 158.0 12.0
20 21 70.0 8.0
34 15 181.0 195.0
18 14 55.0 111.0
37 28 75.0 44.0
31 8 23.0 127.0
16 7 58.0 123.0
32 16 179.0 102.0
27 33 111.0 137.0
3 19 57.0 134.0
6 21 27.0 190.0
27 8 98.0 34.0
11 13 5.0 125.0
33 29 101.0 29.0
17 10 20.0 159.0
21 5 141.0 151.0
4 20 78.0 5.0
29 2 198.0 88.0
13 7 190.0 25.0
11 17 17.0 40.0
17 9 47.0 22.0
21 34 140.0 100.0
33 18 119.0 112.0
24 17 105.0 61.0
10 9 147.0 135.0
2 34 129.0 146.0
17 20 138.0 71.0
30 16 74.0 107.0
20 5 198.0 74.0
4 21 193.0 91.0
37 22 163.0 64.0
21 7 28.0 20.0
32 38 4.0 176.0
3 16 89.0 133.0
2 31 29.0 179.0
7 18 96.0 55.0
4 38 156.0 46.0
19 20 98.0 101.0
2 25 64.0 13.0
8 18 91.0 93.0
8 20 23.0 47.0
12 15 36.0 64.0
11 15 109.0 17.0
34 10 153.0 5.0
2 6 114.0 61.0
17 12 186.0 12.0
28 30 28.0 2.0
9 20 151.0 71.0
5 32 107.0 126.0
4 14 93.0 144.0
4 13 20.0 2.0
33 24 141.0 125.0
4 33 8.0 7.0
20 23 38.0 146.0
1 27 160.0 19.0
5 25 160.0 63.0
24 5 117.0 68.0
12 14 71.0 163.0
22 32 112.0 91.0
3 24 192.0 5.0
25 6 112.0 152.0
24 7 134.0 102.0
21 8 42.0 46.0
11 22 181.0 155.0
19 34 183.0 51.0
10 21 64.0 6.0
14 16 112.0 128.0
38 16 75.0 104.0
26 2 34.0 187.0
5 22 57.0 120.0
15 13 135.0 51.0
38 15 78.0 117.0
7 19 168.0 13.0
19 13 121.0 33.0
4 27 37.0 34.0
2 33 49.0 112.0
23 5 157.0 35.0
9 31 161.0 14.0
22 8 102.0 97.0
8 23 6.0 132.0
25 4 124.0 174.0
3 29 136.0 197.0
13 17 24.0 173.0
19 10 173.0 73.0
34 29 31.0 130.0
37 24 91.0 145.0
2 28 139.0 145.0
17 14 198.0 97.0
35 25 42.0 122.0
24 36 8.0 178.0
23 4 25.0 32.0
1 31 78.0 198.0
15 14 182.0 61.0
4 35 92.0 25.0
30 2 160.0 184.0
27 7 125.0 158.0
8 24 41.0 119.0
19 12 7.0 49.0
28 5 141.0 184.0
14 19 57.0 19.0
13 20 144.0 40.0
10 20 87.0 188.0
4 29 139.0 0.0
7 29 111.0 17.0
12 31 47.0 152.0
13 18 186.0 6.0
9 16 79.0 127.0
1 37 42.0 137.0
10 15 18.0 186.0
35 30 134.0 57.0
8 25 57.0 26.0
18 10 111.0 121.0
38 8 165.0 110.0
34 11 119.0 104.0
28 8 134.0 151.0
23 10 13.0 176.0
13 16 115.0 183.0
9 24 93.0 2.0
3 4 170.0 103.0
21 13 154.0 33.0
26 36 181.0 72.0
4 28 69.0 52.0
16 20 145.0 3.0
9 27 164.0 158.0
10 24 40.0 32.0
18 16 136.0 134.0
25 26 141.0 106.0
7 28 14.0 95.0
5 30 45.0 195.0
32 4 159.0 114.0
22 26 199.0 56.0
29 8 199.0 115.0
1 4 194.0 39.0
26 9 3.0 82.0
26 5 127.0 144.0
3 31 65.0 142.0
32 1 159.0 110.0
18 29 93.0 70.0
23 15 102.0 44.0
12 28 154.0 101.0
32 29 96.0 100.0
31 5 84.0 100.0
20 12 155.0 12.0
33 3 148.0 172.0
21 15 133.0 107.0
30 4 161.0 178.0
28 9 149.0 63.0
22 16 96.0 103.0
27 10 130.0 145.0
21 36 14.0 15.0
14 36 30.0 121.0
19 18 128.0 130.0
23 14 92.0 61.0
22 14 173.0 53.0
16 21 99.0 74.0
3 35 96.0 147.0
25 14 175.0 179.0
26 11 83.0 189.0
28 6 10.0 65.0
15 16 84.0 138.0
26 3 54.0 176.0
27 12 157.0 179.0
30 19 185.0 8.0
36 3 20.0 34.0
5 2 89.0 196.0
33 5 84.0 124.0
25 13 4.0 94.0
37 3 72.0 88.0
10 25 128.0 78.0
32 6 48.0 37.0
18 21 199.0 33.0
5 29 152.0 172.0
12 26 191.0 194.0
24 25 153.0 75.0
10 28 196.0 109.0
7 32 42.0 21.0
29 10 13.0 122.0
38 2 77.0 61.0
21 17 109.0 29.0
24 15 147.0 13.0
14 28 26.0 138.0
16 23 138.0 132.0
17 18 145.0 86.0
36 20 110.0 188.0
34 25 124.0 76.0
22 17 178.0 154.0
18 22 3.0 39.0
24 13 9.0 150.0
24 14 42.0 187.0
31 16 94.0 132.0
28 11 8.0 39.0
33 12 141.0 119.0
16 24 64.0 18.0
36 4 173.0 194.0
28 21 195.0 176.0
38 9 3.0 156.0
37 12 125.0 46.0
28 19 128.0 19.0
32 25 180.0 136.0
37 2 184.0 73.0
35 10 39.0 48.0
19 21 122.0 164.0
29 11 67.0 69.0
6 34 136.0 23.0
7 34 184.0 61.0
34 5 53.0 64.0
6 24 137.0 33.0
9 35 162.0 121.0
30 11 165.0 153.0
30 32 144.0 40.0
19 22 179.0 163.0
23 17 56.0 116.0
28 13 111.0 192.0
11 37 109.0 164.0
14 27 16.0 46.0
9 32 157.0 131.0
38 1 155.0 75.0
26 17 67.0 99.0
36 7 111.0 47.0
37 5 161.0 119.0
4 37 110.0 72.0
22 20 176.0 19.0
30 9 144.0 144.0
16 26 24.0 102.0
27 22 122.0 180.0
6 38 68.0 189.0
35 7 48.0 132.0
25 16 148.0 161.0
36 8 82.0 58.0
29 12 158.0 10.0
37 8 32.0 102.0
16 27 102.0 8.0
8 32 129.0 24.0
9 34 18.0 150.0
34 8 106.0 18.0
21 25 48.0 6.0
34 12 137.0 83.0
21 32 46.0 95.0
20 24 39.0 78.0
30 14 96.0 141.0
31 13 103.0 177.0
22 21 38.0 121.0
19 26 47.0 96.0
29 14 36.0 47.0
17 28 21.0 173.0
13 22 32.0 67.0
24 21 181.0 23.0
18 26 67.0 77.0
20 25 71.0 170.0
27 17 48.0 61.0
12 36 7.0 47.0
13 35 187.0 195.0
26 21 9.0 161.0
32 15 64.0 41.0
26 23 118.0 198.0
31 15 169.0 137.0
24 19 169.0 40.0
27 24 190.0 17.0
19 29 128.0 149.0
18 30 143.0 115.0
20 27 6.0 152.0
6 31 39.0 70.0
17 32 97.0 157.0
32 12 82.0 66.0
32 18 159.0 51.0
29 20 75.0 149.0
27 23 51.0 3.0
33 15 107.0 194.0
28 23 60.0 113.0
38 13 160.0 99.0
38 11 4.0 57.0
24 23 159.0 86.0
24 22 196.0 118.0
29 21 99.0 71.0
32 14 113.0 102.0
5 27 148.0 172.0
18 38 96.0 8.0
27 26 80.0 8.0
37 6 73.0 36.0
31 18 25.0 184.0
12 38 75.0 22.0
17 36 145.0 126.0
33 9 121.0 10.0
35 12 128.0 69.0
37 13 143.0 25.0
27 25 59.0 24.0
16 33 143.0 132.0
26 24 100.0 121.0
4 24 101.0 128.0
31 10 164.0 46.0
17 37 16.0 85.0
29 13 9.0 144.0
33 22 175.0 152.0
35 16 158.0 34.0
35 20 124.0 53.0
21 33 13.0 25.0
33 19 162.0 114.0
32 23 146.0 78.0
22 29 158.0 162.0
20 34 158.0 167.0
22 34 135.0 133.0
36 15 37.0 93.0
30 20 25.0 113.0
25 31 95.0 190.0
38 25 3.0 9.0
35 19 184.0 101.0
28 29 26.0 142.0
34 17 103.0 184.0
31 32 28.0 39.0
18 36 28.0 65.0
31 27 57.0 5.0
38 20 113.0 104.0
38 21 115.0 68.0
32 27 108.0 99.0
35 18 60.0 134.0
23 29 130.0 164.0
22 35 81.0 159.0
22 31 175.0 109.0
8 17 177.0 184.0
18 27 160.0 42.0
24 34 57.0 75.0
36 30 169.0 165.0
23 34 69.0 29.0
33 26 165.0 151.0
36 19 140.0 46.0
38 17 146.0 115.0
36 13 34.0 123.0
31 29 92.0 194.0
34 32 11.0 149.0
30 24 66.0 180.0
20 37 40.0 135.0
34 33 7.0 5.0
25 36 140.0 147.0
35 29 131.0 38.0
27 29 52.0 117.0
22 15 59.0 144.0
22 28 183.0 70.0
23 38 79.0 49.0
26 38 22.0 119.0
31 20 75.0 30.0
38 35 189.0 167.0
37 29 105.0 72.0
30 38 199.0 158.0
37 33 136.0 10.0
35 33 61.0 71.0
14 33 150.0 141.0
38 37 135.0 172.0
1 3 120.0 162.0
26 29 76.0 110.0
35 31 8.0 133.0
1 2 128.0 159.0
30 22 198.0 17.0
38 29 37.0 60.0
36 27 169.0 187.0
35 28 54.0 104.0
36 35 150.0 175.0
35 14 37.0 178.0
37 18 47.0 197.0
28 36 157.0 176.0
29 30 81.0 155.0
25 11 194.0 70.0
16 34 86.0 164.0
37 10 186.0 140.0
33 28 188.0 136.0
38 33 76.0 177.0
33 30 37.0 123.0
30 27 161.0 194.0
0
