34 561 28 33 73588
1 17 47.0 49.0
27 31 135.0 5.0
21 27 99.0 1.0
20 25 134.0 82.0
3 25 68.0 90.0
18 19 39.0 182.0
10 17 52.0 118.0
5 4 130.0 93.0
34 14 97.0 129.0
10 29 138.0 33.0
21 25 52.0 37.0
23 12 104.0 138.0
10 4 138.0 124.0
30 17 90.0 177.0
33 24 110.0 142.0
7 31 65.0 192.0
10 6 148.0 114.0
1 14 78.0 86.0
12 10 185.0 130.0
30 4 34.0 41.0
15 16 87.0 125.0
32 21 6.0 177.0
19 16 60.0 68.0
20 13 142.0 77.0
18 16 197.0 91.0
4 3 80.0 76.0
28 29 56.0 66.0
6 20 181.0 42.0
2 14 0.0 68.0
9 6 124.0 158.0
30 23 176.0 184.0
9 28 28.0 71.0
17 5 199.0 25.0
14 20 152.0 32.0
23 31 143.0 160.0
16 12 134.0 125.0
33 6 96.0 87.0
12 8 60.0 172.0
2 4 14.0 188.0
32 20 78.0 42.0
24 13 17.0 77.0
6 8 189.0 121.0
12 3 21.0 85.0
22 17 159.0 107.0
22 15 98.0 8.0
12 1 168.0 158.0
28 24 10.0 134.0
17 16 132.0 40.0
28 21 126.0 101.0
2 9 43.0 116.0
11 30 141.0 64.0
20 24 70.0 53.0
13 8 110.0 121.0
30 16 34.0 78.0
13 11 89.0 197.0
34 8 42.0 21.0
28 27 39.0 169.0
1 8 1.0 82.0
11 23 153.0 142.0
4 6 187.0 175.0
23 13 154.0 49.0
3 30 106.0 188.0
15 18 137.0 195.0
26 1 34.0 132.0
27 14 187.0 73.0
29 4 80.0 188.0
26 11 27.0 33.0
27 17 190.0 14.0
30 15 185.0 96.0
10 30 139.0 91.0
13 12 149.0 77.0
20 18 50.0 184.0
5 26 104.0 189.0
30 8 74.0 184.0
26 18 41.0 101.0
8 15 186.0 184.0
29 13 179.0 171.0
8 10 92.0 71.0
21 13 165.0 193.0
2 3 123.0 167.0
2 21 8.0 27.0
2 32 97.0 34.0
15 5 61.0 138.0
19 17 40.0 48.0
4 14 72.0 171.0
23 33 40.0 116.0
9 1 155.0 6.0
12 30 82.0 78.0
25 16 167.0 42.0
21 16 104.0 64.0
28 4 121.0 118.0
9 5 184.0 113.0
16 11 172.0 9.0
7 5 173.0 164.0
4 33 131.0 129.0
3 26 130.0 165.0
8 27 141.0 97.0
8 3 154.0 46.0
22 33 50.0 27.0
1 15 19.0 187.0
25 1 103.0 143.0
28 31 13.0 77.0
29 7 30.0 96.0
32 30 86.0 112.0
22 23 162.0 28.0
33 17 49.0 68.0
23 28 72.0 51.0
5 2 164.0 43.0
1 7 12.0 19.0
10 5 181.0 177.0
11 2 124.0 164.0
6 2 12.0 10.0
27 9 66.0 126.0
25 30 6.0 115.0
23 8 134.0 30.0
16 29 96.0 98.0
3 6 12.0 108.0
19 24 76.0 145.0
33 2 148.0 152.0
15 6 128.0 112.0
4 8 122.0 147.0
9 21 132.0 128.0
2 24 91.0 66.0
3 10 150.0 139.0
33 32 8.0 114.0
7 8 146.0 36.0
26 4 11.0 46.0
9 14 113.0 139.0
1 23 40.0 35.0
10 15 186.0 124.0
10 1 164.0 29.0
6 25 197.0 114.0
12 4 51.0 157.0
30 13 160.0 149.0
16 9 143.0 171.0
13 2 9.0 56.0
32 9 154.0 49.0
23 16 187.0 93.0
3 27 128.0 151.0
26 20 10.0 77.0
34 22 84.0 14.0
8 16 68.0 197.0
32 13 18.0 11.0
22 28 85.0 27.0
12 2 23.0 191.0
6 11 70.0 162.0
34 16 154.0 150.0
5 3 79.0 116.0
4 11 196.0 116.0
1 24 109.0 16.0
2 8 65.0 128.0
1 28 110.0 102.0
27 6 90.0 85.0
9 7 89.0 112.0
12 28 148.0 43.0
9 3 58.0 179.0
29 12 192.0 6.0
1 11 42.0 101.0
18 14 47.0 59.0
8 14 177.0 109.0
27 2 136.0 19.0
32 16 60.0 177.0
17 7 141.0 160.0
17 23 78.0 199.0
8 11 196.0 70.0
18 28 28.0 190.0
5 8 146.0 28.0
1 4 120.0 75.0
11 33 79.0 9.0
22 31 28.0 92.0
12 19 195.0 169.0
11 3 132.0 25.0
15 32 58.0 80.0
25 31 75.0 38.0
12 15 185.0 173.0
14 5 192.0 57.0
3 23 24.0 24.0
28 7 116.0 4.0
3 14 17.0 63.0
13 17 77.0 149.0
16 1 105.0 87.0
10 22 122.0 133.0
6 1 4.0 59.0
34 5 49.0 196.0
28 17 92.0 25.0
31 2 161.0 8.0
13 1 153.0 178.0
28 34 198.0 182.0
13 10 159.0 103.0
32 1 43.0 81.0
13 4 154.0 199.0
17 26 47.0 3.0
15 4 160.0 139.0
3 18 117.0 73.0
29 6 33.0 23.0
4 9 142.0 31.0
32 28 174.0 101.0
2 17 74.0 169.0
29 1 139.0 28.0
34 25 35.0 186.0
26 23 79.0 148.0
6 18 100.0 149.0
24 23 59.0 85.0
7 6 108.0 2.0
7 12 87.0 82.0
12 5 168.0 162.0
26 33 191.0 107.0
31 1 195.0 26.0
9 10 53.0 27.0
7 4 125.0 105.0
31 14 181.0 184.0
19 33 72.0 90.0
19 11 184.0 159.0
13 7 3.0 152.0
17 4 46.0 194.0
5 16 86.0 194.0
32 12 47.0 139.0
12 20 1.0 172.0
7 14 152.0 182.0
32 23 89.0 176.0
34 10 77.0 73.0
16 4 81.0 80.0
21 30 0.0 79.0
11 28 99.0 38.0
13 34 147.0 147.0
19 22 66.0 148.0
8 9 76.0 170.0
16 3 104.0 165.0
13 26 147.0 133.0
2 16 7.0 28.0
10 20 145.0 159.0
22 6 83.0 44.0
3 13 53.0 31.0
34 2 43.0 71.0
9 11 122.0 119.0
6 12 174.0 178.0
10 2 45.0 73.0
18 4 175.0 4.0
21 1 198.0 120.0
11 7 190.0 81.0
27 19 75.0 195.0
29 18 10.0 70.0
2 15 49.0 84.0
7 15 7.0 176.0
20 1 61.0 52.0
6 17 16.0 36.0
34 1 35.0 14.0
23 2 36.0 177.0
7 16 108.0 63.0
22 2 5.0 70.0
13 22 159.0 6.0
20 2 1.0 118.0
9 13 39.0 62.0
13 25 101.0 7.0
5 19 134.0 136.0
12 9 132.0 123.0
3 31 134.0 40.0
29 8 4.0 139.0
6 14 140.0 115.0
29 20 16.0 141.0
17 3 133.0 55.0
18 5 11.0 34.0
5 6 8.0 97.0
13 27 130.0 140.0
24 34 135.0 65.0
7 3 62.0 140.0
18 8 135.0 154.0
18 22 196.0 103.0
7 32 103.0 130.0
10 25 113.0 114.0
6 30 131.0 121.0
3 19 47.0 61.0
7 27 190.0 134.0
2 1 89.0 4.0
3 20 123.0 176.0
20 4 103.0 119.0
21 3 116.0 6.0
15 11 61.0 29.0
2 18 124.0 192.0
17 9 62.0 123.0
25 24 167.0 53.0
33 8 166.0 8.0
9 34 125.0 41.0
2 19 8.0 181.0
27 30 184.0 76.0
7 33 152.0 197.0
11 18 124.0 28.0
15 26 30.0 187.0
12 11 196.0 149.0
14 10 73.0 114.0
18 7 112.0 151.0
23 4 182.0 120.0
8 17 35.0 118.0
21 6 63.0 187.0
15 34 154.0 139.0
24 4 31.0 185.0
15 3 176.0 27.0
19 31 91.0 1.0
12 21 117.0 3.0
3 22 108.0 99.0
5 28 30.0 95.0
8 19 140.0 45.0
9 15 121.0 47.0
1 22 38.0 152.0
20 5 19.0 166.0
6 19 123.0 110.0
7 19 108.0 40.0
1 19 69.0 168.0
10 27 194.0 100.0
14 22 101.0 86.0
21 5 98.0 174.0
4 31 92.0 136.0
27 1 83.0 111.0
6 13 93.0 6.0
11 14 37.0 154.0
4 21 0.0 106.0
19 21 189.0 146.0
16 10 186.0 43.0
29 30 140.0 36.0
5 1 106.0 184.0
27 34 0.0 189.0
11 10 164.0 45.0
9 20 86.0 1.0
25 4 12.0 38.0
25 5 170.0 154.0
1 18 40.0 108.0
20 7 62.0 132.0
18 9 48.0 168.0
6 16 88.0 48.0
11 17 5.0 4.0
19 9 119.0 91.0
13 16 130.0 83.0
25 8 188.0 52.0
17 12 153.0 29.0
23 5 175.0 167.0
25 2 49.0 23.0
3 24 56.0 89.0
30 24 66.0 13.0
13 5 115.0 137.0
29 2 4.0 45.0
12 14 148.0 192.0
22 9 69.0 101.0
6 28 173.0 196.0
28 25 107.0 22.0
18 10 16.0 115.0
2 26 8.0 34.0
28 3 121.0 123.0
11 21 106.0 125.0
29 27 181.0 54.0
7 22 82.0 50.0
18 12 190.0 55.0
18 13 166.0 97.0
11 5 51.0 135.0
8 21 28.0 59.0
2 7 37.0 101.0
28 2 25.0 143.0
21 7 92.0 159.0
26 24 90.0 127.0
31 9 131.0 80.0
31 12 10.0 98.0
24 7 137.0 62.0
19 13 47.0 117.0
20 11 15.0 84.0
10 21 47.0 192.0
13 15 42.0 91.0
6 24 25.0 133.0
12 22 21.0 157.0
34 26 140.0 32.0
9 33 98.0 78.0
26 14 79.0 146.0
4 27 164.0 46.0
5 24 43.0 11.0
25 18 7.0 37.0
29 3 130.0 33.0
15 14 183.0 104.0
34 17 141.0 123.0
15 28 101.0 39.0
8 22 67.0 133.0
17 14 82.0 184.0
10 23 113.0 77.0
24 10 180.0 120.0
17 15 125.0 62.0
25 7 44.0 60.0
33 14 84.0 185.0
16 24 142.0 186.0
27 5 82.0 161.0
16 14 173.0 164.0
34 4 47.0 38.0
21 31 145.0 27.0
33 29 111.0 70.0
14 19 111.0 156.0
23 6 154.0 195.0
27 12 33.0 48.0
18 17 7.0 115.0
14 21 0.0 180.0
30 5 181.0 48.0
21 18 144.0 126.0
11 22 126.0 8.0
9 24 144.0 37.0
15 19 128.0 50.0
29 26 122.0 113.0
20 15 168.0 129.0
7 23 86.0 169.0
26 16 112.0 67.0
8 28 66.0 56.0
21 29 173.0 144.0
26 6 190.0 117.0
26 22 83.0 118.0
26 9 79.0 6.0
8 24 24.0 0.0
33 1 132.0 110.0
5 22 38.0 44.0
30 2 170.0 104.0
5 29 50.0 143.0
3 33 147.0 40.0
4 22 102.0 182.0
23 14 104.0 133.0
27 16 129.0 128.0
11 24 144.0 61.0
17 29 43.0 183.0
20 8 28.0 165.0
33 27 21.0 78.0
32 3 156.0 120.0
21 15 121.0 58.0
19 4 23.0 26.0
20 17 179.0 152.0
8 26 113.0 76.0
6 31 31.0 108.0
25 17 90.0 59.0
25 9 111.0 64.0
23 21 37.0 67.0
30 7 187.0 110.0
29 9 193.0 10.0
5 31 140.0 125.0
23 15 1.0 5.0
12 26 14.0 184.0
30 1 178.0 57.0
25 12 94.0 89.0
11 29 1.0 131.0
20 16 101.0 188.0
28 13 125.0 47.0
5 33 194.0 65.0
28 10 89.0 195.0
19 10 179.0 55.0
9 23 60.0 109.0
14 24 147.0 154.0
30 9 91.0 148.0
26 31 113.0 144.0
20 19 152.0 190.0
14 25 40.0 146.0
32 5 116.0 81.0
25 15 152.0 95.0
8 31 139.0 13.0
27 15 12.0 86.0
32 8 140.0 55.0
34 7 160.0 5.0
24 15 59.0 64.0
4 32 183.0 99.0
23 19 82.0 99.0
25 11 23.0 35.0
16 22 58.0 114.0
18 23 28.0 70.0
22 20 12.0 120.0
32 11 21.0 125.0
27 11 26.0 80.0
17 21 9.0 161.0
28 14 39.0 44.0
24 12 63.0 14.0
28 20 102.0 121.0
22 21 172.0 83.0
30 14 100.0 136.0
21 26 105.0 73.0
3 34 59.0 84.0
11 34 7.0 69.0
10 33 170.0 198.0
31 33 127.0 34.0
19 25 127.0 181.0
23 20 25.0 99.0
13 14 53.0 125.0
26 7 108.0 158.0
16 28 199.0 167.0
22 25 50.0 158.0
27 18 149.0 173.0
31 32 14.0 28.0
31 10 70.0 141.0
32 6 46.0 95.0
24 18 132.0 99.0
33 12 133.0 40.0
33 15 44.0 84.0
29 14 106.0 47.0
26 19 70.0 7.0
25 23 149.0 84.0
33 13 24.0 19.0
14 32 149.0 71.0
31 18 116.0 81.0
11 31 137.0 1.0
32 17 38.0 133.0
20 27 181.0 144.0
20 30 83.0 51.0
24 22 138.0 33.0
29 22 35.0 162.0
25 27 63.0 184.0
20 31 192.0 179.0
21 20 181.0 129.0
27 22 48.0 20.0
17 31 100.0 29.0
16 33 8.0 183.0
19 30 138.0 98.0
25 29 196.0 173.0
27 23 58.0 12.0
19 32 74.0 51.0
30 18 45.0 56.0
33 20 143.0 46.0
31 15 13.0 43.0
32 22 133.0 173.0
19 29 24.0 72.0
28 26 83.0 172.0
27 24 138.0 142.0
23 29 108.0 12.0
19 34 73.0 153.0
27 26 41.0 168.0
32 18 191.0 54.0
15 29 144.0 77.0
21 33 136.0 120.0
28 19 157.0 20.0
24 32 61.0 95.0
33 30 32.0 169.0
10 32 177.0 57.0
25 33 109.0 170.0
32 27 186.0 101.0
28 33 7.0 130.0
34 33 129.0 95.0
30 22 29.0 39.0
24 29 184.0 43.0
25 26 27.0 169.0
31 30 18.0 156.0
34 23 48.0 127.0
24 31 161.0 186.0
1 3 93.0 120.0
34 32 120.0 175.0
16 31 161.0 149.0
34 18 199.0 97.0
21 24 148.0 178.0
30 34 105.0 166.0
24 17 170.0 153.0
34 20 41.0 83.0
29 31 33.0 134.0
21 34 55.0 153.0
29 34 176.0 168.0
12 34 156.0 175.0
18 33 185.0 104.0
28 30 107.0 90.0
26 30 199.0 77.0
34 31 49.0 40.0
6 34 88.0 82.0
29 32 160.0 144.0
13 31 40.0 136.0
26 32 119.0 148.0
25 32 111.0 56.0
7 10 1.0 18.0
26 10 183.0 152.0
0
