33 528 29 11 35733
27 1 185.0 157.0
9 13 31.0 32.0
10 14 170.0 0.0
12 31 128.0 60.0
7 10 176.0 90.0
23 18 18.0 60.0
14 33 121.0 159.0
24 28 54.0 125.0
28 19 119.0 39.0
2 10 66.0 102.0
7 6 164.0 188.0
2 7 155.0 44.0
14 29 145.0 131.0
11 27 63.0 163.0
26 32 137.0 184.0
26 5 110.0 191.0
23 15 61.0 181.0
1 6 129.0 80.0
6 2 59.0 45.0
11 13 79.0 14.0
8 4 72.0 25.0
30 13 192.0 88.0
12 20 86.0 129.0
24 29 183.0 148.0
8 6 163.0 197.0
12 14 150.0 44.0
18 26 167.0 161.0
5 11 165.0 46.0
12 10 18.0 37.0
23 31 131.0 162.0
18 28 140.0 169.0
21 20 121.0 124.0
25 8 12.0 36.0
21 3 199.0 114.0
28 17 7.0 166.0
27 15 181.0 124.0
24 32 104.0 151.0
28 5 45.0 35.0
30 9 23.0 185.0
28 29 122.0 96.0
3 13 36.0 134.0
15 5 136.0 188.0
20 19 31.0 95.0
33 10 108.0 12.0
7 25 76.0 164.0
27 8 88.0 121.0
14 20 80.0 111.0
16 8 6.0 154.0
21 7 153.0 195.0
9 23 165.0 42.0
8 13 9.0 197.0
21 19 194.0 69.0
9 25 9.0 70.0
13 1 142.0 98.0
16 24 121.0 174.0
30 4 109.0 80.0
8 11 59.0 14.0
31 24 99.0 177.0
2 12 7.0 108.0
28 1 68.0 1.0
5 8 148.0 30.0
27 25 15.0 43.0
5 4 10.0 89.0
8 1 68.0 119.0
20 4 6.0 80.0
25 6 192.0 105.0
15 25 174.0 199.0
9 3 106.0 43.0
15 12 141.0 7.0
3 25 194.0 109.0
33 11 118.0 5.0
20 7 163.0 186.0
8 21 9.0 169.0
24 1 162.0 1.0
9 5 184.0 137.0
15 21 33.0 42.0
32 18 62.0 174.0
9 8 71.0 8.0
12 1 152.0 141.0
31 2 108.0 115.0
21 22 173.0 117.0
21 25 151.0 136.0
22 23 81.0 87.0
7 1 114.0 114.0
23 26 39.0 176.0
10 3 62.0 62.0
3 12 96.0 14.0
13 20 28.0 4.0
5 2 29.0 2.0
4 10 121.0 133.0
5 18 120.0 154.0
4 7 42.0 186.0
32 16 90.0 81.0
2 9 152.0 152.0
11 4 180.0 0.0
12 28 119.0 9.0
31 32 128.0 101.0
14 8 16.0 1.0
3 11 117.0 136.0
24 6 190.0 159.0
21 29 38.0 81.0
33 26 137.0 143.0
18 27 105.0 117.0
19 3 83.0 25.0
15 1 190.0 11.0
23 7 22.0 158.0
13 2 0.0 139.0
6 5 108.0 191.0
33 13 33.0 99.0
2 8 162.0 170.0
12 26 38.0 67.0
26 20 56.0 121.0
4 14 34.0 198.0
10 6 73.0 57.0
8 20 124.0 74.0
25 13 193.0 184.0
25 18 98.0 27.0
3 4 15.0 12.0
7 9 156.0 53.0
3 8 199.0 164.0
33 7 13.0 33.0
30 29 27.0 86.0
14 6 38.0 103.0
18 29 170.0 31.0
1 11 0.0 69.0
19 4 197.0 15.0
21 4 142.0 153.0
24 33 110.0 141.0
5 25 55.0 123.0
19 27 8.0 82.0
32 27 4.0 198.0
21 24 52.0 174.0
6 19 152.0 52.0
23 3 46.0 149.0
10 5 187.0 188.0
22 26 4.0 98.0
16 19 177.0 60.0
12 23 10.0 185.0
15 24 113.0 166.0
11 2 60.0 165.0
31 5 69.0 12.0
7 3 30.0 115.0
25 22 189.0 169.0
14 18 97.0 146.0
4 26 80.0 74.0
13 17 188.0 90.0
7 12 15.0 101.0
3 14 189.0 75.0
24 7 25.0 10.0
14 2 171.0 7.0
11 7 175.0 112.0
24 9 141.0 72.0
32 8 173.0 22.0
24 25 57.0 161.0
4 29 174.0 72.0
14 15 69.0 115.0
19 12 141.0 47.0
3 32 192.0 112.0
5 24 180.0 167.0
30 16 4.0 121.0
1 16 97.0 177.0
14 9 33.0 106.0
4 18 139.0 7.0
30 17 65.0 160.0
28 15 105.0 6.0
12 21 197.0 49.0
9 6 83.0 177.0
6 12 146.0 39.0
3 5 154.0 195.0
11 20 116.0 187.0
6 3 157.0 55.0
24 13 171.0 174.0
3 15 141.0 29.0
3 18 51.0 139.0
24 23 103.0 87.0
12 11 114.0 1.0
1 17 106.0 68.0
16 10 130.0 22.0
15 26 127.0 87.0
5 29 125.0 50.0
14 5 149.0 67.0
16 13 157.0 0.0
33 4 146.0 60.0
8 10 61.0 60.0
20 3 109.0 167.0
9 4 147.0 191.0
4 1 169.0 74.0
1 18 36.0 95.0
15 29 66.0 185.0
1 10 50.0 23.0
15 2 191.0 196.0
33 8 11.0 52.0
16 3 81.0 72.0
32 2 84.0 28.0
1 3 136.0 54.0
2 18 39.0 172.0
25 19 191.0 105.0
27 23 25.0 41.0
11 9 67.0 17.0
18 6 191.0 78.0
30 26 58.0 73.0
27 17 58.0 142.0
18 24 191.0 194.0
22 20 64.0 30.0
5 12 181.0 7.0
14 1 186.0 6.0
18 20 93.0 5.0
9 10 142.0 85.0
29 1 104.0 0.0
17 32 23.0 114.0
23 33 140.0 166.0
19 30 113.0 157.0
1 19 154.0 94.0
13 7 60.0 92.0
14 7 177.0 154.0
16 2 176.0 71.0
1 9 64.0 32.0
6 13 160.0 40.0
16 4 140.0 53.0
10 17 190.0 53.0
7 22 196.0 145.0
16 7 83.0 56.0
9 12 125.0 60.0
15 7 150.0 102.0
28 10 128.0 167.0
21 1 193.0 88.0
4 15 168.0 85.0
4 31 134.0 111.0
19 13 93.0 130.0
10 23 37.0 176.0
13 14 150.0 162.0
1 33 83.0 53.0
8 29 88.0 163.0
17 15 144.0 82.0
4 6 152.0 65.0
6 27 199.0 86.0
4 24 181.0 44.0
10 11 8.0 18.0
29 26 138.0 158.0
23 14 4.0 173.0
17 2 114.0 45.0
4 17 37.0 11.0
12 33 56.0 189.0
26 6 188.0 56.0
29 32 55.0 169.0
8 12 187.0 63.0
31 20 126.0 126.0
33 20 73.0 83.0
31 1 128.0 139.0
1 5 53.0 165.0
1 2 182.0 110.0
7 32 131.0 170.0
28 21 44.0 186.0
28 2 9.0 183.0
21 11 113.0 135.0
31 21 149.0 138.0
19 22 57.0 77.0
23 17 63.0 63.0
2 22 83.0 45.0
30 27 165.0 166.0
14 25 44.0 9.0
26 8 34.0 53.0
19 2 119.0 100.0
15 9 113.0 68.0
15 6 105.0 123.0
7 18 192.0 120.0
14 11 58.0 27.0
18 19 145.0 23.0
6 11 156.0 189.0
9 28 136.0 190.0
29 6 46.0 8.0
6 17 53.0 159.0
19 11 169.0 158.0
7 8 35.0 161.0
26 21 81.0 93.0
5 17 31.0 27.0
2 20 184.0 139.0
30 22 194.0 72.0
3 22 53.0 192.0
24 22 187.0 106.0
31 33 158.0 156.0
13 4 43.0 194.0
24 2 144.0 125.0
17 3 162.0 127.0
8 15 131.0 146.0
4 12 167.0 77.0
17 25 64.0 20.0
8 17 159.0 3.0
7 19 191.0 117.0
11 16 192.0 187.0
29 12 11.0 88.0
12 17 136.0 174.0
33 27 29.0 20.0
26 1 199.0 196.0
26 10 140.0 15.0
32 21 96.0 51.0
5 19 65.0 39.0
15 10 39.0 9.0
26 2 106.0 50.0
20 6 147.0 195.0
13 29 92.0 128.0
27 12 183.0 43.0
1 25 45.0 123.0
7 29 65.0 141.0
16 6 31.0 82.0
5 20 50.0 70.0
7 28 159.0 108.0
14 30 146.0 106.0
23 16 135.0 190.0
27 5 60.0 118.0
21 6 179.0 105.0
11 28 167.0 44.0
31 30 43.0 150.0
1 22 63.0 93.0
7 17 94.0 22.0
2 27 128.0 40.0
21 2 128.0 15.0
20 1 13.0 188.0
5 21 152.0 192.0
27 3 81.0 71.0
27 10 36.0 124.0
9 17 143.0 51.0
5 22 29.0 37.0
19 24 171.0 109.0
23 4 180.0 99.0
5 16 41.0 194.0
8 18 83.0 145.0
16 12 145.0 164.0
13 12 89.0 133.0
13 26 182.0 33.0
16 29 114.0 12.0
20 24 16.0 85.0
25 16 160.0 196.0
25 4 63.0 153.0
29 31 112.0 146.0
22 8 59.0 57.0
10 19 113.0 148.0
18 21 89.0 95.0
18 9 160.0 3.0
28 22 179.0 176.0
23 1 3.0 91.0
29 25 100.0 18.0
22 15 163.0 164.0
18 12 32.0 174.0
19 8 196.0 145.0
20 10 164.0 85.0
15 32 33.0 76.0
15 13 59.0 164.0
15 33 148.0 14.0
25 11 195.0 48.0
30 1 78.0 159.0
2 25 54.0 111.0
19 9 169.0 2.0
20 29 54.0 133.0
25 32 161.0 87.0
11 18 95.0 172.0
26 24 159.0 43.0
18 10 120.0 107.0
2 23 145.0 198.0
18 13 64.0 199.0
8 24 23.0 33.0
15 16 71.0 77.0
15 11 95.0 184.0
23 5 180.0 190.0
3 26 163.0 92.0
10 13 37.0 83.0
14 17 24.0 182.0
22 9 117.0 88.0
21 10 126.0 141.0
9 21 120.0 197.0
29 2 112.0 167.0
30 3 35.0 93.0
9 20 125.0 150.0
30 2 161.0 162.0
22 6 67.0 185.0
4 28 115.0 185.0
13 21 139.0 193.0
26 28 40.0 60.0
16 17 168.0 152.0
10 22 137.0 3.0
33 9 126.0 15.0
32 1 111.0 87.0
27 4 55.0 179.0
27 7 198.0 171.0
3 28 194.0 138.0
3 29 136.0 34.0
7 26 19.0 104.0
26 9 71.0 108.0
23 8 56.0 197.0
31 3 79.0 168.0
24 3 113.0 86.0
20 15 9.0 111.0
10 24 185.0 155.0
14 16 129.0 122.0
11 23 161.0 100.0
16 18 51.0 184.0
5 30 89.0 107.0
15 19 33.0 120.0
22 12 93.0 146.0
4 22 94.0 54.0
17 11 10.0 31.0
32 4 129.0 91.0
30 6 18.0 42.0
32 10 140.0 21.0
22 13 132.0 29.0
12 30 186.0 117.0
6 23 123.0 32.0
14 31 83.0 169.0
6 28 0.0 94.0
18 15 38.0 129.0
12 25 33.0 8.0
17 18 64.0 173.0
26 11 18.0 148.0
23 13 58.0 156.0
20 16 152.0 134.0
9 27 75.0 36.0
19 14 163.0 28.0
9 16 196.0 1.0
27 13 136.0 181.0
29 22 101.0 0.0
21 14 163.0 71.0
12 24 93.0 174.0
30 10 195.0 198.0
17 21 172.0 23.0
27 20 183.0 135.0
31 8 146.0 180.0
24 11 90.0 34.0
14 24 128.0 191.0
30 8 101.0 92.0
8 28 163.0 146.0
19 32 41.0 159.0
21 16 46.0 165.0
33 17 49.0 30.0
22 14 39.0 147.0
6 32 143.0 81.0
25 10 56.0 72.0
16 22 83.0 109.0
17 22 12.0 46.0
11 31 35.0 5.0
28 13 180.0 81.0
17 20 164.0 182.0
9 29 197.0 156.0
17 24 136.0 140.0
27 21 102.0 145.0
32 12 166.0 185.0
26 16 119.0 130.0
10 31 89.0 154.0
26 17 82.0 69.0
33 29 172.0 199.0
3 33 52.0 169.0
14 27 55.0 189.0
29 27 59.0 157.0
11 32 107.0 177.0
14 28 76.0 26.0
20 30 103.0 165.0
28 16 66.0 137.0
7 31 27.0 39.0
9 31 36.0 32.0
33 2 49.0 43.0
32 13 151.0 108.0
32 5 30.0 58.0
30 18 189.0 107.0
29 11 136.0 44.0
20 28 2.0 2.0
30 15 162.0 181.0
6 33 24.0 150.0
17 19 197.0 73.0
29 19 97.0 101.0
19 26 116.0 79.0
31 22 116.0 106.0
19 31 174.0 4.0
31 15 155.0 128.0
14 26 154.0 69.0
30 11 166.0 131.0
21 30 13.0 115.0
31 17 13.0 62.0
23 21 28.0 129.0
33 19 195.0 96.0
27 22 126.0 122.0
24 27 12.0 81.0
31 16 140.0 119.0
19 23 189.0 58.0
33 5 0.0 3.0
31 18 22.0 165.0
16 33 144.0 2.0
20 32 76.0 91.0
29 17 11.0 3.0
9 32 80.0 176.0
29 10 164.0 20.0
30 23 7.0 154.0
29 23 98.0 8.0
31 6 190.0 72.0
27 26 7.0 86.0
22 11 76.0 35.0
27 31 111.0 87.0
32 30 70.0 143.0
3 2 111.0 186.0
28 25 102.0 119.0
26 25 80.0 152.0
26 31 177.0 70.0
24 30 23.0 136.0
33 25 132.0 99.0
5 13 45.0 195.0
4 2 168.0 67.0
25 31 153.0 80.0
32 28 99.0 56.0
27 16 34.0 179.0
28 31 83.0 163.0
5 7 99.0 58.0
25 23 41.0 31.0
30 28 154.0 86.0
28 27 125.0 122.0
32 33 104.0 78.0
30 25 183.0 4.0
22 32 32.0 170.0
33 21 150.0 67.0
18 33 112.0 49.0
22 33 83.0 105.0
22 18 130.0 37.0
33 28 6.0 7.0
33 30 20.0 111.0
20 25 123.0 155.0
23 28 43.0 107.0
32 14 100.0 146.0
7 30 88.0 164.0
23 32 192.0 123.0
31 13 60.0 74.0
20 23 91.0 66.0
0
