33 528 29 11 77516
16 31 112.0 92.0
15 11 164.0 70.0
31 14 78.0 46.0
5 3 173.0 92.0
4 1 114.0 62.0
13 12 19.0 117.0
11 26 197.0 196.0
1 22 34.0 40.0
18 20 176.0 98.0
28 5 141.0 140.0
16 26 32.0 171.0
4 8 79.0 6.0
27 24 120.0 145.0
1 20 103.0 139.0
13 4 199.0 52.0
25 6 154.0 185.0
23 13 67.0 130.0
15 21 154.0 160.0
12 22 104.0 186.0
14 33 51.0 135.0
24 1 181.0 171.0
19 27 106.0 36.0
30 28 72.0 105.0
31 29 60.0 178.0
8 29 139.0 79.0
14 8 44.0 93.0
27 32 24.0 149.0
31 24 189.0 75.0
23 16 164.0 122.0
7 1 59.0 70.0
28 6 130.0 83.0
32 9 153.0 190.0
4 3 54.0 93.0
15 7 138.0 50.0
5 2 195.0 162.0
24 16 105.0 136.0
31 26 95.0 21.0
9 3 168.0 154.0
2 9 45.0 98.0
28 15 173.0 150.0
22 9 77.0 179.0
14 18 0.0 15.0
17 15 169.0 147.0
30 4 153.0 74.0
29 28 168.0 0.0
10 25 165.0 136.0
2 7 147.0 10.0
24 29 43.0 121.0
3 10 138.0 120.0
25 13 64.0 90.0
27 14 182.0 33.0
17 26 25.0 87.0
20 33 150.0 193.0
22 30 43.0 115.0
4 29 1.0 142.0
13 1 145.0 44.0
7 8 198.0 35.0
20 2 19.0 14.0
5 6 94.0 153.0
7 5 119.0 119.0
2 30 178.0 69.0
24 3 119.0 21.0
29 17 155.0 72.0
14 16 47.0 52.0
21 10 187.0 197.0
9 17 82.0 158.0
31 10 24.0 128.0
12 18 135.0 143.0
12 10 114.0 113.0
10 17 19.0 185.0
33 10 132.0 174.0
23 26 63.0 131.0
6 7 184.0 50.0
26 28 9.0 66.0
4 12 128.0 185.0
27 15 161.0 63.0
10 4 99.0 27.0
7 32 15.0 118.0
6 26 101.0 148.0
16 11 193.0 164.0
20 14 157.0 177.0
8 18 152.0 118.0
29 20 88.0 80.0
2 14 181.0 49.0
2 31 85.0 32.0
27 28 63.0 100.0
18 23 121.0 116.0
1 25 96.0 114.0
2 4 126.0 6.0
22 26 30.0 30.0
13 7 116.0 118.0
18 26 28.0 49.0
5 9 35.0 113.0
18 28 131.0 50.0
16 3 102.0 4.0
25 14 197.0 198.0
16 25 1.0 75.0
16 18 13.0 183.0
22 18 124.0 81.0
10 6 119.0 104.0
31 6 149.0 154.0
31 25 4.0 32.0
8 5 74.0 58.0
25 22 171.0 23.0
11 9 94.0 172.0
24 26 26.0 59.0
8 19 36.0 102.0
10 1 35.0 155.0
6 23 61.0 184.0
12 11 142.0 18.0
24 4 62.0 16.0
25 21 99.0 34.0
27 30 196.0 145.0
21 7 130.0 22.0
25 9 16.0 167.0
7 20 57.0 4.0
7 31 3.0 119.0
9 28 65.0 146.0
11 5 51.0 80.0
19 31 43.0 150.0
12 1 194.0 40.0
13 19 198.0 125.0
26 12 173.0 166.0
29 16 55.0 31.0
14 23 172.0 58.0
15 32 156.0 37.0
1 14 121.0 7.0
22 11 160.0 116.0
18 13 9.0 154.0
32 23 14.0 159.0
10 5 146.0 187.0
16 1 63.0 1.0
15 8 15.0 35.0
5 14 87.0 124.0
7 29 78.0 160.0
1 11 102.0 38.0
8 23 156.0 63.0
8 3 3.0 170.0
27 9 53.0 101.0
4 28 56.0 69.0
1 28 186.0 24.0
6 13 176.0 73.0
6 11 128.0 54.0
2 6 94.0 182.0
28 10 116.0 2.0
22 33 26.0 72.0
9 16 66.0 79.0
9 1 198.0 122.0
2 15 38.0 184.0
11 13 182.0 14.0
23 10 103.0 62.0
11 3 53.0 150.0
27 10 16.0 169.0
8 6 63.0 194.0
6 30 99.0 81.0
29 12 131.0 97.0
11 30 52.0 169.0
9 23 36.0 34.0
5 12 69.0 139.0
4 17 89.0 74.0
25 24 175.0 57.0
10 7 108.0 190.0
29 1 50.0 7.0
7 4 32.0 181.0
6 24 83.0 37.0
5 4 91.0 119.0
20 26 166.0 112.0
10 26 198.0 7.0
17 21 123.0 125.0
20 8 192.0 183.0
1 8 116.0 194.0
4 9 39.0 101.0
29 3 118.0 74.0
1 3 186.0 161.0
28 22 159.0 104.0
9 8 98.0 109.0
10 29 44.0 173.0
1 32 39.0 188.0
1 5 48.0 156.0
10 20 189.0 87.0
20 24 60.0 59.0
26 14 166.0 46.0
2 11 59.0 125.0
2 18 143.0 110.0
11 27 75.0 187.0
26 8 90.0 66.0
2 8 20.0 139.0
19 30 178.0 162.0
21 28 150.0 191.0
8 27 89.0 116.0
6 16 107.0 101.0
31 23 106.0 51.0
17 1 86.0 133.0
22 32 28.0 129.0
31 30 6.0 0.0
24 5 90.0 136.0
33 6 178.0 193.0
33 17 161.0 68.0
32 29 188.0 21.0
8 10 26.0 47.0
9 6 84.0 65.0
2 16 59.0 64.0
25 3 12.0 17.0
7 9 163.0 103.0
15 10 54.0 142.0
9 10 165.0 167.0
11 23 15.0 105.0
12 17 179.0 193.0
6 14 121.0 15.0
17 23 66.0 180.0
7 11 76.0 79.0
17 7 88.0 40.0
16 4 91.0 142.0
21 20 131.0 8.0
8 13 62.0 146.0
17 2 7.0 193.0
30 32 2.0 81.0
19 21 90.0 69.0
29 2 66.0 166.0
15 4 16.0 106.0
32 11 188.0 59.0
28 23 159.0 71.0
33 32 56.0 174.0
4 11 59.0 16.0
12 24 73.0 61.0
11 25 73.0 163.0
14 4 64.0 91.0
33 19 133.0 32.0
27 5 107.0 73.0
27 25 198.0 18.0
6 12 23.0 6.0
20 5 144.0 82.0
21 1 182.0 170.0
16 5 9.0 7.0
27 20 56.0 25.0
5 15 198.0 141.0
3 18 118.0 57.0
13 5 74.0 68.0
15 3 132.0 97.0
9 12 168.0 76.0
20 9 6.0 102.0
3 22 99.0 167.0
13 3 161.0 107.0
27 7 161.0 159.0
7 12 174.0 79.0
22 16 112.0 48.0
2 19 174.0 196.0
30 5 58.0 143.0
14 9 107.0 16.0
3 20 20.0 158.0
15 6 36.0 182.0
29 15 81.0 197.0
8 11 106.0 56.0
7 33 52.0 170.0
13 9 184.0 27.0
12 3 117.0 42.0
21 2 179.0 24.0
11 10 124.0 199.0
21 3 171.0 112.0
2 12 193.0 53.0
33 15 64.0 99.0
1 15 24.0 68.0
19 3 33.0 8.0
6 1 89.0 151.0
33 12 9.0 68.0
18 5 63.0 85.0
9 29 84.0 35.0
2 10 195.0 77.0
19 6 122.0 11.0
8 12 40.0 98.0
22 4 96.0 73.0
31 32 124.0 185.0
11 20 14.0 85.0
3 17 82.0 30.0
5 17 25.0 166.0
7 14 14.0 172.0
10 14 24.0 88.0
13 10 93.0 64.0
4 20 156.0 190.0
5 29 170.0 32.0
6 17 62.0 136.0
24 23 6.0 144.0
30 14 48.0 183.0
14 11 132.0 62.0
33 26 56.0 156.0
28 32 136.0 150.0
3 14 127.0 44.0
3 7 104.0 49.0
18 7 184.0 118.0
21 4 144.0 142.0
7 19 133.0 192.0
31 17 74.0 17.0
23 1 0.0 130.0
19 4 159.0 88.0
19 5 96.0 38.0
1 18 57.0 0.0
24 28 130.0 193.0
21 5 162.0 74.0
25 17 196.0 47.0
33 1 184.0 70.0
12 14 88.0 136.0
26 2 61.0 199.0
18 9 172.0 157.0
18 24 151.0 181.0
16 28 66.0 34.0
16 8 73.0 28.0
26 4 105.0 69.0
6 20 83.0 41.0
17 27 180.0 123.0
5 22 117.0 42.0
16 7 37.0 41.0
19 9 90.0 141.0
8 33 9.0 157.0
23 2 19.0 82.0
14 28 58.0 124.0
21 11 142.0 94.0
24 2 105.0 122.0
12 27 52.0 174.0
33 28 177.0 89.0
8 28 139.0 20.0
25 8 97.0 148.0
15 12 184.0 116.0
4 18 33.0 42.0
3 23 62.0 175.0
25 2 198.0 119.0
26 27 186.0 50.0
19 11 52.0 115.0
21 6 31.0 191.0
25 5 83.0 80.0
13 14 161.0 67.0
22 20 155.0 146.0
22 23 56.0 169.0
14 15 40.0 6.0
20 16 195.0 178.0
26 19 21.0 199.0
3 2 198.0 5.0
9 15 108.0 81.0
21 13 79.0 69.0
30 23 63.0 186.0
8 17 163.0 71.0
2 28 130.0 155.0
23 4 185.0 78.0
13 16 9.0 6.0
5 23 6.0 7.0
21 9 187.0 114.0
15 13 6.0 18.0
8 21 192.0 21.0
18 11 157.0 155.0
30 18 112.0 39.0
26 5 24.0 97.0
7 30 167.0 186.0
27 3 20.0 125.0
19 32 78.0 159.0
19 15 79.0 36.0
3 26 198.0 23.0
29 19 81.0 155.0
6 3 189.0 193.0
22 10 11.0 13.0
25 12 165.0 130.0
11 17 83.0 137.0
24 7 22.0 161.0
8 22 62.0 101.0
12 19 119.0 60.0
6 22 198.0 0.0
30 1 130.0 187.0
23 7 134.0 141.0
7 22 49.0 51.0
25 32 172.0 132.0
20 12 117.0 194.0
25 4 60.0 132.0
24 8 81.0 179.0
17 16 178.0 80.0
27 4 114.0 108.0
22 24 125.0 0.0
13 20 198.0 126.0
9 24 133.0 170.0
13 22 157.0 50.0
1 26 192.0 169.0
15 18 191.0 73.0
1 27 157.0 169.0
18 10 193.0 23.0
31 3 150.0 70.0
17 14 20.0 100.0
2 27 121.0 105.0
20 17 8.0 30.0
23 33 169.0 0.0
2 32 178.0 112.0
21 12 104.0 87.0
12 32 140.0 97.0
18 17 161.0 42.0
2 22 133.0 181.0
25 7 8.0 6.0
14 21 36.0 168.0
17 32 86.0 157.0
27 21 76.0 16.0
6 29 164.0 180.0
7 28 100.0 56.0
16 12 123.0 62.0
10 24 12.0 56.0
30 3 180.0 172.0
22 31 189.0 168.0
27 29 158.0 75.0
22 14 48.0 186.0
6 27 114.0 12.0
17 19 51.0 14.0
7 26 14.0 126.0
20 30 10.0 26.0
30 8 198.0 142.0
24 11 104.0 187.0
33 16 181.0 14.0
13 33 157.0 29.0
26 9 20.0 71.0
15 20 83.0 23.0
4 31 42.0 97.0
3 32 183.0 4.0
27 31 166.0 133.0
32 4 43.0 70.0
19 10 96.0 176.0
26 13 156.0 53.0
32 6 115.0 128.0
21 22 131.0 198.0
33 5 89.0 125.0
15 23 45.0 24.0
22 15 35.0 11.0
10 32 69.0 30.0
17 22 153.0 117.0
21 16 65.0 61.0
24 14 63.0 132.0
13 17 99.0 147.0
9 30 196.0 140.0
16 15 85.0 41.0
23 12 105.0 73.0
13 27 154.0 174.0
5 31 177.0 107.0
3 28 163.0 195.0
19 20 109.0 179.0
15 24 35.0 8.0
8 32 160.0 183.0
19 1 141.0 46.0
31 9 169.0 198.0
19 18 140.0 123.0
32 5 134.0 70.0
29 11 167.0 49.0
28 12 106.0 76.0
8 31 161.0 94.0
29 13 155.0 121.0
22 19 138.0 48.0
13 31 117.0 108.0
21 23 44.0 57.0
6 4 70.0 178.0
30 10 41.0 189.0
33 4 67.0 99.0
21 18 191.0 28.0
17 24 181.0 147.0
28 11 163.0 119.0
23 20 70.0 80.0
3 33 129.0 115.0
25 15 66.0 152.0
13 30 34.0 59.0
32 13 13.0 101.0
17 28 79.0 4.0
11 33 3.0 60.0
12 30 149.0 167.0
20 25 74.0 172.0
15 26 163.0 155.0
25 18 110.0 181.0
25 23 160.0 96.0
28 13 158.0 173.0
31 11 164.0 37.0
27 18 36.0 168.0
20 28 92.0 137.0
14 29 32.0 118.0
16 32 33.0 195.0
19 28 86.0 95.0
19 24 174.0 198.0
31 15 122.0 133.0
27 16 37.0 86.0
18 29 1.0 25.0
33 2 84.0 93.0
30 17 173.0 116.0
19 25 73.0 6.0
31 12 63.0 159.0
30 21 88.0 37.0
32 18 85.0 162.0
31 20 65.0 122.0
31 18 4.0 18.0
14 32 87.0 88.0
32 20 14.0 12.0
31 28 114.0 40.0
21 29 19.0 177.0
21 26 141.0 59.0
30 25 86.0 26.0
33 31 181.0 103.0
19 14 16.0 185.0
16 19 114.0 103.0
25 28 106.0 129.0
22 27 62.0 20.0
15 30 181.0 33.0
22 29 110.0 123.0
31 1 88.0 149.0
21 33 3.0 69.0
29 23 14.0 19.0
24 33 15.0 129.0
29 26 181.0 121.0
21 32 3.0 195.0
1 2 17.0 185.0
33 29 140.0 79.0
26 30 12.0 29.0
13 2 111.0 15.0
10 16 186.0 77.0
32 26 5.0 2.0
25 29 51.0 186.0
26 25 69.0 55.0
32 24 189.0 86.0
30 29 109.0 129.0
25 33 179.0 121.0
18 6 114.0 42.0
9 33 186.0 101.0
27 23 199.0 191.0
30 16 156.0 50.0
21 24 178.0 25.0
23 19 197.0 167.0
24 30 176.0 59.0
24 13 168.0 108.0
21 31 97.0 35.0
27 33 53.0 83.0
33 18 129.0 52.0
30 33 19.0 85.0
0
