36 630 20 35 104779
20 27 115.0 15.0
11 29 166.0 148.0
8 2 127.0 113.0
2 10 10.0 115.0
34 25 126.0 152.0
21 12 133.0 118.0
4 17 195.0 92.0
15 12 114.0 20.0
2 32 40.0 181.0
5 2 115.0 6.0
4 16 82.0 194.0
7 18 43.0 93.0
23 18 70.0 169.0
8 5 23.0 3.0
25 8 183.0 18.0
19 7 116.0 97.0
19 23 166.0 108.0
5 3 87.0 33.0
18 16 183.0 169.0
33 35 66.0 26.0
16 5 71.0 136.0
33 24 40.0 46.0
12 10 173.0 175.0
32 21 137.0 41.0
8 18 167.0 55.0
20 9 104.0 54.0
24 12 4.0 39.0
11 7 1.0 70.0
7 5 98.0 25.0
23 28 93.0 90.0
1 7 0.0 19.0
27 17 49.0 89.0
35 6 81.0 168.0
14 19 101.0 138.0
31 34 140.0 57.0
20 12 9.0 93.0
11 3 193.0 59.0
31 15 86.0 86.0
21 2 114.0 86.0
14 1 32.0 164.0
18 9 58.0 113.0
28 4 9.0 111.0
18 5 128.0 101.0
33 31 190.0 90.0
34 18 159.0 183.0
32 35 75.0 45.0
16 25 197.0 190.0
5 1 85.0 29.0
31 32 49.0 95.0
15 16 183.0 10.0
20 4 175.0 112.0
35 3 123.0 166.0
20 6 59.0 34.0
20 36 51.0 86.0
4 29 79.0 0.0
35 15 77.0 116.0
26 9 127.0 78.0
24 10 146.0 111.0
13 12 58.0 74.0
14 21 184.0 133.0
26 36 169.0 195.0
16 19 18.0 20.0
27 33 197.0 50.0
27 3 31.0 26.0
27 5 101.0 159.0
30 15 98.0 48.0
26 35 78.0 108.0
35 11 159.0 14.0
26 23 112.0 128.0
21 17 106.0 131.0
30 26 27.0 55.0
8 10 30.0 59.0
31 11 35.0 83.0
25 24 141.0 133.0
2 19 71.0 19.0
29 22 197.0 183.0
8 32 191.0 110.0
29 26 141.0 50.0
31 14 177.0 120.0
4 12 181.0 159.0
2 4 93.0 168.0
13 1 132.0 186.0
3 8 84.0 155.0
12 7 90.0 81.0
3 20 22.0 34.0
9 21 14.0 115.0
14 8 32.0 192.0
20 32 68.0 13.0
2 11 121.0 162.0
3 4 84.0 5.0
31 17 153.0 120.0
11 1 157.0 43.0
10 6 185.0 131.0
8 6 55.0 0.0
30 17 48.0 87.0
28 30 90.0 117.0
24 36 175.0 163.0
4 5 141.0 59.0
21 28 131.0 94.0
17 19 181.0 40.0
24 4 129.0 167.0
26 20 51.0 184.0
16 28 158.0 99.0
21 1 63.0 0.0
3 12 131.0 38.0
28 14 12.0 24.0
9 6 17.0 143.0
14 25 24.0 198.0
8 30 125.0 105.0
13 18 99.0 128.0
10 4 93.0 58.0
5 11 147.0 109.0
6 5 105.0 30.0
6 36 81.0 117.0
31 30 183.0 50.0
10 7 56.0 159.0
1 8 155.0 181.0
7 14 123.0 6.0
34 5 37.0 169.0
32 3 1.0 184.0
30 20 78.0 58.0
19 9 148.0 160.0
2 27 90.0 131.0
24 35 82.0 146.0
24 21 118.0 189.0
14 36 182.0 193.0
21 11 191.0 171.0
13 25 170.0 144.0
24 15 97.0 48.0
23 21 175.0 45.0
12 29 86.0 17.0
6 1 78.0 168.0
21 34 89.0 148.0
14 26 69.0 24.0
2 6 96.0 12.0
12 33 178.0 66.0
11 16 145.0 75.0
16 17 150.0 120.0
9 35 171.0 37.0
35 30 2.0 1.0
10 1 20.0 43.0
10 3 146.0 89.0
20 10 166.0 195.0
22 18 71.0 145.0
12 1 108.0 16.0
30 22 197.0 58.0
4 8 33.0 120.0
14 2 120.0 187.0
27 19 65.0 140.0
31 22 65.0 163.0
11 23 91.0 183.0
21 13 4.0 162.0
6 12 2.0 112.0
3 14 199.0 199.0
7 9 127.0 32.0
13 4 16.0 47.0
2 24 155.0 33.0
25 1 2.0 172.0
6 3 31.0 45.0
17 33 193.0 187.0
4 6 111.0 195.0
28 12 49.0 110.0
36 7 12.0 177.0
26 1 170.0 180.0
5 22 36.0 78.0
23 35 69.0 39.0
3 1 99.0 100.0
33 28 87.0 44.0
7 4 18.0 198.0
14 4 110.0 68.0
7 30 19.0 122.0
10 16 137.0 142.0
1 33 78.0 174.0
1 16 85.0 99.0
2 16 46.0 136.0
8 17 130.0 133.0
33 13 15.0 149.0
33 14 99.0 125.0
9 4 187.0 118.0
24 13 75.0 77.0
9 32 111.0 106.0
9 14 17.0 196.0
14 13 196.0 15.0
9 34 189.0 78.0
7 8 129.0 156.0
29 3 114.0 28.0
11 36 41.0 102.0
3 15 0.0 68.0
9 3 150.0 111.0
17 32 137.0 119.0
3 13 7.0 85.0
1 24 125.0 148.0
3 7 43.0 6.0
16 3 77.0 110.0
11 17 149.0 70.0
12 23 77.0 101.0
26 33 45.0 179.0
8 31 166.0 182.0
34 20 77.0 126.0
23 3 77.0 154.0
13 2 174.0 121.0
6 13 186.0 3.0
20 18 90.0 87.0
5 26 77.0 119.0
6 7 177.0 122.0
9 2 190.0 143.0
24 26 105.0 19.0
5 14 131.0 135.0
36 13 187.0 58.0
16 22 186.0 173.0
20 1 51.0 28.0
14 6 107.0 128.0
10 23 49.0 84.0
27 36 181.0 191.0
12 2 1.0 38.0
14 34 128.0 84.0
7 13 172.0 67.0
18 1 195.0 158.0
9 11 158.0 46.0
22 23 34.0 65.0
9 30 186.0 36.0
9 16 185.0 167.0
19 10 183.0 138.0
5 13 16.0 63.0
26 31 25.0 189.0
31 12 183.0 20.0
15 11 171.0 141.0
13 35 72.0 158.0
8 35 195.0 58.0
14 22 68.0 181.0
32 36 170.0 3.0
19 24 12.0 186.0
18 4 128.0 189.0
32 23 161.0 111.0
13 9 125.0 84.0
17 5 125.0 197.0
33 5 162.0 120.0
12 8 120.0 30.0
6 15 19.0 90.0
2 17 106.0 31.0
5 9 31.0 186.0
24 6 115.0 192.0
20 2 167.0 40.0
8 15 60.0 44.0
15 13 31.0 22.0
10 11 95.0 152.0
18 35 146.0 114.0
4 31 28.0 4.0
11 8 6.0 59.0
20 5 44.0 73.0
2 35 56.0 163.0
9 36 150.0 116.0
28 35 45.0 181.0
31 6 188.0 92.0
5 28 103.0 86.0
2 15 32.0 83.0
9 12 23.0 190.0
16 20 84.0 67.0
18 27 33.0 92.0
11 12 16.0 183.0
9 8 50.0 62.0
19 11 34.0 190.0
18 25 26.0 138.0
4 11 150.0 58.0
4 1 167.0 125.0
6 16 193.0 3.0
7 17 115.0 179.0
3 19 60.0 131.0
5 15 34.0 62.0
5 19 21.0 68.0
17 35 102.0 48.0
25 3 0.0 4.0
20 22 27.0 120.0
18 12 47.0 172.0
8 20 180.0 114.0
15 4 145.0 193.0
2 18 99.0 131.0
8 13 196.0 73.0
11 30 42.0 99.0
12 32 94.0 195.0
34 24 58.0 121.0
15 7 162.0 58.0
30 33 111.0 142.0
15 32 18.0 9.0
16 29 107.0 69.0
7 16 155.0 103.0
36 23 147.0 149.0
2 22 43.0 41.0
25 2 50.0 101.0
6 28 6.0 12.0
5 31 6.0 118.0
5 12 89.0 24.0
3 18 64.0 196.0
11 13 4.0 19.0
18 6 112.0 151.0
19 6 124.0 107.0
36 25 20.0 174.0
21 6 108.0 27.0
17 6 191.0 114.0
15 10 43.0 32.0
18 33 125.0 107.0
36 35 133.0 129.0
21 3 64.0 197.0
19 4 140.0 188.0
34 4 41.0 113.0
10 33 2.0 149.0
11 14 13.0 145.0
35 22 195.0 8.0
34 13 37.0 73.0
11 27 97.0 122.0
16 13 68.0 161.0
21 19 97.0 160.0
2 34 174.0 138.0
30 12 106.0 129.0
9 15 113.0 71.0
22 4 113.0 61.0
33 11 46.0 102.0
1 30 179.0 96.0
14 12 177.0 47.0
5 21 32.0 27.0
10 5 55.0 159.0
10 17 164.0 113.0
17 3 22.0 29.0
14 27 117.0 88.0
10 13 17.0 115.0
19 1 16.0 196.0
22 33 84.0 146.0
1 23 93.0 69.0
7 21 199.0 100.0
12 16 86.0 163.0
28 2 168.0 61.0
8 22 12.0 37.0
2 7 59.0 29.0
8 16 137.0 75.0
10 30 129.0 173.0
25 4 37.0 175.0
19 8 194.0 36.0
22 17 144.0 33.0
9 17 180.0 64.0
27 1 38.0 144.0
23 14 18.0 97.0
28 18 172.0 107.0
17 13 45.0 102.0
10 18 1.0 82.0
25 19 98.0 148.0
35 34 119.0 42.0
4 32 126.0 52.0
17 29 62.0 164.0
23 27 73.0 32.0
8 36 37.0 45.0
33 36 199.0 82.0
6 23 81.0 152.0
6 22 161.0 179.0
14 30 164.0 33.0
25 6 41.0 90.0
3 22 155.0 55.0
1 28 112.0 28.0
1 22 103.0 149.0
5 25 102.0 54.0
29 28 39.0 135.0
2 23 93.0 1.0
4 23 72.0 57.0
9 10 104.0 113.0
8 23 128.0 12.0
25 9 188.0 40.0
27 6 192.0 43.0
20 7 26.0 94.0
22 7 116.0 17.0
28 3 86.0 9.0
18 11 27.0 158.0
21 10 26.0 84.0
29 5 0.0 106.0
13 27 59.0 140.0
32 1 165.0 51.0
19 13 43.0 143.0
31 21 77.0 159.0
16 30 39.0 163.0
5 23 59.0 67.0
26 6 89.0 85.0
5 24 39.0 90.0
3 24 128.0 98.0
19 22 152.0 45.0
31 9 180.0 195.0
10 22 136.0 57.0
26 4 168.0 127.0
12 17 144.0 27.0
11 20 48.0 186.0
24 8 144.0 40.0
26 3 177.0 24.0
25 31 94.0 129.0
3 30 167.0 75.0
21 29 60.0 55.0
2 30 104.0 28.0
21 8 27.0 1.0
7 23 22.0 75.0
7 26 177.0 118.0
19 15 102.0 106.0
4 27 79.0 196.0
15 14 97.0 46.0
22 11 165.0 109.0
17 15 166.0 70.0
9 22 63.0 193.0
1 29 129.0 37.0
25 28 198.0 106.0
29 2 166.0 100.0
6 30 66.0 45.0
19 12 180.0 115.0
4 21 86.0 146.0
9 23 57.0 53.0
8 27 153.0 120.0
7 25 12.0 82.0
34 1 65.0 10.0
8 26 58.0 31.0
15 18 136.0 124.0
28 7 121.0 117.0
14 10 176.0 8.0
16 14 22.0 185.0
36 30 183.0 175.0
2 26 182.0 195.0
18 26 7.0 48.0
17 24 84.0 65.0
17 18 84.0 21.0
7 29 149.0 5.0
31 1 184.0 77.0
27 12 38.0 158.0
21 26 87.0 21.0
4 30 195.0 69.0
24 11 194.0 2.0
10 25 113.0 30.0
3 31 95.0 197.0
13 23 94.0 44.0
29 6 194.0 78.0
14 20 105.0 32.0
26 10 15.0 144.0
22 12 195.0 11.0
32 34 136.0 141.0
17 1 147.0 49.0
24 23 116.0 43.0
33 4 169.0 163.0
33 2 146.0 115.0
3 33 103.0 52.0
30 25 127.0 119.0
26 11 198.0 74.0
24 32 185.0 134.0
9 24 65.0 132.0
19 28 135.0 134.0
3 34 176.0 56.0
22 15 120.0 75.0
5 36 177.0 24.0
35 1 142.0 104.0
20 17 128.0 140.0
27 9 36.0 65.0
13 22 49.0 53.0
34 8 44.0 184.0
25 11 175.0 173.0
10 29 37.0 47.0
28 20 106.0 14.0
21 15 151.0 48.0
1 36 99.0 32.0
32 5 33.0 87.0
35 4 77.0 82.0
5 30 116.0 73.0
14 17 25.0 43.0
16 21 29.0 62.0
29 8 137.0 136.0
12 25 5.0 88.0
28 11 196.0 104.0
8 28 169.0 29.0
9 28 115.0 46.0
23 15 191.0 32.0
32 6 173.0 16.0
27 10 185.0 2.0
27 7 62.0 74.0
20 15 104.0 67.0
16 24 157.0 52.0
12 26 149.0 126.0
22 34 76.0 65.0
18 14 171.0 19.0
7 32 195.0 144.0
16 23 76.0 180.0
13 26 64.0 138.0
18 21 107.0 120.0
34 6 194.0 16.0
18 19 151.0 143.0
13 28 169.0 28.0
26 28 86.0 92.0
32 30 4.0 81.0
7 33 77.0 32.0
10 31 139.0 94.0
7 34 7.0 199.0
15 26 193.0 1.0
15 25 130.0 144.0
2 1 19.0 51.0
36 4 63.0 57.0
5 35 125.0 67.0
33 6 170.0 154.0
27 25 54.0 61.0
15 27 2.0 61.0
21 20 138.0 147.0
7 35 73.0 69.0
29 33 196.0 44.0
17 34 5.0 59.0
10 34 94.0 82.0
13 31 105.0 64.0
24 18 100.0 159.0
23 29 118.0 54.0
32 11 51.0 57.0
17 23 69.0 77.0
20 19 71.0 17.0
20 33 166.0 76.0
31 20 37.0 61.0
13 29 185.0 94.0
32 14 198.0 38.0
22 21 165.0 116.0
21 25 147.0 16.0
32 13 106.0 168.0
10 32 94.0 177.0
33 9 71.0 12.0
20 13 64.0 60.0
15 28 162.0 2.0
16 26 185.0 112.0
9 29 34.0 102.0
20 24 110.0 133.0
13 30 83.0 168.0
31 18 3.0 129.0
23 20 19.0 75.0
25 17 174.0 35.0
20 25 153.0 136.0
12 34 114.0 90.0
36 10 136.0 100.0
10 35 27.0 198.0
12 36 126.0 62.0
16 27 118.0 129.0
33 8 3.0 89.0
26 19 86.0 177.0
28 10 95.0 39.0
28 17 145.0 161.0
35 12 185.0 33.0
31 16 135.0 164.0
35 19 166.0 61.0
36 3 6.0 36.0
31 2 191.0 161.0
16 32 67.0 77.0
22 27 120.0 115.0
15 33 73.0 17.0
22 28 138.0 59.0
23 25 137.0 74.0
20 29 27.0 55.0
15 36 178.0 185.0
26 17 121.0 121.0
19 32 43.0 189.0
15 34 171.0 163.0
18 32 175.0 44.0
26 22 121.0 65.0
36 18 137.0 58.0
36 17 161.0 116.0
30 19 76.0 91.0
19 31 87.0 197.0
21 35 136.0 130.0
19 34 31.0 107.0
28 24 111.0 6.0
30 18 142.0 32.0
31 7 198.0 31.0
24 22 15.0 159.0
16 33 50.0 43.0
26 27 132.0 137.0
22 32 126.0 20.0
14 35 137.0 157.0
31 36 93.0 1.0
2 36 157.0 35.0
35 16 135.0 155.0
24 30 167.0 151.0
24 14 38.0 18.0
31 24 119.0 122.0
27 24 135.0 197.0
16 34 155.0 25.0
31 23 63.0 49.0
29 25 87.0 173.0
29 27 173.0 175.0
34 23 169.0 140.0
30 21 12.0 159.0
19 36 41.0 83.0
23 33 148.0 128.0
32 25 63.0 56.0
33 21 95.0 78.0
36 16 196.0 134.0
29 30 135.0 169.0
22 36 164.0 57.0
35 25 190.0 176.0
19 33 177.0 183.0
25 26 85.0 78.0
32 29 5.0 100.0
31 28 132.0 52.0
21 27 122.0 81.0
31 27 187.0 57.0
24 29 189.0 151.0
28 34 85.0 131.0
27 35 37.0 62.0
32 26 52.0 74.0
27 28 169.0 9.0
29 15 143.0 54.0
30 34 48.0 17.0
25 33 106.0 35.0
35 20 24.0 47.0
11 6 109.0 109.0
32 33 128.0 98.0
1 9 194.0 133.0
23 30 108.0 164.0
34 33 4.0 3.0
28 36 146.0 4.0
35 29 188.0 52.0
18 29 45.0 12.0
31 35 27.0 106.0
34 26 12.0 156.0
32 28 29.0 159.0
29 14 91.0 89.0
32 27 150.0 47.0
27 30 112.0 48.0
29 19 21.0 100.0
36 34 182.0 66.0
27 34 134.0 162.0
22 25 58.0 146.0
15 1 198.0 87.0
29 31 25.0 90.0
29 34 87.0 127.0
29 36 136.0 152.0
7 24 181.0 157.0
21 36 54.0 116.0
3 2 29.0 188.0
11 34 11.0 88.0
0
