35 595 9 12 81030
27 16 174.0 167.0
7 14 195.0 162.0
9 4 174.0 179.0
20 33 58.0 84.0
1 29 171.0 122.0
6 26 97.0 90.0
2 26 5.0 173.0
30 34 40.0 122.0
15 35 120.0 166.0
13 32 67.0 67.0
35 9 101.0 194.0
6 19 3.0 159.0
12 30 94.0 126.0
32 2 123.0 191.0
27 7 142.0 128.0
6 1 174.0 183.0
12 7 65.0 46.0
15 34 194.0 133.0
20 5 146.0 95.0
23 7 134.0 101.0
1 13 4.0 180.0
4 6 24.0 127.0
3 4 182.0 167.0
13 23 100.0 108.0
29 30 138.0 165.0
6 11 84.0 84.0
15 22 87.0 30.0
28 23 130.0 173.0
35 19 107.0 134.0
2 34 115.0 132.0
11 25 77.0 50.0
12 34 156.0 177.0
29 35 133.0 46.0
11 1 74.0 169.0
34 25 151.0 113.0
24 29 195.0 33.0
24 35 19.0 102.0
33 35 104.0 87.0
7 1 38.0 133.0
23 18 160.0 195.0
17 19 101.0 45.0
20 25 137.0 128.0
27 9 49.0 40.0
3 6 175.0 196.0
5 30 28.0 147.0
6 32 123.0 132.0
9 28 170.0 161.0
10 12 36.0 83.0
31 26 26.0 89.0
16 35 13.0 115.0
9 7 195.0 14.0
24 2 78.0 122.0
8 17 99.0 58.0
13 29 130.0 22.0
21 15 40.0 53.0
3 29 42.0 28.0
19 28 15.0 20.0
28 22 50.0 28.0
5 4 177.0 197.0
17 35 20.0 7.0
4 7 100.0 119.0
22 33 121.0 31.0
12 32 18.0 113.0
25 12 92.0 13.0
5 24 98.0 108.0
22 24 117.0 148.0
4 8 89.0 95.0
19 5 109.0 109.0
33 10 33.0 162.0
19 21 49.0 107.0
17 16 57.0 19.0
28 8 173.0 149.0
9 20 139.0 71.0
21 2 133.0 57.0
21 5 188.0 23.0
2 8 183.0 50.0
26 33 188.0 168.0
18 16 138.0 189.0
7 6 162.0 195.0
7 5 11.0 135.0
8 3 108.0 103.0
27 8 101.0 193.0
24 19 78.0 89.0
24 30 70.0 13.0
4 18 60.0 11.0
10 26 57.0 150.0
2 23 155.0 19.0
17 27 4.0 118.0
17 22 97.0 64.0
6 15 53.0 150.0
34 11 183.0 84.0
17 30 35.0 53.0
9 6 193.0 47.0
3 14 178.0 2.0
1 35 41.0 85.0
3 25 49.0 197.0
23 27 63.0 146.0
2 9 1.0 68.0
10 25 172.0 184.0
20 15 137.0 159.0
27 18 23.0 82.0
31 23 100.0 153.0
22 10 43.0 142.0
34 35 20.0 44.0
4 24 176.0 35.0
1 9 81.0 177.0
26 29 66.0 5.0
8 11 108.0 156.0
28 24 129.0 131.0
5 2 38.0 29.0
22 19 119.0 34.0
31 29 120.0 91.0
1 10 13.0 48.0
9 23 95.0 46.0
8 7 192.0 162.0
10 4 93.0 53.0
4 2 184.0 22.0
14 19 49.0 174.0
15 9 46.0 168.0
3 1 108.0 166.0
11 2 74.0 74.0
13 3 33.0 121.0
22 1 45.0 25.0
9 5 14.0 90.0
18 10 140.0 150.0
6 10 99.0 190.0
19 26 172.0 145.0
3 7 13.0 80.0
30 27 20.0 87.0
15 7 55.0 5.0
7 21 102.0 53.0
14 29 180.0 116.0
4 17 28.0 72.0
3 10 27.0 79.0
8 5 199.0 199.0
35 11 68.0 13.0
14 28 117.0 40.0
34 6 10.0 173.0
5 6 192.0 112.0
7 11 81.0 172.0
1 5 140.0 61.0
12 11 88.0 168.0
32 33 107.0 88.0
20 29 138.0 127.0
15 1 119.0 7.0
32 8 96.0 81.0
21 29 32.0 88.0
16 4 123.0 65.0
6 33 173.0 15.0
2 7 136.0 14.0
14 10 102.0 195.0
1 12 12.0 192.0
5 23 111.0 83.0
30 20 195.0 7.0
25 28 34.0 179.0
31 10 22.0 109.0
3 5 191.0 148.0
16 13 163.0 127.0
22 8 123.0 18.0
33 23 192.0 87.0
10 19 199.0 55.0
15 5 101.0 146.0
32 16 74.0 87.0
2 33 45.0 96.0
33 12 182.0 36.0
24 31 174.0 98.0
15 2 187.0 49.0
9 10 193.0 131.0
16 2 51.0 144.0
5 13 165.0 152.0
23 21 40.0 39.0
15 4 111.0 85.0
12 2 195.0 45.0
4 34 178.0 121.0
20 2 90.0 117.0
23 11 24.0 35.0
6 35 42.0 27.0
7 33 140.0 159.0
30 35 113.0 132.0
1 8 75.0 176.0
24 7 32.0 70.0
9 8 128.0 162.0
31 7 127.0 18.0
29 19 73.0 103.0
30 18 157.0 115.0
15 25 138.0 49.0
6 8 16.0 3.0
14 5 43.0 92.0
1 17 70.0 27.0
22 7 173.0 198.0
13 33 155.0 100.0
28 31 159.0 28.0
14 6 52.0 116.0
13 2 99.0 143.0
31 22 100.0 116.0
22 4 79.0 95.0
4 11 29.0 101.0
3 16 141.0 2.0
12 3 43.0 48.0
18 5 0.0 2.0
8 12 150.0 5.0
7 10 88.0 50.0
35 4 172.0 140.0
19 34 0.0 3.0
21 30 183.0 181.0
8 10 176.0 124.0
2 17 105.0 19.0
25 9 30.0 106.0
17 9 136.0 181.0
18 2 57.0 177.0
22 35 179.0 182.0
14 8 24.0 131.0
5 16 150.0 8.0
1 16 96.0 126.0
1 18 163.0 1.0
32 15 67.0 146.0
35 18 85.0 4.0
3 11 163.0 95.0
5 10 60.0 94.0
13 10 8.0 36.0
13 35 195.0 110.0
1 14 138.0 91.0
5 17 158.0 54.0
17 21 131.0 26.0
15 13 141.0 168.0
3 9 117.0 104.0
23 16 59.0 129.0
13 12 170.0 19.0
23 1 91.0 165.0
20 10 6.0 182.0
12 29 14.0 164.0
14 23 19.0 145.0
4 14 191.0 160.0
20 32 174.0 61.0
12 31 93.0 33.0
10 11 119.0 63.0
33 17 53.0 162.0
14 2 148.0 59.0
35 27 24.0 162.0
14 16 147.0 43.0
27 1 7.0 138.0
32 25 137.0 181.0
33 25 50.0 31.0
8 15 1.0 121.0
3 20 121.0 7.0
3 22 17.0 69.0
19 4 65.0 193.0
12 5 170.0 12.0
19 3 116.0 129.0
9 12 196.0 53.0
11 9 96.0 46.0
6 12 62.0 50.0
13 6 136.0 136.0
3 17 70.0 105.0
35 25 185.0 87.0
1 19 184.0 107.0
17 18 103.0 52.0
11 14 177.0 51.0
15 19 129.0 74.0
13 4 22.0 144.0
34 16 8.0 158.0
3 15 179.0 30.0
13 7 107.0 164.0
34 18 170.0 43.0
12 22 161.0 25.0
8 13 0.0 138.0
17 7 193.0 82.0
7 16 173.0 167.0
9 21 47.0 134.0
32 17 8.0 26.0
18 3 154.0 67.0
26 27 28.0 124.0
13 26 113.0 189.0
28 35 154.0 65.0
21 1 36.0 99.0
31 32 135.0 10.0
29 22 37.0 183.0
9 13 198.0 45.0
25 19 71.0 105.0
6 18 183.0 99.0
4 12 158.0 96.0
21 3 116.0 64.0
2 6 138.0 152.0
16 8 77.0 74.0
19 2 23.0 114.0
11 16 27.0 173.0
27 19 152.0 98.0
6 31 191.0 87.0
31 1 62.0 102.0
35 2 110.0 178.0
20 17 167.0 48.0
1 20 8.0 44.0
22 5 158.0 31.0
35 32 102.0 137.0
28 13 47.0 55.0
21 4 80.0 190.0
11 15 79.0 142.0
14 12 45.0 141.0
27 12 1.0 12.0
8 19 3.0 9.0
6 17 45.0 113.0
22 11 40.0 148.0
18 8 127.0 87.0
6 20 31.0 159.0
10 17 133.0 110.0
21 6 83.0 130.0
10 15 161.0 36.0
10 16 127.0 116.0
5 11 43.0 124.0
19 7 70.0 83.0
17 13 181.0 150.0
11 13 74.0 12.0
11 21 194.0 159.0
9 16 23.0 77.0
19 12 39.0 184.0
17 12 6.0 118.0
3 24 163.0 50.0
24 1 150.0 186.0
15 14 112.0 83.0
10 34 65.0 138.0
27 2 1.0 59.0
8 20 73.0 25.0
20 4 19.0 64.0
8 30 145.0 177.0
6 23 148.0 61.0
11 17 25.0 50.0
8 21 84.0 89.0
33 18 105.0 101.0
22 34 166.0 58.0
23 34 109.0 39.0
23 32 11.0 80.0
26 28 119.0 157.0
13 31 54.0 19.0
18 7 104.0 79.0
9 14 138.0 188.0
23 8 175.0 195.0
9 18 109.0 141.0
11 18 86.0 18.0
16 6 131.0 97.0
4 25 144.0 50.0
1 26 145.0 150.0
28 1 48.0 49.0
21 10 48.0 138.0
33 19 187.0 175.0
16 12 27.0 48.0
32 22 189.0 65.0
9 19 23.0 72.0
27 21 50.0 120.0
4 26 141.0 195.0
23 3 153.0 189.0
19 11 171.0 154.0
3 30 150.0 110.0
6 22 199.0 130.0
2 1 92.0 140.0
25 2 32.0 115.0
29 28 137.0 34.0
20 7 110.0 78.0
3 27 69.0 15.0
13 19 110.0 192.0
11 20 49.0 12.0
13 18 140.0 0.0
19 18 48.0 32.0
26 16 145.0 32.0
8 29 97.0 34.0
31 33 130.0 7.0
17 14 181.0 0.0
30 23 195.0 43.0
5 27 11.0 196.0
16 29 88.0 152.0
27 4 98.0 89.0
9 29 76.0 196.0
20 12 44.0 173.0
28 5 178.0 126.0
28 3 52.0 160.0
9 26 22.0 0.0
26 3 114.0 33.0
33 28 138.0 2.0
18 12 14.0 188.0
28 4 113.0 90.0
17 15 110.0 157.0
22 9 9.0 88.0
15 31 137.0 13.0
15 18 119.0 159.0
2 29 11.0 33.0
26 7 108.0 101.0
14 25 52.0 122.0
15 16 41.0 165.0
31 2 82.0 103.0
29 5 176.0 91.0
30 1 52.0 113.0
31 25 136.0 123.0
25 7 50.0 99.0
23 26 80.0 110.0
27 24 67.0 85.0
20 13 131.0 60.0
4 29 139.0 165.0
25 5 3.0 67.0
12 21 86.0 55.0
28 2 124.0 22.0
18 32 136.0 175.0
34 28 67.0 17.0
19 16 172.0 86.0
25 8 85.0 103.0
26 21 169.0 176.0
32 3 93.0 172.0
33 1 131.0 179.0
27 6 149.0 56.0
26 14 101.0 38.0
30 2 43.0 168.0
11 24 117.0 15.0
1 32 16.0 155.0
1 25 120.0 185.0
24 9 102.0 165.0
20 14 103.0 34.0
24 8 126.0 53.0
4 31 45.0 27.0
26 8 111.0 40.0
15 12 107.0 28.0
31 5 170.0 123.0
14 22 194.0 42.0
26 18 12.0 48.0
16 20 154.0 67.0
33 4 101.0 80.0
24 20 13.0 99.0
27 32 160.0 124.0
14 18 26.0 67.0
28 7 59.0 149.0
33 3 173.0 5.0
12 23 7.0 137.0
6 29 117.0 161.0
12 24 192.0 170.0
10 24 12.0 6.0
5 26 12.0 172.0
2 22 132.0 191.0
32 4 183.0 143.0
30 6 186.0 156.0
22 13 147.0 193.0
31 3 127.0 64.0
1 34 106.0 119.0
12 26 73.0 118.0
28 6 51.0 86.0
32 7 166.0 135.0
21 16 156.0 150.0
22 16 87.0 143.0
4 30 154.0 34.0
13 14 48.0 81.0
27 10 198.0 155.0
18 20 190.0 24.0
11 26 149.0 193.0
28 10 12.0 116.0
23 15 140.0 168.0
5 33 132.0 27.0
8 31 99.0 38.0
34 3 102.0 148.0
15 26 54.0 53.0
30 10 196.0 196.0
13 24 30.0 146.0
6 25 30.0 42.0
24 15 12.0 122.0
13 25 178.0 97.0
21 18 179.0 77.0
30 28 183.0 34.0
11 29 113.0 37.0
27 34 55.0 109.0
9 30 197.0 37.0
14 30 157.0 179.0
27 11 67.0 122.0
11 28 22.0 197.0
10 29 169.0 2.0
35 3 189.0 152.0
23 17 95.0 102.0
24 16 101.0 150.0
22 25 144.0 98.0
19 23 11.0 54.0
17 34 87.0 31.0
22 18 109.0 109.0
18 29 164.0 79.0
19 20 30.0 153.0
31 9 51.0 125.0
31 18 93.0 152.0
14 21 136.0 190.0
24 17 163.0 100.0
21 13 175.0 50.0
34 7 119.0 84.0
33 21 131.0 83.0
7 35 176.0 161.0
12 28 69.0 27.0
34 33 137.0 163.0
5 34 166.0 73.0
20 22 177.0 82.0
32 9 168.0 152.0
20 21 124.0 39.0
27 20 107.0 7.0
25 17 9.0 83.0
23 20 130.0 78.0
26 17 33.0 67.0
25 16 151.0 151.0
8 33 74.0 80.0
27 14 66.0 42.0
14 24 29.0 142.0
35 8 169.0 88.0
30 13 181.0 130.0
11 33 84.0 111.0
34 8 157.0 117.0
15 28 89.0 60.0
15 27 124.0 163.0
11 32 50.0 190.0
33 9 99.0 31.0
30 15 104.0 20.0
16 30 180.0 86.0
31 16 122.0 64.0
25 18 151.0 31.0
34 20 7.0 40.0
17 28 62.0 83.0
5 35 57.0 113.0
30 7 145.0 108.0
9 34 58.0 50.0
15 29 151.0 38.0
21 35 165.0 26.0
34 13 141.0 116.0
14 31 38.0 100.0
13 27 81.0 53.0
28 20 73.0 138.0
1 4 126.0 18.0
10 35 166.0 137.0
20 26 194.0 118.0
25 23 169.0 159.0
33 16 159.0 62.0
2 10 152.0 197.0
11 30 13.0 186.0
12 35 31.0 38.0
16 28 106.0 109.0
24 23 185.0 24.0
14 32 156.0 131.0
22 26 96.0 77.0
31 20 159.0 55.0
23 35 10.0 64.0
34 14 175.0 23.0
17 29 153.0 6.0
32 10 98.0 11.0
25 27 88.0 84.0
31 19 121.0 196.0
26 30 33.0 17.0
26 25 125.0 193.0
17 31 83.0 135.0
30 19 89.0 59.0
32 5 144.0 43.0
34 21 152.0 43.0
25 24 173.0 192.0
15 33 9.0 94.0
11 31 85.0 42.0
22 21 11.0 10.0
30 25 7.0 47.0
23 29 34.0 97.0
14 35 113.0 178.0
33 24 141.0 17.0
31 27 51.0 66.0
19 32 69.0 12.0
23 10 110.0 154.0
22 30 38.0 73.0
28 27 124.0 198.0
21 28 54.0 158.0
28 32 37.0 119.0
24 32 19.0 130.0
35 20 152.0 22.0
33 27 35.0 21.0
35 31 130.0 145.0
30 32 58.0 121.0
32 34 118.0 182.0
32 29 57.0 124.0
32 26 44.0 46.0
29 25 180.0 63.0
31 30 186.0 84.0
34 26 160.0 21.0
22 23 174.0 42.0
33 14 29.0 32.0
29 7 152.0 99.0
18 24 90.0 161.0
34 29 101.0 86.0
27 29 14.0 34.0
25 21 11.0 0.0
23 4 106.0 171.0
32 21 183.0 33.0
22 27 163.0 164.0
34 31 44.0 68.0
24 34 58.0 86.0
24 21 174.0 159.0
29 33 14.0 141.0
30 33 88.0 25.0
26 24 112.0 195.0
31 21 43.0 47.0
24 6 86.0 6.0
2 3 67.0 82.0
35 26 93.0 125.0
28 18 121.0 20.0
0
