33 528 29 11 24656
30 2 38.0 115.0
5 16 36.0 115.0
27 9 168.0 195.0
31 20 50.0 180.0
32 2 139.0 191.0
18 9 102.0 110.0
11 24 35.0 108.0
18 1 183.0 104.0
33 30 35.0 22.0
12 4 3.0 23.0
12 28 98.0 171.0
14 9 21.0 149.0
2 5 21.0 112.0
14 11 29.0 75.0
32 13 175.0 16.0
14 4 199.0 158.0
33 28 86.0 187.0
29 20 137.0 89.0
4 5 174.0 35.0
19 8 160.0 147.0
13 29 79.0 181.0
4 26 131.0 60.0
5 6 122.0 58.0
9 7 136.0 74.0
32 8 171.0 174.0
25 32 4.0 108.0
5 3 192.0 131.0
15 28 60.0 152.0
21 30 77.0 92.0
22 29 191.0 161.0
33 2 177.0 65.0
6 31 138.0 113.0
3 33 176.0 109.0
29 25 130.0 132.0
31 21 96.0 122.0
1 8 136.0 109.0
7 21 6.0 166.0
2 7 86.0 197.0
10 20 135.0 64.0
1 7 106.0 25.0
32 12 23.0 82.0
3 8 119.0 153.0
28 21 180.0 16.0
29 15 13.0 117.0
33 27 183.0 19.0
33 9 108.0 22.0
28 9 136.0 195.0
9 6 88.0 195.0
17 8 113.0 112.0
15 21 131.0 33.0
9 26 146.0 111.0
5 17 156.0 159.0
8 26 177.0 91.0
1 2 33.0 86.0
10 4 23.0 169.0
1 5 112.0 111.0
7 15 142.0 26.0
3 20 38.0 73.0
10 6 42.0 184.0
22 10 133.0 150.0
2 26 125.0 110.0
28 16 162.0 110.0
18 29 188.0 185.0
28 6 94.0 100.0
20 14 17.0 36.0
33 14 53.0 55.0
19 5 68.0 47.0
14 1 66.0 153.0
2 12 2.0 143.0
15 6 98.0 116.0
4 3 33.0 86.0
10 3 127.0 127.0
8 14 59.0 145.0
27 12 128.0 112.0
8 2 136.0 197.0
1 12 52.0 3.0
10 17 83.0 54.0
23 28 37.0 133.0
32 3 128.0 70.0
30 10 80.0 55.0
23 18 42.0 139.0
28 19 153.0 122.0
17 3 25.0 90.0
14 2 92.0 30.0
16 8 143.0 127.0
33 31 184.0 132.0
31 7 48.0 64.0
16 4 168.0 128.0
21 33 81.0 10.0
18 8 188.0 187.0
11 18 130.0 165.0
19 13 17.0 174.0
21 23 143.0 113.0
18 27 100.0 80.0
32 18 103.0 148.0
13 2 193.0 71.0
28 32 120.0 26.0
7 6 26.0 60.0
21 19 68.0 108.0
31 13 109.0 38.0
2 6 51.0 53.0
30 18 100.0 151.0
33 1 150.0 156.0
30 19 176.0 143.0
16 10 83.0 49.0
10 1 129.0 109.0
22 1 165.0 150.0
13 7 188.0 74.0
12 6 143.0 39.0
21 25 98.0 196.0
25 5 74.0 48.0
5 10 96.0 3.0
4 6 199.0 179.0
3 9 105.0 81.0
9 5 13.0 22.0
24 16 166.0 1.0
20 1 196.0 109.0
8 5 130.0 94.0
9 30 93.0 156.0
24 9 150.0 189.0
14 13 181.0 101.0
30 20 123.0 38.0
8 6 88.0 136.0
1 11 188.0 54.0
13 27 17.0 137.0
17 1 135.0 99.0
28 18 163.0 28.0
27 26 186.0 65.0
3 15 52.0 119.0
1 9 67.0 127.0
5 15 30.0 155.0
13 3 137.0 18.0
5 20 51.0 106.0
5 11 17.0 186.0
1 6 84.0 132.0
26 31 26.0 70.0
12 29 122.0 30.0
3 2 69.0 189.0
15 2 28.0 99.0
11 3 89.0 166.0
21 13 68.0 92.0
2 18 147.0 37.0
1 16 85.0 183.0
23 8 140.0 112.0
1 28 47.0 63.0
27 20 176.0 68.0
19 25 64.0 157.0
25 17 117.0 105.0
10 8 81.0 185.0
4 15 130.0 28.0
7 5 15.0 16.0
12 30 164.0 108.0
24 6 26.0 163.0
23 14 85.0 3.0
3 30 43.0 149.0
11 8 86.0 160.0
27 16 90.0 168.0
30 4 168.0 20.0
10 7 81.0 136.0
3 31 43.0 197.0
6 3 198.0 69.0
16 2 199.0 83.0
13 6 123.0 42.0
9 4 101.0 10.0
31 1 77.0 191.0
6 11 94.0 197.0
6 27 20.0 175.0
22 24 48.0 63.0
26 3 86.0 199.0
13 4 46.0 85.0
29 5 115.0 121.0
21 3 86.0 168.0
9 2 44.0 115.0
4 33 27.0 138.0
24 5 128.0 199.0
26 11 133.0 128.0
11 4 161.0 19.0
7 16 37.0 159.0
18 14 170.0 105.0
14 15 178.0 57.0
19 1 60.0 174.0
19 23 188.0 87.0
14 5 25.0 68.0
17 16 57.0 110.0
20 24 46.0 19.0
4 7 75.0 35.0
16 20 128.0 46.0
8 4 199.0 58.0
12 9 121.0 59.0
8 7 131.0 109.0
13 5 142.0 156.0
20 15 57.0 151.0
9 8 40.0 55.0
20 21 16.0 115.0
7 11 45.0 96.0
22 2 148.0 44.0
22 4 91.0 69.0
1 15 90.0 22.0
15 13 88.0 184.0
21 2 50.0 146.0
15 31 63.0 90.0
18 25 76.0 31.0
7 27 88.0 73.0
26 23 29.0 36.0
26 33 79.0 120.0
13 1 46.0 169.0
14 25 78.0 134.0
21 1 2.0 128.0
20 33 182.0 65.0
24 30 0.0 10.0
3 18 115.0 88.0
10 28 79.0 144.0
25 31 168.0 158.0
4 17 87.0 166.0
32 5 177.0 165.0
20 2 23.0 131.0
13 18 97.0 6.0
12 31 23.0 98.0
10 11 158.0 138.0
11 30 196.0 38.0
10 12 162.0 165.0
16 6 164.0 1.0
18 16 22.0 93.0
20 4 132.0 45.0
8 21 20.0 181.0
19 6 176.0 195.0
22 23 33.0 135.0
19 15 20.0 29.0
30 27 5.0 134.0
13 9 14.0 122.0
2 17 16.0 36.0
2 11 118.0 100.0
11 13 113.0 138.0
33 7 35.0 42.0
23 2 139.0 20.0
6 14 31.0 159.0
6 17 178.0 189.0
15 32 33.0 145.0
10 13 23.0 2.0
7 20 109.0 93.0
12 8 106.0 22.0
12 19 88.0 141.0
4 18 199.0 28.0
9 16 64.0 183.0
17 27 165.0 195.0
23 11 113.0 151.0
8 25 41.0 88.0
9 20 152.0 102.0
9 15 35.0 58.0
5 28 86.0 124.0
14 7 133.0 38.0
16 13 180.0 198.0
10 2 180.0 98.0
12 16 158.0 45.0
5 26 17.0 151.0
9 11 186.0 121.0
28 29 23.0 173.0
24 3 148.0 61.0
24 1 197.0 82.0
19 3 121.0 129.0
22 3 62.0 53.0
32 22 134.0 172.0
12 11 157.0 104.0
17 11 163.0 143.0
19 4 40.0 138.0
20 17 71.0 188.0
7 12 28.0 20.0
5 21 31.0 101.0
15 8 6.0 45.0
32 27 143.0 92.0
23 1 79.0 100.0
12 14 83.0 43.0
31 29 181.0 123.0
18 5 137.0 53.0
22 13 140.0 117.0
4 1 153.0 124.0
21 4 83.0 159.0
4 28 41.0 178.0
15 10 126.0 121.0
24 14 41.0 9.0
2 24 183.0 22.0
10 14 81.0 72.0
21 6 76.0 174.0
17 15 189.0 29.0
25 23 15.0 72.0
15 11 144.0 56.0
26 22 11.0 22.0
9 10 143.0 52.0
9 32 110.0 78.0
7 19 107.0 144.0
33 25 154.0 135.0
14 3 187.0 95.0
25 2 49.0 2.0
19 9 108.0 145.0
8 13 34.0 119.0
1 26 65.0 129.0
24 4 156.0 176.0
11 16 104.0 15.0
6 32 6.0 58.0
23 5 125.0 145.0
15 26 149.0 126.0
15 23 51.0 57.0
25 3 142.0 37.0
13 12 106.0 159.0
15 22 138.0 62.0
5 22 197.0 42.0
12 17 199.0 155.0
24 13 185.0 124.0
3 1 16.0 86.0
21 27 18.0 19.0
5 33 29.0 112.0
1 27 5.0 135.0
4 25 167.0 143.0
29 8 111.0 116.0
23 24 54.0 111.0
3 23 30.0 191.0
2 27 65.0 46.0
4 23 197.0 36.0
13 20 2.0 26.0
12 26 180.0 7.0
24 33 43.0 99.0
9 17 135.0 106.0
2 19 116.0 189.0
20 8 99.0 146.0
33 12 182.0 117.0
26 13 36.0 131.0
11 19 122.0 190.0
5 12 86.0 54.0
33 32 44.0 81.0
6 23 160.0 180.0
1 32 170.0 76.0
22 7 63.0 69.0
22 9 33.0 45.0
12 15 193.0 22.0
28 2 60.0 67.0
1 25 14.0 98.0
25 6 194.0 58.0
11 33 83.0 154.0
28 3 166.0 53.0
14 17 181.0 29.0
29 1 153.0 167.0
30 1 193.0 98.0
17 13 115.0 5.0
27 4 112.0 81.0
8 22 160.0 58.0
29 2 146.0 44.0
3 27 10.0 64.0
27 14 34.0 191.0
3 29 28.0 139.0
15 16 5.0 173.0
9 21 192.0 72.0
10 18 123.0 56.0
20 19 32.0 84.0
31 5 131.0 131.0
20 11 102.0 93.0
7 23 114.0 88.0
8 24 47.0 95.0
21 17 170.0 52.0
18 26 136.0 114.0
24 25 28.0 12.0
10 32 20.0 13.0
11 21 57.0 103.0
5 27 181.0 159.0
7 25 181.0 47.0
19 10 42.0 180.0
27 19 114.0 164.0
10 21 91.0 2.0
10 23 189.0 72.0
22 12 94.0 9.0
12 18 120.0 152.0
19 14 95.0 53.0
12 20 137.0 29.0
10 25 158.0 132.0
6 20 103.0 72.0
18 15 127.0 194.0
6 22 56.0 68.0
10 24 84.0 150.0
4 2 155.0 5.0
7 26 29.0 3.0
12 21 155.0 118.0
11 22 35.0 65.0
12 24 178.0 90.0
13 23 54.0 57.0
6 26 159.0 110.0
25 9 1.0 43.0
12 23 185.0 109.0
14 21 170.0 166.0
4 29 137.0 77.0
28 7 90.0 125.0
24 15 46.0 20.0
7 18 12.0 52.0
22 14 15.0 171.0
24 7 195.0 17.0
25 12 178.0 133.0
10 26 86.0 100.0
23 29 128.0 175.0
18 20 58.0 170.0
19 17 24.0 104.0
6 30 81.0 188.0
27 10 151.0 96.0
3 7 197.0 147.0
31 19 181.0 127.0
33 15 20.0 19.0
30 8 134.0 100.0
32 7 67.0 192.0
33 6 138.0 44.0
15 27 28.0 19.0
21 16 174.0 180.0
16 26 125.0 171.0
31 2 194.0 106.0
4 31 187.0 166.0
11 25 120.0 121.0
32 4 54.0 140.0
8 27 119.0 193.0
22 16 112.0 148.0
18 22 14.0 86.0
31 8 22.0 139.0
21 18 137.0 168.0
26 19 100.0 76.0
9 23 42.0 21.0
18 19 178.0 97.0
10 31 17.0 97.0
19 24 87.0 130.0
30 7 188.0 53.0
29 7 37.0 10.0
29 30 169.0 126.0
27 11 19.0 69.0
25 13 167.0 62.0
16 31 52.0 145.0
23 20 159.0 70.0
21 29 118.0 198.0
16 23 50.0 106.0
33 19 137.0 40.0
29 11 18.0 106.0
28 14 177.0 189.0
14 26 125.0 144.0
18 24 67.0 178.0
17 24 77.0 179.0
14 30 176.0 147.0
17 23 24.0 179.0
29 14 179.0 113.0
31 22 114.0 197.0
18 6 69.0 91.0
31 9 104.0 194.0
25 16 67.0 124.0
29 10 132.0 96.0
22 21 61.0 109.0
31 11 181.0 38.0
15 25 52.0 160.0
17 18 126.0 167.0
33 10 37.0 195.0
16 19 28.0 94.0
28 17 46.0 47.0
11 32 105.0 179.0
14 16 94.0 167.0
29 33 43.0 75.0
20 22 135.0 95.0
20 25 191.0 61.0
30 5 175.0 29.0
28 8 72.0 4.0
26 21 118.0 118.0
32 19 39.0 175.0
24 31 169.0 85.0
29 17 112.0 12.0
32 14 43.0 199.0
33 17 3.0 187.0
19 29 27.0 179.0
33 16 88.0 99.0
18 31 134.0 158.0
16 29 109.0 173.0
13 30 31.0 30.0
21 24 71.0 143.0
13 33 81.0 66.0
31 17 33.0 85.0
28 30 168.0 61.0
20 32 185.0 8.0
24 26 54.0 71.0
30 23 32.0 163.0
8 33 179.0 63.0
22 25 195.0 2.0
30 15 114.0 29.0
13 28 152.0 147.0
16 30 81.0 120.0
31 30 3.0 18.0
24 27 3.0 9.0
29 24 95.0 35.0
22 27 10.0 26.0
20 26 16.0 158.0
25 26 180.0 130.0
22 28 135.0 132.0
23 27 111.0 16.0
17 26 37.0 66.0
9 29 163.0 41.0
32 23 70.0 10.0
31 23 41.0 33.0
21 32 172.0 57.0
27 29 183.0 104.0
19 22 159.0 70.0
33 22 32.0 70.0
26 32 149.0 21.0
32 31 165.0 64.0
20 28 74.0 187.0
27 28 186.0 116.0
31 14 93.0 110.0
23 33 34.0 28.0
25 28 149.0 193.0
25 30 161.0 133.0
28 11 68.0 62.0
24 32 164.0 185.0
32 30 121.0 39.0
27 31 60.0 107.0
17 22 145.0 154.0
26 28 139.0 131.0
30 17 73.0 41.0
18 33 43.0 34.0
26 29 3.0 63.0
6 29 80.0 119.0
25 27 21.0 154.0
16 32 98.0 82.0
31 28 167.0 43.0
22 30 59.0 58.0
29 32 191.0 133.0
3 16 59.0 186.0
28 24 95.0 14.0
26 30 125.0 127.0
32 17 110.0 147.0
12 3 126.0 8.0
17 7 43.0 45.0
0
