38 703 22 35 100884
33 21 33.0 135.0
3 29 79.0 113.0
2 1 138.0 166.0
4 34 38.0 55.0
26 27 36.0 141.0
7 31 6.0 188.0
37 9 123.0 90.0
5 7 126.0 122.0
27 24 156.0 159.0
14 3 101.0 188.0
20 25 148.0 39.0
20 11 38.0 187.0
16 19 85.0 27.0
28 16 171.0 91.0
2 38 75.0 46.0
6 9 73.0 1.0
33 38 23.0 181.0
18 28 114.0 76.0
14 25 172.0 63.0
13 11 31.0 163.0
29 31 101.0 68.0
24 16 11.0 24.0
15 24 85.0 38.0
32 23 121.0 158.0
38 1 194.0 97.0
28 12 137.0 61.0
14 31 108.0 109.0
3 25 160.0 91.0
33 37 172.0 14.0
9 2 68.0 135.0
10 8 53.0 153.0
8 27 70.0 174.0
27 34 169.0 17.0
8 33 38.0 106.0
25 21 80.0 98.0
23 13 7.0 192.0
11 33 173.0 131.0
36 35 106.0 193.0
4 28 5.0 111.0
32 11 119.0 27.0
22 35 58.0 40.0
29 4 76.0 49.0
2 30 59.0 156.0
4 26 39.0 66.0
36 16 104.0 165.0
28 33 55.0 163.0
38 21 20.0 12.0
9 16 174.0 91.0
13 19 158.0 32.0
38 26 98.0 35.0
34 8 22.0 157.0
11 5 0.0 62.0
36 32 141.0 56.0
4 36 147.0 148.0
19 17 158.0 119.0
10 2 187.0 132.0
20 34 126.0 146.0
37 30 35.0 24.0
15 20 169.0 58.0
2 31 35.0 121.0
24 8 92.0 176.0
6 37 43.0 191.0
31 36 139.0 153.0
37 35 17.0 127.0
8 36 9.0 143.0
27 4 82.0 45.0
1 24 162.0 51.0
16 27 130.0 197.0
35 4 51.0 174.0
18 23 141.0 46.0
20 18 151.0 80.0
14 28 144.0 120.0
25 36 142.0 154.0
17 4 186.0 25.0
5 9 85.0 148.0
2 12 7.0 167.0
17 12 127.0 58.0
34 23 136.0 68.0
18 32 93.0 87.0
21 32 45.0 189.0
7 18 156.0 187.0
37 23 4.0 143.0
10 36 98.0 41.0
34 29 67.0 57.0
19 36 113.0 195.0
20 6 178.0 50.0
37 10 177.0 71.0
20 38 119.0 22.0
33 2 155.0 28.0
25 6 71.0 111.0
3 6 59.0 121.0
1 12 71.0 127.0
10 3 120.0 185.0
32 6 6.0 98.0
31 5 21.0 183.0
20 32 91.0 141.0
33 4 196.0 198.0
9 7 10.0 19.0
12 3 32.0 22.0
29 6 171.0 56.0
10 14 112.0 91.0
35 9 152.0 118.0
29 16 47.0 126.0
25 32 81.0 138.0
35 34 184.0 77.0
10 1 14.0 146.0
36 33 68.0 198.0
16 21 92.0 39.0
12 8 75.0 157.0
16 10 185.0 180.0
3 7 91.0 32.0
22 3 65.0 172.0
36 13 10.0 1.0
3 11 96.0 24.0
3 28 137.0 164.0
26 5 29.0 30.0
12 4 8.0 56.0
29 35 47.0 193.0
25 12 19.0 139.0
14 18 111.0 84.0
2 8 116.0 121.0
10 19 53.0 13.0
24 12 6.0 190.0
16 11 68.0 187.0
30 11 30.0 28.0
23 12 175.0 77.0
1 7 50.0 146.0
5 3 145.0 113.0
31 17 5.0 62.0
35 28 109.0 58.0
1 36 138.0 116.0
24 18 189.0 158.0
6 2 132.0 19.0
29 27 111.0 59.0
12 26 97.0 113.0
3 9 9.0 42.0
13 1 49.0 14.0
14 12 40.0 110.0
25 37 103.0 130.0
33 17 133.0 92.0
34 38 188.0 17.0
27 21 177.0 51.0
9 31 22.0 74.0
11 7 58.0 31.0
2 11 8.0 59.0
38 23 153.0 48.0
21 17 134.0 56.0
34 36 94.0 20.0
8 9 76.0 34.0
35 24 100.0 53.0
16 38 47.0 122.0
23 29 73.0 58.0
1 4 31.0 81.0
26 31 92.0 184.0
9 33 127.0 178.0
4 5 58.0 174.0
23 19 54.0 134.0
21 37 199.0 154.0
14 1 119.0 47.0
6 7 190.0 192.0
25 7 166.0 21.0
15 38 64.0 58.0
11 31 43.0 144.0
18 25 175.0 101.0
21 5 76.0 181.0
19 14 51.0 28.0
30 12 154.0 171.0
16 2 106.0 96.0
20 21 97.0 24.0
20 1 177.0 114.0
10 17 10.0 173.0
2 5 158.0 137.0
29 19 46.0 187.0
15 1 24.0 98.0
25 26 174.0 178.0
7 4 30.0 32.0
2 18 124.0 127.0
18 12 114.0 102.0
6 16 131.0 124.0
10 4 68.0 90.0
26 28 88.0 114.0
25 29 38.0 65.0
10 6 74.0 164.0
12 6 119.0 56.0
16 30 49.0 44.0
20 9 180.0 115.0
2 3 178.0 112.0
10 13 185.0 198.0
14 2 179.0 25.0
28 1 15.0 17.0
29 14 12.0 41.0
28 30 87.0 132.0
21 15 9.0 88.0
1 5 103.0 190.0
11 4 49.0 33.0
37 3 191.0 34.0
5 6 174.0 122.0
33 10 44.0 141.0
1 21 153.0 8.0
12 5 112.0 40.0
19 37 150.0 73.0
3 26 127.0 5.0
5 8 77.0 128.0
14 23 168.0 20.0
10 7 132.0 94.0
8 21 57.0 128.0
3 4 50.0 11.0
14 4 153.0 162.0
33 24 16.0 104.0
13 5 120.0 95.0
4 6 171.0 150.0
4 8 64.0 91.0
15 5 146.0 148.0
9 4 144.0 4.0
20 28 98.0 146.0
7 21 102.0 51.0
7 2 51.0 118.0
10 5 117.0 123.0
13 16 176.0 89.0
23 1 157.0 193.0
33 14 196.0 55.0
15 22 39.0 93.0
11 38 149.0 137.0
21 23 100.0 51.0
3 19 113.0 151.0
23 11 126.0 30.0
27 38 144.0 54.0
1 16 26.0 101.0
26 1 15.0 175.0
16 3 50.0 54.0
11 8 111.0 199.0
34 18 179.0 11.0
36 5 61.0 92.0
32 4 89.0 187.0
3 36 54.0 185.0
10 23 86.0 81.0
1 37 66.0 101.0
25 10 87.0 117.0
10 9 133.0 151.0
34 19 44.0 113.0
24 32 122.0 57.0
13 9 131.0 163.0
7 15 183.0 185.0
37 13 180.0 69.0
11 25 54.0 199.0
12 11 31.0 94.0
1 18 8.0 116.0
34 10 92.0 4.0
15 3 19.0 14.0
17 20 48.0 150.0
34 15 111.0 183.0
27 5 133.0 44.0
7 24 59.0 139.0
16 4 199.0 42.0
7 30 94.0 159.0
1 3 175.0 138.0
27 6 36.0 147.0
3 32 160.0 37.0
24 37 44.0 71.0
14 5 55.0 177.0
27 33 125.0 67.0
7 14 36.0 77.0
23 31 9.0 130.0
8 7 82.0 184.0
25 28 8.0 71.0
22 19 70.0 120.0
17 5 161.0 114.0
30 18 122.0 17.0
20 2 14.0 199.0
22 11 14.0 50.0
20 12 169.0 175.0
31 6 32.0 52.0
4 15 80.0 192.0
3 17 167.0 150.0
22 30 68.0 129.0
25 15 124.0 142.0
17 2 79.0 138.0
9 30 35.0 45.0
19 33 132.0 157.0
17 14 79.0 116.0
33 25 19.0 159.0
13 2 30.0 186.0
1 11 91.0 99.0
24 2 99.0 167.0
38 9 106.0 179.0
2 15 177.0 93.0
14 27 81.0 61.0
7 12 47.0 160.0
6 28 163.0 18.0
37 18 163.0 193.0
16 5 190.0 54.0
23 20 173.0 89.0
6 33 30.0 79.0
14 6 98.0 159.0
3 13 187.0 131.0
22 8 91.0 186.0
35 38 46.0 54.0
2 19 138.0 9.0
7 16 34.0 128.0
26 13 20.0 7.0
19 5 91.0 3.0
21 11 187.0 189.0
30 35 188.0 126.0
4 20 29.0 79.0
19 26 32.0 28.0
8 20 81.0 122.0
26 6 194.0 115.0
34 3 115.0 166.0
18 22 173.0 159.0
20 3 123.0 113.0
30 26 88.0 111.0
7 26 22.0 70.0
13 21 113.0 6.0
18 4 92.0 194.0
25 24 105.0 38.0
5 32 145.0 172.0
31 8 162.0 119.0
9 12 5.0 85.0
32 28 176.0 45.0
15 14 168.0 150.0
7 13 53.0 34.0
31 15 170.0 145.0
17 29 74.0 75.0
38 28 67.0 19.0
18 5 115.0 182.0
9 24 50.0 72.0
29 28 108.0 26.0
8 14 150.0 29.0
17 1 75.0 3.0
9 14 85.0 45.0
2 25 178.0 159.0
2 22 155.0 197.0
12 10 0.0 70.0
36 29 167.0 50.0
19 6 196.0 76.0
5 20 194.0 99.0
13 8 115.0 69.0
34 22 144.0 1.0
24 13 115.0 74.0
12 21 169.0 70.0
4 19 154.0 169.0
31 34 198.0 74.0
30 29 155.0 146.0
17 7 31.0 101.0
4 13 159.0 146.0
31 10 33.0 56.0
23 25 7.0 149.0
23 30 110.0 176.0
17 8 50.0 16.0
6 15 67.0 0.0
33 32 103.0 175.0
22 1 148.0 134.0
20 16 141.0 60.0
25 1 144.0 175.0
9 11 153.0 104.0
38 17 111.0 63.0
2 23 46.0 114.0
18 3 66.0 66.0
24 4 110.0 170.0
30 25 69.0 58.0
17 6 22.0 162.0
10 11 33.0 118.0
23 4 165.0 186.0
16 8 33.0 28.0
15 13 154.0 31.0
28 36 174.0 21.0
1 32 160.0 84.0
34 14 137.0 181.0
19 9 48.0 159.0
30 8 102.0 81.0
13 38 107.0 67.0
17 27 100.0 140.0
1 8 199.0 55.0
9 15 15.0 174.0
22 4 66.0 175.0
14 11 15.0 155.0
25 13 189.0 63.0
22 7 196.0 91.0
36 18 183.0 103.0
6 24 149.0 83.0
24 3 43.0 149.0
25 8 89.0 11.0
6 13 191.0 108.0
14 13 51.0 6.0
3 8 74.0 192.0
21 4 32.0 70.0
35 32 105.0 15.0
12 13 38.0 55.0
5 22 11.0 34.0
14 30 20.0 101.0
27 2 182.0 11.0
2 21 2.0 185.0
4 25 59.0 76.0
18 33 111.0 91.0
4 37 191.0 17.0
20 7 154.0 182.0
12 15 163.0 165.0
22 6 148.0 183.0
14 26 52.0 131.0
7 29 107.0 54.0
17 9 11.0 166.0
19 8 53.0 122.0
10 15 81.0 44.0
1 19 95.0 35.0
21 34 159.0 58.0
5 24 47.0 60.0
22 20 57.0 51.0
2 26 57.0 164.0
5 38 122.0 68.0
2 4 113.0 175.0
21 26 198.0 195.0
9 21 96.0 93.0
34 1 155.0 8.0
35 25 191.0 2.0
22 36 70.0 48.0
18 9 51.0 128.0
7 19 93.0 125.0
18 8 174.0 158.0
21 3 125.0 124.0
3 38 71.0 22.0
29 2 75.0 26.0
37 29 61.0 18.0
26 8 48.0 83.0
12 16 184.0 51.0
9 25 3.0 77.0
29 26 51.0 177.0
11 17 29.0 177.0
16 14 96.0 52.0
10 21 135.0 172.0
10 22 197.0 196.0
34 26 145.0 45.0
1 29 107.0 129.0
23 5 100.0 110.0
9 29 39.0 103.0
6 11 164.0 20.0
6 18 68.0 13.0
18 13 115.0 3.0
11 18 41.0 64.0
11 15 178.0 186.0
16 31 181.0 85.0
35 12 124.0 81.0
23 9 81.0 163.0
14 20 152.0 197.0
27 7 63.0 21.0
15 16 27.0 178.0
5 28 111.0 68.0
19 12 60.0 89.0
11 19 53.0 41.0
19 15 165.0 177.0
3 27 180.0 198.0
1 27 140.0 132.0
15 18 105.0 4.0
10 20 10.0 132.0
1 31 32.0 121.0
32 17 33.0 45.0
23 6 113.0 38.0
5 29 76.0 30.0
17 13 193.0 8.0
15 33 182.0 134.0
33 1 80.0 87.0
30 3 1.0 90.0
31 28 83.0 186.0
22 38 13.0 69.0
12 34 86.0 78.0
31 4 88.0 162.0
18 16 113.0 82.0
12 31 13.0 95.0
13 22 178.0 93.0
22 9 183.0 132.0
16 17 119.0 19.0
9 26 122.0 84.0
27 9 23.0 9.0
10 24 9.0 111.0
17 18 13.0 122.0
5 30 67.0 26.0
32 2 116.0 198.0
4 30 0.0 99.0
2 34 5.0 71.0
11 26 106.0 127.0
10 18 189.0 129.0
30 6 162.0 150.0
3 33 99.0 175.0
13 32 3.0 119.0
2 28 174.0 119.0
21 14 103.0 126.0
17 15 48.0 108.0
22 12 21.0 154.0
11 27 192.0 162.0
5 33 165.0 154.0
14 22 187.0 17.0
7 23 154.0 191.0
28 37 156.0 80.0
24 31 123.0 11.0
35 2 59.0 123.0
28 8 86.0 80.0
29 24 43.0 78.0
20 19 148.0 9.0
19 18 99.0 136.0
28 9 119.0 5.0
10 26 175.0 27.0
13 20 102.0 50.0
11 24 167.0 161.0
21 18 170.0 54.0
38 29 144.0 13.0
27 12 86.0 45.0
29 10 66.0 138.0
8 15 1.0 137.0
16 23 80.0 128.0
30 1 111.0 183.0
26 15 57.0 79.0
2 36 127.0 27.0
10 28 142.0 24.0
22 28 72.0 181.0
7 32 62.0 90.0
16 22 51.0 15.0
17 22 147.0 84.0
8 29 178.0 58.0
28 11 6.0 35.0
32 8 0.0 133.0
1 35 79.0 142.0
5 34 180.0 103.0
33 7 65.0 194.0
37 2 118.0 68.0
27 15 132.0 65.0
13 28 39.0 110.0
35 8 44.0 45.0
10 30 25.0 44.0
35 6 18.0 56.0
35 13 64.0 151.0
6 8 32.0 129.0
3 35 117.0 102.0
32 10 26.0 2.0
23 17 161.0 17.0
35 23 27.0 5.0
25 16 32.0 4.0
24 17 106.0 3.0
5 35 135.0 170.0
16 33 15.0 167.0
7 36 8.0 84.0
14 24 185.0 186.0
26 24 65.0 147.0
15 23 10.0 45.0
26 16 46.0 194.0
15 30 91.0 152.0
37 5 11.0 26.0
12 29 80.0 26.0
17 25 156.0 89.0
35 7 4.0 142.0
38 7 96.0 69.0
21 19 51.0 106.0
25 34 82.0 49.0
26 17 106.0 174.0
34 9 106.0 69.0
22 21 17.0 139.0
28 23 162.0 125.0
9 32 86.0 118.0
29 21 6.0 135.0
19 25 74.0 57.0
4 38 97.0 157.0
1 6 40.0 155.0
13 27 37.0 99.0
35 11 132.0 54.0
7 37 25.0 47.0
12 32 60.0 64.0
29 15 112.0 18.0
12 33 191.0 138.0
27 18 99.0 88.0
29 11 70.0 139.0
36 9 42.0 59.0
30 13 46.0 126.0
23 22 197.0 24.0
6 21 196.0 57.0
38 8 183.0 60.0
27 20 189.0 174.0
36 11 81.0 88.0
22 24 132.0 151.0
27 37 151.0 126.0
13 34 122.0 149.0
11 34 69.0 120.0
28 17 100.0 66.0
8 37 12.0 36.0
24 21 76.0 1.0
14 37 186.0 157.0
26 22 96.0 71.0
26 20 147.0 47.0
27 30 29.0 21.0
3 31 136.0 50.0
30 17 132.0 188.0
13 33 72.0 144.0
18 29 12.0 148.0
35 10 65.0 150.0
32 15 188.0 114.0
36 14 21.0 135.0
28 7 185.0 2.0
27 32 129.0 73.0
27 22 116.0 13.0
19 28 73.0 141.0
8 23 98.0 37.0
31 18 64.0 115.0
11 37 84.0 52.0
32 16 5.0 57.0
37 12 154.0 142.0
35 14 138.0 35.0
18 26 115.0 7.0
36 12 115.0 140.0
24 20 136.0 165.0
6 36 181.0 1.0
22 25 5.0 17.0
19 31 145.0 163.0
38 12 56.0 99.0
26 23 102.0 194.0
31 13 43.0 169.0
29 13 91.0 110.0
35 15 10.0 27.0
35 16 171.0 144.0
36 17 131.0 129.0
17 34 27.0 28.0
38 18 22.0 83.0
24 19 99.0 76.0
38 14 85.0 94.0
20 29 0.0 176.0
5 25 93.0 163.0
22 29 74.0 17.0
27 23 9.0 157.0
15 36 187.0 188.0
20 31 29.0 162.0
20 30 189.0 80.0
31 21 150.0 74.0
32 19 67.0 103.0
32 22 94.0 160.0
22 31 145.0 120.0
34 7 113.0 106.0
33 22 126.0 53.0
21 28 29.0 107.0
37 15 97.0 18.0
37 17 195.0 0.0
27 28 5.0 62.0
31 27 198.0 51.0
25 38 180.0 95.0
27 25 62.0 93.0
37 20 176.0 140.0
24 28 71.0 5.0
20 36 99.0 120.0
23 3 116.0 47.0
26 32 0.0 73.0
32 30 141.0 150.0
31 25 97.0 121.0
33 26 105.0 111.0
24 36 26.0 81.0
17 35 38.0 49.0
20 33 82.0 137.0
23 33 122.0 150.0
24 34 82.0 74.0
20 35 149.0 175.0
35 18 175.0 198.0
35 26 176.0 80.0
32 29 165.0 154.0
36 21 164.0 3.0
31 30 24.0 46.0
33 31 123.0 146.0
23 24 72.0 157.0
34 28 21.0 173.0
23 36 44.0 196.0
21 30 146.0 172.0
30 38 196.0 111.0
22 37 65.0 160.0
27 36 84.0 89.0
32 34 79.0 159.0
19 38 111.0 152.0
35 21 183.0 132.0
37 32 34.0 179.0
36 30 105.0 180.0
19 35 122.0 101.0
24 30 165.0 139.0
35 31 128.0 49.0
19 27 81.0 7.0
34 30 30.0 144.0
33 34 190.0 13.0
10 27 72.0 24.0
32 38 136.0 177.0
38 36 7.0 10.0
33 29 64.0 172.0
31 37 50.0 192.0
38 24 59.0 83.0
14 32 52.0 42.0
16 34 69.0 42.0
27 35 105.0 141.0
37 26 71.0 193.0
9 1 145.0 78.0
31 38 34.0 10.0
33 35 7.0 36.0
26 36 170.0 19.0
33 30 12.0 22.0
15 28 173.0 81.0
6 34 106.0 78.0
10 38 147.0 178.0
19 30 180.0 92.0
31 32 84.0 166.0
16 37 115.0 44.0
38 6 29.0 85.0
37 34 96.0 41.0
36 37 160.0 69.0
38 37 46.0 19.0
0
