45 990 29 17 62211
29 16 34.0 58.0
9 24 187.0 185.0
20 12 48.0 58.0
30 6 18.0 83.0
4 5 163.0 1.0
7 23 161.0 11.0
21 25 3.0 4.0
26 33 71.0 84.0
2 3 120.0 57.0
33 1 89.0 59.0
12 28 62.0 137.0
40 41 140.0 33.0
16 15 86.0 103.0
44 5 185.0 0.0
29 20 101.0 188.0
7 15 108.0 124.0
25 32 128.0 180.0
39 40 105.0 17.0
29 38 133.0 119.0
33 23 0.0 25.0
44 29 51.0 38.0
34 29 98.0 36.0
4 17 11.0 151.0
32 41 72.0 72.0
35 13 137.0 0.0
15 24 104.0 194.0
23 10 156.0 189.0
39 35 157.0 156.0
19 28 138.0 160.0
11 18 180.0 188.0
41 8 78.0 144.0
10 32 128.0 150.0
6 42 16.0 18.0
27 35 198.0 121.0
44 21 97.0 154.0
11 9 20.0 6.0
36 32 147.0 110.0
11 16 41.0 128.0
23 28 14.0 71.0
21 8 60.0 142.0
11 33 198.0 77.0
23 39 107.0 148.0
21 35 137.0 156.0
43 18 79.0 109.0
12 7 196.0 27.0
23 38 116.0 189.0
27 37 171.0 130.0
6 1 160.0 183.0
11 4 166.0 110.0
41 29 71.0 26.0
18 33 182.0 160.0
13 6 178.0 61.0
12 26 15.0 126.0
18 42 78.0 84.0
40 10 164.0 1.0
17 41 81.0 76.0
43 42 8.0 199.0
5 9 108.0 31.0
36 39 57.0 42.0
5 7 7.0 35.0
30 32 44.0 174.0
35 29 110.0 74.0
1 29 168.0 26.0
24 18 10.0 49.0
21 32 36.0 170.0
34 44 138.0 97.0
38 5 110.0 195.0
16 13 92.0 69.0
45 42 125.0 88.0
25 38 31.0 36.0
21 28 155.0 0.0
8 7 109.0 166.0
38 9 133.0 98.0
8 28 139.0 71.0
32 38 34.0 1.0
12 19 145.0 126.0
15 40 73.0 23.0
39 45 71.0 57.0
34 43 142.0 26.0
4 15 13.0 52.0
24 3 27.0 146.0
30 3 135.0 166.0
2 40 38.0 121.0
13 10 113.0 135.0
11 44 94.0 139.0
5 22 43.0 165.0
19 14 111.0 185.0
29 40 73.0 76.0
42 23 140.0 100.0
26 4 28.0 28.0
5 35 184.0 66.0
7 40 66.0 97.0
38 2 82.0 160.0
23 8 37.0 77.0
22 45 61.0 101.0
40 18 47.0 134.0
41 37 192.0 140.0
2 41 45.0 20.0
37 25 122.0 29.0
19 5 57.0 189.0
6 35 100.0 139.0
2 7 0.0 137.0
19 31 139.0 13.0
4 23 120.0 138.0
21 9 41.0 112.0
4 10 20.0 38.0
41 26 68.0 142.0
30 7 166.0 126.0
4 8 164.0 66.0
27 32 121.0 116.0
24 45 66.0 60.0
29 4 113.0 138.0
20 33 27.0 106.0
43 27 162.0 199.0
7 18 15.0 183.0
31 45 10.0 134.0
14 26 64.0 174.0
19 11 7.0 185.0
17 33 199.0 25.0
11 3 25.0 64.0
12 41 5.0 4.0
23 20 135.0 120.0
3 12 75.0 103.0
35 28 42.0 38.0
15 3 98.0 59.0
21 5 26.0 57.0
12 2 190.0 26.0
9 8 117.0 167.0
4 2 32.0 74.0
28 20 177.0 119.0
10 18 165.0 5.0
1 14 49.0 8.0
33 13 14.0 99.0
7 4 105.0 41.0
1 11 93.0 47.0
8 3 26.0 10.0
29 2 17.0 10.0
22 1 32.0 147.0
2 13 164.0 198.0
28 14 106.0 165.0
2 11 40.0 121.0
25 5 66.0 98.0
16 1 146.0 159.0
21 22 50.0 125.0
24 26 141.0 67.0
26 40 170.0 173.0
44 4 65.0 134.0
17 37 58.0 172.0
8 1 191.0 51.0
5 10 44.0 9.0
10 42 6.0 142.0
3 9 152.0 56.0
6 37 172.0 93.0
31 15 9.0 142.0
25 34 176.0 26.0
25 26 98.0 186.0
26 28 154.0 89.0
44 42 33.0 198.0
38 12 166.0 191.0
36 16 115.0 71.0
7 42 166.0 88.0
11 38 182.0 127.0
27 45 42.0 158.0
25 7 100.0 141.0
42 38 24.0 6.0
34 1 157.0 9.0
19 17 10.0 124.0
11 6 29.0 126.0
34 45 151.0 195.0
37 26 159.0 133.0
25 4 85.0 2.0
10 6 177.0 137.0
43 20 111.0 2.0
27 24 151.0 68.0
2 30 69.0 161.0
22 40 155.0 98.0
1 37 154.0 58.0
17 27 102.0 113.0
30 23 125.0 187.0
28 43 40.0 103.0
17 28 74.0 103.0
13 44 89.0 177.0
16 2 111.0 158.0
34 10 183.0 18.0
1 7 128.0 89.0
33 19 53.0 30.0
3 45 185.0 179.0
6 12 19.0 177.0
3 14 63.0 45.0
41 3 175.0 152.0
42 24 91.0 39.0
40 33 79.0 26.0
2 27 105.0 159.0
6 2 93.0 159.0
4 6 157.0 30.0
43 25 15.0 128.0
22 20 147.0 78.0
22 39 109.0 122.0
17 14 22.0 0.0
2 10 9.0 101.0
36 43 118.0 66.0
2 31 111.0 11.0
36 20 39.0 20.0
44 15 145.0 54.0
34 11 119.0 92.0
5 1 114.0 29.0
16 12 3.0 136.0
28 10 7.0 164.0
14 6 154.0 77.0
44 40 75.0 17.0
21 14 188.0 67.0
28 22 110.0 133.0
4 14 26.0 181.0
2 28 128.0 92.0
40 21 8.0 83.0
37 3 74.0 16.0
15 36 37.0 28.0
37 14 121.0 65.0
27 13 23.0 110.0
41 31 164.0 85.0
24 17 21.0 190.0
45 9 125.0 149.0
29 18 185.0 133.0
20 37 60.0 59.0
28 6 185.0 98.0
19 24 74.0 107.0
43 30 52.0 49.0
15 45 89.0 16.0
8 5 181.0 110.0
13 5 105.0 58.0
3 10 122.0 90.0
6 5 144.0 183.0
6 7 180.0 130.0
34 18 195.0 6.0
2 8 122.0 47.0
8 6 93.0 12.0
17 8 113.0 75.0
9 1 25.0 18.0
30 40 75.0 100.0
12 9 105.0 171.0
19 27 16.0 85.0
6 44 48.0 11.0
12 5 191.0 171.0
17 1 97.0 84.0
18 1 191.0 10.0
17 2 26.0 169.0
19 1 5.0 53.0
3 28 20.0 110.0
16 28 121.0 188.0
14 5 40.0 121.0
45 40 36.0 183.0
15 43 189.0 133.0
27 42 128.0 180.0
13 15 71.0 106.0
9 18 122.0 76.0
45 12 119.0 94.0
39 33 75.0 192.0
19 40 195.0 115.0
41 36 90.0 31.0
33 7 48.0 79.0
10 17 193.0 128.0
39 26 83.0 64.0
5 2 188.0 6.0
8 11 11.0 59.0
21 23 168.0 86.0
16 3 28.0 115.0
14 44 73.0 118.0
12 1 131.0 121.0
9 10 26.0 77.0
43 32 136.0 61.0
20 1 112.0 76.0
13 36 7.0 76.0
10 8 57.0 127.0
9 14 23.0 86.0
4 9 108.0 96.0
19 21 171.0 192.0
38 20 161.0 149.0
13 21 148.0 49.0
1 10 102.0 61.0
7 9 152.0 61.0
42 39 71.0 9.0
14 8 125.0 95.0
22 32 14.0 185.0
10 7 133.0 185.0
44 32 113.0 46.0
3 7 78.0 61.0
21 20 185.0 180.0
39 32 15.0 137.0
11 10 165.0 86.0
34 4 54.0 42.0
36 44 38.0 68.0
23 6 108.0 124.0
5 16 91.0 21.0
17 40 38.0 170.0
15 2 72.0 23.0
45 28 78.0 39.0
5 11 13.0 43.0
15 6 88.0 67.0
32 23 175.0 79.0
35 34 87.0 35.0
13 3 191.0 178.0
12 8 152.0 182.0
37 28 147.0 176.0
18 4 185.0 25.0
17 36 9.0 198.0
17 3 124.0 98.0
25 33 148.0 100.0
28 31 57.0 187.0
45 6 139.0 1.0
2 19 69.0 43.0
33 35 114.0 168.0
6 17 185.0 51.0
19 20 72.0 195.0
22 26 122.0 148.0
20 39 106.0 22.0
32 42 32.0 115.0
1 13 145.0 171.0
17 12 96.0 14.0
13 8 77.0 10.0
18 8 92.0 62.0
34 40 82.0 116.0
20 16 28.0 156.0
5 15 153.0 134.0
11 36 19.0 185.0
4 13 122.0 164.0
25 16 12.0 18.0
4 12 191.0 89.0
28 24 106.0 36.0
20 3 167.0 140.0
5 27 35.0 196.0
3 33 168.0 188.0
30 37 3.0 139.0
11 7 61.0 125.0
37 31 51.0 25.0
6 32 118.0 194.0
7 13 82.0 176.0
6 3 56.0 2.0
13 11 192.0 91.0
21 1 69.0 112.0
2 18 144.0 24.0
33 32 94.0 157.0
18 3 71.0 97.0
34 14 170.0 141.0
27 28 113.0 52.0
41 15 102.0 121.0
22 3 189.0 94.0
14 2 107.0 10.0
19 4 165.0 3.0
2 22 131.0 11.0
26 31 144.0 154.0
44 12 81.0 114.0
39 14 151.0 146.0
36 19 81.0 53.0
4 33 30.0 22.0
15 1 162.0 89.0
16 8 153.0 79.0
44 3 149.0 84.0
19 6 158.0 45.0
36 27 100.0 39.0
20 4 106.0 51.0
20 32 87.0 188.0
21 4 60.0 69.0
16 9 13.0 175.0
8 27 56.0 167.0
30 24 151.0 157.0
10 45 81.0 109.0
26 42 46.0 182.0
6 20 93.0 105.0
5 17 197.0 132.0
38 4 2.0 10.0
9 15 65.0 168.0
13 14 192.0 73.0
21 41 85.0 96.0
2 21 153.0 118.0
24 41 97.0 152.0
39 3 80.0 190.0
13 20 109.0 29.0
23 27 90.0 112.0
4 43 72.0 108.0
23 2 161.0 64.0
14 7 100.0 198.0
34 13 176.0 6.0
8 29 55.0 74.0
31 7 69.0 87.0
27 10 70.0 178.0
36 3 141.0 113.0
26 1 145.0 13.0
18 6 118.0 107.0
25 1 108.0 19.0
8 15 192.0 36.0
16 7 102.0 199.0
30 10 170.0 171.0
19 15 120.0 192.0
25 13 18.0 61.0
7 20 33.0 164.0
35 9 94.0 151.0
11 15 103.0 154.0
40 36 186.0 95.0
14 12 132.0 88.0
21 27 193.0 54.0
4 42 57.0 66.0
22 4 134.0 75.0
6 21 162.0 119.0
45 4 95.0 8.0
23 3 149.0 150.0
45 8 157.0 135.0
21 3 129.0 89.0
4 24 52.0 74.0
35 18 150.0 109.0
13 43 30.0 84.0
34 27 95.0 192.0
30 11 28.0 142.0
13 28 66.0 177.0
42 36 84.0 176.0
1 4 180.0 165.0
19 7 7.0 185.0
35 40 56.0 157.0
37 4 112.0 38.0
30 31 80.0 159.0
41 4 144.0 109.0
38 34 138.0 163.0
19 8 144.0 22.0
29 19 21.0 77.0
14 15 64.0 180.0
44 28 140.0 73.0
32 4 32.0 4.0
35 26 76.0 65.0
3 25 65.0 173.0
28 9 68.0 3.0
2 25 87.0 12.0
28 1 97.0 61.0
27 3 164.0 114.0
32 15 62.0 56.0
18 16 96.0 46.0
41 7 95.0 125.0
5 18 2.0 160.0
15 12 165.0 70.0
38 10 10.0 4.0
17 13 131.0 107.0
40 4 190.0 47.0
18 14 115.0 4.0
36 6 42.0 163.0
20 9 151.0 137.0
2 26 124.0 153.0
16 10 57.0 41.0
8 22 86.0 19.0
29 22 122.0 17.0
26 23 164.0 64.0
36 14 188.0 79.0
27 44 185.0 30.0
6 9 70.0 136.0
45 13 134.0 146.0
16 4 75.0 143.0
12 11 1.0 161.0
39 2 140.0 76.0
24 31 20.0 105.0
7 32 32.0 8.0
30 35 63.0 17.0
45 21 128.0 133.0
7 21 165.0 14.0
5 24 157.0 40.0
13 9 160.0 159.0
20 2 81.0 52.0
38 30 88.0 53.0
17 23 25.0 120.0
12 25 12.0 40.0
3 5 94.0 140.0
23 31 128.0 59.0
25 36 184.0 86.0
43 21 187.0 96.0
28 34 159.0 20.0
19 9 56.0 0.0
41 18 188.0 33.0
43 10 109.0 0.0
13 12 108.0 3.0
20 8 16.0 37.0
31 4 17.0 0.0
14 16 152.0 4.0
17 7 7.0 63.0
25 19 137.0 63.0
37 32 50.0 125.0
3 34 122.0 159.0
16 6 75.0 182.0
28 4 92.0 91.0
22 9 62.0 61.0
38 13 41.0 166.0
19 38 195.0 0.0
6 24 85.0 132.0
21 10 186.0 135.0
6 22 10.0 60.0
15 34 138.0 37.0
31 1 5.0 183.0
11 17 17.0 19.0
30 29 159.0 11.0
1 30 69.0 154.0
2 24 91.0 155.0
10 22 135.0 77.0
43 44 98.0 146.0
15 18 43.0 188.0
45 37 189.0 0.0
20 5 134.0 159.0
32 1 134.0 45.0
25 6 8.0 3.0
1 39 38.0 99.0
27 15 138.0 174.0
20 11 48.0 36.0
12 21 72.0 43.0
34 32 68.0 13.0
39 8 30.0 154.0
28 32 76.0 116.0
7 26 46.0 84.0
27 4 31.0 84.0
15 10 84.0 169.0
38 8 90.0 132.0
29 3 33.0 114.0
24 33 43.0 101.0
9 17 194.0 73.0
26 6 14.0 70.0
3 31 91.0 60.0
8 24 12.0 122.0
23 34 190.0 96.0
41 11 85.0 32.0
12 18 183.0 119.0
23 13 29.0 26.0
38 33 91.0 24.0
22 37 54.0 57.0
29 14 148.0 145.0
26 5 122.0 112.0
22 11 14.0 64.0
19 34 48.0 52.0
3 26 76.0 31.0
20 14 27.0 105.0
15 35 103.0 70.0
27 7 81.0 109.0
15 17 13.0 182.0
17 25 41.0 87.0
12 22 43.0 55.0
23 5 51.0 43.0
8 26 78.0 127.0
11 14 145.0 57.0
5 39 42.0 48.0
16 17 6.0 75.0
26 20 143.0 19.0
45 19 159.0 184.0
33 31 115.0 154.0
10 19 82.0 118.0
2 32 60.0 112.0
10 20 143.0 6.0
10 37 57.0 137.0
12 39 33.0 63.0
13 30 78.0 177.0
27 6 7.0 189.0
14 42 5.0 122.0
25 8 70.0 87.0
7 28 67.0 131.0
23 12 170.0 10.0
5 29 12.0 179.0
20 15 87.0 197.0
35 10 74.0 118.0
39 18 193.0 34.0
6 29 49.0 198.0
17 43 138.0 72.0
39 9 61.0 157.0
30 4 139.0 31.0
2 33 133.0 103.0
38 22 139.0 172.0
38 6 67.0 165.0
11 25 153.0 61.0
16 19 9.0 3.0
18 13 189.0 99.0
23 11 74.0 50.0
38 37 149.0 165.0
25 15 1.0 82.0
32 5 101.0 140.0
9 25 47.0 169.0
3 19 165.0 152.0
32 3 42.0 126.0
25 10 116.0 32.0
26 9 116.0 142.0
2 9 112.0 65.0
30 25 3.0 65.0
30 5 154.0 56.0
17 20 73.0 153.0
35 2 105.0 191.0
22 15 148.0 99.0
33 5 186.0 64.0
44 23 34.0 102.0
14 22 196.0 98.0
35 1 172.0 151.0
34 8 89.0 78.0
41 23 144.0 115.0
31 6 151.0 49.0
18 19 175.0 51.0
23 22 150.0 161.0
22 7 142.0 136.0
23 14 50.0 90.0
33 6 175.0 174.0
21 11 185.0 65.0
37 21 174.0 82.0
9 44 165.0 78.0
40 25 169.0 92.0
8 30 24.0 71.0
1 41 53.0 118.0
31 5 48.0 55.0
19 13 154.0 24.0
24 10 70.0 139.0
22 34 11.0 197.0
40 6 193.0 176.0
37 5 106.0 114.0
41 27 145.0 130.0
15 21 44.0 150.0
11 26 115.0 93.0
18 20 173.0 69.0
11 24 83.0 44.0
5 28 95.0 46.0
34 5 176.0 88.0
39 4 118.0 82.0
37 16 39.0 15.0
24 14 79.0 83.0
15 23 63.0 194.0
30 14 11.0 37.0
27 39 62.0 46.0
19 23 198.0 157.0
27 9 110.0 174.0
2 34 93.0 29.0
11 28 44.0 132.0
12 24 38.0 123.0
12 27 150.0 54.0
9 29 109.0 161.0
22 16 6.0 171.0
38 1 119.0 4.0
22 17 30.0 182.0
7 24 17.0 124.0
23 16 122.0 61.0
24 23 129.0 112.0
22 13 188.0 79.0
32 8 37.0 50.0
43 39 5.0 43.0
40 23 132.0 76.0
31 8 69.0 114.0
34 6 181.0 87.0
35 3 127.0 55.0
38 18 44.0 8.0
13 24 95.0 185.0
29 10 32.0 133.0
21 16 14.0 189.0
18 21 58.0 98.0
35 4 2.0 127.0
34 37 154.0 135.0
23 9 8.0 34.0
25 23 195.0 53.0
29 11 10.0 91.0
26 32 185.0 194.0
2 37 184.0 152.0
21 17 182.0 42.0
38 3 171.0 136.0
1 27 59.0 125.0
33 10 75.0 68.0
13 26 84.0 70.0
15 26 88.0 94.0
17 26 98.0 25.0
10 14 178.0 34.0
2 36 99.0 161.0
9 30 191.0 22.0
8 33 86.0 51.0
40 12 13.0 161.0
22 19 7.0 49.0
38 21 91.0 95.0
18 23 160.0 141.0
43 11 134.0 91.0
36 1 107.0 185.0
27 29 174.0 99.0
5 36 119.0 61.0
29 25 69.0 85.0
11 31 8.0 76.0
33 14 118.0 99.0
36 4 197.0 78.0
33 37 172.0 83.0
39 10 27.0 31.0
45 26 89.0 153.0
9 32 109.0 160.0
12 33 51.0 178.0
43 2 66.0 59.0
29 12 125.0 136.0
7 36 70.0 122.0
24 16 13.0 194.0
20 31 160.0 192.0
19 37 92.0 1.0
15 28 5.0 154.0
27 33 147.0 57.0
9 34 20.0 165.0
32 11 81.0 145.0
33 41 155.0 151.0
44 16 157.0 121.0
27 16 31.0 69.0
30 21 124.0 75.0
14 35 94.0 129.0
43 1 5.0 41.0
11 27 138.0 25.0
20 44 127.0 171.0
8 36 73.0 34.0
1 23 95.0 182.0
31 14 80.0 126.0
3 4 104.0 4.0
44 22 97.0 151.0
10 26 135.0 54.0
29 15 162.0 25.0
29 13 98.0 41.0
5 40 196.0 171.0
1 42 4.0 92.0
3 40 77.0 37.0
14 27 108.0 181.0
25 20 56.0 157.0
38 7 132.0 191.0
16 26 47.0 94.0
37 8 190.0 145.0
12 10 51.0 138.0
33 9 177.0 56.0
39 7 125.0 54.0
9 31 166.0 185.0
34 12 53.0 174.0
39 6 199.0 185.0
35 8 4.0 198.0
30 15 187.0 146.0
1 44 184.0 39.0
17 29 68.0 161.0
3 42 178.0 146.0
28 18 178.0 96.0
22 24 133.0 31.0
36 9 26.0 84.0
18 25 71.0 183.0
32 14 140.0 59.0
37 9 34.0 124.0
35 11 189.0 54.0
19 26 111.0 167.0
31 12 14.0 41.0
37 7 130.0 100.0
13 32 145.0 109.0
35 23 196.0 169.0
43 3 140.0 89.0
41 39 127.0 126.0
45 2 7.0 116.0
32 12 169.0 118.0
13 31 194.0 183.0
44 2 130.0 124.0
27 20 39.0 28.0
16 30 3.0 187.0
43 7 7.0 95.0
8 42 45.0 86.0
37 18 86.0 52.0
33 16 193.0 55.0
31 10 20.0 187.0
36 10 46.0 102.0
30 17 126.0 37.0
7 34 8.0 81.0
41 5 95.0 167.0
25 22 151.0 140.0
18 27 197.0 189.0
2 42 103.0 190.0
12 37 166.0 123.0
43 6 41.0 165.0
37 11 187.0 168.0
12 35 185.0 148.0
16 31 127.0 80.0
39 11 176.0 30.0
32 16 186.0 173.0
24 25 157.0 89.0
37 13 37.0 123.0
30 18 1.0 78.0
39 29 22.0 141.0
41 20 178.0 7.0
35 31 173.0 57.0
1 24 83.0 102.0
45 1 29.0 69.0
9 41 187.0 186.0
36 12 167.0 176.0
8 43 193.0 169.0
5 45 53.0 167.0
18 31 107.0 183.0
17 31 84.0 33.0
17 18 45.0 167.0
21 26 105.0 26.0
13 39 172.0 45.0
44 37 175.0 139.0
17 32 82.0 120.0
38 31 25.0 87.0
30 44 38.0 133.0
18 22 1.0 122.0
21 24 15.0 198.0
30 20 23.0 73.0
40 11 61.0 147.0
16 34 168.0 189.0
42 12 173.0 2.0
30 22 20.0 151.0
9 40 80.0 58.0
28 41 7.0 81.0
5 43 98.0 174.0
32 19 43.0 121.0
44 7 9.0 57.0
27 22 158.0 129.0
13 42 9.0 83.0
38 14 85.0 29.0
25 27 72.0 117.0
17 34 194.0 31.0
41 10 86.0 92.0
40 13 171.0 129.0
11 42 45.0 132.0
24 29 92.0 155.0
17 35 116.0 53.0
14 25 144.0 153.0
7 45 95.0 168.0
5 42 4.0 89.0
37 15 59.0 42.0
30 33 86.0 182.0
35 20 47.0 83.0
29 23 23.0 91.0
31 22 151.0 92.0
43 12 53.0 95.0
40 14 194.0 148.0
29 21 22.0 199.0
35 7 22.0 81.0
8 44 28.0 108.0
21 31 162.0 75.0
31 34 60.0 137.0
30 19 192.0 12.0
29 26 151.0 45.0
41 14 91.0 146.0
26 30 105.0 113.0
39 16 104.0 127.0
44 38 45.0 132.0
18 32 161.0 159.0
18 36 91.0 21.0
10 44 9.0 35.0
13 41 72.0 161.0
22 33 161.0 164.0
24 20 190.0 18.0
16 38 139.0 46.0
18 26 14.0 137.0
34 21 118.0 127.0
39 15 24.0 161.0
31 25 83.0 33.0
19 39 56.0 156.0
38 15 57.0 169.0
40 16 78.0 0.0
23 37 168.0 17.0
31 29 18.0 183.0
28 29 100.0 89.0
28 30 50.0 124.0
42 31 181.0 85.0
11 45 62.0 190.0
36 22 167.0 119.0
38 17 31.0 45.0
42 17 199.0 152.0
26 34 76.0 169.0
14 43 113.0 176.0
32 24 164.0 163.0
22 35 123.0 98.0
39 17 59.0 185.0
15 33 98.0 26.0
35 16 150.0 82.0
20 34 63.0 101.0
40 20 70.0 139.0
28 33 142.0 183.0
25 35 187.0 59.0
25 28 141.0 63.0
38 41 148.0 152.0
23 36 90.0 47.0
45 16 144.0 40.0
31 27 36.0 7.0
16 43 94.0 106.0
30 12 190.0 189.0
20 42 39.0 130.0
24 34 106.0 180.0
14 45 3.0 54.0
21 42 170.0 93.0
36 24 49.0 115.0
30 27 144.0 37.0
16 41 91.0 191.0
16 42 78.0 81.0
22 43 41.0 118.0
38 24 150.0 147.0
31 32 199.0 153.0
37 24 45.0 122.0
34 30 15.0 47.0
44 19 188.0 159.0
39 21 70.0 79.0
36 30 166.0 149.0
40 8 33.0 7.0
41 22 53.0 135.0
27 26 123.0 4.0
28 36 73.0 168.0
42 19 131.0 88.0
36 29 184.0 119.0
19 41 137.0 7.0
33 29 92.0 103.0
45 20 92.0 77.0
35 45 133.0 97.0
24 35 194.0 56.0
27 38 48.0 20.0
39 28 196.0 179.0
18 44 163.0 133.0
9 43 17.0 100.0
25 41 71.0 110.0
17 45 188.0 115.0
39 25 108.0 73.0
43 24 199.0 55.0
33 34 99.0 47.0
25 44 196.0 48.0
42 22 30.0 159.0
18 45 121.0 48.0
45 23 185.0 192.0
25 42 105.0 125.0
36 21 91.0 166.0
39 24 187.0 91.0
25 45 183.0 87.0
40 43 98.0 179.0
31 39 93.0 80.0
42 9 20.0 14.0
26 44 192.0 157.0
35 36 42.0 49.0
26 43 113.0 133.0
44 31 36.0 100.0
41 30 184.0 20.0
37 35 198.0 34.0
23 43 95.0 91.0
26 36 137.0 67.0
40 1 33.0 81.0
28 42 43.0 27.0
31 36 39.0 108.0
27 40 4.0 75.0
40 31 30.0 140.0
43 29 41.0 29.0
39 30 139.0 88.0
30 42 193.0 29.0
35 41 95.0 178.0
31 43 44.0 90.0
33 36 159.0 35.0
29 42 162.0 115.0
33 42 157.0 145.0
42 40 125.0 150.0
24 40 24.0 17.0
34 39 183.0 170.0
32 45 102.0 78.0
36 34 80.0 98.0
21 33 180.0 191.0
32 29 105.0 143.0
33 43 198.0 14.0
42 34 60.0 75.0
15 42 5.0 37.0
35 38 199.0 140.0
41 6 21.0 101.0
43 37 8.0 53.0
36 37 183.0 189.0
35 44 167.0 41.0
44 45 138.0 165.0
38 40 31.0 150.0
41 43 128.0 36.0
45 43 110.0 127.0
44 33 38.0 131.0
1 3 71.0 46.0
24 44 132.0 54.0
37 42 195.0 99.0
32 35 75.0 133.0
29 37 199.0 106.0
40 37 122.0 79.0
43 19 75.0 32.0
42 41 21.0 113.0
17 44 82.0 92.0
36 38 170.0 166.0
45 36 49.0 166.0
33 45 148.0 76.0
38 43 111.0 100.0
41 34 4.0 185.0
26 38 28.0 79.0
44 39 137.0 2.0
39 38 107.0 171.0
2 1 44.0 77.0
44 41 45.0 45.0
45 30 86.0 145.0
29 45 85.0 149.0
28 38 19.0 90.0
35 19 140.0 199.0
45 41 122.0 29.0
32 40 49.0 181.0
35 42 147.0 45.0
39 37 5.0 144.0
35 43 69.0 91.0
38 45 168.0 155.0
40 28 31.0 139.0
29 7 184.0 123.0
0
