44 946 40 11 19798
32 40 113.0 174.0
40 35 60.0 38.0
37 34 46.0 151.0
24 32 6.0 120.0
7 13 70.0 20.0
7 17 183.0 141.0
31 21 44.0 53.0
4 1 78.0 114.0
16 29 175.0 192.0
39 35 31.0 187.0
44 23 146.0 77.0
30 6 140.0 152.0
18 29 99.0 162.0
2 4 51.0 34.0
25 28 47.0 95.0
5 30 23.0 125.0
35 22 48.0 150.0
32 2 187.0 31.0
25 9 193.0 85.0
14 43 167.0 133.0
27 25 179.0 18.0
28 34 187.0 182.0
37 26 20.0 34.0
32 21 89.0 196.0
18 39 81.0 89.0
41 18 168.0 20.0
2 42 191.0 161.0
40 44 162.0 110.0
24 5 46.0 141.0
38 37 130.0 34.0
38 41 144.0 102.0
17 15 114.0 33.0
10 24 81.0 147.0
41 28 177.0 49.0
1 3 72.0 120.0
2 7 56.0 34.0
12 16 196.0 55.0
28 38 109.0 126.0
34 14 146.0 53.0
28 20 124.0 60.0
43 32 110.0 157.0
35 19 102.0 39.0
22 41 130.0 126.0
3 37 101.0 187.0
9 3 195.0 50.0
40 5 96.0 104.0
18 7 189.0 42.0
2 3 111.0 65.0
10 32 91.0 21.0
6 21 150.0 194.0
37 33 163.0 33.0
26 41 25.0 16.0
15 1 1.0 20.0
4 30 56.0 49.0
12 29 32.0 45.0
31 36 64.0 143.0
43 41 115.0 155.0
37 22 101.0 18.0
31 4 7.0 16.0
44 29 189.0 184.0
28 13 150.0 142.0
42 8 68.0 6.0
36 25 134.0 100.0
36 4 153.0 198.0
44 6 40.0 20.0
28 15 29.0 93.0
18 42 16.0 188.0
2 13 96.0 157.0
25 20 162.0 46.0
28 14 126.0 30.0
14 44 28.0 12.0
3 31 142.0 133.0
10 4 75.0 182.0
17 12 137.0 56.0
29 1 29.0 106.0
33 12 48.0 78.0
32 41 6.0 162.0
3 6 42.0 84.0
9 22 58.0 22.0
8 16 31.0 0.0
18 43 157.0 106.0
10 39 97.0 46.0
39 1 78.0 79.0
33 30 83.0 79.0
26 18 67.0 89.0
27 34 166.0 109.0
11 37 186.0 177.0
28 26 52.0 169.0
25 29 73.0 9.0
23 29 101.0 171.0
29 19 80.0 131.0
4 27 144.0 163.0
21 37 142.0 11.0
27 26 104.0 61.0
38 27 196.0 42.0
8 1 79.0 49.0
5 27 182.0 153.0
11 17 131.0 35.0
35 8 189.0 11.0
34 16 85.0 85.0
8 10 13.0 28.0
11 18 79.0 70.0
6 9 94.0 27.0
5 17 68.0 174.0
44 8 9.0 3.0
12 3 185.0 92.0
30 29 191.0 174.0
20 16 66.0 76.0
1 33 30.0 80.0
26 11 72.0 61.0
39 34 195.0 119.0
12 1 60.0 15.0
1 35 127.0 70.0
14 7 22.0 64.0
11 7 1.0 13.0
42 39 158.0 20.0
3 41 92.0 140.0
7 19 72.0 116.0
28 12 112.0 19.0
29 24 52.0 173.0
5 8 70.0 131.0
22 8 128.0 93.0
14 11 35.0 81.0
25 22 95.0 193.0
18 14 59.0 187.0
8 40 130.0 132.0
28 16 171.0 43.0
15 29 96.0 24.0
44 16 72.0 166.0
10 7 88.0 0.0
11 39 66.0 123.0
16 25 41.0 161.0
39 5 89.0 100.0
21 29 47.0 172.0
1 32 74.0 18.0
16 27 50.0 170.0
19 42 5.0 122.0
41 12 170.0 93.0
26 2 196.0 189.0
26 31 39.0 189.0
36 35 159.0 81.0
39 6 10.0 6.0
37 25 107.0 85.0
28 44 73.0 109.0
17 24 197.0 78.0
9 7 71.0 167.0
17 33 178.0 68.0
20 34 14.0 169.0
24 27 174.0 125.0
32 8 179.0 184.0
32 38 30.0 38.0
14 24 173.0 103.0
24 26 93.0 122.0
42 15 149.0 165.0
23 34 9.0 127.0
23 18 94.0 175.0
44 41 59.0 20.0
4 5 43.0 190.0
19 38 7.0 25.0
4 12 11.0 132.0
19 32 71.0 105.0
22 31 47.0 21.0
20 33 1.0 57.0
26 17 153.0 47.0
14 12 116.0 164.0
17 19 106.0 111.0
11 2 16.0 65.0
1 6 184.0 27.0
37 41 149.0 8.0
3 38 113.0 149.0
4 3 183.0 115.0
5 9 75.0 88.0
23 17 110.0 144.0
11 4 94.0 168.0
13 38 162.0 110.0
19 34 187.0 147.0
7 20 32.0 88.0
5 11 169.0 98.0
32 18 186.0 152.0
11 6 61.0 61.0
13 6 3.0 123.0
10 16 5.0 97.0
29 40 59.0 168.0
12 2 126.0 198.0
35 31 110.0 111.0
17 42 167.0 79.0
4 6 53.0 105.0
1 14 173.0 67.0
5 7 185.0 176.0
7 6 62.0 143.0
21 8 136.0 73.0
16 2 104.0 15.0
31 27 82.0 14.0
24 42 165.0 1.0
18 8 158.0 170.0
19 10 198.0 131.0
1 28 166.0 136.0
9 8 172.0 28.0
35 27 72.0 108.0
26 40 83.0 128.0
22 11 192.0 165.0
4 7 73.0 157.0
43 25 52.0 31.0
10 35 49.0 2.0
38 11 161.0 15.0
18 5 111.0 133.0
6 5 23.0 183.0
30 16 174.0 107.0
26 29 49.0 167.0
20 21 169.0 122.0
21 2 178.0 21.0
13 3 96.0 27.0
19 8 84.0 9.0
32 31 193.0 195.0
44 12 60.0 168.0
27 40 152.0 35.0
25 39 147.0 1.0
35 4 91.0 117.0
5 23 151.0 69.0
31 13 181.0 199.0
40 21 90.0 65.0
7 33 141.0 83.0
18 2 90.0 2.0
12 18 35.0 194.0
12 24 125.0 183.0
27 1 2.0 168.0
23 6 161.0 105.0
8 6 185.0 94.0
37 4 166.0 76.0
36 32 19.0 107.0
2 6 147.0 109.0
23 20 193.0 182.0
43 34 176.0 71.0
17 1 112.0 130.0
15 3 19.0 73.0
12 5 3.0 156.0
31 1 153.0 121.0
3 11 59.0 172.0
31 42 92.0 6.0
15 2 42.0 38.0
35 6 124.0 18.0
25 41 33.0 188.0
44 26 26.0 4.0
9 34 10.0 181.0
10 11 41.0 115.0
36 41 77.0 101.0
14 2 114.0 169.0
5 44 155.0 108.0
3 7 25.0 31.0
24 4 115.0 58.0
4 13 116.0 141.0
21 24 73.0 78.0
10 34 12.0 115.0
6 25 107.0 89.0
4 44 28.0 173.0
3 16 143.0 135.0
25 15 188.0 168.0
18 15 73.0 103.0
13 5 121.0 141.0
40 36 49.0 147.0
25 7 198.0 61.0
31 20 161.0 105.0
39 3 36.0 141.0
20 13 72.0 179.0
9 11 35.0 60.0
31 44 23.0 60.0
18 1 183.0 97.0
4 17 137.0 32.0
3 14 192.0 135.0
10 1 62.0 105.0
7 8 133.0 99.0
40 3 22.0 5.0
43 22 112.0 57.0
41 35 196.0 135.0
10 9 196.0 179.0
15 5 38.0 85.0
1 13 5.0 182.0
20 1 138.0 67.0
28 43 162.0 71.0
7 12 31.0 184.0
19 15 83.0 143.0
8 4 135.0 79.0
2 17 43.0 83.0
34 21 181.0 82.0
9 37 104.0 186.0
13 23 191.0 42.0
41 39 73.0 154.0
36 11 45.0 104.0
1 9 196.0 128.0
3 28 93.0 84.0
30 12 94.0 88.0
9 19 28.0 76.0
18 3 43.0 85.0
6 16 145.0 35.0
3 5 144.0 170.0
36 20 164.0 190.0
9 2 104.0 160.0
31 37 151.0 149.0
5 31 4.0 46.0
25 35 99.0 184.0
9 18 109.0 95.0
26 23 198.0 6.0
6 15 54.0 143.0
44 42 182.0 170.0
20 24 137.0 38.0
16 13 43.0 41.0
19 4 138.0 47.0
14 9 97.0 190.0
3 17 154.0 158.0
40 17 142.0 105.0
6 10 48.0 148.0
2 24 192.0 30.0
3 30 81.0 82.0
42 20 187.0 77.0
19 5 123.0 77.0
12 9 66.0 172.0
33 32 23.0 20.0
17 6 140.0 165.0
9 4 114.0 189.0
38 8 187.0 59.0
13 22 49.0 20.0
5 10 130.0 36.0
19 31 186.0 53.0
2 30 38.0 52.0
37 18 108.0 13.0
15 36 132.0 0.0
6 22 182.0 46.0
6 34 1.0 121.0
9 13 14.0 51.0
22 3 69.0 144.0
30 14 39.0 55.0
20 2 139.0 77.0
18 31 139.0 199.0
15 8 170.0 71.0
34 15 102.0 104.0
24 34 174.0 56.0
12 36 14.0 140.0
35 26 52.0 83.0
15 43 65.0 91.0
43 21 35.0 157.0
14 6 88.0 175.0
37 23 50.0 10.0
2 19 92.0 152.0
17 29 67.0 66.0
40 11 166.0 33.0
12 37 182.0 170.0
36 26 109.0 199.0
1 11 47.0 97.0
14 25 173.0 87.0
23 15 139.0 175.0
42 5 161.0 183.0
33 26 60.0 29.0
36 27 155.0 178.0
20 37 90.0 137.0
1 22 46.0 151.0
30 21 14.0 45.0
1 7 47.0 187.0
20 8 148.0 138.0
12 38 35.0 109.0
18 4 81.0 95.0
22 18 84.0 36.0
30 18 86.0 126.0
20 4 163.0 84.0
43 35 6.0 177.0
40 37 46.0 53.0
44 32 26.0 194.0
3 8 186.0 14.0
4 14 147.0 20.0
8 37 60.0 183.0
19 3 100.0 147.0
16 4 120.0 15.0
38 33 176.0 79.0
10 3 92.0 174.0
17 25 92.0 70.0
9 17 170.0 79.0
7 36 33.0 117.0
9 15 193.0 45.0
2 33 3.0 45.0
21 3 41.0 124.0
10 13 65.0 170.0
14 10 115.0 109.0
38 44 41.0 8.0
37 24 66.0 11.0
15 37 101.0 51.0
8 12 45.0 95.0
38 1 169.0 48.0
30 1 109.0 162.0
23 2 167.0 126.0
20 5 46.0 34.0
13 8 87.0 87.0
14 15 27.0 105.0
7 21 62.0 129.0
12 11 45.0 107.0
6 12 125.0 14.0
25 34 159.0 35.0
38 30 194.0 78.0
38 26 20.0 192.0
40 4 45.0 59.0
18 13 11.0 24.0
33 10 124.0 25.0
1 24 150.0 170.0
21 4 72.0 75.0
5 16 31.0 183.0
37 39 29.0 25.0
23 3 138.0 49.0
8 11 83.0 135.0
33 9 96.0 46.0
38 9 147.0 172.0
21 11 148.0 49.0
23 4 96.0 20.0
3 20 67.0 127.0
25 2 97.0 96.0
32 6 28.0 187.0
14 13 85.0 111.0
20 39 52.0 181.0
23 38 138.0 199.0
5 29 79.0 87.0
16 7 16.0 127.0
16 9 33.0 83.0
21 12 139.0 82.0
10 17 89.0 167.0
14 32 84.0 174.0
10 18 123.0 136.0
33 21 12.0 61.0
5 14 165.0 91.0
1 44 127.0 133.0
43 33 90.0 113.0
16 14 31.0 29.0
6 19 66.0 120.0
32 15 120.0 150.0
18 6 166.0 43.0
12 10 119.0 178.0
18 35 69.0 37.0
4 15 19.0 197.0
36 39 190.0 109.0
10 43 179.0 22.0
43 27 18.0 45.0
42 25 142.0 90.0
40 7 18.0 108.0
2 22 100.0 89.0
4 26 54.0 170.0
42 32 188.0 25.0
1 19 142.0 130.0
3 24 166.0 121.0
20 44 140.0 136.0
24 28 6.0 34.0
27 2 104.0 176.0
3 26 147.0 4.0
29 35 41.0 1.0
42 11 130.0 181.0
21 44 40.0 25.0
37 43 119.0 6.0
18 44 84.0 11.0
15 12 35.0 42.0
7 15 26.0 139.0
7 24 28.0 173.0
11 23 171.0 69.0
33 31 168.0 54.0
11 13 33.0 160.0
30 44 195.0 104.0
8 17 136.0 79.0
27 3 5.0 171.0
29 3 128.0 32.0
28 2 83.0 156.0
13 12 188.0 7.0
16 38 93.0 109.0
10 15 69.0 78.0
13 44 154.0 64.0
23 33 115.0 42.0
10 20 62.0 121.0
8 2 89.0 191.0
31 28 146.0 172.0
14 40 104.0 87.0
33 13 84.0 197.0
8 23 110.0 154.0
16 11 13.0 16.0
20 12 36.0 81.0
25 5 156.0 51.0
22 5 169.0 45.0
26 10 18.0 68.0
26 16 45.0 123.0
15 13 72.0 82.0
21 5 63.0 134.0
11 44 25.0 29.0
28 4 90.0 13.0
33 5 171.0 46.0
6 24 152.0 92.0
26 25 18.0 170.0
5 26 122.0 15.0
22 10 18.0 147.0
20 11 196.0 82.0
25 40 98.0 173.0
29 4 85.0 189.0
16 36 13.0 8.0
8 25 196.0 117.0
6 26 80.0 166.0
30 34 51.0 3.0
32 35 116.0 70.0
36 21 120.0 64.0
36 42 188.0 18.0
33 16 83.0 73.0
20 9 130.0 48.0
28 5 98.0 78.0
31 41 91.0 131.0
30 31 56.0 143.0
41 14 171.0 125.0
10 2 84.0 43.0
44 19 11.0 72.0
10 38 72.0 94.0
15 27 15.0 154.0
19 13 18.0 66.0
27 7 54.0 110.0
28 6 71.0 110.0
39 16 191.0 194.0
23 9 60.0 27.0
7 26 177.0 71.0
29 10 30.0 2.0
15 11 176.0 197.0
16 17 17.0 194.0
24 8 95.0 71.0
9 24 183.0 118.0
34 26 50.0 126.0
32 30 59.0 62.0
41 42 104.0 36.0
7 22 166.0 86.0
27 6 136.0 142.0
16 37 112.0 153.0
14 17 158.0 7.0
36 23 32.0 94.0
24 41 150.0 35.0
14 8 82.0 9.0
26 1 137.0 139.0
33 18 183.0 55.0
14 26 161.0 119.0
10 21 135.0 25.0
34 17 112.0 45.0
39 12 157.0 97.0
29 33 38.0 59.0
6 20 116.0 72.0
2 31 6.0 54.0
42 22 2.0 189.0
4 25 1.0 115.0
13 17 38.0 136.0
14 19 139.0 102.0
22 32 185.0 49.0
40 33 17.0 175.0
16 15 147.0 133.0
40 20 0.0 153.0
42 3 12.0 154.0
3 35 142.0 165.0
11 19 39.0 180.0
19 12 59.0 179.0
39 9 70.0 196.0
22 14 169.0 87.0
44 17 30.0 116.0
13 42 113.0 182.0
10 23 173.0 77.0
23 7 121.0 68.0
20 14 81.0 112.0
16 19 22.0 93.0
27 8 112.0 92.0
32 4 80.0 81.0
7 29 15.0 62.0
28 7 191.0 128.0
33 3 43.0 164.0
40 13 94.0 164.0
1 16 20.0 128.0
9 27 143.0 42.0
29 2 123.0 7.0
12 22 121.0 155.0
25 12 114.0 136.0
34 2 98.0 105.0
39 19 22.0 141.0
31 14 191.0 68.0
14 33 157.0 12.0
1 36 184.0 53.0
42 29 110.0 59.0
17 18 44.0 31.0
23 14 150.0 159.0
21 16 7.0 0.0
24 13 45.0 181.0
11 35 187.0 36.0
25 10 72.0 145.0
44 39 148.0 8.0
4 33 16.0 58.0
23 43 171.0 60.0
19 36 195.0 121.0
29 14 178.0 154.0
11 29 116.0 23.0
6 31 40.0 103.0
25 1 115.0 64.0
37 1 113.0 15.0
41 11 126.0 81.0
4 22 30.0 97.0
38 31 5.0 177.0
31 7 9.0 135.0
9 28 109.0 77.0
32 26 31.0 150.0
14 21 84.0 99.0
44 35 83.0 149.0
12 23 112.0 9.0
7 30 140.0 94.0
15 20 73.0 97.0
3 34 174.0 34.0
24 15 115.0 84.0
42 23 130.0 146.0
27 11 95.0 14.0
2 5 156.0 178.0
15 21 173.0 21.0
9 26 76.0 65.0
28 10 94.0 101.0
13 41 44.0 68.0
17 21 197.0 159.0
39 30 147.0 127.0
20 18 119.0 42.0
19 18 59.0 75.0
42 33 8.0 32.0
32 5 103.0 84.0
3 32 64.0 149.0
29 8 26.0 108.0
2 35 68.0 23.0
38 43 84.0 15.0
9 43 6.0 3.0
2 37 144.0 65.0
33 6 43.0 152.0
23 25 63.0 98.0
1 34 152.0 127.0
21 9 90.0 178.0
31 9 36.0 159.0
23 16 148.0 120.0
3 36 23.0 154.0
43 36 81.0 167.0
8 30 167.0 76.0
26 13 138.0 30.0
15 26 37.0 91.0
27 10 105.0 80.0
40 12 127.0 141.0
2 39 158.0 27.0
19 20 139.0 181.0
28 11 174.0 172.0
38 2 184.0 141.0
43 8 195.0 75.0
34 5 130.0 185.0
30 9 114.0 35.0
8 33 125.0 193.0
7 32 176.0 35.0
16 42 108.0 67.0
18 16 42.0 82.0
26 12 167.0 179.0
16 24 83.0 114.0
8 28 63.0 165.0
13 25 172.0 130.0
24 18 167.0 98.0
11 25 99.0 95.0
31 10 172.0 160.0
14 27 51.0 15.0
43 39 172.0 170.0
13 29 124.0 7.0
19 21 52.0 139.0
34 4 53.0 25.0
29 6 89.0 172.0
22 19 63.0 141.0
40 1 40.0 187.0
27 12 169.0 91.0
40 2 52.0 94.0
42 6 33.0 128.0
36 2 102.0 38.0
37 5 34.0 107.0
21 22 2.0 124.0
27 42 32.0 65.0
35 42 69.0 72.0
20 22 60.0 191.0
33 22 73.0 64.0
13 27 68.0 59.0
18 38 54.0 123.0
17 22 2.0 89.0
30 13 160.0 4.0
39 23 4.0 192.0
40 41 138.0 73.0
36 33 107.0 150.0
30 40 192.0 133.0
1 5 173.0 12.0
5 38 153.0 179.0
7 34 180.0 155.0
36 5 119.0 140.0
11 30 64.0 123.0
18 21 33.0 155.0
23 19 19.0 92.0
41 2 32.0 163.0
42 1 58.0 157.0
43 1 181.0 11.0
35 9 143.0 113.0
9 29 19.0 14.0
25 19 192.0 36.0
12 31 156.0 177.0
8 34 73.0 175.0
6 36 16.0 105.0
9 32 129.0 75.0
38 6 61.0 62.0
30 15 43.0 156.0
1 41 71.0 62.0
14 39 52.0 15.0
34 33 194.0 160.0
41 4 60.0 67.0
24 19 140.0 77.0
37 6 43.0 21.0
43 20 3.0 105.0
32 12 39.0 46.0
13 32 197.0 110.0
37 7 57.0 1.0
23 22 34.0 51.0
18 27 124.0 95.0
35 33 134.0 65.0
27 17 122.0 177.0
23 27 180.0 78.0
41 33 80.0 19.0
23 1 49.0 30.0
27 44 179.0 58.0
36 9 91.0 14.0
31 11 125.0 168.0
34 42 165.0 59.0
11 33 145.0 87.0
10 30 119.0 126.0
4 38 179.0 152.0
32 23 41.0 180.0
15 31 159.0 173.0
36 10 30.0 2.0
21 23 185.0 108.0
43 2 179.0 150.0
6 40 132.0 124.0
18 25 101.0 3.0
22 24 31.0 32.0
34 22 7.0 24.0
19 26 103.0 118.0
28 17 136.0 85.0
39 7 150.0 73.0
30 20 173.0 129.0
23 24 24.0 57.0
34 11 60.0 77.0
26 21 114.0 43.0
12 35 78.0 73.0
24 11 154.0 133.0
32 11 58.0 42.0
3 43 29.0 161.0
8 31 160.0 2.0
38 7 9.0 136.0
28 19 97.0 69.0
41 5 197.0 163.0
12 34 150.0 27.0
28 37 147.0 104.0
26 20 95.0 157.0
44 7 10.0 76.0
30 17 161.0 171.0
43 4 67.0 170.0
3 44 148.0 117.0
20 17 38.0 97.0
43 5 152.0 188.0
41 6 16.0 51.0
2 44 63.0 63.0
24 40 144.0 73.0
34 13 12.0 106.0
1 21 81.0 32.0
8 36 125.0 181.0
15 33 2.0 163.0
37 13 193.0 107.0
6 43 45.0 161.0
37 14 55.0 108.0
26 22 86.0 199.0
14 35 138.0 51.0
19 27 58.0 19.0
18 28 117.0 184.0
16 31 186.0 72.0
16 32 104.0 131.0
7 41 65.0 101.0
9 41 186.0 120.0
15 35 177.0 24.0
38 24 119.0 115.0
42 7 46.0 177.0
14 36 68.0 116.0
42 37 16.0 6.0
25 24 64.0 73.0
39 15 99.0 129.0
16 22 183.0 37.0
40 9 106.0 160.0
35 5 152.0 177.0
30 19 103.0 150.0
42 12 185.0 171.0
42 4 29.0 1.0
22 28 97.0 46.0
22 30 89.0 149.0
36 13 154.0 72.0
28 23 90.0 12.0
37 17 28.0 194.0
7 43 67.0 83.0
9 42 121.0 52.0
22 15 4.0 103.0
10 41 185.0 53.0
17 31 157.0 26.0
8 41 93.0 111.0
13 35 149.0 135.0
35 20 160.0 129.0
23 31 189.0 179.0
29 22 155.0 62.0
17 36 174.0 111.0
31 25 47.0 160.0
4 39 60.0 156.0
38 15 23.0 154.0
30 25 8.0 125.0
21 27 197.0 120.0
26 30 190.0 138.0
43 11 73.0 97.0
14 38 40.0 48.0
27 33 93.0 39.0
41 15 135.0 106.0
18 36 111.0 159.0
34 41 72.0 71.0
33 24 61.0 69.0
37 19 78.0 51.0
39 13 182.0 152.0
44 10 84.0 174.0
44 9 10.0 177.0
20 32 82.0 98.0
22 27 197.0 193.0
19 33 135.0 21.0
31 24 3.0 149.0
39 8 114.0 82.0
18 34 59.0 96.0
38 21 154.0 143.0
20 29 55.0 116.0
41 23 52.0 137.0
28 27 68.0 1.0
17 38 60.0 156.0
17 39 68.0 15.0
43 13 7.0 182.0
18 40 125.0 18.0
28 30 147.0 31.0
32 29 95.0 2.0
17 32 186.0 99.0
32 25 73.0 6.0
38 22 140.0 85.0
17 41 125.0 160.0
23 30 137.0 84.0
38 20 132.0 15.0
29 31 107.0 79.0
15 44 157.0 3.0
33 25 97.0 95.0
33 28 30.0 122.0
32 27 83.0 122.0
21 35 162.0 160.0
28 21 8.0 99.0
20 27 19.0 92.0
26 8 59.0 127.0
41 19 80.0 168.0
39 22 43.0 177.0
40 15 133.0 73.0
32 37 23.0 168.0
43 12 65.0 185.0
41 20 176.0 25.0
44 22 168.0 196.0
16 41 196.0 28.0
24 36 45.0 76.0
36 29 129.0 89.0
10 40 21.0 14.0
43 19 149.0 44.0
40 23 37.0 166.0
36 30 74.0 165.0
31 34 148.0 195.0
35 28 97.0 96.0
17 43 183.0 95.0
35 24 139.0 64.0
27 39 169.0 160.0
16 40 76.0 118.0
22 40 158.0 113.0
29 28 89.0 184.0
29 38 133.0 189.0
38 25 126.0 182.0
10 42 92.0 61.0
32 28 168.0 32.0
30 27 121.0 137.0
30 35 192.0 198.0
30 37 25.0 102.0
29 39 87.0 66.0
42 26 173.0 172.0
36 34 104.0 99.0
27 41 149.0 148.0
41 21 147.0 69.0
21 42 130.0 68.0
37 10 114.0 75.0
21 39 176.0 91.0
40 28 83.0 15.0
44 24 58.0 56.0
33 39 78.0 114.0
43 29 10.0 179.0
43 24 24.0 157.0
19 40 77.0 107.0
43 16 30.0 144.0
44 25 176.0 6.0
28 42 158.0 11.0
34 38 55.0 168.0
24 30 145.0 133.0
22 36 93.0 155.0
41 29 25.0 70.0
31 39 142.0 55.0
39 26 22.0 172.0
37 36 179.0 198.0
35 34 114.0 137.0
40 39 154.0 169.0
42 30 39.0 52.0
40 34 34.0 84.0
44 36 170.0 59.0
40 43 194.0 112.0
29 27 100.0 17.0
38 35 167.0 79.0
29 34 157.0 81.0
29 37 120.0 64.0
42 43 73.0 111.0
35 23 51.0 59.0
39 38 185.0 21.0
42 38 51.0 132.0
44 43 184.0 151.0
39 28 149.0 103.0
34 44 178.0 107.0
30 43 92.0 98.0
35 17 18.0 117.0
31 40 59.0 22.0
40 42 33.0 196.0
27 37 50.0 84.0
41 30 2.0 186.0
1 2 169.0 151.0
38 40 12.0 100.0
16 35 124.0 104.0
35 37 117.0 95.0
14 42 46.0 128.0
13 21 193.0 32.0
37 44 90.0 44.0
25 21 74.0 92.0
36 28 49.0 43.0
32 34 92.0 61.0
3 25 6.0 168.0
43 26 89.0 123.0
7 35 45.0 88.0
38 36 188.0 38.0
39 24 92.0 79.0
44 33 193.0 166.0
31 43 30.0 42.0
32 39 151.0 74.0
0
