44 946 40 11 46647
22 8 146.0 162.0
25 15 99.0 196.0
24 44 28.0 32.0
30 24 32.0 47.0
4 2 24.0 142.0
43 7 7.0 54.0
26 25 186.0 68.0
3 39 131.0 42.0
3 37 50.0 77.0
2 5 77.0 102.0
6 31 194.0 57.0
10 14 72.0 27.0
35 22 73.0 48.0
4 16 12.0 80.0
40 37 157.0 150.0
32 25 189.0 88.0
17 26 178.0 191.0
32 42 93.0 7.0
29 2 57.0 87.0
35 27 4.0 82.0
24 23 66.0 77.0
14 19 24.0 30.0
31 25 57.0 133.0
5 38 72.0 46.0
40 15 186.0 2.0
12 23 15.0 31.0
24 20 197.0 25.0
2 32 77.0 153.0
30 28 79.0 143.0
22 15 103.0 55.0
15 6 79.0 161.0
43 24 109.0 103.0
38 31 33.0 96.0
9 36 143.0 0.0
31 26 40.0 92.0
13 10 130.0 117.0
13 37 121.0 9.0
27 1 93.0 177.0
6 39 72.0 124.0
18 28 199.0 181.0
4 5 1.0 184.0
22 29 59.0 144.0
31 21 150.0 99.0
10 3 62.0 80.0
38 10 15.0 136.0
8 5 15.0 60.0
40 29 4.0 39.0
33 26 49.0 3.0
35 8 111.0 51.0
37 44 38.0 123.0
21 11 170.0 140.0
12 34 172.0 184.0
43 9 72.0 139.0
3 6 92.0 40.0
17 28 100.0 97.0
9 37 55.0 150.0
1 2 68.0 118.0
21 26 36.0 58.0
13 7 7.0 158.0
2 7 90.0 131.0
32 43 105.0 114.0
7 3 7.0 197.0
2 13 86.0 107.0
8 34 43.0 93.0
11 29 63.0 63.0
10 6 173.0 99.0
32 27 195.0 132.0
6 20 72.0 85.0
19 32 4.0 177.0
19 36 140.0 163.0
6 40 24.0 178.0
29 33 195.0 67.0
17 35 145.0 10.0
12 1 27.0 119.0
32 40 176.0 22.0
36 20 1.0 1.0
27 39 116.0 157.0
6 2 79.0 8.0
17 24 80.0 103.0
12 20 199.0 27.0
4 9 161.0 144.0
44 4 122.0 188.0
44 11 134.0 51.0
6 25 135.0 87.0
19 33 136.0 52.0
10 41 165.0 167.0
40 35 10.0 46.0
30 14 151.0 161.0
8 39 162.0 64.0
18 1 140.0 36.0
31 28 91.0 26.0
28 22 122.0 26.0
11 27 179.0 10.0
44 34 42.0 145.0
11 2 145.0 5.0
9 31 79.0 48.0
1 21 98.0 41.0
41 3 186.0 190.0
7 6 9.0 77.0
35 36 144.0 83.0
39 14 81.0 76.0
3 34 125.0 75.0
11 4 132.0 22.0
36 11 23.0 12.0
7 22 2.0 73.0
3 9 105.0 188.0
30 22 19.0 66.0
34 30 63.0 116.0
43 13 72.0 96.0
5 1 81.0 197.0
6 4 3.0 165.0
39 2 129.0 178.0
10 4 122.0 131.0
33 9 5.0 179.0
6 22 114.0 24.0
7 9 196.0 177.0
21 38 1.0 20.0
42 19 153.0 34.0
3 1 184.0 156.0
1 8 16.0 113.0
3 18 62.0 91.0
2 3 158.0 19.0
25 41 70.0 73.0
5 43 173.0 19.0
37 28 177.0 126.0
3 4 151.0 130.0
3 13 194.0 88.0
21 14 119.0 163.0
31 19 19.0 133.0
41 18 48.0 178.0
14 16 37.0 71.0
34 11 185.0 162.0
14 18 91.0 114.0
19 21 115.0 194.0
11 35 111.0 109.0
5 33 138.0 182.0
27 20 107.0 110.0
17 1 169.0 155.0
28 23 0.0 7.0
33 18 150.0 138.0
35 29 60.0 193.0
6 8 35.0 175.0
43 34 162.0 98.0
11 5 188.0 52.0
25 11 16.0 95.0
23 3 45.0 186.0
2 18 1.0 198.0
11 17 77.0 103.0
21 25 141.0 137.0
11 6 114.0 129.0
15 12 163.0 28.0
17 41 8.0 151.0
28 19 197.0 176.0
42 7 86.0 195.0
16 1 126.0 39.0
22 40 21.0 3.0
20 37 83.0 115.0
38 33 11.0 197.0
20 18 83.0 175.0
3 12 53.0 43.0
6 41 134.0 50.0
3 30 146.0 172.0
15 24 71.0 24.0
19 24 154.0 45.0
36 29 181.0 189.0
15 3 179.0 144.0
21 8 174.0 15.0
19 7 131.0 179.0
3 5 117.0 65.0
32 38 170.0 15.0
17 16 11.0 193.0
39 23 89.0 117.0
27 43 58.0 70.0
26 4 162.0 38.0
3 8 188.0 88.0
12 37 198.0 71.0
39 1 29.0 67.0
9 8 30.0 151.0
10 18 139.0 41.0
16 23 86.0 28.0
21 20 14.0 144.0
43 19 104.0 128.0
44 9 59.0 93.0
1 33 38.0 57.0
34 13 130.0 20.0
27 40 79.0 112.0
13 30 156.0 18.0
8 19 32.0 194.0
14 15 115.0 198.0
6 5 116.0 20.0
10 2 83.0 127.0
38 37 186.0 73.0
25 38 18.0 69.0
10 34 189.0 97.0
11 8 102.0 145.0
7 24 67.0 86.0
15 5 55.0 183.0
27 24 57.0 123.0
5 24 105.0 92.0
36 42 0.0 92.0
36 22 132.0 18.0
31 17 133.0 121.0
15 2 105.0 188.0
10 9 188.0 173.0
8 4 73.0 195.0
8 40 35.0 82.0
14 3 61.0 140.0
1 25 55.0 61.0
2 17 96.0 187.0
33 25 187.0 29.0
3 17 86.0 93.0
17 39 155.0 74.0
13 4 189.0 28.0
10 36 15.0 176.0
38 1 81.0 76.0
1 7 150.0 88.0
10 5 22.0 198.0
33 21 167.0 161.0
10 31 193.0 53.0
25 9 150.0 100.0
1 15 43.0 139.0
25 4 133.0 58.0
16 2 37.0 167.0
8 10 50.0 139.0
12 35 123.0 72.0
9 11 67.0 90.0
5 13 169.0 13.0
17 38 126.0 71.0
1 9 90.0 121.0
27 36 14.0 176.0
26 24 194.0 3.0
1 19 185.0 44.0
42 2 103.0 108.0
8 20 151.0 122.0
28 12 23.0 72.0
19 2 99.0 101.0
12 19 89.0 142.0
2 14 170.0 56.0
2 28 163.0 116.0
35 14 91.0 149.0
35 34 141.0 146.0
9 5 159.0 44.0
12 8 109.0 134.0
18 44 72.0 9.0
38 8 114.0 161.0
30 42 34.0 37.0
2 38 135.0 197.0
6 12 152.0 179.0
1 34 20.0 93.0
6 9 103.0 132.0
16 3 172.0 164.0
7 5 15.0 44.0
17 34 49.0 82.0
11 1 156.0 83.0
17 22 43.0 43.0
5 12 39.0 195.0
3 11 94.0 60.0
12 9 90.0 149.0
31 27 16.0 14.0
36 43 20.0 32.0
19 3 46.0 69.0
22 34 9.0 2.0
20 2 69.0 4.0
37 29 120.0 109.0
14 4 124.0 167.0
42 17 75.0 166.0
43 29 78.0 92.0
27 17 109.0 98.0
35 20 79.0 156.0
13 1 162.0 40.0
17 4 81.0 32.0
7 12 190.0 1.0
23 9 79.0 66.0
13 9 123.0 106.0
10 7 154.0 153.0
7 4 120.0 63.0
44 20 147.0 199.0
5 17 142.0 110.0
38 11 34.0 175.0
20 14 1.0 176.0
12 11 38.0 32.0
11 15 38.0 114.0
11 7 115.0 192.0
36 12 194.0 36.0
12 4 165.0 93.0
32 20 16.0 59.0
6 28 36.0 2.0
41 23 13.0 189.0
6 14 94.0 4.0
25 43 153.0 84.0
30 5 8.0 68.0
17 21 119.0 154.0
12 2 175.0 84.0
11 13 53.0 144.0
14 1 46.0 41.0
2 24 49.0 12.0
33 13 68.0 96.0
4 19 23.0 21.0
26 11 197.0 184.0
5 18 46.0 116.0
14 9 142.0 174.0
20 15 130.0 195.0
6 17 93.0 176.0
32 41 128.0 143.0
1 23 42.0 148.0
6 13 180.0 18.0
16 8 166.0 129.0
37 22 31.0 165.0
18 4 197.0 173.0
23 2 25.0 127.0
5 40 80.0 119.0
13 27 152.0 160.0
22 3 128.0 147.0
43 38 98.0 61.0
32 3 163.0 65.0
25 27 89.0 194.0
22 1 178.0 38.0
7 17 148.0 3.0
6 18 169.0 180.0
9 29 197.0 121.0
5 14 183.0 78.0
6 44 56.0 81.0
22 27 21.0 172.0
29 3 49.0 111.0
7 26 77.0 179.0
28 16 40.0 177.0
10 12 2.0 161.0
34 15 50.0 151.0
20 1 40.0 33.0
7 14 2.0 49.0
38 30 93.0 23.0
8 23 177.0 143.0
25 39 55.0 7.0
10 29 171.0 47.0
35 37 95.0 173.0
27 41 97.0 97.0
27 19 26.0 90.0
30 12 114.0 28.0
8 13 51.0 7.0
43 3 126.0 181.0
42 9 138.0 181.0
18 7 74.0 109.0
8 2 79.0 122.0
4 21 65.0 128.0
31 3 155.0 91.0
8 14 21.0 69.0
15 4 14.0 25.0
9 16 12.0 141.0
2 9 174.0 150.0
32 17 139.0 1.0
39 20 53.0 170.0
31 24 148.0 70.0
21 3 179.0 55.0
5 20 62.0 0.0
22 4 140.0 76.0
40 26 81.0 152.0
5 27 147.0 8.0
19 30 9.0 38.0
6 16 26.0 14.0
3 24 129.0 127.0
16 11 185.0 60.0
4 42 116.0 47.0
43 8 70.0 56.0
34 21 89.0 151.0
12 14 177.0 188.0
15 7 4.0 138.0
12 33 199.0 31.0
26 27 188.0 81.0
37 30 103.0 125.0
27 37 41.0 19.0
21 12 45.0 111.0
8 7 98.0 86.0
7 20 46.0 27.0
29 34 88.0 3.0
22 5 107.0 87.0
29 21 188.0 95.0
7 30 64.0 44.0
26 1 145.0 57.0
36 5 126.0 190.0
32 5 61.0 24.0
31 32 3.0 59.0
21 35 134.0 43.0
37 23 144.0 193.0
2 25 65.0 85.0
10 17 55.0 81.0
4 23 35.0 0.0
24 40 194.0 162.0
20 3 74.0 7.0
19 10 158.0 77.0
15 10 82.0 44.0
19 6 5.0 26.0
39 28 187.0 22.0
20 9 89.0 194.0
8 44 54.0 124.0
39 15 13.0 1.0
18 21 119.0 87.0
32 33 109.0 77.0
33 39 39.0 143.0
40 14 37.0 196.0
42 28 177.0 177.0
36 32 22.0 18.0
31 20 160.0 28.0
10 42 62.0 174.0
6 21 17.0 133.0
16 10 14.0 78.0
12 13 148.0 5.0
2 22 128.0 138.0
22 20 0.0 57.0
27 29 157.0 174.0
9 17 8.0 117.0
18 8 174.0 23.0
10 21 83.0 143.0
40 11 108.0 97.0
44 36 90.0 57.0
30 32 182.0 18.0
7 25 100.0 182.0
29 41 27.0 9.0
23 36 94.0 187.0
24 1 75.0 68.0
4 20 190.0 158.0
10 1 133.0 99.0
12 17 168.0 24.0
4 43 69.0 102.0
23 33 126.0 121.0
29 16 54.0 153.0
3 26 180.0 149.0
32 26 22.0 56.0
42 39 71.0 13.0
15 33 133.0 157.0
9 18 179.0 53.0
20 40 150.0 48.0
13 15 135.0 76.0
41 11 62.0 190.0
20 10 130.0 195.0
2 21 146.0 153.0
26 19 192.0 169.0
27 15 106.0 77.0
12 40 139.0 85.0
15 9 182.0 89.0
18 12 59.0 69.0
25 5 126.0 73.0
24 6 115.0 57.0
14 11 193.0 13.0
29 39 14.0 185.0
30 23 72.0 72.0
38 6 136.0 11.0
21 5 0.0 70.0
19 9 173.0 11.0
24 10 157.0 100.0
16 5 129.0 24.0
3 25 103.0 74.0
7 23 33.0 69.0
34 18 171.0 105.0
43 14 196.0 59.0
42 38 195.0 148.0
16 7 27.0 121.0
30 6 54.0 137.0
13 16 105.0 135.0
12 42 123.0 8.0
12 16 94.0 156.0
2 26 172.0 17.0
17 13 156.0 120.0
25 8 81.0 103.0
5 26 177.0 61.0
42 31 79.0 32.0
28 36 62.0 184.0
34 25 197.0 137.0
29 1 95.0 43.0
6 23 189.0 19.0
13 32 149.0 145.0
1 30 140.0 31.0
11 18 175.0 70.0
31 35 105.0 6.0
5 23 150.0 168.0
22 9 61.0 100.0
6 26 58.0 156.0
33 41 148.0 199.0
28 34 27.0 98.0
10 22 123.0 120.0
16 15 119.0 98.0
17 15 17.0 24.0
20 11 87.0 120.0
29 4 105.0 100.0
24 9 175.0 115.0
30 2 4.0 124.0
27 2 109.0 184.0
21 9 84.0 185.0
17 14 194.0 155.0
33 36 92.0 11.0
41 20 30.0 180.0
44 13 171.0 87.0
19 16 178.0 146.0
33 2 80.0 135.0
29 24 107.0 141.0
5 28 77.0 191.0
7 39 158.0 71.0
31 7 106.0 51.0
3 44 21.0 88.0
5 29 9.0 192.0
28 1 149.0 139.0
22 11 14.0 29.0
10 44 24.0 121.0
14 13 115.0 53.0
27 4 41.0 26.0
24 22 77.0 99.0
41 28 179.0 50.0
39 24 99.0 140.0
31 1 151.0 49.0
31 11 4.0 117.0
32 1 155.0 28.0
18 17 67.0 22.0
7 37 69.0 61.0
27 8 89.0 98.0
2 31 22.0 21.0
8 26 182.0 122.0
38 28 100.0 133.0
14 36 107.0 104.0
25 10 98.0 62.0
28 3 29.0 117.0
22 14 162.0 98.0
28 4 47.0 4.0
16 18 194.0 69.0
19 20 84.0 176.0
13 18 68.0 184.0
28 8 106.0 127.0
32 4 43.0 156.0
30 43 62.0 24.0
15 18 199.0 177.0
21 13 121.0 198.0
19 5 48.0 115.0
15 21 30.0 84.0
14 41 169.0 50.0
11 23 33.0 28.0
20 13 47.0 28.0
31 37 167.0 62.0
7 28 198.0 118.0
23 10 82.0 71.0
38 20 100.0 82.0
15 36 135.0 130.0
8 29 96.0 105.0
15 19 27.0 81.0
29 7 80.0 75.0
27 9 39.0 199.0
41 26 100.0 189.0
10 26 123.0 134.0
22 12 182.0 24.0
28 15 123.0 70.0
44 28 44.0 19.0
17 29 81.0 72.0
7 27 26.0 113.0
27 3 164.0 65.0
24 11 168.0 16.0
13 39 20.0 92.0
24 12 54.0 154.0
15 41 109.0 177.0
44 29 11.0 154.0
33 31 161.0 45.0
13 23 65.0 187.0
34 2 5.0 181.0
17 20 183.0 173.0
21 16 17.0 155.0
30 27 156.0 71.0
13 22 38.0 65.0
26 12 148.0 1.0
38 19 178.0 61.0
6 1 28.0 195.0
16 22 168.0 33.0
9 26 24.0 104.0
5 31 157.0 42.0
33 4 8.0 113.0
36 2 62.0 46.0
8 30 52.0 11.0
3 33 51.0 30.0
24 13 30.0 79.0
36 1 80.0 150.0
35 4 150.0 104.0
43 39 187.0 108.0
25 22 78.0 195.0
20 16 7.0 140.0
2 44 135.0 59.0
14 24 49.0 186.0
28 10 174.0 31.0
22 18 7.0 54.0
25 14 102.0 158.0
33 6 173.0 41.0
32 22 0.0 51.0
31 36 119.0 159.0
23 15 23.0 6.0
30 9 31.0 72.0
35 2 194.0 157.0
33 44 24.0 154.0
27 10 34.0 126.0
39 5 129.0 159.0
1 35 187.0 129.0
39 21 153.0 59.0
35 3 22.0 176.0
7 32 171.0 5.0
28 27 91.0 118.0
8 17 150.0 116.0
33 27 74.0 185.0
34 5 71.0 3.0
27 12 165.0 11.0
35 5 136.0 118.0
6 32 145.0 110.0
34 4 149.0 117.0
22 19 106.0 192.0
40 9 99.0 8.0
28 9 169.0 173.0
37 2 101.0 193.0
34 37 91.0 66.0
19 29 9.0 179.0
18 19 76.0 155.0
13 19 89.0 177.0
28 11 70.0 195.0
3 36 85.0 169.0
4 31 143.0 54.0
4 37 188.0 44.0
44 23 77.0 31.0
40 1 28.0 39.0
7 33 159.0 104.0
26 15 29.0 48.0
39 44 80.0 99.0
32 8 51.0 117.0
29 12 88.0 194.0
7 34 175.0 76.0
17 36 50.0 4.0
37 1 120.0 78.0
4 24 7.0 31.0
23 19 18.0 36.0
12 25 177.0 50.0
26 13 21.0 180.0
37 8 15.0 110.0
6 29 170.0 142.0
4 36 67.0 172.0
43 28 132.0 188.0
10 32 153.0 91.0
32 9 29.0 123.0
24 8 75.0 6.0
25 16 137.0 48.0
16 27 135.0 153.0
26 16 95.0 57.0
10 30 137.0 114.0
6 34 170.0 21.0
23 14 29.0 75.0
33 43 112.0 58.0
7 21 169.0 139.0
41 44 174.0 107.0
43 17 147.0 109.0
6 35 54.0 194.0
30 29 182.0 191.0
11 30 141.0 104.0
41 1 21.0 170.0
37 6 6.0 85.0
42 41 153.0 176.0
40 4 165.0 79.0
33 10 106.0 112.0
17 23 161.0 160.0
40 2 34.0 95.0
28 24 96.0 127.0
23 20 62.0 69.0
17 25 27.0 68.0
43 1 197.0 132.0
20 25 182.0 163.0
38 12 165.0 89.0
27 14 157.0 126.0
14 42 124.0 143.0
7 35 104.0 20.0
13 29 100.0 118.0
21 22 77.0 79.0
13 31 118.0 27.0
41 7 81.0 101.0
3 40 7.0 198.0
28 14 152.0 116.0
22 44 173.0 29.0
18 26 104.0 77.0
7 36 190.0 157.0
33 11 21.0 68.0
8 36 176.0 139.0
4 30 158.0 9.0
39 36 182.0 118.0
34 9 36.0 86.0
43 12 127.0 10.0
12 32 112.0 184.0
39 4 121.0 54.0
33 8 130.0 142.0
18 25 110.0 58.0
12 31 64.0 69.0
42 3 15.0 198.0
25 19 19.0 51.0
29 14 173.0 99.0
44 1 40.0 37.0
5 37 105.0 161.0
11 32 40.0 35.0
41 39 18.0 150.0
14 31 93.0 35.0
31 18 84.0 60.0
15 29 127.0 55.0
18 27 130.0 52.0
15 30 165.0 170.0
21 24 4.0 71.0
23 22 131.0 44.0
29 32 66.0 149.0
35 9 133.0 112.0
26 14 144.0 169.0
16 30 114.0 71.0
24 41 168.0 44.0
8 31 4.0 134.0
21 23 141.0 160.0
36 6 16.0 72.0
16 24 174.0 34.0
14 32 80.0 107.0
16 31 107.0 24.0
1 42 32.0 173.0
33 14 42.0 0.0
38 3 187.0 198.0
17 19 107.0 128.0
40 7 19.0 75.0
35 38 84.0 146.0
13 42 31.0 116.0
38 7 87.0 90.0
21 37 16.0 119.0
32 15 171.0 10.0
29 18 1.0 110.0
41 2 186.0 60.0
41 5 69.0 158.0
28 20 109.0 105.0
42 6 95.0 140.0
9 38 6.0 182.0
26 20 32.0 175.0
35 10 83.0 3.0
35 13 65.0 36.0
30 18 0.0 3.0
25 24 181.0 22.0
16 32 127.0 42.0
22 31 119.0 174.0
31 15 115.0 77.0
29 20 135.0 148.0
17 33 136.0 18.0
26 22 178.0 153.0
6 43 88.0 131.0
19 34 135.0 22.0
37 33 85.0 14.0
25 23 68.0 4.0
21 28 108.0 183.0
14 34 76.0 44.0
36 13 108.0 12.0
40 10 125.0 39.0
4 41 144.0 166.0
16 41 107.0 31.0
44 5 155.0 145.0
24 18 37.0 23.0
41 12 22.0 145.0
27 23 133.0 50.0
35 15 25.0 194.0
21 27 158.0 103.0
43 2 78.0 102.0
18 39 165.0 137.0
14 37 23.0 121.0
38 13 119.0 60.0
9 41 2.0 93.0
36 37 151.0 135.0
28 26 43.0 128.0
35 16 117.0 2.0
44 7 61.0 147.0
37 11 74.0 27.0
8 41 103.0 97.0
32 18 156.0 175.0
25 28 62.0 158.0
32 21 75.0 13.0
44 26 137.0 119.0
42 8 177.0 55.0
42 43 168.0 191.0
37 15 111.0 194.0
39 9 170.0 166.0
30 17 116.0 126.0
43 41 126.0 130.0
38 15 153.0 2.0
14 38 114.0 42.0
12 39 171.0 91.0
29 31 195.0 91.0
26 23 26.0 106.0
11 42 83.0 197.0
34 16 128.0 152.0
23 32 90.0 55.0
27 34 119.0 43.0
20 34 124.0 33.0
11 39 91.0 47.0
36 18 67.0 86.0
35 19 11.0 94.0
23 31 88.0 46.0
42 5 78.0 169.0
22 33 115.0 120.0
37 10 115.0 34.0
26 29 88.0 191.0
20 30 6.0 179.0
39 16 10.0 26.0
43 10 84.0 173.0
40 17 185.0 125.0
39 19 155.0 16.0
13 41 103.0 70.0
24 33 5.0 170.0
38 18 67.0 93.0
37 16 185.0 25.0
44 12 156.0 147.0
33 20 190.0 192.0
25 29 111.0 128.0
18 37 81.0 19.0
15 42 84.0 136.0
23 29 117.0 89.0
11 43 123.0 136.0
30 25 152.0 60.0
40 16 193.0 60.0
36 24 21.0 183.0
43 15 133.0 85.0
4 38 40.0 167.0
30 26 139.0 124.0
16 43 133.0 9.0
14 44 59.0 8.0
16 42 129.0 11.0
21 30 156.0 122.0
34 24 197.0 130.0
23 35 80.0 83.0
38 22 16.0 120.0
33 28 19.0 108.0
40 13 63.0 153.0
40 19 178.0 122.0
37 25 58.0 107.0
16 38 136.0 14.0
40 21 159.0 85.0
16 36 134.0 40.0
34 26 28.0 151.0
24 32 72.0 47.0
38 24 94.0 88.0
23 34 144.0 72.0
24 37 108.0 154.0
43 21 199.0 196.0
33 16 128.0 158.0
39 22 77.0 15.0
35 24 172.0 57.0
41 21 57.0 197.0
32 28 171.0 151.0
36 21 47.0 67.0
35 26 68.0 108.0
33 30 158.0 67.0
39 34 45.0 39.0
42 20 39.0 122.0
37 32 149.0 163.0
36 25 44.0 6.0
44 15 93.0 167.0
30 39 193.0 92.0
42 18 101.0 13.0
11 19 195.0 59.0
38 27 185.0 40.0
44 21 28.0 176.0
16 44 81.0 129.0
29 28 98.0 77.0
42 22 82.0 143.0
38 26 39.0 27.0
40 25 93.0 92.0
13 25 130.0 40.0
31 30 162.0 67.0
41 22 193.0 191.0
43 22 188.0 74.0
19 44 157.0 38.0
34 33 180.0 39.0
42 26 157.0 171.0
43 23 132.0 2.0
35 18 72.0 14.0
44 27 175.0 187.0
17 44 117.0 120.0
42 27 10.0 58.0
32 34 198.0 167.0
39 40 151.0 130.0
39 38 189.0 60.0
31 34 186.0 121.0
32 35 188.0 11.0
24 42 102.0 115.0
38 29 178.0 20.0
23 42 30.0 141.0
39 26 108.0 28.0
28 35 149.0 11.0
40 30 31.0 139.0
39 32 198.0 170.0
18 43 173.0 138.0
44 25 107.0 75.0
30 35 69.0 37.0
34 40 52.0 51.0
31 40 162.0 112.0
36 30 58.0 112.0
44 40 137.0 41.0
38 23 19.0 87.0
37 39 123.0 192.0
40 28 118.0 182.0
35 41 145.0 139.0
33 42 93.0 149.0
38 36 117.0 56.0
31 44 85.0 175.0
34 41 90.0 174.0
18 40 172.0 110.0
36 41 116.0 96.0
39 31 46.0 34.0
42 34 153.0 191.0
40 36 90.0 46.0
25 42 91.0 159.0
43 35 49.0 128.0
41 31 82.0 140.0
41 30 1.0 7.0
35 42 35.0 69.0
41 19 184.0 81.0
37 17 95.0 137.0
40 38 21.0 185.0
31 43 116.0 64.0
44 42 85.0 166.0
43 26 113.0 119.0
33 35 20.0 114.0
43 40 115.0 55.0
43 20 18.0 51.0
37 42 180.0 66.0
39 10 169.0 2.0
37 19 130.0 86.0
40 41 9.0 167.0
23 40 74.0 123.0
44 35 99.0 46.0
10 11 115.0 166.0
13 28 55.0 86.0
34 36 136.0 35.0
44 32 55.0 106.0
42 29 171.0 138.0
42 40 114.0 132.0
37 43 62.0 140.0
39 35 74.0 113.0
6 27 31.0 141.0
33 40 157.0 38.0
44 43 87.0 45.0
26 37 23.0 142.0
18 23 147.0 194.0
38 34 34.0 61.0
38 41 35.0 48.0
30 44 28.0 109.0
36 26 40.0 11.0
1 4 161.0 149.0
15 8 90.0 48.0
38 44 146.0 113.0
41 37 113.0 45.0
42 21 71.0 100.0
35 25 104.0 58.0
0
