46 1035 12 1 47267
46 5 88.0 27.0
30 7 128.0 96.0
3 2 94.0 82.0
33 38 12.0 185.0
18 26 45.0 83.0
22 46 45.0 124.0
33 43 180.0 181.0
35 3 173.0 34.0
8 2 170.0 61.0
8 20 119.0 98.0
15 41 134.0 14.0
26 28 98.0 146.0
7 18 18.0 96.0
17 19 76.0 63.0
10 23 29.0 8.0
26 11 124.0 3.0
7 15 3.0 46.0
35 45 164.0 123.0
34 10 2.0 99.0
31 38 78.0 53.0
4 20 47.0 96.0
38 36 178.0 76.0
7 17 61.0 8.0
22 12 87.0 137.0
20 10 105.0 90.0
2 6 108.0 22.0
9 42 198.0 63.0
27 45 97.0 29.0
18 24 42.0 145.0
7 1 49.0 21.0
18 30 136.0 62.0
35 44 27.0 23.0
7 9 61.0 85.0
5 3 190.0 122.0
3 32 2.0 140.0
30 20 70.0 52.0
38 44 188.0 64.0
45 28 179.0 37.0
11 38 66.0 116.0
35 22 184.0 46.0
24 44 93.0 197.0
5 20 26.0 35.0
5 38 109.0 28.0
12 29 96.0 131.0
26 7 103.0 84.0
34 40 4.0 35.0
25 36 126.0 22.0
11 13 56.0 110.0
10 24 197.0 149.0
44 3 139.0 23.0
40 31 160.0 1.0
13 33 18.0 8.0
33 29 66.0 73.0
16 37 89.0 22.0
26 25 110.0 15.0
32 34 120.0 166.0
6 20 172.0 118.0
22 10 18.0 63.0
40 3 134.0 131.0
30 2 29.0 104.0
31 36 197.0 47.0
27 24 153.0 39.0
43 27 83.0 15.0
15 42 125.0 155.0
9 18 155.0 97.0
22 41 64.0 174.0
38 40 126.0 198.0
35 41 28.0 107.0
25 8 174.0 178.0
3 11 42.0 127.0
20 34 59.0 125.0
29 18 29.0 136.0
29 4 73.0 184.0
39 35 75.0 90.0
28 9 164.0 1.0
44 27 79.0 192.0
34 35 40.0 53.0
28 29 67.0 82.0
16 29 56.0 78.0
46 24 147.0 85.0
21 26 98.0 173.0
15 32 99.0 173.0
40 27 198.0 63.0
2 23 50.0 77.0
11 31 174.0 42.0
14 22 42.0 41.0
4 10 78.0 50.0
27 38 39.0 25.0
12 43 41.0 89.0
22 32 21.0 92.0
6 3 176.0 171.0
25 46 198.0 27.0
12 1 50.0 172.0
33 2 31.0 93.0
6 34 75.0 61.0
6 4 140.0 114.0
40 29 155.0 133.0
14 6 160.0 128.0
8 12 1.0 137.0
11 37 136.0 152.0
1 9 84.0 186.0
19 44 127.0 67.0
26 44 158.0 2.0
41 36 109.0 50.0
18 14 196.0 16.0
19 9 198.0 156.0
21 44 96.0 151.0
34 14 51.0 32.0
7 8 70.0 135.0
6 8 177.0 197.0
20 28 3.0 135.0
17 4 197.0 65.0
8 4 137.0 193.0
35 37 70.0 87.0
34 3 61.0 118.0
11 40 26.0 112.0
31 16 20.0 96.0
38 16 189.0 150.0
43 42 169.0 144.0
46 8 199.0 166.0
28 35 69.0 88.0
25 30 113.0 91.0
33 44 164.0 174.0
37 19 82.0 142.0
28 27 39.0 55.0
36 30 183.0 180.0
25 43 169.0 152.0
45 16 129.0 169.0
44 8 149.0 150.0
38 6 55.0 62.0
1 4 163.0 171.0
14 38 161.0 45.0
18 17 90.0 152.0
46 27 52.0 73.0
8 3 46.0 21.0
16 11 136.0 127.0
19 22 41.0 85.0
21 8 73.0 48.0
3 28 164.0 36.0
19 46 91.0 77.0
17 8 95.0 181.0
1 11 25.0 147.0
4 7 185.0 24.0
6 10 15.0 73.0
1 10 51.0 8.0
19 11 50.0 76.0
12 2 63.0 166.0
45 30 136.0 154.0
31 22 41.0 31.0
3 13 78.0 19.0
11 28 163.0 16.0
21 28 127.0 131.0
33 10 162.0 131.0
21 20 23.0 164.0
19 38 122.0 39.0
15 8 103.0 58.0
24 36 175.0 96.0
35 26 120.0 5.0
7 14 105.0 84.0
36 44 15.0 184.0
6 7 150.0 129.0
44 32 99.0 126.0
17 2 103.0 21.0
3 38 191.0 6.0
27 41 189.0 118.0
21 31 128.0 61.0
38 20 160.0 33.0
5 6 67.0 127.0
36 15 112.0 169.0
41 24 78.0 11.0
19 3 123.0 181.0
40 20 184.0 66.0
9 10 12.0 125.0
40 13 6.0 92.0
27 39 44.0 119.0
45 1 85.0 111.0
10 46 109.0 198.0
23 38 93.0 139.0
41 38 161.0 168.0
11 45 6.0 97.0
2 1 32.0 170.0
8 38 197.0 191.0
30 19 141.0 41.0
13 38 115.0 26.0
37 5 18.0 176.0
43 9 36.0 63.0
46 40 153.0 149.0
39 36 37.0 160.0
36 11 86.0 22.0
42 36 190.0 83.0
2 5 135.0 131.0
39 43 24.0 51.0
1 24 24.0 194.0
32 13 36.0 60.0
6 21 107.0 190.0
10 5 134.0 97.0
9 2 82.0 173.0
14 3 159.0 72.0
20 17 19.0 94.0
7 10 48.0 195.0
34 5 172.0 73.0
17 12 89.0 9.0
32 20 8.0 197.0
24 33 37.0 95.0
34 23 97.0 119.0
35 1 162.0 56.0
17 41 62.0 133.0
5 42 125.0 62.0
40 14 119.0 49.0
26 1 172.0 8.0
2 14 62.0 133.0
12 27 64.0 52.0
43 40 76.0 161.0
40 18 15.0 38.0
13 41 168.0 29.0
30 43 76.0 93.0
4 5 104.0 147.0
46 44 114.0 29.0
24 21 116.0 129.0
41 8 190.0 181.0
41 43 20.0 18.0
15 2 32.0 187.0
30 46 90.0 0.0
36 32 144.0 166.0
5 9 140.0 49.0
45 3 189.0 7.0
17 33 134.0 106.0
8 10 173.0 76.0
1 13 197.0 145.0
38 42 188.0 29.0
41 34 115.0 78.0
13 43 14.0 11.0
44 37 34.0 106.0
33 8 34.0 23.0
4 12 70.0 168.0
19 1 54.0 196.0
44 6 146.0 3.0
41 16 128.0 87.0
16 2 193.0 195.0
3 12 23.0 7.0
12 18 62.0 9.0
20 2 132.0 96.0
8 9 139.0 155.0
16 1 8.0 145.0
17 21 71.0 155.0
36 35 148.0 151.0
20 1 121.0 93.0
7 12 77.0 97.0
6 43 48.0 91.0
38 1 110.0 133.0
30 1 74.0 1.0
12 11 187.0 83.0
31 13 28.0 58.0
5 14 143.0 128.0
26 30 167.0 17.0
18 31 190.0 196.0
21 43 16.0 39.0
37 27 89.0 78.0
21 4 155.0 115.0
15 3 71.0 142.0
1 28 124.0 99.0
6 12 24.0 68.0
29 6 121.0 143.0
16 5 75.0 64.0
34 18 111.0 43.0
38 12 191.0 0.0
9 11 81.0 98.0
45 19 7.0 153.0
46 7 60.0 83.0
7 16 32.0 84.0
15 46 43.0 106.0
38 39 50.0 119.0
1 6 4.0 162.0
5 11 44.0 195.0
25 12 49.0 126.0
13 7 183.0 8.0
42 4 19.0 43.0
2 10 135.0 4.0
44 41 130.0 179.0
27 21 57.0 181.0
25 32 104.0 61.0
1 8 192.0 149.0
10 42 42.0 193.0
25 18 93.0 177.0
21 40 39.0 65.0
44 28 64.0 175.0
5 13 163.0 195.0
18 2 72.0 172.0
44 30 32.0 177.0
4 13 150.0 24.0
11 7 11.0 192.0
45 39 15.0 56.0
32 46 100.0 54.0
9 12 25.0 164.0
20 22 147.0 140.0
34 37 62.0 172.0
15 6 194.0 95.0
44 14 132.0 96.0
42 14 163.0 95.0
6 16 58.0 178.0
16 36 23.0 158.0
27 17 158.0 49.0
1 21 25.0 57.0
13 9 55.0 88.0
27 32 109.0 2.0
18 4 151.0 193.0
34 45 102.0 115.0
8 5 73.0 160.0
45 17 101.0 96.0
3 16 179.0 59.0
6 23 45.0 156.0
17 37 28.0 52.0
16 19 90.0 138.0
14 9 196.0 41.0
18 5 68.0 51.0
9 24 136.0 93.0
41 46 27.0 37.0
15 4 78.0 158.0
10 21 167.0 75.0
6 22 42.0 195.0
35 30 143.0 84.0
9 6 93.0 139.0
5 7 92.0 113.0
33 25 188.0 29.0
18 21 186.0 167.0
14 1 136.0 16.0
32 24 54.0 55.0
40 39 57.0 49.0
17 28 9.0 0.0
4 16 150.0 54.0
13 10 140.0 42.0
16 40 72.0 80.0
4 9 13.0 11.0
13 30 19.0 101.0
8 37 42.0 26.0
21 2 46.0 51.0
15 30 172.0 7.0
33 32 128.0 122.0
23 15 105.0 68.0
13 2 134.0 130.0
12 5 175.0 147.0
1 39 143.0 147.0
29 36 162.0 137.0
17 5 8.0 161.0
20 3 86.0 180.0
37 9 10.0 166.0
24 28 111.0 68.0
36 17 187.0 45.0
34 21 163.0 114.0
2 11 196.0 59.0
45 31 82.0 110.0
8 24 80.0 91.0
23 32 22.0 118.0
35 6 97.0 184.0
17 6 63.0 160.0
27 20 93.0 50.0
34 12 141.0 9.0
23 1 13.0 89.0
3 7 105.0 95.0
20 39 167.0 138.0
19 31 88.0 141.0
36 20 21.0 137.0
31 24 84.0 85.0
43 34 3.0 178.0
39 8 183.0 96.0
32 26 127.0 196.0
27 8 63.0 185.0
1 22 192.0 30.0
25 1 81.0 32.0
4 46 131.0 102.0
23 16 120.0 15.0
7 2 183.0 75.0
5 40 147.0 166.0
10 11 196.0 75.0
19 21 188.0 12.0
5 19 122.0 180.0
17 13 119.0 3.0
6 19 199.0 2.0
24 2 176.0 71.0
30 17 103.0 160.0
10 17 177.0 51.0
19 7 47.0 173.0
1 17 129.0 35.0
33 18 50.0 51.0
24 30 112.0 169.0
2 22 110.0 63.0
1 37 159.0 39.0
7 34 149.0 15.0
4 23 166.0 126.0
11 44 138.0 13.0
8 13 121.0 67.0
46 31 146.0 171.0
13 6 190.0 10.0
22 42 107.0 53.0
26 5 39.0 19.0
16 9 168.0 140.0
6 18 148.0 135.0
11 43 59.0 38.0
26 38 68.0 132.0
22 28 5.0 15.0
34 22 162.0 195.0
15 10 10.0 21.0
27 23 183.0 2.0
33 5 78.0 152.0
18 20 183.0 178.0
11 8 192.0 194.0
42 25 153.0 61.0
6 37 80.0 158.0
12 32 8.0 194.0
18 3 198.0 19.0
13 14 34.0 182.0
40 1 180.0 113.0
14 30 16.0 115.0
35 14 133.0 9.0
11 15 72.0 86.0
9 23 7.0 104.0
3 23 8.0 16.0
35 10 74.0 6.0
12 15 27.0 60.0
9 15 103.0 160.0
7 20 125.0 72.0
36 28 28.0 58.0
13 15 57.0 101.0
6 46 147.0 64.0
17 3 74.0 155.0
17 9 27.0 100.0
25 3 81.0 7.0
12 10 199.0 136.0
31 43 83.0 76.0
24 23 48.0 112.0
5 24 29.0 105.0
39 33 178.0 176.0
31 7 70.0 52.0
39 21 148.0 49.0
20 11 199.0 181.0
20 25 170.0 150.0
21 45 120.0 53.0
1 18 48.0 120.0
5 21 5.0 77.0
4 2 102.0 183.0
3 10 135.0 124.0
5 23 5.0 84.0
1 5 110.0 156.0
26 27 62.0 80.0
17 11 197.0 134.0
30 23 85.0 45.0
37 43 132.0 90.0
26 3 169.0 35.0
19 26 154.0 104.0
21 7 20.0 112.0
39 19 141.0 130.0
40 37 11.0 155.0
8 18 50.0 8.0
16 14 32.0 136.0
2 27 159.0 117.0
15 27 66.0 128.0
46 13 101.0 173.0
19 4 83.0 73.0
34 44 184.0 176.0
14 15 164.0 196.0
8 31 125.0 167.0
19 8 89.0 110.0
18 36 38.0 0.0
8 14 98.0 56.0
14 4 190.0 151.0
17 43 76.0 25.0
34 36 96.0 60.0
16 10 163.0 13.0
36 1 23.0 40.0
16 35 172.0 112.0
24 26 116.0 162.0
13 12 10.0 167.0
21 3 171.0 152.0
4 26 178.0 199.0
10 30 16.0 27.0
16 12 129.0 131.0
22 8 63.0 104.0
5 15 60.0 187.0
12 19 27.0 176.0
21 11 25.0 37.0
12 14 165.0 196.0
7 23 50.0 143.0
4 31 75.0 19.0
7 22 86.0 156.0
9 20 53.0 149.0
23 20 110.0 65.0
24 4 112.0 89.0
12 23 7.0 137.0
35 15 140.0 172.0
24 6 192.0 190.0
45 24 48.0 67.0
45 12 90.0 87.0
4 25 112.0 95.0
42 29 116.0 174.0
43 36 195.0 180.0
2 25 162.0 154.0
25 39 93.0 102.0
46 11 79.0 86.0
18 11 22.0 80.0
24 3 164.0 64.0
34 27 33.0 76.0
18 13 130.0 101.0
32 1 159.0 77.0
11 22 164.0 73.0
8 28 103.0 57.0
38 24 129.0 134.0
1 29 130.0 103.0
4 22 41.0 94.0
29 22 104.0 26.0
18 10 143.0 187.0
2 41 121.0 102.0
11 14 157.0 85.0
4 28 25.0 60.0
11 24 191.0 107.0
20 12 47.0 73.0
25 7 162.0 88.0
26 2 168.0 19.0
2 29 11.0 63.0
26 6 70.0 84.0
1 27 146.0 28.0
5 22 159.0 124.0
29 5 149.0 103.0
22 15 28.0 196.0
31 1 139.0 190.0
14 19 199.0 108.0
22 3 190.0 162.0
42 8 133.0 60.0
34 33 138.0 32.0
46 21 68.0 49.0
15 18 188.0 17.0
16 8 129.0 16.0
14 32 55.0 69.0
17 15 136.0 55.0
23 8 93.0 126.0
9 41 137.0 27.0
28 5 60.0 27.0
40 24 162.0 128.0
21 9 166.0 102.0
19 10 17.0 48.0
3 29 46.0 72.0
30 4 50.0 134.0
30 21 17.0 144.0
10 28 82.0 107.0
41 39 5.0 94.0
16 13 49.0 119.0
25 6 88.0 167.0
13 28 170.0 105.0
2 31 82.0 169.0
3 27 58.0 133.0
33 36 123.0 27.0
17 25 38.0 157.0
12 36 136.0 195.0
25 5 50.0 185.0
7 24 84.0 90.0
35 40 5.0 54.0
27 6 133.0 87.0
30 31 3.0 143.0
20 42 105.0 78.0
16 18 78.0 95.0
19 25 63.0 15.0
33 1 148.0 65.0
12 30 178.0 184.0
27 4 27.0 135.0
13 25 101.0 112.0
13 20 100.0 56.0
15 16 140.0 6.0
5 30 7.0 19.0
27 5 4.0 22.0
15 19 148.0 104.0
44 13 98.0 126.0
23 11 197.0 77.0
6 28 86.0 98.0
33 4 32.0 139.0
43 32 161.0 173.0
28 2 46.0 120.0
20 14 20.0 51.0
31 42 130.0 168.0
9 25 27.0 28.0
8 26 199.0 24.0
30 3 148.0 85.0
13 39 172.0 180.0
18 42 72.0 133.0
35 2 179.0 70.0
27 9 82.0 0.0
4 37 177.0 12.0
1 34 178.0 4.0
12 31 95.0 177.0
7 27 34.0 43.0
14 45 65.0 158.0
34 28 179.0 89.0
15 21 147.0 110.0
9 22 62.0 29.0
28 7 150.0 191.0
32 2 34.0 128.0
4 11 181.0 82.0
20 16 16.0 167.0
31 3 135.0 81.0
14 23 16.0 66.0
16 17 115.0 115.0
29 8 22.0 129.0
21 12 76.0 124.0
16 21 194.0 62.0
33 23 135.0 175.0
31 25 75.0 104.0
13 24 139.0 10.0
24 12 190.0 107.0
31 5 44.0 57.0
30 6 10.0 18.0
37 41 125.0 38.0
23 17 161.0 71.0
40 7 67.0 48.0
32 5 111.0 94.0
24 15 198.0 50.0
23 13 138.0 188.0
35 4 99.0 182.0
16 39 41.0 61.0
29 10 193.0 118.0
14 10 196.0 106.0
25 10 79.0 15.0
34 25 45.0 190.0
2 19 100.0 195.0
31 6 80.0 39.0
29 7 115.0 131.0
21 14 172.0 108.0
46 35 195.0 117.0
17 22 58.0 143.0
41 14 37.0 137.0
19 20 140.0 34.0
10 26 172.0 192.0
23 42 96.0 52.0
30 8 35.0 163.0
33 30 172.0 7.0
36 2 120.0 119.0
29 9 182.0 178.0
32 4 146.0 171.0
45 18 169.0 86.0
9 26 198.0 141.0
37 10 171.0 46.0
34 26 58.0 6.0
3 33 33.0 182.0
2 34 47.0 153.0
16 28 89.0 182.0
6 11 48.0 35.0
6 33 145.0 169.0
19 18 119.0 96.0
7 45 137.0 91.0
19 28 136.0 147.0
15 20 10.0 170.0
29 38 98.0 10.0
25 15 13.0 187.0
14 26 8.0 14.0
36 3 105.0 106.0
37 2 102.0 177.0
24 16 0.0 39.0
22 18 85.0 89.0
37 38 51.0 47.0
23 40 197.0 149.0
7 33 51.0 11.0
2 39 15.0 11.0
7 32 54.0 120.0
34 4 120.0 156.0
35 7 139.0 72.0
36 6 155.0 24.0
37 36 59.0 6.0
11 27 186.0 8.0
24 42 162.0 37.0
2 38 157.0 177.0
32 8 94.0 163.0
14 27 16.0 14.0
17 29 107.0 107.0
29 24 172.0 62.0
32 6 188.0 31.0
27 13 76.0 126.0
36 4 160.0 38.0
32 16 187.0 69.0
3 41 115.0 33.0
17 14 76.0 84.0
37 26 86.0 183.0
4 39 30.0 10.0
5 36 99.0 170.0
28 14 197.0 127.0
43 22 81.0 109.0
37 15 101.0 21.0
31 10 67.0 16.0
45 41 140.0 96.0
12 28 167.0 178.0
3 37 0.0 149.0
15 26 120.0 100.0
26 16 84.0 70.0
32 10 29.0 165.0
30 9 73.0 130.0
32 30 47.0 92.0
3 39 43.0 139.0
13 22 1.0 10.0
32 11 144.0 2.0
21 22 102.0 64.0
11 25 178.0 186.0
19 32 176.0 160.0
11 30 35.0 49.0
40 12 93.0 34.0
45 46 102.0 136.0
13 21 51.0 103.0
29 34 193.0 195.0
20 45 193.0 47.0
11 29 12.0 123.0
10 27 130.0 188.0
19 24 171.0 117.0
7 36 61.0 64.0
9 33 118.0 163.0
28 15 110.0 170.0
3 4 83.0 55.0
2 45 76.0 28.0
14 39 176.0 88.0
19 23 17.0 58.0
8 34 197.0 141.0
40 42 4.0 10.0
29 13 58.0 122.0
37 21 116.0 121.0
41 1 91.0 151.0
9 34 70.0 167.0
5 39 127.0 198.0
9 31 103.0 97.0
35 9 112.0 53.0
29 14 2.0 116.0
11 34 181.0 12.0
6 42 149.0 49.0
26 13 197.0 193.0
45 9 24.0 67.0
39 6 157.0 152.0
4 41 108.0 13.0
23 18 82.0 20.0
23 22 70.0 36.0
16 27 67.0 51.0
45 37 100.0 169.0
44 9 145.0 97.0
4 40 147.0 170.0
2 40 10.0 56.0
33 11 10.0 70.0
21 23 17.0 44.0
37 7 11.0 87.0
35 32 16.0 31.0
8 36 4.0 69.0
25 21 140.0 150.0
38 7 122.0 39.0
41 5 165.0 84.0
9 32 5.0 127.0
26 20 80.0 22.0
17 24 134.0 44.0
35 8 0.0 103.0
15 31 141.0 4.0
29 21 78.0 33.0
39 7 68.0 152.0
17 26 38.0 185.0
3 42 92.0 43.0
1 44 40.0 173.0
35 12 31.0 127.0
35 5 119.0 183.0
9 38 196.0 12.0
1 46 169.0 26.0
41 6 143.0 189.0
44 4 159.0 182.0
42 16 27.0 4.0
44 2 74.0 68.0
2 43 38.0 57.0
13 34 35.0 109.0
43 1 123.0 183.0
43 4 141.0 44.0
28 23 157.0 84.0
12 26 0.0 68.0
19 29 191.0 28.0
25 22 147.0 17.0
28 18 76.0 185.0
2 42 48.0 111.0
18 35 190.0 172.0
29 15 45.0 131.0
27 19 163.0 154.0
3 43 134.0 164.0
33 12 1.0 125.0
33 14 91.0 148.0
25 23 188.0 167.0
19 13 52.0 36.0
25 16 29.0 42.0
22 30 131.0 26.0
31 20 30.0 95.0
43 5 59.0 164.0
4 45 99.0 60.0
33 15 56.0 190.0
39 10 131.0 196.0
28 39 159.0 135.0
4 38 122.0 188.0
15 34 147.0 5.0
35 11 8.0 129.0
31 14 66.0 67.0
6 40 127.0 165.0
38 34 192.0 135.0
40 9 51.0 75.0
23 26 108.0 163.0
27 18 195.0 182.0
39 29 170.0 94.0
2 46 0.0 130.0
25 24 61.0 18.0
32 17 23.0 188.0
22 27 108.0 167.0
10 38 121.0 111.0
20 29 50.0 30.0
39 12 0.0 197.0
9 39 41.0 123.0
33 16 40.0 193.0
45 5 33.0 53.0
17 34 191.0 8.0
40 8 74.0 51.0
37 14 31.0 147.0
32 18 71.0 33.0
5 44 46.0 23.0
25 27 92.0 87.0
33 41 107.0 84.0
26 22 191.0 141.0
37 13 150.0 182.0
42 1 103.0 24.0
45 40 41.0 134.0
36 13 195.0 112.0
11 39 176.0 193.0
40 10 90.0 20.0
10 36 157.0 197.0
41 12 75.0 101.0
12 37 21.0 25.0
30 42 169.0 76.0
10 41 177.0 162.0
41 7 33.0 124.0
35 17 99.0 161.0
35 13 64.0 189.0
43 8 134.0 174.0
7 42 21.0 9.0
12 42 83.0 42.0
23 31 63.0 4.0
38 15 115.0 41.0
33 21 106.0 100.0
24 20 186.0 5.0
29 25 135.0 3.0
20 33 115.0 69.0
10 45 18.0 137.0
16 34 3.0 102.0
44 10 35.0 67.0
27 29 65.0 150.0
45 8 13.0 171.0
32 21 59.0 151.0
31 33 114.0 194.0
28 25 191.0 29.0
19 33 111.0 10.0
33 27 52.0 66.0
10 43 195.0 87.0
19 34 171.0 13.0
31 17 105.0 136.0
35 20 93.0 116.0
19 35 29.0 7.0
31 26 125.0 21.0
19 36 109.0 36.0
46 9 17.0 113.0
39 18 181.0 13.0
23 43 134.0 104.0
26 29 180.0 39.0
37 42 74.0 73.0
3 9 48.0 103.0
38 18 81.0 173.0
44 12 154.0 143.0
17 40 4.0 172.0
44 22 151.0 137.0
13 42 29.0 85.0
38 17 114.0 9.0
36 14 106.0 188.0
15 1 42.0 107.0
41 11 28.0 123.0
41 21 10.0 182.0
41 18 84.0 14.0
19 40 110.0 187.0
18 43 132.0 140.0
22 24 38.0 46.0
3 46 52.0 144.0
22 36 151.0 94.0
27 31 78.0 179.0
20 37 63.0 40.0
29 30 16.0 147.0
35 23 55.0 78.0
30 37 60.0 187.0
15 44 104.0 98.0
41 20 155.0 109.0
34 24 82.0 59.0
22 33 114.0 112.0
39 22 77.0 177.0
7 43 68.0 45.0
33 26 170.0 75.0
28 32 14.0 183.0
42 11 124.0 70.0
25 35 27.0 31.0
16 43 60.0 61.0
44 23 185.0 126.0
21 36 37.0 14.0
40 15 144.0 105.0
18 37 29.0 67.0
15 45 97.0 195.0
26 36 16.0 173.0
28 33 180.0 195.0
24 35 176.0 192.0
30 28 61.0 114.0
38 25 108.0 98.0
28 31 75.0 52.0
41 19 185.0 104.0
16 44 109.0 34.0
42 21 161.0 77.0
14 46 12.0 93.0
29 23 167.0 141.0
46 18 84.0 28.0
24 37 75.0 192.0
45 13 72.0 102.0
40 25 189.0 9.0
42 34 174.0 50.0
27 36 72.0 87.0
46 16 136.0 85.0
36 9 80.0 55.0
34 31 120.0 116.0
17 42 98.0 148.0
28 37 172.0 170.0
35 29 18.0 114.0
37 25 186.0 144.0
19 42 147.0 58.0
30 38 88.0 35.0
27 35 58.0 120.0
32 31 38.0 131.0
41 23 0.0 136.0
22 40 90.0 125.0
36 23 20.0 109.0
39 23 47.0 158.0
38 28 154.0 147.0
15 43 137.0 194.0
22 38 150.0 148.0
33 40 198.0 189.0
43 20 143.0 151.0
24 14 29.0 34.0
44 18 22.0 1.0
21 38 138.0 70.0
23 46 192.0 44.0
30 34 176.0 81.0
45 22 8.0 127.0
26 41 122.0 6.0
40 26 185.0 66.0
20 44 52.0 167.0
33 35 47.0 75.0
39 24 160.0 137.0
45 33 169.0 152.0
45 23 30.0 146.0
46 34 27.0 190.0
32 37 190.0 150.0
26 43 44.0 176.0
31 37 167.0 48.0
46 12 95.0 166.0
28 40 190.0 55.0
26 39 11.0 160.0
24 43 112.0 41.0
14 43 176.0 139.0
32 38 191.0 166.0
42 28 29.0 35.0
43 28 101.0 148.0
46 20 36.0 196.0
35 21 57.0 178.0
17 46 60.0 20.0
39 30 31.0 172.0
41 30 130.0 7.0
25 41 67.0 122.0
23 37 58.0 48.0
46 26 161.0 159.0
27 30 35.0 197.0
31 35 27.0 44.0
39 15 70.0 87.0
25 45 179.0 102.0
26 42 133.0 61.0
22 16 8.0 152.0
39 34 94.0 66.0
16 30 118.0 55.0
43 19 148.0 105.0
28 41 54.0 175.0
32 29 50.0 124.0
44 29 102.0 181.0
25 44 131.0 36.0
42 27 127.0 139.0
45 36 147.0 174.0
39 46 171.0 65.0
29 45 174.0 119.0
42 39 92.0 28.0
45 42 87.0 95.0
42 32 27.0 189.0
46 36 2.0 158.0
40 44 11.0 81.0
45 32 94.0 159.0
44 31 127.0 17.0
39 37 74.0 101.0
38 35 194.0 167.0
42 41 172.0 33.0
32 41 162.0 199.0
46 28 118.0 164.0
41 40 167.0 82.0
46 42 42.0 13.0
6 45 68.0 121.0
33 42 52.0 143.0
43 44 192.0 199.0
3 1 118.0 165.0
44 7 160.0 80.0
43 29 186.0 30.0
38 45 95.0 154.0
44 17 27.0 89.0
46 38 68.0 95.0
40 36 39.0 73.0
46 43 32.0 183.0
31 29 168.0 103.0
39 44 91.0 80.0
30 40 174.0 78.0
38 43 80.0 69.0
33 46 5.0 59.0
29 41 104.0 26.0
46 37 54.0 95.0
37 33 187.0 38.0
44 42 44.0 107.0
41 31 57.0 135.0
29 37 25.0 31.0
44 45 157.0 57.0
22 37 82.0 162.0
25 14 73.0 138.0
39 31 18.0 127.0
35 43 138.0 158.0
42 35 88.0 134.0
29 46 103.0 145.0
32 40 41.0 128.0
17 39 94.0 198.0
32 39 78.0 128.0
26 45 44.0 152.0
45 43 11.0 15.0
0
