48 1128 8 23 192347
30 38 30.0 171.0
34 1 121.0 14.0
45 32 197.0 179.0
39 16 108.0 115.0
31 30 76.0 38.0
38 13 1.0 75.0
44 21 46.0 113.0
23 33 43.0 41.0
22 13 118.0 25.0
14 40 57.0 40.0
39 12 133.0 6.0
43 2 193.0 41.0
48 24 164.0 21.0
37 25 71.0 165.0
45 23 42.0 69.0
23 48 11.0 85.0
12 24 96.0 130.0
31 27 165.0 154.0
6 33 80.0 98.0
35 36 25.0 73.0
11 31 182.0 189.0
8 35 75.0 6.0
9 44 7.0 118.0
43 28 14.0 170.0
19 45 121.0 62.0
23 17 12.0 86.0
2 41 19.0 44.0
44 38 197.0 196.0
20 10 162.0 132.0
44 35 131.0 38.0
30 37 152.0 90.0
32 30 34.0 118.0
26 13 184.0 107.0
30 42 182.0 148.0
2 9 4.0 1.0
14 6 80.0 153.0
15 38 129.0 43.0
24 26 189.0 12.0
14 32 156.0 93.0
29 12 29.0 142.0
40 34 44.0 13.0
27 18 123.0 26.0
42 4 70.0 79.0
25 42 14.0 151.0
31 19 94.0 143.0
44 45 120.0 83.0
44 25 127.0 28.0
4 36 82.0 156.0
37 3 167.0 79.0
20 2 93.0 90.0
6 35 117.0 115.0
44 43 73.0 132.0
13 36 143.0 167.0
48 11 194.0 15.0
35 21 117.0 121.0
24 31 139.0 152.0
1 16 139.0 106.0
17 38 29.0 184.0
24 37 26.0 147.0
47 40 83.0 99.0
27 28 138.0 26.0
38 3 0.0 84.0
39 23 157.0 69.0
5 46 92.0 48.0
13 4 149.0 183.0
7 1 127.0 178.0
45 22 90.0 153.0
13 45 111.0 173.0
24 9 45.0 1.0
27 38 184.0 45.0
12 3 183.0 93.0
17 22 100.0 27.0
41 44 104.0 49.0
4 29 103.0 31.0
18 1 62.0 193.0
14 16 164.0 173.0
40 23 17.0 9.0
12 7 7.0 1.0
10 15 17.0 190.0
36 27 188.0 117.0
38 32 64.0 92.0
28 13 52.0 119.0
29 17 105.0 114.0
48 16 102.0 70.0
11 3 129.0 119.0
39 9 111.0 136.0
23 47 58.0 128.0
41 46 181.0 46.0
45 35 111.0 197.0
15 13 83.0 116.0
30 47 12.0 188.0
15 35 139.0 67.0
19 11 176.0 20.0
36 29 81.0 87.0
28 16 187.0 139.0
29 42 129.0 121.0
29 23 146.0 192.0
36 5 16.0 181.0
20 43 65.0 28.0
1 13 118.0 156.0
11 26 197.0 46.0
3 5 24.0 78.0
29 43 17.0 12.0
36 6 135.0 98.0
28 19 38.0 34.0
40 48 194.0 6.0
42 12 166.0 11.0
11 32 68.0 36.0
8 6 182.0 17.0
9 41 173.0 158.0
35 3 21.0 142.0
8 17 11.0 109.0
3 32 33.0 1.0
31 33 96.0 179.0
12 31 181.0 14.0
31 35 6.0 2.0
30 12 158.0 140.0
5 1 181.0 83.0
6 26 29.0 3.0
10 33 51.0 192.0
32 34 117.0 37.0
34 41 100.0 13.0
40 36 69.0 34.0
4 10 171.0 27.0
8 1 123.0 81.0
20 21 40.0 104.0
14 44 62.0 21.0
44 22 130.0 114.0
24 8 64.0 48.0
16 46 78.0 117.0
34 24 127.0 99.0
20 8 194.0 98.0
8 21 18.0 117.0
9 23 190.0 58.0
18 41 157.0 52.0
1 14 156.0 39.0
22 16 93.0 173.0
14 35 46.0 123.0
10 24 180.0 173.0
31 32 101.0 174.0
20 29 100.0 119.0
3 34 51.0 42.0
26 15 159.0 160.0
30 9 186.0 67.0
24 41 140.0 79.0
9 5 75.0 186.0
27 24 32.0 55.0
24 39 138.0 133.0
9 7 44.0 38.0
30 41 47.0 47.0
24 25 92.0 158.0
33 42 47.0 30.0
35 47 52.0 140.0
2 15 147.0 80.0
7 32 125.0 179.0
7 6 143.0 63.0
4 6 1.0 139.0
7 4 13.0 0.0
28 31 3.0 105.0
25 41 106.0 2.0
7 47 119.0 110.0
30 23 11.0 66.0
23 38 195.0 136.0
2 5 129.0 91.0
22 31 140.0 82.0
34 12 12.0 105.0
10 12 129.0 167.0
4 43 153.0 187.0
41 19 133.0 24.0
9 3 70.0 144.0
40 41 100.0 18.0
2 6 189.0 181.0
44 24 109.0 81.0
35 12 44.0 121.0
23 2 153.0 125.0
12 26 123.0 58.0
6 3 107.0 9.0
21 18 115.0 130.0
11 29 74.0 167.0
10 5 148.0 15.0
28 2 14.0 57.0
9 4 138.0 58.0
45 8 183.0 43.0
1 30 163.0 58.0
48 20 163.0 23.0
6 18 15.0 78.0
14 38 62.0 89.0
42 41 60.0 162.0
42 13 93.0 26.0
40 45 75.0 183.0
21 3 20.0 10.0
48 37 166.0 136.0
25 16 165.0 129.0
2 7 69.0 180.0
5 6 53.0 83.0
15 4 135.0 66.0
4 5 72.0 28.0
1 12 53.0 99.0
39 30 22.0 25.0
35 42 170.0 140.0
15 1 192.0 135.0
6 20 138.0 13.0
25 9 117.0 191.0
23 10 111.0 52.0
31 26 183.0 136.0
14 36 187.0 188.0
34 30 27.0 161.0
4 12 103.0 149.0
21 37 153.0 96.0
24 30 191.0 91.0
39 28 100.0 108.0
37 2 146.0 163.0
2 14 191.0 129.0
11 7 184.0 130.0
36 37 10.0 11.0
19 1 118.0 113.0
1 4 51.0 23.0
32 36 29.0 42.0
15 47 194.0 129.0
48 29 161.0 141.0
25 7 183.0 104.0
8 7 175.0 167.0
16 27 25.0 185.0
27 35 38.0 95.0
37 39 35.0 41.0
26 4 135.0 64.0
18 42 105.0 82.0
22 48 85.0 18.0
22 12 89.0 20.0
7 44 141.0 64.0
22 10 159.0 118.0
13 14 168.0 149.0
4 39 117.0 3.0
10 28 163.0 4.0
21 15 153.0 20.0
10 7 59.0 39.0
11 2 175.0 100.0
40 6 116.0 68.0
15 3 122.0 28.0
32 26 187.0 90.0
33 14 145.0 104.0
41 37 124.0 60.0
20 17 112.0 78.0
8 46 136.0 123.0
16 4 31.0 64.0
46 13 11.0 100.0
2 13 126.0 86.0
18 33 177.0 113.0
47 18 86.0 123.0
23 32 81.0 163.0
17 10 39.0 193.0
23 46 46.0 175.0
6 32 34.0 78.0
45 11 99.0 45.0
3 4 115.0 25.0
37 28 186.0 93.0
45 17 42.0 72.0
14 3 119.0 75.0
5 38 146.0 110.0
3 39 31.0 193.0
22 8 105.0 17.0
34 7 11.0 4.0
27 7 158.0 126.0
2 44 85.0 144.0
28 41 43.0 80.0
21 28 40.0 162.0
17 34 66.0 187.0
24 45 92.0 97.0
20 19 60.0 198.0
42 11 27.0 23.0
8 9 113.0 185.0
26 2 12.0 151.0
10 48 157.0 55.0
27 43 67.0 198.0
13 3 58.0 85.0
5 8 176.0 102.0
13 7 130.0 36.0
8 4 95.0 109.0
33 7 33.0 9.0
6 12 25.0 198.0
24 46 33.0 134.0
8 37 170.0 52.0
14 27 138.0 180.0
34 36 178.0 66.0
16 7 94.0 61.0
26 35 178.0 190.0
42 8 192.0 11.0
48 34 6.0 17.0
48 17 142.0 191.0
9 10 106.0 65.0
15 30 63.0 196.0
17 32 120.0 41.0
38 7 183.0 14.0
42 21 90.0 161.0
3 18 18.0 82.0
47 21 5.0 24.0
5 25 192.0 147.0
10 3 2.0 50.0
43 16 194.0 65.0
7 14 179.0 114.0
10 18 138.0 114.0
6 44 193.0 28.0
10 1 142.0 11.0
43 45 70.0 147.0
21 7 72.0 15.0
36 18 21.0 26.0
33 36 174.0 15.0
22 3 14.0 154.0
13 5 48.0 152.0
1 37 152.0 41.0
11 1 109.0 94.0
2 18 149.0 180.0
40 44 146.0 173.0
29 16 125.0 167.0
3 48 143.0 99.0
18 30 28.0 110.0
35 39 74.0 76.0
28 7 142.0 178.0
12 25 164.0 3.0
42 32 152.0 65.0
43 39 95.0 99.0
1 6 79.0 20.0
18 16 18.0 174.0
14 37 55.0 46.0
28 20 150.0 81.0
8 10 116.0 44.0
4 40 148.0 32.0
21 1 17.0 100.0
13 9 124.0 112.0
11 13 171.0 155.0
45 34 137.0 190.0
17 5 121.0 144.0
17 3 8.0 23.0
16 3 119.0 76.0
43 21 1.0 67.0
19 3 44.0 171.0
15 8 89.0 120.0
4 14 28.0 60.0
46 27 179.0 117.0
32 22 158.0 52.0
47 44 74.0 119.0
3 20 112.0 145.0
33 13 13.0 66.0
28 30 154.0 58.0
41 11 192.0 43.0
15 6 67.0 172.0
27 2 153.0 198.0
23 11 188.0 64.0
6 24 27.0 62.0
19 48 138.0 139.0
28 22 7.0 152.0
8 3 19.0 161.0
21 14 50.0 11.0
7 5 23.0 69.0
11 5 128.0 129.0
46 2 154.0 116.0
25 4 10.0 181.0
19 18 14.0 149.0
39 22 177.0 21.0
32 47 59.0 196.0
8 12 152.0 110.0
16 12 121.0 176.0
32 2 76.0 1.0
19 6 130.0 31.0
2 16 43.0 140.0
22 18 68.0 57.0
39 15 61.0 45.0
29 26 152.0 121.0
22 2 48.0 56.0
3 1 17.0 121.0
11 9 91.0 94.0
15 7 144.0 21.0
5 15 127.0 187.0
20 37 2.0 195.0
19 9 38.0 63.0
34 25 137.0 142.0
16 40 34.0 137.0
8 43 25.0 3.0
29 2 76.0 116.0
19 4 16.0 20.0
29 32 111.0 143.0
20 27 181.0 113.0
13 10 67.0 19.0
8 13 33.0 4.0
34 47 0.0 19.0
18 4 85.0 25.0
9 15 198.0 113.0
9 14 92.0 14.0
45 14 199.0 3.0
40 30 81.0 180.0
23 24 15.0 148.0
2 10 82.0 0.0
24 28 151.0 83.0
35 29 66.0 188.0
11 30 42.0 64.0
11 8 30.0 134.0
21 11 140.0 29.0
40 26 109.0 173.0
11 10 178.0 124.0
28 14 178.0 13.0
41 1 90.0 81.0
29 39 63.0 108.0
16 6 110.0 57.0
29 1 48.0 92.0
11 43 193.0 140.0
36 3 196.0 54.0
21 19 119.0 127.0
8 16 56.0 49.0
24 1 144.0 98.0
19 7 28.0 159.0
45 10 192.0 90.0
17 7 195.0 192.0
25 38 140.0 140.0
40 35 91.0 136.0
21 40 36.0 162.0
20 12 143.0 92.0
46 15 150.0 40.0
18 5 185.0 130.0
17 6 81.0 129.0
11 4 59.0 76.0
40 1 110.0 199.0
9 12 191.0 153.0
24 36 10.0 27.0
25 2 75.0 154.0
14 5 67.0 25.0
10 36 66.0 4.0
21 2 130.0 147.0
9 17 119.0 141.0
10 14 59.0 181.0
16 9 82.0 50.0
42 22 79.0 45.0
29 40 17.0 154.0
18 8 194.0 84.0
24 42 15.0 12.0
48 1 87.0 97.0
17 31 32.0 158.0
16 10 61.0 91.0
26 14 74.0 96.0
35 38 174.0 153.0
1 22 189.0 192.0
48 13 127.0 183.0
6 37 148.0 94.0
37 16 148.0 187.0
46 34 111.0 132.0
5 41 61.0 172.0
1 9 192.0 135.0
1 25 53.0 166.0
5 39 187.0 42.0
13 6 112.0 66.0
39 41 186.0 61.0
7 18 84.0 86.0
2 19 86.0 195.0
11 25 64.0 148.0
29 28 150.0 8.0
16 11 24.0 155.0
6 9 80.0 163.0
23 1 6.0 192.0
20 7 198.0 144.0
22 4 56.0 82.0
20 4 147.0 142.0
15 27 90.0 163.0
2 24 154.0 40.0
17 4 38.0 130.0
19 14 26.0 118.0
20 24 170.0 32.0
21 33 26.0 120.0
14 8 110.0 82.0
1 17 182.0 57.0
26 3 97.0 73.0
48 2 145.0 51.0
12 15 111.0 183.0
20 47 54.0 137.0
12 14 137.0 176.0
2 1 159.0 116.0
36 47 83.0 70.0
8 40 147.0 66.0
45 20 147.0 44.0
21 41 170.0 92.0
46 45 160.0 81.0
43 12 151.0 15.0
45 48 94.0 40.0
5 23 91.0 5.0
19 5 34.0 174.0
4 33 111.0 181.0
11 12 40.0 58.0
9 18 159.0 162.0
3 25 13.0 120.0
1 27 163.0 116.0
31 45 70.0 57.0
42 7 124.0 113.0
19 33 149.0 158.0
28 1 68.0 60.0
39 31 48.0 60.0
14 23 104.0 159.0
5 21 88.0 69.0
10 19 101.0 51.0
15 29 111.0 123.0
35 30 116.0 35.0
30 2 13.0 17.0
22 46 59.0 33.0
29 46 25.0 107.0
36 20 141.0 130.0
4 24 121.0 29.0
13 16 135.0 174.0
37 42 118.0 198.0
39 2 115.0 187.0
12 2 168.0 129.0
8 19 190.0 179.0
33 16 179.0 15.0
15 11 60.0 120.0
23 4 138.0 181.0
46 36 129.0 73.0
30 48 91.0 0.0
7 3 138.0 159.0
1 20 33.0 58.0
12 18 114.0 23.0
6 21 135.0 94.0
22 6 185.0 195.0
13 18 153.0 75.0
29 21 41.0 83.0
10 21 27.0 85.0
17 2 69.0 118.0
29 33 190.0 55.0
17 11 91.0 105.0
16 15 158.0 26.0
38 47 137.0 95.0
27 3 139.0 91.0
40 39 43.0 133.0
42 43 135.0 22.0
5 20 50.0 4.0
38 36 83.0 192.0
3 2 63.0 175.0
23 6 70.0 173.0
22 5 182.0 7.0
33 3 15.0 122.0
41 32 137.0 58.0
42 2 39.0 24.0
6 30 90.0 41.0
3 23 34.0 174.0
4 30 187.0 50.0
12 13 86.0 57.0
37 34 140.0 68.0
36 31 44.0 156.0
20 11 22.0 133.0
16 31 125.0 13.0
23 8 83.0 15.0
12 19 179.0 70.0
11 18 1.0 166.0
40 17 92.0 39.0
11 14 60.0 32.0
12 17 47.0 56.0
44 15 10.0 22.0
13 44 191.0 135.0
27 48 138.0 74.0
31 1 39.0 69.0
22 9 160.0 192.0
20 40 156.0 52.0
6 25 140.0 169.0
34 10 36.0 140.0
40 19 67.0 46.0
3 29 95.0 58.0
11 22 81.0 185.0
14 47 94.0 72.0
20 9 157.0 6.0
24 11 138.0 114.0
31 4 23.0 30.0
13 27 28.0 11.0
13 19 186.0 95.0
9 21 29.0 33.0
16 36 20.0 110.0
2 40 171.0 114.0
8 33 47.0 129.0
43 36 81.0 137.0
39 48 90.0 56.0
43 37 126.0 70.0
29 5 70.0 64.0
15 14 15.0 51.0
6 10 198.0 35.0
16 5 144.0 170.0
7 36 161.0 143.0
26 5 76.0 42.0
16 35 89.0 166.0
23 22 196.0 16.0
20 33 83.0 18.0
35 22 103.0 98.0
20 13 127.0 102.0
36 41 66.0 71.0
31 3 169.0 27.0
6 27 94.0 45.0
5 27 38.0 135.0
4 21 11.0 34.0
41 6 18.0 94.0
27 25 105.0 122.0
14 17 73.0 185.0
28 4 123.0 91.0
27 8 69.0 92.0
36 2 11.0 115.0
28 6 109.0 1.0
23 12 194.0 120.0
25 40 67.0 13.0
32 48 197.0 124.0
14 20 111.0 71.0
23 35 141.0 34.0
22 14 124.0 10.0
31 2 123.0 135.0
5 28 187.0 184.0
26 9 116.0 182.0
1 44 39.0 183.0
26 7 145.0 37.0
10 37 135.0 8.0
18 15 55.0 28.0
25 8 191.0 132.0
27 9 198.0 66.0
37 44 184.0 137.0
5 32 84.0 100.0
43 13 100.0 75.0
15 19 65.0 197.0
4 32 147.0 153.0
10 25 71.0 154.0
33 2 41.0 14.0
20 16 14.0 39.0
37 18 144.0 198.0
17 27 19.0 180.0
7 24 134.0 119.0
25 46 92.0 152.0
34 2 74.0 191.0
22 15 11.0 145.0
3 30 90.0 52.0
3 28 133.0 104.0
15 20 173.0 77.0
17 16 95.0 144.0
6 29 184.0 182.0
1 32 7.0 29.0
8 29 77.0 81.0
12 21 151.0 40.0
14 24 140.0 41.0
5 30 62.0 73.0
25 23 161.0 187.0
25 14 175.0 57.0
13 21 81.0 160.0
46 14 164.0 40.0
35 4 80.0 193.0
22 43 48.0 183.0
17 19 168.0 140.0
10 26 131.0 182.0
23 13 178.0 92.0
31 6 153.0 153.0
5 42 17.0 186.0
7 23 120.0 133.0
22 40 58.0 152.0
34 8 144.0 58.0
8 31 138.0 64.0
13 25 78.0 69.0
40 42 173.0 56.0
32 10 107.0 78.0
20 26 137.0 125.0
17 13 97.0 57.0
5 31 2.0 155.0
41 38 8.0 98.0
29 7 174.0 146.0
25 48 80.0 52.0
9 45 143.0 5.0
31 7 152.0 3.0
21 17 144.0 90.0
26 8 76.0 41.0
46 37 157.0 30.0
16 24 76.0 117.0
27 10 4.0 2.0
5 34 111.0 36.0
19 26 40.0 6.0
21 26 177.0 144.0
22 7 76.0 73.0
21 16 51.0 104.0
1 36 33.0 8.0
30 7 107.0 109.0
18 17 76.0 111.0
39 20 137.0 187.0
23 15 168.0 129.0
4 34 92.0 97.0
18 23 50.0 120.0
15 33 157.0 101.0
28 11 174.0 190.0
9 29 185.0 81.0
24 13 186.0 61.0
32 9 183.0 75.0
16 19 148.0 104.0
24 15 146.0 41.0
45 18 114.0 148.0
1 38 49.0 72.0
23 19 106.0 175.0
15 25 134.0 91.0
14 18 149.0 73.0
41 45 49.0 84.0
34 13 39.0 198.0
47 48 114.0 137.0
31 9 42.0 181.0
17 24 100.0 43.0
12 44 38.0 6.0
4 38 133.0 124.0
10 30 57.0 82.0
5 35 107.0 59.0
27 11 97.0 98.0
30 8 152.0 164.0
33 34 6.0 147.0
39 1 121.0 106.0
37 5 37.0 111.0
9 33 68.0 123.0
42 6 187.0 77.0
29 25 80.0 94.0
2 8 193.0 129.0
12 27 147.0 98.0
47 46 44.0 105.0
2 38 197.0 118.0
20 22 191.0 186.0
16 23 59.0 11.0
44 18 191.0 46.0
22 21 123.0 23.0
38 42 113.0 68.0
29 10 45.0 12.0
20 18 103.0 89.0
40 3 111.0 52.0
1 35 62.0 54.0
19 25 119.0 121.0
4 37 36.0 110.0
12 28 146.0 111.0
16 45 141.0 11.0
26 16 166.0 186.0
27 4 176.0 21.0
25 18 80.0 87.0
48 46 19.0 95.0
30 14 18.0 138.0
15 28 149.0 55.0
1 33 78.0 48.0
32 8 149.0 19.0
20 23 129.0 67.0
35 7 125.0 105.0
13 30 32.0 158.0
31 38 197.0 52.0
15 17 62.0 16.0
8 48 182.0 163.0
40 5 88.0 12.0
32 12 58.0 189.0
39 25 80.0 188.0
41 14 113.0 5.0
35 11 28.0 97.0
33 46 94.0 25.0
13 29 139.0 156.0
26 17 54.0 74.0
14 29 58.0 142.0
1 42 164.0 116.0
17 25 187.0 44.0
33 5 44.0 100.0
25 20 38.0 72.0
28 34 95.0 84.0
9 34 107.0 186.0
14 31 98.0 113.0
36 8 73.0 156.0
41 3 181.0 38.0
18 43 183.0 168.0
11 34 106.0 179.0
43 3 21.0 144.0
22 29 96.0 116.0
16 30 35.0 155.0
24 19 118.0 134.0
24 18 71.0 191.0
45 1 45.0 52.0
23 21 52.0 180.0
33 12 115.0 158.0
6 39 168.0 136.0
35 37 6.0 16.0
27 19 126.0 42.0
35 9 125.0 44.0
7 39 182.0 196.0
9 37 185.0 179.0
3 44 167.0 189.0
24 29 187.0 83.0
9 36 189.0 155.0
19 22 35.0 195.0
9 38 41.0 113.0
18 26 32.0 118.0
41 4 17.0 166.0
39 8 42.0 2.0
41 17 128.0 161.0
45 5 198.0 67.0
33 39 144.0 139.0
43 40 90.0 131.0
10 38 90.0 83.0
7 37 1.0 74.0
30 25 137.0 19.0
38 8 41.0 179.0
38 45 161.0 121.0
18 29 57.0 160.0
31 15 157.0 153.0
41 7 63.0 0.0
29 19 185.0 153.0
24 22 106.0 138.0
24 21 4.0 43.0
5 24 152.0 197.0
42 3 156.0 114.0
2 35 174.0 165.0
45 2 16.0 84.0
11 37 186.0 79.0
4 44 109.0 123.0
28 8 182.0 15.0
21 27 6.0 138.0
35 13 4.0 158.0
22 25 170.0 112.0
32 13 80.0 96.0
46 3 101.0 48.0
1 46 136.0 87.0
36 12 26.0 45.0
22 26 195.0 160.0
18 31 113.0 153.0
47 2 48.0 69.0
47 1 90.0 170.0
18 28 7.0 122.0
48 43 15.0 108.0
44 5 64.0 151.0
25 21 182.0 90.0
43 6 136.0 129.0
45 4 142.0 49.0
10 35 138.0 190.0
15 32 64.0 180.0
38 11 177.0 71.0
26 23 27.0 193.0
34 14 190.0 91.0
40 9 6.0 125.0
10 39 141.0 94.0
22 27 139.0 83.0
10 40 20.0 29.0
34 26 67.0 84.0
25 45 90.0 45.0
45 3 72.0 69.0
19 30 83.0 62.0
23 36 183.0 41.0
30 17 187.0 76.0
5 43 151.0 78.0
6 34 25.0 171.0
36 15 133.0 92.0
43 1 59.0 175.0
37 13 118.0 131.0
21 30 3.0 153.0
46 4 79.0 186.0
38 12 115.0 66.0
22 33 61.0 66.0
36 22 72.0 38.0
47 3 16.0 5.0
41 8 3.0 75.0
33 24 132.0 73.0
15 34 190.0 135.0
41 10 105.0 22.0
19 32 12.0 20.0
7 40 140.0 25.0
37 12 175.0 164.0
4 47 70.0 191.0
30 22 29.0 73.0
23 28 83.0 114.0
42 9 100.0 73.0
32 20 114.0 5.0
41 26 25.0 79.0
47 5 90.0 165.0
17 35 18.0 65.0
44 10 105.0 88.0
11 36 54.0 134.0
46 7 90.0 89.0
37 15 77.0 190.0
46 6 98.0 143.0
40 13 187.0 123.0
43 9 199.0 77.0
6 38 174.0 169.0
30 20 132.0 31.0
4 48 135.0 138.0
47 12 120.0 177.0
16 34 151.0 149.0
40 11 88.0 1.0
10 42 194.0 75.0
19 34 39.0 145.0
21 31 56.0 165.0
1 26 45.0 188.0
27 47 184.0 132.0
26 39 46.0 104.0
44 8 145.0 198.0
12 40 164.0 33.0
16 32 97.0 110.0
41 15 166.0 88.0
27 26 44.0 22.0
27 23 20.0 42.0
21 32 145.0 4.0
39 14 18.0 191.0
42 14 163.0 116.0
33 17 73.0 79.0
19 47 176.0 170.0
46 43 119.0 94.0
41 13 171.0 163.0
24 32 22.0 143.0
23 31 24.0 119.0
33 48 26.0 43.0
35 19 49.0 141.0
48 6 23.0 122.0
6 47 8.0 151.0
5 48 23.0 79.0
48 7 49.0 194.0
17 37 36.0 23.0
45 12 198.0 12.0
47 8 10.0 176.0
47 22 27.0 60.0
48 9 4.0 2.0
36 17 186.0 164.0
20 31 18.0 161.0
29 27 190.0 19.0
43 10 84.0 178.0
7 45 191.0 34.0
27 30 164.0 2.0
25 31 178.0 143.0
46 11 79.0 183.0
28 26 2.0 17.0
40 28 133.0 172.0
24 40 133.0 75.0
20 35 171.0 169.0
20 44 145.0 115.0
46 10 55.0 62.0
36 30 183.0 33.0
43 14 106.0 63.0
38 16 115.0 60.0
19 36 50.0 0.0
15 40 10.0 135.0
33 25 27.0 182.0
39 17 82.0 125.0
39 11 1.0 137.0
33 28 151.0 184.0
34 20 63.0 9.0
28 9 147.0 178.0
44 11 79.0 198.0
41 12 37.0 42.0
30 26 154.0 17.0
42 23 143.0 36.0
42 39 177.0 96.0
9 47 92.0 129.0
41 27 16.0 156.0
33 47 15.0 115.0
42 34 22.0 47.0
24 35 93.0 60.0
19 37 42.0 47.0
47 11 4.0 137.0
39 19 58.0 181.0
23 34 97.0 103.0
32 25 65.0 65.0
39 13 10.0 33.0
43 7 197.0 185.0
32 18 90.0 90.0
39 18 197.0 84.0
46 12 134.0 153.0
35 18 119.0 145.0
16 41 6.0 17.0
15 43 4.0 71.0
40 18 62.0 167.0
38 19 113.0 59.0
33 26 23.0 155.0
43 17 116.0 172.0
38 21 114.0 51.0
42 19 64.0 34.0
35 25 103.0 70.0
46 31 101.0 107.0
25 26 143.0 163.0
32 27 175.0 56.0
27 33 68.0 150.0
42 15 64.0 184.0
31 29 115.0 178.0
23 37 27.0 179.0
28 32 53.0 82.0
39 21 198.0 154.0
14 48 195.0 141.0
34 22 168.0 122.0
37 22 117.0 188.0
38 20 51.0 181.0
38 18 143.0 118.0
44 16 92.0 123.0
13 47 147.0 145.0
20 41 116.0 98.0
42 20 11.0 63.0
38 34 7.0 131.0
31 13 14.0 77.0
18 46 4.0 17.0
17 46 47.0 99.0
36 26 36.0 139.0
37 45 31.0 183.0
34 27 103.0 147.0
38 24 166.0 114.0
16 47 14.0 174.0
21 36 161.0 28.0
28 17 184.0 117.0
17 44 69.0 183.0
29 38 75.0 105.0
42 16 45.0 107.0
46 9 147.0 100.0
25 36 21.0 113.0
21 48 82.0 35.0
36 28 56.0 43.0
46 19 146.0 192.0
21 34 25.0 167.0
11 6 111.0 101.0
45 21 186.0 108.0
26 37 135.0 133.0
46 20 139.0 156.0
23 41 185.0 173.0
45 6 173.0 193.0
26 38 163.0 119.0
47 17 17.0 189.0
43 19 23.0 80.0
15 45 16.0 161.0
25 43 74.0 152.0
48 12 188.0 165.0
23 43 12.0 125.0
40 27 140.0 186.0
48 42 23.0 104.0
42 27 6.0 40.0
37 31 41.0 181.0
37 32 160.0 9.0
31 34 140.0 187.0
43 24 26.0 80.0
27 37 102.0 39.0
45 42 36.0 42.0
35 43 130.0 59.0
22 38 134.0 137.0
35 32 89.0 127.0
41 29 107.0 1.0
33 32 24.0 47.0
18 48 136.0 51.0
26 45 114.0 190.0
33 38 53.0 102.0
44 19 130.0 184.0
47 10 194.0 17.0
31 40 109.0 83.0
29 34 84.0 16.0
18 34 70.0 60.0
44 28 30.0 158.0
44 23 124.0 96.0
22 41 120.0 130.0
41 31 31.0 50.0
37 33 130.0 177.0
40 32 149.0 39.0
48 26 27.0 185.0
44 31 16.0 98.0
35 33 15.0 46.0
24 47 42.0 91.0
32 44 158.0 162.0
46 26 74.0 189.0
43 31 52.0 157.0
30 43 182.0 153.0
45 28 76.0 9.0
28 42 46.0 92.0
42 31 25.0 13.0
27 45 30.0 19.0
21 46 166.0 189.0
26 42 81.0 192.0
44 26 29.0 85.0
37 38 102.0 11.0
29 37 67.0 179.0
33 40 100.0 113.0
47 29 51.0 77.0
47 25 14.0 81.0
34 39 127.0 132.0
43 33 98.0 8.0
30 46 172.0 128.0
33 41 15.0 27.0
28 38 97.0 34.0
38 39 95.0 197.0
30 44 114.0 146.0
36 42 153.0 81.0
45 36 99.0 80.0
48 31 117.0 198.0
40 37 123.0 41.0
28 47 34.0 90.0
43 26 56.0 83.0
34 43 154.0 151.0
43 38 135.0 21.0
45 30 176.0 88.0
38 40 110.0 76.0
34 44 199.0 179.0
47 26 73.0 74.0
48 35 67.0 59.0
39 44 169.0 123.0
32 39 34.0 76.0
46 38 155.0 169.0
41 43 170.0 131.0
48 41 194.0 32.0
46 28 89.0 145.0
41 35 73.0 163.0
47 31 82.0 140.0
33 44 44.0 51.0
46 39 24.0 30.0
33 30 79.0 179.0
36 48 43.0 2.0
42 46 7.0 189.0
28 25 30.0 97.0
47 39 194.0 55.0
36 44 55.0 76.0
44 27 110.0 99.0
10 31 183.0 134.0
38 48 195.0 15.0
17 42 150.0 190.0
42 44 49.0 109.0
35 46 171.0 31.0
47 43 157.0 165.0
47 45 101.0 164.0
45 29 127.0 164.0
46 32 180.0 63.0
45 33 44.0 127.0
11 33 2.0 146.0
36 39 163.0 52.0
29 30 184.0 86.0
5 12 60.0 141.0
4 2 164.0 161.0
15 48 20.0 44.0
3 24 92.0 152.0
39 45 88.0 88.0
32 43 47.0 90.0
37 47 55.0 162.0
47 41 156.0 40.0
47 42 95.0 16.0
46 40 65.0 11.0
35 28 31.0 37.0
27 39 107.0 75.0
35 34 170.0 147.0
44 46 142.0 169.0
28 48 118.0 150.0
44 48 182.0 74.0
29 44 19.0 77.0
0
