48 1128 8 23 123027
9 3 148.0 7.0
39 19 69.0 42.0
5 30 160.0 9.0
45 33 45.0 9.0
36 26 91.0 82.0
32 47 3.0 95.0
5 31 151.0 15.0
45 28 140.0 98.0
30 26 163.0 41.0
12 20 111.0 184.0
1 18 100.0 71.0
6 2 133.0 98.0
43 21 145.0 176.0
35 16 22.0 100.0
46 36 130.0 173.0
15 33 83.0 70.0
10 16 189.0 46.0
35 8 139.0 100.0
25 37 162.0 39.0
37 2 174.0 95.0
38 32 63.0 119.0
47 12 43.0 85.0
47 36 148.0 173.0
20 5 116.0 31.0
20 39 110.0 57.0
46 39 141.0 49.0
27 41 38.0 103.0
43 31 199.0 165.0
14 37 19.0 15.0
1 37 46.0 63.0
40 29 98.0 195.0
33 35 196.0 167.0
41 25 21.0 106.0
15 20 168.0 163.0
12 43 125.0 159.0
26 21 94.0 77.0
9 45 120.0 114.0
1 42 8.0 167.0
22 35 54.0 58.0
37 26 101.0 50.0
3 37 136.0 74.0
24 30 58.0 57.0
25 33 129.0 136.0
3 7 156.0 23.0
26 10 153.0 29.0
19 13 136.0 161.0
47 5 106.0 190.0
46 9 199.0 7.0
6 4 11.0 136.0
4 5 31.0 21.0
42 14 109.0 160.0
43 33 131.0 17.0
10 31 92.0 85.0
11 31 8.0 180.0
2 3 168.0 67.0
27 11 110.0 119.0
45 32 132.0 73.0
9 31 17.0 115.0
13 45 126.0 126.0
29 25 37.0 10.0
23 8 89.0 81.0
4 3 168.0 49.0
8 37 97.0 88.0
16 8 3.0 159.0
8 1 167.0 87.0
32 28 131.0 137.0
24 32 195.0 9.0
24 44 54.0 184.0
3 11 16.0 143.0
16 25 167.0 136.0
30 25 156.0 16.0
32 17 150.0 111.0
17 48 87.0 70.0
43 40 137.0 170.0
23 45 182.0 84.0
8 29 122.0 36.0
7 44 174.0 90.0
20 19 88.0 141.0
43 38 137.0 196.0
6 5 94.0 88.0
6 8 165.0 181.0
30 33 187.0 54.0
45 19 187.0 169.0
47 30 53.0 109.0
1 11 116.0 27.0
34 41 131.0 156.0
46 42 163.0 69.0
14 38 24.0 57.0
44 15 184.0 141.0
15 28 26.0 171.0
46 14 147.0 14.0
43 44 139.0 0.0
2 8 156.0 7.0
4 28 177.0 88.0
12 2 33.0 140.0
3 14 85.0 57.0
11 4 82.0 69.0
10 17 182.0 60.0
30 19 136.0 130.0
15 35 81.0 27.0
47 27 161.0 37.0
22 14 18.0 138.0
43 39 4.0 51.0
20 14 71.0 89.0
44 31 157.0 105.0
16 30 36.0 139.0
1 30 46.0 124.0
3 12 118.0 127.0
42 45 87.0 79.0
27 3 180.0 57.0
9 37 84.0 185.0
2 11 85.0 107.0
10 5 88.0 42.0
2 14 73.0 124.0
44 42 11.0 119.0
41 39 90.0 129.0
36 25 109.0 177.0
27 43 83.0 89.0
31 19 168.0 119.0
46 43 86.0 53.0
15 48 71.0 126.0
13 35 87.0 145.0
28 17 156.0 50.0
8 44 82.0 46.0
21 24 174.0 191.0
34 25 7.0 9.0
12 1 160.0 127.0
11 13 96.0 198.0
15 2 112.0 168.0
31 26 82.0 199.0
42 19 48.0 38.0
14 21 177.0 130.0
12 18 124.0 152.0
1 6 69.0 83.0
19 44 100.0 29.0
3 13 123.0 149.0
8 46 133.0 35.0
39 11 167.0 15.0
29 46 74.0 168.0
18 11 156.0 51.0
45 44 134.0 32.0
46 5 63.0 3.0
16 9 22.0 115.0
20 1 170.0 145.0
14 5 123.0 55.0
6 10 107.0 43.0
45 20 22.0 181.0
46 2 89.0 178.0
45 36 161.0 175.0
8 27 158.0 176.0
3 21 181.0 132.0
21 23 98.0 103.0
43 16 129.0 173.0
15 9 10.0 189.0
7 11 193.0 32.0
44 36 0.0 82.0
23 3 5.0 113.0
45 27 7.0 115.0
47 16 146.0 188.0
2 5 40.0 196.0
20 43 137.0 121.0
19 15 118.0 147.0
1 13 92.0 111.0
8 42 21.0 44.0
12 31 96.0 178.0
25 46 86.0 103.0
29 12 170.0 32.0
14 1 42.0 162.0
24 28 89.0 179.0
43 32 131.0 159.0
4 31 58.0 175.0
41 21 171.0 31.0
19 2 130.0 67.0
6 9 146.0 16.0
47 25 5.0 68.0
6 15 84.0 48.0
43 36 60.0 174.0
2 13 69.0 191.0
13 15 172.0 127.0
2 9 68.0 95.0
24 36 125.0 198.0
38 15 3.0 72.0
40 13 148.0 9.0
28 18 189.0 33.0
5 48 95.0 49.0
29 1 152.0 164.0
31 13 49.0 76.0
3 8 178.0 69.0
24 5 124.0 103.0
19 16 153.0 80.0
29 2 95.0 54.0
19 32 38.0 84.0
31 22 194.0 133.0
22 27 139.0 147.0
7 16 152.0 140.0
4 43 34.0 130.0
47 19 168.0 111.0
34 24 85.0 122.0
41 33 34.0 180.0
16 33 117.0 72.0
6 47 130.0 111.0
13 5 6.0 70.0
11 35 181.0 110.0
45 26 2.0 168.0
12 16 92.0 171.0
7 38 6.0 178.0
38 47 92.0 192.0
32 41 28.0 9.0
39 25 134.0 159.0
6 7 69.0 92.0
16 20 116.0 50.0
4 12 175.0 118.0
4 1 23.0 67.0
7 14 163.0 181.0
13 14 187.0 55.0
7 33 116.0 15.0
26 47 124.0 3.0
28 8 3.0 193.0
10 8 46.0 119.0
7 30 167.0 173.0
48 34 21.0 143.0
8 9 50.0 185.0
35 17 192.0 37.0
18 6 2.0 108.0
4 48 143.0 78.0
24 48 161.0 146.0
35 18 136.0 160.0
14 6 189.0 104.0
23 48 69.0 163.0
20 21 173.0 71.0
37 22 101.0 165.0
43 3 197.0 55.0
2 22 152.0 140.0
37 7 175.0 114.0
24 19 14.0 63.0
17 1 190.0 155.0
47 23 90.0 59.0
43 35 159.0 15.0
24 6 57.0 12.0
24 37 0.0 7.0
26 44 110.0 153.0
2 7 145.0 37.0
4 10 156.0 159.0
5 36 186.0 146.0
10 38 52.0 28.0
41 45 31.0 11.0
2 40 88.0 41.0
44 33 197.0 88.0
44 18 37.0 59.0
29 9 105.0 135.0
29 39 168.0 14.0
42 17 195.0 107.0
3 10 62.0 47.0
1 9 12.0 45.0
18 15 29.0 100.0
15 46 138.0 26.0
31 6 43.0 127.0
14 31 33.0 100.0
16 3 70.0 154.0
20 30 153.0 65.0
9 10 136.0 167.0
12 5 12.0 148.0
10 1 41.0 41.0
23 36 124.0 179.0
41 20 141.0 119.0
10 7 30.0 174.0
12 9 121.0 101.0
22 23 194.0 26.0
16 42 161.0 130.0
47 15 113.0 173.0
40 23 173.0 106.0
1 16 89.0 98.0
2 18 18.0 182.0
6 22 132.0 1.0
30 31 179.0 5.0
13 7 107.0 125.0
2 32 87.0 69.0
14 43 117.0 152.0
34 4 194.0 90.0
34 5 194.0 36.0
19 1 155.0 164.0
40 14 13.0 39.0
12 46 192.0 144.0
6 3 6.0 51.0
37 41 113.0 46.0
4 39 124.0 30.0
42 10 106.0 118.0
30 27 27.0 100.0
13 6 100.0 135.0
31 23 154.0 65.0
20 2 48.0 98.0
4 13 10.0 7.0
39 22 137.0 124.0
12 19 61.0 61.0
28 44 97.0 167.0
39 13 163.0 76.0
14 12 171.0 63.0
16 4 157.0 77.0
19 48 177.0 6.0
18 3 99.0 187.0
35 32 69.0 36.0
3 26 149.0 130.0
37 35 170.0 198.0
47 4 107.0 133.0
8 5 24.0 30.0
39 45 24.0 182.0
5 7 64.0 1.0
18 22 123.0 163.0
4 7 22.0 144.0
33 4 85.0 124.0
6 27 147.0 55.0
30 14 36.0 54.0
35 5 24.0 12.0
1 35 132.0 0.0
7 19 191.0 196.0
40 33 99.0 66.0
40 28 16.0 122.0
17 4 67.0 101.0
17 13 70.0 166.0
42 21 43.0 106.0
25 23 153.0 19.0
17 5 103.0 37.0
7 42 173.0 95.0
26 34 161.0 72.0
13 27 18.0 177.0
17 23 65.0 37.0
35 36 140.0 135.0
24 42 184.0 135.0
32 12 80.0 89.0
16 6 157.0 184.0
24 16 9.0 130.0
1 27 173.0 170.0
6 44 45.0 143.0
12 7 19.0 62.0
25 38 112.0 111.0
31 40 158.0 48.0
19 10 185.0 38.0
1 21 126.0 94.0
46 41 198.0 135.0
7 8 31.0 123.0
45 3 85.0 29.0
24 20 184.0 57.0
6 11 135.0 48.0
24 1 73.0 93.0
17 6 0.0 10.0
27 33 160.0 78.0
41 31 11.0 110.0
17 2 180.0 42.0
15 1 51.0 17.0
36 27 60.0 187.0
10 13 162.0 147.0
4 20 20.0 36.0
38 23 135.0 20.0
1 7 135.0 95.0
4 9 88.0 146.0
15 30 146.0 20.0
45 38 31.0 197.0
23 1 59.0 43.0
36 48 6.0 21.0
9 26 13.0 26.0
5 3 63.0 148.0
25 5 65.0 198.0
4 19 48.0 153.0
12 6 50.0 194.0
11 32 26.0 34.0
24 22 50.0 85.0
5 16 108.0 56.0
19 3 76.0 73.0
18 4 32.0 139.0
12 11 27.0 97.0
28 11 73.0 27.0
32 14 90.0 75.0
13 46 43.0 116.0
20 11 111.0 45.0
46 6 81.0 172.0
48 30 119.0 158.0
14 10 141.0 152.0
20 26 126.0 121.0
5 21 179.0 199.0
9 7 38.0 21.0
25 3 27.0 34.0
13 48 9.0 91.0
22 8 20.0 90.0
9 11 32.0 92.0
18 7 141.0 125.0
38 31 1.0 68.0
4 44 117.0 181.0
14 4 183.0 107.0
2 16 88.0 10.0
19 5 106.0 49.0
5 15 129.0 126.0
45 35 94.0 161.0
47 39 164.0 188.0
22 41 80.0 165.0
8 17 74.0 149.0
38 1 97.0 57.0
23 20 171.0 138.0
34 12 189.0 77.0
8 11 172.0 118.0
3 17 92.0 66.0
23 15 3.0 56.0
11 5 42.0 83.0
15 11 125.0 116.0
7 15 142.0 23.0
17 18 113.0 65.0
45 7 28.0 55.0
4 15 176.0 0.0
38 3 123.0 20.0
34 46 87.0 126.0
4 42 75.0 81.0
42 38 89.0 153.0
10 11 163.0 184.0
34 2 189.0 28.0
13 9 194.0 169.0
17 7 166.0 122.0
11 14 117.0 89.0
4 24 78.0 156.0
33 47 177.0 106.0
36 4 158.0 18.0
19 6 28.0 73.0
21 30 196.0 169.0
10 28 98.0 142.0
13 33 104.0 16.0
8 4 138.0 21.0
41 19 104.0 16.0
17 43 155.0 81.0
46 4 72.0 113.0
23 19 106.0 100.0
17 39 129.0 54.0
12 13 125.0 179.0
2 23 26.0 182.0
2 10 76.0 164.0
5 18 53.0 180.0
48 38 93.0 9.0
11 16 70.0 165.0
38 19 101.0 176.0
14 9 153.0 182.0
19 8 94.0 30.0
2 21 8.0 73.0
25 22 5.0 84.0
43 41 130.0 59.0
2 26 197.0 23.0
47 21 107.0 68.0
11 17 150.0 160.0
44 23 157.0 103.0
5 23 11.0 52.0
5 22 18.0 19.0
27 40 37.0 24.0
48 28 4.0 119.0
24 39 53.0 154.0
10 12 193.0 161.0
35 34 197.0 143.0
8 14 119.0 155.0
38 16 135.0 131.0
22 7 102.0 106.0
28 2 181.0 91.0
38 35 28.0 138.0
8 20 139.0 81.0
15 14 84.0 132.0
13 20 84.0 34.0
20 10 63.0 155.0
21 15 88.0 151.0
30 42 3.0 142.0
15 12 112.0 136.0
45 43 101.0 140.0
4 22 184.0 192.0
13 8 36.0 69.0
9 22 178.0 72.0
5 9 96.0 193.0
2 27 15.0 136.0
26 7 44.0 18.0
17 9 13.0 156.0
6 23 99.0 66.0
20 6 190.0 84.0
39 2 85.0 178.0
2 24 156.0 15.0
30 10 103.0 52.0
42 13 107.0 118.0
7 23 187.0 103.0
1 22 24.0 0.0
21 8 178.0 123.0
13 32 10.0 168.0
33 19 176.0 47.0
45 8 82.0 132.0
33 1 177.0 185.0
25 1 199.0 36.0
41 29 187.0 186.0
33 3 60.0 11.0
37 40 32.0 39.0
39 16 111.0 42.0
20 7 158.0 87.0
8 15 128.0 40.0
15 10 137.0 58.0
18 8 178.0 136.0
26 4 138.0 166.0
45 10 16.0 199.0
16 13 63.0 0.0
6 21 159.0 174.0
12 38 140.0 70.0
2 47 46.0 20.0
16 15 26.0 183.0
14 48 111.0 157.0
18 10 5.0 50.0
45 2 21.0 173.0
28 3 92.0 84.0
40 19 154.0 4.0
8 43 161.0 46.0
9 44 177.0 159.0
24 7 22.0 155.0
46 17 158.0 134.0
23 4 192.0 115.0
9 20 80.0 13.0
38 34 36.0 124.0
3 20 82.0 190.0
19 46 91.0 195.0
22 11 153.0 20.0
41 8 61.0 176.0
25 7 27.0 171.0
39 23 39.0 19.0
39 9 195.0 119.0
10 36 188.0 31.0
9 18 78.0 23.0
4 27 171.0 169.0
22 30 21.0 124.0
6 29 157.0 35.0
3 31 16.0 184.0
6 37 75.0 7.0
17 12 70.0 23.0
11 19 46.0 58.0
37 10 95.0 124.0
37 39 177.0 66.0
36 40 104.0 198.0
29 3 62.0 61.0
9 47 189.0 30.0
22 10 142.0 64.0
9 24 38.0 12.0
47 40 26.0 36.0
1 26 108.0 122.0
16 29 146.0 37.0
36 37 79.0 51.0
30 17 165.0 93.0
5 28 16.0 106.0
14 19 182.0 111.0
29 4 8.0 172.0
27 18 3.0 35.0
25 6 81.0 63.0
18 14 133.0 27.0
18 23 62.0 12.0
8 26 109.0 180.0
21 39 198.0 78.0
28 1 124.0 132.0
9 41 11.0 132.0
10 32 35.0 166.0
13 18 30.0 116.0
11 41 171.0 163.0
15 24 21.0 34.0
1 47 68.0 83.0
7 21 166.0 18.0
7 39 166.0 90.0
22 12 72.0 177.0
7 32 74.0 108.0
21 12 7.0 104.0
21 10 199.0 179.0
24 3 130.0 172.0
34 1 87.0 151.0
33 26 22.0 53.0
17 24 31.0 189.0
15 39 164.0 103.0
29 5 139.0 190.0
1 31 116.0 98.0
9 21 61.0 115.0
27 17 77.0 143.0
6 26 16.0 117.0
12 23 192.0 190.0
35 28 136.0 23.0
35 7 64.0 100.0
16 17 134.0 155.0
13 22 4.0 50.0
9 19 29.0 17.0
31 25 5.0 59.0
48 25 127.0 173.0
19 37 164.0 119.0
32 15 145.0 100.0
2 31 14.0 161.0
11 21 84.0 148.0
11 40 5.0 88.0
14 17 27.0 34.0
11 46 177.0 184.0
35 2 168.0 56.0
23 9 73.0 84.0
38 18 193.0 19.0
26 29 84.0 8.0
2 30 19.0 169.0
4 21 176.0 176.0
23 10 85.0 155.0
17 29 77.0 62.0
25 12 28.0 197.0
14 27 18.0 101.0
34 3 156.0 11.0
30 4 54.0 41.0
32 1 139.0 25.0
20 18 86.0 68.0
7 27 19.0 171.0
27 5 117.0 97.0
40 39 52.0 97.0
24 13 147.0 22.0
32 3 28.0 104.0
22 26 189.0 34.0
25 4 78.0 81.0
1 36 24.0 117.0
9 25 40.0 195.0
17 20 185.0 109.0
22 3 67.0 190.0
47 29 133.0 15.0
27 9 108.0 114.0
11 25 27.0 49.0
23 11 172.0 57.0
24 23 156.0 148.0
32 6 145.0 196.0
21 34 127.0 82.0
9 33 174.0 147.0
30 43 187.0 108.0
26 23 153.0 47.0
2 25 82.0 180.0
44 46 11.0 55.0
37 20 83.0 167.0
36 3 136.0 28.0
36 2 37.0 63.0
18 16 172.0 11.0
25 8 61.0 159.0
30 32 16.0 14.0
33 2 35.0 98.0
33 10 52.0 198.0
9 28 56.0 135.0
33 5 5.0 192.0
6 28 64.0 42.0
10 24 47.0 36.0
15 22 170.0 108.0
29 7 163.0 138.0
46 22 61.0 150.0
33 6 3.0 113.0
17 21 99.0 60.0
44 29 45.0 56.0
28 7 135.0 109.0
48 27 132.0 134.0
30 9 153.0 55.0
8 31 195.0 68.0
13 23 77.0 56.0
8 30 138.0 80.0
15 3 142.0 189.0
26 14 13.0 139.0
4 32 150.0 148.0
24 8 144.0 35.0
26 13 50.0 49.0
28 14 170.0 45.0
29 11 111.0 47.0
41 24 154.0 1.0
18 19 21.0 96.0
20 28 82.0 34.0
5 40 134.0 185.0
1 5 198.0 31.0
15 25 97.0 1.0
23 16 94.0 67.0
7 31 132.0 5.0
27 16 70.0 87.0
38 40 89.0 43.0
36 30 159.0 123.0
37 21 86.0 45.0
30 11 142.0 36.0
32 5 163.0 192.0
16 22 40.0 57.0
25 13 176.0 125.0
1 40 75.0 198.0
36 34 22.0 164.0
14 24 139.0 133.0
15 26 28.0 177.0
2 38 116.0 123.0
8 33 191.0 31.0
19 17 4.0 183.0
3 35 28.0 180.0
35 4 124.0 103.0
36 6 146.0 146.0
10 25 103.0 37.0
28 39 18.0 83.0
20 47 134.0 135.0
26 39 0.0 77.0
24 38 62.0 4.0
30 6 194.0 90.0
12 35 191.0 118.0
32 9 120.0 89.0
23 14 59.0 175.0
34 6 23.0 78.0
6 35 139.0 158.0
15 27 90.0 139.0
34 7 170.0 152.0
1 44 4.0 164.0
28 13 106.0 195.0
11 37 195.0 27.0
29 10 54.0 54.0
39 3 31.0 29.0
27 12 133.0 170.0
27 10 175.0 23.0
8 34 45.0 145.0
38 5 16.0 49.0
16 21 42.0 74.0
14 25 194.0 189.0
12 24 21.0 0.0
5 37 129.0 4.0
14 16 96.0 62.0
28 31 48.0 23.0
29 13 41.0 93.0
36 7 174.0 9.0
13 21 170.0 168.0
26 11 97.0 164.0
25 17 32.0 70.0
41 2 114.0 162.0
42 25 141.0 10.0
41 1 132.0 189.0
20 22 137.0 173.0
26 12 114.0 111.0
24 18 59.0 84.0
2 42 141.0 108.0
37 27 61.0 173.0
19 22 159.0 128.0
37 4 182.0 52.0
13 34 31.0 115.0
12 33 51.0 121.0
12 28 145.0 165.0
13 30 52.0 156.0
16 28 69.0 145.0
4 41 56.0 82.0
23 35 126.0 167.0
18 21 177.0 109.0
45 25 135.0 161.0
21 22 191.0 138.0
39 5 82.0 136.0
43 2 9.0 87.0
9 34 159.0 78.0
25 18 166.0 15.0
12 39 24.0 92.0
12 30 13.0 153.0
18 43 146.0 100.0
40 3 167.0 137.0
46 27 149.0 49.0
15 41 83.0 158.0
42 5 24.0 42.0
1 39 71.0 190.0
16 44 144.0 47.0
9 36 70.0 109.0
38 4 168.0 16.0
17 26 44.0 87.0
38 6 154.0 193.0
8 36 146.0 189.0
36 32 191.0 122.0
40 7 135.0 15.0
29 15 40.0 31.0
31 16 35.0 62.0
25 21 52.0 155.0
40 4 19.0 96.0
8 38 155.0 125.0
45 1 187.0 53.0
42 33 89.0 130.0
10 34 93.0 176.0
1 48 127.0 85.0
34 11 152.0 114.0
11 38 66.0 156.0
10 35 146.0 38.0
20 27 93.0 101.0
14 33 127.0 80.0
20 44 124.0 169.0
25 19 20.0 17.0
34 47 156.0 148.0
43 1 181.0 109.0
29 34 147.0 199.0
31 15 19.0 93.0
19 27 31.0 113.0
44 3 137.0 110.0
6 40 169.0 13.0
42 47 82.0 189.0
41 6 39.0 38.0
8 32 84.0 172.0
5 41 91.0 183.0
41 7 114.0 110.0
25 32 134.0 97.0
26 32 181.0 23.0
11 33 16.0 150.0
18 30 54.0 98.0
45 4 29.0 93.0
11 24 9.0 65.0
31 17 102.0 100.0
6 39 110.0 168.0
26 19 11.0 44.0
17 36 63.0 192.0
16 32 73.0 79.0
43 6 64.0 79.0
19 21 110.0 46.0
18 29 83.0 71.0
3 42 46.0 137.0
28 21 175.0 156.0
6 42 147.0 186.0
43 5 26.0 10.0
26 18 109.0 51.0
13 36 93.0 173.0
41 28 102.0 3.0
36 12 99.0 138.0
38 20 35.0 146.0
35 9 103.0 10.0
48 22 178.0 50.0
33 22 154.0 157.0
48 9 130.0 63.0
28 29 99.0 24.0
44 5 195.0 2.0
38 9 3.0 46.0
8 40 148.0 190.0
29 14 158.0 4.0
47 31 30.0 88.0
41 3 178.0 184.0
18 31 145.0 109.0
19 29 99.0 45.0
3 46 70.0 94.0
20 46 58.0 26.0
46 1 36.0 159.0
29 21 71.0 146.0
26 28 141.0 53.0
41 30 86.0 71.0
5 45 128.0 32.0
42 22 82.0 27.0
21 27 71.0 104.0
24 35 4.0 129.0
24 25 68.0 193.0
42 9 125.0 140.0
9 40 7.0 18.0
35 14 123.0 45.0
2 48 39.0 51.0
20 25 38.0 121.0
37 12 72.0 61.0
34 16 7.0 28.0
29 20 187.0 76.0
14 36 87.0 64.0
34 15 96.0 46.0
3 47 193.0 20.0
37 13 180.0 33.0
36 15 159.0 170.0
48 3 193.0 183.0
36 11 110.0 152.0
40 10 146.0 49.0
45 18 110.0 34.0
24 27 71.0 6.0
34 14 46.0 64.0
21 31 104.0 178.0
21 45 40.0 16.0
36 16 11.0 185.0
29 23 197.0 74.0
10 39 115.0 95.0
43 7 88.0 177.0
41 12 38.0 159.0
23 28 164.0 84.0
6 45 181.0 20.0
32 18 199.0 22.0
20 32 151.0 11.0
37 15 64.0 148.0
22 17 53.0 131.0
15 17 191.0 94.0
26 25 5.0 182.0
29 22 7.0 121.0
28 19 196.0 188.0
34 18 70.0 195.0
30 23 115.0 22.0
34 19 60.0 131.0
48 6 196.0 65.0
43 10 166.0 139.0
16 37 98.0 123.0
45 14 21.0 105.0
38 13 125.0 169.0
24 26 178.0 196.0
42 11 22.0 46.0
42 12 11.0 82.0
22 28 66.0 7.0
36 19 176.0 184.0
13 41 160.0 75.0
18 36 100.0 181.0
35 31 187.0 25.0
35 20 93.0 165.0
25 28 84.0 116.0
46 47 85.0 95.0
27 28 62.0 151.0
20 31 124.0 38.0
21 33 5.0 84.0
24 29 128.0 105.0
27 23 138.0 115.0
46 10 199.0 31.0
7 48 137.0 83.0
35 19 52.0 22.0
14 39 41.0 114.0
37 18 10.0 165.0
33 18 168.0 15.0
14 41 91.0 49.0
27 29 162.0 29.0
32 22 146.0 162.0
17 38 66.0 83.0
20 33 16.0 118.0
11 43 94.0 9.0
7 47 60.0 104.0
35 21 148.0 181.0
42 15 49.0 191.0
13 43 96.0 12.0
40 12 1.0 42.0
22 34 155.0 67.0
30 3 167.0 172.0
45 11 60.0 13.0
24 31 37.0 73.0
11 44 83.0 138.0
7 46 182.0 85.0
16 40 191.0 78.0
8 47 98.0 192.0
41 16 85.0 54.0
24 33 167.0 53.0
17 41 172.0 179.0
48 11 76.0 161.0
27 25 142.0 112.0
38 46 187.0 125.0
10 47 173.0 178.0
36 20 130.0 71.0
23 32 25.0 15.0
37 17 71.0 144.0
47 13 127.0 43.0
12 44 139.0 155.0
21 36 141.0 81.0
26 5 166.0 128.0
32 21 94.0 139.0
37 44 9.0 176.0
8 48 0.0 186.0
30 28 155.0 71.0
22 38 39.0 34.0
31 46 182.0 178.0
26 27 177.0 75.0
26 35 188.0 96.0
44 2 41.0 34.0
47 35 191.0 50.0
45 17 70.0 191.0
32 29 31.0 177.0
45 15 102.0 22.0
9 43 161.0 85.0
43 15 39.0 91.0
23 33 129.0 28.0
41 18 173.0 123.0
35 27 179.0 164.0
43 28 186.0 1.0
10 48 49.0 169.0
45 16 141.0 151.0
29 30 62.0 103.0
10 41 17.0 53.0
14 44 107.0 98.0
37 23 121.0 80.0
29 31 165.0 52.0
13 44 24.0 104.0
48 26 124.0 25.0
4 2 114.0 65.0
38 33 170.0 128.0
40 21 47.0 139.0
14 47 111.0 155.0
29 35 166.0 184.0
30 34 191.0 132.0
20 42 24.0 168.0
27 31 183.0 148.0
25 35 144.0 49.0
18 42 1.0 114.0
33 39 127.0 0.0
11 47 111.0 191.0
32 31 183.0 78.0
38 21 5.0 174.0
35 30 115.0 30.0
40 18 162.0 98.0
32 27 183.0 106.0
41 23 190.0 136.0
36 33 175.0 69.0
40 22 195.0 86.0
46 18 0.0 178.0
48 16 76.0 5.0
48 44 135.0 192.0
34 28 118.0 97.0
45 12 20.0 101.0
44 17 108.0 162.0
19 43 178.0 83.0
45 22 80.0 173.0
23 34 12.0 32.0
25 40 54.0 89.0
28 37 47.0 141.0
28 36 170.0 166.0
43 22 76.0 142.0
48 18 143.0 184.0
26 16 133.0 121.0
40 26 122.0 166.0
44 21 156.0 135.0
38 26 118.0 163.0
30 37 188.0 117.0
23 42 42.0 158.0
42 26 120.0 118.0
39 27 199.0 63.0
18 47 110.0 132.0
46 23 131.0 184.0
20 40 141.0 39.0
26 41 8.0 11.0
24 40 106.0 197.0
33 32 75.0 101.0
17 40 70.0 147.0
34 31 147.0 69.0
34 33 80.0 57.0
31 39 157.0 11.0
29 33 161.0 99.0
30 38 120.0 121.0
21 46 60.0 27.0
46 16 90.0 87.0
25 43 77.0 113.0
42 27 96.0 25.0
23 43 45.0 176.0
37 45 142.0 154.0
20 34 52.0 103.0
45 24 11.0 173.0
27 38 177.0 23.0
20 48 35.0 67.0
43 24 95.0 113.0
34 37 155.0 191.0
26 43 153.0 152.0
29 36 155.0 95.0
37 32 180.0 7.0
46 24 173.0 192.0
47 22 20.0 102.0
40 32 128.0 56.0
21 48 169.0 176.0
34 39 87.0 77.0
38 29 99.0 192.0
27 34 1.0 54.0
38 39 68.0 181.0
28 42 135.0 41.0
34 32 75.0 155.0
42 32 120.0 156.0
45 29 47.0 42.0
33 37 43.0 135.0
39 35 189.0 142.0
36 38 156.0 190.0
42 31 109.0 176.0
44 27 46.0 44.0
29 43 132.0 121.0
36 31 0.0 4.0
18 39 165.0 47.0
35 41 18.0 8.0
47 28 181.0 159.0
36 22 14.0 89.0
40 30 73.0 124.0
31 33 102.0 119.0
41 42 140.0 186.0
35 40 184.0 140.0
47 24 58.0 101.0
44 30 136.0 28.0
46 28 63.0 117.0
45 34 161.0 29.0
28 33 60.0 34.0
30 39 50.0 162.0
35 42 73.0 142.0
36 41 80.0 57.0
48 31 96.0 90.0
46 30 135.0 32.0
36 42 147.0 150.0
40 42 84.0 108.0
29 48 111.0 144.0
44 32 51.0 113.0
22 44 98.0 125.0
43 47 64.0 130.0
48 37 16.0 160.0
43 34 102.0 151.0
42 37 105.0 49.0
46 26 166.0 189.0
31 45 4.0 29.0
40 34 152.0 8.0
44 35 193.0 2.0
37 43 64.0 57.0
40 41 102.0 81.0
44 10 160.0 156.0
47 37 119.0 65.0
39 42 119.0 85.0
32 48 84.0 76.0
45 30 63.0 36.0
36 39 188.0 8.0
46 40 85.0 53.0
45 46 102.0 139.0
48 46 156.0 62.0
39 48 121.0 75.0
47 44 72.0 193.0
34 42 139.0 108.0
32 46 74.0 154.0
39 32 114.0 14.0
2 1 167.0 152.0
48 40 176.0 21.0
38 41 145.0 132.0
44 34 47.0 67.0
48 42 3.0 71.0
1 3 138.0 94.0
42 29 115.0 164.0
44 40 141.0 30.0
38 28 103.0 60.0
38 37 117.0 79.0
48 41 30.0 14.0
29 37 100.0 29.0
47 17 78.0 55.0
48 12 109.0 16.0
42 43 111.0 25.0
41 44 61.0 53.0
48 33 166.0 164.0
38 44 15.0 35.0
48 43 36.0 198.0
48 47 81.0 136.0
47 41 113.0 111.0
15 40 43.0 23.0
34 17 75.0 106.0
37 31 196.0 136.0
12 8 76.0 114.0
35 48 9.0 43.0
45 48 91.0 45.0
46 33 5.0 124.0
37 46 171.0 119.0
44 39 128.0 166.0
44 25 149.0 4.0
46 35 65.0 97.0
47 45 146.0 93.0
17 33 121.0 155.0
39 8 7.0 13.0
40 45 115.0 12.0
0
