48 1128 8 23 114128
47 27 128.0 190.0
9 13 25.0 90.0
6 32 87.0 177.0
15 48 132.0 195.0
41 32 101.0 70.0
11 40 19.0 37.0
22 27 148.0 157.0
27 11 161.0 2.0
5 9 12.0 89.0
37 44 65.0 189.0
44 16 89.0 104.0
15 20 94.0 22.0
20 45 101.0 195.0
4 9 144.0 72.0
4 6 125.0 44.0
32 47 11.0 86.0
23 48 50.0 23.0
12 37 14.0 67.0
20 21 33.0 103.0
40 30 34.0 128.0
43 44 77.0 135.0
21 40 175.0 22.0
45 27 75.0 52.0
26 12 55.0 38.0
11 30 29.0 58.0
35 46 109.0 195.0
34 44 25.0 143.0
25 48 2.0 11.0
11 44 6.0 80.0
3 23 95.0 133.0
1 43 137.0 170.0
22 42 199.0 193.0
23 4 0.0 29.0
17 1 130.0 62.0
12 38 156.0 107.0
37 31 174.0 158.0
26 39 76.0 133.0
13 3 117.0 171.0
45 22 185.0 6.0
15 32 29.0 185.0
3 39 83.0 181.0
39 12 18.0 13.0
3 1 76.0 126.0
31 45 112.0 3.0
36 1 71.0 140.0
3 48 111.0 140.0
37 36 163.0 96.0
35 2 101.0 192.0
40 38 142.0 136.0
2 46 169.0 112.0
46 23 67.0 46.0
35 26 5.0 179.0
26 24 43.0 77.0
23 34 91.0 106.0
21 28 167.0 54.0
45 39 188.0 68.0
8 4 92.0 130.0
18 19 30.0 62.0
41 37 10.0 49.0
2 7 150.0 16.0
37 38 35.0 193.0
23 45 83.0 78.0
24 5 195.0 50.0
43 15 53.0 183.0
3 26 35.0 98.0
44 33 43.0 65.0
37 11 137.0 54.0
24 47 100.0 39.0
36 9 33.0 87.0
5 14 91.0 68.0
18 7 179.0 39.0
37 7 70.0 184.0
33 3 99.0 105.0
3 11 22.0 143.0
38 14 36.0 111.0
12 15 38.0 136.0
24 16 171.0 23.0
29 45 37.0 15.0
3 7 55.0 16.0
13 26 116.0 125.0
28 8 38.0 16.0
18 24 94.0 60.0
37 13 31.0 131.0
27 44 9.0 69.0
12 5 31.0 181.0
1 21 99.0 69.0
27 30 78.0 106.0
23 8 82.0 147.0
15 44 24.0 120.0
19 5 134.0 118.0
33 10 179.0 117.0
22 35 112.0 188.0
39 42 119.0 95.0
30 29 167.0 170.0
27 37 96.0 198.0
44 18 130.0 178.0
29 35 86.0 154.0
8 1 87.0 172.0
27 10 199.0 66.0
44 32 9.0 63.0
41 7 94.0 80.0
4 3 29.0 13.0
39 28 42.0 77.0
13 33 168.0 124.0
35 39 89.0 54.0
39 43 32.0 177.0
2 4 94.0 31.0
3 15 179.0 104.0
38 41 80.0 25.0
12 47 17.0 61.0
43 35 62.0 59.0
19 32 5.0 183.0
12 1 20.0 46.0
33 32 131.0 4.0
36 29 173.0 26.0
43 19 87.0 104.0
27 2 5.0 119.0
1 29 178.0 175.0
16 43 17.0 40.0
27 32 135.0 174.0
22 6 29.0 107.0
10 6 71.0 112.0
21 11 86.0 197.0
45 46 191.0 174.0
16 22 159.0 148.0
1 5 97.0 137.0
15 10 32.0 66.0
10 42 166.0 119.0
47 20 66.0 195.0
12 44 95.0 138.0
3 8 122.0 181.0
21 44 75.0 65.0
9 2 131.0 34.0
11 2 151.0 28.0
38 23 6.0 183.0
16 8 5.0 172.0
27 48 29.0 72.0
11 43 128.0 124.0
2 18 189.0 51.0
14 13 70.0 65.0
35 44 124.0 1.0
24 6 28.0 75.0
44 20 115.0 34.0
27 7 52.0 120.0
6 41 7.0 81.0
3 30 155.0 136.0
14 2 179.0 145.0
1 13 138.0 49.0
14 43 140.0 14.0
16 18 59.0 168.0
15 1 118.0 174.0
33 15 189.0 122.0
24 44 145.0 197.0
41 22 127.0 101.0
41 23 79.0 106.0
41 29 29.0 169.0
39 40 94.0 170.0
10 43 125.0 153.0
22 8 157.0 196.0
22 31 12.0 99.0
12 2 186.0 158.0
22 36 5.0 65.0
26 45 25.0 36.0
41 47 142.0 54.0
38 33 62.0 188.0
44 22 64.0 140.0
29 9 42.0 173.0
7 1 32.0 54.0
17 37 5.0 171.0
40 45 88.0 162.0
9 8 144.0 65.0
6 25 194.0 39.0
25 36 67.0 9.0
10 38 189.0 83.0
46 42 195.0 31.0
10 23 154.0 180.0
27 40 82.0 159.0
4 35 4.0 122.0
42 21 126.0 148.0
13 28 108.0 72.0
2 10 88.0 128.0
23 28 19.0 77.0
1 16 102.0 167.0
2 13 5.0 56.0
35 8 197.0 39.0
4 11 114.0 1.0
31 47 162.0 192.0
26 42 160.0 22.0
11 39 129.0 48.0
19 15 134.0 100.0
20 28 142.0 188.0
23 13 24.0 147.0
21 12 157.0 22.0
6 16 3.0 72.0
14 1 71.0 117.0
42 44 28.0 31.0
35 33 108.0 109.0
47 10 1.0 194.0
38 16 51.0 143.0
28 35 95.0 28.0
46 19 34.0 53.0
34 46 55.0 37.0
46 3 23.0 78.0
15 38 40.0 3.0
22 17 3.0 148.0
42 31 6.0 4.0
14 36 57.0 10.0
39 15 27.0 104.0
33 6 169.0 14.0
3 44 80.0 176.0
15 7 156.0 55.0
13 35 9.0 196.0
19 17 147.0 13.0
4 12 68.0 106.0
14 37 115.0 125.0
3 14 50.0 94.0
20 13 29.0 19.0
25 5 22.0 109.0
11 13 118.0 130.0
15 31 0.0 128.0
15 30 164.0 148.0
16 3 83.0 32.0
27 46 84.0 150.0
12 14 182.0 134.0
42 2 121.0 163.0
4 5 8.0 95.0
22 26 68.0 78.0
24 15 77.0 68.0
44 17 66.0 42.0
23 27 152.0 101.0
25 13 27.0 36.0
26 43 58.0 161.0
11 5 33.0 132.0
46 28 43.0 41.0
6 9 156.0 111.0
13 4 34.0 186.0
13 5 178.0 52.0
47 26 38.0 83.0
38 32 110.0 65.0
43 27 70.0 121.0
12 7 52.0 103.0
17 26 85.0 95.0
34 7 151.0 194.0
3 21 94.0 137.0
25 46 14.0 24.0
40 36 4.0 53.0
20 7 69.0 67.0
2 45 152.0 91.0
34 43 73.0 156.0
8 5 164.0 111.0
19 10 4.0 68.0
46 6 197.0 50.0
4 20 146.0 11.0
7 9 161.0 102.0
6 7 88.0 30.0
14 10 150.0 192.0
2 8 15.0 176.0
25 24 67.0 132.0
1 9 181.0 23.0
4 10 160.0 130.0
22 30 83.0 58.0
39 2 197.0 45.0
35 12 144.0 37.0
10 3 73.0 94.0
34 47 82.0 40.0
22 29 5.0 101.0
5 37 138.0 138.0
39 5 99.0 50.0
6 12 72.0 183.0
47 29 160.0 21.0
40 19 60.0 104.0
24 48 16.0 133.0
14 23 83.0 50.0
19 24 127.0 40.0
29 44 178.0 65.0
16 12 161.0 78.0
3 6 102.0 33.0
4 15 0.0 63.0
9 40 103.0 61.0
7 43 92.0 120.0
33 11 123.0 127.0
3 32 6.0 50.0
27 36 50.0 184.0
15 47 159.0 11.0
20 22 20.0 13.0
17 2 68.0 173.0
45 19 66.0 171.0
13 44 157.0 110.0
7 30 144.0 80.0
30 43 159.0 150.0
46 7 179.0 9.0
22 14 128.0 138.0
3 17 173.0 149.0
21 27 128.0 41.0
5 15 144.0 195.0
17 10 126.0 101.0
8 7 156.0 70.0
32 5 60.0 115.0
12 9 8.0 40.0
16 5 68.0 136.0
11 38 119.0 193.0
32 12 123.0 47.0
33 19 160.0 20.0
29 10 99.0 39.0
48 38 70.0 7.0
43 3 93.0 131.0
16 36 97.0 53.0
46 14 192.0 117.0
20 48 194.0 111.0
9 10 2.0 70.0
26 19 109.0 114.0
2 19 18.0 160.0
11 7 1.0 89.0
34 37 41.0 46.0
24 28 100.0 90.0
41 17 123.0 92.0
32 36 73.0 70.0
27 29 171.0 75.0
47 46 193.0 32.0
48 33 62.0 164.0
16 14 152.0 63.0
6 5 24.0 145.0
41 45 104.0 76.0
13 42 171.0 180.0
29 11 142.0 44.0
39 24 124.0 65.0
37 18 155.0 69.0
18 34 152.0 17.0
47 17 119.0 57.0
30 19 157.0 95.0
31 5 90.0 14.0
1 10 121.0 61.0
2 16 42.0 64.0
1 42 189.0 118.0
12 20 20.0 96.0
18 3 67.0 125.0
19 31 96.0 139.0
17 43 79.0 53.0
47 44 3.0 169.0
14 48 161.0 125.0
7 10 121.0 3.0
19 4 153.0 62.0
22 39 138.0 174.0
41 36 179.0 5.0
18 17 169.0 27.0
28 17 89.0 48.0
12 3 65.0 93.0
12 10 49.0 179.0
16 47 133.0 122.0
1 41 21.0 39.0
4 17 175.0 159.0
17 13 97.0 106.0
6 15 144.0 66.0
4 18 170.0 33.0
46 39 46.0 35.0
1 39 7.0 95.0
38 19 109.0 93.0
27 5 1.0 130.0
34 42 161.0 129.0
6 2 122.0 58.0
34 21 39.0 66.0
40 29 84.0 161.0
35 45 27.0 130.0
36 19 16.0 186.0
37 32 150.0 125.0
36 24 12.0 104.0
33 42 109.0 173.0
13 8 93.0 32.0
5 18 155.0 84.0
10 11 33.0 192.0
6 1 157.0 60.0
21 23 48.0 125.0
7 14 145.0 151.0
34 16 161.0 158.0
25 4 12.0 70.0
28 47 31.0 106.0
34 31 7.0 138.0
37 35 182.0 40.0
6 21 105.0 91.0
44 41 33.0 106.0
17 6 179.0 178.0
9 41 104.0 92.0
2 21 143.0 116.0
42 23 122.0 174.0
22 9 105.0 81.0
19 6 0.0 87.0
31 11 177.0 57.0
5 7 116.0 162.0
5 38 36.0 47.0
30 44 153.0 92.0
38 18 22.0 48.0
40 15 52.0 96.0
24 35 34.0 109.0
45 5 178.0 186.0
15 8 24.0 108.0
24 31 131.0 92.0
36 44 145.0 120.0
7 21 36.0 98.0
38 28 61.0 10.0
10 36 160.0 65.0
12 8 41.0 146.0
20 5 154.0 19.0
1 48 87.0 130.0
9 15 65.0 18.0
19 27 97.0 10.0
11 8 76.0 85.0
9 16 81.0 89.0
14 8 95.0 194.0
18 6 157.0 136.0
42 5 1.0 111.0
2 5 41.0 88.0
42 19 131.0 107.0
13 10 100.0 180.0
1 11 90.0 128.0
2 20 171.0 124.0
30 47 159.0 19.0
14 9 35.0 116.0
10 8 3.0 36.0
23 5 39.0 44.0
40 24 132.0 122.0
11 9 55.0 32.0
25 17 89.0 98.0
9 3 159.0 13.0
6 13 54.0 118.0
14 6 3.0 90.0
32 23 189.0 6.0
28 3 138.0 28.0
9 17 31.0 70.0
12 11 182.0 86.0
23 1 49.0 71.0
23 37 2.0 8.0
1 18 56.0 9.0
43 36 81.0 59.0
19 1 132.0 70.0
28 19 29.0 22.0
17 45 62.0 60.0
24 2 65.0 196.0
36 12 194.0 114.0
17 27 124.0 148.0
6 11 19.0 180.0
41 16 138.0 100.0
41 27 132.0 22.0
3 19 125.0 161.0
10 39 188.0 139.0
26 32 108.0 53.0
43 8 162.0 102.0
34 12 99.0 87.0
17 20 121.0 118.0
4 44 171.0 59.0
38 2 114.0 55.0
15 42 72.0 191.0
32 11 168.0 60.0
21 5 75.0 76.0
33 28 177.0 38.0
17 11 94.0 28.0
6 20 107.0 167.0
18 10 59.0 31.0
45 47 194.0 125.0
8 45 102.0 18.0
7 23 119.0 22.0
48 36 127.0 195.0
15 18 116.0 57.0
31 14 110.0 10.0
9 43 102.0 170.0
8 19 120.0 114.0
32 40 151.0 67.0
13 7 106.0 5.0
5 29 11.0 26.0
32 46 109.0 91.0
5 22 124.0 25.0
18 12 170.0 34.0
4 16 178.0 72.0
1 27 101.0 50.0
27 38 86.0 4.0
22 1 23.0 144.0
21 4 20.0 34.0
16 30 157.0 129.0
34 11 11.0 33.0
19 7 115.0 181.0
33 22 86.0 93.0
9 33 74.0 139.0
8 20 120.0 112.0
33 25 198.0 143.0
28 27 130.0 18.0
2 22 81.0 40.0
15 2 4.0 92.0
22 10 70.0 72.0
47 38 78.0 156.0
9 18 27.0 152.0
20 10 198.0 99.0
18 36 108.0 196.0
20 9 28.0 38.0
2 28 73.0 109.0
11 15 45.0 30.0
11 16 113.0 67.0
20 32 185.0 191.0
24 3 12.0 164.0
1 26 137.0 11.0
11 24 31.0 45.0
21 9 193.0 60.0
43 42 18.0 67.0
36 2 157.0 16.0
19 11 74.0 70.0
44 31 129.0 11.0
2 25 22.0 94.0
24 1 49.0 112.0
25 22 95.0 81.0
34 38 12.0 88.0
31 4 41.0 30.0
10 5 11.0 199.0
7 22 141.0 38.0
44 2 193.0 22.0
13 15 168.0 16.0
1 20 94.0 169.0
38 3 135.0 189.0
40 46 110.0 147.0
9 19 93.0 103.0
30 1 58.0 57.0
13 16 159.0 199.0
17 38 73.0 153.0
3 2 15.0 193.0
18 20 190.0 109.0
26 4 61.0 125.0
17 7 65.0 171.0
24 4 178.0 110.0
42 16 53.0 36.0
31 28 159.0 12.0
33 46 2.0 32.0
15 27 191.0 18.0
13 12 106.0 134.0
14 17 10.0 167.0
5 3 86.0 75.0
30 18 94.0 16.0
2 37 167.0 99.0
16 40 103.0 126.0
21 10 123.0 106.0
3 20 30.0 115.0
28 42 37.0 88.0
17 12 96.0 47.0
15 14 63.0 182.0
21 8 117.0 109.0
11 25 145.0 36.0
33 12 5.0 1.0
24 9 67.0 128.0
4 22 42.0 49.0
6 8 9.0 32.0
10 32 196.0 105.0
27 33 118.0 11.0
23 26 145.0 187.0
18 32 105.0 90.0
11 36 164.0 62.0
47 48 37.0 183.0
3 25 39.0 80.0
3 41 67.0 48.0
40 18 1.0 63.0
17 8 88.0 71.0
5 43 181.0 33.0
43 4 172.0 39.0
40 14 21.0 89.0
6 23 39.0 11.0
9 23 27.0 78.0
36 23 2.0 46.0
1 25 33.0 4.0
42 36 37.0 121.0
7 24 72.0 170.0
28 1 148.0 44.0
24 38 11.0 122.0
23 30 167.0 50.0
4 28 35.0 194.0
27 6 46.0 37.0
11 18 143.0 79.0
18 13 59.0 132.0
35 16 135.0 131.0
41 8 127.0 36.0
6 28 75.0 139.0
44 46 171.0 42.0
47 37 84.0 6.0
16 17 35.0 130.0
38 26 10.0 178.0
18 8 67.0 69.0
47 9 30.0 3.0
29 2 92.0 110.0
5 26 144.0 167.0
2 23 68.0 115.0
14 34 178.0 153.0
26 6 105.0 13.0
22 12 158.0 115.0
16 10 124.0 178.0
9 30 64.0 155.0
28 5 73.0 108.0
17 5 160.0 17.0
30 45 35.0 29.0
4 29 121.0 165.0
16 15 166.0 179.0
22 13 32.0 77.0
32 1 167.0 156.0
21 16 112.0 31.0
25 21 146.0 185.0
41 11 5.0 107.0
23 33 91.0 192.0
13 21 191.0 164.0
31 2 65.0 110.0
31 12 21.0 97.0
25 8 134.0 188.0
22 37 197.0 46.0
25 16 32.0 144.0
26 9 23.0 189.0
29 6 113.0 66.0
28 7 83.0 56.0
2 33 68.0 148.0
31 1 3.0 89.0
25 10 119.0 89.0
24 10 65.0 117.0
39 38 7.0 49.0
33 40 155.0 182.0
46 17 16.0 20.0
24 37 157.0 51.0
14 20 4.0 25.0
13 19 47.0 160.0
27 4 49.0 166.0
34 36 159.0 66.0
41 5 160.0 119.0
44 6 80.0 115.0
30 5 181.0 48.0
37 45 111.0 90.0
9 25 96.0 115.0
14 44 180.0 95.0
19 14 166.0 29.0
17 15 145.0 125.0
29 21 71.0 106.0
24 12 0.0 151.0
14 21 177.0 133.0
12 19 103.0 88.0
24 8 23.0 151.0
32 39 12.0 3.0
11 22 60.0 178.0
34 24 197.0 158.0
9 27 102.0 68.0
3 29 2.0 102.0
1 33 174.0 179.0
11 28 148.0 77.0
31 3 110.0 123.0
20 11 189.0 122.0
24 29 48.0 50.0
3 22 159.0 197.0
25 26 165.0 61.0
45 12 63.0 168.0
35 3 160.0 189.0
12 25 94.0 108.0
3 34 176.0 4.0
47 39 77.0 165.0
28 9 85.0 78.0
4 34 103.0 197.0
14 27 81.0 21.0
2 30 124.0 96.0
25 38 7.0 85.0
32 34 53.0 53.0
34 10 143.0 29.0
16 28 17.0 172.0
35 1 42.0 103.0
7 29 171.0 145.0
7 31 84.0 4.0
33 4 148.0 161.0
43 31 194.0 155.0
11 23 176.0 47.0
20 19 106.0 119.0
23 12 138.0 123.0
34 2 172.0 132.0
39 23 93.0 143.0
21 45 56.0 129.0
29 8 187.0 4.0
13 24 184.0 181.0
23 15 43.0 160.0
34 1 186.0 101.0
15 21 122.0 76.0
6 30 137.0 95.0
1 37 35.0 182.0
25 14 187.0 91.0
27 12 43.0 127.0
17 23 183.0 27.0
34 20 3.0 26.0
44 48 199.0 141.0
25 19 163.0 122.0
16 19 66.0 52.0
26 7 146.0 101.0
20 16 149.0 85.0
33 37 103.0 144.0
33 5 170.0 39.0
8 26 186.0 126.0
10 30 153.0 138.0
6 37 112.0 116.0
14 33 188.0 130.0
44 25 150.0 86.0
32 7 73.0 52.0
27 3 17.0 177.0
41 33 135.0 188.0
28 12 130.0 73.0
30 8 171.0 35.0
16 48 4.0 35.0
38 1 75.0 193.0
31 40 79.0 178.0
25 15 44.0 152.0
2 32 50.0 61.0
18 42 35.0 137.0
28 44 153.0 117.0
4 32 150.0 76.0
17 21 128.0 106.0
14 11 179.0 4.0
7 33 86.0 58.0
15 22 46.0 82.0
45 9 46.0 97.0
4 7 117.0 33.0
35 7 76.0 22.0
10 26 112.0 178.0
26 29 39.0 40.0
33 21 19.0 18.0
38 4 198.0 57.0
25 29 92.0 45.0
22 18 37.0 138.0
6 31 182.0 106.0
14 4 81.0 58.0
37 3 188.0 193.0
16 23 160.0 179.0
47 22 65.0 179.0
35 14 74.0 15.0
24 17 69.0 167.0
19 34 35.0 106.0
31 10 7.0 169.0
31 9 72.0 88.0
48 11 87.0 60.0
5 36 106.0 0.0
21 18 119.0 123.0
35 5 49.0 145.0
37 4 106.0 70.0
27 18 55.0 93.0
6 35 187.0 62.0
26 15 56.0 59.0
30 13 60.0 95.0
23 24 3.0 167.0
36 3 195.0 122.0
40 2 181.0 197.0
1 40 6.0 87.0
30 12 42.0 61.0
21 19 83.0 182.0
14 24 18.0 139.0
42 11 79.0 78.0
23 19 157.0 82.0
41 2 69.0 152.0
22 21 60.0 2.0
26 34 117.0 66.0
23 20 63.0 112.0
19 39 83.0 98.0
6 38 152.0 53.0
18 25 154.0 32.0
23 18 121.0 63.0
48 40 199.0 143.0
14 28 38.0 59.0
40 3 160.0 107.0
45 28 110.0 176.0
26 16 153.0 145.0
18 14 136.0 57.0
9 32 116.0 42.0
4 39 131.0 38.0
34 8 93.0 82.0
47 14 169.0 131.0
35 40 126.0 130.0
35 19 28.0 36.0
45 6 196.0 181.0
29 15 15.0 132.0
33 8 140.0 132.0
28 15 8.0 23.0
40 34 37.0 101.0
10 28 168.0 7.0
9 42 90.0 46.0
28 43 79.0 70.0
24 20 148.0 76.0
13 29 26.0 115.0
32 8 22.0 166.0
29 16 176.0 182.0
39 29 148.0 166.0
29 14 101.0 116.0
15 35 161.0 143.0
18 28 163.0 40.0
41 4 59.0 63.0
37 8 20.0 85.0
12 29 52.0 194.0
43 2 94.0 180.0
31 8 186.0 42.0
25 20 85.0 39.0
9 39 124.0 46.0
7 38 14.0 88.0
40 4 40.0 73.0
5 40 117.0 60.0
24 21 115.0 169.0
30 14 149.0 161.0
3 42 119.0 135.0
9 35 43.0 157.0
8 36 105.0 167.0
7 36 6.0 119.0
4 36 49.0 198.0
44 1 26.0 118.0
13 31 2.0 141.0
22 24 189.0 151.0
36 6 125.0 60.0
45 34 120.0 120.0
39 8 71.0 177.0
32 17 110.0 29.0
34 13 0.0 111.0
48 31 57.0 26.0
14 32 10.0 59.0
34 9 80.0 151.0
8 40 164.0 157.0
31 16 58.0 36.0
6 40 116.0 82.0
23 40 103.0 178.0
20 42 82.0 104.0
7 39 141.0 139.0
35 11 72.0 103.0
23 22 112.0 104.0
44 39 152.0 28.0
4 42 8.0 11.0
39 6 141.0 76.0
21 47 0.0 45.0
32 13 167.0 82.0
33 16 81.0 60.0
21 26 189.0 105.0
9 37 190.0 53.0
30 17 115.0 94.0
8 38 178.0 76.0
39 25 59.0 119.0
24 45 55.0 59.0
34 30 49.0 174.0
28 36 144.0 82.0
8 27 74.0 85.0
26 14 174.0 16.0
4 45 23.0 89.0
20 26 70.0 153.0
29 20 77.0 129.0
1 46 159.0 84.0
34 5 101.0 160.0
38 43 196.0 45.0
22 19 84.0 22.0
6 43 97.0 58.0
14 45 21.0 73.0
18 26 135.0 91.0
47 2 145.0 12.0
42 7 147.0 56.0
17 31 152.0 49.0
44 7 97.0 149.0
3 45 102.0 181.0
35 10 15.0 151.0
18 29 157.0 36.0
20 27 54.0 93.0
1 45 118.0 151.0
15 34 13.0 17.0
46 5 90.0 165.0
18 35 146.0 139.0
25 23 56.0 0.0
5 44 108.0 71.0
41 10 179.0 66.0
35 48 95.0 185.0
1 47 26.0 165.0
16 32 24.0 39.0
48 2 18.0 66.0
24 30 117.0 116.0
38 45 46.0 173.0
46 4 195.0 154.0
28 22 98.0 174.0
25 27 52.0 193.0
31 18 145.0 30.0
8 42 197.0 121.0
37 10 106.0 167.0
6 42 126.0 24.0
13 38 19.0 124.0
18 33 153.0 14.0
44 9 134.0 51.0
4 47 150.0 138.0
17 33 151.0 47.0
45 7 122.0 148.0
44 8 5.0 180.0
13 36 103.0 83.0
29 23 52.0 122.0
24 27 88.0 5.0
9 38 82.0 23.0
41 12 112.0 32.0
21 30 25.0 15.0
6 47 109.0 99.0
48 17 135.0 66.0
40 10 142.0 38.0
13 39 194.0 194.0
21 31 30.0 34.0
29 17 14.0 64.0
39 16 53.0 78.0
15 37 130.0 79.0
21 32 144.0 191.0
34 6 47.0 79.0
48 46 68.0 189.0
4 48 30.0 14.0
30 4 97.0 12.0
13 41 29.0 63.0
40 13 54.0 82.0
43 12 100.0 136.0
37 16 6.0 45.0
19 37 97.0 53.0
33 20 23.0 165.0
27 26 19.0 53.0
45 42 86.0 68.0
20 31 171.0 115.0
14 39 117.0 178.0
48 19 11.0 17.0
43 23 132.0 17.0
12 48 133.0 30.0
5 48 101.0 156.0
28 25 107.0 72.0
20 37 177.0 145.0
47 7 105.0 149.0
48 7 128.0 174.0
47 8 140.0 139.0
22 32 97.0 72.0
45 11 150.0 182.0
35 17 177.0 51.0
35 20 184.0 84.0
27 16 142.0 161.0
18 47 154.0 47.0
46 30 87.0 83.0
30 31 123.0 27.0
12 42 15.0 172.0
36 17 156.0 117.0
40 7 97.0 133.0
46 9 58.0 81.0
14 41 191.0 153.0
42 41 150.0 97.0
43 13 187.0 189.0
34 17 142.0 62.0
23 31 126.0 110.0
45 44 32.0 34.0
28 26 143.0 81.0
26 31 38.0 154.0
30 20 118.0 29.0
31 25 81.0 20.0
5 47 70.0 68.0
20 36 102.0 12.0
21 43 56.0 180.0
29 19 154.0 41.0
46 11 21.0 97.0
39 18 146.0 11.0
24 33 66.0 16.0
45 13 82.0 147.0
24 32 81.0 152.0
46 13 119.0 183.0
40 37 197.0 127.0
25 30 16.0 151.0
46 8 80.0 189.0
45 18 10.0 178.0
32 25 64.0 28.0
10 46 133.0 146.0
28 29 98.0 14.0
48 10 158.0 169.0
21 38 148.0 155.0
9 48 60.0 116.0
15 41 158.0 92.0
21 35 4.0 169.0
28 30 151.0 68.0
39 20 173.0 36.0
13 47 32.0 24.0
12 46 169.0 142.0
27 31 12.0 69.0
32 28 14.0 24.0
17 39 53.0 172.0
26 33 108.0 57.0
48 13 168.0 11.0
30 26 110.0 94.0
29 31 0.0 94.0
32 30 10.0 169.0
14 42 194.0 22.0
22 38 170.0 160.0
41 19 55.0 23.0
43 25 69.0 115.0
44 10 50.0 37.0
34 25 174.0 112.0
38 20 169.0 174.0
41 20 82.0 131.0
15 45 14.0 28.0
25 35 19.0 184.0
37 21 50.0 26.0
18 41 196.0 119.0
16 45 192.0 198.0
21 39 146.0 166.0
38 29 64.0 67.0
33 30 27.0 146.0
16 46 6.0 41.0
6 48 91.0 25.0
41 28 175.0 141.0
34 29 11.0 171.0
48 8 66.0 3.0
20 40 53.0 12.0
34 28 154.0 118.0
33 29 132.0 181.0
44 23 161.0 139.0
36 26 87.0 52.0
31 33 64.0 62.0
27 39 81.0 76.0
35 23 44.0 147.0
41 24 15.0 98.0
36 21 125.0 121.0
17 40 79.0 57.0
12 40 133.0 193.0
20 43 137.0 172.0
37 28 150.0 1.0
32 31 185.0 183.0
35 30 62.0 29.0
34 27 90.0 29.0
25 41 184.0 15.0
19 47 187.0 15.0
40 25 142.0 72.0
39 37 149.0 31.0
42 24 108.0 100.0
18 48 123.0 93.0
35 27 113.0 185.0
46 15 106.0 4.0
43 22 74.0 42.0
30 37 122.0 13.0
43 46 24.0 16.0
46 21 17.0 125.0
16 7 95.0 126.0
37 29 179.0 19.0
26 37 105.0 93.0
37 25 192.0 163.0
20 46 17.0 66.0
30 41 32.0 139.0
43 24 103.0 56.0
41 26 36.0 121.0
31 36 172.0 84.0
18 43 121.0 104.0
34 35 134.0 178.0
25 42 66.0 126.0
40 28 160.0 83.0
29 42 46.0 145.0
38 30 85.0 150.0
25 45 199.0 74.0
27 42 144.0 171.0
38 36 176.0 17.0
24 46 22.0 111.0
15 36 186.0 89.0
33 39 15.0 99.0
32 35 181.0 14.0
46 29 85.0 18.0
31 41 113.0 84.0
47 23 167.0 57.0
30 39 11.0 144.0
43 33 111.0 34.0
44 26 35.0 49.0
17 42 146.0 50.0
27 13 94.0 127.0
47 11 71.0 131.0
32 45 145.0 184.0
35 38 161.0 64.0
26 40 43.0 125.0
42 35 116.0 106.0
43 29 81.0 103.0
22 48 105.0 180.0
41 35 54.0 151.0
25 47 148.0 126.0
34 39 127.0 45.0
26 46 77.0 41.0
48 30 37.0 121.0
48 32 159.0 105.0
28 48 96.0 40.0
48 29 188.0 1.0
36 35 189.0 42.0
31 35 187.0 89.0
47 35 39.0 66.0
42 40 66.0 117.0
33 47 102.0 103.0
46 31 57.0 13.0
36 45 35.0 153.0
46 22 10.0 23.0
34 22 196.0 0.0
30 42 121.0 135.0
42 38 20.0 113.0
42 32 38.0 86.0
31 39 93.0 93.0
41 40 24.0 102.0
37 43 43.0 11.0
41 39 123.0 53.0
43 41 95.0 71.0
33 36 71.0 169.0
43 40 21.0 43.0
46 37 140.0 11.0
45 33 77.0 185.0
38 31 131.0 101.0
41 34 113.0 174.0
11 26 8.0 188.0
38 44 32.0 104.0
18 46 178.0 55.0
33 34 75.0 151.0
2 1 154.0 15.0
21 41 38.0 31.0
43 47 192.0 170.0
43 32 152.0 57.0
42 48 14.0 160.0
46 36 28.0 46.0
37 42 148.0 6.0
48 34 132.0 23.0
47 40 196.0 86.0
36 30 87.0 35.0
41 46 5.0 31.0
19 44 178.0 157.0
45 43 95.0 192.0
26 2 128.0 123.0
48 43 45.0 28.0
25 7 17.0 129.0
3 47 89.0 13.0
46 38 93.0 177.0
26 48 59.0 98.0
22 40 135.0 189.0
29 32 68.0 30.0
41 48 168.0 196.0
45 48 180.0 165.0
42 47 175.0 149.0
1 4 49.0 65.0
10 45 72.0 142.0
47 36 3.0 83.0
48 39 30.0 90.0
48 21 129.0 99.0
48 37 119.0 97.0
39 36 157.0 51.0
44 40 169.0 85.0
0
