40 780 24 7 91702
35 17 113.0 48.0
8 17 130.0 194.0
30 37 7.0 3.0
12 20 99.0 122.0
34 2 161.0 39.0
26 1 133.0 109.0
36 4 168.0 151.0
32 15 105.0 170.0
23 19 69.0 18.0
27 5 95.0 0.0
1 4 171.0 55.0
15 18 8.0 23.0
11 15 27.0 169.0
16 31 50.0 160.0
35 24 177.0 170.0
30 21 91.0 82.0
31 21 128.0 161.0
25 34 17.0 176.0
37 32 91.0 140.0
2 3 90.0 99.0
19 21 145.0 117.0
3 30 148.0 147.0
13 39 122.0 125.0
11 8 73.0 165.0
20 7 76.0 1.0
40 10 108.0 45.0
1 8 72.0 151.0
22 3 31.0 162.0
8 4 176.0 176.0
21 36 105.0 77.0
34 3 156.0 27.0
3 33 173.0 29.0
32 23 62.0 1.0
33 39 24.0 122.0
5 8 85.0 97.0
28 12 1.0 116.0
36 5 55.0 130.0
32 40 65.0 160.0
2 20 75.0 173.0
5 3 155.0 1.0
25 35 48.0 17.0
34 13 137.0 73.0
6 11 145.0 174.0
14 3 128.0 98.0
39 29 109.0 136.0
28 17 101.0 126.0
29 20 72.0 128.0
14 10 38.0 27.0
5 37 189.0 86.0
9 32 6.0 126.0
2 13 167.0 103.0
15 2 84.0 95.0
31 24 169.0 193.0
1 33 68.0 22.0
12 24 25.0 92.0
33 40 68.0 15.0
28 14 108.0 57.0
6 16 198.0 114.0
20 18 33.0 165.0
11 14 152.0 69.0
37 24 28.0 122.0
16 17 58.0 48.0
40 21 184.0 35.0
20 11 79.0 4.0
25 15 69.0 187.0
30 14 89.0 67.0
23 26 192.0 74.0
39 25 146.0 145.0
40 20 46.0 175.0
28 24 67.0 56.0
5 13 175.0 3.0
15 8 198.0 54.0
22 34 123.0 19.0
39 40 20.0 164.0
25 31 174.0 165.0
7 23 197.0 120.0
2 16 100.0 195.0
32 13 187.0 167.0
25 3 38.0 162.0
11 10 103.0 189.0
35 9 113.0 178.0
2 7 23.0 85.0
1 7 171.0 197.0
33 31 145.0 121.0
38 37 188.0 46.0
9 6 64.0 175.0
9 11 170.0 55.0
20 5 173.0 25.0
5 7 4.0 86.0
11 13 135.0 27.0
5 6 87.0 59.0
8 21 164.0 184.0
17 31 17.0 153.0
29 1 188.0 81.0
9 1 181.0 110.0
13 16 89.0 155.0
12 34 142.0 93.0
38 33 44.0 29.0
10 1 48.0 83.0
13 28 21.0 13.0
11 39 198.0 38.0
31 32 121.0 138.0
4 3 44.0 54.0
24 10 27.0 133.0
36 19 24.0 121.0
4 23 4.0 68.0
24 32 115.0 53.0
20 19 21.0 136.0
9 7 38.0 171.0
39 30 158.0 111.0
38 7 92.0 154.0
5 2 34.0 119.0
19 33 21.0 59.0
16 40 190.0 26.0
3 12 2.0 105.0
2 35 89.0 23.0
1 35 118.0 79.0
16 24 12.0 28.0
30 16 188.0 56.0
16 9 193.0 175.0
10 3 167.0 167.0
34 26 96.0 157.0
17 24 177.0 98.0
10 34 129.0 18.0
28 18 74.0 0.0
1 21 101.0 86.0
36 24 90.0 42.0
32 18 143.0 36.0
6 1 68.0 111.0
21 29 28.0 165.0
4 24 44.0 157.0
10 16 156.0 126.0
25 7 17.0 31.0
19 30 174.0 70.0
5 33 187.0 16.0
7 3 84.0 83.0
8 35 107.0 153.0
15 31 50.0 135.0
6 13 174.0 94.0
20 13 44.0 83.0
19 27 109.0 13.0
16 4 52.0 83.0
37 12 29.0 191.0
10 5 63.0 114.0
1 13 35.0 123.0
2 11 126.0 37.0
7 4 74.0 101.0
12 2 154.0 70.0
1 5 89.0 63.0
40 19 115.0 141.0
23 14 158.0 96.0
8 3 28.0 21.0
14 17 174.0 15.0
7 8 162.0 101.0
16 35 191.0 188.0
11 12 92.0 98.0
15 34 13.0 133.0
1 14 66.0 80.0
3 6 119.0 24.0
12 38 25.0 99.0
15 35 153.0 199.0
7 13 102.0 67.0
39 16 0.0 45.0
27 24 113.0 44.0
18 19 21.0 78.0
6 32 165.0 87.0
1 24 131.0 36.0
13 17 58.0 108.0
11 21 17.0 11.0
11 7 23.0 71.0
7 37 152.0 23.0
13 21 69.0 17.0
39 17 3.0 42.0
16 1 199.0 120.0
25 37 156.0 82.0
13 24 143.0 15.0
4 19 19.0 112.0
4 9 95.0 42.0
7 6 15.0 199.0
39 10 188.0 36.0
18 39 176.0 191.0
7 12 103.0 127.0
28 2 112.0 12.0
25 20 59.0 7.0
30 40 118.0 79.0
7 34 9.0 165.0
4 6 81.0 177.0
7 14 103.0 21.0
2 10 3.0 79.0
36 39 95.0 59.0
19 1 24.0 7.0
3 15 111.0 35.0
6 35 91.0 30.0
29 36 183.0 52.0
33 22 198.0 65.0
8 12 39.0 53.0
12 13 126.0 194.0
5 9 162.0 21.0
37 29 78.0 138.0
35 14 79.0 190.0
9 13 28.0 122.0
8 16 32.0 11.0
2 17 103.0 182.0
28 37 70.0 94.0
2 8 163.0 196.0
15 1 171.0 125.0
14 5 97.0 49.0
37 40 76.0 176.0
4 20 131.0 104.0
27 29 134.0 115.0
9 18 115.0 38.0
2 9 6.0 185.0
14 15 68.0 169.0
17 7 158.0 191.0
30 1 97.0 55.0
20 1 195.0 174.0
4 31 61.0 78.0
11 34 99.0 195.0
4 26 128.0 166.0
3 17 195.0 86.0
4 15 46.0 15.0
3 11 162.0 4.0
18 3 31.0 12.0
5 19 79.0 178.0
6 10 19.0 140.0
3 16 45.0 70.0
2 37 143.0 126.0
8 9 130.0 138.0
21 27 73.0 176.0
33 14 63.0 188.0
4 12 189.0 94.0
19 34 58.0 20.0
3 1 84.0 29.0
8 20 120.0 130.0
11 4 28.0 63.0
21 35 40.0 159.0
4 13 124.0 66.0
21 15 165.0 140.0
7 35 96.0 106.0
20 39 141.0 154.0
4 17 86.0 26.0
28 29 75.0 158.0
29 23 88.0 104.0
10 7 140.0 81.0
15 20 27.0 16.0
34 37 111.0 144.0
32 12 2.0 7.0
19 2 120.0 96.0
10 35 37.0 158.0
15 37 2.0 112.0
11 5 18.0 42.0
16 36 190.0 158.0
15 16 79.0 17.0
10 4 74.0 190.0
5 30 46.0 29.0
24 6 112.0 118.0
22 2 133.0 149.0
16 5 35.0 87.0
23 10 70.0 53.0
1 11 131.0 60.0
12 30 174.0 11.0
23 34 59.0 1.0
3 19 166.0 57.0
28 16 106.0 78.0
4 21 147.0 191.0
35 31 128.0 134.0
13 10 116.0 198.0
25 11 147.0 48.0
18 4 86.0 121.0
9 3 67.0 145.0
5 18 11.0 185.0
10 25 84.0 69.0
37 21 190.0 183.0
3 39 2.0 70.0
11 22 66.0 70.0
32 39 175.0 13.0
10 15 46.0 61.0
5 17 113.0 113.0
33 20 193.0 125.0
36 35 111.0 77.0
1 18 49.0 53.0
11 36 92.0 3.0
9 14 128.0 158.0
25 12 26.0 55.0
19 37 67.0 72.0
35 18 138.0 180.0
37 18 103.0 131.0
3 13 163.0 166.0
21 12 103.0 12.0
14 4 143.0 195.0
3 35 138.0 23.0
38 39 135.0 164.0
27 37 20.0 154.0
9 10 162.0 158.0
14 8 100.0 66.0
10 33 70.0 63.0
5 29 3.0 125.0
37 1 190.0 146.0
27 3 104.0 128.0
5 12 147.0 191.0
10 27 103.0 119.0
26 31 81.0 66.0
40 5 121.0 182.0
29 6 24.0 143.0
26 29 21.0 27.0
21 7 167.0 163.0
14 6 48.0 23.0
26 15 66.0 147.0
33 28 97.0 122.0
10 21 168.0 179.0
24 2 92.0 41.0
6 19 136.0 69.0
5 15 145.0 157.0
23 2 22.0 64.0
6 8 102.0 23.0
6 15 166.0 168.0
30 11 38.0 15.0
31 27 6.0 159.0
19 7 170.0 51.0
2 18 93.0 106.0
7 15 191.0 190.0
9 15 53.0 165.0
14 29 147.0 107.0
11 16 100.0 65.0
3 24 101.0 91.0
20 3 38.0 107.0
8 19 43.0 8.0
21 6 199.0 137.0
21 5 122.0 142.0
15 28 179.0 128.0
17 36 7.0 78.0
9 17 182.0 59.0
9 23 107.0 83.0
25 23 59.0 145.0
14 27 35.0 102.0
5 32 158.0 186.0
23 3 5.0 81.0
29 2 84.0 136.0
37 16 60.0 43.0
8 18 38.0 42.0
28 1 61.0 145.0
6 12 176.0 72.0
30 8 73.0 164.0
39 31 189.0 184.0
40 26 67.0 146.0
27 4 174.0 103.0
25 1 8.0 34.0
33 29 61.0 47.0
18 25 181.0 75.0
23 5 88.0 157.0
35 34 145.0 114.0
25 19 55.0 134.0
36 2 93.0 122.0
21 2 14.0 67.0
36 15 179.0 22.0
7 16 92.0 193.0
25 4 105.0 73.0
8 23 42.0 146.0
3 21 32.0 187.0
31 34 177.0 87.0
10 17 70.0 70.0
4 22 13.0 84.0
32 20 26.0 144.0
8 13 198.0 118.0
20 6 173.0 56.0
26 2 133.0 167.0
7 27 76.0 165.0
22 5 86.0 5.0
14 36 151.0 156.0
5 34 108.0 116.0
13 22 84.0 134.0
39 5 156.0 35.0
28 4 24.0 81.0
38 9 163.0 158.0
27 36 85.0 191.0
9 37 93.0 123.0
32 33 187.0 45.0
18 7 29.0 95.0
23 30 173.0 113.0
26 21 132.0 81.0
1 23 140.0 109.0
1 22 68.0 55.0
18 6 174.0 105.0
18 10 65.0 68.0
14 26 38.0 53.0
19 10 1.0 19.0
12 1 67.0 126.0
26 8 80.0 152.0
10 22 131.0 173.0
16 14 126.0 151.0
20 9 69.0 53.0
38 34 50.0 87.0
19 13 116.0 40.0
2 27 26.0 69.0
22 8 81.0 94.0
23 6 123.0 113.0
6 17 43.0 54.0
36 6 142.0 121.0
14 13 51.0 163.0
40 3 89.0 54.0
12 15 191.0 6.0
9 22 2.0 17.0
18 12 25.0 35.0
22 21 72.0 149.0
28 36 54.0 67.0
34 30 127.0 148.0
7 24 67.0 130.0
27 25 64.0 156.0
32 35 137.0 55.0
13 18 165.0 91.0
9 39 150.0 190.0
19 12 117.0 174.0
40 35 112.0 171.0
5 26 50.0 191.0
14 12 153.0 69.0
11 18 89.0 17.0
5 25 34.0 178.0
19 22 186.0 151.0
20 23 29.0 88.0
26 16 184.0 147.0
10 31 144.0 96.0
1 27 77.0 146.0
2 25 19.0 30.0
27 8 38.0 108.0
7 26 122.0 25.0
20 17 110.0 109.0
31 30 56.0 91.0
37 39 125.0 40.0
12 17 3.0 21.0
22 6 89.0 32.0
17 23 82.0 60.0
12 16 86.0 120.0
28 5 169.0 8.0
35 30 96.0 31.0
26 3 135.0 152.0
21 9 174.0 13.0
27 35 114.0 177.0
8 24 90.0 156.0
17 15 85.0 172.0
24 5 47.0 171.0
23 12 168.0 169.0
2 1 172.0 65.0
12 10 37.0 59.0
35 33 52.0 11.0
20 30 13.0 119.0
31 36 126.0 104.0
4 29 132.0 11.0
6 27 16.0 180.0
26 30 18.0 136.0
30 2 25.0 190.0
17 11 37.0 62.0
31 2 133.0 42.0
9 19 117.0 147.0
37 4 31.0 43.0
32 7 105.0 164.0
14 18 109.0 73.0
38 10 98.0 128.0
4 39 86.0 123.0
9 26 43.0 75.0
16 18 177.0 176.0
16 19 66.0 94.0
2 32 110.0 98.0
1 31 187.0 167.0
24 9 107.0 97.0
11 19 116.0 5.0
20 10 16.0 154.0
7 28 29.0 11.0
15 19 130.0 7.0
8 25 45.0 148.0
10 26 86.0 107.0
13 35 74.0 26.0
22 14 20.0 181.0
25 9 99.0 136.0
23 11 38.0 115.0
34 39 172.0 68.0
14 21 137.0 54.0
9 12 119.0 182.0
3 31 118.0 158.0
29 25 135.0 192.0
1 32 63.0 155.0
26 12 37.0 162.0
30 6 7.0 75.0
29 24 78.0 132.0
11 27 99.0 15.0
22 31 95.0 170.0
33 9 60.0 13.0
25 38 75.0 147.0
28 6 148.0 138.0
27 22 32.0 185.0
30 4 191.0 40.0
29 13 79.0 70.0
31 38 52.0 130.0
28 21 131.0 99.0
22 25 45.0 144.0
22 12 105.0 121.0
27 20 44.0 5.0
14 19 43.0 76.0
25 13 16.0 35.0
33 2 151.0 47.0
1 34 34.0 155.0
39 15 11.0 165.0
8 29 91.0 56.0
34 18 99.0 148.0
31 7 149.0 95.0
6 26 157.0 145.0
20 14 80.0 173.0
38 22 131.0 183.0
31 19 28.0 165.0
31 5 14.0 191.0
19 17 97.0 58.0
20 16 166.0 148.0
33 4 161.0 116.0
28 8 7.0 118.0
28 9 30.0 39.0
18 24 167.0 161.0
2 40 106.0 148.0
24 11 106.0 72.0
28 11 165.0 4.0
31 6 1.0 131.0
33 6 67.0 115.0
13 26 5.0 26.0
22 26 198.0 35.0
9 30 50.0 166.0
29 35 142.0 108.0
30 7 41.0 48.0
23 13 152.0 158.0
30 10 161.0 105.0
18 17 53.0 28.0
35 4 139.0 59.0
29 9 160.0 138.0
36 25 175.0 162.0
16 21 23.0 117.0
17 21 65.0 16.0
6 25 183.0 169.0
21 18 57.0 144.0
3 32 5.0 110.0
13 15 2.0 145.0
9 36 115.0 114.0
20 37 109.0 91.0
27 9 52.0 84.0
39 22 153.0 70.0
36 40 43.0 88.0
27 34 114.0 100.0
27 12 192.0 119.0
38 1 52.0 194.0
16 22 190.0 168.0
28 10 186.0 51.0
24 14 2.0 190.0
33 7 16.0 155.0
3 29 118.0 60.0
36 3 138.0 32.0
16 23 8.0 82.0
31 9 20.0 12.0
31 8 176.0 162.0
38 2 115.0 162.0
35 5 43.0 117.0
37 3 169.0 59.0
28 32 96.0 39.0
25 33 59.0 186.0
17 29 96.0 67.0
17 33 184.0 68.0
10 29 156.0 160.0
39 2 3.0 71.0
19 29 95.0 198.0
15 22 79.0 64.0
4 32 65.0 127.0
9 34 56.0 124.0
29 12 29.0 104.0
23 15 140.0 13.0
22 18 9.0 96.0
36 7 130.0 164.0
4 34 71.0 25.0
3 28 4.0 103.0
11 31 178.0 69.0
17 27 29.0 186.0
14 2 170.0 59.0
1 39 75.0 110.0
31 40 101.0 36.0
16 25 90.0 183.0
20 21 86.0 113.0
22 20 5.0 42.0
40 25 95.0 135.0
8 33 4.0 124.0
8 34 83.0 174.0
17 1 62.0 110.0
6 37 26.0 115.0
28 20 62.0 116.0
13 30 167.0 100.0
26 17 149.0 172.0
5 38 120.0 44.0
11 26 47.0 124.0
40 1 168.0 130.0
16 34 130.0 182.0
25 17 39.0 156.0
31 13 160.0 53.0
4 38 52.0 79.0
4 5 158.0 153.0
23 38 194.0 79.0
30 36 29.0 42.0
25 14 93.0 149.0
24 20 9.0 23.0
10 32 81.0 49.0
37 23 162.0 194.0
38 6 8.0 166.0
38 40 139.0 118.0
29 30 90.0 86.0
31 12 63.0 119.0
27 16 74.0 156.0
31 14 85.0 83.0
11 32 172.0 167.0
18 23 195.0 86.0
27 18 111.0 155.0
18 26 193.0 3.0
38 3 32.0 35.0
4 40 125.0 95.0
36 8 80.0 199.0
19 24 46.0 165.0
11 29 154.0 170.0
37 8 80.0 101.0
22 17 186.0 143.0
30 15 57.0 131.0
28 39 156.0 41.0
38 8 152.0 82.0
28 34 169.0 32.0
37 11 84.0 167.0
15 24 175.0 190.0
22 23 159.0 7.0
29 32 182.0 97.0
35 11 37.0 191.0
40 7 75.0 145.0
39 7 107.0 27.0
24 22 129.0 29.0
10 36 90.0 165.0
13 33 184.0 18.0
6 39 148.0 95.0
37 10 26.0 83.0
6 40 176.0 63.0
24 21 179.0 51.0
29 31 1.0 87.0
17 30 97.0 130.0
24 23 102.0 140.0
12 35 4.0 38.0
29 18 160.0 152.0
32 36 108.0 186.0
11 33 121.0 84.0
36 1 149.0 52.0
40 9 158.0 150.0
32 16 24.0 8.0
21 25 85.0 126.0
28 19 89.0 89.0
33 16 82.0 1.0
12 36 43.0 190.0
8 40 54.0 116.0
32 14 136.0 3.0
13 27 171.0 46.0
20 26 172.0 195.0
14 37 60.0 9.0
11 38 42.0 102.0
38 13 176.0 76.0
31 20 87.0 171.0
24 26 64.0 141.0
15 29 172.0 0.0
25 28 46.0 95.0
34 14 159.0 170.0
33 12 108.0 20.0
26 25 80.0 102.0
32 17 76.0 9.0
14 38 194.0 116.0
8 39 132.0 10.0
33 15 13.0 56.0
23 27 165.0 11.0
30 22 111.0 125.0
39 12 101.0 19.0
27 15 52.0 182.0
21 32 48.0 81.0
17 34 95.0 194.0
35 20 17.0 179.0
38 17 78.0 30.0
36 18 133.0 44.0
14 39 96.0 45.0
37 17 189.0 197.0
19 32 37.0 193.0
18 33 198.0 37.0
35 19 182.0 93.0
20 34 57.0 199.0
26 27 199.0 88.0
18 30 7.0 133.0
13 36 71.0 103.0
24 30 132.0 12.0
23 28 58.0 122.0
22 35 55.0 56.0
21 33 34.0 189.0
29 22 187.0 92.0
33 23 1.0 139.0
27 28 69.0 160.0
15 40 100.0 140.0
19 38 4.0 185.0
30 28 141.0 62.0
36 20 113.0 149.0
28 22 52.0 148.0
26 32 57.0 191.0
29 16 188.0 58.0
22 32 12.0 57.0
27 30 6.0 65.0
11 40 162.0 10.0
24 34 127.0 56.0
23 35 21.0 193.0
37 13 30.0 73.0
28 26 9.0 87.0
39 19 5.0 149.0
21 34 55.0 18.0
16 38 160.0 14.0
14 40 194.0 122.0
18 31 97.0 73.0
23 31 135.0 118.0
27 33 148.0 165.0
21 23 107.0 157.0
21 38 172.0 64.0
40 17 171.0 179.0
24 39 154.0 83.0
38 18 19.0 148.0
30 25 176.0 117.0
34 29 104.0 111.0
26 33 91.0 52.0
31 28 136.0 150.0
32 27 37.0 108.0
32 8 118.0 160.0
26 35 3.0 73.0
24 33 90.0 175.0
30 32 140.0 66.0
23 39 114.0 196.0
24 38 143.0 157.0
25 32 135.0 80.0
26 38 75.0 172.0
40 22 166.0 193.0
40 23 178.0 169.0
20 38 139.0 21.0
30 33 20.0 79.0
34 32 127.0 86.0
37 26 142.0 70.0
38 29 129.0 29.0
39 26 23.0 156.0
39 21 14.0 189.0
28 35 112.0 145.0
36 22 196.0 52.0
34 6 22.0 168.0
36 33 91.0 101.0
40 13 106.0 185.0
28 40 69.0 35.0
40 24 6.0 45.0
33 34 166.0 173.0
37 36 105.0 31.0
37 33 41.0 101.0
7 22 29.0 16.0
38 15 78.0 72.0
39 35 20.0 184.0
34 36 97.0 41.0
38 36 113.0 104.0
40 12 74.0 32.0
6 2 87.0 179.0
39 27 64.0 80.0
27 40 81.0 46.0
26 19 63.0 159.0
34 40 105.0 83.0
35 38 182.0 3.0
38 32 140.0 95.0
27 38 139.0 15.0
25 24 88.0 178.0
28 38 184.0 153.0
31 37 129.0 65.0
18 40 198.0 192.0
40 29 186.0 55.0
30 38 20.0 168.0
29 7 109.0 161.0
26 36 85.0 48.0
37 22 5.0 174.0
37 35 48.0 190.0
23 36 147.0 177.0
8 10 55.0 145.0
4 2 54.0 41.0
0
