48 1128 8 23 48726
46 28 75.0 68.0
46 14 59.0 192.0
12 45 48.0 1.0
35 19 124.0 31.0
24 3 160.0 174.0
10 27 106.0 59.0
40 21 5.0 92.0
13 16 137.0 100.0
11 10 96.0 164.0
23 22 145.0 107.0
34 29 187.0 146.0
47 34 197.0 63.0
4 7 156.0 157.0
33 17 175.0 14.0
38 35 129.0 132.0
18 33 164.0 18.0
42 32 176.0 60.0
5 48 85.0 73.0
28 20 145.0 73.0
21 41 119.0 94.0
15 44 94.0 27.0
12 19 48.0 21.0
21 26 126.0 129.0
11 13 91.0 90.0
44 23 79.0 19.0
22 38 152.0 164.0
25 14 117.0 97.0
23 8 4.0 36.0
3 41 117.0 99.0
11 25 62.0 118.0
19 48 164.0 188.0
28 39 134.0 55.0
13 36 105.0 13.0
25 27 88.0 9.0
40 11 197.0 5.0
18 35 147.0 2.0
27 6 20.0 65.0
46 32 103.0 82.0
31 8 34.0 67.0
46 12 138.0 168.0
47 7 174.0 195.0
33 30 135.0 14.0
40 5 65.0 133.0
39 24 176.0 12.0
45 30 169.0 196.0
13 39 99.0 73.0
46 37 107.0 133.0
48 6 69.0 197.0
28 1 155.0 195.0
30 27 61.0 91.0
47 41 148.0 78.0
32 43 59.0 124.0
9 3 188.0 28.0
31 46 4.0 39.0
35 37 113.0 111.0
8 1 69.0 135.0
29 3 50.0 25.0
45 5 74.0 63.0
45 46 11.0 22.0
40 3 7.0 70.0
27 43 121.0 148.0
9 36 98.0 125.0
25 45 42.0 11.0
2 10 100.0 111.0
46 9 121.0 150.0
13 30 152.0 148.0
27 3 42.0 163.0
22 10 191.0 49.0
21 22 36.0 112.0
26 14 49.0 134.0
26 18 25.0 43.0
13 43 25.0 126.0
4 37 103.0 98.0
19 23 52.0 56.0
42 28 190.0 94.0
6 33 89.0 181.0
22 39 182.0 77.0
4 28 13.0 183.0
45 19 8.0 38.0
14 21 80.0 33.0
8 4 91.0 135.0
43 40 51.0 95.0
36 23 120.0 41.0
23 16 83.0 9.0
6 7 56.0 18.0
34 26 61.0 69.0
45 37 113.0 70.0
25 24 25.0 145.0
44 9 22.0 68.0
17 37 139.0 73.0
27 44 96.0 59.0
11 29 15.0 179.0
3 22 107.0 23.0
16 46 179.0 120.0
2 39 33.0 44.0
15 46 89.0 59.0
6 40 197.0 111.0
44 10 101.0 136.0
5 36 198.0 197.0
16 18 73.0 165.0
7 5 77.0 132.0
2 38 186.0 8.0
28 21 145.0 172.0
18 24 119.0 35.0
31 19 106.0 116.0
28 38 39.0 7.0
41 38 16.0 189.0
23 11 12.0 41.0
16 31 176.0 42.0
20 3 78.0 115.0
40 48 104.0 176.0
3 11 132.0 175.0
14 45 97.0 38.0
34 31 97.0 88.0
12 2 41.0 113.0
1 12 127.0 53.0
42 24 164.0 104.0
43 4 161.0 42.0
3 10 128.0 17.0
8 3 195.0 60.0
22 44 182.0 92.0
26 45 156.0 79.0
35 34 147.0 197.0
45 43 37.0 74.0
10 1 52.0 1.0
38 44 159.0 165.0
31 23 99.0 39.0
48 29 12.0 94.0
10 4 104.0 146.0
8 11 33.0 60.0
12 18 79.0 132.0
12 16 61.0 116.0
34 14 143.0 65.0
25 39 134.0 54.0
14 47 140.0 34.0
43 9 49.0 105.0
36 28 194.0 153.0
6 30 160.0 179.0
15 17 81.0 39.0
32 4 112.0 95.0
4 6 145.0 7.0
8 7 156.0 79.0
21 34 54.0 48.0
43 18 69.0 55.0
14 1 194.0 15.0
46 43 147.0 155.0
13 2 81.0 180.0
31 44 30.0 146.0
13 18 179.0 175.0
40 8 75.0 135.0
9 8 170.0 81.0
42 25 198.0 39.0
13 3 125.0 144.0
2 28 59.0 24.0
7 22 148.0 141.0
17 32 68.0 130.0
1 11 160.0 47.0
34 7 185.0 35.0
31 30 7.0 156.0
6 44 158.0 157.0
3 6 155.0 35.0
5 10 47.0 14.0
42 36 97.0 147.0
35 14 35.0 118.0
40 22 0.0 147.0
45 31 170.0 138.0
28 31 113.0 177.0
26 31 147.0 71.0
4 3 92.0 102.0
39 30 183.0 91.0
17 7 171.0 33.0
37 16 3.0 6.0
5 34 120.0 156.0
16 39 43.0 90.0
21 44 85.0 156.0
26 28 197.0 33.0
46 40 156.0 89.0
21 30 133.0 139.0
4 13 39.0 104.0
28 47 144.0 195.0
32 24 6.0 64.0
30 28 137.0 49.0
23 6 32.0 22.0
33 24 174.0 181.0
32 15 3.0 82.0
12 22 127.0 88.0
35 17 173.0 166.0
15 26 125.0 69.0
1 31 61.0 84.0
10 38 119.0 150.0
44 30 131.0 103.0
5 13 131.0 105.0
44 28 62.0 87.0
2 48 11.0 189.0
17 29 78.0 136.0
22 31 38.0 156.0
29 25 189.0 99.0
11 4 120.0 60.0
16 21 11.0 52.0
1 6 59.0 143.0
42 15 162.0 122.0
30 40 29.0 173.0
20 14 193.0 60.0
44 25 63.0 31.0
1 35 85.0 4.0
21 18 163.0 158.0
38 11 133.0 127.0
24 15 72.0 145.0
29 36 161.0 186.0
27 40 54.0 143.0
6 36 192.0 47.0
12 23 131.0 56.0
9 21 197.0 168.0
6 47 58.0 160.0
9 24 112.0 144.0
13 1 113.0 184.0
37 28 190.0 27.0
4 9 55.0 44.0
22 20 48.0 48.0
42 17 34.0 131.0
5 20 146.0 31.0
35 32 66.0 4.0
8 21 44.0 130.0
11 2 97.0 110.0
39 42 72.0 40.0
3 14 136.0 80.0
9 25 153.0 184.0
9 12 156.0 187.0
47 19 144.0 54.0
3 44 97.0 163.0
32 6 101.0 93.0
17 4 150.0 150.0
5 11 103.0 175.0
28 48 11.0 191.0
24 8 127.0 164.0
35 25 161.0 83.0
43 3 188.0 105.0
7 10 60.0 37.0
6 5 26.0 113.0
15 1 131.0 129.0
39 41 137.0 186.0
1 7 150.0 100.0
12 6 100.0 29.0
2 9 195.0 61.0
27 39 103.0 136.0
36 46 5.0 116.0
25 38 47.0 183.0
1 4 4.0 178.0
2 16 31.0 93.0
14 5 0.0 133.0
12 43 132.0 100.0
20 26 181.0 127.0
12 3 122.0 37.0
30 10 197.0 79.0
15 16 132.0 44.0
5 12 0.0 136.0
20 30 185.0 183.0
48 38 186.0 185.0
4 16 10.0 118.0
15 47 134.0 144.0
14 6 50.0 8.0
31 25 20.0 0.0
40 29 182.0 152.0
8 6 62.0 182.0
47 39 149.0 47.0
28 34 18.0 88.0
39 31 125.0 181.0
29 14 18.0 11.0
19 4 144.0 20.0
6 13 162.0 164.0
18 14 188.0 97.0
30 8 35.0 50.0
46 26 136.0 137.0
27 18 161.0 107.0
16 1 92.0 86.0
15 2 23.0 62.0
13 27 128.0 167.0
48 44 24.0 42.0
25 36 166.0 164.0
44 7 24.0 1.0
48 11 154.0 113.0
18 2 3.0 115.0
2 14 73.0 95.0
43 30 70.0 96.0
8 16 150.0 150.0
27 42 51.0 174.0
29 19 159.0 169.0
6 10 24.0 136.0
22 34 80.0 178.0
6 46 129.0 35.0
16 3 48.0 154.0
48 43 135.0 70.0
14 4 115.0 85.0
39 5 2.0 118.0
39 48 63.0 114.0
7 3 175.0 87.0
44 26 120.0 55.0
19 2 60.0 49.0
46 20 117.0 60.0
14 43 174.0 4.0
40 18 21.0 89.0
22 33 60.0 176.0
32 27 57.0 123.0
5 35 191.0 32.0
12 41 193.0 111.0
20 41 8.0 5.0
28 18 72.0 77.0
3 5 155.0 198.0
20 24 128.0 128.0
8 33 143.0 188.0
27 16 38.0 152.0
2 42 156.0 29.0
5 4 60.0 149.0
21 35 23.0 20.0
4 35 23.0 47.0
5 2 6.0 130.0
30 35 180.0 135.0
36 4 61.0 75.0
20 13 116.0 100.0
22 42 142.0 73.0
9 11 82.0 154.0
18 31 4.0 106.0
13 7 108.0 179.0
24 38 36.0 114.0
41 42 35.0 168.0
14 37 120.0 96.0
1 37 141.0 36.0
5 15 156.0 35.0
37 6 117.0 38.0
7 14 44.0 73.0
11 14 105.0 104.0
19 3 34.0 93.0
13 14 1.0 69.0
2 31 33.0 121.0
17 3 144.0 126.0
36 18 55.0 100.0
5 16 74.0 124.0
14 8 93.0 70.0
19 39 69.0 150.0
5 9 116.0 103.0
13 9 66.0 117.0
20 39 157.0 52.0
21 19 71.0 54.0
37 11 98.0 126.0
1 20 137.0 172.0
48 35 154.0 30.0
10 12 113.0 23.0
2 4 185.0 29.0
18 3 94.0 52.0
10 17 141.0 4.0
8 10 126.0 12.0
2 17 162.0 177.0
45 6 92.0 99.0
41 10 64.0 46.0
47 38 143.0 129.0
12 24 199.0 128.0
11 6 99.0 45.0
29 42 71.0 41.0
20 38 24.0 149.0
41 23 36.0 138.0
45 38 76.0 128.0
18 1 189.0 92.0
17 6 143.0 132.0
30 37 143.0 94.0
2 44 133.0 42.0
7 15 104.0 4.0
2 35 137.0 128.0
2 20 164.0 173.0
32 47 182.0 192.0
29 46 176.0 171.0
36 8 192.0 119.0
2 21 164.0 135.0
33 2 197.0 98.0
46 39 158.0 102.0
25 15 193.0 95.0
26 5 112.0 109.0
3 15 55.0 94.0
12 34 46.0 183.0
41 31 140.0 38.0
21 1 171.0 104.0
19 5 171.0 121.0
34 8 65.0 129.0
38 9 62.0 10.0
14 17 23.0 175.0
1 22 161.0 30.0
16 30 7.0 7.0
12 38 182.0 147.0
27 45 176.0 106.0
23 28 111.0 148.0
35 6 63.0 129.0
15 28 155.0 126.0
44 46 185.0 178.0
1 19 9.0 146.0
7 26 90.0 17.0
31 13 24.0 24.0
21 3 175.0 1.0
15 4 167.0 38.0
19 24 88.0 31.0
4 46 22.0 43.0
43 23 36.0 8.0
48 27 157.0 46.0
21 32 114.0 199.0
12 25 100.0 91.0
27 5 72.0 75.0
34 10 75.0 39.0
5 8 44.0 164.0
9 10 45.0 66.0
6 9 68.0 82.0
8 15 97.0 178.0
12 11 74.0 11.0
17 5 116.0 174.0
16 7 43.0 140.0
25 1 148.0 71.0
1 5 37.0 192.0
35 11 80.0 83.0
22 30 122.0 148.0
38 7 140.0 19.0
9 47 113.0 14.0
13 12 135.0 29.0
15 34 105.0 179.0
38 43 159.0 5.0
8 13 183.0 148.0
25 8 197.0 15.0
37 21 97.0 119.0
43 11 98.0 37.0
25 5 61.0 12.0
10 26 135.0 197.0
28 25 72.0 193.0
19 15 15.0 183.0
15 10 108.0 150.0
36 7 167.0 105.0
27 9 124.0 65.0
35 39 42.0 23.0
7 12 51.0 104.0
5 38 199.0 187.0
5 18 111.0 23.0
3 39 78.0 126.0
21 4 157.0 186.0
2 6 76.0 76.0
12 30 37.0 1.0
18 8 158.0 80.0
4 33 47.0 10.0
38 46 74.0 199.0
34 39 11.0 185.0
46 48 71.0 42.0
44 5 86.0 180.0
9 1 43.0 162.0
25 2 2.0 33.0
36 10 54.0 160.0
4 12 94.0 102.0
16 6 104.0 168.0
7 11 56.0 68.0
23 1 107.0 79.0
11 28 114.0 145.0
20 6 74.0 110.0
16 40 163.0 76.0
1 45 113.0 169.0
22 2 86.0 7.0
29 8 0.0 191.0
23 3 0.0 8.0
4 18 11.0 59.0
12 14 119.0 78.0
23 2 88.0 193.0
21 5 43.0 3.0
7 20 25.0 156.0
22 4 121.0 63.0
11 31 26.0 73.0
9 18 138.0 178.0
34 30 21.0 102.0
43 5 59.0 140.0
33 31 3.0 100.0
10 13 117.0 46.0
25 3 73.0 94.0
1 17 111.0 146.0
9 14 182.0 137.0
37 44 126.0 120.0
41 15 51.0 99.0
35 16 74.0 110.0
1 26 33.0 29.0
11 44 142.0 150.0
22 6 50.0 167.0
4 26 71.0 161.0
8 2 41.0 53.0
14 15 174.0 119.0
45 11 55.0 25.0
26 8 183.0 81.0
9 16 116.0 16.0
15 11 72.0 58.0
22 5 22.0 74.0
16 11 128.0 46.0
23 4 156.0 121.0
34 33 78.0 130.0
23 5 67.0 85.0
11 47 44.0 2.0
22 35 72.0 112.0
24 2 108.0 96.0
19 11 192.0 83.0
47 18 197.0 72.0
37 34 158.0 105.0
34 20 43.0 36.0
23 34 88.0 111.0
48 10 21.0 85.0
13 22 125.0 93.0
2 7 173.0 185.0
48 21 118.0 118.0
38 31 178.0 115.0
33 45 73.0 88.0
12 15 53.0 117.0
22 29 188.0 93.0
21 7 81.0 9.0
9 39 152.0 158.0
6 21 107.0 78.0
45 13 162.0 25.0
8 17 130.0 140.0
25 13 23.0 4.0
17 9 5.0 76.0
6 34 50.0 193.0
21 20 132.0 132.0
26 43 157.0 36.0
16 14 151.0 64.0
11 17 9.0 113.0
18 11 149.0 139.0
3 26 41.0 124.0
25 33 173.0 46.0
29 1 77.0 24.0
24 5 108.0 9.0
4 25 137.0 17.0
10 19 183.0 88.0
3 2 159.0 192.0
47 20 143.0 60.0
29 2 147.0 136.0
9 31 113.0 73.0
38 18 72.0 191.0
8 12 107.0 132.0
7 46 167.0 196.0
27 1 56.0 150.0
6 39 147.0 167.0
24 6 156.0 42.0
28 3 155.0 56.0
9 34 38.0 68.0
4 20 135.0 62.0
13 17 114.0 194.0
16 32 77.0 33.0
23 7 17.0 85.0
6 25 55.0 116.0
32 40 98.0 11.0
18 44 2.0 53.0
7 25 126.0 40.0
6 18 49.0 13.0
20 8 143.0 163.0
3 30 130.0 20.0
8 19 162.0 99.0
22 25 92.0 17.0
7 19 16.0 142.0
17 12 148.0 18.0
37 19 105.0 75.0
10 18 112.0 154.0
6 19 151.0 7.0
20 36 103.0 82.0
7 24 145.0 65.0
22 11 76.0 37.0
32 20 167.0 93.0
31 32 99.0 115.0
28 5 138.0 4.0
20 12 183.0 3.0
28 6 152.0 87.0
39 10 74.0 55.0
7 18 52.0 20.0
23 10 74.0 128.0
32 1 171.0 193.0
2 32 159.0 70.0
18 17 186.0 49.0
30 4 23.0 122.0
6 26 157.0 127.0
13 21 32.0 183.0
24 28 67.0 36.0
19 14 10.0 141.0
35 24 127.0 181.0
9 20 151.0 38.0
14 10 73.0 90.0
7 28 11.0 96.0
30 2 103.0 120.0
32 3 165.0 87.0
4 29 128.0 32.0
26 30 35.0 90.0
26 2 160.0 115.0
5 29 59.0 64.0
34 3 190.0 132.0
16 10 91.0 1.0
13 15 112.0 146.0
35 10 93.0 29.0
20 15 158.0 174.0
20 25 55.0 146.0
10 25 164.0 168.0
23 9 160.0 23.0
19 20 104.0 150.0
3 31 194.0 147.0
34 1 59.0 59.0
31 5 92.0 153.0
15 40 97.0 50.0
18 15 80.0 152.0
24 11 24.0 44.0
30 1 90.0 136.0
24 31 15.0 146.0
16 17 119.0 161.0
43 29 17.0 130.0
11 20 67.0 109.0
4 31 154.0 164.0
29 13 69.0 34.0
20 17 45.0 45.0
2 27 26.0 136.0
20 16 161.0 193.0
13 19 114.0 32.0
32 19 188.0 131.0
9 22 160.0 55.0
9 28 116.0 114.0
8 37 28.0 137.0
36 16 29.0 26.0
26 11 88.0 7.0
14 22 124.0 1.0
24 13 34.0 39.0
36 43 193.0 22.0
23 15 123.0 154.0
33 5 87.0 191.0
29 6 52.0 68.0
4 27 84.0 33.0
8 22 4.0 124.0
42 38 52.0 129.0
26 9 153.0 86.0
19 16 109.0 147.0
18 46 137.0 32.0
7 30 194.0 177.0
21 15 71.0 198.0
31 7 51.0 155.0
42 40 122.0 7.0
30 5 114.0 175.0
8 27 3.0 20.0
6 31 59.0 64.0
29 26 93.0 197.0
29 7 80.0 40.0
20 31 166.0 104.0
10 24 151.0 169.0
27 11 199.0 74.0
2 37 25.0 114.0
33 7 184.0 180.0
34 2 25.0 196.0
17 21 70.0 70.0
4 24 146.0 103.0
20 10 75.0 112.0
18 19 61.0 27.0
18 30 26.0 61.0
23 24 68.0 4.0
14 41 18.0 5.0
36 2 179.0 195.0
7 9 121.0 50.0
27 7 181.0 67.0
17 36 130.0 56.0
14 23 173.0 144.0
1 46 94.0 152.0
37 5 1.0 115.0
13 33 26.0 19.0
1 36 75.0 5.0
17 22 63.0 196.0
41 40 24.0 44.0
29 12 62.0 107.0
22 15 177.0 187.0
33 28 196.0 23.0
38 3 140.0 197.0
22 16 35.0 118.0
31 12 69.0 110.0
12 35 195.0 133.0
38 1 123.0 172.0
7 48 119.0 185.0
35 46 42.0 96.0
41 8 64.0 190.0
29 10 172.0 156.0
34 4 41.0 160.0
6 15 32.0 110.0
3 37 58.0 28.0
26 12 3.0 182.0
16 24 65.0 122.0
20 18 109.0 59.0
3 36 4.0 173.0
21 10 95.0 128.0
26 13 104.0 136.0
10 28 48.0 137.0
27 14 15.0 58.0
30 9 52.0 18.0
3 35 4.0 69.0
9 19 57.0 65.0
26 39 117.0 13.0
7 32 74.0 164.0
47 45 101.0 179.0
11 21 140.0 101.0
34 41 6.0 155.0
14 24 64.0 58.0
36 40 82.0 69.0
19 17 88.0 140.0
11 30 44.0 157.0
48 18 134.0 71.0
27 15 119.0 35.0
26 16 7.0 60.0
34 40 1.0 13.0
25 16 160.0 18.0
23 18 109.0 43.0
30 48 50.0 197.0
29 9 136.0 95.0
1 41 48.0 70.0
33 26 190.0 119.0
32 8 195.0 197.0
28 12 40.0 149.0
2 40 87.0 1.0
27 12 131.0 196.0
24 17 67.0 182.0
29 15 30.0 155.0
24 1 67.0 78.0
38 6 133.0 9.0
17 26 28.0 81.0
37 7 153.0 20.0
25 18 59.0 40.0
25 17 148.0 190.0
20 23 88.0 168.0
42 4 52.0 118.0
35 7 40.0 119.0
33 9 178.0 125.0
21 23 6.0 158.0
1 40 41.0 111.0
17 40 122.0 100.0
39 4 176.0 22.0
32 39 169.0 16.0
28 14 71.0 173.0
1 33 132.0 63.0
18 22 164.0 110.0
32 14 87.0 170.0
25 43 152.0 129.0
2 46 77.0 26.0
1 43 40.0 5.0
48 23 9.0 161.0
38 4 143.0 80.0
36 24 105.0 75.0
1 42 183.0 69.0
35 9 158.0 22.0
17 23 11.0 63.0
11 33 109.0 40.0
24 22 82.0 149.0
12 39 80.0 91.0
41 4 128.0 23.0
20 43 55.0 33.0
24 21 146.0 190.0
14 30 71.0 56.0
32 12 153.0 34.0
22 19 3.0 63.0
41 29 43.0 85.0
33 12 176.0 123.0
10 32 72.0 104.0
31 15 136.0 80.0
44 1 94.0 34.0
28 17 152.0 166.0
19 25 179.0 105.0
44 33 99.0 134.0
11 34 112.0 142.0
13 32 2.0 88.0
37 25 17.0 26.0
43 2 131.0 105.0
41 6 164.0 25.0
14 48 199.0 116.0
9 37 123.0 178.0
2 45 179.0 174.0
38 13 186.0 43.0
47 36 155.0 140.0
16 29 110.0 124.0
41 2 154.0 193.0
30 17 53.0 118.0
35 36 10.0 53.0
32 11 7.0 133.0
28 16 133.0 139.0
41 5 14.0 71.0
5 32 94.0 121.0
33 15 107.0 156.0
3 47 146.0 61.0
42 5 35.0 0.0
36 12 31.0 46.0
45 44 189.0 191.0
16 43 167.0 74.0
14 31 34.0 133.0
43 6 191.0 128.0
13 28 79.0 98.0
28 8 60.0 25.0
8 38 65.0 95.0
10 37 123.0 97.0
35 13 64.0 112.0
40 7 90.0 183.0
13 37 146.0 125.0
29 18 128.0 137.0
11 36 29.0 159.0
7 39 46.0 89.0
19 26 96.0 112.0
23 26 103.0 171.0
27 19 27.0 119.0
41 7 58.0 117.0
36 19 46.0 4.0
25 23 90.0 174.0
19 46 37.0 120.0
47 2 184.0 84.0
27 21 177.0 32.0
46 21 62.0 32.0
40 25 13.0 41.0
23 39 177.0 24.0
14 33 1.0 24.0
3 45 60.0 43.0
34 13 154.0 50.0
16 33 175.0 90.0
32 9 143.0 104.0
22 27 70.0 157.0
33 10 47.0 83.0
8 39 61.0 177.0
46 3 18.0 14.0
40 35 187.0 31.0
15 30 2.0 93.0
19 30 49.0 130.0
42 7 136.0 144.0
28 22 68.0 6.0
44 19 159.0 68.0
38 14 93.0 21.0
27 20 101.0 112.0
48 1 171.0 89.0
26 22 191.0 173.0
11 39 24.0 192.0
45 4 69.0 112.0
4 47 40.0 138.0
6 42 14.0 151.0
9 41 153.0 108.0
14 36 109.0 54.0
4 48 91.0 80.0
47 31 196.0 34.0
35 15 55.0 20.0
25 21 55.0 125.0
47 5 164.0 47.0
9 40 80.0 179.0
32 18 187.0 33.0
34 18 78.0 96.0
20 29 13.0 121.0
16 44 100.0 9.0
45 8 199.0 156.0
31 17 69.0 54.0
27 23 125.0 185.0
21 29 126.0 5.0
36 31 118.0 65.0
37 15 164.0 196.0
43 7 130.0 129.0
17 34 109.0 30.0
40 10 137.0 108.0
21 31 171.0 6.0
40 24 171.0 48.0
44 4 167.0 97.0
35 8 25.0 86.0
3 48 120.0 141.0
12 40 128.0 50.0
41 11 81.0 190.0
12 21 142.0 18.0
27 17 132.0 66.0
36 15 179.0 55.0
30 23 115.0 147.0
23 29 97.0 92.0
28 35 123.0 17.0
16 34 66.0 4.0
5 46 174.0 147.0
21 38 9.0 69.0
38 32 165.0 94.0
42 46 25.0 144.0
34 19 122.0 141.0
12 37 0.0 19.0
3 42 124.0 75.0
26 27 163.0 191.0
10 42 118.0 137.0
21 33 53.0 79.0
22 46 199.0 18.0
44 20 129.0 24.0
47 22 139.0 4.0
28 19 170.0 139.0
21 47 75.0 95.0
14 39 119.0 38.0
42 8 136.0 189.0
38 15 180.0 190.0
45 7 117.0 179.0
11 42 82.0 199.0
42 20 24.0 173.0
27 41 94.0 194.0
45 9 76.0 170.0
32 41 8.0 148.0
24 26 71.0 144.0
39 15 1.0 3.0
42 12 18.0 70.0
39 17 58.0 100.0
30 24 51.0 34.0
34 46 168.0 145.0
47 44 102.0 196.0
33 3 12.0 110.0
37 18 40.0 35.0
40 13 36.0 41.0
45 41 110.0 6.0
27 29 54.0 120.0
10 43 22.0 57.0
23 32 158.0 142.0
25 30 146.0 12.0
20 33 165.0 110.0
28 27 174.0 5.0
8 47 109.0 10.0
48 25 44.0 171.0
44 8 160.0 50.0
11 46 86.0 182.0
39 45 84.0 197.0
35 20 145.0 30.0
27 24 13.0 62.0
41 18 23.0 187.0
13 41 130.0 84.0
47 1 145.0 174.0
16 38 49.0 57.0
13 48 98.0 87.0
23 33 129.0 182.0
48 8 178.0 27.0
14 40 95.0 143.0
38 27 128.0 70.0
8 46 100.0 10.0
42 18 60.0 197.0
39 18 198.0 61.0
19 38 112.0 97.0
45 10 79.0 42.0
29 28 53.0 57.0
34 24 20.0 148.0
35 44 65.0 100.0
44 13 87.0 117.0
41 28 162.0 99.0
21 36 119.0 160.0
44 12 45.0 183.0
26 42 37.0 76.0
43 15 109.0 90.0
4 40 167.0 81.0
22 37 39.0 184.0
46 10 92.0 126.0
20 37 42.0 54.0
17 38 101.0 113.0
14 42 65.0 99.0
47 10 121.0 54.0
46 13 98.0 30.0
34 25 48.0 66.0
9 42 89.0 39.0
29 30 25.0 181.0
34 27 135.0 20.0
16 42 179.0 189.0
45 15 57.0 197.0
27 31 28.0 178.0
13 47 187.0 127.0
48 26 67.0 187.0
36 44 4.0 108.0
41 35 39.0 181.0
47 42 33.0 174.0
48 12 69.0 164.0
17 41 171.0 126.0
40 19 113.0 199.0
40 23 191.0 100.0
35 23 123.0 11.0
25 32 59.0 79.0
23 37 143.0 50.0
22 36 53.0 176.0
24 29 95.0 122.0
47 26 19.0 66.0
32 28 178.0 84.0
44 14 72.0 121.0
37 24 90.0 195.0
36 26 69.0 149.0
43 19 4.0 13.0
25 46 68.0 57.0
16 41 89.0 163.0
20 40 94.0 108.0
21 39 96.0 72.0
44 17 105.0 168.0
23 38 186.0 196.0
42 21 180.0 56.0
29 35 177.0 184.0
33 29 197.0 45.0
27 35 11.0 86.0
18 45 142.0 105.0
26 37 173.0 39.0
42 19 154.0 78.0
47 16 16.0 141.0
29 38 173.0 196.0
35 31 84.0 150.0
48 20 53.0 81.0
36 32 2.0 64.0
41 19 109.0 144.0
36 48 175.0 82.0
17 46 122.0 82.0
23 42 159.0 138.0
37 32 46.0 132.0
40 26 147.0 130.0
35 26 41.0 0.0
41 24 149.0 43.0
26 38 37.0 59.0
45 16 122.0 12.0
48 17 42.0 44.0
16 48 193.0 1.0
43 22 193.0 39.0
45 20 102.0 92.0
39 29 17.0 143.0
32 26 46.0 119.0
29 32 104.0 83.0
33 32 30.0 26.0
33 35 115.0 72.0
33 19 82.0 61.0
22 45 184.0 28.0
37 29 108.0 86.0
30 46 25.0 78.0
43 24 148.0 71.0
45 24 54.0 53.0
41 22 0.0 84.0
31 40 115.0 115.0
43 17 45.0 149.0
37 31 3.0 29.0
17 45 119.0 64.0
27 36 119.0 96.0
26 25 122.0 68.0
41 25 132.0 176.0
38 30 110.0 132.0
36 33 103.0 177.0
21 45 53.0 149.0
46 24 162.0 9.0
23 46 198.0 33.0
17 47 10.0 118.0
47 24 76.0 84.0
27 46 163.0 9.0
45 23 195.0 74.0
38 36 166.0 50.0
24 48 91.0 171.0
29 31 80.0 53.0
44 24 124.0 78.0
42 37 19.0 86.0
34 38 145.0 95.0
36 37 8.0 109.0
22 32 91.0 155.0
43 39 69.0 9.0
42 31 39.0 160.0
30 42 23.0 119.0
39 38 21.0 147.0
35 43 185.0 40.0
47 27 91.0 130.0
9 48 94.0 100.0
36 34 113.0 186.0
43 34 123.0 182.0
29 44 194.0 114.0
13 42 112.0 169.0
47 25 186.0 133.0
47 12 11.0 171.0
36 41 158.0 102.0
28 45 172.0 5.0
30 36 79.0 37.0
33 38 67.0 2.0
39 33 124.0 13.0
28 43 143.0 36.0
42 33 105.0 129.0
33 40 62.0 116.0
33 43 152.0 172.0
37 33 87.0 124.0
31 48 107.0 166.0
44 32 149.0 126.0
38 37 45.0 74.0
32 34 27.0 140.0
22 48 80.0 132.0
45 35 29.0 142.0
40 38 144.0 182.0
37 41 13.0 183.0
35 42 56.0 72.0
39 36 12.0 158.0
34 44 66.0 57.0
45 32 79.0 45.0
42 34 141.0 159.0
47 30 53.0 171.0
46 33 61.0 149.0
33 48 135.0 26.0
41 30 104.0 192.0
32 30 41.0 117.0
35 47 28.0 59.0
13 23 47.0 59.0
45 36 117.0 188.0
43 8 42.0 123.0
46 47 132.0 55.0
43 31 39.0 67.0
41 33 133.0 143.0
41 48 95.0 174.0
46 41 167.0 76.0
48 42 78.0 14.0
47 37 179.0 147.0
39 40 186.0 173.0
40 45 100.0 118.0
42 43 147.0 139.0
1 39 111.0 80.0
44 39 138.0 6.0
9 15 84.0 57.0
37 40 28.0 114.0
33 27 99.0 8.0
42 44 179.0 86.0
48 32 25.0 79.0
37 39 44.0 173.0
37 27 3.0 155.0
40 44 5.0 93.0
48 47 70.0 41.0
48 45 55.0 98.0
1 3 157.0 154.0
31 10 154.0 136.0
2 1 195.0 132.0
48 15 93.0 39.0
41 44 75.0 49.0
43 41 8.0 32.0
29 47 122.0 30.0
26 41 54.0 129.0
28 40 83.0 11.0
21 43 129.0 189.0
23 47 155.0 125.0
47 33 193.0 1.0
43 47 75.0 68.0
48 34 141.0 35.0
37 43 60.0 64.0
44 43 36.0 114.0
40 47 10.0 119.0
45 29 44.0 139.0
45 34 113.0 151.0
42 45 100.0 58.0
48 37 51.0 175.0
0
