43 903 10 6 10647
43 18 2.0 58.0
34 35 187.0 125.0
11 38 125.0 32.0
14 5 101.0 54.0
32 36 12.0 134.0
29 34 112.0 199.0
16 38 74.0 178.0
1 2 141.0 198.0
20 4 32.0 95.0
31 27 188.0 19.0
22 39 86.0 65.0
35 33 124.0 140.0
25 3 149.0 136.0
28 11 185.0 62.0
40 4 9.0 11.0
6 9 129.0 102.0
4 5 105.0 161.0
24 37 110.0 93.0
24 33 105.0 148.0
14 26 128.0 30.0
20 10 15.0 29.0
20 33 165.0 153.0
37 29 20.0 174.0
29 38 97.0 149.0
42 32 147.0 154.0
17 38 83.0 57.0
8 3 142.0 188.0
36 17 113.0 70.0
27 13 95.0 128.0
5 1 83.0 12.0
32 16 76.0 103.0
10 27 144.0 125.0
7 5 108.0 91.0
42 21 191.0 143.0
39 8 1.0 133.0
24 22 95.0 66.0
34 43 53.0 191.0
2 4 130.0 136.0
20 35 60.0 7.0
10 23 157.0 156.0
19 35 196.0 18.0
12 34 104.0 187.0
33 21 4.0 57.0
34 5 186.0 99.0
3 4 155.0 191.0
1 16 44.0 86.0
42 4 115.0 56.0
2 9 94.0 24.0
9 30 10.0 90.0
21 19 57.0 66.0
31 14 34.0 13.0
18 19 174.0 172.0
15 30 9.0 130.0
2 31 115.0 5.0
34 23 142.0 182.0
32 35 40.0 188.0
22 38 61.0 2.0
5 36 67.0 70.0
6 7 95.0 101.0
17 34 160.0 21.0
21 2 136.0 122.0
32 20 84.0 3.0
34 25 120.0 179.0
17 14 145.0 160.0
43 36 59.0 158.0
20 3 126.0 127.0
1 27 117.0 173.0
18 33 99.0 30.0
35 26 169.0 35.0
37 41 125.0 6.0
14 15 168.0 45.0
28 35 103.0 65.0
9 3 103.0 114.0
14 2 20.0 181.0
21 10 132.0 138.0
42 3 198.0 31.0
20 7 103.0 168.0
39 33 186.0 28.0
4 14 15.0 106.0
40 39 104.0 70.0
5 3 103.0 159.0
7 14 152.0 124.0
4 9 195.0 84.0
25 12 54.0 193.0
19 42 95.0 109.0
23 29 150.0 81.0
42 11 100.0 118.0
41 31 11.0 156.0
36 3 152.0 67.0
8 14 103.0 56.0
28 7 139.0 50.0
18 30 46.0 145.0
21 40 196.0 94.0
25 13 164.0 99.0
15 7 179.0 16.0
37 2 83.0 143.0
39 31 1.0 187.0
36 6 110.0 56.0
1 7 97.0 1.0
39 20 59.0 143.0
8 31 1.0 55.0
36 24 32.0 117.0
22 40 185.0 164.0
33 28 100.0 68.0
7 25 22.0 53.0
22 31 139.0 132.0
39 37 118.0 36.0
5 28 135.0 177.0
8 40 38.0 88.0
12 32 167.0 70.0
28 19 199.0 152.0
3 18 162.0 51.0
34 6 181.0 136.0
36 16 183.0 120.0
1 24 136.0 101.0
9 31 113.0 24.0
19 36 107.0 151.0
16 23 162.0 74.0
42 36 53.0 113.0
2 27 177.0 168.0
33 43 187.0 159.0
8 32 30.0 122.0
13 30 132.0 167.0
17 32 23.0 45.0
16 10 78.0 82.0
32 9 81.0 192.0
1 15 182.0 87.0
41 16 195.0 111.0
15 32 188.0 135.0
13 19 194.0 171.0
5 37 192.0 78.0
25 40 40.0 15.0
3 6 144.0 70.0
9 27 190.0 26.0
41 38 95.0 124.0
10 32 135.0 91.0
12 39 112.0 124.0
6 27 69.0 58.0
20 17 170.0 61.0
8 4 186.0 162.0
19 1 86.0 83.0
27 19 73.0 28.0
12 2 198.0 168.0
10 2 151.0 133.0
4 10 25.0 64.0
41 25 145.0 46.0
8 7 78.0 67.0
29 25 119.0 17.0
25 16 119.0 5.0
26 6 39.0 192.0
27 8 32.0 189.0
2 36 65.0 183.0
8 25 92.0 90.0
2 8 189.0 190.0
26 41 188.0 19.0
22 3 158.0 108.0
12 1 1.0 77.0
17 43 190.0 192.0
43 28 162.0 22.0
13 8 92.0 179.0
32 1 183.0 136.0
15 5 58.0 124.0
38 9 175.0 47.0
3 41 173.0 86.0
6 8 72.0 126.0
23 1 127.0 62.0
3 11 12.0 89.0
27 30 104.0 56.0
30 8 153.0 88.0
5 2 159.0 163.0
3 24 145.0 87.0
13 43 90.0 118.0
22 32 129.0 114.0
24 31 72.0 56.0
7 19 112.0 84.0
6 32 160.0 169.0
12 3 109.0 65.0
11 10 34.0 69.0
33 13 13.0 179.0
6 2 121.0 55.0
27 3 113.0 51.0
12 6 15.0 185.0
7 39 75.0 79.0
10 6 48.0 187.0
36 23 31.0 158.0
32 4 129.0 17.0
8 11 16.0 94.0
14 22 194.0 137.0
16 17 168.0 107.0
8 1 5.0 135.0
34 33 76.0 32.0
18 8 72.0 77.0
5 12 10.0 55.0
33 5 149.0 92.0
7 13 121.0 117.0
8 10 6.0 116.0
42 31 195.0 126.0
34 24 134.0 152.0
10 1 43.0 162.0
1 22 132.0 67.0
1 11 40.0 94.0
9 22 72.0 141.0
35 18 61.0 193.0
43 19 164.0 67.0
9 5 105.0 159.0
35 15 91.0 191.0
16 11 106.0 86.0
25 27 171.0 190.0
39 3 176.0 164.0
24 40 196.0 48.0
15 22 85.0 57.0
32 40 140.0 49.0
8 21 86.0 197.0
27 40 174.0 178.0
43 6 191.0 32.0
11 7 47.0 114.0
3 14 131.0 176.0
13 9 108.0 80.0
17 1 122.0 145.0
20 18 141.0 14.0
38 34 81.0 180.0
30 5 150.0 7.0
13 1 97.0 93.0
43 5 74.0 144.0
20 42 78.0 158.0
8 9 115.0 186.0
19 14 94.0 189.0
31 12 87.0 187.0
1 14 176.0 120.0
27 39 4.0 127.0
4 6 133.0 101.0
5 11 19.0 8.0
2 19 119.0 97.0
6 39 83.0 186.0
11 2 101.0 129.0
10 7 156.0 188.0
4 34 66.0 132.0
21 35 59.0 22.0
1 26 12.0 145.0
28 42 46.0 183.0
9 18 179.0 117.0
3 7 92.0 62.0
15 4 20.0 193.0
5 41 1.0 128.0
23 21 183.0 19.0
13 37 56.0 43.0
11 18 45.0 20.0
10 5 116.0 43.0
31 37 162.0 95.0
35 41 153.0 54.0
29 24 66.0 125.0
4 11 177.0 68.0
29 3 137.0 160.0
32 25 149.0 145.0
34 30 36.0 146.0
35 29 63.0 104.0
14 9 72.0 177.0
42 27 162.0 177.0
42 24 13.0 29.0
11 9 20.0 190.0
27 4 65.0 110.0
7 12 2.0 167.0
40 18 47.0 190.0
3 40 110.0 62.0
5 40 3.0 182.0
16 13 54.0 118.0
28 14 120.0 20.0
38 2 180.0 141.0
5 42 124.0 198.0
9 25 184.0 126.0
42 26 38.0 183.0
22 21 10.0 148.0
5 6 12.0 165.0
9 26 8.0 19.0
10 9 26.0 80.0
4 1 67.0 7.0
42 14 187.0 143.0
30 16 104.0 123.0
41 24 53.0 94.0
1 41 46.0 63.0
2 42 24.0 58.0
17 19 94.0 32.0
13 23 22.0 73.0
23 15 15.0 89.0
20 41 111.0 154.0
5 17 142.0 167.0
4 17 144.0 195.0
19 26 87.0 142.0
17 23 7.0 111.0
16 7 50.0 101.0
22 13 199.0 72.0
16 4 147.0 166.0
8 34 102.0 10.0
7 17 189.0 45.0
30 37 1.0 133.0
12 26 98.0 88.0
5 20 161.0 105.0
13 6 8.0 164.0
41 43 43.0 8.0
2 18 199.0 143.0
29 18 148.0 54.0
34 11 75.0 137.0
8 12 150.0 76.0
31 15 181.0 48.0
27 18 163.0 142.0
7 2 197.0 172.0
10 3 149.0 192.0
1 33 57.0 100.0
3 16 172.0 6.0
1 20 49.0 48.0
16 9 71.0 199.0
1 21 5.0 52.0
7 36 17.0 120.0
2 20 52.0 166.0
11 6 35.0 1.0
31 7 87.0 44.0
33 32 14.0 60.0
42 13 168.0 63.0
21 6 25.0 39.0
8 15 120.0 182.0
12 9 148.0 137.0
18 6 124.0 1.0
27 24 61.0 159.0
22 5 65.0 149.0
29 12 56.0 79.0
24 5 157.0 176.0
2 23 75.0 135.0
13 2 154.0 195.0
28 10 120.0 103.0
38 37 3.0 44.0
11 12 115.0 17.0
32 19 68.0 180.0
30 4 100.0 76.0
43 42 61.0 9.0
16 5 31.0 88.0
25 5 186.0 186.0
7 33 108.0 106.0
18 34 3.0 64.0
18 32 120.0 118.0
8 5 30.0 140.0
19 6 62.0 82.0
24 30 41.0 76.0
4 12 50.0 73.0
16 8 168.0 36.0
16 28 149.0 28.0
18 21 159.0 152.0
9 20 28.0 31.0
14 32 31.0 58.0
6 35 162.0 45.0
14 10 172.0 3.0
2 22 86.0 22.0
5 38 195.0 6.0
22 41 55.0 144.0
11 43 108.0 166.0
11 33 193.0 89.0
13 24 61.0 176.0
16 19 176.0 175.0
13 3 29.0 100.0
17 28 150.0 115.0
14 35 142.0 146.0
15 9 91.0 197.0
3 19 59.0 151.0
6 15 32.0 53.0
8 17 132.0 45.0
27 14 147.0 60.0
2 15 110.0 176.0
4 18 118.0 60.0
42 34 129.0 60.0
8 29 188.0 20.0
43 8 36.0 0.0
34 39 104.0 21.0
4 36 38.0 36.0
10 15 190.0 137.0
16 2 194.0 100.0
11 13 179.0 113.0
15 40 168.0 108.0
21 3 59.0 108.0
19 33 17.0 48.0
20 30 148.0 122.0
14 37 126.0 138.0
2 17 119.0 116.0
14 6 2.0 114.0
29 19 0.0 133.0
15 13 39.0 120.0
19 8 79.0 51.0
22 25 2.0 97.0
3 17 159.0 102.0
4 7 192.0 38.0
21 29 160.0 64.0
34 2 4.0 114.0
20 36 13.0 4.0
17 9 19.0 5.0
37 28 145.0 98.0
1 37 83.0 148.0
12 10 104.0 194.0
1 25 62.0 48.0
6 17 14.0 174.0
1 18 103.0 170.0
12 16 32.0 69.0
15 12 58.0 3.0
2 24 197.0 4.0
4 19 23.0 80.0
36 41 149.0 127.0
10 18 102.0 164.0
9 1 35.0 68.0
16 6 18.0 90.0
37 21 70.0 2.0
25 4 171.0 128.0
23 4 12.0 120.0
24 7 95.0 35.0
18 7 142.0 196.0
7 35 83.0 44.0
40 43 182.0 70.0
10 19 170.0 152.0
31 38 10.0 40.0
13 35 123.0 181.0
17 11 97.0 135.0
25 43 137.0 144.0
22 4 33.0 79.0
4 21 56.0 68.0
21 13 193.0 190.0
23 33 124.0 163.0
13 14 162.0 134.0
2 28 185.0 38.0
11 19 80.0 34.0
18 12 38.0 170.0
4 24 77.0 71.0
26 3 16.0 86.0
8 20 35.0 162.0
8 35 21.0 111.0
14 12 13.0 136.0
2 25 140.0 150.0
6 20 100.0 172.0
34 37 187.0 90.0
1 39 173.0 17.0
11 14 189.0 141.0
32 26 103.0 176.0
12 13 118.0 124.0
28 27 103.0 131.0
43 31 38.0 195.0
41 6 85.0 90.0
42 39 110.0 72.0
8 23 52.0 83.0
22 6 28.0 193.0
7 23 165.0 131.0
24 10 94.0 83.0
29 15 6.0 150.0
21 7 17.0 44.0
29 2 80.0 102.0
20 19 113.0 190.0
10 33 16.0 118.0
29 1 35.0 44.0
13 36 90.0 1.0
38 1 3.0 136.0
26 2 2.0 9.0
17 13 49.0 171.0
35 22 111.0 81.0
26 4 24.0 25.0
31 32 53.0 40.0
15 16 87.0 88.0
43 24 195.0 129.0
25 38 33.0 198.0
41 34 40.0 35.0
26 5 10.0 90.0
26 34 88.0 122.0
32 27 197.0 112.0
5 23 0.0 50.0
15 17 154.0 40.0
18 42 162.0 102.0
9 21 196.0 195.0
40 19 130.0 36.0
31 17 126.0 93.0
16 14 149.0 15.0
18 13 12.0 99.0
15 11 174.0 12.0
12 21 125.0 129.0
20 12 17.0 87.0
18 26 48.0 13.0
9 7 160.0 130.0
13 40 186.0 86.0
28 3 8.0 88.0
1 28 13.0 20.0
23 28 129.0 140.0
10 13 67.0 54.0
17 10 87.0 85.0
6 25 146.0 135.0
17 12 85.0 106.0
3 31 32.0 71.0
7 26 27.0 192.0
37 8 35.0 193.0
35 42 91.0 164.0
8 26 158.0 111.0
3 15 192.0 45.0
19 41 99.0 138.0
22 8 192.0 136.0
22 10 140.0 176.0
5 27 17.0 120.0
40 34 188.0 52.0
24 38 152.0 31.0
19 15 50.0 62.0
14 18 137.0 42.0
21 11 95.0 36.0
16 18 23.0 40.0
16 37 2.0 116.0
28 4 175.0 172.0
41 17 99.0 115.0
4 38 131.0 3.0
21 14 28.0 181.0
20 14 69.0 165.0
6 23 189.0 164.0
24 9 112.0 165.0
1 30 14.0 67.0
19 12 170.0 142.0
11 20 160.0 69.0
3 32 46.0 92.0
30 19 165.0 26.0
2 35 61.0 34.0
5 18 77.0 2.0
2 32 32.0 189.0
26 15 173.0 47.0
23 18 15.0 95.0
17 37 107.0 175.0
27 23 29.0 153.0
34 7 150.0 147.0
11 23 122.0 163.0
5 19 192.0 199.0
17 26 141.0 24.0
41 4 148.0 115.0
22 11 67.0 163.0
3 35 19.0 174.0
15 18 59.0 49.0
15 21 84.0 9.0
36 8 14.0 158.0
3 30 79.0 6.0
30 6 102.0 20.0
22 36 74.0 51.0
37 27 177.0 141.0
27 7 72.0 196.0
33 41 156.0 131.0
29 33 75.0 192.0
40 9 59.0 89.0
28 8 165.0 138.0
8 38 139.0 67.0
17 18 144.0 166.0
31 4 94.0 121.0
39 10 121.0 166.0
16 21 61.0 30.0
10 26 112.0 136.0
34 1 88.0 124.0
6 29 157.0 53.0
33 2 20.0 49.0
36 12 28.0 164.0
24 11 49.0 123.0
15 20 23.0 123.0
13 20 186.0 84.0
25 10 52.0 51.0
37 12 77.0 93.0
14 24 163.0 35.0
24 6 11.0 183.0
4 29 77.0 39.0
31 5 197.0 79.0
16 35 199.0 21.0
29 27 34.0 138.0
16 22 131.0 39.0
21 5 153.0 9.0
30 32 50.0 116.0
4 13 35.0 13.0
11 39 40.0 64.0
23 12 179.0 38.0
34 27 156.0 130.0
12 22 50.0 143.0
25 11 173.0 134.0
1 31 96.0 127.0
29 11 75.0 98.0
3 34 150.0 62.0
32 5 91.0 142.0
4 33 71.0 70.0
29 10 116.0 180.0
20 26 30.0 166.0
37 20 123.0 4.0
24 20 190.0 171.0
12 24 77.0 17.0
1 35 105.0 179.0
36 11 84.0 148.0
5 35 102.0 107.0
9 19 144.0 18.0
32 13 67.0 174.0
25 24 88.0 142.0
35 27 44.0 31.0
9 28 173.0 73.0
5 29 142.0 79.0
28 12 37.0 178.0
21 20 73.0 91.0
13 5 135.0 17.0
7 30 91.0 155.0
29 22 87.0 179.0
19 22 99.0 131.0
17 29 195.0 73.0
18 22 41.0 89.0
3 33 185.0 78.0
37 4 77.0 58.0
30 10 181.0 13.0
15 24 45.0 72.0
35 4 181.0 132.0
6 28 81.0 32.0
25 14 135.0 28.0
33 8 45.0 176.0
39 2 89.0 182.0
33 9 8.0 166.0
3 37 39.0 141.0
16 33 69.0 36.0
39 36 88.0 50.0
39 9 110.0 170.0
7 29 101.0 45.0
36 1 52.0 98.0
23 14 4.0 141.0
13 26 142.0 164.0
36 27 91.0 134.0
6 31 193.0 160.0
40 23 180.0 34.0
31 18 136.0 90.0
3 43 174.0 38.0
11 27 40.0 27.0
31 11 43.0 196.0
24 19 172.0 138.0
22 17 41.0 15.0
9 42 190.0 186.0
26 16 133.0 170.0
6 33 83.0 70.0
13 29 113.0 57.0
6 42 70.0 105.0
27 12 41.0 65.0
25 15 182.0 13.0
1 40 126.0 175.0
29 9 44.0 116.0
18 25 111.0 178.0
22 7 152.0 146.0
38 15 160.0 65.0
16 20 101.0 30.0
16 27 36.0 94.0
32 7 31.0 170.0
31 13 196.0 109.0
25 19 194.0 40.0
38 7 163.0 57.0
17 25 182.0 115.0
9 34 151.0 95.0
11 26 77.0 4.0
41 2 177.0 65.0
12 42 199.0 8.0
33 26 41.0 195.0
30 12 157.0 188.0
11 32 32.0 120.0
20 22 8.0 167.0
39 5 125.0 111.0
27 17 113.0 2.0
18 24 124.0 90.0
40 37 36.0 123.0
3 38 13.0 30.0
23 20 167.0 170.0
36 37 64.0 152.0
38 6 150.0 24.0
41 14 120.0 75.0
10 34 168.0 185.0
21 30 104.0 92.0
15 36 196.0 93.0
43 32 46.0 9.0
32 34 108.0 166.0
15 28 53.0 125.0
43 1 122.0 155.0
35 25 39.0 194.0
8 24 62.0 7.0
39 4 85.0 167.0
30 36 159.0 81.0
14 30 180.0 158.0
29 14 198.0 88.0
35 9 135.0 51.0
32 28 152.0 57.0
37 6 107.0 191.0
20 38 143.0 121.0
2 43 125.0 28.0
24 16 187.0 84.0
22 23 79.0 167.0
36 9 64.0 77.0
18 38 88.0 199.0
24 21 134.0 192.0
43 4 195.0 193.0
10 38 41.0 90.0
20 25 55.0 118.0
43 12 188.0 195.0
24 17 68.0 20.0
21 17 48.0 132.0
11 37 74.0 88.0
15 27 104.0 8.0
16 29 56.0 52.0
37 7 71.0 49.0
33 12 97.0 78.0
21 25 120.0 37.0
34 13 14.0 140.0
23 24 189.0 62.0
42 1 153.0 64.0
40 7 153.0 58.0
33 14 94.0 161.0
28 21 121.0 117.0
30 11 53.0 18.0
27 21 65.0 126.0
23 25 172.0 31.0
34 15 0.0 162.0
35 11 133.0 106.0
37 10 28.0 38.0
42 7 134.0 74.0
10 35 140.0 56.0
41 9 16.0 193.0
23 43 52.0 33.0
29 20 181.0 176.0
38 12 11.0 182.0
8 41 119.0 96.0
14 34 134.0 99.0
24 26 47.0 68.0
10 40 160.0 187.0
33 15 41.0 128.0
42 8 94.0 93.0
26 29 192.0 75.0
6 40 29.0 156.0
41 7 5.0 100.0
22 26 24.0 139.0
16 34 147.0 71.0
26 21 195.0 59.0
2 30 51.0 37.0
22 28 183.0 145.0
37 9 17.0 128.0
20 28 31.0 198.0
42 10 179.0 189.0
14 36 127.0 156.0
12 40 29.0 74.0
42 17 37.0 24.0
38 13 127.0 88.0
43 9 152.0 62.0
31 35 139.0 121.0
10 36 19.0 123.0
28 24 19.0 150.0
30 22 33.0 146.0
16 31 180.0 62.0
35 17 83.0 17.0
10 41 100.0 10.0
17 30 151.0 52.0
28 13 97.0 43.0
39 15 63.0 116.0
7 43 22.0 82.0
28 41 163.0 7.0
41 12 161.0 143.0
22 27 112.0 44.0
11 41 115.0 12.0
15 37 150.0 67.0
18 36 36.0 47.0
30 23 10.0 51.0
39 14 108.0 184.0
41 13 121.0 72.0
30 26 121.0 82.0
13 39 1.0 185.0
14 38 68.0 117.0
10 43 156.0 170.0
19 34 178.0 192.0
41 15 21.0 188.0
40 14 97.0 129.0
36 21 178.0 18.0
28 26 1.0 51.0
40 2 121.0 154.0
25 26 0.0 142.0
21 32 109.0 157.0
39 43 120.0 39.0
16 39 129.0 93.0
34 20 68.0 27.0
27 26 49.0 198.0
23 32 86.0 2.0
41 23 177.0 8.0
11 40 44.0 178.0
17 39 49.0 105.0
23 31 37.0 121.0
31 19 28.0 119.0
31 25 118.0 49.0
31 26 50.0 168.0
42 16 192.0 136.0
16 40 12.0 170.0
3 23 13.0 8.0
19 38 127.0 62.0
25 28 87.0 117.0
28 30 92.0 67.0
19 39 181.0 163.0
14 43 21.0 31.0
17 40 85.0 166.0
39 18 63.0 49.0
22 34 175.0 28.0
42 15 85.0 54.0
24 32 80.0 172.0
19 37 45.0 124.0
37 25 128.0 179.0
36 25 176.0 101.0
18 41 99.0 61.0
26 36 143.0 114.0
37 22 41.0 118.0
25 30 113.0 78.0
39 23 160.0 145.0
31 21 54.0 157.0
21 38 32.0 134.0
35 38 133.0 160.0
28 29 10.0 184.0
21 43 2.0 154.0
21 39 128.0 195.0
29 31 150.0 42.0
29 30 22.0 110.0
15 43 23.0 28.0
20 27 159.0 7.0
43 20 5.0 44.0
26 37 23.0 15.0
23 38 176.0 177.0
42 22 95.0 56.0
37 32 179.0 45.0
22 43 151.0 1.0
33 30 187.0 174.0
39 24 46.0 98.0
23 35 192.0 3.0
29 32 59.0 167.0
34 31 38.0 187.0
29 42 19.0 86.0
31 28 36.0 198.0
38 28 70.0 187.0
18 37 30.0 9.0
21 41 100.0 77.0
20 40 29.0 44.0
39 26 48.0 40.0
37 23 177.0 38.0
41 40 68.0 149.0
27 33 151.0 104.0
27 38 137.0 173.0
39 30 109.0 168.0
28 40 194.0 161.0
39 29 185.0 175.0
29 36 126.0 185.0
35 30 17.0 104.0
28 18 60.0 85.0
28 36 108.0 163.0
26 43 96.0 197.0
32 38 15.0 5.0
40 31 144.0 9.0
39 25 143.0 81.0
40 30 99.0 69.0
36 34 93.0 68.0
33 22 187.0 105.0
32 39 33.0 47.0
33 31 130.0 81.0
39 28 76.0 145.0
30 38 131.0 172.0
41 32 100.0 74.0
17 33 113.0 199.0
41 30 103.0 6.0
16 43 172.0 42.0
42 25 193.0 158.0
39 35 152.0 123.0
40 29 36.0 180.0
40 42 76.0 167.0
37 35 78.0 176.0
26 40 62.0 191.0
33 38 72.0 117.0
25 33 194.0 197.0
26 38 95.0 187.0
43 29 129.0 47.0
40 33 67.0 165.0
26 23 139.0 143.0
23 42 119.0 17.0
21 34 147.0 133.0
36 38 171.0 172.0
42 30 172.0 117.0
40 38 78.0 68.0
3 2 58.0 7.0
33 37 180.0 126.0
1 6 192.0 120.0
1 3 93.0 64.0
33 42 112.0 41.0
31 30 19.0 35.0
42 37 114.0 192.0
33 36 32.0 192.0
9 23 175.0 43.0
35 12 191.0 155.0
42 41 84.0 183.0
41 29 71.0 177.0
35 40 101.0 183.0
20 31 21.0 121.0
43 35 37.0 87.0
24 35 4.0 21.0
38 42 13.0 131.0
19 23 176.0 156.0
27 43 87.0 12.0
35 36 40.0 158.0
40 36 47.0 141.0
39 38 139.0 21.0
27 41 156.0 176.0
43 38 76.0 113.0
10 31 48.0 41.0
43 37 54.0 176.0
43 30 180.0 141.0
31 36 193.0 20.0
39 41 113.0 193.0
28 34 7.0 53.0
0
