46 1035 12 1 36286
20 30 178.0 132.0
10 43 61.0 176.0
39 12 153.0 111.0
11 2 141.0 94.0
18 42 167.0 180.0
30 21 151.0 152.0
8 29 127.0 155.0
26 22 167.0 62.0
46 45 58.0 97.0
42 24 3.0 119.0
36 8 153.0 109.0
3 22 148.0 94.0
11 10 71.0 115.0
24 20 90.0 174.0
2 6 29.0 17.0
28 23 96.0 196.0
15 30 119.0 106.0
8 33 78.0 75.0
34 43 195.0 183.0
12 42 82.0 95.0
5 35 105.0 153.0
8 25 197.0 195.0
24 22 64.0 26.0
38 39 79.0 112.0
22 2 138.0 199.0
34 1 54.0 168.0
37 42 53.0 1.0
38 8 189.0 135.0
42 16 193.0 95.0
40 29 130.0 190.0
4 19 156.0 195.0
5 28 113.0 188.0
29 10 123.0 4.0
4 15 127.0 129.0
11 28 161.0 180.0
35 7 39.0 102.0
22 8 30.0 32.0
37 15 199.0 160.0
33 22 36.0 108.0
4 23 93.0 102.0
26 7 0.0 17.0
15 13 162.0 127.0
34 10 9.0 75.0
1 7 140.0 49.0
18 8 119.0 122.0
23 46 150.0 71.0
15 18 157.0 139.0
40 44 14.0 51.0
4 27 185.0 14.0
39 10 148.0 100.0
13 10 136.0 157.0
14 23 185.0 76.0
31 22 0.0 104.0
15 22 176.0 102.0
39 42 37.0 86.0
1 13 189.0 51.0
18 26 75.0 127.0
29 32 167.0 23.0
35 8 12.0 103.0
30 46 83.0 197.0
21 8 116.0 35.0
24 23 191.0 93.0
12 6 22.0 29.0
37 33 177.0 11.0
7 29 112.0 52.0
8 23 128.0 79.0
24 35 4.0 92.0
35 20 148.0 40.0
21 28 27.0 65.0
44 37 1.0 171.0
42 3 109.0 23.0
29 35 82.0 86.0
12 31 98.0 195.0
3 1 31.0 26.0
30 1 179.0 188.0
20 39 6.0 79.0
14 45 173.0 185.0
35 33 95.0 174.0
35 10 141.0 4.0
38 29 60.0 175.0
8 17 51.0 111.0
12 24 62.0 83.0
25 44 71.0 193.0
36 19 58.0 29.0
12 46 175.0 31.0
32 10 80.0 23.0
19 14 138.0 21.0
37 19 3.0 150.0
30 16 20.0 54.0
34 12 15.0 82.0
9 28 115.0 86.0
40 17 20.0 174.0
16 36 54.0 148.0
40 4 117.0 134.0
17 28 20.0 55.0
1 11 175.0 23.0
20 25 74.0 195.0
36 34 184.0 89.0
9 3 59.0 51.0
13 12 127.0 80.0
3 12 146.0 181.0
42 25 101.0 15.0
6 44 79.0 122.0
2 38 0.0 54.0
16 28 199.0 75.0
9 21 190.0 183.0
17 15 136.0 50.0
21 19 147.0 63.0
11 14 13.0 93.0
38 25 88.0 114.0
16 17 112.0 168.0
3 7 13.0 65.0
11 4 110.0 12.0
3 2 101.0 101.0
11 26 146.0 189.0
6 10 47.0 93.0
7 31 67.0 60.0
3 11 34.0 155.0
22 12 1.0 98.0
19 8 178.0 14.0
36 6 16.0 88.0
7 38 12.0 69.0
17 41 77.0 110.0
34 22 169.0 124.0
6 9 196.0 188.0
14 41 130.0 30.0
6 3 173.0 83.0
5 46 51.0 103.0
45 43 107.0 67.0
34 37 130.0 119.0
26 45 114.0 7.0
20 9 31.0 36.0
11 7 187.0 27.0
1 42 196.0 69.0
38 11 181.0 169.0
5 24 182.0 185.0
14 9 6.0 89.0
40 6 192.0 136.0
44 45 128.0 106.0
1 19 56.0 159.0
14 2 143.0 196.0
34 28 85.0 91.0
33 32 124.0 18.0
9 38 159.0 106.0
1 23 53.0 117.0
22 9 100.0 45.0
1 36 186.0 28.0
9 1 21.0 42.0
45 27 178.0 116.0
3 21 26.0 15.0
6 8 59.0 102.0
46 39 101.0 170.0
9 44 113.0 154.0
3 10 147.0 165.0
33 13 4.0 85.0
7 45 164.0 25.0
19 11 78.0 94.0
31 24 75.0 56.0
32 9 188.0 134.0
2 19 123.0 89.0
2 7 141.0 189.0
1 17 152.0 40.0
29 9 186.0 109.0
1 25 28.0 103.0
35 6 34.0 107.0
30 24 106.0 109.0
11 5 41.0 94.0
6 1 99.0 116.0
7 18 180.0 40.0
35 25 16.0 84.0
27 2 116.0 155.0
21 27 164.0 97.0
26 21 18.0 199.0
44 5 145.0 76.0
10 7 59.0 138.0
34 42 91.0 158.0
7 5 132.0 23.0
30 27 141.0 149.0
5 10 85.0 10.0
7 4 25.0 2.0
32 8 86.0 196.0
12 45 69.0 184.0
36 11 4.0 129.0
46 18 50.0 48.0
3 8 173.0 134.0
30 28 185.0 114.0
14 27 157.0 22.0
38 27 198.0 183.0
6 11 39.0 37.0
32 46 150.0 108.0
4 12 33.0 107.0
4 13 123.0 35.0
2 16 110.0 96.0
14 35 48.0 95.0
10 4 22.0 158.0
25 40 71.0 173.0
27 11 27.0 110.0
10 28 134.0 130.0
33 6 45.0 119.0
41 13 122.0 168.0
45 35 33.0 32.0
18 12 18.0 33.0
10 26 43.0 192.0
19 38 60.0 114.0
2 32 14.0 40.0
7 19 164.0 101.0
18 21 103.0 10.0
34 33 3.0 177.0
16 35 126.0 36.0
46 22 142.0 144.0
42 21 97.0 185.0
13 23 133.0 110.0
2 45 33.0 148.0
17 18 79.0 197.0
38 18 196.0 182.0
45 30 37.0 199.0
18 34 115.0 163.0
4 34 22.0 57.0
8 4 153.0 71.0
20 6 132.0 87.0
4 28 51.0 165.0
18 2 9.0 130.0
9 45 116.0 158.0
23 6 1.0 153.0
34 41 58.0 68.0
28 19 26.0 80.0
22 40 24.0 180.0
9 8 64.0 156.0
7 9 146.0 68.0
5 6 13.0 107.0
10 16 95.0 81.0
22 23 128.0 96.0
17 30 133.0 186.0
9 4 68.0 160.0
1 10 54.0 44.0
22 1 117.0 119.0
12 20 12.0 15.0
36 5 56.0 178.0
21 32 19.0 151.0
5 3 4.0 147.0
26 24 112.0 90.0
44 19 72.0 132.0
4 14 5.0 127.0
29 21 1.0 74.0
40 42 178.0 165.0
46 16 55.0 35.0
42 45 105.0 26.0
41 28 7.0 61.0
5 20 65.0 119.0
32 24 199.0 138.0
11 8 107.0 156.0
13 5 104.0 108.0
16 43 187.0 82.0
6 16 28.0 194.0
2 10 50.0 133.0
17 2 109.0 58.0
27 10 156.0 174.0
28 35 112.0 155.0
46 31 0.0 20.0
8 2 118.0 104.0
1 4 28.0 57.0
13 34 120.0 56.0
41 5 123.0 171.0
18 40 91.0 32.0
3 4 43.0 47.0
34 24 8.0 156.0
8 13 65.0 9.0
17 26 163.0 183.0
23 31 165.0 143.0
19 24 68.0 37.0
22 27 182.0 191.0
15 1 100.0 74.0
3 15 109.0 95.0
2 9 47.0 69.0
16 1 188.0 113.0
21 31 148.0 103.0
16 9 85.0 65.0
32 30 139.0 105.0
4 30 53.0 73.0
41 18 110.0 105.0
40 39 153.0 171.0
43 32 135.0 153.0
16 4 63.0 123.0
5 23 107.0 164.0
15 5 70.0 144.0
17 5 148.0 161.0
18 45 75.0 153.0
11 13 163.0 186.0
9 11 166.0 68.0
12 10 70.0 102.0
12 26 106.0 85.0
3 18 76.0 13.0
34 19 67.0 98.0
13 6 59.0 15.0
35 41 36.0 134.0
1 27 141.0 151.0
33 36 132.0 107.0
28 22 32.0 154.0
2 15 191.0 138.0
26 27 24.0 19.0
39 3 22.0 92.0
3 16 127.0 33.0
3 26 62.0 115.0
12 1 22.0 3.0
37 24 183.0 106.0
39 2 163.0 15.0
16 13 94.0 106.0
33 3 120.0 119.0
5 22 125.0 94.0
29 14 154.0 53.0
33 27 38.0 17.0
10 9 81.0 12.0
9 12 164.0 64.0
9 13 33.0 79.0
44 39 195.0 127.0
41 15 108.0 67.0
17 3 184.0 33.0
4 17 87.0 90.0
12 2 2.0 125.0
17 11 171.0 83.0
6 17 189.0 87.0
8 12 68.0 22.0
46 24 169.0 15.0
8 16 13.0 77.0
5 1 141.0 149.0
32 25 164.0 28.0
30 8 83.0 166.0
8 14 52.0 55.0
29 31 30.0 193.0
44 14 166.0 50.0
32 35 121.0 87.0
28 3 1.0 134.0
44 27 32.0 142.0
5 19 175.0 196.0
27 7 23.0 59.0
44 1 15.0 76.0
31 4 174.0 197.0
12 15 106.0 92.0
43 37 119.0 27.0
13 7 75.0 120.0
26 6 121.0 59.0
21 1 117.0 49.0
20 3 188.0 141.0
15 7 38.0 155.0
27 18 75.0 164.0
26 28 171.0 133.0
12 35 85.0 90.0
35 1 23.0 113.0
46 21 67.0 97.0
17 9 5.0 184.0
7 8 84.0 146.0
33 24 85.0 122.0
41 44 63.0 112.0
15 6 85.0 34.0
14 6 136.0 170.0
28 42 120.0 112.0
17 36 44.0 139.0
26 13 113.0 1.0
16 14 0.0 197.0
5 16 159.0 85.0
14 12 6.0 175.0
3 19 58.0 91.0
21 15 181.0 194.0
4 35 113.0 101.0
18 14 126.0 157.0
26 46 174.0 191.0
8 5 59.0 174.0
7 28 74.0 171.0
24 17 156.0 81.0
4 43 49.0 14.0
14 5 140.0 30.0
18 5 191.0 53.0
42 44 146.0 69.0
37 40 180.0 72.0
44 34 117.0 192.0
3 13 19.0 192.0
6 19 72.0 128.0
30 39 136.0 122.0
1 14 27.0 28.0
37 12 113.0 18.0
1 8 118.0 11.0
20 4 6.0 99.0
30 12 141.0 75.0
17 12 123.0 113.0
16 11 42.0 195.0
15 11 191.0 130.0
5 2 10.0 18.0
2 21 36.0 76.0
32 18 80.0 154.0
20 18 6.0 86.0
23 30 110.0 148.0
24 2 177.0 33.0
21 6 141.0 171.0
23 2 24.0 132.0
20 23 3.0 187.0
2 20 166.0 191.0
39 16 26.0 46.0
15 8 55.0 32.0
26 43 82.0 166.0
9 5 151.0 12.0
29 24 31.0 93.0
44 16 0.0 7.0
33 29 18.0 3.0
1 18 112.0 136.0
27 5 99.0 138.0
6 4 120.0 154.0
42 41 48.0 154.0
7 6 4.0 0.0
21 20 91.0 35.0
35 2 102.0 91.0
24 6 199.0 73.0
11 12 189.0 111.0
22 4 18.0 40.0
30 42 122.0 138.0
36 22 43.0 123.0
10 18 65.0 48.0
15 38 142.0 156.0
33 25 20.0 197.0
24 15 192.0 19.0
17 7 31.0 182.0
1 24 102.0 50.0
14 7 141.0 177.0
36 39 149.0 184.0
25 4 47.0 14.0
19 42 98.0 141.0
15 10 170.0 118.0
3 24 96.0 162.0
10 19 54.0 79.0
46 2 192.0 157.0
11 33 159.0 85.0
19 9 113.0 108.0
35 40 74.0 112.0
35 26 121.0 173.0
29 42 56.0 91.0
24 8 104.0 104.0
1 45 125.0 159.0
40 15 87.0 117.0
41 20 92.0 47.0
22 38 31.0 5.0
31 34 180.0 106.0
1 20 18.0 53.0
45 5 159.0 75.0
6 18 4.0 64.0
9 18 181.0 129.0
17 13 149.0 68.0
6 22 130.0 41.0
36 35 109.0 114.0
22 35 141.0 42.0
38 40 29.0 160.0
16 15 94.0 189.0
4 21 34.0 50.0
37 38 127.0 15.0
7 21 83.0 76.0
20 38 30.0 165.0
26 34 86.0 91.0
27 3 6.0 179.0
29 1 125.0 36.0
11 18 197.0 171.0
11 21 114.0 31.0
25 5 81.0 193.0
40 10 88.0 116.0
1 41 109.0 118.0
22 13 165.0 147.0
42 23 180.0 171.0
9 34 96.0 105.0
17 23 70.0 93.0
16 7 1.0 136.0
14 17 60.0 35.0
7 44 192.0 148.0
32 22 51.0 101.0
34 27 28.0 168.0
4 42 193.0 9.0
30 11 139.0 89.0
25 6 144.0 10.0
13 18 190.0 98.0
31 10 130.0 50.0
1 31 126.0 123.0
6 45 102.0 129.0
26 32 152.0 83.0
30 2 191.0 97.0
23 7 157.0 83.0
32 34 37.0 102.0
4 24 123.0 179.0
26 38 73.0 54.0
5 21 53.0 151.0
6 39 82.0 155.0
3 23 70.0 34.0
17 10 97.0 61.0
21 33 95.0 54.0
25 2 85.0 84.0
31 32 145.0 8.0
14 13 176.0 19.0
14 15 153.0 29.0
22 10 84.0 35.0
16 12 113.0 154.0
4 18 175.0 10.0
41 32 6.0 23.0
30 3 186.0 91.0
7 20 167.0 83.0
21 39 113.0 95.0
22 45 132.0 18.0
42 15 140.0 16.0
23 11 181.0 53.0
10 20 107.0 109.0
8 20 110.0 65.0
30 41 162.0 48.0
9 31 130.0 82.0
23 40 163.0 195.0
39 27 115.0 47.0
41 45 96.0 55.0
40 5 182.0 29.0
35 11 109.0 41.0
3 29 62.0 172.0
2 26 127.0 24.0
33 23 43.0 57.0
11 44 138.0 158.0
13 19 87.0 5.0
21 35 113.0 135.0
33 45 149.0 47.0
7 24 173.0 58.0
8 10 163.0 35.0
4 45 59.0 90.0
28 2 106.0 54.0
21 10 20.0 196.0
4 38 193.0 59.0
27 6 38.0 58.0
19 12 61.0 187.0
40 34 93.0 187.0
35 17 135.0 8.0
9 43 161.0 146.0
12 5 151.0 19.0
23 10 185.0 123.0
11 22 87.0 178.0
13 21 87.0 77.0
30 9 38.0 100.0
36 38 193.0 83.0
7 12 104.0 80.0
21 14 140.0 17.0
28 6 194.0 44.0
25 7 126.0 179.0
11 46 30.0 165.0
1 26 142.0 69.0
15 19 72.0 180.0
28 29 127.0 17.0
36 25 49.0 184.0
10 14 105.0 142.0
9 24 147.0 51.0
4 29 55.0 74.0
40 8 140.0 38.0
26 5 196.0 82.0
4 5 191.0 20.0
25 13 90.0 70.0
37 35 165.0 91.0
39 22 102.0 22.0
36 26 125.0 50.0
20 13 50.0 132.0
5 29 5.0 190.0
35 9 59.0 154.0
23 9 125.0 2.0
10 24 156.0 167.0
31 3 143.0 73.0
43 14 167.0 46.0
23 12 79.0 92.0
20 14 191.0 129.0
34 30 129.0 149.0
32 4 190.0 141.0
16 18 2.0 115.0
25 39 152.0 110.0
13 35 88.0 47.0
2 36 56.0 56.0
1 32 65.0 135.0
16 19 129.0 9.0
30 6 88.0 10.0
14 38 50.0 78.0
25 3 167.0 4.0
11 24 119.0 71.0
36 4 186.0 8.0
39 35 10.0 42.0
25 9 194.0 27.0
18 29 35.0 123.0
23 15 167.0 75.0
32 12 36.0 170.0
11 31 125.0 3.0
32 6 44.0 197.0
4 26 166.0 183.0
24 13 137.0 176.0
18 19 54.0 131.0
1 43 43.0 42.0
37 20 129.0 10.0
32 7 121.0 117.0
27 9 148.0 199.0
6 31 149.0 145.0
30 37 174.0 116.0
14 25 13.0 111.0
3 40 193.0 67.0
22 14 45.0 36.0
2 34 50.0 126.0
25 12 134.0 171.0
22 16 15.0 34.0
26 8 119.0 117.0
31 8 165.0 45.0
20 16 78.0 178.0
3 14 9.0 71.0
30 44 182.0 55.0
8 34 132.0 184.0
21 16 45.0 18.0
29 6 44.0 12.0
5 30 92.0 116.0
13 38 144.0 9.0
7 42 78.0 22.0
9 15 139.0 88.0
1 38 9.0 73.0
21 24 157.0 94.0
2 13 43.0 2.0
31 5 102.0 87.0
27 12 59.0 194.0
10 42 139.0 3.0
20 19 126.0 18.0
25 10 78.0 18.0
37 1 181.0 39.0
34 6 18.0 139.0
43 22 67.0 61.0
39 33 53.0 169.0
8 27 173.0 112.0
8 28 12.0 64.0
3 36 170.0 91.0
19 17 45.0 0.0
3 34 157.0 27.0
3 35 75.0 175.0
20 15 16.0 142.0
32 3 145.0 69.0
21 17 50.0 70.0
15 25 148.0 14.0
42 32 13.0 118.0
14 26 71.0 59.0
38 3 34.0 28.0
5 34 15.0 109.0
27 35 81.0 183.0
43 41 47.0 178.0
46 27 89.0 97.0
46 15 56.0 189.0
40 14 88.0 21.0
4 33 87.0 111.0
1 33 26.0 121.0
20 17 40.0 194.0
36 40 7.0 73.0
12 29 71.0 54.0
39 1 187.0 113.0
31 43 89.0 43.0
3 37 139.0 177.0
42 11 120.0 178.0
16 23 27.0 98.0
18 39 174.0 19.0
33 30 156.0 133.0
16 34 149.0 179.0
30 10 163.0 89.0
27 13 109.0 53.0
14 39 199.0 0.0
4 44 3.0 71.0
16 24 66.0 182.0
11 29 188.0 192.0
44 10 96.0 96.0
43 42 60.0 197.0
15 43 19.0 175.0
12 33 120.0 128.0
24 14 34.0 71.0
38 31 90.0 37.0
37 4 30.0 156.0
36 41 172.0 18.0
27 16 42.0 20.0
7 33 165.0 54.0
27 15 27.0 136.0
43 21 173.0 100.0
25 11 156.0 7.0
33 9 130.0 47.0
42 22 141.0 160.0
9 26 33.0 113.0
28 15 193.0 27.0
35 30 160.0 159.0
46 34 25.0 140.0
11 20 161.0 198.0
37 7 29.0 69.0
16 25 120.0 159.0
5 38 128.0 61.0
7 36 149.0 113.0
5 37 117.0 143.0
16 26 189.0 29.0
28 14 117.0 166.0
8 39 125.0 78.0
28 25 74.0 154.0
7 43 40.0 195.0
34 25 139.0 120.0
2 33 100.0 88.0
19 22 101.0 169.0
20 22 91.0 43.0
22 18 82.0 8.0
22 17 47.0 159.0
34 38 155.0 122.0
21 22 117.0 148.0
11 32 165.0 56.0
33 5 29.0 17.0
2 37 117.0 83.0
18 24 58.0 8.0
40 1 165.0 92.0
27 17 147.0 13.0
36 42 96.0 54.0
41 2 185.0 13.0
13 30 125.0 102.0
28 12 150.0 107.0
4 39 45.0 67.0
31 37 59.0 55.0
21 23 5.0 25.0
8 43 116.0 104.0
38 17 185.0 13.0
40 33 136.0 170.0
25 21 70.0 61.0
37 9 4.0 20.0
2 40 82.0 1.0
8 41 16.0 142.0
15 26 108.0 173.0
31 13 138.0 24.0
5 39 53.0 123.0
31 15 16.0 189.0
10 33 167.0 38.0
34 7 185.0 123.0
8 37 117.0 68.0
16 29 193.0 133.0
36 9 142.0 101.0
28 18 124.0 80.0
10 36 131.0 129.0
44 2 175.0 99.0
17 25 148.0 94.0
2 43 45.0 85.0
30 7 83.0 162.0
40 7 148.0 29.0
41 4 139.0 42.0
18 25 124.0 15.0
6 41 182.0 55.0
13 32 40.0 157.0
19 26 40.0 188.0
26 33 68.0 85.0
15 32 47.0 103.0
3 41 49.0 147.0
39 7 23.0 188.0
5 42 46.0 147.0
19 32 68.0 28.0
22 25 154.0 108.0
21 34 10.0 194.0
43 3 6.0 30.0
29 17 125.0 5.0
38 6 81.0 174.0
2 29 111.0 104.0
27 19 122.0 157.0
37 10 117.0 142.0
30 18 111.0 71.0
1 46 30.0 73.0
14 33 32.0 37.0
20 26 54.0 109.0
32 28 42.0 87.0
31 16 170.0 154.0
21 12 107.0 44.0
36 37 123.0 176.0
34 11 96.0 34.0
46 36 19.0 127.0
15 29 151.0 3.0
39 23 106.0 157.0
28 13 48.0 100.0
16 32 41.0 170.0
27 36 71.0 100.0
41 7 198.0 194.0
31 14 197.0 95.0
37 39 3.0 168.0
2 42 48.0 154.0
17 31 182.0 154.0
19 30 1.0 182.0
44 35 83.0 194.0
43 5 177.0 154.0
42 6 102.0 175.0
33 15 122.0 51.0
37 11 86.0 77.0
19 40 177.0 135.0
20 27 155.0 111.0
43 30 62.0 157.0
19 25 117.0 145.0
15 45 24.0 94.0
38 10 35.0 78.0
37 13 144.0 109.0
23 25 90.0 183.0
44 3 65.0 19.0
28 20 112.0 173.0
17 32 21.0 174.0
45 3 135.0 90.0
29 19 28.0 112.0
41 10 57.0 15.0
36 12 20.0 2.0
9 41 186.0 111.0
44 43 70.0 4.0
30 14 188.0 134.0
9 39 44.0 161.0
33 18 159.0 132.0
23 27 1.0 188.0
27 24 106.0 58.0
19 31 0.0 127.0
29 20 156.0 187.0
14 32 37.0 179.0
23 32 179.0 178.0
11 39 58.0 175.0
39 13 186.0 17.0
11 40 90.0 187.0
13 29 49.0 196.0
15 35 8.0 50.0
31 20 90.0 116.0
44 8 52.0 79.0
13 36 135.0 183.0
28 43 100.0 193.0
33 17 121.0 38.0
11 45 185.0 11.0
36 15 34.0 186.0
28 24 53.0 194.0
26 23 61.0 95.0
46 7 167.0 113.0
34 14 141.0 102.0
35 19 177.0 193.0
43 6 130.0 98.0
42 8 89.0 67.0
27 40 57.0 124.0
40 12 171.0 62.0
34 17 140.0 33.0
12 38 124.0 59.0
18 31 106.0 17.0
25 27 171.0 83.0
16 38 107.0 101.0
4 46 17.0 196.0
23 19 168.0 27.0
30 22 28.0 139.0
3 46 35.0 168.0
33 20 18.0 159.0
12 41 103.0 124.0
25 24 83.0 75.0
45 37 88.0 190.0
46 6 23.0 57.0
16 37 58.0 191.0
15 34 125.0 87.0
36 18 126.0 160.0
29 26 129.0 144.0
5 32 185.0 33.0
18 35 175.0 68.0
12 43 85.0 15.0
13 42 17.0 108.0
11 43 35.0 76.0
45 28 189.0 160.0
19 33 110.0 115.0
12 44 190.0 191.0
9 46 114.0 175.0
13 40 121.0 89.0
29 25 13.0 6.0
37 18 39.0 30.0
19 45 52.0 75.0
29 27 0.0 41.0
23 18 51.0 62.0
45 10 102.0 42.0
30 26 114.0 16.0
43 13 76.0 35.0
28 27 93.0 89.0
32 20 179.0 132.0
8 45 8.0 184.0
40 9 55.0 8.0
25 31 5.0 106.0
20 36 153.0 60.0
16 41 35.0 20.0
36 23 49.0 112.0
46 38 62.0 94.0
23 29 108.0 42.0
21 45 133.0 68.0
8 46 41.0 188.0
22 29 21.0 199.0
34 20 65.0 127.0
40 24 22.0 101.0
23 34 156.0 23.0
31 28 48.0 18.0
35 23 35.0 108.0
41 11 146.0 169.0
45 32 150.0 139.0
43 33 104.0 171.0
13 44 37.0 121.0
39 17 152.0 11.0
21 37 162.0 108.0
31 27 1.0 10.0
25 30 81.0 37.0
46 13 98.0 27.0
45 16 176.0 48.0
19 39 7.0 80.0
23 38 19.0 44.0
15 44 19.0 123.0
42 17 194.0 133.0
23 37 153.0 195.0
33 28 107.0 34.0
41 19 58.0 157.0
40 16 190.0 34.0
22 41 199.0 197.0
22 37 51.0 170.0
30 31 90.0 71.0
9 42 43.0 36.0
42 14 113.0 148.0
43 18 110.0 173.0
24 39 82.0 120.0
41 21 65.0 24.0
38 24 96.0 16.0
36 29 16.0 147.0
46 10 166.0 58.0
40 21 179.0 9.0
44 31 149.0 92.0
24 41 146.0 60.0
29 34 188.0 28.0
29 30 11.0 53.0
26 37 146.0 107.0
46 42 144.0 162.0
31 26 104.0 62.0
14 37 199.0 35.0
38 28 178.0 101.0
20 43 45.0 76.0
31 33 132.0 33.0
41 23 87.0 144.0
17 43 171.0 185.0
17 46 140.0 67.0
46 14 41.0 196.0
23 45 38.0 193.0
27 37 9.0 168.0
22 44 52.0 7.0
39 28 162.0 185.0
44 46 194.0 2.0
13 45 199.0 165.0
20 40 158.0 91.0
46 19 170.0 152.0
14 36 183.0 8.0
21 36 150.0 193.0
24 36 27.0 2.0
20 44 175.0 189.0
26 41 9.0 170.0
35 31 18.0 160.0
37 28 89.0 128.0
21 44 162.0 11.0
44 23 168.0 145.0
33 16 25.0 118.0
20 46 35.0 52.0
36 28 185.0 162.0
20 45 116.0 146.0
27 41 148.0 86.0
28 40 47.0 189.0
40 26 25.0 9.0
15 39 24.0 145.0
6 37 88.0 50.0
22 7 53.0 75.0
25 26 34.0 190.0
39 26 46.0 102.0
42 27 151.0 194.0
39 31 3.0 151.0
43 19 109.0 180.0
2 31 65.0 85.0
24 45 87.0 105.0
29 41 38.0 92.0
30 36 43.0 24.0
34 35 14.0 89.0
39 29 24.0 117.0
32 36 107.0 179.0
38 30 0.0 168.0
26 44 36.0 17.0
32 39 83.0 123.0
36 31 176.0 122.0
25 41 22.0 19.0
46 25 197.0 188.0
43 40 67.0 21.0
21 38 59.0 127.0
44 28 55.0 59.0
27 43 195.0 91.0
44 32 158.0 78.0
42 31 184.0 134.0
44 33 28.0 6.0
25 37 111.0 178.0
42 35 177.0 130.0
28 46 169.0 36.0
38 33 158.0 24.0
45 29 28.0 153.0
17 44 119.0 138.0
37 41 187.0 103.0
41 31 144.0 16.0
42 33 106.0 7.0
33 46 2.0 36.0
31 45 4.0 171.0
41 38 149.0 163.0
43 36 153.0 178.0
45 25 37.0 72.0
43 29 119.0 24.0
46 29 195.0 15.0
23 43 36.0 53.0
43 35 60.0 190.0
24 44 138.0 65.0
35 46 181.0 88.0
46 43 53.0 86.0
4 2 27.0 42.0
40 41 177.0 98.0
43 39 53.0 172.0
38 35 50.0 89.0
34 39 133.0 110.0
41 39 158.0 23.0
45 40 60.0 139.0
40 30 168.0 65.0
26 42 124.0 195.0
34 45 88.0 101.0
17 37 1.0 142.0
37 32 174.0 51.0
42 20 112.0 107.0
42 38 52.0 70.0
44 36 75.0 64.0
38 32 75.0 43.0
33 41 66.0 151.0
32 27 101.0 106.0
37 29 137.0 102.0
40 46 103.0 111.0
38 43 163.0 15.0
28 1 47.0 168.0
25 43 139.0 74.0
40 32 54.0 14.0
2 1 50.0 120.0
31 40 105.0 103.0
45 36 163.0 42.0
18 44 32.0 66.0
45 38 177.0 148.0
24 43 70.0 176.0
41 46 70.0 9.0
46 37 86.0 125.0
44 38 15.0 88.0
17 45 4.0 120.0
39 45 162.0 119.0
29 44 193.0 194.0
0
