44 946 40 11 137022
20 39 170.0 165.0
33 29 192.0 181.0
18 28 13.0 192.0
44 25 3.0 151.0
33 18 86.0 108.0
31 16 133.0 20.0
1 11 168.0 43.0
1 33 144.0 13.0
3 40 190.0 114.0
44 12 161.0 134.0
15 4 185.0 174.0
4 30 75.0 140.0
3 34 185.0 114.0
5 15 113.0 118.0
1 22 89.0 81.0
2 6 156.0 33.0
6 16 97.0 99.0
27 14 168.0 10.0
6 8 107.0 153.0
22 39 188.0 183.0
28 30 3.0 173.0
44 16 136.0 116.0
37 14 38.0 177.0
25 19 69.0 195.0
34 31 55.0 118.0
44 29 144.0 23.0
21 13 126.0 51.0
7 31 173.0 114.0
16 28 123.0 129.0
43 2 30.0 59.0
36 33 143.0 21.0
7 1 59.0 164.0
7 28 93.0 114.0
12 14 76.0 189.0
2 22 144.0 2.0
8 1 15.0 69.0
4 7 133.0 138.0
29 2 47.0 115.0
34 1 87.0 142.0
21 7 70.0 146.0
34 37 153.0 116.0
26 22 118.0 29.0
43 12 126.0 62.0
32 1 6.0 93.0
27 12 182.0 139.0
33 43 173.0 181.0
20 36 151.0 60.0
15 1 171.0 22.0
11 3 119.0 124.0
24 14 142.0 37.0
1 21 187.0 68.0
21 26 18.0 193.0
37 5 28.0 1.0
24 35 138.0 1.0
3 10 40.0 41.0
28 8 141.0 11.0
30 33 149.0 60.0
22 14 130.0 91.0
34 8 37.0 69.0
9 24 168.0 8.0
4 14 142.0 148.0
4 18 153.0 32.0
27 11 85.0 193.0
38 30 195.0 178.0
38 23 38.0 144.0
3 6 93.0 168.0
2 9 170.0 82.0
42 11 104.0 90.0
24 19 147.0 199.0
36 24 5.0 100.0
34 7 51.0 42.0
12 21 48.0 46.0
19 11 49.0 86.0
22 32 27.0 94.0
6 10 2.0 197.0
13 1 71.0 106.0
10 22 168.0 18.0
22 27 98.0 173.0
7 8 119.0 149.0
12 36 45.0 167.0
2 23 18.0 46.0
30 18 10.0 197.0
27 7 137.0 12.0
42 31 14.0 8.0
29 39 169.0 182.0
22 36 165.0 67.0
8 5 109.0 85.0
13 33 158.0 106.0
31 30 23.0 128.0
2 3 116.0 33.0
9 38 58.0 5.0
1 43 148.0 72.0
37 12 41.0 117.0
3 41 189.0 159.0
18 29 174.0 50.0
17 14 163.0 132.0
43 29 60.0 186.0
31 21 11.0 176.0
14 2 189.0 21.0
44 6 92.0 89.0
17 27 119.0 85.0
24 1 0.0 108.0
5 39 145.0 174.0
28 19 81.0 108.0
5 4 105.0 141.0
35 22 188.0 116.0
24 42 102.0 129.0
4 32 187.0 194.0
14 13 120.0 58.0
33 35 69.0 121.0
2 5 144.0 14.0
3 31 73.0 26.0
9 3 187.0 178.0
10 36 144.0 127.0
33 25 23.0 46.0
12 18 53.0 163.0
6 42 149.0 173.0
33 19 17.0 170.0
3 17 0.0 113.0
3 32 131.0 73.0
20 16 152.0 70.0
5 9 91.0 96.0
2 39 81.0 114.0
32 10 160.0 134.0
8 24 39.0 62.0
19 13 104.0 8.0
6 26 83.0 104.0
14 26 24.0 14.0
41 37 135.0 128.0
14 1 39.0 26.0
39 37 158.0 120.0
23 35 21.0 70.0
5 7 27.0 60.0
2 10 190.0 131.0
26 44 154.0 73.0
25 5 145.0 130.0
41 35 110.0 80.0
35 7 57.0 101.0
19 22 120.0 167.0
32 26 148.0 141.0
3 42 191.0 176.0
42 4 67.0 181.0
24 23 107.0 173.0
7 3 171.0 4.0
27 37 53.0 81.0
43 3 197.0 62.0
44 30 86.0 117.0
11 12 92.0 34.0
29 3 42.0 83.0
7 25 165.0 109.0
24 15 165.0 24.0
7 6 5.0 88.0
18 26 16.0 58.0
1 5 10.0 13.0
34 39 23.0 48.0
6 28 10.0 116.0
16 1 19.0 4.0
29 14 39.0 136.0
28 26 86.0 156.0
7 30 63.0 91.0
31 26 22.0 79.0
30 21 178.0 184.0
16 14 172.0 1.0
41 42 17.0 134.0
26 19 141.0 37.0
32 30 199.0 180.0
11 5 180.0 85.0
6 1 52.0 196.0
2 28 2.0 26.0
7 2 199.0 180.0
20 14 63.0 171.0
12 5 176.0 81.0
3 12 48.0 117.0
12 34 130.0 199.0
30 17 23.0 62.0
37 3 41.0 75.0
31 22 110.0 43.0
4 24 59.0 109.0
4 10 63.0 122.0
19 4 39.0 39.0
13 5 21.0 39.0
42 7 95.0 103.0
4 8 134.0 118.0
5 14 62.0 175.0
9 7 109.0 172.0
13 2 157.0 168.0
22 4 60.0 173.0
27 9 128.0 99.0
18 19 78.0 149.0
25 41 98.0 173.0
18 8 145.0 184.0
21 44 34.0 7.0
17 1 178.0 96.0
29 13 182.0 135.0
16 21 162.0 42.0
11 4 146.0 90.0
44 32 159.0 24.0
28 3 164.0 9.0
30 14 182.0 110.0
33 26 185.0 168.0
17 2 13.0 163.0
11 2 92.0 147.0
20 38 184.0 54.0
19 37 17.0 82.0
24 31 82.0 176.0
9 34 2.0 47.0
3 22 34.0 184.0
9 1 75.0 171.0
18 43 2.0 41.0
22 37 0.0 94.0
7 18 68.0 136.0
10 15 85.0 38.0
21 27 85.0 167.0
17 19 34.0 87.0
40 20 198.0 21.0
4 29 48.0 25.0
28 43 120.0 50.0
12 42 89.0 120.0
15 13 147.0 109.0
3 8 102.0 184.0
35 25 18.0 187.0
19 7 42.0 4.0
4 3 81.0 192.0
35 30 105.0 129.0
3 14 43.0 25.0
30 34 179.0 84.0
4 1 131.0 126.0
7 12 7.0 33.0
28 10 133.0 177.0
3 16 1.0 127.0
28 40 185.0 82.0
2 16 125.0 90.0
8 2 124.0 168.0
37 29 117.0 103.0
4 6 90.0 0.0
18 1 60.0 49.0
43 31 6.0 145.0
9 22 71.0 159.0
37 42 33.0 8.0
13 35 52.0 110.0
14 39 129.0 128.0
8 13 80.0 198.0
11 7 59.0 122.0
40 1 38.0 71.0
31 13 110.0 196.0
10 8 186.0 133.0
5 30 104.0 171.0
20 35 4.0 108.0
5 34 147.0 133.0
42 28 139.0 27.0
10 18 113.0 150.0
18 2 24.0 151.0
14 44 79.0 134.0
11 6 2.0 17.0
6 37 1.0 58.0
12 6 87.0 5.0
41 24 81.0 34.0
27 34 104.0 20.0
7 39 188.0 169.0
40 33 180.0 12.0
32 19 25.0 59.0
4 17 128.0 179.0
4 12 143.0 129.0
33 31 168.0 30.0
10 37 152.0 49.0
12 2 96.0 8.0
8 42 182.0 36.0
3 18 20.0 163.0
7 15 65.0 197.0
20 9 172.0 145.0
30 19 26.0 115.0
5 27 90.0 146.0
39 17 48.0 42.0
6 13 57.0 144.0
4 33 180.0 39.0
21 43 30.0 152.0
34 6 180.0 47.0
1 12 146.0 152.0
39 44 179.0 124.0
10 5 136.0 21.0
28 36 84.0 184.0
18 17 148.0 141.0
5 38 144.0 128.0
12 25 64.0 174.0
14 8 162.0 44.0
31 9 185.0 108.0
29 6 189.0 116.0
17 10 123.0 125.0
21 38 169.0 7.0
10 7 153.0 117.0
23 14 17.0 49.0
38 41 114.0 34.0
27 15 116.0 76.0
13 10 99.0 53.0
10 34 177.0 88.0
19 15 162.0 100.0
8 29 169.0 83.0
16 4 91.0 74.0
5 16 130.0 60.0
17 31 2.0 44.0
22 33 104.0 70.0
5 17 82.0 155.0
30 12 8.0 12.0
26 1 189.0 122.0
5 3 133.0 110.0
13 9 12.0 176.0
29 26 112.0 142.0
12 40 160.0 114.0
4 2 124.0 16.0
2 19 10.0 159.0
8 15 80.0 18.0
20 2 160.0 21.0
24 32 113.0 93.0
41 43 80.0 125.0
8 11 94.0 193.0
16 36 122.0 7.0
37 20 57.0 199.0
7 16 18.0 68.0
6 39 20.0 98.0
40 41 86.0 180.0
2 15 71.0 0.0
33 14 107.0 152.0
34 42 56.0 153.0
21 2 1.0 131.0
33 11 187.0 10.0
41 23 25.0 5.0
18 16 0.0 45.0
32 23 131.0 87.0
37 40 52.0 2.0
9 11 62.0 159.0
7 14 160.0 70.0
42 38 17.0 113.0
13 3 123.0 4.0
21 3 71.0 148.0
33 39 96.0 23.0
17 35 176.0 27.0
30 22 18.0 28.0
9 16 43.0 32.0
20 27 132.0 155.0
21 5 187.0 101.0
3 20 50.0 111.0
31 36 187.0 73.0
30 1 81.0 83.0
36 27 12.0 9.0
24 10 35.0 30.0
6 17 84.0 31.0
2 31 21.0 168.0
36 11 55.0 8.0
4 20 98.0 57.0
8 31 192.0 85.0
31 41 41.0 74.0
23 16 129.0 54.0
11 10 153.0 165.0
4 9 168.0 189.0
14 10 45.0 189.0
13 12 59.0 52.0
38 22 56.0 157.0
11 15 122.0 48.0
39 43 48.0 163.0
35 26 135.0 178.0
11 44 57.0 88.0
3 15 129.0 177.0
13 39 72.0 127.0
16 12 40.0 131.0
13 11 184.0 48.0
32 34 102.0 58.0
32 35 185.0 150.0
15 6 149.0 120.0
25 2 18.0 6.0
18 5 179.0 100.0
22 20 121.0 51.0
23 1 103.0 113.0
36 23 115.0 88.0
12 31 86.0 17.0
21 40 64.0 24.0
25 1 175.0 13.0
1 19 144.0 194.0
32 31 161.0 75.0
26 39 183.0 34.0
21 4 140.0 87.0
18 32 24.0 55.0
18 13 98.0 63.0
29 36 192.0 114.0
8 19 89.0 119.0
40 6 111.0 185.0
20 5 184.0 24.0
24 11 152.0 120.0
20 6 19.0 45.0
10 12 15.0 195.0
7 17 69.0 65.0
38 36 129.0 13.0
28 29 62.0 18.0
16 10 109.0 125.0
41 10 108.0 94.0
20 7 117.0 12.0
8 9 163.0 88.0
27 4 187.0 178.0
24 3 191.0 8.0
12 22 186.0 120.0
8 12 55.0 1.0
23 11 14.0 165.0
21 20 35.0 122.0
26 8 102.0 104.0
13 37 54.0 17.0
41 4 122.0 41.0
24 30 71.0 113.0
23 4 32.0 57.0
25 15 74.0 87.0
2 33 165.0 89.0
7 13 192.0 152.0
15 26 139.0 46.0
11 16 77.0 145.0
11 17 58.0 199.0
9 26 115.0 129.0
26 3 127.0 147.0
3 19 86.0 2.0
18 11 6.0 51.0
43 25 49.0 199.0
6 21 14.0 140.0
15 12 176.0 44.0
16 13 165.0 34.0
22 6 159.0 80.0
40 32 52.0 39.0
14 11 4.0 91.0
5 23 186.0 11.0
39 3 63.0 187.0
24 12 172.0 78.0
18 9 93.0 148.0
10 20 130.0 58.0
12 17 106.0 41.0
17 8 83.0 110.0
34 14 5.0 87.0
29 19 146.0 192.0
15 9 68.0 10.0
16 29 80.0 192.0
5 22 183.0 173.0
9 21 31.0 65.0
7 44 192.0 89.0
20 1 109.0 75.0
38 27 1.0 66.0
2 27 73.0 147.0
31 10 105.0 93.0
14 43 167.0 137.0
32 7 159.0 151.0
23 7 169.0 190.0
6 23 63.0 113.0
23 37 87.0 124.0
19 43 19.0 88.0
1 10 95.0 93.0
4 26 151.0 152.0
25 4 3.0 118.0
20 18 198.0 114.0
26 5 65.0 167.0
32 21 70.0 128.0
33 41 178.0 157.0
40 11 148.0 198.0
15 16 187.0 195.0
22 8 6.0 138.0
21 42 91.0 161.0
35 21 172.0 89.0
12 9 20.0 190.0
1 35 116.0 42.0
32 28 22.0 47.0
14 38 135.0 122.0
26 2 21.0 123.0
9 14 108.0 179.0
27 26 157.0 151.0
2 34 149.0 81.0
38 8 194.0 169.0
43 8 17.0 110.0
36 18 64.0 39.0
8 16 146.0 0.0
3 36 198.0 120.0
1 27 15.0 58.0
37 2 57.0 124.0
35 10 156.0 159.0
9 17 19.0 102.0
19 10 7.0 188.0
39 8 180.0 71.0
33 12 122.0 79.0
1 29 43.0 72.0
35 43 91.0 58.0
20 19 46.0 148.0
12 20 16.0 2.0
10 9 184.0 35.0
29 12 94.0 143.0
19 14 94.0 75.0
14 6 192.0 16.0
14 15 3.0 35.0
23 22 14.0 94.0
31 1 167.0 60.0
19 9 194.0 183.0
43 32 90.0 178.0
7 22 149.0 185.0
27 3 30.0 43.0
13 17 71.0 174.0
29 35 175.0 26.0
8 20 35.0 189.0
1 28 74.0 154.0
40 42 85.0 21.0
5 24 159.0 127.0
24 7 65.0 60.0
9 23 42.0 47.0
19 6 120.0 113.0
16 41 39.0 95.0
6 41 185.0 26.0
10 21 52.0 59.0
6 9 34.0 89.0
17 15 161.0 145.0
25 9 5.0 26.0
25 22 80.0 48.0
2 32 30.0 152.0
30 16 170.0 21.0
24 6 72.0 107.0
7 26 104.0 76.0
30 6 87.0 90.0
30 36 14.0 48.0
33 7 5.0 172.0
28 41 50.0 85.0
11 22 43.0 32.0
2 24 23.0 165.0
6 27 87.0 47.0
5 28 95.0 191.0
13 23 77.0 183.0
29 7 14.0 92.0
20 11 165.0 171.0
4 28 73.0 167.0
22 28 33.0 68.0
9 43 8.0 8.0
33 3 51.0 95.0
14 18 26.0 146.0
13 20 46.0 103.0
10 26 179.0 12.0
36 32 151.0 96.0
16 17 36.0 177.0
44 38 20.0 21.0
31 5 90.0 28.0
8 23 70.0 93.0
3 23 92.0 96.0
42 1 42.0 138.0
26 11 63.0 173.0
15 39 126.0 14.0
17 20 149.0 162.0
26 37 172.0 169.0
25 8 154.0 15.0
11 41 45.0 176.0
41 26 78.0 137.0
29 5 28.0 120.0
7 43 65.0 91.0
25 6 2.0 143.0
21 17 142.0 151.0
31 4 111.0 115.0
8 35 153.0 65.0
25 10 43.0 150.0
8 27 147.0 121.0
12 26 197.0 176.0
19 16 3.0 14.0
23 12 31.0 5.0
31 6 160.0 173.0
11 21 61.0 71.0
30 3 113.0 14.0
21 15 4.0 108.0
32 5 69.0 103.0
13 24 110.0 18.0
21 18 80.0 65.0
25 11 108.0 111.0
17 34 170.0 20.0
14 32 152.0 31.0
36 1 116.0 17.0
22 13 116.0 72.0
15 22 128.0 137.0
32 41 10.0 38.0
27 10 82.0 91.0
14 21 115.0 142.0
16 27 173.0 85.0
32 6 192.0 125.0
2 35 26.0 60.0
30 2 125.0 142.0
29 10 68.0 53.0
28 37 176.0 79.0
8 30 131.0 58.0
9 41 172.0 46.0
5 33 175.0 145.0
12 19 112.0 167.0
33 44 87.0 138.0
2 36 173.0 12.0
24 22 147.0 42.0
14 42 113.0 75.0
44 18 23.0 44.0
22 18 103.0 195.0
8 21 124.0 78.0
26 13 30.0 36.0
9 29 137.0 117.0
30 9 70.0 110.0
44 13 112.0 169.0
38 2 172.0 26.0
30 27 166.0 196.0
14 40 38.0 69.0
9 28 198.0 163.0
4 34 168.0 181.0
25 14 188.0 57.0
15 23 183.0 10.0
17 22 2.0 95.0
17 24 56.0 126.0
25 23 9.0 22.0
28 11 54.0 199.0
24 16 38.0 4.0
35 6 96.0 159.0
30 10 72.0 36.0
18 23 113.0 7.0
31 19 106.0 115.0
17 26 24.0 162.0
36 4 86.0 185.0
17 29 123.0 140.0
8 37 117.0 161.0
15 29 22.0 13.0
23 17 25.0 46.0
33 8 179.0 90.0
28 12 139.0 85.0
15 18 19.0 163.0
23 10 165.0 105.0
37 1 136.0 40.0
22 34 79.0 53.0
39 23 115.0 101.0
40 4 68.0 92.0
41 20 164.0 47.0
13 4 139.0 103.0
36 5 68.0 110.0
28 20 156.0 185.0
35 5 162.0 44.0
37 4 156.0 41.0
9 32 135.0 71.0
36 7 147.0 155.0
24 43 39.0 111.0
21 19 169.0 179.0
28 14 105.0 189.0
18 24 125.0 13.0
36 43 82.0 87.0
24 38 175.0 38.0
26 16 18.0 62.0
23 26 77.0 165.0
24 25 9.0 116.0
8 32 180.0 130.0
29 11 98.0 85.0
31 11 198.0 23.0
2 40 168.0 32.0
33 10 16.0 143.0
5 6 62.0 34.0
25 17 145.0 91.0
36 6 175.0 106.0
20 15 144.0 156.0
26 30 155.0 42.0
18 25 105.0 105.0
26 38 169.0 74.0
5 19 148.0 185.0
37 7 149.0 163.0
12 32 104.0 47.0
23 20 118.0 79.0
31 40 51.0 14.0
44 1 25.0 159.0
13 28 52.0 131.0
31 18 66.0 173.0
19 23 53.0 166.0
38 3 5.0 3.0
41 1 46.0 109.0
36 25 98.0 116.0
33 9 5.0 101.0
42 2 15.0 30.0
33 6 31.0 19.0
36 9 197.0 97.0
15 28 183.0 50.0
25 20 129.0 188.0
12 38 115.0 127.0
35 9 62.0 13.0
36 8 19.0 19.0
32 11 52.0 186.0
31 15 33.0 83.0
27 18 3.0 30.0
30 11 92.0 138.0
5 40 198.0 173.0
13 30 166.0 113.0
34 11 128.0 180.0
21 25 119.0 99.0
26 42 164.0 123.0
25 16 143.0 149.0
23 21 38.0 98.0
41 5 155.0 82.0
32 33 44.0 153.0
17 28 110.0 10.0
43 4 89.0 38.0
2 41 143.0 160.0
13 27 120.0 59.0
32 15 133.0 15.0
15 30 106.0 123.0
35 11 17.0 61.0
44 2 74.0 13.0
19 27 130.0 184.0
44 5 61.0 19.0
12 35 141.0 156.0
3 35 58.0 13.0
38 37 166.0 143.0
38 15 147.0 72.0
16 38 189.0 164.0
25 42 86.0 15.0
31 14 23.0 16.0
43 16 142.0 84.0
39 1 86.0 83.0
42 5 185.0 144.0
44 3 123.0 151.0
24 21 80.0 70.0
40 8 65.0 21.0
38 7 19.0 103.0
38 10 115.0 42.0
32 13 177.0 9.0
24 26 31.0 63.0
34 13 171.0 17.0
39 25 7.0 46.0
40 7 61.0 39.0
9 37 169.0 78.0
23 31 39.0 141.0
26 20 64.0 106.0
43 17 37.0 193.0
29 21 55.0 20.0
15 33 69.0 178.0
19 38 110.0 76.0
38 28 148.0 123.0
41 8 130.0 117.0
7 41 141.0 121.0
11 37 160.0 157.0
5 43 9.0 149.0
35 15 77.0 16.0
21 28 21.0 146.0
40 39 113.0 83.0
16 32 122.0 13.0
28 23 199.0 4.0
33 16 39.0 140.0
22 16 106.0 199.0
24 37 157.0 67.0
34 24 28.0 34.0
38 11 1.0 1.0
15 36 147.0 66.0
35 36 106.0 21.0
39 11 6.0 105.0
26 25 66.0 45.0
25 13 45.0 124.0
36 13 166.0 2.0
15 37 159.0 146.0
38 6 122.0 160.0
29 23 179.0 21.0
14 35 123.0 85.0
39 12 29.0 129.0
44 8 185.0 95.0
17 33 124.0 30.0
33 20 140.0 42.0
4 35 188.0 99.0
32 17 25.0 110.0
40 13 152.0 156.0
34 15 99.0 75.0
38 13 74.0 128.0
24 20 63.0 59.0
25 27 108.0 187.0
40 10 93.0 0.0
30 25 10.0 81.0
9 42 6.0 187.0
29 20 57.0 158.0
20 32 175.0 156.0
28 25 129.0 49.0
25 29 159.0 192.0
23 30 126.0 19.0
42 10 82.0 171.0
34 18 136.0 92.0
16 37 77.0 94.0
21 33 166.0 134.0
39 16 36.0 141.0
20 34 196.0 166.0
35 39 55.0 155.0
20 30 154.0 181.0
28 27 19.0 36.0
14 41 159.0 107.0
10 43 189.0 36.0
43 11 101.0 155.0
24 27 198.0 89.0
35 19 192.0 194.0
36 17 112.0 47.0
10 39 176.0 66.0
24 28 144.0 195.0
19 36 199.0 103.0
21 34 166.0 140.0
13 43 133.0 19.0
17 41 135.0 131.0
16 35 34.0 127.0
38 18 160.0 98.0
14 36 96.0 88.0
37 17 107.0 192.0
16 34 145.0 58.0
41 15 107.0 111.0
15 40 191.0 40.0
10 44 106.0 126.0
9 44 84.0 92.0
43 6 144.0 196.0
39 18 126.0 40.0
17 38 58.0 185.0
39 19 124.0 3.0
42 15 40.0 31.0
19 34 138.0 31.0
9 40 51.0 45.0
40 18 199.0 135.0
18 41 187.0 143.0
39 9 89.0 65.0
12 41 104.0 147.0
40 19 40.0 29.0
42 13 68.0 33.0
31 25 134.0 6.0
4 38 193.0 185.0
13 41 125.0 192.0
35 18 76.0 64.0
36 34 47.0 165.0
27 31 131.0 104.0
25 32 86.0 123.0
33 24 37.0 154.0
27 32 51.0 172.0
25 34 161.0 44.0
29 30 42.0 86.0
21 36 156.0 118.0
25 3 116.0 155.0
15 44 67.0 199.0
26 36 146.0 153.0
34 28 108.0 183.0
19 41 89.0 159.0
27 33 103.0 51.0
37 18 124.0 145.0
15 43 176.0 80.0
27 29 0.0 44.0
32 29 144.0 67.0
17 42 6.0 90.0
40 23 53.0 115.0
42 19 198.0 95.0
25 37 78.0 53.0
37 21 179.0 154.0
44 17 65.0 107.0
43 20 70.0 65.0
29 34 171.0 166.0
39 24 185.0 177.0
31 20 111.0 190.0
31 28 5.0 61.0
42 23 171.0 83.0
28 33 77.0 102.0
29 22 151.0 142.0
35 27 14.0 174.0
43 23 196.0 137.0
35 28 79.0 133.0
39 27 182.0 190.0
40 16 192.0 187.0
38 29 181.0 115.0
17 40 140.0 10.0
31 29 46.0 91.0
42 22 108.0 12.0
23 34 155.0 104.0
22 41 78.0 34.0
30 37 121.0 60.0
25 40 96.0 66.0
25 38 137.0 77.0
35 34 35.0 77.0
26 40 9.0 81.0
41 21 192.0 117.0
24 44 162.0 147.0
37 33 74.0 40.0
44 23 136.0 148.0
31 37 178.0 32.0
40 29 51.0 115.0
21 39 45.0 86.0
38 1 50.0 6.0
31 35 112.0 194.0
39 28 162.0 26.0
35 38 183.0 188.0
34 26 28.0 119.0
27 40 50.0 6.0
24 29 65.0 53.0
44 20 33.0 62.0
42 27 129.0 36.0
30 40 47.0 193.0
37 35 150.0 9.0
33 42 61.0 134.0
42 29 188.0 89.0
22 40 73.0 190.0
38 33 41.0 90.0
27 41 50.0 26.0
38 34 171.0 131.0
40 34 169.0 18.0
44 35 85.0 71.0
30 41 167.0 146.0
27 23 72.0 155.0
44 27 106.0 97.0
31 39 28.0 147.0
39 30 17.0 31.0
43 34 33.0 188.0
36 41 86.0 154.0
42 30 171.0 171.0
44 22 146.0 138.0
42 32 42.0 170.0
41 34 133.0 148.0
43 30 100.0 162.0
38 32 113.0 117.0
39 36 50.0 146.0
35 40 59.0 137.0
36 44 60.0 30.0
34 44 138.0 158.0
43 38 7.0 133.0
4 44 155.0 140.0
36 40 6.0 55.0
32 39 59.0 119.0
32 37 198.0 109.0
42 39 194.0 57.0
37 44 93.0 55.0
37 36 176.0 183.0
43 37 42.0 183.0
40 38 135.0 197.0
39 41 129.0 93.0
43 44 7.0 188.0
27 43 98.0 158.0
20 42 11.0 44.0
21 22 168.0 56.0
22 43 7.0 96.0
1 3 10.0 1.0
31 44 133.0 145.0
36 42 29.0 62.0
23 33 135.0 188.0
29 41 5.0 33.0
43 40 73.0 17.0
31 38 194.0 194.0
41 44 126.0 153.0
2 1 77.0 88.0
16 42 156.0 10.0
44 42 131.0 137.0
35 42 32.0 66.0
18 6 90.0 38.0
18 42 11.0 116.0
43 26 50.0 158.0
4 39 74.0 176.0
34 33 123.0 151.0
40 44 27.0 79.0
28 44 117.0 158.0
38 39 119.0 150.0
44 19 110.0 10.0
42 43 179.0 74.0
40 24 140.0 181.0
0
