45 990 29 17 88200
32 29 51.0 165.0
44 27 131.0 22.0
7 37 185.0 128.0
1 4 75.0 49.0
21 45 28.0 181.0
44 13 21.0 187.0
5 29 108.0 165.0
31 34 43.0 10.0
17 14 36.0 47.0
2 37 167.0 167.0
29 14 53.0 104.0
8 2 54.0 81.0
13 38 198.0 34.0
12 33 90.0 19.0
11 1 180.0 198.0
18 42 130.0 175.0
17 23 77.0 166.0
15 2 194.0 196.0
15 33 67.0 47.0
1 6 89.0 73.0
6 29 131.0 87.0
23 30 59.0 22.0
7 8 163.0 39.0
11 16 78.0 93.0
45 42 33.0 155.0
43 44 31.0 27.0
31 13 160.0 51.0
25 10 154.0 2.0
38 12 114.0 86.0
6 9 48.0 126.0
3 43 70.0 163.0
13 19 74.0 148.0
16 22 69.0 107.0
20 13 67.0 101.0
32 5 125.0 179.0
4 6 61.0 80.0
29 4 75.0 127.0
44 4 162.0 124.0
9 33 7.0 32.0
7 44 68.0 81.0
20 42 100.0 137.0
16 41 46.0 167.0
45 25 123.0 123.0
41 21 55.0 136.0
24 16 3.0 131.0
27 11 144.0 166.0
5 26 142.0 151.0
31 19 24.0 10.0
15 11 154.0 77.0
6 32 185.0 152.0
11 18 128.0 60.0
39 14 8.0 183.0
29 22 184.0 164.0
4 7 168.0 80.0
38 23 68.0 110.0
3 24 143.0 44.0
34 2 15.0 49.0
41 7 117.0 152.0
31 38 115.0 45.0
6 25 76.0 124.0
1 24 169.0 12.0
36 19 154.0 89.0
41 15 142.0 22.0
45 10 149.0 85.0
18 35 162.0 165.0
3 8 67.0 80.0
8 6 194.0 183.0
37 35 154.0 70.0
20 29 21.0 75.0
2 45 53.0 175.0
21 26 92.0 195.0
35 28 61.0 41.0
10 3 157.0 24.0
39 7 110.0 176.0
19 7 40.0 104.0
41 43 21.0 146.0
33 24 138.0 42.0
23 44 4.0 143.0
24 6 89.0 96.0
33 16 192.0 150.0
1 45 28.0 149.0
3 9 116.0 138.0
38 21 159.0 156.0
18 20 36.0 181.0
43 16 116.0 174.0
21 43 65.0 72.0
3 32 81.0 154.0
2 6 11.0 25.0
12 25 14.0 192.0
17 41 40.0 130.0
23 14 151.0 152.0
33 41 71.0 187.0
11 12 6.0 139.0
16 17 189.0 71.0
3 17 95.0 22.0
29 3 114.0 59.0
34 22 177.0 128.0
17 36 59.0 169.0
4 3 92.0 10.0
2 16 19.0 115.0
34 20 94.0 25.0
37 4 198.0 35.0
27 26 109.0 94.0
35 24 183.0 176.0
45 37 137.0 112.0
28 32 115.0 148.0
1 27 113.0 160.0
42 31 124.0 132.0
6 40 196.0 170.0
44 39 136.0 146.0
19 8 177.0 46.0
31 15 101.0 112.0
6 35 97.0 191.0
29 45 13.0 165.0
26 16 63.0 126.0
8 27 82.0 188.0
21 9 30.0 30.0
2 20 36.0 167.0
27 16 19.0 14.0
30 34 169.0 120.0
31 39 113.0 67.0
39 10 5.0 78.0
25 2 13.0 69.0
28 23 40.0 48.0
38 29 84.0 70.0
4 5 81.0 72.0
25 17 93.0 100.0
13 28 172.0 15.0
22 28 191.0 37.0
44 28 127.0 196.0
36 11 143.0 92.0
40 36 42.0 135.0
5 9 130.0 78.0
36 16 101.0 163.0
40 44 106.0 195.0
34 43 24.0 30.0
25 28 14.0 15.0
10 32 109.0 141.0
5 36 103.0 4.0
27 22 49.0 97.0
3 26 44.0 179.0
42 39 115.0 145.0
13 2 146.0 173.0
10 14 50.0 122.0
3 33 108.0 64.0
27 38 82.0 169.0
7 5 21.0 185.0
33 29 114.0 70.0
16 42 88.0 110.0
42 24 7.0 155.0
12 3 107.0 105.0
6 11 105.0 157.0
38 35 18.0 13.0
34 39 26.0 52.0
5 16 126.0 199.0
9 4 35.0 193.0
36 29 23.0 124.0
7 10 164.0 30.0
36 37 43.0 71.0
42 21 33.0 149.0
10 38 190.0 4.0
38 32 6.0 168.0
2 24 71.0 133.0
17 22 116.0 59.0
12 36 93.0 92.0
5 10 126.0 9.0
8 41 78.0 170.0
23 12 119.0 112.0
4 14 131.0 109.0
7 28 75.0 89.0
6 33 139.0 98.0
16 18 82.0 55.0
8 5 59.0 127.0
15 37 136.0 185.0
32 43 28.0 15.0
9 25 164.0 99.0
45 9 175.0 47.0
37 22 83.0 50.0
1 7 59.0 22.0
29 31 151.0 93.0
35 21 103.0 162.0
11 2 124.0 192.0
28 20 185.0 105.0
44 30 89.0 149.0
39 32 99.0 64.0
9 38 44.0 134.0
4 28 26.0 55.0
13 25 68.0 129.0
7 42 78.0 172.0
20 7 198.0 2.0
8 4 65.0 183.0
35 9 77.0 154.0
2 4 166.0 128.0
43 13 5.0 10.0
2 7 158.0 184.0
38 24 88.0 27.0
8 9 196.0 118.0
3 2 94.0 194.0
13 8 196.0 159.0
23 9 96.0 25.0
21 16 25.0 62.0
29 44 139.0 182.0
12 27 10.0 50.0
1 14 37.0 98.0
38 33 151.0 33.0
41 5 22.0 45.0
12 10 171.0 171.0
25 7 104.0 67.0
1 15 22.0 81.0
35 20 197.0 113.0
1 9 62.0 7.0
11 8 76.0 99.0
28 40 117.0 27.0
44 33 172.0 91.0
42 8 97.0 143.0
22 3 65.0 154.0
39 21 150.0 87.0
40 21 82.0 147.0
37 23 60.0 96.0
11 22 192.0 137.0
16 35 96.0 61.0
23 20 65.0 68.0
28 14 130.0 115.0
23 5 120.0 195.0
32 40 108.0 70.0
6 7 150.0 142.0
33 19 194.0 163.0
40 1 67.0 186.0
42 25 53.0 115.0
1 18 22.0 71.0
6 10 175.0 152.0
33 20 15.0 95.0
14 19 168.0 123.0
36 18 69.0 70.0
37 11 42.0 63.0
13 4 54.0 61.0
1 13 55.0 59.0
17 1 9.0 78.0
29 13 27.0 184.0
10 9 167.0 195.0
16 1 94.0 87.0
1 5 144.0 163.0
11 34 133.0 186.0
25 11 131.0 187.0
27 37 40.0 138.0
2 18 197.0 49.0
12 17 185.0 177.0
11 23 24.0 152.0
1 10 130.0 118.0
11 32 45.0 26.0
27 6 190.0 178.0
16 8 93.0 73.0
45 4 93.0 133.0
41 6 83.0 42.0
29 7 195.0 68.0
7 12 138.0 19.0
41 30 10.0 20.0
16 28 133.0 56.0
40 37 129.0 75.0
6 14 20.0 174.0
32 36 43.0 113.0
10 11 20.0 126.0
5 27 174.0 15.0
13 22 27.0 64.0
6 16 45.0 38.0
5 2 48.0 130.0
10 8 88.0 129.0
29 41 16.0 60.0
31 21 62.0 12.0
19 26 64.0 82.0
3 7 4.0 190.0
24 31 158.0 183.0
1 12 128.0 155.0
10 41 156.0 128.0
3 45 147.0 196.0
40 33 180.0 164.0
8 39 167.0 42.0
13 6 7.0 183.0
40 10 10.0 163.0
3 5 25.0 120.0
16 3 92.0 153.0
4 15 108.0 48.0
12 6 154.0 55.0
14 7 188.0 86.0
45 5 70.0 155.0
42 2 132.0 29.0
2 17 198.0 94.0
36 1 12.0 23.0
18 4 60.0 56.0
40 2 51.0 168.0
29 17 106.0 157.0
23 15 199.0 46.0
26 10 83.0 21.0
13 7 62.0 167.0
24 18 135.0 60.0
25 41 24.0 148.0
24 25 124.0 84.0
27 36 66.0 175.0
14 13 32.0 124.0
34 7 5.0 31.0
4 11 170.0 40.0
41 44 50.0 184.0
5 13 51.0 186.0
17 37 194.0 75.0
23 32 55.0 70.0
29 16 1.0 121.0
35 2 10.0 34.0
15 28 94.0 167.0
6 15 29.0 16.0
22 31 38.0 79.0
7 23 179.0 89.0
14 20 98.0 125.0
13 11 96.0 153.0
33 43 73.0 49.0
6 39 194.0 83.0
29 27 27.0 88.0
5 12 27.0 56.0
5 15 156.0 65.0
18 3 160.0 135.0
2 12 49.0 58.0
11 45 199.0 97.0
42 33 16.0 72.0
4 16 35.0 10.0
35 31 170.0 62.0
19 11 66.0 197.0
44 25 63.0 22.0
16 38 94.0 23.0
45 23 176.0 143.0
29 19 141.0 175.0
11 3 74.0 109.0
8 12 66.0 110.0
7 15 179.0 188.0
33 13 105.0 197.0
17 7 23.0 168.0
37 32 97.0 69.0
16 39 175.0 73.0
19 34 98.0 116.0
3 31 155.0 172.0
7 45 169.0 21.0
22 18 58.0 100.0
30 28 3.0 163.0
27 39 44.0 26.0
32 12 4.0 141.0
12 35 171.0 179.0
30 14 62.0 69.0
2 22 122.0 169.0
13 3 91.0 91.0
28 45 4.0 101.0
27 42 110.0 7.0
4 17 125.0 106.0
8 14 46.0 81.0
11 7 181.0 17.0
20 9 134.0 43.0
8 18 164.0 56.0
2 21 59.0 7.0
30 4 37.0 15.0
45 8 175.0 147.0
13 35 41.0 52.0
20 15 68.0 87.0
17 5 56.0 1.0
36 10 127.0 142.0
34 25 115.0 91.0
17 31 47.0 126.0
9 14 34.0 84.0
18 5 122.0 9.0
9 13 92.0 163.0
3 21 95.0 112.0
16 40 155.0 151.0
4 10 71.0 35.0
35 34 47.0 138.0
9 12 87.0 94.0
43 7 120.0 74.0
26 44 153.0 194.0
18 29 45.0 197.0
24 12 173.0 140.0
18 6 190.0 80.0
10 16 85.0 13.0
5 42 75.0 85.0
18 45 124.0 162.0
12 4 177.0 196.0
8 36 121.0 82.0
26 17 13.0 167.0
4 19 172.0 138.0
3 19 144.0 114.0
8 17 32.0 181.0
41 27 197.0 107.0
34 28 60.0 121.0
36 35 82.0 190.0
26 33 160.0 4.0
21 1 149.0 126.0
10 20 189.0 73.0
36 44 122.0 85.0
36 33 146.0 106.0
21 10 35.0 95.0
17 9 46.0 96.0
23 1 50.0 81.0
11 9 166.0 11.0
6 45 94.0 115.0
19 20 141.0 36.0
2 23 196.0 15.0
6 19 178.0 142.0
36 21 123.0 13.0
15 12 149.0 170.0
13 10 10.0 0.0
24 4 0.0 176.0
21 4 157.0 46.0
26 23 114.0 98.0
1 25 48.0 110.0
18 9 122.0 26.0
22 4 106.0 46.0
4 34 153.0 55.0
42 23 59.0 115.0
26 22 22.0 11.0
10 15 24.0 180.0
15 3 96.0 138.0
22 7 83.0 144.0
5 14 105.0 157.0
5 6 168.0 163.0
44 31 94.0 73.0
14 3 148.0 105.0
38 37 119.0 171.0
12 14 66.0 144.0
1 19 29.0 162.0
4 23 97.0 112.0
9 26 48.0 154.0
26 1 101.0 169.0
11 38 170.0 195.0
9 19 15.0 118.0
10 37 95.0 86.0
25 23 30.0 161.0
38 1 156.0 59.0
35 10 19.0 54.0
42 14 123.0 68.0
21 5 118.0 24.0
13 12 166.0 40.0
10 2 194.0 181.0
3 44 48.0 90.0
15 13 19.0 78.0
35 1 165.0 128.0
17 33 112.0 184.0
8 15 20.0 35.0
1 22 177.0 90.0
11 14 9.0 143.0
12 28 193.0 155.0
33 28 99.0 193.0
22 6 80.0 71.0
40 5 80.0 197.0
44 32 75.0 192.0
5 20 131.0 96.0
37 24 175.0 60.0
32 30 62.0 136.0
19 5 130.0 7.0
32 26 194.0 181.0
5 22 138.0 26.0
27 19 184.0 18.0
5 11 143.0 12.0
43 6 133.0 74.0
29 26 171.0 61.0
17 10 76.0 185.0
14 43 187.0 6.0
31 28 169.0 181.0
13 39 195.0 60.0
2 19 188.0 132.0
25 3 135.0 131.0
16 14 154.0 68.0
31 32 88.0 126.0
18 7 128.0 164.0
27 13 1.0 115.0
7 9 53.0 122.0
20 4 192.0 1.0
9 16 6.0 181.0
21 8 185.0 141.0
23 3 171.0 139.0
20 3 178.0 59.0
37 21 137.0 58.0
33 25 159.0 90.0
41 20 184.0 164.0
30 31 64.0 128.0
10 19 31.0 70.0
12 44 52.0 16.0
17 44 71.0 24.0
27 3 158.0 1.0
25 5 108.0 47.0
17 18 113.0 19.0
45 15 153.0 97.0
12 16 152.0 169.0
30 1 165.0 183.0
35 3 182.0 17.0
9 2 137.0 6.0
8 40 88.0 48.0
15 14 157.0 148.0
31 4 39.0 22.0
18 12 53.0 144.0
35 14 136.0 157.0
7 16 10.0 53.0
27 4 9.0 192.0
15 9 141.0 98.0
7 21 129.0 181.0
18 14 179.0 39.0
23 6 1.0 18.0
39 30 182.0 7.0
43 12 131.0 70.0
27 21 158.0 141.0
11 21 161.0 167.0
30 22 194.0 102.0
29 2 158.0 75.0
26 4 14.0 137.0
24 23 61.0 168.0
6 17 0.0 195.0
24 13 5.0 131.0
11 20 189.0 163.0
41 34 146.0 151.0
17 21 65.0 92.0
2 28 158.0 24.0
13 34 162.0 124.0
12 30 194.0 23.0
35 26 63.0 195.0
15 16 31.0 20.0
17 15 165.0 172.0
9 22 119.0 63.0
12 20 122.0 185.0
33 37 156.0 32.0
25 39 47.0 118.0
7 24 124.0 42.0
28 1 154.0 139.0
21 20 18.0 137.0
20 6 113.0 135.0
24 19 114.0 185.0
8 23 28.0 36.0
8 20 109.0 184.0
10 34 34.0 157.0
22 8 164.0 110.0
31 1 151.0 118.0
34 1 8.0 122.0
42 3 151.0 122.0
22 45 161.0 66.0
3 28 64.0 189.0
3 30 156.0 125.0
15 43 177.0 142.0
7 33 117.0 141.0
10 18 16.0 21.0
10 23 186.0 24.0
10 24 8.0 137.0
28 5 90.0 170.0
12 22 37.0 106.0
8 24 66.0 145.0
26 8 196.0 44.0
22 38 146.0 65.0
17 19 121.0 114.0
12 26 134.0 107.0
17 13 50.0 94.0
1 33 114.0 141.0
2 31 13.0 103.0
25 4 194.0 80.0
21 15 131.0 142.0
36 30 67.0 77.0
27 2 131.0 188.0
17 11 126.0 17.0
26 43 149.0 177.0
27 9 104.0 16.0
18 40 149.0 118.0
6 26 7.0 95.0
17 43 191.0 138.0
34 33 98.0 58.0
10 22 0.0 30.0
5 30 44.0 126.0
7 26 40.0 145.0
2 26 147.0 144.0
4 40 153.0 96.0
20 32 190.0 112.0
36 39 80.0 134.0
33 18 137.0 179.0
37 12 190.0 137.0
36 4 72.0 34.0
24 9 148.0 112.0
21 12 78.0 95.0
14 24 139.0 183.0
1 29 18.0 82.0
16 19 125.0 99.0
14 36 152.0 62.0
5 24 151.0 94.0
2 33 86.0 175.0
17 45 106.0 186.0
26 45 175.0 185.0
21 13 16.0 114.0
2 32 19.0 186.0
29 8 173.0 145.0
2 30 10.0 77.0
18 27 174.0 114.0
43 42 65.0 60.0
7 30 81.0 124.0
30 27 114.0 8.0
27 23 150.0 82.0
15 22 83.0 169.0
34 12 77.0 8.0
8 28 33.0 88.0
20 25 13.0 7.0
32 4 28.0 31.0
5 33 154.0 61.0
6 30 149.0 20.0
14 22 63.0 51.0
33 32 180.0 98.0
20 1 65.0 58.0
42 34 105.0 50.0
13 30 199.0 71.0
15 18 150.0 28.0
35 4 129.0 56.0
12 19 103.0 30.0
29 10 52.0 118.0
17 20 46.0 185.0
7 27 124.0 112.0
9 30 97.0 181.0
5 31 152.0 96.0
37 1 171.0 54.0
30 8 77.0 100.0
37 3 68.0 132.0
27 10 124.0 121.0
10 28 150.0 170.0
32 7 146.0 26.0
15 24 121.0 43.0
45 32 22.0 73.0
21 14 86.0 194.0
28 9 129.0 115.0
31 9 150.0 197.0
26 11 123.0 74.0
28 11 29.0 25.0
24 11 28.0 127.0
42 38 175.0 101.0
25 38 134.0 149.0
23 13 149.0 172.0
13 16 175.0 78.0
9 34 39.0 78.0
25 14 179.0 114.0
34 6 133.0 8.0
34 29 154.0 113.0
11 29 24.0 81.0
31 8 101.0 110.0
34 38 172.0 50.0
40 35 7.0 100.0
30 11 159.0 198.0
6 31 184.0 138.0
33 10 100.0 69.0
24 17 149.0 7.0
18 21 43.0 174.0
19 25 102.0 144.0
25 36 88.0 74.0
7 31 137.0 48.0
40 14 139.0 96.0
23 16 20.0 75.0
8 32 25.0 121.0
14 41 180.0 174.0
9 29 144.0 23.0
18 26 56.0 46.0
23 18 143.0 96.0
1 8 7.0 80.0
35 5 6.0 146.0
41 39 153.0 179.0
39 1 148.0 130.0
18 31 4.0 128.0
39 3 94.0 148.0
8 33 42.0 102.0
26 15 122.0 185.0
25 15 190.0 81.0
36 6 165.0 149.0
22 44 71.0 71.0
13 26 64.0 171.0
4 42 16.0 68.0
40 30 82.0 62.0
22 19 38.0 124.0
18 19 163.0 112.0
37 6 129.0 154.0
12 29 127.0 95.0
12 42 163.0 198.0
2 36 178.0 27.0
30 10 79.0 146.0
25 16 84.0 161.0
15 27 193.0 122.0
35 7 131.0 157.0
14 2 155.0 60.0
17 38 149.0 82.0
36 7 193.0 112.0
40 27 79.0 123.0
14 27 155.0 158.0
30 15 107.0 39.0
12 39 56.0 100.0
41 40 81.0 187.0
19 15 190.0 36.0
3 6 180.0 139.0
33 11 10.0 125.0
25 29 185.0 89.0
20 22 99.0 140.0
41 2 27.0 6.0
40 29 145.0 35.0
5 37 92.0 26.0
12 31 80.0 35.0
22 21 142.0 13.0
26 39 176.0 152.0
9 32 8.0 161.0
10 31 64.0 59.0
1 32 181.0 43.0
30 29 144.0 126.0
13 40 25.0 188.0
34 8 157.0 106.0
3 40 184.0 99.0
24 21 100.0 160.0
6 28 95.0 61.0
8 35 64.0 159.0
27 45 110.0 45.0
1 41 36.0 6.0
38 5 99.0 14.0
38 3 24.0 8.0
21 23 152.0 8.0
25 18 166.0 53.0
23 19 122.0 61.0
30 24 172.0 138.0
23 39 112.0 82.0
11 31 85.0 100.0
11 35 157.0 136.0
38 2 177.0 181.0
41 4 173.0 82.0
29 15 104.0 91.0
6 38 187.0 178.0
43 2 5.0 160.0
19 21 109.0 117.0
41 13 22.0 146.0
28 17 70.0 131.0
43 10 41.0 0.0
5 39 114.0 14.0
30 16 122.0 170.0
45 31 87.0 109.0
39 22 19.0 92.0
38 8 3.0 80.0
14 31 14.0 177.0
35 19 146.0 85.0
28 41 177.0 187.0
38 4 40.0 43.0
26 20 19.0 162.0
27 17 35.0 106.0
3 34 61.0 6.0
30 17 90.0 16.0
32 19 80.0 56.0
44 42 25.0 178.0
28 18 49.0 154.0
43 1 32.0 89.0
22 23 30.0 51.0
39 2 72.0 17.0
4 43 68.0 133.0
22 24 128.0 110.0
37 9 147.0 160.0
4 39 190.0 124.0
25 21 29.0 192.0
36 13 143.0 61.0
1 44 112.0 125.0
34 18 131.0 184.0
7 38 28.0 151.0
32 15 16.0 108.0
8 25 144.0 115.0
31 16 167.0 86.0
27 20 0.0 196.0
1 42 149.0 95.0
32 17 98.0 13.0
12 40 184.0 181.0
44 2 92.0 164.0
40 7 182.0 60.0
37 16 101.0 78.0
30 19 139.0 68.0
16 32 59.0 91.0
5 43 53.0 160.0
20 30 178.0 103.0
32 14 44.0 114.0
39 11 20.0 136.0
6 21 44.0 155.0
19 39 41.0 145.0
5 44 98.0 132.0
22 25 112.0 157.0
14 34 74.0 117.0
24 32 118.0 4.0
34 44 180.0 114.0
16 34 99.0 152.0
17 40 27.0 95.0
41 36 195.0 20.0
5 34 90.0 45.0
13 37 92.0 2.0
3 41 20.0 118.0
37 14 151.0 90.0
21 28 142.0 83.0
40 9 159.0 193.0
13 32 44.0 186.0
11 43 37.0 191.0
8 43 41.0 127.0
37 8 169.0 133.0
42 9 47.0 189.0
33 4 72.0 150.0
27 24 45.0 14.0
38 20 171.0 4.0
34 17 127.0 167.0
41 11 166.0 116.0
36 15 140.0 7.0
33 14 31.0 109.0
39 15 174.0 78.0
24 28 15.0 46.0
16 20 138.0 60.0
27 25 170.0 109.0
42 10 14.0 49.0
43 9 184.0 132.0
35 15 38.0 76.0
20 31 78.0 69.0
9 41 118.0 52.0
28 27 142.0 85.0
23 29 185.0 32.0
42 11 179.0 155.0
29 21 110.0 145.0
19 28 82.0 46.0
44 11 199.0 72.0
15 38 47.0 29.0
9 44 122.0 165.0
14 38 99.0 16.0
12 41 15.0 36.0
29 28 64.0 194.0
16 45 22.0 174.0
17 35 184.0 56.0
26 25 155.0 135.0
32 22 15.0 2.0
22 43 187.0 137.0
28 26 70.0 38.0
34 21 46.0 85.0
37 43 71.0 110.0
21 33 92.0 45.0
40 11 105.0 28.0
6 42 3.0 60.0
44 15 136.0 18.0
19 43 103.0 75.0
25 30 117.0 173.0
42 13 64.0 163.0
32 25 166.0 135.0
41 19 25.0 10.0
18 32 16.0 82.0
33 23 139.0 171.0
20 36 195.0 75.0
40 15 12.0 98.0
9 39 110.0 129.0
29 35 28.0 174.0
31 26 189.0 146.0
18 37 181.0 166.0
18 30 101.0 197.0
19 38 5.0 40.0
15 42 109.0 0.0
37 20 36.0 121.0
31 43 11.0 98.0
14 44 21.0 39.0
31 25 80.0 10.0
22 35 87.0 61.0
38 18 74.0 188.0
23 35 39.0 31.0
32 27 68.0 148.0
35 25 12.0 56.0
44 16 21.0 23.0
21 32 63.0 42.0
44 10 140.0 95.0
45 12 64.0 179.0
18 43 48.0 90.0
34 24 150.0 39.0
26 30 44.0 18.0
17 39 183.0 56.0
8 44 62.0 5.0
39 20 92.0 77.0
36 24 42.0 184.0
9 36 152.0 58.0
39 18 184.0 152.0
45 14 79.0 134.0
37 25 92.0 123.0
23 36 166.0 75.0
27 35 55.0 28.0
31 27 140.0 99.0
20 40 16.0 135.0
27 34 34.0 168.0
20 24 68.0 19.0
40 22 196.0 147.0
19 40 92.0 40.0
35 30 69.0 59.0
26 37 84.0 76.0
30 33 80.0 25.0
33 27 66.0 97.0
41 38 199.0 101.0
44 19 107.0 67.0
36 26 187.0 56.0
34 32 48.0 80.0
38 26 17.0 69.0
34 26 76.0 101.0
30 21 189.0 108.0
14 26 48.0 56.0
42 17 169.0 199.0
45 19 158.0 77.0
31 23 80.0 98.0
24 39 98.0 80.0
22 41 47.0 115.0
42 19 74.0 75.0
43 20 189.0 63.0
41 18 20.0 37.0
20 44 113.0 190.0
18 44 194.0 24.0
39 28 85.0 26.0
13 45 121.0 183.0
28 37 104.0 120.0
44 21 66.0 178.0
33 31 177.0 7.0
40 26 150.0 150.0
22 42 194.0 15.0
19 37 15.0 188.0
35 32 117.0 100.0
23 40 129.0 190.0
30 38 153.0 33.0
40 31 143.0 171.0
43 25 175.0 72.0
43 24 162.0 77.0
37 29 25.0 156.0
29 24 102.0 40.0
44 24 134.0 171.0
45 43 15.0 63.0
26 41 36.0 169.0
43 23 123.0 131.0
42 26 151.0 98.0
39 33 140.0 65.0
28 38 9.0 118.0
32 41 83.0 63.0
36 31 180.0 170.0
25 40 126.0 196.0
42 30 47.0 162.0
40 24 185.0 170.0
42 32 74.0 136.0
36 34 74.0 167.0
23 34 197.0 35.0
30 43 47.0 32.0
28 43 187.0 179.0
30 37 22.0 113.0
39 37 158.0 22.0
41 31 120.0 95.0
35 33 66.0 195.0
35 39 113.0 92.0
24 41 194.0 62.0
34 15 65.0 193.0
38 36 85.0 52.0
35 41 1.0 59.0
39 29 16.0 111.0
30 45 143.0 136.0
45 34 175.0 162.0
42 35 148.0 40.0
43 27 161.0 95.0
42 29 197.0 26.0
28 42 170.0 82.0
39 40 91.0 171.0
38 40 153.0 59.0
44 38 77.0 97.0
40 34 29.0 4.0
45 40 48.0 177.0
33 22 47.0 161.0
40 43 78.0 44.0
35 43 118.0 0.0
43 38 100.0 161.0
45 41 45.0 54.0
45 36 0.0 75.0
38 45 179.0 29.0
45 39 174.0 27.0
44 37 96.0 21.0
43 29 51.0 175.0
35 44 22.0 121.0
28 36 56.0 122.0
45 44 73.0 102.0
33 45 193.0 25.0
24 26 84.0 125.0
43 36 197.0 11.0
44 6 126.0 94.0
18 13 51.0 130.0
22 36 47.0 73.0
3 1 190.0 104.0
37 34 108.0 15.0
42 36 47.0 53.0
39 43 62.0 84.0
36 3 80.0 11.0
41 42 34.0 7.0
31 37 27.0 37.0
24 45 75.0 26.0
1 2 39.0 65.0
37 42 79.0 147.0
42 40 122.0 127.0
41 37 166.0 136.0
35 45 89.0 47.0
41 23 83.0 75.0
20 45 35.0 62.0
38 39 187.0 62.0
0
