49 1176 16 40 75019
48 27 68.0 90.0
14 26 156.0 139.0
1 28 154.0 83.0
32 7 124.0 72.0
42 34 138.0 79.0
15 49 184.0 77.0
24 9 199.0 128.0
8 15 24.0 109.0
46 10 11.0 44.0
35 12 80.0 119.0
39 43 190.0 34.0
5 23 24.0 114.0
12 44 57.0 115.0
48 30 57.0 41.0
44 5 49.0 57.0
20 9 101.0 25.0
23 17 6.0 64.0
28 42 44.0 86.0
40 14 6.0 34.0
41 8 84.0 182.0
1 9 190.0 141.0
18 9 8.0 199.0
13 23 66.0 9.0
37 31 45.0 168.0
47 44 109.0 52.0
41 25 107.0 105.0
43 46 47.0 65.0
4 31 191.0 84.0
18 36 139.0 133.0
49 6 65.0 99.0
33 20 20.0 83.0
6 13 152.0 18.0
6 3 4.0 13.0
42 36 180.0 112.0
38 15 154.0 179.0
1 22 75.0 98.0
9 35 49.0 166.0
45 11 10.0 66.0
11 3 175.0 182.0
47 43 141.0 127.0
6 41 39.0 98.0
32 14 173.0 19.0
33 14 69.0 80.0
36 28 55.0 144.0
18 16 78.0 104.0
13 1 159.0 40.0
1 7 130.0 134.0
44 19 101.0 24.0
15 18 166.0 140.0
31 41 175.0 92.0
6 38 28.0 44.0
16 5 63.0 83.0
21 7 35.0 141.0
48 4 39.0 195.0
10 43 35.0 122.0
17 43 50.0 136.0
11 21 104.0 17.0
12 5 154.0 79.0
47 13 183.0 182.0
22 18 123.0 198.0
25 8 171.0 159.0
11 32 133.0 163.0
25 47 179.0 168.0
45 46 3.0 29.0
17 21 26.0 107.0
30 21 92.0 181.0
33 28 135.0 27.0
46 1 42.0 58.0
13 12 143.0 165.0
48 2 159.0 77.0
4 36 148.0 138.0
9 3 36.0 151.0
35 20 129.0 63.0
41 47 163.0 22.0
30 46 148.0 98.0
46 47 145.0 190.0
14 16 2.0 41.0
22 45 154.0 113.0
31 27 66.0 54.0
40 43 192.0 54.0
13 19 117.0 122.0
16 3 81.0 33.0
48 22 125.0 29.0
1 12 23.0 22.0
10 1 68.0 177.0
1 2 49.0 174.0
28 41 15.0 67.0
39 37 107.0 160.0
7 4 8.0 177.0
6 48 75.0 89.0
20 11 190.0 152.0
10 18 123.0 165.0
18 42 76.0 191.0
43 12 77.0 125.0
8 21 86.0 92.0
13 46 56.0 145.0
5 18 64.0 17.0
16 29 34.0 92.0
44 27 20.0 24.0
44 22 66.0 95.0
14 27 115.0 142.0
43 2 104.0 192.0
27 35 76.0 190.0
37 9 127.0 85.0
27 15 198.0 144.0
15 1 90.0 32.0
7 23 108.0 110.0
44 34 80.0 126.0
11 15 2.0 147.0
21 16 50.0 106.0
7 20 169.0 126.0
28 10 97.0 48.0
24 45 26.0 48.0
30 35 117.0 68.0
11 2 190.0 177.0
16 17 85.0 23.0
36 10 10.0 87.0
31 8 190.0 60.0
27 5 129.0 159.0
15 24 119.0 178.0
25 17 36.0 97.0
8 46 100.0 105.0
29 39 184.0 90.0
11 14 60.0 70.0
29 20 98.0 22.0
28 21 48.0 40.0
26 36 27.0 129.0
10 30 14.0 146.0
2 15 145.0 51.0
11 35 9.0 197.0
30 23 80.0 146.0
10 5 141.0 141.0
7 6 84.0 191.0
26 35 75.0 85.0
21 2 93.0 54.0
36 49 113.0 107.0
14 4 62.0 58.0
44 41 10.0 71.0
14 18 153.0 90.0
42 16 15.0 47.0
8 4 1.0 99.0
5 9 52.0 76.0
13 24 177.0 145.0
23 16 135.0 90.0
24 4 182.0 197.0
44 45 109.0 192.0
19 26 175.0 14.0
46 2 117.0 190.0
16 32 170.0 118.0
37 45 129.0 22.0
24 35 63.0 59.0
6 10 88.0 198.0
6 5 63.0 23.0
3 7 5.0 172.0
44 2 117.0 133.0
3 13 148.0 34.0
44 7 144.0 70.0
7 22 80.0 25.0
12 10 138.0 95.0
25 22 140.0 26.0
4 11 159.0 4.0
37 48 67.0 117.0
5 3 68.0 136.0
20 1 43.0 168.0
3 8 79.0 139.0
44 8 97.0 159.0
23 26 139.0 35.0
3 42 91.0 79.0
16 19 32.0 3.0
23 10 183.0 51.0
5 7 199.0 3.0
7 8 91.0 194.0
3 22 95.0 122.0
35 38 3.0 192.0
19 48 140.0 142.0
40 19 7.0 183.0
43 33 77.0 191.0
42 2 132.0 12.0
17 42 46.0 84.0
22 11 151.0 137.0
38 13 14.0 46.0
6 46 134.0 17.0
9 6 113.0 74.0
23 32 197.0 121.0
2 9 6.0 74.0
14 39 138.0 139.0
31 32 43.0 136.0
47 45 169.0 194.0
2 10 130.0 183.0
17 47 103.0 64.0
2 6 100.0 16.0
47 49 144.0 97.0
13 42 61.0 150.0
31 17 18.0 152.0
4 38 174.0 13.0
39 5 151.0 143.0
25 49 37.0 81.0
46 40 95.0 140.0
5 2 88.0 147.0
11 38 56.0 184.0
30 20 35.0 117.0
41 15 49.0 53.0
6 1 176.0 175.0
5 42 80.0 127.0
41 45 181.0 69.0
35 31 199.0 28.0
42 29 172.0 39.0
17 36 44.0 28.0
2 14 143.0 79.0
9 45 29.0 144.0
45 3 33.0 5.0
45 33 91.0 65.0
28 15 55.0 24.0
45 25 118.0 6.0
9 25 55.0 42.0
7 9 84.0 99.0
18 40 39.0 180.0
40 34 23.0 20.0
42 21 138.0 56.0
4 40 57.0 181.0
6 8 57.0 112.0
3 23 142.0 127.0
48 47 137.0 197.0
26 15 64.0 22.0
5 33 146.0 55.0
22 26 178.0 169.0
46 37 17.0 116.0
4 10 11.0 75.0
27 45 66.0 20.0
24 49 22.0 8.0
46 27 166.0 111.0
15 5 184.0 182.0
3 10 70.0 82.0
26 42 174.0 0.0
29 40 182.0 191.0
44 23 175.0 145.0
24 5 64.0 41.0
5 45 190.0 38.0
27 19 165.0 156.0
20 5 26.0 149.0
5 31 50.0 48.0
23 27 118.0 24.0
17 1 189.0 52.0
23 25 192.0 164.0
5 14 36.0 8.0
35 32 119.0 27.0
4 12 87.0 84.0
36 16 107.0 113.0
46 31 106.0 110.0
13 43 185.0 24.0
7 10 89.0 174.0
9 10 94.0 33.0
30 32 7.0 82.0
14 13 140.0 78.0
1 18 71.0 27.0
44 24 19.0 131.0
10 8 74.0 125.0
6 12 30.0 11.0
49 10 156.0 71.0
49 4 122.0 2.0
40 20 139.0 81.0
33 37 39.0 31.0
11 30 76.0 62.0
4 45 15.0 47.0
8 18 66.0 41.0
2 8 155.0 48.0
19 43 16.0 111.0
2 13 74.0 138.0
37 7 143.0 165.0
43 30 61.0 134.0
10 22 63.0 89.0
17 24 185.0 78.0
41 29 191.0 51.0
38 16 112.0 146.0
14 44 97.0 80.0
12 36 23.0 171.0
47 8 178.0 119.0
43 31 92.0 191.0
3 29 1.0 156.0
1 5 135.0 186.0
40 3 181.0 126.0
18 48 114.0 46.0
3 17 59.0 11.0
15 13 40.0 83.0
25 36 108.0 19.0
17 22 114.0 153.0
12 7 165.0 67.0
6 4 153.0 101.0
11 27 186.0 135.0
31 30 141.0 100.0
11 6 5.0 1.0
41 49 174.0 197.0
35 13 149.0 34.0
40 15 174.0 15.0
16 25 96.0 140.0
33 30 33.0 49.0
12 19 80.0 171.0
48 10 177.0 22.0
39 8 189.0 182.0
7 41 1.0 163.0
10 41 79.0 150.0
6 24 138.0 53.0
4 23 40.0 34.0
3 38 63.0 25.0
8 37 41.0 143.0
46 32 163.0 18.0
39 19 151.0 153.0
16 22 184.0 152.0
13 49 108.0 63.0
28 38 125.0 198.0
17 10 152.0 165.0
47 29 191.0 167.0
16 45 16.0 33.0
32 48 121.0 180.0
18 28 40.0 24.0
5 29 172.0 24.0
28 2 109.0 32.0
17 2 121.0 34.0
11 25 81.0 74.0
1 14 187.0 25.0
14 7 85.0 3.0
2 3 169.0 158.0
8 11 174.0 161.0
37 24 199.0 146.0
30 9 36.0 108.0
10 27 174.0 157.0
14 3 190.0 55.0
43 20 33.0 177.0
23 33 56.0 118.0
36 47 40.0 25.0
1 8 178.0 14.0
34 28 157.0 178.0
36 48 2.0 193.0
30 29 76.0 176.0
9 12 63.0 66.0
32 43 59.0 96.0
27 29 148.0 67.0
31 33 62.0 140.0
1 19 12.0 41.0
42 10 110.0 121.0
13 31 39.0 64.0
12 3 54.0 115.0
22 35 145.0 69.0
28 24 9.0 156.0
8 48 184.0 109.0
15 7 3.0 47.0
13 4 24.0 167.0
36 44 116.0 86.0
11 9 123.0 107.0
15 31 25.0 129.0
16 30 190.0 122.0
12 2 106.0 152.0
11 5 26.0 42.0
31 34 20.0 30.0
11 36 188.0 197.0
13 8 96.0 57.0
20 46 34.0 171.0
1 21 0.0 11.0
4 16 73.0 143.0
17 5 123.0 131.0
20 41 124.0 150.0
12 11 192.0 96.0
33 21 23.0 133.0
31 38 19.0 72.0
39 16 198.0 6.0
6 20 100.0 150.0
39 25 20.0 173.0
44 40 1.0 96.0
32 45 93.0 77.0
13 9 163.0 37.0
34 41 4.0 139.0
17 7 171.0 23.0
10 15 103.0 121.0
2 20 6.0 3.0
5 48 9.0 179.0
38 48 15.0 162.0
16 9 3.0 60.0
3 18 40.0 118.0
4 17 37.0 44.0
13 44 75.0 160.0
10 40 152.0 178.0
7 16 21.0 110.0
46 39 48.0 31.0
37 5 189.0 15.0
4 47 54.0 144.0
33 6 2.0 46.0
24 39 189.0 191.0
38 21 62.0 16.0
13 7 89.0 166.0
10 11 190.0 110.0
4 19 35.0 190.0
6 17 128.0 24.0
14 37 15.0 134.0
42 41 104.0 18.0
35 47 83.0 45.0
24 32 97.0 146.0
49 22 183.0 186.0
2 37 12.0 125.0
18 6 133.0 47.0
2 38 58.0 61.0
25 4 176.0 73.0
44 38 149.0 33.0
6 16 118.0 33.0
48 28 99.0 15.0
49 33 89.0 34.0
7 11 97.0 53.0
40 9 147.0 183.0
21 3 68.0 157.0
17 34 71.0 196.0
23 2 31.0 173.0
18 47 152.0 149.0
30 36 36.0 51.0
19 41 73.0 77.0
46 17 72.0 171.0
9 14 58.0 171.0
32 2 94.0 126.0
13 10 88.0 118.0
19 10 164.0 119.0
5 8 138.0 116.0
6 19 7.0 174.0
15 21 3.0 81.0
4 22 117.0 75.0
1 16 60.0 175.0
3 15 140.0 107.0
29 21 31.0 29.0
30 37 117.0 195.0
46 34 106.0 55.0
14 17 188.0 113.0
37 12 72.0 143.0
2 16 60.0 141.0
8 9 46.0 73.0
19 42 48.0 139.0
4 20 73.0 80.0
30 28 189.0 190.0
18 35 74.0 95.0
4 18 116.0 62.0
9 17 162.0 140.0
16 10 49.0 22.0
37 25 70.0 47.0
22 6 184.0 118.0
43 3 23.0 57.0
36 34 117.0 12.0
19 32 127.0 191.0
19 8 32.0 195.0
3 20 44.0 146.0
34 23 165.0 45.0
3 47 196.0 35.0
4 33 185.0 180.0
36 6 34.0 160.0
39 35 186.0 103.0
22 24 110.0 65.0
36 19 119.0 94.0
8 12 163.0 115.0
28 4 130.0 128.0
1 11 83.0 126.0
49 34 180.0 69.0
39 40 134.0 166.0
27 1 91.0 72.0
11 16 23.0 1.0
14 19 144.0 94.0
19 24 99.0 107.0
25 2 173.0 29.0
47 2 75.0 9.0
35 7 112.0 55.0
3 4 14.0 46.0
14 8 63.0 105.0
7 19 6.0 86.0
14 46 92.0 150.0
20 19 14.0 143.0
5 19 148.0 139.0
20 39 199.0 175.0
1 41 38.0 111.0
5 4 0.0 4.0
24 27 189.0 63.0
22 5 123.0 147.0
25 1 78.0 167.0
19 3 105.0 92.0
20 8 171.0 5.0
15 12 110.0 171.0
29 2 119.0 148.0
13 11 125.0 119.0
3 27 182.0 115.0
7 42 172.0 58.0
17 12 172.0 50.0
2 27 27.0 78.0
9 4 106.0 150.0
14 12 179.0 16.0
21 5 52.0 50.0
49 2 83.0 178.0
48 33 92.0 18.0
25 30 172.0 64.0
10 14 93.0 96.0
40 49 183.0 72.0
6 30 178.0 41.0
25 5 156.0 109.0
21 6 196.0 9.0
21 20 186.0 80.0
3 46 43.0 30.0
31 7 83.0 167.0
20 25 123.0 129.0
24 3 152.0 106.0
44 43 129.0 82.0
12 18 85.0 85.0
23 6 184.0 81.0
4 15 121.0 122.0
18 2 193.0 117.0
2 19 112.0 77.0
1 24 91.0 35.0
17 8 40.0 195.0
48 16 104.0 169.0
12 23 76.0 189.0
21 4 190.0 61.0
21 47 3.0 64.0
5 30 87.0 197.0
7 24 166.0 151.0
22 2 95.0 9.0
2 24 179.0 135.0
8 23 8.0 35.0
21 41 116.0 84.0
23 1 86.0 58.0
22 8 169.0 90.0
20 10 25.0 8.0
14 6 49.0 191.0
13 40 83.0 144.0
3 36 95.0 14.0
33 8 151.0 103.0
48 14 176.0 19.0
23 40 70.0 62.0
31 1 64.0 39.0
45 42 160.0 89.0
1 26 57.0 161.0
16 12 44.0 92.0
47 6 130.0 139.0
6 25 134.0 82.0
14 30 123.0 110.0
25 13 92.0 145.0
49 29 124.0 156.0
26 11 93.0 85.0
26 6 13.0 102.0
4 29 146.0 57.0
1 43 10.0 77.0
37 18 29.0 144.0
16 8 152.0 104.0
11 19 160.0 44.0
2 31 72.0 36.0
4 35 26.0 166.0
17 15 176.0 39.0
12 21 117.0 75.0
30 2 93.0 128.0
2 4 83.0 122.0
3 26 10.0 35.0
37 19 118.0 122.0
12 48 180.0 190.0
39 13 104.0 6.0
29 1 192.0 32.0
48 21 195.0 110.0
26 4 130.0 88.0
23 9 45.0 166.0
10 21 74.0 7.0
16 13 168.0 192.0
25 7 24.0 101.0
3 25 20.0 128.0
29 35 55.0 13.0
28 5 135.0 50.0
13 17 79.0 18.0
28 7 148.0 77.0
41 14 122.0 174.0
14 20 6.0 43.0
37 4 97.0 30.0
24 10 164.0 118.0
27 41 194.0 171.0
27 6 175.0 82.0
22 36 71.0 54.0
22 9 21.0 171.0
22 34 134.0 96.0
34 1 118.0 140.0
39 4 94.0 16.0
29 6 6.0 11.0
18 13 79.0 1.0
26 7 173.0 6.0
12 20 19.0 196.0
23 11 64.0 192.0
6 15 177.0 198.0
44 20 70.0 96.0
19 15 196.0 117.0
16 15 23.0 2.0
1 33 123.0 54.0
29 7 125.0 96.0
1 4 168.0 96.0
21 32 125.0 32.0
13 22 165.0 103.0
16 20 36.0 187.0
30 3 117.0 32.0
46 49 151.0 140.0
19 33 133.0 74.0
17 29 78.0 58.0
35 1 180.0 47.0
32 4 29.0 105.0
13 20 38.0 146.0
22 14 126.0 75.0
20 17 79.0 43.0
10 26 37.0 30.0
15 20 87.0 170.0
48 39 98.0 166.0
44 1 35.0 78.0
38 46 114.0 65.0
4 27 7.0 153.0
28 8 40.0 134.0
12 24 86.0 119.0
17 18 98.0 123.0
27 8 87.0 186.0
40 26 65.0 137.0
26 43 169.0 100.0
45 29 199.0 84.0
44 6 130.0 6.0
31 6 160.0 122.0
36 1 191.0 198.0
25 10 3.0 89.0
47 30 96.0 43.0
11 17 152.0 161.0
15 14 51.0 122.0
38 36 164.0 2.0
5 32 20.0 46.0
7 27 179.0 132.0
46 36 9.0 122.0
28 9 75.0 164.0
11 41 74.0 171.0
26 5 40.0 179.0
24 23 180.0 43.0
32 3 62.0 144.0
11 34 162.0 34.0
19 17 26.0 93.0
34 2 6.0 35.0
34 5 122.0 81.0
34 35 3.0 196.0
2 33 185.0 195.0
22 19 191.0 166.0
48 49 97.0 5.0
38 39 69.0 11.0
34 45 159.0 96.0
24 11 51.0 117.0
16 43 99.0 125.0
28 16 42.0 102.0
15 48 182.0 28.0
1 30 180.0 125.0
24 8 166.0 77.0
14 23 80.0 35.0
26 13 18.0 192.0
8 26 2.0 21.0
9 19 14.0 101.0
18 43 174.0 57.0
41 37 198.0 156.0
39 1 143.0 178.0
9 27 87.0 109.0
15 42 145.0 120.0
38 41 195.0 115.0
6 37 33.0 198.0
18 19 113.0 0.0
32 8 165.0 87.0
27 18 29.0 164.0
14 43 147.0 124.0
3 33 54.0 34.0
30 7 111.0 199.0
22 15 144.0 59.0
12 22 96.0 129.0
27 12 20.0 9.0
9 15 184.0 185.0
22 31 26.0 165.0
30 19 2.0 173.0
14 25 159.0 56.0
11 43 37.0 22.0
26 9 134.0 181.0
41 22 55.0 30.0
34 25 130.0 75.0
38 1 36.0 67.0
15 23 14.0 63.0
41 23 150.0 16.0
8 42 119.0 109.0
35 25 10.0 156.0
42 37 8.0 144.0
9 36 191.0 63.0
21 14 158.0 122.0
47 12 120.0 195.0
18 20 48.0 134.0
32 6 3.0 198.0
9 32 110.0 122.0
10 29 5.0 120.0
36 2 118.0 165.0
21 9 110.0 62.0
27 26 125.0 68.0
42 22 50.0 45.0
26 47 128.0 98.0
4 34 113.0 131.0
13 27 149.0 23.0
12 39 154.0 106.0
8 29 103.0 72.0
39 6 123.0 13.0
31 49 99.0 48.0
22 32 26.0 102.0
29 26 164.0 154.0
16 24 158.0 77.0
6 40 173.0 107.0
2 39 10.0 79.0
23 28 90.0 113.0
33 35 13.0 13.0
35 19 113.0 112.0
7 2 36.0 139.0
36 5 168.0 152.0
24 14 22.0 127.0
14 29 132.0 147.0
25 46 142.0 143.0
29 43 121.0 33.0
34 8 151.0 134.0
7 33 71.0 64.0
35 43 132.0 59.0
28 45 181.0 101.0
34 7 179.0 3.0
28 13 23.0 63.0
38 33 60.0 165.0
9 31 6.0 182.0
29 11 113.0 157.0
13 21 81.0 184.0
7 46 26.0 165.0
46 4 1.0 7.0
49 23 21.0 132.0
39 3 42.0 44.0
32 47 73.0 102.0
11 28 165.0 79.0
34 3 172.0 78.0
16 44 185.0 5.0
12 29 65.0 11.0
22 28 92.0 18.0
12 25 93.0 113.0
33 9 51.0 87.0
12 28 86.0 124.0
30 12 83.0 51.0
44 42 152.0 55.0
36 35 153.0 138.0
2 41 125.0 170.0
18 24 52.0 169.0
10 31 187.0 97.0
13 30 14.0 39.0
15 25 56.0 100.0
32 37 14.0 91.0
34 6 129.0 167.0
12 31 95.0 82.0
41 36 182.0 173.0
18 21 34.0 187.0
14 28 168.0 21.0
30 18 51.0 182.0
8 38 199.0 59.0
18 23 20.0 165.0
17 26 160.0 149.0
28 6 52.0 55.0
37 17 83.0 186.0
26 18 52.0 117.0
32 34 183.0 20.0
6 35 183.0 34.0
24 38 25.0 134.0
23 21 91.0 197.0
35 3 78.0 3.0
29 13 70.0 130.0
47 16 66.0 153.0
8 30 100.0 118.0
34 10 169.0 35.0
31 3 84.0 153.0
1 42 157.0 61.0
5 35 124.0 0.0
15 29 88.0 2.0
8 35 6.0 110.0
32 10 194.0 25.0
38 7 152.0 46.0
10 37 80.0 74.0
40 11 64.0 164.0
37 13 158.0 173.0
22 23 193.0 34.0
20 24 193.0 81.0
40 2 24.0 151.0
6 43 197.0 19.0
36 7 106.0 102.0
31 11 1.0 187.0
15 30 125.0 66.0
3 41 117.0 83.0
21 19 143.0 110.0
22 20 129.0 88.0
27 17 46.0 106.0
18 33 40.0 196.0
46 23 193.0 147.0
2 26 133.0 147.0
4 41 70.0 58.0
37 1 170.0 139.0
35 2 21.0 65.0
10 33 185.0 150.0
12 26 114.0 184.0
47 20 132.0 155.0
24 21 56.0 77.0
3 28 129.0 141.0
37 28 194.0 0.0
38 32 9.0 116.0
42 4 191.0 30.0
20 26 185.0 129.0
13 32 178.0 52.0
40 47 27.0 110.0
40 5 153.0 35.0
20 27 154.0 82.0
22 39 21.0 100.0
21 22 67.0 182.0
11 33 189.0 59.0
36 8 37.0 126.0
35 10 50.0 168.0
31 14 150.0 77.0
25 18 135.0 103.0
27 21 167.0 41.0
34 12 146.0 140.0
40 1 162.0 14.0
21 44 183.0 103.0
6 42 18.0 172.0
20 23 98.0 68.0
16 27 141.0 0.0
25 19 153.0 28.0
43 21 166.0 72.0
34 27 175.0 113.0
28 27 126.0 138.0
5 38 69.0 109.0
10 38 184.0 87.0
23 19 145.0 34.0
9 39 117.0 38.0
48 17 140.0 22.0
19 29 3.0 107.0
21 25 99.0 178.0
43 4 107.0 25.0
40 7 85.0 128.0
16 31 93.0 21.0
34 13 78.0 38.0
17 30 140.0 147.0
16 26 88.0 81.0
43 7 27.0 91.0
44 4 67.0 126.0
3 37 152.0 126.0
32 17 60.0 190.0
28 20 95.0 154.0
36 31 165.0 173.0
16 40 21.0 57.0
49 27 8.0 62.0
47 1 46.0 35.0
45 43 170.0 113.0
30 44 157.0 122.0
5 41 18.0 170.0
42 47 95.0 113.0
33 15 194.0 12.0
1 32 103.0 167.0
43 5 142.0 112.0
40 8 14.0 189.0
33 16 181.0 184.0
38 27 43.0 91.0
48 41 199.0 62.0
38 49 5.0 46.0
19 28 76.0 151.0
32 12 40.0 132.0
45 2 35.0 182.0
34 15 108.0 2.0
39 7 24.0 42.0
36 45 121.0 19.0
18 31 131.0 72.0
38 9 175.0 88.0
38 12 161.0 3.0
36 14 11.0 153.0
33 39 179.0 47.0
18 29 189.0 39.0
48 1 137.0 165.0
18 32 160.0 10.0
13 36 179.0 43.0
43 8 187.0 106.0
16 34 83.0 148.0
25 24 33.0 94.0
19 31 105.0 12.0
1 49 34.0 95.0
24 26 3.0 123.0
41 9 72.0 116.0
22 30 121.0 51.0
31 20 15.0 60.0
45 1 121.0 98.0
12 40 156.0 154.0
15 36 85.0 62.0
47 5 111.0 71.0
41 12 175.0 66.0
34 9 94.0 47.0
11 39 185.0 167.0
11 49 84.0 1.0
35 15 2.0 6.0
6 45 187.0 111.0
46 48 105.0 24.0
7 45 59.0 168.0
34 18 168.0 34.0
29 24 63.0 14.0
49 3 196.0 0.0
16 35 149.0 81.0
46 19 153.0 152.0
28 26 30.0 92.0
40 37 174.0 87.0
17 35 4.0 33.0
26 48 163.0 124.0
27 25 137.0 26.0
38 14 82.0 134.0
12 33 89.0 32.0
26 25 5.0 194.0
21 26 139.0 188.0
42 25 119.0 113.0
24 31 77.0 123.0
34 20 172.0 40.0
29 23 60.0 61.0
21 31 128.0 142.0
15 37 168.0 17.0
34 14 61.0 174.0
23 35 6.0 0.0
42 9 24.0 125.0
11 48 82.0 101.0
39 15 188.0 6.0
33 17 156.0 0.0
34 21 130.0 84.0
3 48 83.0 50.0
45 8 21.0 97.0
44 33 32.0 27.0
11 37 127.0 56.0
12 42 107.0 161.0
44 9 163.0 95.0
49 42 3.0 119.0
32 20 114.0 133.0
48 7 131.0 198.0
30 27 155.0 152.0
45 10 59.0 187.0
31 23 191.0 138.0
13 41 109.0 98.0
42 11 104.0 72.0
11 18 85.0 107.0
3 1 60.0 0.0
40 17 193.0 143.0
37 20 141.0 148.0
42 48 113.0 153.0
15 32 92.0 104.0
44 31 59.0 153.0
38 19 43.0 115.0
36 39 19.0 128.0
44 37 97.0 31.0
20 36 27.0 42.0
34 19 98.0 121.0
30 24 17.0 163.0
5 49 109.0 110.0
38 18 24.0 120.0
7 49 161.0 67.0
48 9 131.0 132.0
25 32 59.0 180.0
38 17 112.0 86.0
40 28 148.0 163.0
28 29 103.0 117.0
25 31 71.0 12.0
22 33 36.0 96.0
46 12 35.0 149.0
10 44 140.0 118.0
39 18 191.0 199.0
38 29 190.0 104.0
29 25 30.0 90.0
30 26 195.0 133.0
49 8 182.0 19.0
21 35 158.0 170.0
12 45 94.0 146.0
16 37 55.0 186.0
31 26 188.0 47.0
38 45 171.0 178.0
46 11 171.0 2.0
28 47 168.0 119.0
21 37 71.0 151.0
21 45 139.0 29.0
26 33 99.0 185.0
44 11 107.0 107.0
24 34 83.0 95.0
26 32 131.0 54.0
36 23 27.0 54.0
13 45 185.0 196.0
47 11 76.0 56.0
39 17 166.0 16.0
24 33 157.0 65.0
47 14 33.0 64.0
31 48 87.0 116.0
9 49 135.0 170.0
38 20 179.0 162.0
44 15 22.0 164.0
43 15 78.0 98.0
14 42 127.0 44.0
44 17 193.0 84.0
41 18 16.0 26.0
33 25 147.0 104.0
29 22 101.0 82.0
14 45 58.0 81.0
28 31 13.0 32.0
21 39 132.0 43.0
18 7 17.0 59.0
17 45 38.0 162.0
22 27 158.0 7.0
44 18 5.0 57.0
10 39 93.0 59.0
7 47 44.0 151.0
48 45 59.0 9.0
15 45 166.0 143.0
14 35 144.0 135.0
31 29 148.0 134.0
40 25 177.0 106.0
9 47 94.0 135.0
22 40 97.0 187.0
36 21 23.0 93.0
27 32 42.0 35.0
43 9 199.0 161.0
46 16 86.0 143.0
36 27 136.0 35.0
34 29 175.0 65.0
49 14 17.0 21.0
26 38 80.0 114.0
40 21 27.0 56.0
40 24 170.0 22.0
46 24 58.0 169.0
36 24 177.0 145.0
37 26 113.0 65.0
18 46 83.0 40.0
32 33 78.0 100.0
33 27 177.0 110.0
35 28 142.0 156.0
43 22 183.0 64.0
38 25 97.0 41.0
29 33 144.0 26.0
45 19 192.0 9.0
17 49 58.0 75.0
39 26 190.0 88.0
41 24 21.0 119.0
31 42 79.0 115.0
42 23 120.0 14.0
37 27 120.0 169.0
15 47 64.0 65.0
9 46 14.0 56.0
39 47 44.0 25.0
26 41 153.0 187.0
30 34 86.0 127.0
37 29 141.0 117.0
46 15 92.0 13.0
44 3 36.0 13.0
39 27 17.0 101.0
42 24 85.0 31.0
49 18 156.0 81.0
32 39 90.0 109.0
38 23 13.0 128.0
38 22 157.0 154.0
24 43 19.0 50.0
36 32 127.0 7.0
43 23 53.0 144.0
46 21 115.0 90.0
34 26 162.0 23.0
47 10 23.0 52.0
40 30 56.0 37.0
29 32 107.0 13.0
12 49 12.0 78.0
38 30 27.0 91.0
33 34 68.0 81.0
20 48 3.0 135.0
45 20 192.0 165.0
40 27 115.0 15.0
19 49 81.0 171.0
45 18 11.0 140.0
33 36 135.0 175.0
39 31 1.0 162.0
27 43 169.0 21.0
21 49 166.0 172.0
39 44 61.0 158.0
20 42 161.0 176.0
47 19 30.0 42.0
48 23 141.0 193.0
13 33 8.0 28.0
46 22 42.0 161.0
25 44 9.0 164.0
29 36 110.0 176.0
48 13 37.0 171.0
43 28 143.0 198.0
40 31 140.0 125.0
48 24 80.0 34.0
35 40 132.0 88.0
40 32 48.0 174.0
39 34 180.0 9.0
36 37 157.0 42.0
41 30 84.0 194.0
49 16 16.0 179.0
26 46 161.0 108.0
41 32 120.0 41.0
23 39 66.0 4.0
26 44 171.0 66.0
44 29 0.0 103.0
43 25 85.0 157.0
30 42 174.0 122.0
42 32 129.0 142.0
26 45 86.0 42.0
27 47 54.0 158.0
44 32 150.0 73.0
46 28 114.0 121.0
42 33 181.0 114.0
28 32 31.0 66.0
25 48 117.0 6.0
23 45 0.0 198.0
26 49 49.0 39.0
39 28 143.0 103.0
31 47 5.0 94.0
47 24 35.0 119.0
22 47 113.0 16.0
40 36 30.0 145.0
40 33 169.0 99.0
48 29 155.0 122.0
20 49 70.0 4.0
45 30 70.0 13.0
38 40 56.0 75.0
37 35 171.0 43.0
43 37 139.0 84.0
35 49 126.0 169.0
46 33 88.0 48.0
36 43 113.0 195.0
42 35 193.0 135.0
33 47 46.0 64.0
42 39 139.0 54.0
40 42 121.0 110.0
42 43 165.0 61.0
39 41 13.0 91.0
41 43 26.0 53.0
49 43 48.0 92.0
42 38 57.0 42.0
35 46 41.0 56.0
37 34 91.0 180.0
48 34 78.0 165.0
31 45 118.0 43.0
47 38 116.0 83.0
41 16 144.0 142.0
25 28 135.0 192.0
45 49 142.0 145.0
37 49 146.0 135.0
49 28 32.0 37.0
5 46 149.0 62.0
44 49 93.0 19.0
30 39 75.0 9.0
37 47 128.0 171.0
34 43 152.0 15.0
41 40 147.0 46.0
45 35 185.0 45.0
43 48 113.0 17.0
34 38 169.0 14.0
45 40 34.0 62.0
23 47 80.0 62.0
42 46 65.0 160.0
38 37 156.0 169.0
38 43 57.0 55.0
37 23 151.0 42.0
49 30 171.0 64.0
44 35 84.0 141.0
33 41 152.0 71.0
42 27 154.0 32.0
48 40 124.0 19.0
48 35 112.0 80.0
49 32 105.0 121.0
44 46 121.0 8.0
5 13 74.0 93.0
48 44 71.0 159.0
44 28 168.0 176.0
35 41 137.0 122.0
46 41 177.0 13.0
22 37 37.0 41.0
39 49 119.0 94.0
9 29 110.0 41.0
29 46 87.0 136.0
45 39 61.0 110.0
47 34 144.0 30.0
28 17 152.0 34.0
17 41 79.0 81.0
4 30 25.0 68.0
0
