40 780 24 7 118207
38 33 21.0 116.0
15 4 23.0 191.0
39 12 8.0 80.0
9 5 25.0 165.0
7 1 1.0 177.0
11 14 153.0 2.0
4 30 110.0 135.0
26 32 22.0 86.0
16 35 70.0 195.0
38 27 107.0 93.0
39 6 195.0 115.0
36 33 161.0 172.0
25 23 194.0 114.0
36 37 159.0 99.0
18 27 42.0 21.0
10 20 145.0 16.0
14 13 122.0 15.0
39 21 196.0 30.0
2 8 172.0 144.0
11 37 74.0 85.0
19 40 54.0 69.0
28 1 124.0 165.0
28 19 36.0 166.0
39 24 163.0 133.0
28 29 145.0 38.0
1 29 50.0 94.0
1 10 47.0 22.0
35 29 125.0 122.0
20 24 127.0 131.0
24 17 122.0 3.0
27 3 136.0 111.0
26 5 52.0 100.0
26 11 105.0 149.0
39 4 75.0 107.0
2 11 188.0 123.0
31 38 1.0 65.0
13 37 107.0 80.0
2 4 30.0 30.0
7 22 63.0 167.0
18 20 82.0 67.0
30 17 19.0 140.0
13 8 45.0 46.0
18 2 119.0 185.0
39 11 10.0 121.0
39 2 42.0 70.0
38 21 43.0 25.0
34 25 130.0 58.0
4 6 24.0 165.0
15 26 58.0 43.0
33 10 82.0 103.0
12 10 81.0 1.0
12 35 90.0 44.0
8 6 65.0 84.0
7 3 111.0 61.0
6 32 168.0 193.0
30 39 195.0 192.0
16 28 168.0 53.0
30 37 192.0 2.0
38 36 89.0 73.0
31 30 10.0 131.0
24 16 101.0 27.0
38 9 82.0 12.0
1 39 61.0 3.0
37 28 84.0 56.0
16 30 164.0 52.0
18 15 15.0 156.0
10 22 191.0 104.0
12 28 186.0 1.0
3 30 31.0 88.0
30 13 181.0 66.0
6 5 31.0 42.0
17 19 103.0 115.0
40 8 177.0 19.0
14 8 134.0 192.0
30 9 112.0 78.0
36 32 189.0 98.0
13 19 82.0 21.0
24 40 105.0 15.0
29 11 76.0 136.0
21 12 20.0 132.0
11 32 143.0 149.0
40 14 140.0 30.0
22 29 128.0 4.0
20 23 104.0 69.0
34 11 136.0 138.0
2 34 141.0 41.0
36 19 176.0 18.0
30 23 0.0 148.0
14 10 84.0 95.0
23 6 35.0 176.0
26 21 77.0 163.0
9 6 28.0 181.0
36 40 156.0 164.0
25 6 140.0 98.0
24 29 165.0 68.0
11 9 175.0 117.0
18 5 159.0 12.0
7 5 27.0 194.0
10 38 4.0 104.0
22 6 168.0 32.0
15 1 181.0 125.0
34 16 89.0 121.0
36 22 165.0 54.0
3 8 126.0 92.0
8 25 129.0 85.0
11 3 14.0 157.0
1 12 81.0 170.0
20 35 55.0 50.0
31 8 55.0 36.0
4 10 49.0 144.0
11 31 111.0 14.0
34 19 113.0 37.0
4 3 8.0 42.0
34 32 93.0 22.0
14 33 112.0 175.0
27 26 48.0 119.0
25 37 158.0 103.0
18 1 68.0 7.0
31 14 176.0 179.0
32 10 194.0 89.0
5 1 197.0 2.0
36 17 0.0 42.0
9 18 66.0 64.0
35 24 50.0 66.0
20 11 157.0 8.0
3 16 24.0 177.0
4 11 20.0 0.0
38 2 73.0 166.0
2 12 112.0 70.0
26 25 66.0 64.0
35 9 180.0 132.0
32 40 3.0 31.0
2 40 195.0 112.0
16 2 43.0 19.0
22 21 131.0 15.0
14 23 90.0 4.0
24 27 0.0 154.0
2 7 124.0 66.0
19 32 162.0 105.0
23 9 175.0 117.0
8 22 134.0 170.0
3 12 75.0 130.0
2 26 127.0 6.0
40 11 182.0 17.0
37 5 79.0 183.0
15 2 145.0 155.0
25 13 158.0 107.0
21 25 180.0 133.0
38 16 179.0 114.0
38 5 110.0 6.0
9 4 21.0 37.0
4 8 164.0 156.0
9 2 25.0 43.0
5 39 149.0 170.0
7 6 63.0 107.0
6 34 162.0 43.0
9 31 45.0 93.0
35 21 48.0 156.0
5 12 40.0 22.0
1 11 83.0 4.0
10 3 17.0 61.0
39 32 161.0 166.0
14 27 18.0 176.0
20 21 19.0 133.0
8 5 36.0 17.0
9 7 143.0 37.0
31 20 23.0 184.0
30 29 162.0 106.0
29 8 186.0 179.0
14 3 164.0 99.0
5 36 95.0 134.0
8 28 129.0 114.0
7 12 124.0 118.0
9 36 79.0 20.0
6 2 155.0 102.0
33 9 180.0 117.0
7 8 79.0 118.0
2 14 70.0 43.0
6 10 44.0 165.0
30 33 195.0 174.0
3 13 124.0 71.0
32 4 117.0 3.0
8 26 192.0 72.0
26 22 41.0 172.0
2 13 136.0 72.0
13 36 57.0 158.0
38 37 146.0 102.0
5 13 175.0 93.0
25 5 175.0 99.0
5 4 7.0 92.0
32 37 177.0 199.0
9 3 198.0 170.0
5 3 179.0 134.0
12 6 107.0 189.0
3 6 29.0 53.0
32 27 47.0 4.0
15 3 23.0 22.0
23 35 174.0 182.0
31 23 39.0 151.0
9 10 177.0 37.0
11 7 27.0 156.0
10 18 138.0 86.0
10 8 163.0 119.0
39 36 53.0 10.0
12 33 194.0 28.0
19 12 80.0 120.0
26 24 3.0 119.0
11 8 165.0 180.0
26 9 154.0 144.0
27 31 78.0 44.0
1 4 113.0 194.0
39 37 122.0 166.0
5 15 39.0 68.0
39 29 103.0 72.0
12 24 59.0 106.0
13 39 37.0 24.0
2 5 64.0 191.0
24 28 25.0 95.0
31 10 141.0 138.0
6 18 186.0 63.0
1 13 162.0 178.0
2 17 34.0 65.0
34 4 198.0 93.0
2 31 39.0 187.0
4 16 93.0 56.0
7 32 69.0 71.0
33 2 189.0 10.0
19 26 22.0 176.0
37 27 179.0 136.0
37 34 101.0 13.0
37 19 189.0 99.0
9 40 71.0 29.0
19 6 136.0 116.0
15 6 180.0 157.0
22 40 119.0 169.0
25 18 52.0 94.0
4 23 111.0 31.0
17 37 12.0 165.0
16 17 183.0 2.0
6 13 25.0 6.0
29 4 8.0 114.0
23 32 163.0 188.0
32 30 87.0 83.0
5 10 162.0 140.0
14 5 47.0 26.0
1 32 175.0 12.0
8 15 63.0 158.0
38 6 17.0 40.0
1 35 102.0 177.0
10 7 169.0 66.0
27 22 33.0 56.0
31 29 93.0 148.0
33 15 192.0 93.0
6 26 124.0 119.0
40 38 68.0 187.0
4 17 34.0 37.0
17 1 112.0 89.0
12 36 157.0 33.0
17 3 38.0 143.0
31 12 14.0 131.0
18 17 182.0 158.0
20 1 152.0 106.0
28 7 53.0 172.0
27 10 112.0 88.0
16 18 58.0 25.0
5 19 92.0 168.0
21 24 43.0 130.0
35 14 123.0 57.0
19 2 23.0 105.0
9 1 104.0 176.0
2 29 187.0 158.0
31 39 37.0 100.0
8 38 11.0 96.0
12 8 188.0 103.0
40 26 185.0 183.0
31 33 140.0 108.0
1 6 158.0 164.0
9 13 90.0 62.0
33 21 102.0 29.0
1 14 97.0 140.0
7 16 46.0 108.0
37 4 35.0 34.0
21 18 51.0 172.0
2 1 122.0 143.0
6 20 125.0 80.0
32 15 144.0 15.0
28 38 37.0 198.0
4 18 37.0 135.0
31 36 186.0 83.0
9 14 11.0 21.0
39 34 199.0 62.0
26 39 22.0 121.0
18 34 121.0 148.0
4 12 67.0 65.0
1 24 191.0 104.0
27 40 136.0 28.0
20 3 98.0 123.0
13 17 170.0 61.0
3 37 67.0 169.0
35 4 51.0 90.0
15 9 148.0 172.0
34 30 66.0 15.0
4 7 111.0 57.0
32 38 98.0 47.0
21 11 32.0 148.0
10 11 61.0 154.0
20 5 72.0 80.0
5 17 19.0 75.0
16 1 66.0 167.0
30 24 194.0 84.0
16 14 118.0 105.0
3 26 182.0 17.0
2 22 46.0 166.0
40 33 117.0 107.0
17 7 18.0 189.0
31 18 23.0 189.0
26 37 54.0 41.0
12 38 98.0 1.0
3 19 4.0 17.0
4 27 191.0 138.0
21 2 135.0 37.0
12 9 27.0 52.0
38 35 99.0 197.0
12 27 28.0 74.0
16 36 138.0 34.0
25 28 66.0 37.0
7 15 9.0 22.0
33 1 47.0 0.0
12 11 96.0 182.0
22 1 76.0 76.0
14 34 96.0 175.0
13 11 107.0 76.0
22 4 62.0 197.0
19 35 96.0 80.0
16 5 32.0 105.0
16 19 184.0 80.0
1 23 39.0 32.0
6 16 134.0 115.0
15 11 146.0 30.0
21 19 58.0 5.0
8 9 19.0 72.0
18 8 29.0 67.0
1 19 175.0 14.0
23 15 134.0 159.0
29 32 62.0 173.0
7 14 138.0 196.0
21 4 71.0 84.0
18 7 158.0 81.0
36 26 136.0 129.0
3 22 17.0 118.0
4 14 55.0 192.0
19 24 38.0 190.0
6 11 99.0 100.0
6 14 135.0 37.0
21 34 169.0 6.0
27 1 13.0 80.0
16 8 155.0 150.0
10 17 31.0 125.0
16 11 130.0 86.0
14 29 172.0 120.0
25 14 148.0 23.0
15 13 106.0 35.0
11 5 103.0 75.0
34 28 131.0 116.0
30 19 179.0 38.0
7 13 190.0 162.0
2 23 158.0 72.0
2 25 125.0 82.0
24 4 92.0 73.0
7 20 154.0 198.0
2 24 87.0 57.0
21 1 154.0 18.0
25 17 182.0 85.0
20 4 157.0 125.0
22 5 28.0 67.0
1 26 60.0 153.0
15 19 171.0 152.0
39 23 92.0 125.0
13 10 165.0 179.0
12 30 155.0 71.0
13 16 129.0 90.0
17 8 2.0 38.0
16 10 107.0 31.0
7 25 60.0 167.0
1 8 1.0 183.0
15 21 54.0 93.0
27 25 158.0 19.0
23 3 131.0 65.0
39 28 153.0 12.0
17 11 39.0 156.0
37 20 115.0 146.0
12 15 38.0 127.0
18 11 160.0 192.0
4 38 22.0 166.0
23 27 187.0 180.0
29 38 179.0 70.0
26 4 179.0 132.0
21 3 42.0 18.0
15 10 55.0 109.0
39 38 63.0 45.0
21 9 23.0 175.0
36 23 137.0 45.0
9 16 60.0 76.0
5 23 80.0 191.0
23 37 68.0 11.0
37 31 48.0 62.0
27 13 24.0 55.0
10 21 109.0 40.0
21 5 165.0 132.0
22 11 141.0 54.0
28 11 82.0 154.0
30 26 163.0 114.0
8 19 90.0 31.0
29 15 54.0 90.0
19 10 27.0 79.0
17 14 87.0 136.0
11 19 52.0 4.0
24 5 58.0 193.0
22 20 122.0 92.0
6 17 66.0 86.0
6 30 193.0 108.0
28 4 133.0 47.0
16 39 45.0 160.0
25 4 140.0 84.0
30 10 171.0 144.0
27 2 192.0 29.0
20 12 34.0 67.0
34 26 118.0 52.0
19 7 42.0 63.0
40 31 55.0 175.0
22 9 42.0 100.0
9 20 5.0 134.0
27 5 77.0 129.0
12 17 5.0 69.0
23 7 169.0 191.0
14 15 168.0 39.0
18 14 116.0 162.0
6 21 106.0 123.0
26 16 114.0 148.0
23 10 89.0 71.0
34 1 81.0 166.0
20 13 95.0 38.0
5 30 117.0 65.0
7 24 181.0 37.0
22 12 124.0 49.0
12 13 66.0 182.0
21 7 163.0 180.0
38 13 31.0 52.0
28 2 163.0 64.0
6 24 81.0 11.0
8 24 109.0 151.0
13 21 43.0 91.0
12 16 181.0 119.0
18 22 68.0 47.0
17 29 53.0 31.0
1 36 84.0 36.0
21 8 11.0 48.0
9 19 88.0 44.0
8 36 171.0 150.0
2 20 180.0 15.0
20 8 102.0 113.0
29 33 124.0 171.0
27 7 172.0 129.0
31 7 195.0 57.0
15 17 175.0 158.0
27 6 3.0 63.0
9 24 38.0 174.0
15 16 92.0 170.0
30 2 16.0 146.0
20 15 88.0 92.0
14 19 166.0 13.0
9 25 110.0 113.0
31 5 195.0 85.0
28 30 129.0 150.0
35 37 73.0 168.0
3 28 198.0 165.0
15 24 122.0 14.0
1 31 109.0 10.0
32 24 123.0 75.0
6 29 124.0 33.0
13 40 39.0 71.0
14 20 86.0 121.0
17 9 68.0 159.0
12 37 57.0 66.0
13 33 25.0 179.0
3 31 73.0 134.0
18 3 11.0 196.0
22 23 114.0 87.0
10 25 25.0 105.0
5 29 182.0 111.0
4 31 151.0 2.0
28 6 143.0 8.0
23 11 46.0 168.0
29 3 95.0 72.0
5 28 69.0 58.0
18 13 7.0 183.0
14 12 141.0 32.0
20 17 86.0 76.0
13 24 170.0 37.0
23 8 55.0 114.0
27 35 116.0 54.0
4 19 8.0 11.0
7 29 101.0 77.0
18 12 129.0 108.0
14 21 24.0 22.0
30 11 108.0 110.0
27 8 132.0 30.0
20 16 84.0 139.0
12 26 124.0 0.0
14 22 18.0 132.0
2 32 57.0 71.0
3 32 131.0 138.0
3 33 61.0 155.0
11 25 44.0 121.0
31 25 168.0 176.0
10 26 83.0 4.0
14 37 37.0 7.0
36 2 57.0 55.0
15 39 180.0 66.0
12 23 82.0 64.0
39 20 81.0 143.0
30 18 59.0 126.0
7 26 73.0 27.0
21 16 88.0 109.0
20 29 59.0 125.0
37 1 166.0 68.0
24 11 19.0 99.0
25 1 161.0 101.0
15 38 124.0 43.0
13 22 87.0 183.0
35 2 50.0 112.0
29 9 86.0 138.0
3 24 154.0 145.0
36 6 157.0 73.0
3 25 47.0 176.0
8 39 173.0 8.0
36 4 41.0 97.0
33 7 52.0 80.0
37 33 142.0 102.0
22 16 160.0 28.0
25 12 2.0 66.0
19 18 46.0 111.0
30 8 102.0 93.0
38 14 144.0 28.0
34 3 85.0 185.0
39 18 106.0 89.0
4 33 80.0 49.0
5 34 142.0 40.0
36 27 197.0 144.0
19 20 13.0 43.0
5 32 12.0 68.0
23 17 103.0 109.0
21 17 84.0 188.0
25 39 26.0 190.0
15 25 109.0 106.0
30 27 24.0 51.0
38 1 154.0 173.0
36 18 2.0 120.0
18 29 199.0 167.0
3 38 9.0 102.0
4 13 186.0 45.0
1 40 46.0 12.0
8 33 48.0 155.0
17 40 173.0 24.0
6 35 14.0 79.0
26 14 24.0 17.0
28 13 175.0 176.0
21 31 134.0 137.0
34 23 146.0 121.0
27 11 198.0 145.0
29 12 172.0 46.0
12 32 70.0 97.0
10 29 188.0 37.0
28 10 116.0 164.0
9 32 2.0 43.0
22 17 196.0 88.0
31 6 181.0 95.0
15 22 51.0 131.0
3 36 56.0 175.0
16 23 22.0 78.0
18 23 130.0 162.0
10 24 63.0 198.0
33 6 142.0 17.0
15 27 137.0 138.0
27 16 114.0 71.0
25 16 118.0 165.0
32 8 133.0 126.0
39 3 72.0 107.0
37 7 145.0 154.0
29 26 119.0 161.0
7 34 73.0 61.0
37 40 56.0 11.0
26 35 58.0 170.0
37 9 169.0 128.0
23 19 51.0 54.0
7 30 35.0 75.0
24 22 83.0 180.0
39 14 137.0 2.0
37 6 12.0 163.0
2 37 152.0 68.0
34 9 148.0 162.0
28 9 60.0 117.0
14 24 60.0 63.0
35 5 21.0 47.0
31 13 62.0 105.0
34 20 97.0 151.0
28 35 194.0 110.0
35 3 0.0 98.0
28 14 48.0 149.0
8 35 105.0 108.0
3 40 180.0 117.0
35 7 37.0 2.0
26 20 170.0 99.0
18 26 97.0 20.0
23 13 5.0 91.0
25 19 182.0 158.0
35 11 9.0 30.0
34 8 20.0 66.0
40 5 28.0 0.0
17 26 198.0 65.0
24 18 84.0 168.0
27 17 83.0 181.0
23 26 35.0 41.0
7 40 72.0 169.0
39 7 183.0 82.0
37 10 9.0 155.0
20 25 185.0 37.0
31 15 124.0 135.0
35 10 136.0 160.0
37 22 19.0 20.0
39 22 85.0 6.0
28 15 70.0 157.0
31 32 177.0 5.0
19 22 128.0 186.0
31 16 179.0 114.0
29 16 47.0 55.0
15 30 54.0 135.0
20 28 75.0 25.0
11 33 132.0 112.0
36 11 44.0 154.0
1 30 9.0 21.0
26 13 190.0 138.0
8 37 11.0 121.0
28 17 63.0 10.0
33 19 101.0 69.0
7 36 126.0 129.0
22 34 43.0 10.0
30 14 133.0 87.0
25 22 198.0 142.0
14 32 3.0 140.0
17 32 42.0 14.0
21 28 183.0 57.0
15 35 32.0 84.0
32 13 105.0 158.0
21 27 126.0 100.0
12 34 163.0 59.0
32 16 69.0 113.0
9 39 23.0 72.0
35 39 105.0 17.0
36 14 42.0 88.0
33 5 28.0 75.0
29 21 49.0 85.0
28 22 192.0 175.0
31 17 125.0 107.0
13 35 79.0 146.0
33 17 92.0 102.0
23 28 24.0 197.0
26 38 97.0 66.0
10 36 51.0 77.0
34 10 33.0 100.0
17 35 24.0 178.0
17 34 156.0 101.0
19 27 187.0 187.0
27 20 25.0 79.0
34 29 59.0 49.0
18 37 179.0 108.0
32 18 88.0 182.0
19 29 0.0 122.0
15 36 78.0 24.0
29 23 51.0 34.0
6 40 141.0 39.0
20 32 129.0 166.0
15 34 116.0 188.0
37 16 45.0 47.0
35 31 87.0 134.0
10 40 128.0 87.0
21 32 101.0 6.0
25 29 16.0 105.0
30 20 133.0 157.0
22 32 65.0 62.0
22 30 31.0 134.0
25 24 37.0 29.0
35 22 132.0 124.0
29 13 135.0 60.0
33 22 166.0 188.0
10 39 128.0 182.0
40 15 4.0 13.0
37 21 114.0 21.0
30 36 31.0 97.0
23 21 156.0 20.0
33 16 116.0 89.0
27 28 85.0 3.0
20 33 82.0 51.0
38 34 27.0 162.0
19 31 195.0 183.0
40 4 183.0 109.0
33 39 105.0 15.0
33 23 78.0 61.0
24 31 191.0 147.0
40 16 124.0 77.0
38 11 132.0 158.0
29 27 190.0 111.0
35 18 51.0 185.0
21 30 114.0 34.0
38 7 42.0 19.0
37 24 121.0 72.0
33 24 139.0 112.0
30 25 168.0 15.0
18 38 88.0 100.0
23 24 95.0 78.0
17 39 12.0 98.0
26 28 19.0 126.0
32 25 123.0 13.0
13 34 18.0 44.0
28 32 179.0 110.0
24 36 24.0 148.0
2 10 2.0 112.0
38 25 125.0 98.0
23 40 125.0 137.0
34 27 120.0 97.0
36 28 149.0 43.0
33 25 6.0 119.0
22 38 103.0 137.0
23 38 14.0 128.0
35 33 106.0 17.0
28 31 198.0 31.0
40 12 1.0 76.0
36 20 155.0 121.0
38 30 136.0 56.0
20 40 9.0 94.0
40 28 120.0 113.0
29 37 59.0 86.0
38 24 25.0 117.0
35 25 90.0 175.0
24 34 110.0 43.0
38 17 68.0 17.0
33 26 141.0 4.0
27 39 62.0 102.0
29 36 54.0 134.0
38 20 50.0 65.0
3 1 150.0 75.0
18 33 104.0 40.0
29 40 86.0 167.0
40 25 184.0 106.0
34 36 163.0 77.0
9 27 146.0 177.0
40 35 11.0 0.0
30 35 111.0 61.0
31 26 83.0 62.0
36 25 1.0 140.0
39 40 41.0 39.0
34 35 53.0 25.0
32 33 121.0 168.0
33 28 85.0 19.0
31 34 196.0 96.0
27 33 190.0 107.0
39 19 41.0 73.0
35 36 18.0 42.0
37 15 164.0 11.0
2 3 36.0 169.0
32 35 77.0 109.0
18 28 100.0 114.0
22 31 137.0 48.0
21 36 119.0 79.0
40 21 157.0 161.0
18 40 191.0 127.0
19 38 65.0 107.0
30 40 171.0 102.0
34 40 58.0 0.0
33 34 192.0 110.0
0
