49 1176 16 40 125315
11 38 32.0 121.0
40 39 139.0 60.0
13 2 18.0 69.0
22 49 133.0 33.0
20 19 32.0 184.0
16 23 87.0 194.0
27 9 184.0 131.0
37 19 23.0 64.0
12 40 193.0 7.0
35 38 127.0 84.0
40 15 77.0 146.0
14 10 127.0 162.0
28 10 8.0 159.0
32 13 154.0 47.0
26 43 168.0 90.0
17 2 104.0 192.0
42 46 36.0 50.0
35 46 20.0 163.0
12 27 15.0 49.0
37 14 7.0 143.0
23 12 138.0 168.0
29 35 116.0 44.0
34 4 77.0 84.0
6 33 189.0 134.0
35 19 199.0 177.0
15 18 158.0 171.0
45 11 99.0 126.0
29 25 143.0 58.0
41 30 188.0 33.0
21 48 196.0 56.0
3 48 61.0 73.0
37 38 101.0 50.0
12 4 14.0 52.0
21 11 25.0 172.0
26 24 180.0 76.0
4 20 195.0 75.0
49 28 107.0 135.0
26 2 6.0 55.0
5 34 156.0 67.0
27 10 184.0 9.0
13 24 120.0 198.0
34 43 80.0 145.0
23 18 92.0 60.0
37 27 22.0 39.0
10 2 87.0 82.0
3 45 153.0 93.0
29 20 107.0 109.0
34 32 127.0 43.0
6 36 17.0 47.0
29 45 88.0 97.0
13 26 179.0 181.0
8 14 193.0 2.0
16 13 168.0 32.0
8 37 40.0 121.0
7 44 117.0 99.0
31 19 34.0 196.0
10 34 50.0 51.0
34 46 162.0 139.0
27 33 158.0 141.0
46 3 143.0 103.0
20 21 153.0 112.0
8 25 99.0 193.0
24 38 70.0 16.0
7 9 121.0 105.0
42 37 50.0 171.0
39 9 170.0 12.0
46 40 27.0 128.0
42 13 181.0 170.0
33 5 131.0 134.0
35 30 36.0 182.0
18 31 109.0 107.0
44 25 73.0 182.0
17 8 129.0 75.0
17 45 150.0 52.0
35 32 195.0 177.0
45 31 186.0 128.0
40 5 50.0 69.0
39 5 16.0 87.0
40 18 115.0 77.0
42 29 30.0 188.0
3 11 133.0 160.0
37 2 50.0 83.0
33 47 12.0 197.0
33 19 95.0 199.0
28 45 34.0 98.0
6 47 73.0 2.0
2 7 193.0 189.0
48 5 56.0 23.0
46 49 1.0 141.0
1 30 196.0 51.0
27 34 103.0 160.0
8 28 171.0 150.0
29 40 52.0 5.0
12 3 20.0 125.0
7 14 131.0 165.0
19 4 141.0 188.0
3 43 128.0 143.0
2 9 48.0 76.0
12 14 178.0 103.0
47 2 80.0 150.0
46 22 192.0 84.0
14 4 107.0 164.0
18 24 24.0 39.0
32 20 99.0 117.0
13 9 71.0 179.0
37 44 58.0 71.0
14 15 192.0 189.0
16 37 35.0 72.0
9 11 18.0 179.0
3 5 97.0 125.0
35 27 49.0 121.0
2 33 108.0 100.0
46 4 162.0 131.0
4 3 131.0 173.0
25 10 62.0 75.0
5 9 3.0 50.0
37 13 125.0 21.0
24 40 103.0 22.0
17 20 63.0 152.0
8 41 42.0 123.0
49 4 124.0 157.0
14 29 42.0 8.0
43 4 49.0 56.0
31 41 190.0 52.0
10 46 165.0 67.0
36 32 92.0 69.0
7 37 129.0 107.0
28 24 15.0 171.0
7 4 101.0 92.0
42 12 54.0 143.0
20 24 22.0 103.0
21 33 50.0 13.0
34 18 11.0 15.0
49 30 164.0 55.0
18 19 140.0 93.0
47 41 38.0 108.0
9 6 156.0 139.0
33 16 43.0 10.0
44 12 147.0 66.0
49 47 108.0 197.0
15 28 138.0 71.0
8 49 163.0 54.0
23 44 139.0 56.0
40 19 62.0 129.0
15 1 72.0 170.0
2 19 191.0 67.0
30 4 173.0 91.0
7 1 180.0 33.0
5 10 7.0 118.0
4 8 72.0 170.0
14 21 141.0 163.0
44 32 10.0 4.0
4 9 118.0 34.0
3 13 10.0 61.0
16 39 152.0 135.0
10 42 198.0 132.0
21 32 7.0 5.0
46 47 151.0 31.0
23 37 97.0 44.0
24 17 102.0 59.0
2 34 138.0 20.0
46 48 183.0 101.0
38 22 131.0 135.0
15 35 133.0 129.0
17 21 100.0 140.0
23 5 169.0 3.0
6 7 107.0 18.0
20 35 175.0 9.0
19 45 120.0 65.0
44 35 153.0 103.0
8 30 112.0 36.0
15 3 184.0 45.0
28 12 67.0 84.0
21 39 179.0 37.0
41 29 134.0 86.0
19 24 57.0 109.0
24 21 196.0 129.0
6 4 96.0 101.0
33 9 138.0 8.0
9 1 59.0 74.0
7 10 53.0 79.0
43 17 84.0 32.0
9 8 161.0 18.0
3 47 100.0 18.0
23 24 148.0 49.0
27 14 13.0 197.0
23 1 199.0 103.0
11 1 155.0 58.0
21 43 86.0 161.0
10 29 33.0 122.0
8 15 135.0 194.0
17 36 179.0 36.0
15 45 149.0 80.0
9 24 131.0 162.0
2 12 198.0 130.0
44 9 84.0 105.0
2 43 188.0 170.0
28 48 76.0 173.0
19 7 109.0 12.0
12 7 196.0 89.0
18 1 176.0 145.0
26 15 32.0 60.0
42 11 122.0 182.0
19 41 66.0 6.0
34 1 118.0 6.0
1 8 62.0 147.0
7 5 77.0 172.0
4 37 148.0 25.0
39 43 132.0 76.0
8 34 109.0 116.0
45 20 114.0 183.0
11 16 197.0 180.0
21 41 148.0 68.0
10 19 15.0 162.0
26 14 189.0 45.0
1 6 33.0 89.0
48 31 24.0 117.0
7 8 85.0 85.0
3 25 128.0 151.0
41 39 136.0 77.0
30 23 92.0 36.0
41 48 142.0 107.0
12 1 137.0 131.0
7 33 16.0 122.0
15 21 96.0 41.0
4 45 63.0 133.0
21 44 13.0 191.0
33 29 191.0 149.0
8 35 30.0 83.0
14 5 22.0 173.0
15 4 118.0 159.0
15 24 71.0 134.0
49 39 52.0 167.0
35 24 57.0 115.0
18 35 105.0 22.0
10 4 196.0 48.0
13 1 198.0 27.0
30 16 120.0 173.0
16 1 189.0 38.0
27 7 192.0 60.0
10 1 162.0 44.0
46 1 16.0 19.0
40 37 48.0 73.0
8 6 178.0 44.0
43 30 29.0 177.0
45 41 136.0 150.0
44 4 105.0 125.0
5 8 22.0 97.0
4 16 149.0 184.0
6 2 175.0 117.0
48 47 66.0 23.0
3 2 67.0 197.0
11 8 122.0 96.0
18 39 14.0 58.0
5 12 4.0 119.0
20 2 143.0 178.0
3 34 116.0 92.0
1 28 20.0 91.0
25 12 14.0 39.0
19 32 33.0 81.0
14 16 142.0 155.0
5 32 115.0 108.0
34 41 128.0 72.0
42 48 164.0 71.0
18 2 188.0 80.0
5 6 181.0 9.0
25 1 180.0 147.0
37 18 102.0 165.0
6 10 39.0 196.0
13 7 141.0 107.0
16 2 185.0 69.0
19 3 51.0 149.0
37 28 38.0 39.0
13 8 0.0 171.0
34 33 140.0 133.0
6 18 162.0 42.0
24 12 162.0 154.0
1 36 131.0 55.0
7 3 125.0 117.0
11 25 177.0 128.0
6 11 10.0 167.0
14 11 121.0 163.0
49 34 60.0 13.0
7 11 70.0 23.0
5 15 93.0 184.0
13 5 134.0 25.0
28 17 85.0 11.0
13 10 17.0 15.0
27 48 28.0 27.0
15 27 82.0 101.0
9 10 137.0 142.0
9 3 169.0 159.0
49 1 188.0 15.0
21 29 100.0 122.0
45 16 198.0 137.0
13 33 134.0 167.0
32 9 8.0 114.0
35 4 80.0 90.0
41 32 6.0 17.0
48 37 100.0 127.0
37 46 7.0 89.0
30 31 20.0 59.0
6 3 123.0 171.0
43 27 36.0 9.0
35 13 127.0 196.0
10 11 127.0 7.0
27 6 76.0 85.0
42 39 127.0 177.0
41 15 193.0 86.0
1 20 79.0 14.0
35 33 195.0 154.0
15 44 113.0 183.0
12 48 132.0 40.0
43 13 191.0 11.0
18 4 31.0 68.0
47 43 119.0 158.0
2 8 148.0 113.0
21 1 140.0 179.0
19 46 91.0 135.0
40 26 90.0 4.0
8 12 18.0 22.0
36 31 122.0 10.0
8 10 141.0 153.0
1 27 42.0 61.0
33 49 107.0 142.0
30 45 21.0 48.0
41 43 106.0 64.0
16 5 55.0 196.0
17 1 165.0 26.0
11 23 188.0 87.0
30 32 93.0 81.0
14 2 22.0 87.0
14 17 25.0 129.0
12 10 159.0 198.0
3 17 119.0 17.0
13 45 101.0 126.0
3 16 42.0 18.0
34 20 54.0 182.0
7 30 60.0 99.0
8 16 179.0 34.0
17 6 119.0 156.0
5 2 6.0 31.0
36 35 54.0 125.0
31 37 101.0 155.0
49 35 144.0 96.0
4 5 35.0 151.0
30 6 101.0 47.0
2 21 157.0 80.0
3 20 137.0 28.0
47 29 161.0 95.0
20 6 26.0 15.0
43 11 180.0 127.0
1 22 33.0 76.0
28 47 196.0 20.0
9 35 19.0 97.0
11 20 96.0 176.0
13 6 61.0 186.0
22 2 76.0 23.0
18 36 30.0 102.0
2 39 114.0 162.0
4 13 11.0 99.0
15 2 48.0 7.0
1 44 38.0 67.0
14 6 104.0 135.0
20 5 15.0 166.0
21 40 8.0 91.0
31 11 149.0 190.0
6 26 132.0 15.0
11 13 113.0 143.0
10 15 77.0 161.0
31 6 98.0 115.0
7 17 126.0 154.0
18 8 30.0 94.0
23 2 1.0 190.0
18 22 58.0 102.0
3 41 28.0 142.0
7 35 75.0 141.0
27 23 3.0 104.0
33 22 113.0 101.0
3 10 1.0 192.0
30 48 197.0 31.0
49 3 106.0 198.0
12 11 192.0 116.0
8 3 58.0 173.0
43 28 91.0 85.0
6 16 59.0 94.0
11 2 87.0 125.0
4 32 186.0 88.0
22 4 178.0 184.0
13 12 105.0 37.0
37 6 157.0 97.0
19 5 67.0 15.0
15 6 162.0 158.0
19 1 3.0 21.0
14 42 106.0 42.0
29 34 170.0 92.0
16 12 105.0 101.0
30 15 150.0 10.0
5 18 15.0 59.0
36 27 123.0 83.0
17 5 122.0 85.0
16 10 197.0 77.0
8 24 172.0 103.0
2 24 14.0 95.0
3 18 91.0 119.0
28 38 185.0 193.0
3 30 22.0 1.0
13 44 110.0 145.0
24 43 75.0 184.0
1 14 150.0 25.0
37 20 145.0 122.0
19 12 5.0 159.0
25 4 155.0 96.0
26 3 99.0 93.0
27 3 77.0 74.0
2 25 111.0 188.0
14 13 195.0 187.0
2 28 128.0 145.0
17 12 73.0 73.0
9 15 58.0 30.0
22 31 21.0 166.0
28 9 167.0 73.0
24 1 139.0 44.0
9 18 72.0 50.0
6 42 151.0 67.0
20 40 150.0 32.0
44 47 29.0 23.0
5 22 104.0 87.0
26 8 4.0 78.0
17 10 73.0 171.0
20 8 16.0 12.0
36 10 61.0 89.0
4 2 158.0 12.0
4 17 113.0 108.0
16 43 96.0 142.0
38 18 171.0 0.0
18 10 3.0 127.0
12 15 79.0 29.0
7 16 18.0 96.0
25 16 61.0 79.0
6 19 22.0 19.0
29 8 46.0 135.0
21 6 50.0 142.0
9 12 46.0 21.0
37 30 154.0 1.0
22 45 65.0 34.0
3 23 128.0 35.0
45 38 16.0 189.0
5 26 102.0 39.0
38 19 1.0 148.0
7 18 63.0 51.0
23 48 109.0 109.0
33 15 125.0 16.0
11 46 117.0 143.0
31 33 103.0 197.0
27 26 107.0 119.0
2 40 91.0 9.0
15 16 89.0 92.0
33 30 135.0 152.0
1 26 47.0 197.0
29 7 120.0 124.0
3 21 99.0 37.0
2 29 43.0 154.0
9 14 177.0 102.0
23 6 69.0 68.0
8 44 171.0 110.0
15 11 130.0 58.0
16 41 102.0 177.0
47 36 35.0 23.0
16 9 119.0 134.0
26 4 125.0 114.0
9 19 50.0 103.0
17 9 51.0 71.0
21 8 93.0 174.0
33 26 70.0 175.0
13 15 108.0 124.0
3 14 79.0 144.0
22 32 111.0 198.0
24 3 185.0 189.0
29 31 63.0 35.0
49 15 4.0 114.0
46 18 82.0 49.0
48 17 112.0 104.0
29 3 135.0 21.0
7 26 40.0 14.0
12 18 170.0 151.0
22 15 12.0 155.0
17 15 56.0 75.0
8 22 39.0 60.0
17 31 54.0 73.0
7 25 64.0 166.0
46 32 134.0 151.0
23 4 156.0 126.0
18 32 63.0 126.0
47 45 10.0 75.0
45 33 129.0 66.0
27 20 178.0 120.0
2 36 74.0 32.0
32 1 129.0 138.0
13 18 146.0 15.0
17 11 90.0 102.0
22 3 45.0 105.0
20 7 95.0 55.0
44 10 32.0 24.0
29 44 140.0 10.0
12 20 14.0 167.0
45 35 83.0 144.0
25 45 107.0 181.0
20 9 24.0 150.0
11 18 184.0 69.0
36 4 128.0 79.0
13 39 103.0 161.0
38 41 196.0 195.0
36 16 63.0 10.0
12 6 71.0 98.0
7 15 119.0 179.0
11 19 84.0 95.0
30 2 29.0 20.0
19 27 143.0 157.0
21 31 13.0 198.0
28 11 16.0 9.0
10 22 32.0 79.0
17 16 144.0 103.0
44 33 28.0 63.0
21 4 156.0 112.0
25 43 170.0 185.0
20 49 197.0 65.0
31 14 63.0 162.0
30 44 21.0 79.0
28 5 20.0 53.0
28 3 199.0 164.0
2 27 58.0 179.0
34 21 67.0 14.0
19 42 18.0 38.0
42 3 163.0 15.0
22 41 32.0 26.0
35 23 146.0 53.0
29 1 6.0 167.0
21 12 5.0 5.0
14 18 152.0 16.0
5 24 110.0 172.0
48 33 180.0 128.0
31 2 88.0 143.0
20 10 76.0 72.0
41 25 41.0 22.0
41 20 198.0 47.0
7 21 88.0 155.0
24 6 122.0 192.0
25 36 88.0 32.0
7 23 96.0 68.0
12 22 31.0 136.0
14 34 158.0 107.0
14 20 70.0 151.0
39 10 48.0 20.0
5 25 96.0 136.0
21 37 53.0 18.0
6 28 172.0 141.0
11 5 123.0 20.0
7 24 56.0 154.0
21 42 4.0 166.0
12 36 167.0 26.0
1 31 173.0 168.0
10 23 72.0 69.0
10 35 31.0 125.0
3 31 110.0 155.0
6 25 103.0 33.0
38 33 1.0 111.0
30 26 98.0 157.0
17 44 117.0 17.0
9 22 2.0 91.0
22 21 27.0 75.0
11 27 99.0 58.0
13 17 102.0 162.0
16 18 24.0 158.0
20 26 137.0 25.0
23 9 149.0 35.0
16 47 146.0 67.0
1 4 80.0 100.0
24 31 79.0 108.0
9 42 51.0 178.0
14 19 72.0 153.0
17 40 23.0 48.0
13 19 136.0 113.0
33 36 76.0 85.0
38 4 144.0 174.0
21 9 141.0 24.0
36 39 34.0 20.0
32 16 87.0 37.0
22 11 179.0 111.0
33 1 91.0 154.0
14 22 97.0 27.0
4 31 121.0 125.0
34 16 88.0 17.0
27 5 33.0 29.0
42 18 33.0 20.0
38 21 42.0 72.0
11 4 159.0 173.0
20 23 185.0 50.0
26 34 115.0 82.0
10 40 16.0 189.0
21 13 91.0 56.0
29 36 31.0 76.0
9 43 38.0 16.0
20 38 58.0 32.0
44 11 73.0 17.0
33 11 81.0 58.0
44 46 97.0 149.0
20 16 65.0 113.0
6 22 97.0 108.0
37 9 198.0 80.0
8 31 91.0 188.0
5 31 162.0 149.0
8 19 112.0 35.0
20 15 141.0 146.0
11 35 192.0 190.0
5 30 81.0 9.0
34 19 137.0 130.0
32 47 38.0 87.0
6 29 196.0 81.0
19 36 74.0 111.0
10 26 145.0 138.0
13 23 35.0 38.0
32 2 116.0 179.0
42 44 61.0 150.0
33 4 15.0 150.0
29 9 6.0 5.0
28 4 111.0 154.0
21 10 124.0 137.0
29 17 12.0 21.0
45 48 44.0 0.0
24 10 170.0 112.0
32 3 81.0 183.0
15 39 146.0 96.0
19 16 138.0 104.0
31 7 163.0 50.0
36 38 96.0 39.0
8 23 128.0 60.0
4 27 158.0 124.0
26 11 112.0 80.0
38 5 2.0 193.0
43 35 176.0 100.0
1 5 189.0 114.0
28 30 42.0 104.0
35 3 23.0 138.0
29 23 178.0 151.0
33 18 51.0 136.0
38 1 171.0 115.0
8 27 38.0 125.0
39 6 199.0 14.0
35 2 195.0 140.0
25 9 5.0 38.0
28 44 46.0 28.0
22 16 91.0 24.0
39 44 127.0 94.0
13 22 17.0 98.0
5 29 126.0 55.0
33 3 181.0 77.0
35 5 50.0 177.0
32 27 152.0 7.0
23 15 127.0 198.0
32 17 79.0 18.0
16 26 70.0 7.0
29 11 1.0 87.0
6 32 33.0 127.0
19 47 169.0 15.0
7 28 34.0 171.0
32 45 6.0 186.0
11 48 87.0 133.0
15 29 148.0 118.0
14 25 146.0 19.0
19 17 120.0 100.0
19 15 172.0 153.0
22 7 157.0 141.0
6 46 175.0 144.0
46 20 115.0 182.0
19 21 129.0 2.0
7 32 91.0 30.0
34 44 85.0 37.0
44 16 164.0 157.0
38 3 53.0 137.0
35 6 199.0 162.0
21 16 195.0 175.0
41 5 8.0 110.0
30 46 195.0 137.0
38 31 87.0 86.0
38 2 132.0 124.0
9 30 34.0 48.0
37 1 78.0 39.0
40 1 167.0 78.0
23 17 49.0 115.0
18 26 138.0 57.0
37 5 179.0 86.0
25 48 139.0 66.0
14 24 118.0 71.0
34 7 118.0 104.0
25 15 129.0 149.0
26 12 158.0 48.0
1 35 146.0 8.0
10 30 135.0 36.0
33 8 31.0 114.0
43 18 151.0 170.0
25 17 1.0 69.0
14 28 73.0 119.0
30 11 120.0 154.0
19 23 31.0 30.0
39 3 163.0 129.0
43 31 172.0 98.0
25 42 39.0 155.0
27 13 122.0 191.0
45 46 135.0 123.0
8 32 160.0 160.0
39 4 63.0 32.0
24 16 44.0 46.0
3 37 165.0 8.0
13 25 182.0 90.0
12 43 119.0 174.0
41 2 193.0 42.0
32 33 68.0 128.0
25 18 128.0 28.0
5 36 82.0 143.0
23 22 137.0 126.0
49 44 107.0 103.0
13 20 168.0 42.0
40 3 113.0 39.0
43 42 110.0 107.0
17 26 63.0 178.0
20 18 88.0 143.0
32 10 104.0 122.0
31 9 193.0 193.0
19 22 32.0 53.0
20 22 32.0 152.0
29 12 196.0 97.0
17 27 128.0 58.0
6 38 124.0 144.0
18 17 24.0 165.0
38 46 2.0 80.0
23 21 176.0 147.0
32 29 115.0 160.0
34 9 62.0 99.0
46 9 186.0 10.0
30 47 49.0 115.0
38 7 110.0 126.0
35 34 72.0 86.0
35 12 171.0 26.0
32 38 17.0 99.0
28 16 174.0 133.0
19 26 85.0 36.0
26 9 87.0 72.0
24 4 78.0 88.0
29 43 96.0 140.0
31 12 92.0 169.0
15 31 87.0 15.0
19 43 48.0 105.0
33 42 106.0 22.0
41 4 108.0 191.0
10 33 77.0 147.0
14 36 104.0 107.0
36 9 11.0 1.0
36 8 169.0 103.0
40 6 191.0 57.0
41 1 14.0 191.0
30 13 30.0 120.0
24 11 185.0 138.0
29 13 137.0 14.0
39 8 75.0 42.0
11 32 195.0 86.0
25 33 186.0 116.0
1 43 149.0 177.0
13 28 143.0 115.0
38 9 109.0 174.0
34 12 81.0 46.0
21 47 23.0 19.0
10 37 56.0 98.0
34 11 125.0 3.0
20 28 91.0 111.0
33 12 84.0 192.0
29 16 95.0 180.0
42 23 96.0 156.0
42 16 120.0 130.0
16 27 149.0 95.0
7 36 122.0 5.0
42 1 160.0 47.0
44 22 172.0 3.0
42 2 9.0 57.0
13 31 100.0 104.0
37 45 65.0 149.0
17 22 28.0 138.0
38 8 46.0 177.0
25 21 61.0 120.0
4 29 22.0 173.0
18 27 29.0 146.0
40 7 179.0 190.0
3 36 39.0 31.0
6 34 72.0 105.0
25 20 143.0 52.0
48 49 159.0 141.0
25 23 11.0 172.0
6 41 10.0 33.0
14 33 47.0 39.0
3 44 31.0 178.0
22 24 133.0 71.0
19 29 58.0 157.0
36 11 151.0 1.0
27 21 60.0 111.0
2 45 89.0 71.0
32 15 104.0 99.0
18 28 74.0 104.0
39 7 146.0 106.0
48 29 91.0 31.0
1 45 28.0 149.0
36 48 141.0 179.0
5 42 106.0 1.0
32 14 11.0 147.0
37 29 19.0 68.0
4 40 159.0 46.0
41 42 3.0 105.0
47 1 138.0 46.0
18 29 73.0 166.0
12 41 151.0 166.0
38 10 122.0 9.0
38 23 175.0 133.0
10 31 194.0 147.0
16 31 132.0 153.0
25 19 178.0 87.0
45 5 174.0 68.0
43 5 33.0 199.0
25 22 175.0 184.0
34 36 29.0 97.0
14 48 159.0 4.0
22 26 110.0 153.0
43 6 193.0 42.0
20 33 118.0 123.0
37 12 46.0 92.0
39 11 109.0 79.0
42 8 95.0 36.0
18 30 167.0 124.0
8 40 101.0 126.0
46 28 129.0 11.0
6 44 63.0 122.0
17 30 148.0 133.0
48 1 167.0 194.0
28 19 32.0 28.0
48 2 107.0 127.0
46 5 115.0 74.0
17 33 165.0 17.0
2 46 179.0 46.0
27 22 120.0 194.0
7 43 108.0 69.0
7 42 128.0 75.0
23 28 187.0 160.0
29 22 118.0 95.0
13 36 176.0 34.0
43 32 163.0 94.0
34 15 17.0 95.0
5 44 180.0 138.0
5 21 123.0 89.0
24 25 120.0 51.0
12 38 188.0 107.0
42 22 94.0 106.0
41 9 54.0 71.0
47 26 79.0 170.0
4 42 119.0 96.0
45 6 172.0 99.0
20 47 24.0 47.0
22 34 125.0 144.0
38 15 65.0 113.0
20 30 90.0 160.0
47 4 7.0 144.0
21 18 157.0 86.0
9 40 38.0 28.0
5 47 171.0 162.0
31 20 125.0 195.0
37 11 123.0 50.0
30 21 156.0 140.0
21 28 199.0 198.0
10 41 135.0 6.0
39 12 93.0 45.0
47 10 5.0 131.0
48 8 126.0 128.0
49 2 115.0 3.0
25 26 13.0 190.0
30 25 56.0 121.0
39 38 170.0 55.0
16 35 176.0 58.0
49 45 191.0 21.0
24 27 186.0 196.0
35 48 4.0 112.0
40 11 119.0 71.0
49 6 43.0 84.0
26 21 30.0 51.0
36 15 44.0 1.0
48 4 132.0 173.0
37 15 146.0 123.0
38 43 48.0 132.0
46 39 101.0 4.0
20 48 185.0 20.0
16 38 88.0 180.0
10 43 91.0 118.0
12 32 12.0 135.0
39 14 100.0 144.0
24 29 154.0 199.0
34 17 191.0 154.0
22 30 144.0 92.0
23 31 131.0 129.0
14 47 181.0 19.0
7 46 33.0 72.0
22 28 195.0 197.0
25 27 75.0 48.0
29 26 154.0 29.0
30 14 10.0 145.0
5 49 185.0 154.0
38 17 173.0 116.0
47 7 40.0 155.0
40 13 90.0 25.0
8 43 112.0 37.0
8 45 179.0 187.0
24 30 15.0 85.0
31 25 152.0 25.0
47 8 178.0 89.0
26 28 114.0 151.0
10 45 174.0 106.0
32 24 81.0 16.0
40 31 124.0 193.0
14 35 176.0 103.0
28 29 7.0 143.0
32 25 48.0 111.0
40 14 68.0 178.0
48 7 108.0 134.0
13 41 82.0 82.0
37 17 180.0 163.0
19 48 196.0 104.0
23 33 96.0 124.0
44 18 175.0 103.0
17 39 88.0 175.0
8 46 181.0 109.0
24 33 127.0 89.0
44 14 159.0 9.0
48 6 127.0 92.0
30 19 27.0 124.0
14 41 160.0 123.0
49 31 104.0 87.0
46 15 15.0 144.0
20 36 3.0 196.0
46 13 133.0 130.0
27 49 31.0 92.0
28 25 1.0 110.0
26 23 193.0 181.0
39 25 103.0 153.0
40 16 131.0 159.0
36 23 24.0 146.0
35 42 6.0 27.0
39 29 140.0 139.0
33 37 121.0 123.0
27 30 5.0 75.0
49 9 7.0 150.0
9 47 147.0 110.0
34 25 103.0 79.0
21 35 33.0 127.0
38 13 3.0 39.0
22 36 170.0 95.0
26 45 138.0 43.0
2 44 176.0 143.0
45 12 87.0 183.0
32 23 195.0 34.0
28 27 190.0 50.0
39 20 163.0 176.0
41 17 52.0 118.0
40 28 116.0 174.0
9 48 44.0 54.0
49 10 63.0 172.0
48 10 142.0 150.0
42 17 18.0 89.0
14 43 141.0 161.0
34 13 105.0 56.0
7 41 106.0 110.0
36 24 133.0 174.0
15 43 143.0 177.0
3 1 123.0 6.0
22 43 162.0 17.0
29 30 94.0 132.0
22 39 20.0 187.0
28 34 191.0 126.0
47 12 166.0 49.0
7 49 31.0 99.0
34 24 134.0 174.0
17 35 140.0 9.0
45 7 36.0 102.0
40 22 37.0 83.0
49 11 15.0 9.0
26 32 140.0 158.0
39 19 100.0 106.0
20 42 140.0 131.0
48 15 70.0 26.0
37 22 133.0 162.0
49 12 52.0 169.0
31 26 36.0 41.0
13 47 45.0 51.0
38 25 14.0 185.0
48 13 56.0 66.0
41 18 92.0 196.0
17 46 195.0 162.0
26 37 176.0 80.0
37 25 98.0 29.0
47 17 185.0 134.0
47 15 164.0 30.0
39 23 172.0 130.0
16 46 116.0 29.0
45 18 103.0 8.0
14 23 162.0 98.0
43 20 94.0 138.0
33 28 137.0 192.0
29 27 167.0 122.0
38 14 68.0 83.0
24 37 186.0 40.0
32 37 10.0 102.0
32 31 199.0 113.0
48 39 137.0 113.0
31 47 25.0 183.0
13 49 65.0 114.0
44 20 174.0 32.0
36 28 165.0 42.0
14 45 99.0 151.0
30 36 7.0 61.0
30 34 5.0 158.0
48 16 88.0 142.0
14 46 46.0 113.0
49 16 11.0 111.0
42 24 158.0 138.0
43 23 149.0 75.0
24 39 176.0 0.0
23 40 98.0 183.0
9 45 135.0 103.0
22 35 88.0 23.0
41 23 33.0 134.0
32 28 84.0 45.0
48 18 160.0 194.0
14 49 83.0 61.0
49 18 78.0 11.0
18 47 167.0 176.0
34 31 54.0 54.0
38 30 58.0 142.0
27 41 33.0 43.0
27 40 23.0 117.0
39 30 91.0 184.0
44 31 131.0 126.0
17 49 86.0 9.0
21 45 172.0 5.0
44 24 103.0 26.0
39 26 103.0 161.0
26 42 128.0 88.0
40 25 173.0 103.0
21 46 104.0 64.0
21 36 192.0 35.0
46 23 114.0 78.0
33 40 55.0 38.0
47 22 33.0 158.0
24 45 86.0 88.0
27 38 26.0 166.0
42 27 57.0 199.0
31 35 42.0 161.0
39 28 140.0 186.0
44 26 29.0 7.0
33 39 147.0 36.0
41 26 199.0 132.0
35 37 48.0 85.0
38 26 185.0 26.0
42 31 183.0 42.0
21 49 55.0 178.0
46 31 151.0 195.0
47 25 185.0 133.0
32 49 62.0 132.0
32 39 135.0 13.0
46 27 138.0 135.0
42 15 80.0 123.0
23 49 37.0 64.0
36 26 129.0 44.0
24 46 91.0 32.0
25 35 146.0 76.0
24 41 3.0 160.0
27 44 167.0 91.0
11 47 30.0 57.0
42 30 136.0 111.0
24 47 124.0 174.0
30 40 31.0 5.0
23 45 109.0 123.0
33 41 42.0 7.0
42 34 42.0 46.0
40 34 21.0 162.0
42 28 8.0 4.0
26 49 3.0 144.0
34 39 67.0 80.0
48 43 155.0 50.0
46 26 31.0 64.0
23 47 141.0 73.0
49 24 189.0 136.0
32 48 76.0 11.0
37 41 22.0 36.0
12 46 180.0 25.0
48 34 196.0 47.0
42 32 170.0 151.0
29 49 52.0 153.0
41 35 184.0 145.0
37 39 11.0 125.0
25 49 49.0 87.0
40 42 89.0 71.0
41 40 10.0 69.0
24 48 1.0 158.0
31 39 93.0 171.0
36 37 70.0 145.0
34 37 154.0 54.0
33 46 55.0 165.0
36 41 75.0 56.0
40 35 87.0 117.0
36 44 186.0 97.0
28 41 77.0 187.0
35 39 196.0 170.0
31 28 139.0 66.0
27 45 185.0 46.0
49 19 175.0 193.0
48 26 47.0 51.0
29 46 161.0 134.0
36 40 65.0 99.0
36 46 158.0 142.0
44 19 32.0 106.0
36 45 145.0 171.0
40 44 103.0 130.0
40 38 149.0 31.0
49 37 158.0 196.0
45 39 12.0 71.0
49 36 107.0 30.0
47 39 52.0 17.0
38 47 72.0 36.0
43 37 51.0 17.0
41 46 110.0 154.0
42 36 52.0 59.0
44 43 125.0 10.0
43 36 158.0 90.0
45 34 11.0 17.0
41 44 33.0 16.0
42 47 164.0 58.0
1 39 142.0 15.0
2 1 55.0 52.0
38 49 30.0 107.0
46 43 163.0 108.0
28 35 59.0 73.0
44 38 162.0 22.0
45 44 41.0 148.0
40 43 7.0 5.0
45 42 65.0 101.0
25 46 0.0 120.0
44 48 42.0 31.0
29 38 153.0 157.0
41 11 7.0 164.0
42 38 100.0 121.0
27 47 172.0 141.0
41 49 117.0 179.0
32 40 59.0 134.0
38 48 5.0 60.0
43 33 83.0 47.0
40 47 23.0 188.0
27 39 10.0 182.0
43 45 19.0 110.0
22 48 8.0 191.0
37 47 171.0 125.0
35 26 191.0 30.0
30 12 99.0 148.0
47 34 123.0 134.0
49 40 41.0 146.0
42 49 20.0 51.0
31 27 165.0 40.0
43 49 169.0 173.0
47 35 110.0 92.0
48 40 128.0 53.0
38 34 106.0 27.0
34 23 3.0 30.0
40 45 69.0 196.0
0
