47 1081 39 5 117611
21 39 94.0 127.0
22 29 152.0 184.0
17 26 178.0 186.0
24 23 12.0 13.0
1 3 19.0 121.0
39 30 199.0 187.0
5 31 160.0 139.0
9 22 35.0 25.0
39 43 7.0 129.0
3 10 72.0 112.0
35 40 196.0 50.0
15 35 2.0 9.0
38 29 194.0 22.0
11 44 81.0 194.0
27 33 171.0 194.0
34 8 119.0 158.0
29 33 4.0 79.0
21 1 137.0 76.0
40 20 5.0 85.0
33 23 27.0 8.0
4 19 140.0 22.0
15 41 75.0 174.0
5 37 193.0 198.0
23 14 16.0 65.0
25 11 102.0 20.0
11 16 32.0 191.0
14 30 126.0 37.0
31 19 4.0 154.0
37 10 74.0 96.0
29 39 149.0 102.0
28 41 130.0 143.0
2 10 6.0 146.0
33 47 143.0 61.0
41 18 199.0 175.0
26 42 157.0 78.0
40 11 93.0 113.0
46 7 56.0 120.0
46 45 22.0 157.0
38 19 36.0 152.0
41 46 116.0 42.0
46 24 40.0 11.0
21 33 141.0 40.0
28 35 169.0 50.0
45 35 166.0 14.0
42 43 61.0 174.0
40 17 135.0 35.0
9 1 196.0 171.0
13 2 111.0 65.0
26 22 33.0 152.0
8 11 70.0 126.0
24 36 20.0 191.0
2 43 73.0 138.0
18 21 0.0 86.0
16 47 83.0 87.0
14 35 156.0 32.0
16 39 101.0 68.0
39 28 92.0 134.0
38 45 34.0 114.0
12 7 186.0 54.0
3 33 3.0 59.0
32 12 59.0 155.0
11 32 186.0 143.0
9 6 85.0 94.0
26 1 101.0 138.0
2 5 154.0 194.0
31 16 74.0 188.0
23 6 29.0 60.0
17 27 50.0 184.0
38 35 142.0 62.0
6 5 44.0 80.0
6 2 60.0 81.0
36 19 175.0 161.0
2 4 129.0 130.0
20 32 86.0 4.0
17 41 155.0 115.0
20 25 10.0 6.0
12 39 29.0 152.0
10 17 61.0 25.0
5 38 0.0 121.0
9 7 75.0 127.0
37 9 110.0 4.0
5 8 145.0 148.0
2 9 17.0 100.0
34 33 56.0 28.0
3 27 55.0 37.0
44 16 180.0 116.0
7 33 151.0 180.0
19 10 166.0 178.0
19 15 149.0 28.0
46 28 24.0 94.0
37 46 105.0 194.0
11 18 83.0 113.0
23 37 175.0 139.0
31 34 38.0 155.0
46 21 69.0 142.0
31 46 16.0 35.0
1 7 103.0 165.0
8 43 182.0 79.0
20 24 162.0 39.0
20 22 154.0 46.0
37 25 173.0 129.0
37 43 141.0 11.0
16 3 71.0 10.0
28 16 81.0 39.0
14 3 3.0 136.0
38 28 77.0 185.0
4 22 137.0 39.0
23 40 88.0 43.0
43 16 71.0 61.0
11 31 86.0 12.0
12 34 156.0 109.0
28 30 137.0 190.0
25 19 25.0 92.0
46 30 184.0 102.0
4 28 87.0 121.0
47 28 9.0 176.0
43 32 2.0 80.0
15 5 145.0 40.0
17 15 96.0 53.0
23 7 108.0 33.0
5 25 64.0 85.0
33 9 114.0 48.0
36 14 115.0 2.0
41 10 30.0 77.0
41 14 134.0 32.0
44 12 78.0 31.0
5 10 176.0 175.0
12 2 2.0 84.0
11 2 146.0 66.0
40 12 92.0 61.0
4 25 178.0 160.0
13 29 168.0 160.0
42 39 5.0 54.0
3 32 93.0 35.0
11 4 2.0 21.0
26 45 113.0 156.0
29 21 38.0 60.0
32 21 182.0 83.0
24 1 89.0 112.0
14 1 34.0 57.0
20 18 136.0 39.0
2 23 71.0 181.0
7 8 112.0 73.0
43 9 191.0 26.0
3 4 197.0 181.0
21 4 103.0 131.0
4 44 195.0 192.0
25 35 187.0 30.0
5 7 111.0 75.0
6 30 86.0 182.0
15 1 176.0 150.0
15 11 145.0 119.0
11 3 77.0 95.0
32 1 129.0 180.0
24 21 145.0 124.0
35 37 135.0 133.0
12 5 24.0 198.0
28 36 85.0 62.0
42 8 130.0 62.0
18 14 156.0 28.0
16 5 152.0 33.0
31 2 75.0 81.0
1 18 64.0 21.0
8 36 40.0 152.0
13 34 140.0 64.0
1 19 24.0 25.0
5 41 81.0 107.0
8 40 159.0 37.0
23 25 111.0 111.0
5 42 79.0 139.0
13 4 166.0 144.0
18 29 188.0 6.0
8 10 82.0 80.0
38 34 193.0 58.0
6 44 70.0 27.0
15 3 62.0 182.0
27 42 28.0 126.0
13 3 44.0 108.0
42 38 51.0 10.0
19 35 98.0 39.0
28 27 92.0 132.0
13 47 27.0 37.0
22 34 161.0 50.0
37 29 120.0 175.0
1 5 67.0 101.0
43 19 151.0 63.0
9 32 17.0 2.0
19 5 136.0 115.0
4 8 196.0 180.0
27 14 99.0 23.0
27 6 115.0 12.0
34 21 183.0 187.0
4 35 64.0 2.0
6 33 14.0 167.0
17 47 37.0 31.0
30 15 182.0 125.0
42 41 90.0 130.0
33 30 60.0 141.0
15 16 36.0 175.0
9 3 87.0 19.0
29 25 53.0 103.0
3 12 83.0 19.0
15 25 109.0 72.0
18 16 153.0 43.0
35 26 81.0 195.0
34 10 9.0 141.0
7 4 136.0 46.0
37 21 35.0 176.0
24 10 135.0 40.0
13 1 95.0 19.0
14 40 69.0 156.0
35 27 47.0 174.0
10 4 107.0 80.0
19 37 100.0 68.0
37 24 75.0 188.0
24 33 179.0 62.0
9 10 146.0 67.0
42 33 82.0 194.0
1 11 74.0 151.0
15 2 82.0 74.0
46 12 103.0 189.0
16 2 171.0 3.0
30 11 64.0 198.0
43 21 152.0 196.0
5 22 183.0 99.0
7 6 182.0 17.0
17 2 1.0 9.0
42 34 91.0 84.0
16 4 118.0 194.0
5 27 16.0 89.0
37 18 50.0 80.0
38 3 121.0 155.0
3 43 144.0 56.0
27 29 198.0 79.0
8 9 86.0 0.0
5 47 112.0 129.0
24 28 49.0 30.0
7 29 167.0 65.0
25 34 117.0 170.0
7 11 169.0 38.0
39 6 182.0 66.0
34 24 112.0 180.0
12 9 60.0 150.0
11 5 30.0 124.0
46 15 28.0 79.0
22 44 195.0 195.0
30 17 71.0 112.0
5 14 173.0 193.0
5 21 19.0 155.0
44 31 45.0 131.0
3 35 37.0 105.0
6 19 162.0 19.0
13 6 19.0 190.0
4 12 139.0 14.0
15 43 98.0 11.0
21 20 80.0 71.0
40 31 75.0 99.0
14 8 87.0 120.0
42 40 23.0 76.0
11 37 199.0 138.0
2 19 139.0 18.0
15 13 26.0 31.0
8 22 196.0 124.0
41 45 117.0 28.0
28 5 193.0 144.0
12 25 126.0 81.0
43 25 103.0 101.0
4 15 150.0 102.0
10 36 90.0 42.0
1 39 121.0 116.0
13 25 17.0 69.0
23 26 66.0 86.0
9 16 144.0 60.0
19 32 191.0 22.0
35 16 159.0 94.0
8 2 187.0 110.0
24 13 128.0 78.0
30 35 196.0 1.0
13 30 31.0 13.0
13 7 51.0 97.0
15 38 31.0 195.0
2 3 157.0 22.0
18 6 9.0 116.0
15 12 39.0 197.0
3 45 59.0 119.0
11 29 16.0 55.0
6 12 65.0 47.0
4 6 56.0 68.0
26 14 113.0 87.0
10 6 31.0 22.0
21 14 147.0 41.0
26 36 103.0 187.0
17 4 46.0 163.0
9 5 75.0 63.0
10 43 166.0 92.0
31 36 70.0 175.0
10 11 113.0 183.0
44 8 6.0 97.0
12 8 68.0 153.0
38 8 1.0 172.0
7 10 34.0 47.0
5 4 152.0 110.0
31 20 188.0 71.0
18 2 43.0 58.0
31 37 88.0 108.0
44 25 198.0 94.0
27 26 127.0 18.0
8 3 147.0 80.0
32 30 39.0 182.0
17 34 19.0 143.0
32 8 113.0 8.0
13 8 177.0 108.0
5 30 162.0 17.0
12 11 174.0 112.0
46 18 60.0 53.0
10 1 55.0 8.0
44 38 156.0 46.0
3 25 136.0 176.0
33 5 24.0 50.0
19 44 14.0 1.0
5 13 158.0 129.0
33 46 99.0 84.0
42 20 150.0 159.0
34 28 85.0 5.0
44 35 199.0 42.0
15 7 4.0 136.0
22 17 156.0 29.0
39 10 32.0 123.0
1 44 84.0 142.0
14 7 170.0 183.0
39 40 187.0 72.0
46 27 76.0 24.0
14 39 176.0 75.0
9 31 142.0 133.0
13 9 54.0 51.0
11 22 146.0 86.0
18 26 71.0 182.0
24 44 121.0 193.0
15 47 27.0 108.0
26 37 78.0 103.0
1 12 140.0 7.0
42 1 148.0 82.0
23 30 46.0 2.0
4 30 85.0 192.0
34 46 26.0 109.0
3 20 58.0 147.0
22 1 166.0 85.0
7 17 44.0 45.0
3 23 166.0 136.0
12 10 94.0 66.0
32 33 164.0 92.0
41 32 80.0 49.0
30 9 9.0 58.0
36 44 85.0 19.0
2 36 11.0 3.0
27 25 69.0 7.0
26 43 44.0 188.0
45 47 19.0 90.0
12 33 87.0 183.0
17 36 136.0 120.0
5 17 12.0 97.0
2 21 6.0 97.0
11 9 122.0 169.0
5 23 154.0 143.0
44 21 140.0 150.0
23 1 117.0 159.0
45 23 148.0 4.0
3 19 127.0 84.0
39 22 143.0 140.0
11 47 125.0 102.0
27 23 96.0 199.0
24 40 25.0 2.0
39 8 68.0 165.0
20 19 25.0 185.0
20 47 4.0 173.0
34 30 121.0 83.0
4 42 143.0 65.0
3 22 159.0 69.0
18 34 191.0 7.0
5 34 94.0 16.0
22 2 115.0 162.0
34 19 183.0 141.0
44 2 108.0 139.0
11 6 122.0 182.0
7 3 115.0 66.0
14 9 108.0 26.0
9 41 23.0 51.0
6 8 165.0 117.0
47 6 165.0 33.0
16 6 77.0 100.0
4 14 20.0 138.0
46 20 11.0 143.0
10 14 37.0 78.0
2 14 59.0 97.0
9 17 38.0 82.0
15 6 27.0 156.0
6 41 18.0 144.0
4 9 107.0 96.0
44 45 48.0 128.0
18 7 177.0 60.0
20 1 136.0 14.0
6 1 86.0 195.0
11 14 37.0 77.0
2 7 116.0 64.0
4 18 89.0 87.0
2 20 87.0 196.0
18 5 179.0 88.0
7 20 35.0 156.0
17 3 186.0 171.0
1 16 150.0 72.0
43 12 178.0 187.0
13 10 60.0 47.0
10 20 17.0 149.0
14 13 94.0 56.0
20 9 26.0 73.0
13 40 35.0 61.0
9 19 88.0 21.0
26 4 101.0 38.0
16 19 33.0 31.0
7 22 146.0 94.0
41 7 89.0 115.0
16 7 116.0 183.0
36 34 65.0 94.0
10 16 188.0 52.0
20 6 196.0 77.0
15 9 17.0 49.0
8 16 131.0 51.0
16 30 132.0 30.0
16 12 34.0 173.0
19 7 42.0 102.0
4 20 3.0 59.0
24 8 196.0 143.0
21 7 158.0 192.0
6 37 189.0 176.0
21 3 194.0 121.0
44 43 168.0 126.0
21 8 174.0 154.0
9 18 174.0 168.0
44 3 108.0 129.0
14 6 130.0 104.0
42 9 37.0 88.0
24 30 173.0 27.0
25 1 175.0 168.0
26 3 155.0 96.0
36 6 107.0 129.0
46 10 63.0 34.0
12 26 70.0 123.0
27 1 34.0 0.0
36 3 22.0 71.0
32 44 157.0 196.0
27 24 153.0 132.0
15 18 109.0 61.0
8 19 90.0 168.0
25 28 68.0 105.0
15 10 154.0 139.0
41 16 36.0 188.0
18 17 142.0 11.0
39 17 13.0 99.0
19 24 85.0 118.0
42 28 43.0 146.0
17 46 162.0 85.0
18 12 35.0 182.0
8 15 28.0 190.0
22 13 49.0 16.0
29 30 5.0 191.0
25 39 13.0 18.0
16 14 38.0 51.0
17 11 38.0 33.0
25 7 182.0 152.0
27 4 80.0 169.0
12 13 125.0 60.0
7 30 184.0 174.0
21 9 194.0 141.0
11 19 186.0 8.0
18 19 116.0 176.0
24 7 73.0 106.0
23 4 140.0 7.0
18 44 104.0 172.0
38 27 130.0 29.0
35 9 68.0 66.0
30 44 82.0 63.0
24 6 167.0 21.0
29 1 42.0 35.0
6 38 38.0 115.0
8 20 48.0 130.0
8 18 139.0 104.0
19 12 51.0 21.0
1 28 164.0 119.0
24 15 15.0 198.0
20 5 191.0 134.0
5 24 128.0 34.0
21 42 167.0 118.0
5 26 75.0 15.0
23 46 94.0 166.0
14 12 47.0 145.0
6 25 122.0 163.0
25 38 156.0 89.0
17 12 102.0 100.0
37 33 9.0 30.0
24 2 11.0 176.0
18 10 5.0 86.0
35 10 20.0 51.0
13 33 18.0 19.0
11 20 116.0 140.0
46 44 30.0 24.0
10 21 150.0 133.0
13 16 94.0 111.0
26 2 166.0 105.0
15 26 196.0 124.0
23 8 92.0 168.0
39 11 41.0 62.0
20 12 68.0 157.0
11 36 187.0 50.0
1 30 116.0 89.0
18 43 67.0 162.0
47 14 21.0 186.0
10 22 64.0 170.0
29 3 65.0 108.0
15 37 1.0 106.0
28 3 59.0 21.0
24 14 55.0 47.0
21 6 10.0 171.0
21 13 128.0 78.0
14 15 70.0 102.0
17 28 67.0 86.0
28 6 193.0 133.0
19 13 194.0 194.0
47 2 4.0 53.0
2 28 199.0 11.0
8 25 30.0 10.0
4 24 174.0 158.0
2 25 86.0 196.0
11 21 199.0 153.0
13 26 51.0 144.0
38 26 37.0 45.0
13 20 50.0 193.0
43 4 44.0 50.0
26 6 159.0 74.0
6 22 12.0 85.0
20 37 34.0 98.0
27 2 3.0 185.0
42 16 24.0 54.0
41 38 30.0 61.0
42 37 158.0 80.0
19 33 100.0 155.0
18 28 98.0 11.0
32 29 116.0 110.0
25 10 104.0 102.0
24 9 110.0 107.0
24 22 91.0 134.0
38 12 172.0 121.0
27 9 11.0 83.0
1 33 131.0 63.0
23 9 138.0 29.0
33 2 7.0 6.0
1 31 72.0 63.0
39 9 67.0 182.0
29 4 153.0 110.0
2 32 16.0 77.0
17 8 22.0 179.0
19 14 122.0 105.0
31 4 42.0 12.0
30 27 135.0 1.0
11 23 25.0 8.0
23 10 173.0 44.0
25 9 74.0 78.0
30 3 76.0 43.0
28 7 171.0 51.0
9 36 135.0 93.0
4 33 126.0 129.0
12 37 153.0 14.0
24 3 84.0 130.0
27 8 127.0 58.0
10 29 123.0 154.0
26 8 65.0 151.0
45 12 37.0 36.0
18 3 10.0 172.0
43 22 165.0 137.0
15 20 35.0 70.0
4 41 145.0 119.0
22 16 14.0 25.0
24 25 62.0 89.0
31 45 99.0 127.0
17 19 10.0 136.0
38 31 86.0 173.0
4 32 3.0 51.0
20 16 194.0 38.0
26 33 55.0 91.0
12 21 9.0 22.0
27 19 127.0 24.0
16 38 52.0 27.0
27 7 167.0 14.0
8 28 195.0 6.0
31 3 14.0 199.0
6 29 60.0 160.0
29 5 43.0 116.0
11 26 168.0 4.0
23 16 106.0 95.0
32 6 103.0 158.0
30 8 118.0 22.0
2 35 9.0 114.0
15 23 73.0 176.0
30 43 10.0 133.0
29 2 109.0 53.0
34 3 93.0 77.0
14 17 122.0 199.0
40 10 37.0 177.0
13 18 41.0 155.0
36 39 170.0 3.0
7 26 45.0 195.0
17 16 56.0 55.0
28 32 21.0 165.0
21 38 59.0 114.0
1 34 61.0 133.0
36 40 104.0 50.0
22 14 146.0 97.0
18 22 18.0 68.0
32 47 147.0 63.0
10 26 121.0 3.0
36 12 151.0 95.0
15 21 128.0 163.0
23 12 1.0 142.0
32 10 173.0 105.0
36 37 130.0 71.0
17 6 87.0 100.0
47 38 193.0 34.0
7 31 67.0 67.0
29 8 23.0 170.0
11 35 102.0 103.0
8 1 93.0 56.0
41 26 92.0 18.0
41 24 124.0 174.0
27 11 182.0 11.0
44 42 126.0 127.0
41 1 199.0 193.0
8 31 136.0 174.0
29 40 135.0 190.0
45 19 169.0 28.0
23 13 28.0 13.0
17 20 67.0 104.0
18 25 4.0 49.0
45 21 154.0 130.0
36 1 136.0 153.0
34 6 145.0 72.0
32 31 88.0 33.0
29 14 125.0 57.0
17 42 99.0 153.0
32 26 25.0 167.0
29 9 142.0 181.0
13 17 21.0 96.0
39 2 35.0 157.0
12 47 142.0 133.0
22 12 112.0 30.0
44 26 191.0 37.0
47 25 72.0 91.0
3 40 30.0 49.0
10 27 76.0 124.0
38 32 137.0 49.0
6 3 8.0 173.0
28 10 38.0 103.0
40 19 3.0 151.0
45 1 139.0 195.0
4 40 36.0 11.0
35 5 26.0 67.0
36 4 193.0 54.0
35 39 91.0 131.0
39 7 104.0 52.0
42 3 138.0 95.0
23 18 69.0 141.0
14 20 70.0 8.0
20 30 22.0 58.0
13 27 132.0 1.0
8 33 185.0 126.0
12 27 28.0 77.0
42 14 179.0 133.0
2 34 180.0 69.0
38 1 164.0 50.0
24 12 25.0 186.0
26 16 167.0 0.0
25 14 143.0 100.0
31 6 23.0 129.0
11 28 100.0 52.0
14 28 27.0 31.0
38 2 95.0 7.0
19 22 113.0 11.0
15 27 98.0 139.0
35 1 69.0 66.0
17 24 4.0 13.0
14 32 179.0 180.0
16 24 195.0 31.0
21 30 190.0 174.0
20 41 128.0 85.0
20 34 11.0 194.0
17 21 41.0 61.0
3 37 68.0 111.0
36 18 141.0 72.0
30 12 126.0 72.0
13 36 109.0 73.0
8 35 135.0 99.0
39 24 123.0 16.0
37 28 31.0 134.0
37 2 71.0 25.0
15 22 177.0 91.0
37 1 86.0 118.0
32 5 108.0 164.0
22 41 68.0 170.0
39 18 16.0 3.0
42 12 143.0 140.0
29 12 28.0 174.0
45 39 154.0 51.0
22 46 3.0 131.0
7 36 82.0 41.0
40 7 95.0 142.0
2 40 78.0 163.0
32 24 196.0 95.0
25 16 23.0 139.0
22 37 92.0 52.0
5 36 56.0 46.0
13 39 112.0 12.0
24 31 27.0 146.0
38 24 53.0 74.0
22 21 143.0 84.0
39 3 197.0 139.0
23 21 83.0 21.0
24 18 112.0 175.0
37 4 30.0 121.0
10 31 185.0 94.0
12 28 197.0 164.0
24 11 138.0 3.0
25 17 134.0 33.0
39 4 40.0 84.0
15 45 97.0 75.0
37 17 114.0 10.0
38 7 31.0 97.0
17 23 154.0 168.0
19 23 169.0 104.0
13 31 101.0 59.0
34 11 116.0 187.0
47 42 66.0 156.0
15 28 162.0 163.0
45 5 163.0 29.0
11 33 176.0 146.0
26 29 5.0 131.0
32 13 72.0 174.0
45 2 40.0 173.0
20 29 141.0 108.0
16 21 64.0 7.0
42 2 186.0 179.0
10 33 105.0 149.0
35 6 155.0 33.0
21 19 159.0 161.0
5 39 45.0 31.0
36 21 46.0 37.0
13 11 100.0 188.0
44 47 113.0 165.0
16 27 167.0 99.0
38 4 190.0 24.0
34 4 8.0 145.0
9 34 125.0 167.0
40 27 115.0 171.0
47 3 174.0 161.0
3 41 171.0 27.0
7 37 119.0 84.0
17 29 144.0 86.0
44 17 182.0 86.0
26 19 94.0 190.0
16 29 36.0 19.0
33 15 117.0 151.0
43 5 113.0 44.0
21 40 167.0 84.0
32 7 55.0 86.0
47 37 144.0 151.0
8 37 107.0 126.0
36 45 62.0 1.0
29 15 38.0 98.0
44 29 170.0 107.0
47 30 80.0 83.0
1 40 189.0 47.0
40 6 49.0 196.0
45 40 198.0 193.0
35 13 157.0 57.0
1 43 167.0 19.0
46 1 51.0 157.0
14 34 81.0 22.0
40 47 95.0 113.0
19 39 170.0 84.0
1 17 8.0 20.0
45 14 117.0 158.0
29 19 26.0 74.0
47 31 11.0 194.0
45 16 131.0 14.0
16 32 89.0 164.0
43 33 175.0 136.0
33 14 140.0 146.0
9 38 186.0 149.0
43 27 169.0 103.0
32 15 102.0 147.0
33 36 34.0 65.0
10 38 165.0 165.0
31 18 66.0 6.0
20 26 102.0 194.0
9 26 120.0 42.0
28 20 141.0 106.0
22 32 78.0 62.0
34 44 161.0 181.0
11 42 148.0 195.0
15 31 99.0 66.0
40 44 57.0 117.0
31 14 34.0 159.0
28 19 61.0 154.0
20 27 100.0 3.0
47 19 65.0 178.0
15 34 131.0 26.0
42 6 140.0 31.0
30 19 182.0 39.0
42 7 193.0 39.0
22 25 24.0 27.0
46 2 153.0 85.0
40 9 25.0 5.0
47 1 37.0 90.0
26 25 109.0 120.0
41 8 182.0 1.0
43 6 179.0 116.0
28 33 122.0 172.0
21 25 66.0 146.0
31 12 87.0 171.0
7 35 34.0 112.0
41 2 15.0 72.0
39 46 167.0 76.0
30 18 2.0 149.0
15 36 20.0 133.0
27 21 136.0 143.0
27 22 198.0 3.0
25 32 50.0 86.0
44 5 119.0 84.0
6 45 127.0 86.0
46 5 101.0 47.0
30 2 110.0 55.0
35 24 44.0 130.0
21 26 56.0 181.0
28 21 140.0 7.0
18 32 117.0 190.0
17 31 196.0 188.0
46 3 140.0 76.0
37 13 28.0 42.0
31 21 142.0 138.0
37 14 85.0 186.0
38 11 113.0 94.0
11 41 70.0 5.0
46 40 37.0 187.0
17 33 62.0 186.0
33 16 143.0 3.0
10 42 64.0 171.0
33 18 85.0 6.0
20 23 79.0 170.0
44 7 120.0 144.0
12 35 63.0 190.0
41 27 129.0 101.0
4 45 12.0 143.0
31 22 142.0 155.0
43 11 142.0 158.0
46 29 20.0 179.0
13 41 22.0 52.0
32 17 35.0 94.0
4 47 100.0 51.0
37 45 71.0 181.0
34 16 196.0 83.0
23 32 119.0 90.0
36 16 7.0 13.0
36 23 123.0 180.0
16 46 163.0 98.0
24 29 31.0 151.0
8 46 43.0 83.0
26 24 97.0 114.0
9 44 13.0 45.0
38 13 9.0 84.0
39 15 149.0 16.0
38 14 87.0 24.0
45 9 113.0 50.0
20 33 48.0 144.0
44 10 61.0 91.0
29 23 34.0 110.0
40 30 0.0 0.0
47 7 26.0 9.0
18 27 175.0 175.0
5 40 106.0 14.0
43 31 45.0 19.0
38 18 126.0 93.0
41 12 139.0 139.0
47 10 153.0 126.0
6 46 48.0 153.0
45 11 96.0 26.0
8 45 17.0 24.0
13 28 130.0 124.0
37 32 26.0 127.0
46 4 58.0 152.0
34 41 154.0 197.0
22 33 51.0 107.0
47 8 164.0 51.0
16 40 65.0 12.0
15 40 86.0 83.0
20 35 34.0 169.0
22 35 169.0 60.0
28 26 129.0 27.0
42 18 53.0 83.0
26 30 54.0 104.0
11 46 128.0 170.0
26 31 118.0 194.0
9 47 102.0 5.0
37 16 194.0 88.0
25 30 195.0 116.0
31 25 25.0 125.0
30 22 173.0 79.0
25 33 57.0 27.0
27 31 131.0 186.0
17 35 6.0 50.0
35 21 101.0 60.0
17 38 107.0 47.0
45 13 67.0 103.0
19 41 179.0 45.0
15 44 195.0 152.0
15 42 6.0 53.0
42 13 164.0 138.0
36 43 188.0 170.0
40 22 128.0 41.0
45 33 182.0 187.0
13 46 63.0 1.0
23 35 163.0 194.0
27 37 134.0 158.0
34 27 111.0 92.0
27 45 29.0 27.0
22 38 117.0 17.0
46 14 112.0 197.0
10 30 103.0 46.0
44 14 50.0 118.0
43 24 17.0 13.0
38 23 42.0 103.0
17 45 41.0 105.0
18 40 148.0 23.0
45 18 14.0 18.0
20 39 150.0 78.0
23 31 28.0 5.0
42 22 123.0 78.0
28 29 199.0 140.0
36 27 5.0 193.0
43 17 121.0 199.0
19 42 15.0 21.0
36 22 65.0 181.0
39 23 7.0 167.0
13 44 166.0 187.0
43 7 35.0 89.0
42 24 179.0 34.0
33 31 72.0 184.0
22 45 11.0 145.0
25 36 20.0 178.0
35 18 117.0 37.0
23 41 13.0 77.0
30 31 81.0 131.0
46 19 94.0 116.0
27 39 84.0 73.0
20 38 110.0 108.0
23 42 151.0 73.0
36 20 35.0 123.0
39 26 87.0 105.0
35 31 103.0 52.0
23 22 32.0 184.0
30 36 62.0 127.0
29 35 187.0 98.0
32 35 108.0 97.0
23 34 138.0 11.0
35 33 137.0 125.0
32 36 116.0 176.0
14 43 163.0 19.0
23 47 24.0 195.0
28 40 113.0 87.0
32 34 93.0 100.0
21 47 109.0 1.0
40 26 92.0 199.0
39 32 145.0 181.0
13 43 120.0 13.0
38 30 7.0 83.0
20 44 98.0 184.0
34 35 84.0 11.0
7 45 57.0 177.0
29 31 179.0 118.0
25 41 194.0 71.0
24 45 150.0 91.0
25 42 6.0 70.0
38 33 131.0 165.0
5 3 41.0 29.0
25 40 133.0 125.0
38 39 163.0 142.0
43 28 33.0 142.0
25 46 173.0 179.0
37 38 85.0 76.0
24 47 118.0 91.0
44 28 188.0 1.0
43 20 131.0 29.0
42 32 77.0 16.0
27 44 98.0 40.0
45 20 101.0 83.0
26 46 70.0 26.0
25 45 162.0 155.0
47 26 5.0 32.0
46 43 14.0 193.0
28 31 141.0 145.0
37 39 192.0 18.0
42 29 90.0 90.0
34 40 43.0 143.0
41 31 71.0 65.0
33 44 25.0 185.0
32 40 76.0 30.0
34 37 121.0 90.0
35 36 181.0 62.0
29 34 69.0 125.0
23 43 186.0 111.0
42 31 81.0 182.0
43 34 47.0 104.0
28 45 192.0 24.0
47 22 166.0 68.0
27 32 82.0 87.0
42 35 48.0 63.0
42 30 129.0 69.0
37 44 2.0 67.0
29 41 114.0 35.0
39 34 21.0 113.0
29 45 145.0 14.0
47 34 174.0 111.0
41 33 196.0 56.0
38 36 139.0 197.0
40 37 74.0 68.0
41 40 41.0 28.0
34 45 138.0 107.0
45 32 42.0 160.0
44 39 103.0 187.0
18 47 58.0 29.0
33 40 7.0 6.0
47 29 27.0 146.0
35 47 29.0 53.0
41 35 192.0 22.0
43 47 5.0 131.0
28 23 14.0 47.0
47 36 81.0 69.0
43 29 40.0 91.0
29 36 151.0 47.0
46 36 131.0 130.0
27 47 167.0 112.0
46 47 114.0 160.0
30 45 120.0 119.0
32 46 7.0 86.0
10 45 144.0 40.0
38 46 95.0 184.0
41 39 35.0 198.0
2 1 193.0 119.0
46 42 32.0 112.0
26 34 135.0 146.0
43 35 105.0 7.0
45 43 42.0 64.0
35 46 159.0 138.0
7 34 19.0 55.0
23 44 90.0 6.0
31 39 53.0 35.0
36 42 179.0 85.0
42 45 39.0 115.0
43 40 89.0 97.0
41 43 73.0 84.0
41 44 7.0 32.0
30 41 58.0 178.0
37 41 35.0 148.0
47 39 75.0 88.0
46 9 55.0 55.0
1 4 110.0 94.0
43 38 68.0 152.0
30 37 27.0 93.0
38 40 11.0 187.0
28 9 162.0 22.0
41 47 173.0 197.0
22 28 37.0 0.0
33 39 121.0 92.0
36 41 30.0 184.0
41 21 43.0 50.0
0
