50 1225 34 37 105050
5 43 13.0 53.0
11 17 193.0 36.0
6 47 31.0 108.0
38 42 2.0 65.0
18 50 187.0 74.0
45 50 177.0 56.0
33 6 132.0 32.0
1 41 156.0 73.0
33 27 194.0 169.0
44 8 0.0 188.0
4 47 43.0 31.0
39 49 107.0 45.0
48 22 191.0 94.0
22 1 55.0 168.0
9 3 8.0 187.0
45 11 78.0 116.0
40 36 184.0 73.0
43 12 147.0 136.0
10 18 99.0 142.0
18 39 14.0 6.0
12 4 132.0 5.0
4 26 113.0 188.0
30 28 74.0 73.0
41 40 31.0 152.0
25 26 68.0 15.0
39 2 100.0 168.0
21 11 37.0 199.0
1 9 62.0 51.0
12 9 166.0 146.0
36 37 66.0 80.0
15 4 154.0 92.0
44 46 169.0 185.0
23 3 13.0 190.0
6 11 77.0 113.0
21 15 23.0 66.0
23 20 185.0 37.0
30 34 114.0 152.0
21 33 36.0 132.0
36 26 80.0 142.0
23 30 44.0 50.0
32 43 38.0 9.0
6 3 74.0 115.0
40 34 161.0 97.0
3 35 31.0 147.0
21 2 140.0 97.0
2 11 20.0 128.0
5 21 28.0 53.0
50 4 132.0 73.0
48 35 149.0 170.0
10 38 48.0 23.0
21 22 172.0 161.0
8 11 77.0 155.0
12 3 194.0 169.0
34 48 40.0 167.0
18 21 68.0 68.0
26 44 122.0 0.0
29 21 189.0 71.0
10 47 129.0 37.0
18 49 127.0 53.0
12 11 122.0 156.0
15 27 198.0 69.0
26 37 95.0 190.0
9 11 35.0 163.0
5 15 184.0 157.0
37 31 46.0 173.0
27 11 146.0 127.0
11 34 171.0 73.0
44 30 58.0 46.0
8 16 35.0 8.0
4 49 63.0 130.0
11 46 64.0 98.0
12 8 48.0 48.0
38 24 13.0 46.0
3 10 48.0 111.0
9 37 104.0 19.0
19 18 25.0 162.0
35 23 187.0 12.0
23 43 32.0 2.0
4 7 101.0 97.0
8 48 46.0 101.0
24 50 158.0 12.0
26 24 83.0 6.0
11 29 178.0 139.0
46 2 80.0 155.0
24 19 47.0 19.0
11 23 2.0 80.0
25 30 134.0 104.0
29 8 1.0 180.0
8 43 82.0 160.0
17 19 176.0 117.0
47 8 44.0 106.0
1 7 86.0 124.0
30 46 92.0 133.0
20 16 144.0 94.0
45 1 73.0 78.0
6 2 117.0 74.0
4 37 119.0 151.0
6 19 1.0 47.0
28 4 140.0 197.0
17 24 148.0 26.0
20 12 38.0 40.0
28 37 171.0 134.0
40 15 97.0 44.0
26 22 178.0 166.0
8 18 162.0 49.0
38 47 15.0 116.0
2 14 119.0 107.0
38 36 108.0 67.0
12 2 25.0 98.0
47 34 87.0 149.0
50 46 124.0 184.0
17 3 26.0 54.0
20 4 156.0 140.0
2 7 104.0 123.0
23 31 61.0 24.0
18 42 16.0 121.0
8 2 49.0 41.0
6 7 154.0 136.0
39 23 56.0 30.0
27 36 145.0 82.0
41 24 92.0 101.0
32 28 105.0 196.0
10 23 27.0 118.0
6 8 167.0 43.0
12 37 15.0 168.0
30 7 19.0 121.0
31 3 6.0 75.0
40 11 129.0 151.0
34 5 116.0 21.0
34 21 93.0 174.0
9 8 158.0 120.0
35 16 95.0 77.0
4 48 34.0 62.0
4 35 85.0 53.0
39 30 77.0 91.0
40 45 124.0 158.0
2 33 84.0 192.0
8 1 196.0 129.0
4 3 95.0 107.0
17 35 172.0 190.0
33 3 187.0 6.0
39 11 76.0 25.0
42 19 132.0 105.0
14 15 166.0 8.0
47 1 50.0 2.0
20 33 130.0 198.0
34 6 2.0 177.0
41 20 24.0 174.0
22 33 112.0 163.0
43 39 85.0 188.0
13 2 120.0 17.0
11 26 58.0 38.0
29 41 49.0 60.0
25 9 58.0 131.0
15 9 6.0 12.0
28 39 150.0 30.0
21 44 63.0 62.0
33 4 39.0 148.0
50 19 111.0 111.0
6 12 73.0 169.0
42 32 66.0 74.0
40 6 3.0 76.0
16 39 92.0 9.0
27 42 96.0 195.0
36 10 119.0 111.0
8 3 13.0 158.0
31 22 25.0 124.0
23 46 15.0 51.0
27 28 66.0 33.0
34 10 100.0 21.0
50 34 127.0 193.0
25 41 111.0 176.0
50 38 114.0 30.0
2 41 133.0 127.0
14 5 187.0 111.0
50 15 28.0 3.0
42 37 26.0 94.0
47 18 47.0 127.0
1 23 177.0 175.0
1 6 113.0 40.0
7 9 194.0 27.0
6 5 29.0 127.0
12 39 112.0 16.0
3 20 96.0 140.0
3 11 154.0 122.0
7 50 8.0 153.0
22 29 85.0 185.0
32 29 174.0 151.0
2 31 116.0 168.0
38 48 100.0 145.0
37 15 190.0 13.0
36 6 93.0 86.0
45 12 50.0 47.0
11 4 84.0 58.0
32 47 65.0 121.0
25 23 127.0 39.0
4 10 192.0 43.0
7 42 92.0 93.0
6 9 140.0 35.0
16 24 159.0 34.0
35 34 197.0 161.0
37 23 20.0 81.0
11 1 46.0 85.0
30 27 182.0 173.0
36 17 41.0 126.0
8 20 164.0 86.0
30 22 145.0 105.0
45 42 181.0 56.0
27 21 15.0 178.0
15 2 14.0 35.0
16 23 144.0 60.0
49 36 183.0 78.0
5 1 111.0 24.0
27 13 6.0 75.0
34 33 130.0 103.0
24 12 52.0 63.0
34 42 127.0 67.0
2 3 169.0 93.0
27 6 74.0 66.0
41 45 44.0 9.0
2 36 30.0 155.0
49 33 183.0 188.0
16 42 90.0 65.0
5 29 188.0 142.0
4 9 173.0 67.0
16 12 141.0 95.0
17 12 157.0 167.0
8 27 111.0 153.0
13 9 162.0 141.0
43 30 109.0 145.0
23 12 126.0 0.0
18 2 13.0 66.0
7 35 23.0 138.0
6 13 113.0 165.0
47 33 156.0 22.0
12 26 175.0 67.0
36 9 78.0 137.0
40 35 61.0 187.0
48 40 89.0 139.0
6 10 194.0 102.0
7 13 91.0 17.0
25 35 172.0 156.0
20 30 80.0 128.0
7 46 94.0 55.0
6 45 44.0 172.0
29 12 176.0 57.0
5 12 189.0 17.0
12 1 151.0 183.0
4 5 185.0 194.0
38 1 106.0 110.0
32 39 140.0 138.0
37 46 141.0 34.0
40 9 19.0 138.0
22 46 24.0 147.0
45 15 3.0 165.0
34 1 195.0 106.0
4 1 92.0 132.0
4 43 84.0 198.0
32 37 67.0 176.0
32 11 122.0 8.0
21 49 142.0 141.0
15 6 190.0 118.0
6 35 89.0 146.0
37 3 141.0 36.0
4 19 108.0 33.0
12 32 92.0 192.0
20 22 152.0 111.0
34 22 4.0 74.0
21 19 16.0 98.0
10 17 14.0 158.0
3 5 141.0 55.0
8 42 62.0 82.0
14 1 23.0 170.0
9 10 19.0 115.0
36 29 71.0 123.0
50 49 19.0 75.0
4 13 79.0 187.0
42 47 146.0 93.0
2 4 111.0 87.0
43 20 4.0 173.0
36 46 185.0 27.0
13 45 149.0 156.0
3 15 74.0 20.0
10 11 147.0 45.0
17 2 162.0 26.0
32 23 133.0 108.0
24 46 117.0 45.0
17 21 2.0 122.0
2 10 28.0 187.0
49 44 172.0 129.0
10 5 4.0 46.0
46 43 18.0 151.0
28 31 8.0 132.0
3 41 127.0 93.0
38 39 103.0 44.0
12 19 127.0 57.0
21 47 120.0 107.0
40 37 114.0 92.0
18 4 184.0 118.0
19 1 12.0 154.0
2 37 105.0 172.0
29 16 65.0 32.0
7 28 17.0 120.0
48 31 119.0 96.0
14 3 18.0 39.0
42 33 130.0 132.0
24 3 158.0 66.0
26 21 79.0 122.0
9 45 136.0 184.0
11 5 67.0 153.0
47 24 193.0 84.0
13 5 82.0 113.0
38 5 31.0 100.0
37 33 11.0 113.0
37 30 113.0 121.0
2 44 9.0 192.0
38 28 49.0 145.0
47 49 144.0 68.0
24 6 79.0 137.0
38 3 125.0 161.0
13 1 95.0 108.0
19 3 183.0 59.0
1 31 103.0 96.0
27 40 113.0 112.0
19 10 116.0 114.0
12 7 182.0 60.0
39 50 125.0 61.0
5 25 11.0 2.0
38 11 32.0 58.0
32 18 83.0 15.0
1 15 26.0 186.0
6 4 123.0 91.0
5 9 70.0 39.0
42 50 181.0 53.0
1 17 104.0 58.0
42 12 180.0 67.0
24 27 7.0 13.0
46 31 45.0 42.0
45 32 149.0 23.0
32 16 43.0 24.0
24 14 14.0 65.0
15 19 67.0 195.0
38 4 130.0 171.0
17 40 142.0 110.0
18 24 112.0 149.0
7 44 52.0 110.0
25 34 108.0 2.0
1 29 73.0 103.0
45 19 60.0 39.0
9 14 176.0 127.0
41 50 58.0 106.0
41 17 7.0 0.0
43 2 148.0 71.0
48 32 121.0 0.0
18 5 67.0 181.0
1 21 127.0 141.0
14 6 44.0 187.0
3 16 111.0 20.0
17 27 56.0 169.0
45 23 186.0 15.0
2 20 172.0 134.0
19 38 87.0 46.0
42 28 174.0 154.0
15 48 69.0 53.0
31 44 99.0 65.0
11 36 26.0 10.0
14 32 9.0 34.0
6 50 181.0 196.0
38 33 107.0 105.0
22 2 163.0 194.0
30 50 195.0 89.0
47 46 128.0 16.0
19 5 148.0 27.0
19 40 33.0 174.0
22 11 78.0 42.0
10 41 96.0 59.0
26 16 146.0 4.0
19 49 199.0 109.0
50 2 48.0 194.0
47 11 134.0 176.0
3 18 161.0 34.0
7 15 18.0 194.0
21 40 129.0 97.0
30 9 4.0 177.0
26 34 94.0 103.0
35 15 183.0 93.0
16 41 113.0 183.0
8 4 94.0 199.0
19 34 13.0 55.0
44 1 65.0 184.0
24 1 170.0 194.0
42 25 119.0 127.0
10 31 93.0 13.0
6 16 62.0 29.0
49 13 101.0 175.0
10 12 192.0 195.0
8 5 106.0 158.0
8 14 195.0 171.0
28 19 68.0 166.0
20 6 51.0 139.0
26 5 69.0 97.0
14 27 13.0 83.0
13 10 167.0 114.0
16 7 146.0 159.0
17 18 20.0 52.0
12 25 138.0 168.0
45 35 136.0 159.0
32 49 6.0 139.0
4 39 118.0 27.0
2 16 109.0 83.0
10 8 108.0 76.0
12 36 179.0 6.0
13 3 116.0 0.0
36 19 81.0 55.0
5 17 185.0 169.0
15 11 19.0 143.0
50 23 67.0 89.0
34 24 155.0 176.0
4 16 86.0 15.0
12 13 193.0 66.0
34 17 20.0 61.0
37 19 192.0 101.0
35 21 99.0 129.0
31 25 131.0 70.0
16 9 180.0 199.0
11 14 56.0 87.0
29 4 68.0 142.0
28 9 110.0 13.0
21 4 164.0 82.0
46 34 129.0 108.0
13 11 87.0 180.0
16 1 160.0 19.0
7 14 96.0 92.0
21 6 125.0 104.0
35 47 63.0 145.0
11 7 185.0 125.0
38 8 32.0 102.0
43 11 147.0 113.0
20 5 165.0 35.0
48 7 60.0 125.0
27 18 121.0 156.0
50 11 135.0 47.0
25 1 17.0 151.0
15 8 192.0 3.0
3 21 26.0 176.0
18 40 19.0 126.0
34 12 80.0 185.0
18 13 143.0 140.0
27 1 181.0 16.0
16 5 119.0 68.0
11 20 167.0 136.0
49 40 132.0 159.0
47 36 16.0 110.0
27 37 160.0 35.0
9 18 68.0 192.0
8 19 67.0 163.0
34 31 194.0 0.0
48 21 59.0 113.0
43 50 40.0 26.0
42 36 89.0 172.0
4 22 49.0 105.0
24 44 172.0 161.0
18 6 52.0 193.0
41 7 76.0 71.0
39 22 188.0 70.0
45 36 36.0 47.0
20 7 77.0 76.0
5 7 36.0 167.0
14 13 57.0 85.0
20 49 87.0 182.0
6 26 46.0 91.0
17 9 172.0 74.0
37 45 30.0 160.0
30 8 15.0 66.0
34 43 45.0 93.0
12 15 129.0 81.0
39 19 10.0 138.0
15 10 171.0 97.0
46 41 179.0 169.0
6 44 42.0 151.0
40 12 18.0 24.0
21 7 104.0 186.0
36 32 32.0 149.0
46 33 183.0 161.0
1 50 168.0 193.0
15 13 67.0 91.0
36 14 190.0 46.0
9 50 148.0 184.0
13 8 83.0 118.0
10 1 189.0 139.0
36 41 130.0 21.0
24 4 74.0 66.0
22 5 158.0 42.0
7 36 141.0 25.0
49 25 107.0 83.0
10 16 186.0 55.0
30 26 81.0 21.0
31 11 117.0 22.0
3 47 174.0 0.0
31 19 116.0 48.0
13 16 35.0 26.0
28 3 178.0 128.0
29 13 1.0 85.0
33 43 61.0 139.0
22 3 199.0 94.0
25 19 176.0 117.0
15 20 147.0 102.0
2 24 116.0 15.0
45 43 24.0 104.0
21 9 74.0 2.0
49 38 180.0 27.0
32 20 148.0 193.0
32 38 56.0 148.0
7 18 172.0 184.0
37 38 173.0 119.0
40 38 86.0 41.0
28 2 175.0 110.0
33 13 30.0 1.0
2 29 82.0 163.0
2 26 131.0 30.0
47 31 104.0 187.0
4 25 33.0 76.0
11 49 0.0 6.0
36 1 116.0 86.0
48 49 179.0 91.0
26 3 163.0 162.0
23 26 172.0 45.0
20 9 29.0 103.0
9 43 57.0 133.0
16 11 176.0 91.0
7 22 145.0 128.0
23 7 99.0 13.0
17 4 174.0 78.0
25 3 124.0 137.0
18 35 151.0 96.0
18 1 23.0 180.0
46 15 111.0 81.0
27 25 186.0 39.0
19 9 175.0 83.0
10 21 47.0 74.0
8 7 4.0 173.0
48 13 14.0 128.0
47 28 109.0 165.0
9 22 26.0 133.0
19 7 88.0 137.0
39 29 63.0 26.0
46 12 180.0 190.0
2 23 13.0 27.0
8 17 18.0 17.0
27 4 10.0 32.0
26 1 107.0 71.0
49 7 60.0 133.0
27 3 60.0 100.0
23 5 197.0 76.0
16 15 0.0 129.0
1 28 156.0 165.0
11 35 74.0 174.0
32 9 58.0 84.0
6 17 108.0 165.0
2 19 186.0 120.0
12 18 174.0 199.0
24 5 93.0 171.0
8 22 128.0 45.0
25 2 68.0 36.0
47 13 80.0 94.0
24 29 133.0 138.0
38 6 101.0 194.0
4 23 177.0 88.0
17 16 145.0 103.0
15 25 159.0 191.0
9 23 86.0 40.0
50 29 47.0 106.0
42 1 64.0 127.0
31 16 167.0 149.0
30 3 177.0 69.0
6 22 105.0 106.0
15 17 62.0 50.0
8 25 113.0 173.0
31 14 29.0 199.0
43 6 185.0 28.0
1 20 187.0 1.0
8 21 46.0 155.0
47 27 160.0 175.0
36 35 33.0 65.0
44 16 31.0 95.0
13 17 139.0 96.0
21 13 28.0 120.0
8 24 163.0 165.0
18 11 78.0 150.0
19 11 114.0 76.0
34 2 118.0 74.0
16 18 81.0 151.0
10 49 68.0 64.0
23 8 5.0 7.0
29 3 162.0 185.0
25 6 132.0 125.0
28 5 184.0 162.0
36 39 118.0 99.0
42 26 127.0 189.0
18 43 176.0 160.0
44 25 62.0 196.0
18 14 145.0 19.0
33 7 109.0 107.0
9 35 126.0 193.0
14 12 48.0 110.0
30 4 187.0 119.0
15 18 8.0 66.0
7 24 195.0 184.0
10 22 138.0 9.0
1 33 169.0 83.0
37 43 194.0 78.0
27 7 90.0 120.0
30 5 77.0 138.0
45 10 183.0 16.0
18 33 70.0 143.0
26 7 62.0 17.0
12 28 146.0 0.0
8 35 144.0 67.0
27 49 105.0 90.0
7 25 53.0 147.0
45 38 138.0 130.0
1 35 164.0 74.0
31 20 40.0 186.0
2 32 60.0 102.0
34 4 142.0 159.0
13 22 117.0 38.0
6 28 46.0 174.0
41 22 86.0 52.0
10 35 6.0 176.0
2 30 13.0 122.0
5 27 21.0 54.0
17 14 0.0 81.0
12 41 102.0 94.0
18 34 191.0 172.0
15 47 106.0 190.0
19 43 27.0 192.0
27 19 9.0 33.0
19 13 143.0 175.0
17 30 33.0 164.0
38 46 101.0 185.0
23 13 105.0 155.0
18 28 131.0 96.0
25 39 142.0 37.0
31 30 9.0 121.0
14 21 120.0 18.0
14 44 30.0 63.0
25 28 64.0 15.0
21 12 63.0 117.0
38 23 54.0 168.0
6 23 26.0 185.0
13 20 87.0 120.0
4 42 152.0 96.0
50 16 112.0 73.0
9 26 187.0 142.0
19 14 141.0 51.0
16 19 152.0 4.0
35 2 192.0 158.0
41 44 147.0 170.0
6 30 24.0 35.0
24 13 134.0 176.0
49 2 11.0 47.0
41 42 158.0 198.0
25 11 18.0 99.0
32 1 161.0 122.0
32 5 71.0 154.0
26 27 196.0 19.0
1 30 154.0 20.0
10 28 136.0 41.0
1 39 40.0 99.0
30 48 33.0 198.0
47 50 115.0 3.0
7 29 187.0 28.0
32 4 86.0 59.0
12 31 82.0 82.0
37 6 173.0 188.0
8 26 154.0 61.0
14 20 147.0 147.0
10 46 107.0 132.0
48 36 3.0 174.0
14 4 124.0 143.0
14 22 148.0 162.0
28 11 20.0 182.0
24 10 55.0 145.0
7 10 70.0 162.0
4 31 81.0 169.0
2 9 153.0 188.0
31 7 154.0 109.0
32 3 55.0 30.0
25 13 142.0 156.0
7 32 96.0 114.0
29 6 62.0 103.0
21 16 194.0 132.0
28 8 133.0 27.0
24 11 142.0 86.0
33 48 0.0 96.0
31 6 109.0 8.0
23 15 115.0 3.0
10 25 116.0 11.0
32 17 3.0 178.0
9 29 58.0 197.0
22 16 117.0 191.0
45 31 178.0 11.0
30 11 81.0 179.0
39 40 113.0 142.0
22 17 109.0 180.0
8 31 96.0 25.0
20 10 141.0 100.0
22 18 180.0 152.0
27 44 122.0 97.0
37 1 55.0 100.0
22 32 59.0 136.0
21 31 25.0 124.0
10 27 144.0 135.0
23 17 57.0 192.0
17 45 133.0 150.0
45 3 72.0 66.0
49 16 123.0 194.0
27 45 97.0 178.0
27 12 48.0 109.0
8 33 25.0 74.0
3 36 185.0 169.0
24 15 141.0 194.0
9 46 4.0 75.0
14 28 197.0 76.0
22 15 185.0 121.0
21 20 195.0 82.0
17 42 63.0 43.0
26 18 115.0 88.0
19 20 104.0 100.0
25 48 82.0 45.0
19 22 191.0 87.0
33 5 22.0 189.0
39 13 55.0 7.0
4 36 127.0 2.0
10 32 10.0 142.0
16 34 145.0 125.0
44 28 69.0 49.0
25 46 168.0 151.0
18 23 85.0 160.0
7 17 196.0 59.0
6 32 76.0 3.0
22 12 44.0 156.0
3 49 117.0 6.0
32 34 74.0 63.0
3 34 37.0 95.0
12 50 31.0 6.0
39 3 199.0 116.0
34 7 86.0 195.0
2 38 52.0 162.0
18 20 110.0 49.0
17 20 50.0 27.0
40 43 152.0 77.0
32 8 18.0 189.0
25 18 113.0 49.0
9 31 188.0 112.0
17 25 85.0 74.0
23 19 118.0 90.0
8 40 76.0 180.0
45 8 85.0 127.0
14 10 109.0 37.0
30 13 148.0 79.0
27 32 96.0 61.0
49 24 91.0 36.0
30 12 196.0 128.0
23 14 159.0 66.0
17 26 56.0 36.0
29 10 7.0 141.0
33 10 95.0 116.0
43 1 188.0 195.0
13 28 27.0 84.0
3 40 167.0 118.0
37 8 36.0 115.0
16 27 127.0 195.0
30 32 185.0 183.0
4 40 65.0 192.0
26 13 117.0 113.0
5 31 38.0 106.0
24 20 99.0 65.0
39 5 47.0 18.0
33 12 152.0 83.0
18 30 199.0 31.0
26 15 161.0 184.0
44 29 50.0 26.0
17 28 150.0 168.0
40 1 117.0 188.0
10 30 80.0 16.0
43 35 77.0 127.0
8 34 140.0 29.0
8 36 56.0 139.0
28 24 22.0 17.0
2 47 193.0 73.0
39 7 87.0 143.0
14 30 35.0 4.0
25 20 32.0 115.0
8 46 79.0 109.0
9 41 0.0 19.0
9 24 83.0 8.0
34 27 37.0 105.0
23 29 61.0 182.0
13 31 190.0 149.0
25 14 99.0 26.0
26 20 37.0 131.0
41 43 198.0 116.0
34 39 138.0 150.0
21 24 32.0 21.0
43 3 111.0 21.0
27 9 181.0 172.0
26 19 90.0 171.0
39 8 57.0 189.0
17 29 35.0 94.0
15 28 100.0 34.0
28 16 49.0 191.0
46 13 32.0 33.0
42 5 101.0 143.0
2 40 137.0 82.0
42 6 120.0 179.0
42 2 102.0 129.0
45 24 163.0 137.0
39 24 188.0 16.0
25 16 155.0 189.0
23 22 63.0 140.0
29 34 37.0 116.0
31 15 93.0 127.0
10 26 14.0 165.0
28 46 173.0 116.0
29 15 8.0 137.0
40 5 189.0 149.0
13 41 83.0 97.0
16 38 93.0 146.0
32 13 24.0 83.0
14 29 120.0 69.0
17 37 96.0 134.0
4 41 104.0 69.0
33 9 90.0 64.0
14 16 175.0 80.0
21 25 73.0 59.0
7 37 38.0 118.0
11 33 184.0 14.0
24 23 80.0 104.0
23 40 55.0 128.0
28 21 3.0 111.0
44 3 171.0 93.0
46 26 53.0 99.0
36 5 172.0 126.0
16 48 87.0 163.0
49 28 162.0 72.0
32 15 187.0 194.0
25 22 113.0 194.0
5 41 131.0 68.0
2 45 183.0 55.0
13 34 46.0 37.0
16 30 131.0 18.0
7 40 63.0 19.0
12 44 76.0 177.0
37 11 43.0 15.0
48 10 20.0 156.0
44 4 157.0 104.0
40 10 130.0 141.0
35 13 81.0 176.0
28 22 110.0 12.0
39 10 191.0 125.0
35 12 102.0 67.0
28 33 126.0 145.0
45 4 63.0 146.0
33 14 121.0 21.0
3 42 178.0 52.0
49 1 193.0 59.0
46 3 56.0 55.0
1 46 186.0 47.0
36 13 163.0 40.0
48 3 193.0 89.0
41 39 173.0 9.0
41 33 104.0 46.0
23 28 92.0 34.0
30 45 6.0 37.0
18 31 77.0 14.0
34 14 60.0 15.0
31 17 182.0 175.0
45 18 87.0 176.0
48 1 99.0 60.0
22 24 15.0 3.0
8 41 36.0 59.0
30 21 106.0 194.0
24 25 15.0 183.0
37 10 8.0 75.0
14 26 55.0 190.0
9 39 176.0 142.0
2 27 174.0 76.0
22 27 17.0 141.0
27 20 57.0 5.0
50 3 190.0 163.0
14 50 40.0 157.0
30 19 112.0 48.0
38 41 6.0 167.0
7 38 164.0 135.0
33 15 76.0 91.0
14 37 16.0 45.0
48 2 186.0 73.0
27 23 20.0 176.0
39 35 42.0 60.0
44 5 57.0 154.0
9 38 159.0 64.0
48 5 199.0 76.0
29 20 156.0 75.0
28 20 136.0 172.0
26 49 182.0 122.0
12 38 27.0 154.0
38 17 7.0 69.0
42 9 29.0 65.0
37 16 33.0 140.0
13 38 42.0 184.0
46 5 87.0 150.0
19 33 111.0 175.0
14 39 12.0 45.0
2 1 38.0 39.0
15 34 145.0 45.0
46 6 85.0 174.0
43 10 23.0 70.0
32 19 170.0 17.0
4 46 52.0 9.0
44 36 116.0 163.0
16 36 136.0 128.0
17 33 79.0 174.0
32 21 166.0 24.0
36 15 25.0 3.0
44 9 52.0 1.0
48 6 0.0 174.0
44 11 181.0 53.0
14 38 156.0 49.0
30 24 138.0 92.0
50 5 179.0 18.0
41 15 23.0 98.0
49 5 114.0 1.0
5 45 62.0 118.0
41 14 111.0 63.0
47 7 149.0 92.0
36 20 62.0 105.0
22 50 72.0 0.0
5 47 109.0 51.0
26 29 62.0 84.0
38 15 34.0 128.0
40 47 12.0 96.0
25 29 119.0 75.0
35 19 160.0 20.0
40 14 37.0 174.0
35 20 147.0 109.0
43 13 14.0 56.0
15 43 17.0 28.0
42 11 169.0 3.0
31 24 92.0 133.0
6 41 38.0 163.0
31 35 93.0 198.0
44 10 41.0 130.0
18 36 100.0 188.0
40 16 118.0 66.0
15 42 19.0 87.0
49 6 156.0 140.0
36 21 152.0 0.0
33 23 66.0 191.0
49 42 162.0 160.0
17 43 69.0 3.0
9 48 90.0 169.0
43 38 181.0 8.0
50 8 35.0 152.0
33 25 78.0 191.0
22 42 9.0 31.0
7 43 55.0 76.0
24 32 29.0 169.0
31 26 16.0 98.0
20 34 161.0 106.0
35 14 39.0 95.0
25 32 50.0 74.0
14 43 67.0 129.0
16 33 116.0 29.0
42 14 49.0 124.0
23 36 75.0 31.0
33 24 39.0 44.0
2 5 59.0 153.0
19 29 130.0 51.0
39 15 148.0 181.0
31 27 104.0 167.0
33 26 12.0 172.0
23 34 146.0 61.0
46 14 112.0 174.0
29 28 179.0 104.0
26 28 137.0 38.0
37 21 160.0 68.0
45 7 62.0 108.0
20 37 141.0 118.0
23 41 126.0 153.0
47 12 81.0 72.0
37 22 185.0 193.0
19 48 89.0 164.0
23 21 115.0 26.0
45 47 163.0 76.0
10 50 14.0 177.0
35 24 85.0 155.0
32 26 124.0 11.0
14 45 86.0 5.0
44 13 2.0 23.0
12 49 155.0 43.0
36 24 89.0 70.0
19 47 68.0 52.0
40 20 143.0 82.0
27 39 62.0 28.0
33 29 173.0 138.0
35 26 61.0 11.0
42 20 95.0 15.0
17 39 67.0 50.0
15 44 149.0 156.0
18 38 102.0 17.0
41 18 67.0 198.0
16 45 140.0 81.0
43 16 197.0 66.0
29 30 66.0 10.0
22 36 85.0 114.0
22 38 117.0 152.0
19 41 9.0 19.0
44 18 164.0 63.0
36 25 130.0 183.0
48 14 162.0 23.0
32 31 55.0 159.0
38 20 30.0 74.0
47 39 135.0 68.0
47 9 94.0 52.0
35 27 55.0 55.0
49 9 52.0 172.0
39 21 76.0 135.0
49 8 8.0 38.0
48 50 165.0 15.0
21 42 16.0 196.0
30 15 134.0 103.0
46 16 22.0 180.0
14 49 143.0 29.0
34 9 189.0 196.0
17 44 129.0 17.0
22 40 88.0 89.0
37 13 26.0 5.0
30 33 127.0 195.0
29 35 6.0 13.0
35 28 90.0 180.0
14 47 86.0 33.0
50 13 120.0 27.0
31 33 57.0 49.0
25 37 9.0 97.0
16 47 92.0 35.0
28 34 26.0 172.0
34 36 39.0 184.0
17 46 7.0 129.0
25 38 88.0 45.0
23 42 65.0 8.0
39 20 170.0 122.0
25 40 142.0 179.0
46 18 131.0 186.0
38 27 182.0 157.0
45 44 123.0 174.0
40 13 135.0 82.0
48 17 171.0 23.0
19 44 119.0 36.0
33 32 141.0 41.0
39 26 5.0 35.0
37 29 89.0 137.0
41 26 76.0 24.0
36 28 149.0 151.0
21 43 80.0 36.0
11 48 66.0 3.0
43 25 189.0 137.0
24 43 32.0 82.0
22 35 92.0 37.0
45 22 175.0 133.0
41 21 161.0 3.0
37 18 17.0 62.0
33 36 157.0 49.0
10 42 107.0 23.0
18 48 144.0 48.0
33 35 44.0 176.0
38 21 147.0 136.0
36 31 161.0 74.0
46 21 190.0 74.0
47 22 27.0 159.0
36 30 99.0 136.0
24 37 103.0 158.0
43 22 116.0 48.0
38 31 98.0 112.0
41 49 131.0 45.0
42 24 49.0 44.0
50 20 85.0 191.0
18 29 196.0 64.0
11 41 172.0 47.0
44 20 136.0 27.0
44 23 109.0 4.0
24 40 194.0 159.0
15 49 187.0 77.0
30 38 178.0 188.0
40 31 153.0 63.0
39 31 90.0 149.0
21 50 94.0 14.0
28 40 172.0 182.0
43 27 73.0 33.0
43 26 173.0 20.0
41 32 25.0 161.0
35 30 116.0 3.0
28 41 164.0 69.0
48 24 80.0 7.0
29 38 23.0 175.0
46 19 133.0 148.0
31 41 152.0 158.0
45 26 75.0 126.0
29 40 199.0 52.0
25 45 22.0 116.0
39 33 76.0 186.0
30 41 26.0 108.0
37 34 30.0 2.0
40 30 89.0 115.0
38 34 57.0 42.0
49 17 80.0 84.0
29 42 51.0 32.0
28 43 171.0 25.0
37 35 145.0 199.0
38 26 76.0 124.0
31 43 136.0 59.0
25 47 111.0 178.0
49 23 53.0 121.0
32 40 3.0 85.0
45 29 87.0 6.0
42 31 159.0 11.0
27 46 57.0 56.0
40 33 14.0 134.0
26 47 86.0 102.0
38 35 168.0 198.0
45 21 96.0 173.0
27 41 171.0 51.0
49 22 49.0 58.0
35 41 38.0 8.0
48 27 54.0 95.0
37 41 56.0 20.0
34 41 198.0 94.0
46 29 8.0 118.0
32 44 192.0 56.0
48 29 29.0 163.0
42 30 8.0 79.0
46 40 179.0 198.0
39 37 6.0 33.0
17 50 105.0 62.0
29 43 84.0 103.0
22 44 68.0 44.0
12 48 166.0 60.0
48 26 79.0 195.0
42 39 144.0 87.0
45 33 74.0 123.0
47 29 109.0 80.0
49 30 43.0 15.0
35 32 108.0 128.0
50 32 108.0 176.0
44 37 138.0 74.0
50 26 161.0 169.0
35 44 66.0 105.0
44 40 176.0 93.0
40 26 51.0 37.0
48 23 127.0 47.0
36 43 71.0 35.0
31 29 29.0 179.0
37 5 13.0 119.0
39 45 76.0 126.0
50 35 95.0 95.0
44 38 53.0 71.0
25 50 37.0 57.0
20 48 92.0 164.0
42 46 82.0 163.0
47 37 163.0 63.0
43 47 176.0 128.0
27 50 25.0 53.0
31 49 155.0 120.0
40 50 105.0 9.0
45 28 69.0 143.0
49 29 1.0 113.0
31 50 174.0 35.0
42 48 23.0 89.0
50 36 10.0 199.0
34 44 168.0 35.0
47 17 144.0 123.0
50 33 55.0 50.0
49 46 120.0 76.0
46 39 15.0 73.0
50 28 92.0 141.0
43 42 146.0 115.0
23 47 178.0 108.0
50 44 79.0 146.0
33 44 103.0 24.0
49 34 104.0 158.0
44 48 127.0 177.0
46 35 146.0 95.0
41 48 71.0 38.0
35 42 20.0 17.0
46 45 194.0 150.0
27 29 24.0 74.0
45 34 176.0 127.0
45 20 151.0 80.0
50 37 49.0 78.0
39 48 171.0 147.0
45 49 29.0 43.0
39 6 62.0 50.0
48 47 63.0 56.0
47 44 71.0 39.0
20 46 160.0 47.0
48 46 182.0 111.0
3 7 149.0 183.0
46 32 77.0 120.0
45 48 159.0 107.0
20 47 170.0 21.0
44 39 14.0 33.0
47 30 196.0 85.0
43 49 100.0 157.0
49 35 53.0 82.0
48 28 126.0 2.0
44 42 65.0 3.0
3 1 118.0 24.0
49 37 137.0 40.0
48 43 91.0 151.0
48 37 193.0 87.0
41 47 37.0 93.0
13 42 75.0 42.0
42 40 143.0 153.0
44 43 61.0 160.0
35 5 47.0 179.0
0
