53 1378 49 3 177247
42 48 55.0 11.0
26 37 13.0 74.0
46 45 97.0 73.0
12 24 38.0 196.0
24 51 139.0 97.0
41 23 195.0 197.0
26 35 138.0 111.0
44 45 8.0 40.0
39 22 190.0 15.0
37 32 93.0 3.0
23 45 179.0 142.0
2 13 194.0 17.0
6 9 194.0 133.0
47 51 68.0 189.0
32 46 157.0 6.0
37 15 31.0 117.0
36 42 50.0 174.0
52 1 16.0 95.0
46 12 51.0 147.0
6 16 21.0 197.0
9 49 172.0 168.0
25 17 196.0 192.0
10 44 155.0 153.0
5 38 153.0 139.0
26 48 81.0 3.0
48 11 152.0 49.0
1 15 170.0 155.0
9 19 0.0 143.0
46 10 199.0 173.0
6 29 79.0 195.0
51 25 66.0 186.0
9 11 28.0 171.0
5 36 81.0 109.0
25 19 67.0 185.0
12 34 173.0 189.0
52 43 80.0 174.0
32 45 169.0 79.0
20 40 85.0 48.0
43 36 0.0 103.0
47 50 150.0 180.0
11 37 180.0 183.0
34 5 61.0 47.0
38 15 155.0 34.0
4 5 20.0 35.0
49 25 28.0 189.0
11 47 18.0 65.0
30 20 136.0 170.0
48 50 101.0 38.0
33 18 98.0 81.0
22 45 101.0 111.0
6 46 93.0 56.0
30 5 69.0 65.0
8 20 51.0 49.0
13 20 20.0 21.0
19 5 134.0 108.0
33 11 192.0 36.0
28 25 112.0 42.0
17 38 170.0 13.0
9 31 108.0 63.0
14 44 24.0 178.0
42 18 132.0 27.0
17 26 81.0 105.0
9 33 39.0 167.0
4 7 33.0 183.0
47 33 175.0 145.0
49 34 133.0 145.0
2 10 197.0 41.0
32 41 178.0 173.0
38 1 197.0 62.0
6 10 193.0 30.0
22 18 45.0 185.0
19 11 178.0 79.0
23 19 28.0 153.0
32 52 19.0 161.0
8 1 5.0 16.0
4 9 29.0 183.0
19 15 47.0 26.0
24 7 146.0 41.0
4 50 111.0 144.0
39 31 92.0 89.0
28 1 86.0 121.0
52 37 8.0 105.0
16 21 164.0 13.0
39 19 62.0 145.0
7 2 112.0 110.0
50 2 138.0 11.0
6 11 75.0 49.0
7 1 81.0 120.0
1 27 81.0 168.0
42 14 113.0 41.0
34 30 67.0 29.0
27 15 54.0 82.0
5 40 31.0 167.0
41 15 128.0 121.0
12 2 167.0 155.0
2 32 50.0 48.0
37 38 96.0 131.0
52 40 45.0 161.0
6 3 190.0 113.0
52 10 119.0 44.0
49 36 90.0 102.0
50 38 130.0 170.0
10 4 112.0 97.0
13 3 125.0 162.0
40 45 164.0 173.0
31 46 51.0 10.0
30 4 97.0 41.0
45 31 65.0 16.0
45 5 47.0 155.0
42 21 40.0 129.0
5 9 59.0 152.0
24 5 47.0 137.0
49 33 32.0 12.0
5 1 25.0 35.0
36 33 71.0 122.0
10 51 172.0 136.0
2 3 102.0 19.0
23 7 74.0 94.0
28 12 109.0 134.0
16 50 127.0 108.0
8 12 82.0 159.0
44 33 143.0 60.0
2 8 42.0 14.0
42 33 185.0 15.0
14 53 113.0 39.0
38 30 119.0 188.0
41 3 99.0 180.0
52 6 182.0 26.0
6 12 8.0 17.0
29 53 59.0 103.0
43 33 92.0 54.0
44 19 14.0 30.0
50 43 199.0 127.0
12 1 190.0 70.0
1 13 38.0 90.0
50 23 157.0 173.0
19 12 42.0 117.0
9 8 38.0 53.0
44 30 111.0 131.0
48 41 40.0 125.0
9 36 89.0 39.0
34 29 14.0 32.0
20 45 156.0 4.0
14 27 100.0 66.0
17 49 146.0 142.0
28 27 47.0 137.0
35 5 136.0 159.0
45 47 67.0 176.0
8 36 66.0 109.0
1 17 141.0 32.0
43 45 109.0 97.0
51 22 93.0 10.0
18 28 55.0 40.0
33 15 156.0 103.0
19 30 82.0 92.0
2 1 196.0 149.0
15 47 111.0 14.0
4 13 118.0 52.0
1 10 56.0 28.0
49 19 68.0 150.0
3 12 43.0 76.0
24 15 20.0 151.0
16 1 147.0 54.0
20 17 98.0 143.0
3 7 69.0 161.0
18 8 142.0 140.0
14 20 37.0 150.0
8 10 52.0 58.0
47 6 17.0 47.0
52 31 10.0 189.0
50 45 56.0 109.0
9 3 117.0 154.0
43 12 70.0 186.0
51 3 102.0 164.0
1 31 156.0 91.0
16 20 113.0 161.0
6 8 148.0 131.0
27 52 152.0 110.0
14 4 67.0 161.0
26 45 139.0 184.0
35 37 169.0 161.0
19 48 47.0 71.0
3 5 159.0 4.0
7 19 148.0 24.0
14 22 36.0 48.0
53 2 96.0 141.0
25 38 108.0 163.0
8 16 57.0 199.0
31 13 70.0 26.0
7 32 78.0 118.0
40 19 29.0 189.0
16 48 116.0 177.0
48 15 149.0 105.0
48 47 20.0 197.0
10 35 21.0 80.0
29 26 129.0 30.0
14 5 79.0 199.0
16 38 72.0 157.0
3 22 134.0 101.0
16 40 34.0 3.0
8 5 98.0 136.0
24 8 158.0 70.0
22 17 105.0 131.0
21 45 22.0 34.0
29 16 78.0 101.0
53 41 151.0 102.0
9 18 174.0 37.0
4 3 147.0 9.0
33 27 158.0 45.0
13 53 28.0 116.0
48 53 151.0 134.0
23 12 181.0 125.0
6 7 66.0 11.0
2 17 50.0 17.0
50 49 7.0 24.0
31 28 99.0 154.0
1 24 65.0 58.0
23 48 189.0 45.0
26 3 88.0 92.0
16 2 110.0 21.0
5 10 135.0 176.0
12 7 166.0 185.0
29 39 199.0 173.0
13 23 30.0 98.0
46 28 51.0 47.0
23 31 113.0 192.0
1 9 28.0 154.0
44 24 48.0 138.0
46 51 57.0 135.0
30 29 164.0 23.0
8 7 182.0 115.0
22 26 59.0 164.0
53 23 109.0 110.0
33 30 32.0 175.0
31 7 39.0 60.0
30 22 64.0 39.0
51 12 182.0 122.0
5 13 187.0 98.0
3 17 74.0 121.0
6 5 102.0 85.0
2 15 105.0 164.0
23 11 189.0 89.0
5 11 124.0 180.0
44 17 21.0 141.0
28 9 51.0 155.0
24 37 110.0 190.0
7 10 0.0 136.0
38 48 47.0 54.0
41 47 20.0 104.0
11 1 81.0 9.0
35 53 51.0 6.0
16 49 165.0 25.0
4 49 26.0 168.0
18 2 158.0 89.0
32 10 19.0 158.0
4 34 17.0 66.0
8 4 45.0 38.0
25 21 68.0 126.0
20 10 7.0 119.0
5 12 49.0 172.0
8 27 167.0 28.0
53 36 72.0 126.0
16 5 190.0 91.0
35 19 33.0 159.0
30 18 52.0 78.0
18 47 42.0 120.0
2 6 176.0 50.0
51 43 165.0 26.0
49 51 117.0 132.0
3 18 65.0 189.0
13 7 144.0 7.0
28 16 173.0 129.0
12 53 17.0 25.0
47 35 109.0 60.0
20 53 24.0 85.0
21 20 103.0 189.0
19 2 144.0 21.0
34 47 179.0 162.0
36 28 136.0 76.0
22 35 157.0 109.0
35 20 185.0 174.0
19 3 120.0 46.0
21 7 133.0 144.0
27 6 168.0 36.0
49 46 44.0 65.0
40 6 167.0 176.0
3 8 189.0 103.0
15 14 78.0 146.0
33 23 187.0 15.0
13 47 155.0 59.0
1 49 44.0 40.0
11 2 153.0 164.0
7 34 162.0 150.0
18 6 157.0 81.0
39 14 91.0 146.0
6 45 105.0 122.0
14 8 175.0 44.0
9 12 48.0 83.0
26 27 52.0 44.0
41 34 143.0 6.0
10 11 150.0 105.0
31 2 164.0 59.0
47 39 82.0 55.0
30 42 70.0 139.0
29 23 170.0 197.0
5 15 98.0 18.0
28 49 108.0 151.0
29 40 164.0 51.0
12 50 99.0 115.0
7 14 28.0 63.0
15 7 85.0 110.0
18 35 19.0 107.0
4 52 73.0 189.0
52 11 141.0 171.0
38 44 195.0 50.0
30 50 144.0 160.0
46 25 162.0 195.0
1 43 189.0 190.0
40 11 33.0 75.0
25 11 135.0 52.0
7 9 177.0 160.0
7 25 21.0 118.0
15 21 86.0 168.0
14 2 136.0 182.0
30 51 13.0 51.0
40 33 21.0 2.0
23 22 148.0 54.0
12 25 155.0 35.0
42 41 51.0 132.0
12 29 134.0 24.0
49 10 97.0 172.0
15 50 133.0 186.0
26 12 25.0 98.0
44 47 28.0 47.0
48 14 150.0 176.0
39 17 11.0 105.0
7 5 40.0 15.0
38 28 68.0 126.0
16 37 58.0 166.0
6 13 91.0 143.0
16 44 123.0 116.0
37 1 127.0 152.0
15 46 81.0 77.0
9 40 156.0 44.0
28 37 22.0 196.0
44 46 35.0 90.0
20 2 132.0 45.0
30 47 53.0 23.0
16 7 27.0 177.0
8 17 128.0 154.0
41 24 158.0 9.0
6 17 148.0 66.0
52 35 68.0 170.0
27 39 16.0 55.0
12 20 181.0 148.0
45 53 175.0 35.0
38 31 173.0 2.0
4 17 110.0 101.0
28 2 67.0 20.0
38 7 37.0 167.0
41 26 144.0 57.0
12 39 123.0 160.0
3 15 63.0 104.0
2 43 197.0 38.0
52 53 156.0 171.0
4 44 49.0 67.0
46 35 107.0 68.0
20 26 132.0 96.0
51 36 27.0 76.0
21 35 87.0 150.0
37 10 31.0 150.0
31 47 10.0 29.0
25 2 136.0 166.0
21 1 15.0 137.0
40 1 55.0 74.0
26 4 119.0 188.0
39 33 141.0 147.0
47 52 5.0 28.0
8 22 59.0 37.0
12 4 154.0 69.0
13 8 146.0 42.0
41 9 198.0 114.0
41 49 132.0 5.0
53 24 34.0 51.0
5 2 119.0 175.0
11 3 56.0 76.0
33 51 155.0 115.0
3 10 101.0 61.0
45 3 145.0 0.0
43 14 174.0 95.0
9 16 165.0 106.0
40 13 160.0 0.0
11 13 108.0 31.0
11 7 120.0 116.0
15 10 104.0 28.0
39 11 92.0 158.0
13 44 29.0 189.0
3 14 30.0 155.0
16 3 135.0 196.0
1 34 31.0 95.0
6 43 158.0 91.0
22 47 158.0 79.0
6 15 112.0 15.0
5 18 94.0 156.0
4 37 11.0 75.0
28 32 119.0 193.0
40 27 119.0 54.0
4 18 165.0 150.0
2 22 165.0 75.0
7 52 192.0 75.0
38 10 114.0 56.0
44 36 98.0 160.0
19 33 141.0 61.0
43 29 167.0 13.0
34 13 190.0 86.0
24 29 100.0 155.0
7 18 135.0 17.0
12 22 102.0 80.0
20 6 199.0 168.0
34 52 60.0 49.0
18 1 38.0 154.0
4 15 18.0 5.0
19 8 59.0 8.0
10 17 15.0 160.0
13 26 35.0 103.0
47 25 158.0 137.0
12 10 21.0 157.0
5 29 6.0 33.0
13 10 187.0 45.0
13 43 45.0 158.0
13 15 127.0 56.0
47 49 28.0 95.0
22 19 120.0 63.0
43 37 52.0 30.0
43 53 101.0 25.0
8 29 15.0 107.0
1 4 9.0 155.0
24 46 49.0 6.0
7 50 113.0 177.0
46 1 81.0 141.0
2 21 155.0 153.0
39 36 71.0 159.0
35 14 117.0 172.0
23 1 98.0 85.0
22 7 91.0 59.0
31 49 136.0 141.0
25 32 15.0 50.0
21 3 68.0 96.0
33 26 161.0 23.0
8 23 157.0 184.0
16 4 67.0 74.0
24 28 77.0 118.0
25 1 8.0 169.0
26 1 179.0 145.0
22 6 178.0 194.0
4 19 190.0 46.0
32 42 77.0 103.0
43 19 75.0 34.0
22 28 42.0 142.0
3 20 75.0 71.0
46 52 137.0 84.0
31 42 138.0 116.0
20 46 18.0 68.0
5 23 195.0 9.0
34 21 43.0 72.0
39 13 5.0 70.0
41 45 91.0 47.0
22 4 15.0 166.0
12 11 118.0 104.0
7 33 63.0 8.0
11 4 186.0 82.0
31 17 183.0 181.0
37 48 164.0 178.0
7 20 31.0 169.0
43 28 37.0 122.0
4 21 103.0 4.0
6 53 131.0 173.0
32 40 114.0 194.0
20 4 58.0 52.0
23 47 179.0 193.0
41 37 56.0 143.0
9 14 136.0 88.0
32 24 73.0 173.0
32 30 151.0 129.0
29 48 23.0 82.0
19 1 103.0 89.0
8 11 24.0 114.0
51 41 120.0 3.0
25 35 154.0 176.0
3 25 44.0 90.0
11 34 134.0 70.0
42 12 40.0 85.0
23 6 146.0 63.0
26 14 149.0 1.0
27 2 175.0 125.0
18 20 110.0 95.0
9 13 38.0 64.0
6 24 171.0 83.0
36 52 173.0 105.0
12 16 61.0 13.0
53 33 58.0 7.0
11 17 181.0 159.0
2 9 155.0 108.0
28 23 41.0 65.0
20 44 18.0 32.0
14 41 64.0 189.0
18 13 76.0 189.0
43 48 4.0 137.0
20 5 69.0 63.0
16 30 38.0 2.0
17 21 25.0 194.0
22 11 44.0 19.0
20 1 82.0 14.0
32 11 138.0 146.0
1 22 193.0 166.0
2 26 177.0 197.0
1 35 162.0 199.0
44 1 46.0 1.0
14 12 81.0 72.0
26 38 100.0 125.0
50 34 60.0 182.0
23 18 99.0 150.0
21 6 10.0 44.0
44 35 124.0 140.0
17 13 193.0 86.0
45 29 108.0 191.0
44 21 41.0 190.0
37 45 48.0 141.0
24 3 55.0 60.0
21 5 125.0 154.0
31 41 50.0 87.0
2 38 150.0 126.0
3 27 163.0 95.0
38 47 86.0 23.0
10 21 8.0 79.0
39 23 40.0 9.0
42 27 4.0 96.0
25 42 62.0 129.0
11 15 97.0 64.0
9 17 19.0 47.0
10 9 159.0 182.0
1 30 82.0 45.0
3 47 52.0 91.0
10 19 97.0 44.0
49 22 57.0 102.0
11 18 96.0 72.0
13 16 149.0 145.0
14 10 186.0 168.0
19 6 18.0 145.0
14 47 30.0 53.0
40 47 69.0 34.0
3 28 21.0 118.0
4 24 114.0 31.0
9 21 4.0 162.0
15 8 22.0 105.0
14 36 89.0 160.0
2 23 139.0 60.0
17 15 171.0 169.0
25 10 61.0 192.0
52 13 6.0 34.0
25 27 135.0 121.0
12 13 64.0 92.0
51 42 146.0 38.0
4 42 54.0 188.0
23 30 160.0 193.0
8 31 130.0 84.0
25 4 58.0 191.0
25 5 175.0 64.0
9 23 67.0 62.0
18 16 20.0 131.0
37 25 79.0 118.0
45 4 129.0 85.0
11 21 75.0 42.0
29 3 169.0 5.0
32 35 198.0 179.0
49 48 25.0 173.0
50 13 10.0 92.0
29 42 198.0 182.0
45 10 19.0 77.0
14 17 169.0 100.0
39 50 91.0 45.0
14 11 79.0 12.0
22 25 133.0 29.0
12 15 72.0 158.0
5 26 83.0 34.0
23 14 76.0 81.0
2 30 27.0 47.0
19 14 170.0 197.0
31 30 167.0 62.0
18 10 51.0 198.0
41 16 157.0 136.0
4 41 74.0 29.0
2 40 179.0 110.0
53 19 147.0 56.0
46 23 31.0 127.0
36 2 102.0 153.0
31 25 66.0 21.0
41 19 12.0 70.0
13 19 83.0 169.0
39 45 102.0 109.0
11 16 148.0 81.0
16 17 169.0 47.0
39 24 4.0 152.0
18 12 168.0 58.0
33 1 19.0 35.0
42 35 152.0 31.0
32 21 116.0 187.0
10 22 171.0 170.0
32 3 31.0 71.0
39 48 142.0 152.0
5 28 95.0 147.0
16 36 139.0 64.0
15 9 39.0 158.0
21 41 19.0 144.0
17 12 99.0 88.0
35 8 97.0 22.0
10 47 60.0 80.0
2 24 8.0 2.0
26 7 155.0 104.0
10 24 96.0 94.0
38 49 127.0 87.0
15 32 38.0 98.0
1 14 95.0 89.0
30 3 163.0 144.0
7 17 72.0 23.0
36 40 3.0 32.0
18 52 138.0 111.0
9 25 179.0 186.0
17 47 155.0 106.0
26 8 124.0 146.0
28 40 92.0 172.0
24 34 7.0 56.0
16 35 7.0 79.0
28 4 89.0 11.0
29 4 9.0 179.0
50 17 41.0 140.0
10 23 1.0 197.0
13 33 147.0 78.0
19 34 133.0 192.0
14 45 68.0 141.0
26 28 41.0 75.0
26 9 189.0 130.0
30 6 192.0 198.0
23 4 171.0 33.0
7 39 93.0 125.0
26 10 112.0 41.0
51 4 179.0 197.0
48 25 16.0 47.0
53 4 51.0 57.0
22 13 74.0 40.0
15 16 180.0 18.0
41 30 18.0 152.0
48 30 167.0 112.0
47 8 141.0 31.0
34 3 27.0 120.0
9 22 134.0 195.0
45 27 4.0 186.0
49 14 97.0 30.0
13 21 50.0 78.0
25 29 142.0 20.0
37 22 195.0 109.0
7 27 183.0 136.0
14 21 193.0 162.0
30 26 19.0 128.0
52 14 11.0 176.0
27 38 165.0 109.0
33 8 163.0 15.0
15 49 84.0 105.0
31 6 166.0 79.0
34 15 181.0 101.0
3 23 0.0 175.0
32 5 41.0 171.0
31 14 165.0 52.0
28 7 113.0 131.0
11 45 77.0 76.0
19 45 63.0 161.0
32 38 7.0 29.0
52 28 135.0 140.0
33 3 176.0 135.0
34 44 91.0 17.0
5 22 160.0 9.0
6 26 140.0 25.0
15 20 29.0 17.0
11 24 85.0 44.0
25 41 35.0 92.0
33 2 158.0 170.0
19 27 71.0 134.0
34 2 169.0 162.0
50 3 13.0 81.0
25 8 6.0 105.0
8 21 97.0 187.0
53 46 81.0 183.0
29 7 163.0 116.0
35 2 113.0 73.0
45 51 11.0 136.0
27 10 142.0 132.0
28 6 37.0 155.0
33 4 136.0 195.0
35 4 46.0 33.0
9 24 21.0 127.0
25 6 160.0 137.0
31 18 82.0 73.0
47 29 34.0 93.0
16 10 34.0 176.0
2 29 16.0 71.0
1 36 137.0 104.0
27 11 167.0 183.0
12 27 6.0 188.0
10 28 45.0 166.0
36 3 58.0 127.0
42 9 165.0 45.0
23 15 141.0 199.0
4 31 106.0 157.0
31 3 91.0 43.0
27 16 112.0 58.0
35 3 51.0 118.0
18 25 164.0 96.0
6 41 134.0 175.0
28 53 193.0 100.0
2 37 3.0 134.0
47 19 12.0 109.0
1 42 110.0 104.0
10 29 28.0 175.0
39 35 142.0 80.0
38 29 111.0 106.0
17 51 99.0 198.0
28 11 151.0 44.0
30 8 120.0 154.0
30 9 181.0 132.0
1 29 108.0 44.0
39 1 168.0 136.0
52 26 99.0 62.0
19 16 1.0 162.0
27 9 112.0 100.0
22 42 56.0 63.0
32 9 1.0 176.0
12 37 9.0 134.0
29 11 56.0 69.0
27 5 166.0 176.0
16 24 23.0 65.0
7 45 114.0 24.0
12 21 198.0 178.0
37 3 97.0 54.0
48 12 99.0 50.0
21 19 196.0 108.0
48 46 64.0 52.0
14 24 60.0 182.0
2 4 179.0 35.0
28 8 119.0 46.0
20 9 157.0 117.0
6 32 180.0 6.0
17 5 53.0 31.0
33 41 108.0 49.0
33 52 107.0 172.0
3 40 53.0 167.0
40 15 85.0 185.0
37 5 150.0 4.0
24 13 25.0 60.0
1 45 56.0 158.0
4 36 20.0 110.0
13 28 101.0 128.0
39 2 199.0 8.0
11 26 66.0 4.0
13 14 97.0 103.0
13 25 180.0 48.0
30 10 84.0 157.0
6 35 105.0 140.0
16 25 186.0 125.0
15 18 79.0 87.0
30 15 17.0 78.0
26 36 59.0 35.0
40 21 148.0 156.0
17 23 37.0 128.0
24 31 47.0 121.0
7 30 58.0 152.0
17 19 130.0 44.0
18 14 93.0 9.0
21 24 108.0 63.0
14 16 49.0 167.0
21 18 92.0 198.0
12 30 152.0 81.0
34 6 118.0 199.0
27 13 32.0 176.0
49 13 121.0 162.0
25 14 189.0 167.0
35 31 35.0 97.0
18 19 22.0 85.0
40 23 27.0 66.0
47 26 126.0 180.0
39 3 118.0 44.0
10 42 73.0 102.0
6 1 50.0 195.0
32 4 101.0 39.0
31 10 24.0 89.0
38 3 148.0 46.0
8 32 170.0 175.0
1 41 115.0 48.0
16 23 26.0 186.0
16 45 10.0 100.0
38 4 196.0 13.0
44 7 153.0 50.0
42 19 197.0 177.0
19 36 74.0 97.0
37 6 54.0 196.0
6 33 171.0 169.0
51 37 106.0 150.0
8 48 53.0 69.0
13 30 58.0 1.0
9 34 131.0 11.0
50 6 159.0 129.0
21 23 109.0 185.0
2 48 136.0 163.0
9 35 68.0 107.0
4 27 188.0 127.0
53 26 156.0 193.0
6 36 20.0 166.0
23 25 45.0 152.0
22 16 138.0 4.0
52 5 15.0 48.0
52 44 151.0 151.0
10 40 41.0 171.0
46 40 31.0 181.0
44 53 132.0 140.0
44 5 176.0 105.0
24 17 106.0 21.0
29 9 53.0 44.0
29 13 92.0 20.0
22 21 56.0 195.0
34 22 58.0 97.0
26 15 119.0 89.0
13 45 184.0 4.0
24 20 76.0 160.0
26 16 160.0 182.0
29 46 80.0 165.0
29 15 79.0 124.0
34 10 147.0 135.0
40 50 158.0 5.0
4 39 174.0 30.0
20 22 68.0 110.0
7 37 13.0 144.0
18 27 116.0 173.0
27 17 128.0 196.0
44 8 138.0 7.0
5 39 181.0 85.0
14 30 95.0 139.0
31 33 22.0 21.0
18 26 2.0 91.0
33 29 6.0 15.0
52 17 75.0 123.0
36 41 59.0 155.0
23 20 135.0 197.0
51 1 88.0 116.0
22 52 72.0 183.0
39 6 85.0 94.0
40 25 90.0 39.0
33 50 95.0 49.0
19 26 178.0 170.0
28 15 139.0 38.0
45 24 47.0 75.0
38 6 4.0 87.0
43 4 129.0 76.0
31 11 116.0 166.0
37 9 137.0 7.0
45 2 112.0 184.0
14 28 127.0 42.0
22 15 22.0 19.0
39 25 146.0 22.0
41 5 141.0 151.0
44 2 112.0 22.0
16 31 115.0 29.0
24 18 62.0 52.0
34 8 80.0 174.0
32 12 127.0 159.0
27 32 173.0 149.0
35 36 166.0 119.0
24 22 165.0 107.0
44 29 104.0 78.0
18 50 118.0 19.0
51 32 195.0 132.0
53 22 108.0 75.0
34 23 28.0 35.0
34 45 141.0 1.0
3 43 141.0 107.0
8 38 193.0 59.0
17 29 20.0 49.0
53 37 195.0 139.0
47 7 58.0 190.0
19 20 109.0 118.0
2 41 168.0 137.0
46 33 151.0 110.0
17 48 1.0 45.0
40 7 135.0 146.0
28 19 141.0 156.0
8 37 62.0 136.0
45 30 104.0 72.0
38 36 98.0 13.0
35 12 139.0 19.0
7 35 99.0 43.0
36 12 138.0 52.0
40 26 89.0 26.0
47 1 164.0 30.0
15 31 155.0 178.0
7 36 91.0 60.0
18 38 193.0 141.0
39 28 64.0 84.0
12 33 44.0 115.0
48 22 63.0 134.0
28 17 66.0 104.0
32 20 179.0 182.0
15 45 0.0 135.0
21 27 10.0 43.0
46 39 148.0 3.0
14 29 91.0 165.0
13 32 135.0 87.0
20 25 119.0 150.0
21 26 180.0 137.0
38 34 146.0 160.0
3 42 49.0 146.0
5 33 118.0 60.0
18 44 176.0 67.0
44 3 71.0 19.0
40 8 113.0 6.0
39 8 14.0 184.0
43 20 9.0 194.0
32 34 81.0 107.0
43 5 99.0 82.0
44 32 122.0 18.0
20 27 13.0 51.0
51 21 133.0 84.0
31 12 9.0 198.0
15 51 18.0 23.0
41 8 2.0 179.0
53 5 181.0 83.0
49 53 87.0 81.0
17 32 122.0 162.0
50 53 109.0 136.0
20 31 116.0 194.0
21 31 70.0 125.0
28 35 185.0 40.0
23 24 98.0 187.0
42 16 150.0 79.0
15 42 105.0 190.0
2 42 155.0 28.0
38 9 104.0 16.0
36 11 55.0 173.0
17 30 132.0 77.0
19 31 173.0 117.0
37 18 148.0 23.0
33 10 124.0 51.0
9 39 34.0 30.0
43 7 166.0 142.0
42 5 14.0 22.0
31 40 125.0 22.0
49 42 197.0 57.0
33 16 11.0 122.0
46 4 166.0 112.0
29 18 70.0 91.0
1 48 53.0 57.0
53 38 57.0 171.0
2 46 31.0 23.0
44 23 35.0 156.0
28 20 18.0 184.0
11 35 27.0 30.0
27 22 106.0 194.0
46 5 13.0 177.0
21 48 41.0 18.0
3 46 94.0 98.0
29 20 75.0 125.0
34 17 120.0 110.0
24 26 196.0 138.0
28 21 11.0 24.0
37 20 119.0 118.0
26 23 117.0 84.0
53 42 18.0 158.0
14 46 130.0 112.0
18 17 104.0 5.0
26 25 128.0 24.0
12 38 171.0 124.0
36 13 98.0 134.0
40 4 29.0 169.0
32 18 84.0 146.0
44 42 152.0 54.0
30 11 98.0 82.0
34 14 85.0 2.0
20 11 174.0 13.0
42 6 129.0 97.0
3 49 60.0 179.0
48 31 39.0 90.0
25 24 111.0 124.0
52 21 109.0 15.0
50 1 110.0 7.0
17 33 148.0 195.0
43 8 187.0 122.0
43 9 40.0 68.0
13 38 87.0 100.0
43 10 152.0 126.0
51 28 24.0 15.0
49 23 134.0 85.0
37 13 25.0 45.0
36 15 148.0 174.0
8 42 155.0 135.0
40 22 119.0 195.0
2 49 152.0 158.0
13 35 73.0 56.0
19 29 124.0 97.0
24 52 143.0 10.0
21 30 34.0 169.0
51 16 105.0 182.0
48 3 59.0 60.0
44 28 28.0 178.0
10 41 148.0 181.0
15 25 164.0 21.0
19 32 172.0 40.0
11 41 32.0 116.0
23 32 58.0 67.0
47 2 75.0 163.0
7 42 48.0 87.0
17 36 140.0 76.0
37 14 79.0 89.0
44 11 12.0 195.0
48 4 138.0 185.0
44 6 143.0 122.0
43 11 174.0 1.0
35 17 166.0 1.0
53 1 25.0 14.0
40 18 164.0 166.0
41 12 99.0 195.0
14 40 2.0 63.0
25 33 62.0 92.0
42 23 143.0 158.0
2 51 99.0 69.0
47 5 71.0 17.0
4 6 121.0 97.0
34 16 78.0 85.0
13 41 195.0 129.0
8 46 199.0 150.0
35 49 94.0 14.0
46 7 14.0 190.0
9 45 15.0 65.0
48 7 98.0 87.0
20 34 196.0 19.0
17 37 29.0 74.0
45 38 112.0 24.0
22 29 189.0 111.0
18 34 26.0 35.0
5 48 37.0 192.0
12 40 23.0 52.0
41 39 15.0 121.0
44 9 82.0 12.0
42 17 87.0 63.0
27 24 38.0 151.0
47 4 31.0 179.0
52 3 94.0 58.0
39 10 85.0 131.0
20 33 105.0 108.0
12 44 158.0 73.0
22 32 177.0 193.0
51 26 13.0 64.0
18 36 159.0 3.0
29 21 123.0 190.0
30 25 45.0 17.0
44 40 63.0 130.0
42 13 167.0 169.0
27 30 151.0 77.0
15 39 2.0 128.0
35 15 175.0 168.0
50 14 96.0 134.0
24 33 7.0 171.0
39 16 80.0 52.0
24 30 29.0 144.0
20 36 49.0 148.0
31 22 138.0 0.0
23 27 127.0 92.0
32 16 91.0 103.0
11 42 90.0 187.0
28 29 96.0 97.0
52 2 93.0 176.0
27 31 7.0 122.0
3 53 196.0 8.0
9 46 97.0 134.0
5 49 20.0 25.0
49 7 23.0 111.0
43 49 40.0 113.0
20 50 12.0 136.0
6 48 146.0 105.0
49 8 74.0 154.0
30 36 51.0 71.0
50 9 117.0 149.0
31 26 176.0 137.0
36 22 27.0 151.0
17 40 163.0 67.0
45 8 91.0 175.0
23 36 109.0 189.0
50 28 62.0 135.0
21 33 85.0 113.0
21 36 52.0 3.0
8 51 146.0 180.0
35 48 143.0 174.0
43 16 128.0 106.0
37 21 121.0 171.0
51 6 173.0 182.0
44 15 66.0 187.0
50 41 144.0 152.0
9 47 7.0 196.0
28 30 140.0 154.0
15 43 162.0 36.0
33 35 174.0 90.0
20 38 89.0 47.0
20 39 183.0 14.0
51 38 127.0 50.0
39 21 25.0 71.0
36 25 12.0 32.0
50 11 161.0 105.0
48 9 44.0 123.0
24 35 163.0 18.0
12 45 3.0 53.0
13 46 98.0 186.0
48 10 179.0 177.0
50 8 107.0 4.0
30 53 120.0 72.0
21 38 97.0 82.0
53 7 105.0 93.0
52 8 151.0 69.0
51 9 129.0 106.0
19 37 18.0 180.0
41 17 80.0 149.0
34 48 34.0 139.0
38 24 173.0 154.0
34 28 58.0 22.0
10 36 69.0 164.0
43 41 110.0 21.0
19 38 104.0 39.0
24 42 158.0 75.0
19 51 143.0 38.0
18 41 176.0 177.0
14 38 177.0 101.0
26 34 170.0 188.0
11 46 171.0 191.0
24 36 100.0 33.0
41 28 64.0 156.0
34 25 77.0 22.0
36 27 90.0 20.0
35 23 131.0 18.0
52 9 105.0 108.0
11 38 138.0 27.0
13 48 41.0 61.0
45 18 75.0 141.0
50 5 68.0 139.0
12 47 89.0 98.0
33 28 68.0 131.0
16 47 101.0 199.0
27 37 167.0 158.0
37 23 61.0 57.0
46 16 186.0 102.0
35 30 141.0 13.0
32 29 127.0 10.0
53 9 97.0 169.0
32 14 198.0 166.0
30 39 174.0 99.0
43 18 86.0 93.0
49 12 150.0 99.0
11 51 194.0 136.0
53 10 195.0 136.0
41 20 26.0 75.0
29 36 136.0 75.0
46 19 2.0 135.0
48 40 88.0 129.0
43 24 190.0 126.0
32 53 2.0 140.0
29 27 80.0 196.0
23 38 138.0 76.0
20 42 140.0 164.0
43 23 99.0 29.0
48 18 144.0 102.0
51 53 146.0 184.0
43 22 82.0 89.0
20 52 19.0 36.0
11 49 189.0 100.0
31 32 52.0 127.0
33 34 34.0 192.0
25 43 68.0 133.0
22 33 40.0 12.0
51 7 128.0 138.0
31 29 100.0 162.0
18 49 67.0 71.0
22 46 53.0 57.0
26 42 186.0 57.0
35 34 63.0 20.0
20 51 65.0 131.0
52 12 64.0 105.0
53 11 55.0 192.0
34 31 184.0 155.0
13 51 41.0 51.0
47 20 105.0 47.0
16 52 25.0 92.0
52 15 34.0 88.0
24 50 160.0 99.0
37 29 109.0 176.0
51 48 78.0 164.0
39 26 132.0 14.0
38 22 152.0 173.0
25 45 75.0 57.0
44 25 183.0 52.0
31 36 32.0 17.0
29 35 177.0 144.0
41 27 176.0 87.0
43 17 67.0 54.0
7 41 125.0 199.0
41 29 117.0 77.0
30 43 70.0 145.0
43 26 154.0 53.0
31 37 1.0 186.0
44 26 164.0 131.0
28 42 44.0 140.0
19 50 48.0 63.0
24 48 54.0 173.0
27 34 131.0 124.0
18 51 181.0 1.0
45 17 156.0 135.0
50 42 121.0 110.0
37 33 8.0 85.0
36 34 88.0 4.0
16 53 139.0 89.0
53 15 19.0 146.0
36 32 10.0 103.0
43 27 109.0 191.0
52 19 45.0 18.0
53 8 4.0 119.0
30 40 188.0 164.0
53 18 106.0 28.0
49 6 20.0 45.0
43 21 101.0 191.0
24 40 8.0 111.0
41 22 14.0 70.0
38 33 179.0 12.0
53 17 145.0 183.0
49 20 21.0 133.0
31 43 6.0 127.0
32 39 163.0 178.0
21 50 186.0 16.0
22 44 167.0 146.0
49 27 161.0 134.0
26 46 176.0 92.0
43 34 68.0 73.0
51 27 147.0 90.0
38 35 103.0 153.0
48 20 67.0 18.0
31 51 70.0 5.0
36 37 46.0 38.0
27 46 176.0 159.0
40 35 51.0 105.0
24 49 7.0 119.0
25 50 161.0 154.0
36 46 129.0 64.0
46 21 149.0 148.0
47 27 133.0 20.0
23 52 177.0 131.0
53 21 4.0 153.0
39 38 173.0 55.0
40 34 78.0 180.0
28 45 171.0 39.0
36 47 41.0 52.0
17 46 61.0 142.0
34 42 115.0 146.0
48 28 58.0 92.0
29 50 60.0 14.0
32 43 197.0 33.0
21 47 188.0 27.0
35 27 101.0 159.0
35 41 114.0 142.0
40 38 23.0 175.0
43 35 75.0 138.0
29 49 117.0 86.0
52 25 189.0 130.0
49 37 126.0 139.0
33 45 132.0 114.0
18 46 10.0 33.0
25 53 153.0 125.0
49 26 115.0 176.0
46 34 124.0 142.0
34 39 30.0 194.0
28 47 11.0 172.0
49 30 168.0 137.0
44 37 118.0 53.0
30 46 64.0 81.0
40 42 130.0 169.0
10 50 184.0 45.0
40 41 109.0 61.0
23 51 105.0 92.0
36 45 122.0 116.0
39 44 108.0 43.0
37 42 84.0 27.0
42 39 100.0 100.0
50 26 76.0 30.0
33 48 179.0 13.0
42 38 87.0 41.0
52 30 68.0 144.0
39 37 124.0 142.0
30 37 25.0 184.0
51 29 120.0 61.0
40 43 89.0 20.0
5 31 151.0 118.0
22 50 197.0 82.0
43 46 142.0 36.0
41 44 5.0 162.0
34 53 161.0 81.0
43 42 27.0 138.0
27 48 53.0 147.0
43 38 96.0 142.0
33 32 153.0 199.0
32 48 52.0 103.0
47 37 166.0 146.0
46 37 168.0 171.0
53 31 55.0 82.0
35 50 148.0 34.0
48 45 85.0 1.0
51 35 177.0 133.0
53 27 52.0 130.0
44 48 124.0 56.0
52 42 149.0 90.0
27 44 76.0 69.0
47 42 138.0 83.0
43 47 144.0 38.0
44 43 106.0 181.0
37 40 196.0 35.0
45 35 166.0 0.0
38 41 180.0 43.0
39 52 75.0 81.0
46 41 166.0 104.0
39 51 26.0 56.0
6 14 61.0 122.0
42 46 175.0 167.0
39 53 17.0 171.0
40 53 175.0 183.0
47 32 145.0 155.0
52 38 11.0 172.0
27 50 40.0 130.0
46 38 25.0 18.0
39 18 120.0 87.0
52 49 13.0 95.0
45 49 33.0 30.0
45 52 28.0 160.0
47 24 56.0 125.0
43 39 41.0 19.0
29 52 142.0 34.0
26 32 73.0 167.0
44 51 140.0 146.0
51 5 174.0 105.0
44 50 59.0 159.0
31 50 149.0 87.0
32 49 41.0 5.0
44 49 188.0 34.0
49 21 70.0 82.0
40 49 122.0 95.0
1 3 173.0 14.0
34 51 151.0 99.0
37 50 164.0 11.0
36 50 67.0 113.0
42 45 77.0 108.0
24 19 77.0 17.0
41 52 92.0 147.0
33 14 12.0 166.0
53 47 175.0 185.0
36 48 164.0 126.0
50 52 23.0 128.0
51 40 51.0 90.0
44 31 63.0 80.0
50 46 64.0 140.0
34 37 0.0 156.0
40 39 22.0 13.0
49 39 11.0 149.0
51 50 177.0 127.0
51 14 153.0 153.0
46 47 18.0 156.0
32 1 143.0 81.0
48 52 33.0 7.0
50 32 199.0 33.0
51 52 147.0 173.0
0
