50 1225 34 37 243780
33 11 142.0 40.0
27 49 165.0 45.0
45 48 157.0 191.0
1 43 91.0 10.0
41 37 76.0 11.0
19 17 149.0 172.0
10 18 54.0 152.0
19 23 2.0 190.0
6 7 160.0 145.0
31 41 75.0 78.0
38 20 37.0 184.0
14 45 54.0 80.0
33 45 100.0 82.0
11 5 69.0 1.0
23 6 190.0 75.0
29 16 162.0 192.0
48 38 130.0 75.0
31 6 69.0 5.0
25 42 37.0 107.0
36 40 17.0 43.0
34 26 193.0 69.0
33 21 104.0 14.0
29 41 108.0 46.0
8 39 155.0 70.0
29 48 8.0 37.0
3 43 128.0 29.0
34 37 70.0 118.0
29 12 163.0 39.0
40 11 123.0 109.0
33 24 10.0 27.0
16 24 73.0 118.0
14 42 143.0 180.0
39 18 193.0 103.0
12 34 146.0 121.0
22 40 1.0 168.0
4 8 192.0 165.0
20 27 101.0 115.0
2 45 67.0 112.0
20 31 134.0 92.0
22 23 162.0 78.0
42 32 4.0 155.0
17 27 88.0 150.0
17 21 69.0 89.0
30 5 48.0 13.0
8 5 134.0 149.0
27 12 45.0 1.0
45 44 167.0 131.0
4 5 110.0 129.0
44 37 9.0 114.0
14 17 181.0 97.0
37 38 115.0 2.0
44 18 26.0 163.0
50 13 125.0 160.0
27 14 122.0 122.0
9 4 27.0 89.0
16 22 158.0 137.0
6 1 72.0 167.0
20 18 57.0 5.0
4 3 149.0 172.0
25 38 173.0 127.0
50 38 77.0 50.0
3 23 110.0 199.0
29 42 193.0 137.0
15 27 171.0 151.0
30 21 0.0 196.0
38 2 43.0 57.0
12 30 135.0 145.0
17 23 68.0 61.0
13 14 64.0 97.0
37 50 166.0 127.0
43 17 6.0 159.0
44 13 24.0 177.0
33 26 172.0 177.0
28 35 88.0 15.0
17 11 84.0 175.0
34 39 97.0 104.0
3 5 40.0 161.0
4 39 45.0 6.0
8 16 100.0 51.0
28 31 111.0 76.0
7 4 185.0 83.0
39 50 56.0 25.0
12 1 196.0 140.0
40 48 193.0 93.0
2 8 154.0 33.0
16 1 104.0 151.0
7 5 135.0 156.0
3 12 144.0 46.0
37 31 126.0 129.0
32 5 144.0 182.0
8 26 48.0 93.0
23 37 175.0 41.0
46 25 193.0 81.0
16 33 21.0 49.0
39 7 24.0 156.0
40 3 77.0 169.0
35 1 17.0 156.0
8 41 64.0 162.0
16 6 189.0 112.0
44 6 139.0 116.0
30 48 196.0 84.0
32 34 119.0 17.0
40 24 130.0 96.0
28 16 164.0 160.0
18 17 24.0 181.0
7 46 124.0 40.0
5 1 96.0 113.0
10 33 140.0 187.0
30 22 161.0 136.0
2 5 48.0 32.0
11 4 158.0 178.0
44 39 13.0 122.0
6 2 13.0 37.0
50 29 101.0 137.0
33 3 144.0 149.0
35 39 116.0 84.0
10 24 68.0 29.0
2 11 157.0 116.0
41 47 135.0 115.0
13 4 143.0 148.0
43 37 91.0 156.0
17 46 198.0 145.0
1 47 136.0 142.0
36 30 46.0 4.0
3 34 30.0 114.0
46 31 85.0 139.0
3 9 166.0 20.0
44 20 136.0 109.0
8 19 123.0 179.0
16 27 15.0 73.0
24 19 58.0 104.0
48 9 51.0 56.0
43 22 37.0 81.0
4 24 182.0 74.0
30 47 23.0 148.0
18 9 74.0 111.0
29 43 43.0 197.0
22 24 194.0 11.0
42 16 90.0 4.0
26 11 69.0 141.0
34 25 137.0 58.0
48 33 127.0 71.0
13 2 146.0 102.0
31 16 58.0 173.0
8 23 30.0 53.0
46 15 136.0 176.0
32 31 107.0 26.0
7 9 176.0 176.0
45 36 41.0 65.0
15 1 50.0 120.0
10 23 139.0 197.0
38 23 147.0 149.0
45 3 190.0 129.0
18 7 198.0 78.0
37 8 31.0 57.0
27 37 70.0 160.0
22 28 92.0 64.0
15 35 175.0 143.0
10 41 98.0 114.0
15 16 58.0 197.0
19 28 37.0 0.0
15 2 71.0 187.0
39 48 16.0 55.0
34 16 4.0 39.0
43 6 59.0 48.0
40 42 150.0 34.0
34 2 97.0 49.0
17 49 86.0 156.0
26 9 110.0 123.0
40 14 179.0 134.0
10 5 43.0 196.0
5 38 148.0 199.0
43 48 33.0 159.0
40 45 122.0 184.0
48 36 115.0 172.0
34 31 61.0 2.0
39 28 128.0 171.0
41 6 152.0 59.0
47 6 2.0 147.0
45 47 36.0 151.0
47 13 137.0 70.0
8 1 55.0 11.0
42 34 174.0 171.0
14 24 52.0 35.0
3 10 95.0 132.0
17 42 63.0 47.0
50 48 193.0 65.0
44 19 191.0 182.0
32 3 39.0 128.0
9 41 49.0 47.0
3 11 139.0 175.0
44 14 145.0 191.0
25 26 90.0 192.0
19 43 17.0 105.0
7 10 32.0 163.0
44 46 74.0 176.0
50 5 7.0 66.0
47 14 120.0 8.0
15 3 26.0 59.0
49 3 172.0 123.0
28 17 95.0 63.0
9 21 47.0 65.0
44 31 39.0 31.0
28 10 26.0 65.0
15 32 60.0 185.0
47 44 79.0 132.0
29 44 27.0 105.0
48 32 126.0 199.0
48 15 157.0 174.0
38 40 130.0 156.0
8 9 48.0 121.0
8 11 115.0 74.0
19 10 67.0 127.0
5 13 84.0 146.0
6 3 5.0 111.0
38 14 186.0 83.0
30 8 116.0 143.0
49 2 19.0 199.0
41 21 41.0 67.0
8 42 178.0 156.0
3 35 108.0 45.0
18 2 3.0 193.0
50 7 36.0 160.0
20 45 101.0 22.0
2 16 150.0 17.0
5 9 159.0 169.0
6 13 148.0 152.0
31 10 35.0 126.0
46 24 41.0 143.0
18 37 166.0 196.0
44 10 64.0 155.0
4 28 6.0 117.0
46 38 63.0 156.0
6 29 144.0 174.0
18 28 149.0 45.0
39 22 133.0 184.0
9 10 114.0 126.0
14 1 161.0 32.0
32 38 136.0 178.0
18 48 12.0 143.0
35 50 190.0 75.0
30 3 148.0 86.0
30 32 117.0 98.0
4 35 150.0 2.0
15 29 83.0 16.0
3 1 34.0 196.0
39 25 105.0 170.0
25 14 108.0 69.0
16 45 46.0 98.0
49 38 27.0 195.0
19 46 123.0 96.0
32 1 146.0 25.0
12 7 181.0 181.0
43 28 182.0 167.0
13 3 78.0 39.0
7 3 120.0 186.0
6 10 103.0 118.0
6 9 42.0 82.0
11 32 142.0 118.0
32 44 160.0 40.0
38 22 179.0 93.0
49 11 54.0 113.0
50 3 152.0 132.0
13 22 16.0 24.0
9 44 82.0 71.0
4 6 71.0 76.0
1 19 18.0 13.0
39 6 75.0 130.0
27 24 176.0 6.0
34 22 33.0 31.0
26 14 187.0 137.0
10 8 94.0 155.0
4 12 17.0 176.0
34 6 18.0 40.0
50 4 89.0 188.0
9 20 36.0 116.0
43 25 178.0 13.0
46 47 120.0 163.0
1 9 146.0 59.0
17 16 175.0 192.0
45 22 127.0 145.0
27 36 77.0 97.0
42 38 1.0 167.0
7 36 99.0 38.0
6 5 55.0 29.0
50 43 110.0 128.0
45 38 11.0 8.0
2 4 100.0 138.0
23 34 0.0 179.0
20 29 60.0 77.0
17 47 22.0 61.0
33 2 142.0 73.0
7 2 53.0 197.0
47 28 91.0 116.0
18 25 123.0 54.0
17 4 199.0 24.0
27 6 97.0 151.0
35 30 50.0 109.0
26 21 57.0 72.0
25 49 28.0 199.0
1 50 47.0 34.0
29 1 195.0 90.0
27 45 104.0 71.0
37 46 164.0 55.0
3 8 186.0 61.0
37 21 13.0 36.0
44 12 19.0 71.0
12 23 63.0 47.0
24 34 102.0 62.0
11 7 10.0 49.0
47 21 185.0 114.0
18 22 170.0 149.0
29 14 116.0 108.0
36 46 130.0 130.0
10 2 69.0 149.0
26 48 51.0 132.0
33 46 166.0 153.0
9 11 148.0 128.0
26 45 42.0 133.0
16 35 44.0 164.0
50 24 35.0 160.0
18 3 128.0 117.0
16 5 171.0 149.0
17 34 198.0 22.0
3 17 32.0 116.0
32 45 108.0 180.0
39 16 154.0 151.0
6 8 1.0 150.0
41 11 110.0 188.0
11 1 148.0 190.0
1 20 92.0 119.0
28 44 57.0 91.0
6 12 54.0 41.0
5 22 194.0 162.0
13 8 90.0 148.0
34 1 73.0 43.0
12 8 66.0 184.0
41 27 165.0 14.0
19 37 95.0 9.0
17 2 104.0 104.0
11 47 64.0 110.0
20 25 158.0 58.0
12 9 175.0 0.0
6 15 122.0 0.0
27 35 18.0 140.0
14 2 81.0 135.0
23 1 76.0 176.0
15 8 57.0 132.0
27 43 146.0 73.0
18 35 109.0 56.0
20 2 156.0 36.0
1 22 77.0 31.0
19 2 36.0 47.0
29 34 175.0 117.0
13 10 125.0 52.0
24 35 152.0 135.0
30 9 198.0 98.0
45 5 39.0 59.0
13 46 61.0 196.0
32 28 104.0 90.0
1 38 181.0 92.0
14 5 0.0 156.0
10 4 76.0 78.0
48 14 76.0 180.0
24 29 18.0 74.0
35 34 146.0 57.0
31 4 111.0 159.0
15 5 183.0 168.0
10 12 163.0 116.0
18 4 124.0 115.0
34 44 130.0 152.0
7 33 180.0 158.0
13 35 98.0 150.0
20 8 49.0 196.0
14 8 197.0 112.0
9 33 151.0 132.0
44 49 67.0 114.0
24 30 58.0 191.0
24 45 181.0 140.0
29 49 191.0 113.0
33 14 151.0 41.0
24 39 36.0 152.0
12 11 6.0 33.0
48 17 142.0 157.0
17 22 39.0 9.0
2 3 27.0 97.0
47 38 77.0 161.0
38 27 169.0 20.0
41 12 65.0 72.0
2 25 197.0 101.0
42 37 138.0 155.0
11 6 171.0 32.0
36 42 187.0 10.0
44 11 42.0 167.0
6 18 185.0 119.0
5 42 196.0 106.0
4 16 4.0 61.0
1 17 148.0 153.0
1 13 157.0 38.0
3 19 107.0 80.0
12 42 57.0 46.0
5 12 0.0 99.0
44 21 0.0 137.0
12 45 13.0 196.0
7 15 34.0 169.0
27 23 29.0 183.0
33 22 2.0 139.0
43 20 155.0 61.0
15 4 13.0 12.0
24 12 119.0 14.0
32 4 142.0 119.0
24 1 74.0 108.0
30 28 106.0 109.0
3 20 134.0 87.0
18 27 109.0 89.0
49 1 60.0 65.0
11 30 36.0 74.0
42 41 174.0 155.0
44 27 43.0 69.0
44 30 75.0 69.0
9 29 110.0 133.0
25 21 192.0 197.0
21 5 197.0 53.0
39 19 151.0 57.0
1 21 193.0 139.0
13 12 19.0 167.0
23 39 117.0 14.0
18 34 28.0 192.0
15 26 188.0 138.0
16 10 97.0 180.0
4 20 114.0 46.0
1 10 156.0 17.0
38 7 14.0 149.0
6 14 74.0 33.0
8 50 127.0 191.0
4 21 97.0 155.0
12 46 111.0 37.0
34 21 58.0 8.0
14 3 12.0 124.0
11 42 49.0 169.0
50 19 3.0 63.0
40 50 149.0 29.0
49 24 83.0 28.0
10 34 122.0 132.0
31 21 113.0 34.0
43 45 48.0 124.0
50 49 111.0 60.0
43 32 143.0 160.0
3 26 191.0 147.0
25 27 25.0 140.0
50 21 10.0 108.0
4 42 36.0 133.0
14 20 55.0 101.0
22 2 114.0 103.0
15 9 120.0 25.0
23 4 101.0 63.0
5 17 89.0 92.0
6 20 192.0 114.0
6 26 161.0 3.0
17 39 179.0 197.0
8 49 72.0 186.0
27 40 102.0 139.0
10 11 53.0 22.0
7 17 119.0 154.0
14 11 43.0 160.0
37 26 193.0 35.0
3 39 18.0 154.0
29 4 37.0 149.0
5 36 30.0 110.0
27 50 132.0 84.0
16 9 171.0 186.0
21 7 47.0 42.0
44 4 179.0 42.0
31 29 32.0 173.0
19 30 147.0 2.0
34 4 137.0 184.0
25 3 166.0 119.0
48 6 165.0 98.0
14 37 60.0 136.0
12 14 124.0 60.0
14 10 116.0 104.0
33 30 1.0 148.0
14 4 91.0 148.0
6 35 195.0 180.0
13 11 130.0 161.0
7 14 171.0 95.0
23 2 81.0 32.0
24 3 1.0 5.0
49 12 31.0 117.0
41 18 151.0 32.0
20 33 124.0 194.0
17 26 99.0 71.0
29 35 185.0 182.0
48 28 147.0 156.0
14 41 128.0 28.0
35 37 83.0 81.0
11 18 42.0 66.0
16 49 134.0 193.0
33 38 150.0 10.0
24 2 93.0 2.0
9 17 165.0 30.0
11 15 27.0 112.0
15 13 63.0 107.0
32 40 30.0 98.0
38 15 155.0 24.0
15 18 196.0 41.0
7 8 23.0 99.0
36 2 103.0 68.0
36 49 98.0 20.0
9 19 116.0 77.0
28 36 8.0 179.0
27 31 65.0 191.0
47 16 161.0 20.0
36 13 142.0 109.0
6 17 151.0 117.0
10 37 146.0 6.0
23 5 73.0 197.0
12 25 40.0 189.0
12 22 89.0 1.0
2 43 49.0 155.0
19 6 144.0 10.0
40 23 55.0 38.0
31 7 142.0 159.0
26 2 130.0 88.0
1 28 7.0 156.0
13 48 75.0 199.0
14 9 73.0 117.0
43 23 152.0 123.0
50 34 189.0 96.0
6 36 38.0 196.0
16 11 89.0 180.0
24 21 169.0 19.0
9 28 122.0 176.0
10 17 147.0 149.0
29 17 120.0 21.0
39 45 90.0 24.0
27 1 35.0 79.0
11 28 3.0 25.0
19 7 56.0 92.0
18 8 83.0 25.0
6 21 120.0 157.0
31 8 8.0 67.0
8 21 64.0 81.0
33 6 62.0 154.0
31 36 90.0 49.0
13 25 195.0 45.0
24 6 56.0 3.0
8 17 48.0 92.0
36 50 118.0 168.0
12 15 82.0 78.0
27 10 108.0 146.0
18 1 147.0 122.0
36 24 97.0 38.0
48 34 28.0 45.0
19 5 78.0 37.0
18 12 170.0 126.0
31 47 39.0 88.0
32 18 109.0 121.0
16 13 95.0 18.0
19 11 156.0 195.0
17 36 165.0 5.0
21 3 193.0 194.0
12 16 88.0 23.0
19 4 146.0 58.0
23 9 181.0 137.0
25 1 144.0 90.0
15 14 148.0 192.0
4 38 121.0 56.0
23 13 192.0 86.0
15 33 19.0 138.0
16 14 31.0 59.0
16 21 114.0 178.0
20 16 187.0 47.0
27 39 155.0 83.0
4 22 55.0 56.0
17 15 138.0 176.0
2 27 143.0 83.0
48 24 15.0 114.0
24 7 53.0 46.0
47 25 117.0 120.0
43 18 18.0 56.0
8 40 160.0 125.0
20 34 85.0 15.0
49 45 124.0 176.0
5 18 158.0 19.0
10 21 22.0 173.0
11 21 56.0 28.0
13 17 88.0 125.0
20 32 77.0 106.0
23 35 191.0 189.0
10 15 115.0 77.0
1 4 59.0 192.0
24 5 48.0 170.0
48 44 109.0 22.0
2 21 112.0 117.0
3 27 170.0 0.0
25 5 96.0 199.0
44 41 112.0 39.0
29 3 197.0 180.0
27 4 185.0 8.0
36 29 185.0 185.0
25 11 189.0 46.0
17 12 65.0 101.0
13 9 182.0 187.0
16 37 60.0 30.0
11 20 174.0 172.0
25 6 11.0 171.0
27 33 164.0 197.0
5 26 136.0 101.0
47 48 9.0 78.0
12 32 70.0 74.0
36 12 50.0 4.0
32 2 77.0 110.0
8 36 145.0 3.0
40 28 168.0 157.0
3 22 121.0 132.0
43 36 39.0 10.0
33 39 196.0 0.0
3 28 157.0 18.0
1 31 86.0 159.0
11 23 167.0 115.0
26 4 196.0 65.0
46 23 104.0 164.0
31 49 24.0 178.0
36 41 118.0 15.0
27 5 199.0 66.0
40 37 176.0 156.0
22 8 170.0 14.0
41 30 147.0 137.0
49 5 93.0 95.0
29 13 8.0 150.0
11 31 46.0 33.0
21 49 0.0 116.0
17 35 105.0 199.0
7 23 180.0 34.0
10 20 66.0 150.0
31 40 130.0 165.0
21 12 74.0 175.0
23 28 85.0 83.0
2 28 129.0 83.0
6 22 84.0 129.0
36 32 55.0 142.0
21 13 69.0 187.0
29 40 58.0 135.0
2 29 74.0 140.0
9 22 137.0 149.0
44 35 151.0 22.0
7 16 72.0 32.0
30 1 93.0 109.0
46 2 136.0 100.0
30 38 107.0 157.0
3 31 56.0 118.0
47 9 160.0 83.0
25 35 120.0 97.0
19 22 124.0 23.0
12 20 136.0 196.0
30 2 164.0 181.0
9 32 87.0 52.0
14 18 96.0 147.0
19 12 101.0 105.0
1 33 50.0 62.0
28 5 92.0 170.0
27 9 111.0 16.0
49 15 170.0 0.0
6 28 130.0 134.0
16 40 87.0 170.0
22 7 106.0 184.0
35 40 9.0 159.0
9 25 1.0 11.0
8 27 116.0 45.0
8 25 127.0 179.0
14 21 151.0 97.0
14 34 80.0 34.0
8 24 175.0 167.0
31 2 159.0 33.0
7 30 173.0 168.0
28 7 99.0 126.0
30 4 192.0 15.0
37 45 18.0 119.0
7 27 191.0 169.0
16 3 26.0 23.0
12 43 184.0 1.0
47 35 142.0 95.0
16 19 192.0 68.0
49 47 61.0 91.0
19 14 158.0 5.0
4 25 131.0 176.0
43 49 44.0 122.0
4 46 165.0 22.0
22 15 37.0 101.0
10 48 187.0 180.0
1 26 161.0 132.0
47 26 168.0 174.0
35 31 39.0 79.0
13 18 149.0 170.0
6 45 111.0 145.0
42 18 180.0 28.0
43 30 103.0 18.0
18 16 43.0 42.0
9 24 48.0 156.0
10 25 136.0 17.0
1 36 71.0 175.0
4 48 161.0 172.0
42 20 82.0 72.0
14 22 82.0 14.0
6 32 164.0 185.0
12 26 36.0 7.0
20 13 56.0 85.0
14 23 166.0 144.0
22 11 5.0 37.0
31 5 109.0 166.0
34 41 172.0 191.0
43 9 128.0 6.0
28 12 77.0 92.0
25 50 30.0 113.0
7 25 118.0 39.0
5 34 154.0 84.0
29 7 71.0 160.0
37 29 19.0 181.0
22 25 63.0 143.0
8 28 25.0 191.0
25 15 170.0 54.0
36 20 54.0 0.0
21 40 74.0 173.0
10 26 78.0 181.0
30 10 119.0 149.0
22 31 192.0 139.0
8 29 137.0 8.0
37 2 182.0 114.0
38 21 74.0 152.0
11 27 62.0 128.0
1 37 119.0 88.0
10 22 90.0 197.0
35 5 38.0 10.0
24 13 84.0 30.0
38 41 176.0 174.0
43 41 81.0 158.0
30 6 153.0 155.0
19 34 112.0 15.0
38 6 96.0 184.0
27 13 143.0 138.0
18 19 62.0 181.0
19 15 193.0 146.0
4 33 48.0 169.0
14 28 74.0 81.0
16 25 110.0 27.0
23 45 9.0 175.0
20 7 30.0 57.0
22 20 125.0 126.0
7 13 105.0 187.0
40 1 130.0 98.0
23 15 71.0 130.0
34 7 89.0 97.0
33 5 24.0 0.0
29 11 71.0 33.0
17 25 178.0 54.0
43 31 142.0 103.0
40 43 63.0 47.0
18 24 86.0 145.0
16 26 64.0 109.0
40 7 40.0 154.0
13 26 152.0 64.0
19 20 119.0 175.0
45 30 186.0 97.0
29 5 1.0 80.0
48 31 75.0 64.0
21 19 95.0 113.0
3 38 28.0 160.0
39 2 110.0 68.0
41 1 5.0 62.0
37 39 131.0 124.0
8 32 29.0 69.0
15 24 26.0 30.0
33 47 112.0 101.0
36 3 195.0 7.0
8 34 66.0 23.0
36 44 157.0 128.0
31 42 166.0 162.0
30 37 48.0 97.0
37 3 90.0 29.0
31 9 3.0 116.0
21 18 16.0 67.0
36 25 174.0 164.0
23 21 179.0 192.0
36 22 15.0 89.0
20 15 93.0 181.0
41 32 102.0 93.0
7 32 171.0 144.0
37 12 96.0 126.0
31 13 168.0 64.0
2 40 165.0 142.0
20 23 55.0 97.0
9 37 72.0 70.0
37 5 31.0 117.0
33 13 184.0 85.0
38 31 124.0 107.0
9 35 74.0 172.0
40 4 150.0 42.0
21 22 137.0 115.0
18 23 31.0 144.0
21 15 140.0 55.0
7 35 52.0 123.0
36 10 172.0 36.0
15 30 82.0 48.0
9 34 60.0 156.0
13 19 26.0 162.0
2 42 110.0 115.0
45 10 144.0 93.0
32 13 90.0 36.0
13 28 8.0 94.0
37 7 160.0 181.0
5 39 156.0 42.0
9 2 11.0 168.0
32 10 138.0 189.0
29 10 154.0 48.0
33 12 140.0 50.0
44 38 116.0 182.0
38 8 168.0 125.0
39 1 35.0 128.0
11 34 193.0 143.0
8 35 124.0 156.0
45 46 106.0 14.0
36 4 116.0 12.0
8 33 152.0 8.0
3 42 149.0 68.0
32 14 76.0 69.0
26 19 43.0 63.0
28 15 143.0 36.0
23 44 169.0 19.0
44 3 44.0 27.0
14 30 109.0 160.0
30 13 157.0 13.0
9 36 180.0 58.0
26 20 183.0 8.0
44 2 147.0 178.0
32 17 156.0 90.0
42 1 2.0 125.0
47 3 47.0 46.0
31 15 199.0 156.0
30 23 191.0 156.0
17 24 135.0 171.0
4 43 169.0 70.0
20 5 136.0 116.0
2 41 78.0 92.0
4 41 66.0 32.0
22 29 66.0 113.0
17 30 68.0 65.0
44 25 51.0 12.0
39 36 82.0 139.0
18 26 21.0 3.0
14 31 81.0 109.0
10 35 98.0 159.0
25 45 196.0 164.0
23 24 11.0 14.0
41 5 98.0 32.0
13 34 146.0 149.0
30 39 198.0 180.0
40 6 164.0 172.0
11 35 134.0 45.0
18 29 13.0 32.0
41 7 75.0 9.0
28 26 131.0 38.0
40 5 116.0 29.0
42 6 198.0 14.0
20 47 21.0 196.0
33 19 137.0 185.0
46 1 141.0 71.0
43 5 39.0 154.0
4 37 180.0 66.0
27 21 2.0 112.0
26 44 194.0 119.0
9 39 44.0 192.0
28 21 114.0 17.0
23 16 63.0 51.0
46 3 76.0 156.0
32 16 182.0 68.0
31 18 174.0 162.0
26 23 167.0 128.0
23 50 96.0 161.0
38 10 117.0 140.0
11 37 154.0 31.0
14 35 50.0 17.0
35 12 88.0 79.0
41 48 70.0 70.0
4 45 73.0 196.0
29 19 35.0 192.0
19 27 161.0 83.0
11 36 103.0 78.0
42 7 199.0 58.0
49 28 157.0 1.0
26 22 45.0 197.0
28 20 61.0 115.0
41 3 119.0 86.0
21 29 65.0 106.0
34 40 193.0 27.0
44 1 51.0 48.0
30 18 119.0 50.0
22 27 143.0 28.0
20 30 64.0 140.0
46 8 1.0 125.0
44 5 60.0 72.0
42 9 128.0 126.0
1 45 37.0 121.0
34 15 185.0 89.0
32 19 170.0 56.0
48 3 132.0 65.0
12 31 156.0 196.0
9 40 36.0 110.0
37 33 29.0 48.0
1 48 33.0 157.0
38 13 146.0 22.0
2 12 83.0 83.0
19 31 2.0 5.0
14 36 88.0 134.0
18 33 144.0 196.0
2 35 191.0 180.0
12 39 2.0 20.0
40 10 138.0 187.0
38 9 63.0 84.0
11 39 28.0 98.0
25 19 85.0 182.0
43 8 106.0 173.0
48 20 3.0 50.0
50 2 117.0 194.0
2 47 165.0 71.0
47 5 56.0 104.0
20 41 92.0 71.0
37 13 168.0 72.0
26 24 104.0 5.0
25 29 123.0 10.0
37 6 128.0 126.0
43 24 52.0 45.0
41 17 136.0 170.0
40 12 145.0 144.0
36 15 179.0 190.0
29 23 114.0 99.0
38 12 145.0 18.0
39 14 135.0 69.0
41 46 82.0 63.0
7 43 60.0 87.0
4 47 102.0 149.0
22 32 153.0 0.0
48 5 102.0 132.0
44 8 178.0 168.0
18 36 124.0 123.0
21 32 8.0 60.0
41 26 160.0 42.0
41 13 112.0 173.0
47 7 125.0 15.0
42 10 84.0 79.0
11 38 65.0 138.0
48 8 188.0 43.0
47 18 13.0 113.0
39 13 3.0 173.0
39 10 136.0 116.0
23 32 188.0 49.0
5 46 186.0 65.0
34 47 92.0 23.0
33 17 159.0 109.0
2 48 66.0 148.0
45 8 135.0 80.0
4 49 90.0 139.0
28 24 23.0 27.0
47 29 11.0 163.0
15 40 131.0 197.0
23 31 137.0 175.0
20 35 154.0 48.0
40 47 61.0 21.0
30 16 99.0 149.0
16 38 184.0 190.0
26 29 39.0 7.0
48 21 193.0 50.0
42 15 75.0 76.0
45 7 58.0 12.0
47 8 77.0 12.0
11 43 171.0 90.0
39 40 49.0 70.0
35 19 22.0 33.0
30 26 178.0 61.0
16 36 112.0 123.0
16 50 139.0 188.0
24 11 90.0 197.0
28 25 127.0 167.0
50 6 137.0 50.0
21 35 176.0 138.0
41 15 66.0 199.0
26 27 77.0 45.0
25 30 43.0 190.0
49 7 122.0 182.0
13 43 152.0 12.0
32 25 191.0 79.0
40 30 38.0 81.0
46 6 86.0 166.0
11 45 58.0 153.0
15 39 158.0 88.0
31 25 190.0 1.0
38 18 146.0 65.0
6 49 158.0 98.0
17 38 102.0 150.0
33 23 164.0 92.0
31 17 97.0 50.0
36 19 58.0 156.0
31 26 128.0 168.0
41 16 138.0 70.0
27 29 122.0 36.0
28 29 78.0 32.0
30 27 179.0 180.0
32 24 72.0 143.0
36 23 10.0 169.0
48 7 158.0 68.0
24 37 99.0 38.0
44 7 165.0 189.0
47 27 113.0 87.0
46 11 129.0 143.0
24 31 124.0 60.0
33 25 30.0 196.0
50 18 2.0 40.0
50 9 68.0 160.0
32 26 159.0 120.0
10 43 8.0 124.0
9 49 0.0 74.0
44 15 194.0 82.0
42 43 40.0 70.0
20 39 47.0 70.0
18 40 131.0 49.0
22 35 125.0 151.0
38 19 172.0 36.0
49 10 20.0 133.0
36 21 65.0 173.0
10 46 117.0 59.0
50 31 47.0 158.0
30 31 84.0 94.0
37 25 71.0 15.0
28 27 169.0 149.0
29 32 123.0 94.0
27 34 175.0 96.0
48 12 58.0 40.0
40 17 177.0 128.0
33 28 130.0 25.0
40 19 14.0 167.0
46 14 24.0 37.0
37 22 92.0 193.0
25 40 174.0 167.0
10 47 52.0 150.0
35 43 112.0 111.0
45 42 128.0 90.0
50 10 47.0 11.0
39 29 105.0 13.0
15 37 14.0 81.0
42 26 65.0 58.0
44 16 133.0 40.0
44 43 29.0 185.0
37 49 183.0 142.0
15 47 68.0 111.0
37 20 189.0 68.0
32 27 117.0 47.0
29 33 26.0 83.0
50 11 22.0 43.0
49 13 63.0 155.0
14 49 166.0 93.0
41 23 132.0 149.0
47 12 22.0 153.0
24 38 91.0 11.0
25 23 139.0 8.0
16 48 94.0 165.0
35 26 55.0 116.0
47 24 125.0 118.0
13 45 9.0 91.0
45 21 169.0 93.0
12 50 44.0 191.0
43 14 122.0 87.0
33 31 104.0 61.0
19 45 76.0 151.0
18 45 134.0 131.0
46 16 159.0 60.0
46 9 163.0 168.0
21 43 5.0 85.0
19 42 127.0 1.0
42 24 101.0 1.0
50 14 28.0 157.0
46 18 131.0 104.0
29 38 171.0 65.0
15 50 153.0 130.0
20 40 181.0 69.0
9 45 123.0 138.0
49 18 70.0 3.0
17 44 68.0 171.0
41 24 11.0 96.0
38 26 21.0 142.0
33 32 79.0 192.0
26 40 122.0 185.0
39 21 187.0 103.0
41 25 94.0 111.0
26 39 64.0 116.0
35 32 89.0 132.0
44 22 13.0 101.0
33 44 23.0 34.0
15 45 193.0 54.0
22 42 24.0 115.0
48 22 157.0 163.0
42 23 49.0 4.0
22 46 163.0 113.0
17 50 32.0 4.0
26 36 109.0 45.0
28 34 56.0 84.0
33 34 157.0 1.0
44 24 79.0 133.0
46 26 4.0 189.0
42 28 15.0 5.0
30 34 177.0 130.0
49 20 92.0 161.0
33 35 45.0 153.0
50 22 94.0 102.0
28 37 114.0 3.0
39 31 164.0 145.0
36 35 108.0 121.0
27 42 97.0 75.0
28 41 64.0 26.0
25 48 85.0 109.0
39 32 136.0 131.0
19 47 36.0 182.0
41 39 117.0 102.0
38 35 11.0 81.0
28 38 13.0 119.0
36 38 30.0 62.0
33 36 198.0 94.0
48 19 79.0 35.0
49 19 174.0 167.0
7 26 96.0 162.0
38 34 114.0 13.0
45 28 45.0 126.0
49 22 34.0 59.0
42 33 1.0 16.0
45 17 95.0 151.0
36 37 188.0 127.0
42 30 161.0 114.0
33 43 36.0 57.0
27 48 155.0 103.0
40 33 173.0 1.0
50 20 27.0 7.0
29 46 152.0 28.0
39 38 56.0 47.0
23 47 176.0 44.0
20 46 17.0 137.0
39 47 30.0 6.0
41 22 189.0 185.0
34 46 20.0 162.0
41 19 188.0 47.0
30 50 135.0 140.0
26 49 79.0 191.0
31 45 87.0 55.0
36 47 35.0 56.0
40 13 60.0 17.0
37 32 13.0 1.0
49 30 196.0 186.0
35 46 87.0 136.0
45 29 21.0 174.0
27 46 185.0 52.0
15 43 155.0 24.0
46 28 144.0 142.0
43 38 19.0 156.0
47 22 112.0 184.0
46 32 14.0 60.0
45 35 17.0 53.0
50 32 96.0 191.0
40 49 155.0 33.0
17 37 108.0 62.0
34 45 186.0 5.0
41 33 136.0 5.0
47 37 96.0 48.0
21 46 116.0 62.0
23 48 186.0 134.0
39 49 146.0 34.0
28 50 176.0 53.0
32 49 16.0 84.0
41 45 94.0 3.0
43 16 74.0 182.0
35 42 63.0 122.0
41 50 101.0 131.0
21 42 52.0 39.0
48 42 15.0 198.0
34 49 18.0 191.0
46 39 97.0 34.0
43 46 72.0 143.0
26 50 4.0 146.0
34 43 151.0 67.0
47 43 161.0 4.0
42 50 111.0 13.0
40 41 8.0 126.0
33 50 40.0 26.0
49 46 165.0 89.0
49 35 56.0 189.0
42 44 16.0 61.0
40 44 64.0 167.0
50 45 0.0 25.0
50 47 34.0 111.0
42 46 170.0 43.0
43 39 106.0 162.0
40 46 141.0 24.0
49 48 144.0 149.0
13 42 8.0 161.0
30 46 74.0 24.0
17 20 66.0 74.0
41 49 42.0 53.0
47 42 136.0 165.0
25 24 56.0 195.0
49 23 118.0 149.0
2 1 37.0 63.0
20 24 56.0 198.0
50 44 4.0 130.0
20 21 64.0 23.0
49 33 21.0 58.0
46 50 145.0 109.0
35 41 186.0 153.0
26 43 12.0 104.0
36 34 118.0 1.0
29 30 48.0 174.0
7 1 150.0 4.0
47 32 108.0 166.0
46 48 83.0 81.0
48 37 7.0 29.0
39 42 26.0 145.0
49 42 142.0 38.0
11 48 16.0 60.0
35 48 69.0 64.0
0
