56 1540 16 47 46777
22 50 170.0 45.0
32 17 7.0 159.0
32 48 158.0 129.0
50 11 108.0 128.0
54 34 104.0 57.0
35 49 107.0 53.0
48 15 173.0 105.0
42 12 143.0 48.0
45 47 19.0 65.0
47 17 77.0 179.0
8 21 177.0 187.0
16 21 116.0 85.0
38 23 79.0 172.0
55 50 173.0 138.0
8 37 17.0 146.0
32 28 124.0 112.0
18 26 159.0 95.0
42 19 120.0 188.0
24 48 54.0 97.0
12 47 153.0 122.0
54 7 107.0 184.0
40 28 23.0 81.0
48 20 22.0 192.0
8 5 119.0 98.0
26 51 138.0 30.0
53 35 107.0 58.0
27 45 93.0 113.0
35 4 23.0 46.0
50 48 105.0 83.0
3 37 177.0 80.0
40 1 22.0 151.0
1 27 113.0 141.0
21 45 64.0 51.0
23 14 192.0 124.0
2 30 164.0 86.0
18 13 58.0 139.0
4 47 77.0 163.0
11 4 34.0 54.0
44 39 195.0 56.0
9 30 52.0 60.0
2 40 120.0 116.0
38 17 94.0 64.0
47 15 55.0 58.0
12 23 6.0 65.0
13 54 111.0 84.0
1 11 92.0 97.0
33 10 104.0 87.0
23 37 32.0 156.0
20 10 136.0 104.0
7 4 199.0 183.0
32 10 58.0 6.0
32 33 68.0 64.0
30 13 125.0 131.0
24 37 39.0 17.0
46 42 139.0 96.0
22 5 120.0 123.0
54 52 151.0 9.0
29 33 67.0 102.0
26 38 81.0 125.0
4 5 34.0 149.0
11 9 185.0 111.0
29 10 145.0 176.0
35 41 47.0 84.0
30 17 10.0 167.0
12 1 183.0 113.0
17 9 10.0 2.0
46 56 58.0 43.0
14 41 15.0 44.0
33 20 36.0 152.0
13 1 174.0 181.0
26 2 134.0 173.0
18 6 165.0 144.0
6 11 46.0 100.0
19 24 103.0 56.0
23 4 155.0 161.0
44 14 171.0 122.0
33 11 101.0 159.0
52 53 60.0 27.0
54 18 87.0 194.0
23 35 67.0 4.0
45 25 126.0 113.0
32 50 142.0 181.0
53 15 119.0 49.0
28 29 164.0 42.0
23 34 105.0 65.0
30 21 155.0 117.0
22 32 139.0 194.0
51 39 54.0 7.0
47 1 166.0 133.0
51 11 166.0 60.0
10 46 60.0 38.0
2 25 32.0 24.0
3 10 127.0 89.0
15 56 131.0 82.0
31 37 72.0 71.0
3 7 81.0 79.0
7 21 96.0 199.0
15 28 87.0 15.0
7 5 2.0 148.0
38 37 167.0 186.0
47 20 52.0 47.0
19 10 105.0 183.0
31 47 184.0 129.0
53 33 91.0 17.0
37 49 51.0 187.0
20 3 196.0 90.0
16 47 45.0 150.0
12 49 81.0 164.0
52 4 150.0 85.0
13 2 51.0 55.0
44 17 15.0 35.0
50 54 69.0 106.0
46 55 49.0 72.0
1 52 160.0 45.0
26 36 68.0 5.0
12 18 198.0 101.0
22 51 26.0 100.0
8 52 138.0 29.0
13 17 189.0 105.0
14 29 43.0 10.0
27 36 162.0 44.0
15 50 151.0 74.0
13 8 119.0 172.0
7 6 86.0 69.0
21 19 171.0 64.0
54 22 121.0 61.0
4 10 83.0 62.0
35 10 92.0 78.0
29 3 106.0 7.0
36 10 199.0 57.0
18 30 18.0 70.0
40 12 67.0 56.0
14 49 91.0 190.0
54 4 26.0 12.0
10 12 4.0 109.0
5 20 8.0 48.0
6 32 24.0 114.0
26 28 154.0 23.0
42 30 112.0 172.0
26 53 46.0 179.0
6 5 65.0 137.0
13 7 197.0 43.0
2 7 29.0 1.0
29 11 154.0 189.0
42 40 98.0 178.0
11 7 35.0 52.0
8 1 32.0 147.0
53 23 104.0 31.0
11 3 75.0 121.0
23 6 151.0 73.0
15 11 162.0 180.0
21 34 38.0 116.0
17 24 155.0 136.0
18 46 48.0 142.0
46 27 74.0 81.0
33 41 120.0 178.0
4 3 7.0 147.0
2 37 39.0 158.0
32 44 179.0 153.0
2 8 189.0 169.0
14 51 118.0 96.0
40 55 68.0 118.0
9 8 1.0 142.0
32 18 48.0 73.0
30 37 46.0 55.0
2 14 96.0 85.0
25 15 69.0 27.0
5 54 129.0 10.0
32 51 158.0 199.0
49 55 177.0 26.0
46 50 133.0 178.0
51 4 71.0 181.0
40 45 120.0 117.0
42 35 10.0 168.0
49 45 5.0 79.0
26 34 152.0 134.0
12 15 91.0 62.0
53 49 25.0 20.0
26 55 3.0 110.0
42 28 177.0 26.0
16 32 33.0 49.0
10 51 42.0 43.0
39 3 111.0 47.0
20 6 62.0 15.0
20 14 175.0 105.0
46 47 127.0 153.0
29 32 78.0 82.0
44 30 138.0 7.0
5 41 102.0 171.0
35 47 40.0 144.0
33 8 107.0 103.0
53 7 96.0 169.0
4 44 65.0 23.0
18 1 29.0 144.0
12 2 99.0 107.0
40 11 140.0 37.0
36 2 197.0 194.0
48 51 120.0 190.0
14 3 157.0 179.0
9 6 111.0 5.0
1 54 129.0 176.0
38 49 149.0 110.0
1 14 186.0 48.0
15 4 159.0 78.0
48 49 126.0 157.0
43 4 43.0 198.0
33 35 156.0 1.0
4 12 55.0 20.0
12 5 97.0 136.0
54 39 120.0 46.0
10 5 53.0 58.0
15 3 180.0 12.0
10 1 124.0 106.0
5 50 13.0 167.0
28 41 162.0 121.0
56 22 18.0 169.0
27 26 111.0 115.0
8 3 120.0 183.0
34 2 190.0 125.0
35 50 44.0 122.0
52 37 79.0 168.0
14 48 120.0 44.0
33 39 87.0 34.0
15 1 101.0 105.0
29 38 116.0 164.0
7 9 144.0 188.0
54 42 175.0 86.0
14 5 61.0 19.0
21 20 74.0 141.0
10 2 35.0 194.0
40 54 115.0 74.0
5 2 149.0 16.0
49 30 191.0 65.0
25 38 173.0 135.0
13 5 120.0 101.0
22 17 18.0 182.0
21 52 39.0 92.0
13 15 68.0 26.0
3 5 156.0 135.0
56 32 88.0 57.0
45 19 117.0 79.0
56 8 149.0 90.0
8 12 170.0 69.0
12 7 28.0 188.0
7 49 195.0 67.0
7 38 42.0 63.0
26 47 128.0 150.0
22 24 138.0 168.0
42 49 160.0 55.0
56 50 107.0 61.0
34 3 57.0 77.0
31 26 68.0 85.0
18 41 72.0 63.0
3 9 94.0 114.0
13 9 130.0 174.0
16 40 104.0 20.0
17 3 62.0 16.0
37 54 165.0 169.0
17 2 197.0 22.0
1 16 66.0 66.0
4 2 64.0 138.0
9 37 36.0 110.0
29 46 43.0 118.0
13 3 75.0 99.0
46 52 138.0 137.0
49 11 103.0 103.0
1 5 122.0 101.0
26 8 53.0 140.0
9 39 8.0 69.0
19 53 54.0 45.0
26 12 197.0 97.0
55 45 67.0 72.0
40 34 55.0 157.0
20 1 77.0 110.0
36 20 180.0 151.0
27 4 131.0 185.0
26 32 155.0 139.0
28 25 52.0 9.0
21 3 154.0 1.0
47 10 117.0 173.0
43 12 157.0 124.0
41 43 139.0 186.0
47 50 80.0 119.0
37 34 53.0 163.0
49 24 147.0 160.0
32 42 91.0 151.0
8 11 33.0 197.0
2 16 115.0 102.0
39 27 102.0 72.0
14 52 163.0 41.0
29 41 81.0 43.0
2 48 81.0 134.0
7 15 53.0 180.0
25 36 148.0 145.0
52 31 164.0 133.0
42 45 71.0 79.0
15 49 179.0 173.0
44 7 63.0 142.0
32 27 0.0 144.0
4 6 111.0 34.0
55 47 94.0 164.0
27 30 85.0 194.0
2 3 21.0 50.0
45 10 130.0 93.0
2 35 148.0 110.0
26 37 168.0 164.0
47 21 191.0 120.0
4 16 17.0 102.0
7 8 171.0 64.0
41 51 36.0 8.0
51 3 102.0 58.0
13 40 77.0 33.0
10 9 58.0 178.0
12 55 146.0 178.0
19 28 94.0 89.0
3 19 78.0 63.0
4 48 195.0 1.0
27 3 124.0 32.0
45 3 16.0 179.0
26 21 114.0 94.0
52 25 62.0 125.0
7 48 72.0 160.0
11 5 160.0 118.0
3 31 61.0 38.0
22 33 47.0 56.0
19 17 126.0 124.0
1 7 123.0 143.0
28 14 30.0 190.0
38 20 83.0 44.0
51 6 125.0 107.0
16 43 153.0 37.0
1 28 69.0 14.0
14 6 21.0 69.0
24 34 41.0 100.0
41 12 19.0 117.0
25 20 197.0 1.0
23 30 144.0 32.0
35 12 9.0 21.0
38 19 77.0 114.0
31 41 57.0 99.0
48 25 14.0 31.0
42 44 17.0 7.0
2 21 6.0 188.0
8 38 157.0 3.0
51 28 189.0 102.0
2 15 196.0 198.0
15 26 124.0 73.0
50 53 96.0 181.0
21 13 61.0 62.0
17 5 69.0 30.0
3 35 178.0 75.0
16 6 98.0 135.0
26 22 192.0 87.0
34 22 103.0 188.0
31 46 48.0 179.0
43 9 134.0 144.0
6 24 20.0 148.0
38 51 23.0 90.0
14 30 60.0 153.0
29 26 13.0 158.0
47 6 95.0 5.0
12 50 89.0 150.0
24 26 1.0 137.0
19 11 167.0 135.0
34 20 174.0 139.0
55 22 163.0 149.0
36 40 95.0 175.0
8 4 22.0 108.0
14 7 22.0 70.0
20 37 74.0 112.0
7 26 144.0 75.0
20 4 132.0 63.0
23 11 12.0 106.0
17 1 35.0 175.0
40 8 103.0 130.0
14 39 72.0 77.0
9 12 124.0 95.0
8 16 126.0 198.0
1 19 100.0 70.0
6 22 139.0 184.0
16 20 127.0 152.0
4 32 10.0 162.0
23 21 19.0 65.0
4 39 195.0 44.0
51 12 66.0 119.0
3 47 162.0 192.0
9 55 37.0 14.0
10 11 42.0 128.0
51 25 93.0 170.0
41 45 142.0 103.0
15 5 116.0 162.0
6 8 56.0 111.0
18 40 51.0 74.0
30 11 101.0 13.0
13 12 83.0 90.0
28 27 125.0 126.0
52 49 59.0 18.0
9 14 13.0 1.0
14 4 7.0 129.0
7 10 122.0 16.0
2 22 29.0 173.0
38 36 141.0 130.0
16 53 154.0 25.0
23 24 137.0 79.0
4 9 35.0 196.0
19 7 19.0 49.0
26 19 139.0 178.0
20 43 99.0 13.0
6 17 146.0 128.0
15 51 101.0 87.0
31 33 69.0 55.0
15 9 70.0 158.0
16 36 161.0 58.0
22 1 74.0 180.0
30 31 113.0 13.0
2 52 142.0 12.0
31 54 100.0 88.0
18 4 134.0 153.0
49 41 111.0 155.0
55 42 133.0 134.0
21 33 77.0 94.0
44 43 192.0 152.0
1 30 89.0 105.0
9 31 118.0 31.0
12 24 18.0 170.0
24 52 191.0 104.0
13 10 81.0 102.0
3 6 193.0 166.0
21 29 31.0 23.0
55 56 71.0 176.0
13 42 45.0 160.0
56 1 18.0 115.0
8 39 14.0 189.0
34 14 149.0 5.0
11 12 78.0 182.0
9 46 29.0 71.0
2 47 48.0 12.0
46 13 122.0 71.0
39 40 125.0 119.0
24 35 143.0 96.0
2 11 138.0 157.0
7 17 83.0 39.0
21 6 175.0 161.0
10 14 36.0 4.0
9 16 157.0 36.0
38 44 179.0 31.0
17 4 18.0 57.0
6 10 161.0 113.0
15 55 120.0 51.0
18 35 64.0 4.0
9 5 90.0 40.0
47 13 86.0 78.0
38 35 123.0 195.0
6 27 63.0 102.0
49 8 112.0 33.0
9 27 54.0 25.0
26 5 106.0 127.0
10 16 134.0 171.0
11 13 103.0 176.0
16 15 173.0 141.0
33 49 93.0 96.0
19 47 42.0 108.0
39 15 126.0 106.0
41 13 57.0 133.0
17 29 127.0 164.0
20 7 143.0 61.0
24 2 9.0 198.0
52 36 115.0 182.0
28 39 45.0 160.0
18 5 195.0 39.0
16 5 51.0 121.0
15 23 38.0 60.0
25 1 113.0 117.0
8 51 113.0 57.0
5 19 114.0 75.0
36 18 30.0 29.0
41 38 173.0 28.0
18 9 124.0 168.0
2 23 195.0 175.0
41 53 66.0 186.0
29 56 180.0 180.0
35 14 105.0 93.0
13 49 151.0 172.0
4 21 170.0 182.0
48 43 57.0 143.0
14 8 195.0 181.0
18 8 104.0 190.0
34 33 13.0 123.0
17 16 170.0 193.0
13 56 144.0 27.0
25 3 89.0 48.0
42 7 48.0 59.0
18 10 173.0 57.0
23 5 74.0 120.0
36 48 196.0 178.0
24 1 23.0 10.0
26 3 104.0 193.0
3 23 2.0 1.0
25 4 77.0 91.0
16 12 175.0 77.0
24 3 179.0 100.0
8 10 72.0 5.0
53 24 75.0 21.0
21 9 97.0 51.0
14 15 29.0 154.0
12 3 142.0 183.0
45 11 187.0 171.0
6 19 91.0 162.0
40 15 108.0 22.0
19 2 71.0 133.0
27 11 103.0 99.0
50 39 123.0 153.0
35 28 20.0 104.0
31 24 18.0 114.0
35 6 99.0 5.0
31 8 70.0 190.0
22 13 73.0 178.0
7 18 58.0 96.0
42 36 2.0 113.0
2 9 148.0 78.0
38 31 187.0 168.0
55 3 40.0 5.0
1 9 54.0 139.0
20 8 167.0 124.0
7 55 190.0 40.0
31 17 183.0 0.0
17 12 133.0 138.0
25 6 105.0 33.0
23 50 124.0 93.0
52 43 107.0 164.0
13 14 46.0 113.0
3 46 184.0 13.0
28 6 161.0 126.0
16 3 178.0 97.0
25 44 172.0 63.0
36 50 57.0 77.0
43 11 142.0 134.0
54 51 138.0 1.0
43 35 44.0 184.0
8 47 50.0 181.0
29 2 1.0 164.0
43 46 130.0 131.0
3 18 59.0 102.0
53 12 198.0 116.0
7 35 179.0 92.0
30 54 7.0 69.0
16 22 14.0 4.0
52 26 63.0 17.0
5 46 182.0 16.0
35 13 50.0 112.0
1 23 43.0 109.0
27 18 56.0 193.0
22 7 33.0 35.0
4 33 91.0 192.0
38 53 65.0 57.0
22 8 178.0 80.0
40 49 105.0 160.0
11 17 91.0 155.0
12 14 41.0 134.0
51 1 174.0 97.0
7 37 97.0 7.0
53 8 50.0 188.0
45 7 129.0 67.0
41 44 32.0 59.0
20 29 40.0 89.0
22 30 140.0 83.0
18 11 7.0 182.0
20 12 168.0 181.0
29 13 56.0 65.0
5 31 40.0 58.0
21 22 124.0 169.0
49 46 172.0 156.0
16 7 150.0 164.0
22 4 56.0 90.0
6 15 171.0 16.0
1 6 172.0 139.0
16 13 182.0 180.0
13 6 15.0 22.0
25 5 197.0 91.0
29 9 77.0 121.0
28 4 193.0 179.0
27 2 6.0 1.0
21 11 102.0 129.0
32 30 57.0 26.0
3 32 141.0 39.0
23 22 122.0 156.0
5 24 129.0 119.0
32 25 149.0 158.0
46 19 114.0 142.0
19 4 6.0 72.0
19 12 128.0 61.0
39 56 0.0 185.0
15 33 100.0 141.0
38 2 42.0 23.0
26 39 0.0 123.0
15 8 116.0 150.0
28 13 131.0 182.0
5 55 150.0 90.0
25 56 30.0 78.0
39 25 189.0 31.0
1 21 78.0 41.0
21 5 23.0 72.0
56 12 150.0 175.0
8 23 48.0 18.0
51 42 158.0 131.0
40 46 63.0 108.0
45 52 115.0 94.0
9 19 147.0 56.0
11 16 23.0 177.0
1 26 129.0 198.0
29 23 25.0 79.0
31 1 173.0 25.0
19 13 58.0 132.0
11 14 54.0 121.0
52 56 190.0 121.0
53 18 46.0 138.0
10 17 93.0 21.0
30 29 17.0 22.0
3 30 101.0 194.0
55 36 105.0 75.0
22 12 162.0 115.0
48 5 35.0 16.0
5 35 152.0 25.0
36 28 94.0 198.0
24 45 156.0 139.0
17 50 90.0 173.0
24 4 173.0 191.0
1 32 123.0 78.0
28 3 129.0 85.0
22 47 89.0 164.0
9 22 11.0 42.0
50 33 192.0 58.0
10 15 4.0 148.0
12 6 29.0 46.0
3 22 37.0 2.0
29 6 186.0 112.0
7 27 159.0 115.0
11 22 148.0 0.0
16 14 181.0 159.0
20 26 47.0 125.0
24 50 78.0 4.0
36 43 44.0 59.0
14 21 49.0 33.0
10 24 24.0 35.0
1 55 100.0 135.0
54 32 57.0 48.0
35 40 117.0 191.0
50 37 144.0 164.0
8 24 41.0 174.0
4 50 11.0 85.0
48 16 198.0 12.0
34 56 113.0 174.0
54 14 186.0 13.0
45 22 30.0 196.0
45 4 149.0 147.0
40 33 45.0 45.0
49 36 107.0 38.0
5 28 108.0 119.0
25 9 164.0 106.0
36 17 136.0 77.0
30 19 42.0 123.0
40 56 75.0 72.0
22 10 113.0 25.0
53 39 124.0 111.0
15 18 151.0 32.0
12 21 124.0 59.0
2 28 69.0 88.0
5 27 92.0 6.0
28 7 14.0 86.0
23 10 10.0 90.0
51 36 22.0 123.0
17 14 35.0 147.0
33 12 113.0 186.0
9 26 68.0 38.0
53 47 66.0 138.0
53 1 107.0 110.0
34 29 129.0 74.0
44 29 141.0 91.0
4 30 176.0 116.0
10 56 89.0 12.0
20 9 76.0 2.0
37 17 16.0 144.0
48 11 171.0 35.0
11 26 107.0 30.0
55 33 105.0 188.0
45 8 107.0 198.0
20 11 199.0 84.0
42 41 123.0 40.0
14 18 99.0 199.0
7 23 162.0 67.0
11 31 13.0 133.0
1 44 150.0 72.0
29 4 192.0 7.0
25 8 138.0 100.0
3 1 1.0 89.0
25 42 30.0 77.0
45 13 63.0 129.0
32 5 55.0 25.0
19 14 155.0 20.0
50 29 93.0 105.0
1 34 46.0 86.0
39 19 94.0 184.0
13 4 154.0 47.0
44 53 79.0 136.0
50 3 77.0 142.0
24 32 170.0 84.0
38 33 103.0 126.0
29 5 102.0 196.0
10 21 70.0 148.0
21 38 142.0 116.0
24 20 114.0 48.0
1 42 193.0 194.0
27 8 122.0 70.0
18 16 37.0 92.0
13 20 160.0 92.0
24 9 106.0 15.0
20 2 144.0 128.0
36 1 159.0 86.0
29 8 199.0 74.0
49 21 27.0 192.0
32 2 68.0 149.0
18 19 37.0 58.0
33 1 70.0 150.0
4 26 115.0 128.0
19 8 129.0 59.0
11 25 59.0 88.0
15 20 104.0 59.0
39 52 43.0 83.0
43 25 44.0 111.0
5 30 142.0 82.0
49 17 63.0 12.0
10 25 77.0 178.0
53 54 48.0 158.0
48 8 119.0 59.0
15 19 96.0 176.0
51 52 196.0 139.0
4 31 22.0 193.0
13 52 196.0 164.0
52 17 8.0 11.0
7 25 168.0 85.0
20 18 66.0 16.0
17 20 4.0 186.0
51 35 76.0 52.0
37 1 169.0 72.0
2 33 22.0 191.0
45 28 151.0 18.0
44 46 55.0 159.0
5 33 151.0 23.0
50 40 36.0 169.0
10 27 69.0 192.0
23 17 147.0 145.0
45 18 38.0 116.0
17 21 79.0 60.0
24 7 3.0 183.0
37 47 183.0 10.0
26 10 84.0 86.0
1 38 196.0 72.0
7 29 185.0 17.0
14 24 154.0 132.0
39 1 23.0 193.0
8 30 180.0 102.0
36 5 48.0 135.0
45 26 175.0 183.0
25 14 157.0 60.0
23 16 41.0 105.0
6 34 67.0 26.0
30 55 73.0 174.0
12 25 75.0 96.0
21 32 112.0 7.0
8 28 72.0 160.0
33 9 123.0 48.0
47 5 44.0 32.0
25 35 198.0 85.0
4 34 50.0 17.0
39 24 37.0 76.0
55 37 187.0 65.0
7 31 16.0 99.0
23 13 159.0 88.0
28 9 74.0 34.0
13 44 93.0 118.0
22 28 170.0 91.0
34 7 194.0 172.0
21 15 114.0 183.0
20 19 48.0 101.0
50 34 144.0 64.0
54 2 73.0 55.0
50 26 38.0 147.0
13 34 113.0 83.0
45 31 40.0 83.0
13 27 38.0 186.0
49 2 29.0 105.0
11 55 147.0 78.0
32 39 76.0 43.0
25 13 41.0 149.0
44 33 144.0 31.0
22 14 86.0 9.0
12 28 26.0 126.0
11 28 157.0 17.0
32 7 59.0 187.0
8 32 144.0 158.0
24 13 63.0 20.0
14 27 87.0 104.0
19 32 36.0 183.0
50 49 193.0 74.0
30 41 90.0 19.0
49 29 1.0 48.0
7 52 143.0 13.0
29 36 67.0 87.0
54 20 72.0 130.0
11 24 104.0 111.0
50 31 26.0 92.0
4 36 180.0 19.0
23 56 134.0 71.0
28 48 42.0 87.0
27 29 14.0 185.0
29 1 197.0 33.0
20 45 65.0 21.0
17 25 80.0 121.0
3 33 74.0 106.0
13 26 1.0 55.0
20 22 0.0 87.0
16 19 111.0 42.0
44 12 3.0 77.0
52 23 135.0 152.0
51 46 33.0 152.0
30 10 142.0 113.0
55 44 121.0 168.0
18 17 70.0 122.0
9 32 2.0 23.0
32 34 114.0 113.0
31 10 152.0 69.0
46 38 183.0 39.0
12 29 109.0 16.0
6 31 54.0 3.0
46 37 54.0 127.0
19 22 49.0 77.0
15 22 146.0 3.0
5 34 170.0 12.0
36 35 16.0 123.0
56 43 154.0 0.0
27 12 74.0 64.0
36 6 55.0 81.0
48 33 187.0 61.0
35 11 68.0 188.0
34 8 116.0 14.0
29 15 24.0 86.0
6 33 116.0 40.0
45 1 134.0 23.0
26 48 11.0 8.0
1 35 50.0 18.0
35 48 156.0 189.0
43 18 16.0 176.0
22 18 85.0 132.0
6 26 183.0 109.0
1 41 160.0 51.0
23 27 7.0 94.0
15 24 172.0 170.0
31 2 42.0 174.0
38 5 93.0 198.0
37 56 12.0 110.0
31 51 192.0 97.0
54 55 98.0 175.0
37 4 58.0 58.0
33 7 70.0 65.0
9 44 152.0 194.0
31 12 98.0 195.0
44 50 23.0 192.0
33 47 94.0 36.0
27 15 62.0 86.0
13 38 8.0 160.0
49 43 197.0 66.0
28 20 35.0 19.0
4 40 149.0 140.0
15 32 66.0 47.0
24 16 9.0 89.0
46 6 190.0 103.0
20 23 159.0 4.0
7 30 99.0 167.0
39 18 114.0 48.0
21 53 42.0 101.0
43 34 16.0 191.0
16 26 17.0 82.0
23 19 75.0 26.0
18 23 116.0 17.0
40 22 179.0 27.0
27 16 176.0 78.0
25 19 103.0 90.0
36 8 181.0 145.0
26 17 169.0 197.0
48 1 61.0 138.0
45 5 61.0 136.0
23 43 21.0 178.0
8 46 65.0 152.0
36 7 187.0 41.0
2 41 9.0 43.0
35 21 67.0 190.0
31 13 108.0 189.0
18 25 31.0 169.0
45 2 90.0 93.0
44 8 91.0 63.0
44 2 36.0 108.0
8 54 61.0 176.0
42 3 66.0 70.0
48 29 188.0 134.0
32 52 27.0 96.0
29 16 46.0 58.0
44 40 38.0 88.0
47 9 59.0 81.0
49 54 167.0 47.0
35 16 130.0 180.0
24 21 106.0 197.0
16 25 117.0 46.0
27 17 160.0 96.0
37 6 139.0 159.0
51 24 89.0 130.0
32 20 119.0 100.0
41 3 99.0 38.0
31 15 21.0 182.0
13 32 186.0 79.0
34 9 124.0 56.0
46 33 85.0 36.0
44 28 22.0 25.0
52 20 194.0 63.0
4 38 23.0 66.0
39 49 137.0 75.0
19 27 143.0 159.0
40 6 154.0 82.0
53 27 89.0 30.0
3 43 102.0 127.0
16 28 57.0 76.0
52 12 129.0 3.0
23 46 116.0 105.0
39 37 97.0 54.0
13 33 81.0 192.0
17 28 24.0 187.0
14 26 55.0 65.0
12 32 97.0 157.0
11 32 59.0 154.0
43 1 178.0 141.0
21 18 1.0 94.0
43 5 119.0 50.0
42 52 125.0 152.0
30 20 82.0 101.0
15 17 191.0 89.0
10 28 63.0 89.0
30 16 107.0 75.0
10 34 133.0 85.0
23 28 192.0 86.0
17 42 1.0 63.0
3 40 1.0 78.0
39 6 14.0 35.0
9 35 113.0 5.0
35 8 57.0 128.0
19 52 147.0 116.0
40 7 33.0 32.0
36 3 69.0 177.0
21 27 188.0 22.0
32 46 113.0 141.0
30 12 82.0 79.0
34 12 128.0 147.0
52 5 77.0 137.0
40 23 51.0 177.0
56 18 92.0 36.0
25 47 136.0 113.0
34 11 166.0 76.0
6 43 21.0 79.0
12 36 152.0 104.0
13 36 183.0 32.0
40 51 159.0 13.0
7 39 31.0 162.0
1 46 32.0 76.0
2 42 123.0 168.0
14 38 114.0 89.0
8 17 162.0 88.0
18 28 131.0 66.0
14 32 123.0 115.0
4 42 45.0 34.0
19 29 21.0 28.0
25 21 15.0 5.0
31 19 123.0 90.0
20 44 186.0 190.0
2 43 35.0 100.0
14 31 65.0 118.0
39 2 38.0 140.0
42 23 135.0 35.0
5 40 125.0 109.0
29 18 166.0 92.0
25 55 59.0 42.0
10 37 68.0 197.0
33 16 132.0 55.0
49 23 185.0 197.0
41 8 73.0 176.0
1 4 91.0 8.0
12 46 100.0 16.0
23 9 72.0 18.0
43 53 107.0 84.0
25 23 154.0 175.0
20 56 51.0 38.0
22 37 164.0 188.0
41 7 94.0 189.0
5 42 107.0 185.0
21 28 51.0 7.0
10 40 103.0 76.0
44 5 83.0 10.0
34 27 180.0 189.0
38 6 126.0 31.0
39 11 46.0 42.0
11 36 16.0 140.0
55 23 153.0 124.0
38 12 141.0 5.0
41 4 52.0 44.0
46 2 42.0 87.0
12 39 66.0 23.0
41 39 24.0 144.0
12 37 67.0 70.0
9 38 8.0 35.0
16 34 168.0 162.0
31 20 8.0 109.0
49 3 49.0 12.0
6 41 10.0 43.0
24 25 32.0 28.0
48 3 155.0 57.0
34 15 89.0 22.0
14 37 179.0 97.0
10 52 116.0 148.0
39 10 34.0 77.0
39 5 180.0 83.0
44 6 117.0 142.0
1 49 122.0 149.0
37 11 13.0 30.0
39 45 80.0 102.0
23 32 136.0 60.0
28 33 93.0 4.0
42 8 189.0 80.0
15 36 112.0 169.0
41 9 92.0 29.0
43 51 33.0 14.0
45 6 79.0 46.0
33 17 15.0 159.0
18 33 166.0 151.0
36 45 5.0 12.0
54 45 112.0 194.0
37 13 2.0 176.0
20 46 14.0 94.0
41 21 129.0 199.0
10 54 58.0 160.0
31 18 100.0 73.0
7 43 126.0 67.0
30 24 74.0 131.0
44 3 130.0 187.0
10 44 172.0 132.0
9 40 161.0 186.0
37 5 144.0 42.0
27 25 31.0 2.0
34 52 68.0 132.0
29 22 137.0 147.0
31 21 153.0 12.0
37 16 101.0 83.0
38 11 91.0 73.0
46 7 81.0 4.0
2 51 36.0 177.0
42 10 26.0 19.0
46 4 59.0 46.0
55 18 84.0 149.0
49 26 84.0 189.0
41 10 82.0 185.0
4 49 139.0 174.0
10 38 76.0 173.0
10 43 177.0 64.0
51 20 89.0 155.0
35 15 89.0 100.0
20 42 123.0 126.0
9 36 178.0 159.0
3 52 189.0 61.0
40 14 33.0 129.0
17 35 142.0 61.0
31 22 86.0 72.0
34 18 196.0 175.0
13 39 33.0 37.0
54 12 192.0 108.0
23 31 27.0 170.0
45 16 23.0 17.0
26 30 136.0 57.0
41 55 156.0 30.0
44 11 53.0 195.0
47 7 167.0 49.0
17 34 28.0 152.0
27 22 137.0 20.0
23 26 45.0 116.0
23 54 96.0 69.0
48 47 87.0 32.0
45 48 192.0 196.0
16 38 151.0 45.0
29 24 64.0 71.0
50 6 39.0 44.0
42 11 117.0 128.0
11 41 36.0 163.0
29 25 17.0 133.0
9 45 10.0 105.0
2 53 2.0 3.0
49 6 157.0 153.0
14 36 36.0 173.0
25 50 36.0 27.0
36 19 144.0 154.0
24 46 185.0 180.0
19 37 67.0 3.0
37 18 19.0 29.0
42 33 5.0 21.0
53 3 136.0 162.0
2 50 103.0 124.0
24 18 91.0 140.0
30 25 161.0 35.0
55 2 120.0 99.0
33 19 120.0 187.0
38 15 75.0 91.0
39 17 90.0 80.0
49 19 95.0 178.0
42 14 188.0 199.0
24 28 167.0 31.0
50 43 52.0 80.0
50 1 170.0 172.0
25 31 195.0 42.0
15 37 184.0 22.0
32 47 191.0 26.0
48 9 83.0 38.0
20 27 167.0 23.0
25 26 17.0 134.0
14 33 58.0 69.0
24 27 28.0 28.0
49 9 184.0 175.0
36 21 156.0 168.0
53 4 53.0 99.0
30 28 162.0 137.0
48 10 7.0 129.0
16 41 87.0 25.0
22 36 25.0 145.0
46 11 192.0 5.0
24 33 58.0 176.0
33 23 87.0 166.0
40 17 43.0 141.0
56 2 33.0 157.0
31 32 5.0 41.0
15 30 134.0 45.0
49 47 104.0 111.0
3 54 169.0 49.0
42 15 85.0 179.0
16 31 166.0 172.0
48 6 21.0 162.0
56 48 86.0 54.0
7 56 13.0 91.0
22 25 82.0 99.0
56 28 99.0 138.0
35 22 34.0 21.0
15 41 191.0 119.0
7 51 116.0 158.0
5 51 156.0 89.0
15 43 54.0 42.0
33 26 161.0 67.0
8 43 53.0 43.0
35 46 10.0 105.0
20 39 190.0 44.0
55 4 32.0 181.0
45 12 171.0 101.0
8 50 107.0 128.0
40 19 30.0 161.0
50 9 31.0 191.0
44 27 77.0 36.0
49 10 144.0 39.0
41 17 2.0 134.0
52 9 13.0 186.0
40 21 75.0 184.0
31 28 116.0 182.0
44 56 195.0 146.0
20 35 127.0 178.0
16 42 195.0 156.0
53 5 32.0 139.0
24 36 134.0 34.0
31 53 5.0 147.0
7 50 42.0 80.0
56 5 87.0 158.0
56 3 89.0 82.0
44 16 118.0 168.0
37 53 88.0 113.0
30 6 104.0 120.0
34 25 76.0 38.0
39 16 91.0 34.0
45 43 120.0 85.0
41 20 94.0 7.0
25 33 143.0 135.0
31 29 83.0 13.0
51 9 100.0 123.0
14 45 65.0 4.0
52 6 181.0 93.0
12 48 0.0 24.0
14 43 27.0 120.0
11 47 53.0 121.0
43 26 177.0 148.0
23 39 92.0 12.0
55 8 122.0 193.0
36 54 34.0 187.0
42 9 19.0 167.0
27 33 106.0 171.0
41 22 110.0 85.0
42 18 94.0 164.0
56 33 32.0 71.0
34 28 17.0 124.0
27 38 150.0 139.0
19 41 107.0 136.0
50 10 23.0 78.0
33 30 53.0 81.0
47 23 114.0 163.0
37 40 44.0 8.0
17 48 122.0 28.0
50 14 84.0 139.0
21 39 89.0 186.0
35 26 124.0 196.0
51 27 25.0 147.0
21 37 170.0 78.0
46 16 175.0 36.0
40 24 169.0 171.0
27 35 93.0 43.0
6 54 125.0 178.0
18 44 27.0 14.0
56 35 17.0 152.0
18 38 17.0 42.0
21 42 82.0 188.0
53 10 92.0 57.0
13 50 0.0 14.0
35 30 83.0 94.0
45 17 158.0 8.0
21 56 179.0 138.0
14 47 78.0 196.0
56 6 77.0 96.0
41 37 35.0 112.0
55 10 33.0 79.0
9 53 33.0 186.0
13 43 95.0 116.0
5 49 148.0 6.0
35 29 141.0 128.0
13 48 31.0 20.0
38 24 35.0 61.0
42 22 12.0 70.0
43 21 148.0 198.0
20 40 98.0 134.0
35 19 176.0 194.0
48 41 83.0 124.0
25 40 34.0 177.0
13 51 52.0 65.0
54 11 17.0 40.0
22 43 50.0 181.0
52 11 160.0 150.0
18 47 187.0 58.0
37 25 166.0 163.0
56 11 52.0 2.0
50 16 77.0 38.0
31 34 193.0 130.0
39 43 138.0 162.0
19 44 197.0 188.0
43 17 46.0 109.0
32 40 62.0 34.0
35 31 32.0 180.0
28 37 82.0 85.0
16 49 41.0 111.0
53 6 114.0 186.0
28 53 148.0 52.0
56 9 175.0 97.0
53 13 57.0 21.0
40 26 49.0 71.0
46 15 194.0 82.0
39 22 100.0 28.0
14 46 126.0 93.0
9 54 97.0 192.0
30 34 128.0 197.0
38 28 22.0 103.0
14 53 25.0 32.0
36 31 41.0 27.0
56 4 46.0 188.0
25 41 78.0 98.0
39 29 42.0 4.0
50 19 156.0 91.0
44 24 132.0 36.0
26 41 34.0 107.0
48 18 5.0 11.0
44 21 54.0 199.0
36 44 135.0 100.0
18 49 16.0 14.0
54 35 117.0 58.0
16 52 63.0 25.0
40 29 75.0 148.0
46 17 74.0 61.0
30 38 92.0 80.0
16 56 18.0 146.0
32 36 173.0 154.0
53 17 42.0 189.0
27 56 9.0 111.0
55 6 193.0 25.0
21 46 55.0 20.0
51 17 126.0 129.0
14 55 73.0 170.0
39 30 58.0 43.0
45 15 16.0 184.0
41 24 160.0 10.0
32 37 177.0 121.0
50 27 158.0 123.0
24 56 51.0 13.0
18 51 187.0 129.0
37 29 97.0 12.0
42 48 36.0 107.0
27 40 26.0 4.0
27 37 94.0 138.0
54 16 144.0 71.0
44 22 30.0 55.0
48 19 171.0 81.0
42 6 20.0 158.0
19 43 32.0 69.0
42 27 134.0 68.0
32 35 189.0 161.0
18 50 127.0 83.0
21 48 70.0 71.0
54 17 95.0 100.0
36 46 14.0 66.0
23 48 7.0 186.0
51 56 75.0 39.0
37 33 156.0 10.0
43 27 124.0 145.0
46 25 134.0 51.0
51 16 187.0 156.0
42 26 52.0 34.0
50 20 86.0 19.0
45 38 126.0 45.0
22 38 197.0 2.0
50 21 182.0 153.0
26 44 61.0 58.0
55 19 12.0 195.0
40 30 90.0 152.0
32 43 101.0 95.0
17 55 19.0 187.0
41 27 132.0 98.0
54 29 70.0 81.0
33 51 103.0 4.0
31 39 162.0 164.0
46 22 110.0 127.0
27 47 175.0 152.0
26 46 160.0 28.0
22 48 33.0 132.0
37 36 173.0 165.0
29 42 98.0 195.0
2 1 70.0 153.0
38 34 140.0 184.0
56 19 149.0 2.0
28 46 64.0 76.0
51 21 115.0 176.0
33 36 22.0 100.0
18 52 124.0 147.0
23 44 50.0 174.0
35 37 110.0 72.0
35 34 130.0 50.0
49 25 119.0 31.0
45 23 64.0 135.0
23 36 34.0 180.0
42 31 166.0 57.0
43 29 115.0 43.0
21 54 42.0 118.0
35 39 198.0 104.0
24 43 24.0 80.0
23 51 69.0 95.0
47 28 135.0 133.0
19 54 17.0 169.0
20 53 148.0 136.0
55 16 34.0 64.0
56 14 101.0 29.0
45 29 28.0 99.0
55 13 150.0 4.0
43 30 119.0 19.0
42 50 22.0 6.0
53 11 172.0 192.0
22 53 41.0 121.0
45 33 159.0 76.0
45 32 147.0 13.0
43 28 30.0 175.0
20 55 144.0 181.0
32 41 159.0 64.0
46 30 132.0 134.0
27 49 105.0 104.0
42 34 65.0 98.0
30 47 137.0 176.0
48 38 174.0 37.0
30 45 50.0 4.0
34 36 174.0 195.0
21 55 99.0 86.0
48 30 32.0 31.0
41 34 152.0 89.0
31 48 84.0 169.0
47 24 1.0 21.0
54 25 141.0 127.0
56 45 119.0 143.0
46 34 111.0 45.0
34 39 87.0 11.0
44 35 1.0 119.0
30 50 100.0 105.0
29 47 117.0 136.0
28 49 59.0 71.0
56 17 143.0 152.0
52 27 104.0 14.0
38 42 191.0 15.0
49 31 46.0 78.0
40 38 103.0 48.0
51 29 161.0 155.0
53 25 152.0 78.0
37 43 121.0 163.0
37 42 182.0 16.0
52 15 52.0 86.0
38 43 184.0 196.0
42 39 53.0 183.0
34 44 37.0 109.0
41 40 68.0 198.0
34 47 61.0 172.0
34 49 78.0 134.0
49 22 69.0 13.0
44 31 21.0 73.0
54 27 186.0 158.0
45 34 24.0 39.0
40 31 12.0 61.0
29 52 25.0 81.0
45 37 19.0 38.0
36 47 47.0 50.0
26 54 6.0 68.0
54 28 20.0 179.0
38 39 11.0 6.0
28 55 154.0 35.0
36 41 15.0 167.0
34 51 150.0 192.0
15 54 98.0 121.0
43 42 28.0 98.0
33 52 101.0 34.0
48 37 24.0 73.0
55 29 181.0 35.0
40 47 78.0 136.0
29 53 133.0 45.0
56 30 60.0 35.0
45 35 173.0 111.0
41 50 66.0 153.0
53 32 36.0 119.0
48 34 104.0 60.0
51 37 156.0 85.0
23 41 142.0 186.0
56 26 83.0 75.0
48 40 193.0 96.0
52 40 99.0 118.0
55 31 143.0 117.0
46 41 12.0 131.0
38 32 109.0 116.0
53 40 109.0 65.0
54 33 156.0 4.0
50 38 9.0 191.0
55 32 161.0 2.0
48 27 14.0 60.0
53 36 4.0 110.0
30 53 52.0 16.0
32 49 176.0 161.0
46 45 166.0 85.0
45 44 169.0 122.0
53 34 63.0 130.0
22 52 104.0 24.0
55 34 149.0 118.0
50 28 84.0 153.0
42 47 159.0 136.0
44 49 93.0 135.0
53 42 112.0 60.0
47 39 135.0 33.0
41 47 58.0 150.0
44 48 52.0 162.0
55 35 79.0 153.0
52 47 187.0 115.0
54 41 186.0 146.0
52 41 183.0 79.0
48 46 67.0 96.0
36 56 130.0 154.0
55 39 92.0 188.0
56 38 48.0 96.0
43 55 100.0 80.0
43 54 87.0 87.0
37 44 3.0 25.0
43 47 71.0 187.0
27 31 126.0 91.0
48 54 161.0 56.0
38 54 140.0 6.0
44 47 138.0 141.0
55 48 11.0 38.0
46 53 167.0 50.0
52 35 128.0 123.0
56 42 80.0 0.0
51 30 165.0 158.0
51 50 94.0 79.0
39 48 167.0 35.0
24 42 43.0 105.0
53 45 117.0 55.0
47 51 36.0 37.0
30 36 65.0 164.0
53 51 23.0 97.0
52 50 48.0 188.0
56 49 41.0 142.0
20 49 148.0 160.0
55 53 6.0 191.0
15 44 39.0 76.0
47 54 189.0 75.0
52 44 199.0 6.0
38 55 115.0 22.0
18 2 187.0 115.0
54 44 142.0 180.0
53 56 197.0 90.0
55 24 23.0 155.0
2 6 88.0 14.0
19 51 73.0 77.0
39 36 141.0 24.0
52 38 152.0 8.0
31 56 95.0 92.0
52 28 73.0 37.0
41 56 123.0 22.0
30 52 146.0 98.0
48 52 162.0 35.0
47 38 187.0 187.0
56 54 38.0 80.0
50 45 171.0 143.0
55 27 99.0 66.0
45 51 72.0 124.0
51 49 2.0 147.0
3 38 94.0 148.0
34 19 17.0 8.0
51 44 148.0 157.0
33 43 18.0 186.0
47 56 43.0 190.0
55 52 176.0 142.0
24 54 104.0 0.0
43 31 147.0 106.0
48 53 161.0 41.0
46 39 38.0 178.0
46 54 6.0 186.0
43 40 155.0 24.0
55 51 123.0 199.0
0
