53 1378 49 3 179937
36 12 147.0 150.0
52 10 19.0 59.0
15 30 144.0 92.0
43 1 68.0 11.0
9 32 3.0 112.0
24 43 178.0 128.0
48 45 69.0 85.0
2 32 162.0 170.0
6 5 0.0 62.0
32 23 120.0 171.0
6 7 170.0 16.0
32 7 160.0 38.0
38 10 158.0 115.0
31 1 171.0 136.0
45 25 47.0 41.0
3 51 2.0 162.0
20 14 18.0 155.0
36 26 26.0 90.0
4 12 27.0 196.0
18 32 163.0 139.0
41 7 78.0 121.0
7 2 83.0 49.0
26 10 174.0 131.0
8 42 138.0 128.0
34 31 14.0 156.0
4 3 152.0 41.0
14 42 191.0 132.0
21 10 16.0 154.0
48 43 81.0 94.0
44 17 118.0 165.0
26 43 40.0 92.0
10 9 162.0 178.0
19 51 18.0 176.0
53 13 141.0 170.0
2 49 135.0 84.0
6 4 4.0 103.0
46 24 56.0 86.0
40 21 32.0 174.0
10 41 96.0 25.0
29 51 47.0 58.0
28 23 78.0 65.0
36 11 115.0 19.0
3 8 168.0 2.0
36 23 64.0 124.0
25 1 101.0 121.0
21 30 168.0 134.0
50 15 57.0 64.0
44 24 156.0 104.0
47 43 17.0 35.0
8 9 102.0 84.0
11 27 156.0 22.0
28 18 199.0 172.0
50 52 179.0 100.0
8 1 7.0 147.0
15 43 12.0 64.0
45 24 3.0 120.0
13 4 101.0 172.0
36 14 176.0 156.0
19 35 38.0 84.0
31 47 91.0 37.0
25 13 43.0 70.0
14 39 173.0 50.0
12 1 76.0 185.0
43 25 131.0 79.0
7 18 79.0 184.0
31 10 107.0 55.0
24 8 100.0 145.0
2 46 50.0 191.0
37 20 51.0 45.0
6 49 68.0 177.0
15 5 3.0 96.0
8 36 186.0 134.0
53 39 144.0 65.0
28 27 34.0 51.0
34 37 64.0 134.0
8 27 10.0 66.0
46 53 26.0 13.0
27 2 175.0 47.0
7 9 29.0 178.0
23 6 155.0 15.0
45 21 146.0 52.0
26 25 22.0 180.0
9 35 190.0 39.0
40 16 188.0 0.0
48 6 79.0 14.0
39 8 13.0 55.0
17 31 28.0 43.0
37 2 185.0 136.0
1 28 53.0 131.0
52 30 151.0 28.0
43 9 122.0 142.0
3 10 93.0 110.0
3 7 17.0 125.0
15 37 95.0 30.0
12 2 119.0 75.0
41 45 183.0 104.0
19 38 51.0 37.0
46 35 76.0 154.0
11 6 160.0 150.0
45 10 51.0 6.0
48 28 178.0 68.0
11 16 84.0 73.0
1 45 64.0 4.0
36 13 168.0 0.0
30 11 194.0 19.0
9 6 42.0 22.0
16 5 165.0 2.0
46 14 129.0 16.0
20 36 58.0 107.0
30 46 68.0 143.0
16 43 98.0 85.0
34 26 7.0 66.0
15 18 80.0 154.0
40 25 137.0 122.0
13 1 93.0 102.0
2 10 128.0 22.0
16 2 99.0 139.0
40 22 1.0 168.0
11 14 44.0 99.0
39 52 12.0 52.0
16 1 70.0 92.0
7 1 139.0 7.0
33 11 127.0 33.0
19 22 191.0 8.0
16 38 56.0 91.0
38 44 66.0 57.0
36 3 2.0 62.0
1 39 134.0 166.0
18 35 111.0 157.0
25 53 66.0 50.0
11 46 62.0 194.0
15 4 84.0 5.0
20 42 34.0 141.0
32 35 123.0 52.0
16 4 190.0 125.0
43 11 157.0 125.0
24 29 125.0 68.0
28 30 80.0 192.0
22 39 149.0 142.0
21 29 193.0 186.0
17 13 8.0 179.0
26 51 193.0 131.0
1 33 182.0 183.0
22 4 154.0 140.0
32 14 45.0 79.0
43 28 90.0 125.0
45 5 5.0 39.0
33 49 68.0 150.0
40 51 86.0 28.0
27 22 162.0 79.0
33 26 21.0 144.0
8 5 17.0 175.0
49 23 180.0 62.0
29 38 96.0 70.0
21 12 32.0 101.0
39 20 144.0 52.0
49 8 198.0 182.0
29 7 162.0 112.0
11 35 198.0 183.0
5 11 194.0 168.0
24 20 148.0 174.0
36 46 34.0 44.0
4 41 98.0 18.0
7 40 139.0 42.0
47 20 1.0 137.0
5 42 65.0 163.0
3 26 55.0 15.0
48 29 127.0 49.0
28 5 88.0 28.0
29 25 79.0 75.0
44 25 128.0 178.0
43 3 76.0 68.0
23 44 138.0 77.0
11 1 169.0 155.0
27 34 52.0 24.0
9 30 120.0 132.0
13 24 21.0 161.0
27 16 163.0 100.0
19 9 102.0 91.0
2 5 104.0 178.0
25 17 28.0 42.0
17 39 91.0 197.0
19 48 75.0 96.0
11 4 198.0 148.0
52 45 132.0 171.0
39 34 82.0 95.0
42 46 9.0 184.0
13 2 119.0 113.0
20 9 171.0 147.0
47 16 131.0 15.0
10 48 19.0 6.0
23 37 87.0 18.0
7 50 168.0 19.0
30 3 20.0 51.0
48 50 56.0 29.0
53 52 73.0 176.0
39 48 13.0 45.0
11 7 193.0 144.0
1 17 118.0 13.0
33 5 80.0 157.0
33 35 138.0 1.0
15 3 1.0 158.0
12 46 190.0 10.0
10 7 189.0 15.0
19 32 137.0 154.0
38 39 99.0 131.0
3 17 66.0 169.0
53 18 99.0 98.0
53 40 154.0 37.0
13 3 191.0 108.0
30 1 121.0 133.0
4 44 21.0 63.0
23 13 137.0 159.0
52 15 173.0 189.0
31 9 65.0 39.0
6 2 196.0 116.0
42 39 140.0 150.0
1 22 140.0 83.0
12 3 136.0 14.0
18 3 134.0 110.0
47 34 114.0 71.0
7 13 1.0 87.0
36 48 112.0 18.0
29 9 109.0 108.0
26 21 94.0 1.0
5 10 101.0 186.0
35 10 26.0 190.0
44 19 76.0 160.0
31 53 88.0 190.0
26 32 119.0 41.0
5 29 180.0 31.0
37 8 34.0 41.0
8 34 75.0 128.0
42 17 37.0 128.0
6 43 96.0 64.0
8 7 195.0 172.0
38 41 61.0 83.0
51 5 157.0 180.0
33 14 129.0 90.0
21 41 109.0 163.0
21 19 6.0 136.0
14 53 176.0 44.0
42 1 10.0 25.0
39 26 101.0 5.0
13 44 9.0 114.0
27 20 53.0 119.0
14 1 66.0 182.0
23 17 19.0 127.0
35 21 1.0 25.0
6 15 72.0 130.0
31 18 70.0 34.0
43 18 17.0 123.0
8 10 102.0 178.0
8 45 94.0 155.0
27 10 103.0 112.0
26 48 78.0 74.0
47 7 144.0 80.0
38 37 2.0 169.0
1 4 69.0 72.0
21 28 180.0 38.0
5 14 20.0 83.0
28 17 29.0 114.0
27 52 66.0 84.0
46 27 129.0 145.0
12 8 130.0 25.0
23 20 56.0 133.0
4 10 145.0 77.0
48 37 41.0 126.0
20 49 55.0 61.0
44 1 79.0 36.0
52 14 27.0 146.0
6 8 192.0 156.0
20 1 111.0 74.0
3 9 126.0 167.0
15 2 174.0 71.0
47 18 149.0 15.0
13 8 158.0 5.0
8 2 62.0 189.0
10 1 48.0 89.0
25 18 150.0 192.0
15 48 10.0 61.0
7 14 143.0 136.0
49 40 89.0 117.0
1 9 20.0 39.0
22 30 22.0 130.0
9 2 55.0 84.0
12 22 185.0 56.0
18 27 5.0 136.0
21 33 142.0 15.0
50 20 107.0 37.0
38 7 77.0 196.0
21 3 58.0 49.0
11 24 21.0 80.0
11 21 58.0 76.0
16 3 117.0 43.0
35 40 0.0 74.0
3 19 163.0 94.0
37 9 113.0 70.0
15 8 183.0 143.0
43 13 85.0 41.0
2 17 175.0 106.0
7 44 33.0 33.0
30 40 104.0 102.0
6 51 193.0 105.0
15 12 67.0 108.0
52 26 122.0 132.0
12 17 2.0 57.0
30 38 192.0 40.0
25 31 114.0 119.0
14 4 5.0 99.0
14 6 92.0 61.0
46 10 99.0 85.0
1 34 153.0 118.0
6 35 176.0 28.0
52 48 146.0 178.0
12 29 60.0 90.0
7 25 102.0 174.0
1 18 93.0 59.0
3 22 157.0 186.0
6 3 61.0 8.0
17 19 196.0 15.0
19 4 54.0 172.0
25 47 16.0 0.0
3 5 190.0 76.0
15 53 12.0 93.0
7 26 104.0 106.0
26 46 17.0 13.0
8 11 36.0 30.0
19 1 76.0 33.0
14 2 73.0 130.0
12 9 182.0 89.0
16 24 25.0 172.0
2 1 102.0 189.0
8 4 147.0 6.0
32 10 159.0 116.0
5 48 45.0 195.0
5 7 185.0 73.0
9 53 46.0 10.0
4 31 12.0 28.0
11 2 194.0 189.0
21 1 140.0 96.0
41 47 21.0 40.0
7 4 124.0 132.0
3 44 48.0 169.0
17 5 198.0 185.0
46 4 36.0 45.0
34 42 168.0 48.0
33 12 101.0 114.0
13 46 50.0 41.0
19 5 45.0 23.0
47 33 45.0 169.0
4 5 96.0 45.0
5 9 131.0 95.0
48 38 176.0 120.0
5 25 0.0 96.0
16 25 30.0 101.0
17 8 87.0 32.0
9 13 70.0 132.0
13 5 199.0 115.0
45 6 78.0 96.0
50 45 121.0 162.0
29 16 56.0 49.0
19 30 112.0 56.0
4 2 129.0 94.0
44 45 132.0 16.0
7 17 97.0 2.0
34 44 52.0 97.0
28 24 174.0 130.0
15 11 75.0 47.0
19 2 81.0 131.0
33 8 100.0 145.0
11 23 53.0 29.0
14 38 52.0 185.0
3 20 158.0 150.0
12 5 39.0 10.0
1 15 184.0 165.0
6 13 167.0 59.0
22 28 5.0 0.0
35 44 132.0 106.0
13 20 104.0 185.0
4 51 184.0 157.0
2 22 71.0 94.0
11 3 2.0 63.0
50 51 38.0 186.0
11 12 157.0 157.0
2 43 22.0 163.0
33 30 42.0 106.0
13 12 42.0 98.0
40 29 29.0 178.0
32 48 172.0 100.0
23 1 30.0 126.0
16 9 41.0 20.0
36 39 49.0 150.0
28 33 192.0 23.0
41 39 195.0 34.0
14 10 139.0 189.0
2 31 158.0 168.0
20 4 26.0 131.0
10 11 184.0 56.0
43 14 183.0 177.0
52 41 95.0 32.0
53 19 79.0 87.0
36 30 13.0 26.0
12 10 1.0 104.0
37 6 31.0 160.0
9 40 132.0 57.0
20 53 174.0 68.0
13 38 54.0 158.0
12 7 118.0 101.0
9 15 190.0 149.0
23 3 122.0 155.0
10 15 30.0 124.0
53 41 128.0 62.0
6 10 179.0 12.0
9 41 184.0 106.0
4 17 155.0 38.0
25 14 108.0 73.0
18 4 44.0 51.0
46 25 46.0 119.0
41 37 101.0 77.0
3 1 158.0 181.0
10 23 100.0 89.0
19 7 9.0 36.0
6 18 18.0 165.0
23 2 198.0 78.0
21 2 68.0 194.0
27 13 58.0 67.0
28 36 139.0 111.0
36 6 149.0 97.0
28 49 18.0 1.0
40 39 146.0 179.0
3 48 183.0 164.0
37 33 4.0 133.0
1 24 68.0 25.0
1 51 102.0 126.0
33 31 127.0 41.0
16 7 121.0 28.0
18 2 116.0 91.0
21 4 37.0 62.0
37 7 6.0 172.0
19 33 1.0 11.0
42 9 131.0 69.0
6 17 20.0 33.0
26 12 19.0 147.0
1 26 52.0 92.0
10 44 177.0 168.0
1 35 78.0 166.0
20 40 38.0 37.0
24 2 87.0 191.0
25 33 20.0 18.0
49 34 96.0 40.0
45 13 53.0 67.0
38 27 24.0 105.0
17 47 158.0 153.0
7 51 74.0 37.0
37 47 160.0 112.0
20 6 14.0 47.0
38 24 28.0 34.0
4 45 52.0 76.0
4 53 31.0 57.0
26 4 6.0 55.0
7 20 100.0 164.0
6 28 92.0 174.0
21 52 157.0 4.0
4 40 163.0 123.0
19 8 42.0 143.0
32 33 52.0 46.0
11 37 73.0 84.0
19 26 110.0 31.0
34 53 181.0 11.0
28 50 80.0 25.0
13 14 23.0 38.0
45 35 5.0 139.0
13 15 158.0 199.0
12 14 120.0 163.0
48 27 72.0 145.0
31 16 39.0 182.0
14 9 73.0 172.0
36 35 163.0 105.0
8 41 12.0 139.0
23 14 32.0 169.0
41 26 166.0 142.0
37 49 19.0 39.0
22 24 195.0 43.0
6 22 37.0 34.0
39 50 110.0 62.0
31 39 184.0 25.0
12 6 24.0 148.0
19 11 107.0 8.0
6 24 154.0 25.0
14 15 16.0 173.0
23 4 66.0 11.0
29 1 69.0 55.0
5 22 112.0 179.0
11 17 51.0 48.0
13 11 115.0 27.0
29 8 54.0 174.0
8 22 2.0 9.0
1 46 73.0 170.0
31 36 145.0 139.0
9 38 87.0 166.0
41 48 100.0 152.0
13 18 22.0 103.0
26 5 118.0 90.0
52 11 160.0 173.0
11 34 89.0 162.0
16 10 19.0 162.0
42 52 150.0 116.0
36 1 64.0 190.0
5 21 81.0 116.0
25 23 147.0 103.0
46 52 173.0 66.0
25 4 178.0 133.0
32 6 41.0 67.0
17 10 152.0 61.0
24 35 36.0 102.0
5 20 191.0 100.0
27 3 33.0 72.0
20 48 42.0 180.0
25 12 83.0 15.0
10 22 10.0 62.0
3 24 34.0 52.0
15 31 51.0 186.0
44 33 54.0 88.0
47 51 119.0 46.0
16 51 49.0 152.0
24 33 120.0 43.0
5 23 169.0 3.0
8 14 61.0 179.0
52 22 66.0 47.0
18 9 91.0 118.0
33 20 158.0 97.0
17 29 159.0 30.0
27 25 164.0 160.0
4 49 151.0 36.0
7 21 175.0 72.0
51 46 12.0 188.0
15 25 35.0 79.0
10 18 197.0 78.0
15 29 157.0 108.0
11 9 141.0 69.0
30 44 44.0 58.0
19 10 48.0 195.0
50 12 48.0 175.0
9 4 161.0 60.0
26 20 74.0 197.0
11 18 51.0 24.0
40 41 131.0 9.0
21 9 94.0 72.0
49 15 93.0 90.0
2 30 63.0 141.0
6 25 79.0 63.0
38 4 87.0 40.0
15 7 160.0 113.0
52 18 76.0 11.0
7 23 43.0 7.0
3 49 110.0 138.0
42 32 43.0 155.0
14 16 74.0 59.0
2 25 54.0 105.0
26 6 166.0 93.0
13 16 8.0 126.0
14 45 117.0 37.0
22 36 160.0 161.0
22 9 47.0 22.0
2 29 49.0 90.0
34 50 47.0 124.0
51 24 70.0 101.0
10 13 71.0 36.0
1 49 49.0 31.0
41 32 162.0 166.0
16 12 197.0 74.0
5 44 10.0 44.0
34 32 108.0 59.0
28 10 108.0 156.0
23 8 148.0 179.0
5 27 109.0 171.0
28 26 86.0 158.0
26 2 88.0 48.0
17 16 134.0 86.0
27 4 102.0 144.0
42 29 102.0 10.0
22 7 112.0 162.0
4 28 84.0 13.0
3 29 95.0 193.0
44 48 163.0 133.0
17 9 135.0 51.0
47 1 131.0 70.0
3 25 141.0 33.0
44 27 118.0 195.0
9 24 194.0 30.0
29 4 64.0 78.0
9 52 119.0 111.0
14 18 57.0 34.0
20 11 185.0 193.0
18 5 51.0 68.0
32 1 104.0 193.0
6 1 114.0 22.0
28 2 150.0 108.0
19 14 132.0 14.0
6 19 39.0 3.0
4 24 52.0 97.0
18 29 155.0 189.0
19 12 86.0 7.0
15 16 110.0 142.0
36 10 191.0 177.0
12 31 121.0 93.0
16 19 137.0 5.0
6 21 12.0 177.0
24 7 74.0 16.0
22 47 21.0 30.0
42 7 28.0 59.0
26 8 185.0 138.0
25 9 39.0 128.0
43 52 129.0 160.0
40 50 18.0 66.0
6 29 76.0 182.0
24 12 185.0 103.0
39 25 73.0 6.0
31 46 119.0 101.0
5 30 186.0 104.0
19 15 12.0 178.0
41 30 87.0 141.0
20 8 86.0 58.0
16 18 73.0 162.0
37 24 98.0 58.0
33 3 176.0 124.0
17 27 55.0 47.0
28 7 77.0 193.0
21 14 95.0 41.0
45 33 70.0 135.0
41 44 50.0 108.0
2 38 80.0 75.0
7 27 190.0 131.0
53 45 90.0 119.0
50 29 50.0 145.0
30 6 111.0 79.0
44 22 76.0 159.0
8 16 150.0 98.0
32 39 80.0 153.0
16 6 68.0 113.0
10 25 17.0 59.0
19 13 35.0 59.0
12 18 71.0 37.0
27 9 61.0 182.0
52 38 92.0 89.0
20 15 130.0 195.0
6 40 125.0 163.0
5 31 91.0 194.0
30 4 27.0 60.0
20 10 135.0 62.0
8 28 27.0 158.0
22 14 5.0 88.0
33 46 126.0 98.0
13 30 165.0 56.0
3 28 121.0 91.0
4 42 71.0 164.0
40 43 129.0 98.0
50 25 77.0 64.0
13 21 181.0 105.0
50 33 54.0 187.0
27 1 95.0 180.0
34 22 27.0 13.0
3 31 160.0 148.0
28 9 183.0 31.0
52 40 91.0 112.0
43 22 8.0 120.0
2 34 123.0 189.0
40 36 102.0 178.0
19 39 151.0 149.0
3 34 12.0 178.0
8 30 159.0 124.0
5 40 186.0 94.0
31 7 80.0 29.0
2 36 94.0 88.0
12 35 154.0 18.0
49 21 28.0 8.0
22 16 110.0 179.0
47 29 42.0 74.0
24 49 133.0 154.0
35 8 191.0 71.0
3 37 150.0 23.0
22 11 32.0 44.0
17 20 4.0 138.0
8 25 69.0 32.0
21 50 32.0 131.0
25 49 63.0 74.0
18 17 108.0 148.0
10 24 92.0 51.0
24 34 24.0 42.0
18 20 33.0 9.0
50 49 63.0 37.0
33 48 54.0 132.0
23 34 12.0 86.0
29 34 175.0 27.0
34 4 74.0 36.0
7 34 169.0 166.0
17 15 53.0 193.0
11 26 99.0 38.0
32 3 148.0 163.0
2 51 188.0 154.0
32 37 35.0 152.0
21 15 197.0 163.0
11 28 52.0 23.0
15 24 105.0 21.0
53 35 100.0 110.0
23 9 175.0 199.0
16 20 179.0 123.0
27 6 177.0 119.0
4 35 173.0 12.0
13 49 156.0 171.0
19 20 117.0 8.0
36 5 189.0 174.0
22 15 20.0 89.0
41 17 10.0 195.0
12 23 69.0 141.0
34 5 168.0 198.0
43 39 133.0 94.0
35 5 17.0 89.0
38 26 99.0 86.0
3 38 82.0 41.0
26 42 130.0 54.0
37 26 31.0 92.0
10 29 124.0 52.0
13 34 178.0 92.0
51 42 56.0 111.0
4 52 167.0 25.0
3 35 137.0 18.0
13 47 20.0 171.0
15 32 17.0 150.0
17 21 52.0 48.0
42 25 123.0 176.0
37 45 22.0 53.0
13 29 114.0 78.0
27 24 72.0 81.0
19 18 43.0 161.0
26 13 5.0 63.0
33 4 137.0 175.0
30 10 188.0 141.0
32 8 84.0 63.0
41 5 48.0 58.0
29 11 150.0 163.0
51 41 64.0 174.0
18 21 64.0 107.0
51 22 176.0 21.0
6 31 47.0 65.0
37 1 0.0 187.0
25 11 165.0 37.0
14 24 198.0 165.0
33 7 129.0 148.0
34 17 77.0 194.0
4 37 28.0 93.0
20 22 15.0 5.0
2 52 83.0 14.0
4 48 56.0 36.0
22 13 17.0 21.0
6 34 105.0 16.0
36 33 144.0 186.0
38 5 0.0 174.0
50 24 162.0 29.0
46 8 46.0 129.0
2 35 189.0 81.0
28 13 197.0 46.0
15 26 111.0 166.0
16 37 74.0 16.0
18 22 90.0 170.0
6 47 121.0 90.0
24 19 50.0 35.0
15 23 18.0 48.0
19 23 54.0 159.0
8 18 38.0 3.0
34 40 183.0 149.0
6 33 3.0 9.0
12 51 6.0 45.0
35 7 96.0 127.0
11 48 120.0 99.0
16 21 139.0 138.0
1 38 125.0 145.0
22 32 184.0 115.0
39 2 174.0 120.0
3 2 4.0 129.0
31 38 194.0 163.0
53 17 124.0 42.0
17 22 36.0 45.0
23 16 70.0 175.0
23 18 193.0 147.0
26 17 91.0 129.0
27 15 163.0 65.0
4 32 144.0 120.0
53 43 134.0 90.0
38 21 82.0 58.0
36 41 171.0 70.0
29 35 176.0 42.0
33 10 140.0 121.0
34 46 186.0 32.0
46 37 31.0 102.0
1 40 12.0 176.0
17 24 134.0 98.0
28 29 82.0 17.0
21 23 3.0 53.0
28 15 4.0 132.0
3 40 145.0 97.0
14 26 157.0 131.0
32 53 22.0 188.0
7 36 16.0 187.0
26 16 38.0 151.0
38 6 7.0 72.0
16 39 93.0 162.0
50 9 162.0 49.0
27 12 156.0 59.0
10 49 158.0 113.0
48 23 184.0 132.0
37 5 57.0 0.0
34 9 103.0 48.0
18 24 31.0 62.0
43 35 76.0 76.0
34 10 123.0 190.0
40 2 3.0 80.0
18 39 17.0 113.0
33 2 122.0 1.0
14 29 26.0 131.0
18 51 129.0 82.0
25 19 154.0 160.0
30 12 145.0 30.0
36 9 137.0 68.0
1 41 64.0 93.0
30 14 197.0 33.0
53 10 122.0 71.0
24 26 198.0 100.0
32 5 90.0 127.0
34 12 0.0 197.0
45 26 189.0 145.0
21 22 175.0 78.0
31 35 64.0 191.0
30 18 134.0 62.0
5 24 153.0 8.0
20 12 175.0 151.0
27 14 170.0 65.0
21 24 146.0 171.0
33 53 98.0 87.0
14 41 101.0 26.0
31 13 123.0 165.0
34 35 158.0 57.0
32 11 1.0 63.0
49 52 18.0 176.0
2 42 68.0 189.0
28 14 106.0 166.0
20 21 63.0 5.0
39 6 116.0 116.0
34 36 99.0 39.0
14 34 174.0 9.0
20 25 41.0 175.0
34 45 190.0 12.0
7 39 58.0 10.0
26 18 45.0 165.0
41 6 9.0 108.0
30 16 161.0 125.0
33 39 119.0 12.0
35 15 79.0 93.0
41 3 39.0 73.0
33 13 22.0 29.0
26 23 55.0 33.0
31 14 103.0 100.0
49 18 177.0 64.0
3 42 195.0 138.0
44 40 23.0 114.0
33 40 172.0 55.0
27 19 56.0 163.0
4 39 107.0 31.0
28 47 152.0 162.0
29 30 134.0 7.0
28 19 65.0 63.0
2 41 72.0 60.0
15 33 181.0 95.0
50 47 170.0 105.0
47 30 99.0 27.0
35 41 196.0 6.0
8 38 136.0 148.0
9 33 62.0 22.0
20 28 192.0 127.0
27 47 47.0 16.0
29 19 105.0 180.0
47 45 148.0 76.0
53 21 71.0 48.0
40 31 139.0 67.0
7 30 14.0 27.0
27 39 4.0 76.0
45 30 76.0 148.0
13 32 11.0 75.0
12 32 146.0 68.0
38 12 104.0 46.0
50 31 16.0 175.0
26 22 132.0 155.0
13 37 187.0 146.0
15 45 69.0 192.0
43 7 122.0 98.0
10 43 37.0 133.0
10 39 179.0 135.0
17 14 2.0 84.0
23 24 33.0 18.0
40 8 119.0 117.0
17 32 44.0 107.0
2 45 16.0 65.0
17 50 152.0 90.0
31 19 174.0 141.0
47 2 28.0 154.0
41 42 190.0 30.0
14 37 7.0 175.0
24 25 139.0 127.0
34 16 96.0 135.0
37 10 132.0 64.0
35 26 109.0 85.0
28 12 109.0 36.0
25 22 17.0 89.0
11 38 85.0 159.0
47 4 152.0 45.0
4 36 37.0 91.0
49 35 99.0 85.0
21 27 48.0 31.0
42 18 36.0 110.0
52 25 6.0 97.0
43 5 172.0 175.0
20 29 131.0 9.0
12 37 102.0 83.0
50 16 40.0 91.0
22 29 134.0 139.0
43 4 183.0 134.0
46 3 142.0 19.0
20 31 182.0 148.0
39 11 113.0 106.0
6 46 133.0 197.0
11 31 101.0 35.0
48 22 113.0 141.0
16 33 181.0 47.0
48 2 51.0 165.0
27 23 121.0 194.0
16 28 12.0 55.0
8 43 131.0 125.0
11 41 152.0 65.0
44 6 66.0 53.0
33 17 82.0 180.0
35 13 88.0 15.0
12 39 44.0 139.0
11 40 26.0 117.0
5 47 150.0 38.0
49 44 116.0 33.0
10 42 97.0 69.0
37 29 82.0 163.0
30 27 1.0 116.0
52 29 140.0 41.0
1 50 85.0 184.0
34 19 46.0 63.0
17 30 112.0 148.0
23 22 158.0 29.0
49 16 87.0 7.0
23 29 194.0 169.0
50 2 45.0 147.0
5 46 185.0 138.0
42 11 188.0 70.0
31 22 2.0 35.0
43 44 154.0 66.0
42 12 54.0 113.0
33 22 118.0 141.0
50 4 166.0 64.0
15 34 69.0 11.0
20 30 26.0 54.0
1 52 152.0 15.0
42 6 99.0 106.0
3 47 7.0 54.0
41 12 13.0 13.0
47 35 139.0 83.0
3 45 22.0 105.0
26 40 167.0 91.0
31 23 194.0 194.0
40 12 40.0 146.0
49 38 100.0 139.0
10 50 196.0 107.0
26 27 8.0 162.0
14 35 100.0 147.0
9 48 8.0 122.0
34 25 42.0 127.0
8 44 142.0 36.0
36 17 93.0 182.0
23 30 115.0 194.0
23 53 84.0 111.0
34 20 57.0 44.0
39 13 168.0 109.0
28 45 67.0 128.0
16 36 166.0 62.0
18 34 59.0 60.0
44 9 123.0 105.0
46 7 88.0 190.0
40 13 182.0 124.0
39 15 102.0 39.0
35 28 106.0 70.0
15 38 35.0 126.0
8 21 135.0 153.0
34 21 175.0 146.0
7 45 29.0 51.0
40 15 7.0 118.0
46 47 127.0 189.0
17 37 26.0 29.0
32 21 119.0 133.0
35 17 112.0 154.0
18 36 189.0 47.0
27 31 185.0 117.0
10 40 100.0 14.0
3 14 9.0 107.0
3 50 146.0 136.0
39 9 63.0 172.0
53 37 76.0 182.0
53 1 19.0 140.0
43 12 124.0 161.0
41 13 83.0 109.0
5 49 7.0 135.0
35 30 143.0 16.0
37 25 24.0 89.0
9 45 95.0 88.0
45 12 187.0 123.0
40 14 58.0 159.0
25 30 42.0 182.0
17 38 196.0 77.0
7 48 31.0 155.0
18 37 2.0 126.0
20 35 50.0 27.0
5 50 147.0 98.0
36 15 48.0 87.0
15 42 193.0 107.0
21 31 68.0 187.0
3 52 156.0 64.0
41 19 37.0 187.0
44 14 172.0 192.0
3 39 108.0 174.0
35 22 23.0 8.0
31 24 187.0 72.0
7 49 11.0 133.0
53 3 9.0 31.0
36 19 15.0 165.0
1 48 162.0 5.0
32 24 49.0 134.0
25 32 54.0 158.0
23 33 83.0 29.0
17 43 106.0 70.0
20 2 157.0 69.0
45 49 61.0 166.0
5 1 165.0 29.0
44 12 6.0 79.0
29 26 151.0 55.0
6 52 111.0 157.0
11 45 96.0 146.0
45 51 72.0 154.0
41 15 48.0 29.0
7 52 174.0 61.0
53 2 116.0 92.0
6 50 107.0 74.0
40 17 115.0 10.0
46 9 83.0 26.0
10 47 194.0 131.0
13 42 64.0 18.0
38 20 89.0 64.0
25 41 28.0 63.0
42 36 93.0 96.0
21 37 16.0 152.0
28 39 52.0 131.0
48 12 188.0 87.0
8 50 125.0 134.0
25 21 70.0 142.0
24 30 101.0 111.0
21 39 101.0 81.0
47 9 113.0 146.0
42 22 153.0 81.0
37 22 48.0 158.0
11 51 58.0 188.0
53 5 73.0 136.0
44 15 181.0 144.0
9 49 169.0 34.0
25 35 169.0 22.0
42 16 145.0 82.0
27 32 184.0 50.0
48 35 106.0 184.0
16 35 22.0 116.0
28 31 123.0 48.0
11 53 119.0 56.0
44 16 86.0 40.0
19 40 106.0 55.0
40 18 152.0 51.0
30 26 38.0 88.0
53 8 20.0 96.0
45 16 92.0 194.0
50 11 3.0 168.0
8 51 138.0 74.0
41 31 80.0 24.0
49 46 14.0 138.0
42 28 78.0 119.0
37 19 9.0 116.0
30 49 29.0 29.0
47 14 145.0 73.0
44 18 52.0 149.0
45 17 141.0 190.0
29 31 170.0 173.0
46 16 118.0 137.0
12 49 48.0 196.0
12 47 199.0 57.0
47 15 52.0 28.0
25 38 80.0 150.0
8 48 17.0 84.0
16 41 164.0 110.0
47 8 39.0 87.0
51 9 1.0 109.0
39 23 151.0 2.0
26 31 45.0 103.0
23 38 64.0 49.0
28 34 33.0 96.0
16 32 125.0 2.0
40 32 1.0 41.0
35 23 97.0 192.0
52 5 192.0 50.0
41 18 127.0 144.0
32 29 18.0 172.0
33 29 20.0 82.0
20 44 23.0 53.0
39 24 118.0 148.0
21 36 69.0 119.0
24 36 79.0 118.0
25 36 170.0 71.0
52 12 189.0 49.0
23 40 49.0 7.0
45 18 167.0 69.0
42 19 82.0 143.0
41 20 154.0 0.0
35 27 56.0 23.0
43 20 98.0 135.0
51 10 188.0 68.0
50 13 44.0 130.0
33 18 36.0 93.0
30 31 102.0 156.0
32 28 22.0 136.0
27 36 176.0 176.0
14 49 93.0 184.0
13 52 60.0 143.0
46 17 107.0 49.0
21 43 122.0 152.0
31 32 199.0 159.0
48 17 100.0 54.0
47 23 60.0 122.0
14 48 142.0 188.0
50 14 47.0 188.0
53 51 25.0 108.0
18 46 127.0 84.0
41 22 156.0 50.0
13 51 146.0 108.0
44 21 146.0 46.0
23 43 87.0 6.0
49 11 173.0 30.0
37 28 115.0 173.0
48 16 44.0 92.0
13 48 182.0 124.0
45 19 199.0 138.0
29 36 67.0 97.0
28 38 17.0 13.0
23 41 188.0 104.0
37 42 190.0 113.0
19 47 6.0 57.0
50 38 165.0 2.0
12 53 42.0 147.0
42 23 139.0 193.0
34 30 197.0 6.0
46 21 2.0 14.0
20 46 13.0 142.0
24 41 61.0 155.0
22 45 118.0 67.0
27 40 143.0 35.0
30 37 49.0 137.0
24 42 9.0 188.0
46 15 111.0 6.0
51 14 109.0 66.0
18 48 0.0 75.0
19 49 111.0 61.0
51 44 60.0 29.0
36 32 195.0 3.0
51 20 124.0 44.0
19 50 53.0 134.0
33 43 146.0 165.0
32 20 60.0 56.0
49 32 8.0 60.0
46 23 108.0 119.0
31 37 153.0 121.0
39 30 68.0 149.0
28 41 97.0 192.0
35 37 62.0 151.0
38 51 188.0 9.0
20 45 42.0 48.0
45 23 13.0 50.0
28 40 136.0 74.0
47 21 138.0 89.0
46 22 193.0 158.0
46 39 18.0 42.0
51 15 152.0 81.0
45 27 64.0 140.0
53 49 159.0 59.0
21 51 181.0 124.0
52 16 4.0 69.0
32 30 169.0 94.0
29 43 37.0 162.0
51 17 136.0 8.0
50 18 163.0 88.0
52 17 94.0 180.0
53 6 168.0 53.0
49 17 35.0 101.0
43 19 73.0 40.0
47 11 31.0 42.0
36 37 46.0 21.0
53 16 63.0 134.0
42 21 57.0 26.0
47 24 122.0 151.0
50 23 50.0 42.0
48 25 61.0 85.0
41 29 148.0 87.0
52 19 7.0 132.0
20 52 151.0 5.0
25 28 156.0 14.0
24 48 115.0 13.0
41 34 52.0 189.0
24 40 53.0 54.0
45 29 145.0 67.0
44 53 85.0 93.0
33 27 129.0 44.0
48 21 64.0 80.0
49 31 5.0 20.0
38 34 94.0 72.0
29 39 69.0 98.0
52 23 171.0 75.0
47 26 14.0 116.0
51 23 187.0 52.0
44 36 69.0 69.0
53 38 142.0 134.0
22 53 91.0 100.0
22 50 193.0 137.0
33 34 78.0 15.0
31 43 33.0 49.0
22 49 32.0 48.0
27 42 66.0 171.0
37 40 102.0 135.0
18 38 42.0 45.0
36 38 172.0 85.0
49 27 103.0 165.0
45 31 198.0 134.0
33 42 54.0 31.0
50 27 28.0 38.0
31 48 136.0 94.0
41 33 48.0 38.0
53 24 83.0 42.0
25 51 2.0 55.0
36 43 159.0 57.0
28 52 175.0 157.0
22 38 28.0 182.0
44 32 7.0 8.0
52 24 41.0 143.0
43 27 190.0 89.0
52 37 150.0 73.0
45 32 161.0 152.0
50 30 6.0 72.0
32 43 80.0 133.0
37 27 93.0 60.0
46 28 126.0 53.0
30 53 109.0 119.0
42 31 100.0 100.0
34 43 104.0 2.0
46 32 107.0 17.0
37 43 20.0 65.0
51 28 192.0 52.0
43 30 58.0 37.0
38 45 158.0 136.0
40 38 121.0 20.0
43 38 62.0 173.0
36 47 3.0 118.0
50 32 149.0 62.0
44 28 48.0 121.0
53 29 96.0 192.0
27 51 27.0 106.0
33 38 63.0 185.0
51 31 19.0 184.0
26 50 179.0 33.0
32 47 167.0 134.0
44 39 17.0 68.0
41 43 154.0 65.0
35 39 58.0 50.0
42 40 111.0 85.0
42 30 105.0 126.0
27 41 161.0 77.0
35 42 58.0 92.0
40 47 54.0 177.0
38 46 52.0 72.0
36 45 54.0 159.0
51 33 138.0 64.0
31 52 125.0 1.0
51 35 55.0 182.0
26 44 114.0 169.0
51 34 88.0 172.0
45 40 168.0 95.0
50 35 132.0 173.0
53 28 107.0 186.0
44 2 115.0 197.0
46 41 27.0 40.0
42 44 67.0 82.0
52 36 108.0 133.0
49 36 57.0 149.0
32 51 152.0 178.0
51 37 123.0 36.0
52 34 80.0 183.0
35 52 81.0 148.0
45 46 8.0 108.0
44 37 150.0 27.0
42 48 59.0 10.0
43 46 23.0 116.0
49 48 70.0 127.0
46 40 184.0 146.0
42 43 68.0 17.0
42 50 144.0 149.0
32 52 21.0 153.0
51 43 194.0 123.0
40 48 158.0 53.0
38 42 0.0 182.0
49 29 165.0 23.0
50 36 116.0 150.0
46 19 15.0 137.0
50 41 189.0 112.0
44 11 48.0 162.0
42 47 90.0 194.0
52 44 168.0 1.0
50 44 88.0 120.0
50 37 22.0 54.0
47 52 170.0 90.0
48 34 159.0 186.0
49 51 114.0 100.0
39 49 64.0 114.0
27 53 175.0 107.0
46 29 179.0 95.0
44 46 39.0 68.0
49 43 32.0 61.0
50 46 105.0 2.0
53 42 197.0 16.0
51 48 57.0 63.0
32 38 136.0 122.0
52 51 96.0 63.0
36 53 132.0 76.0
53 26 94.0 171.0
26 49 48.0 126.0
48 53 68.0 105.0
47 38 12.0 18.0
31 8 73.0 69.0
52 8 48.0 161.0
7 53 61.0 145.0
50 43 166.0 193.0
51 36 135.0 61.0
48 46 39.0 135.0
47 53 194.0 59.0
51 39 102.0 158.0
44 47 170.0 127.0
9 26 47.0 18.0
44 29 0.0 61.0
51 30 5.0 119.0
48 47 73.0 92.0
39 37 196.0 64.0
5 39 84.0 190.0
39 47 64.0 139.0
30 48 2.0 34.0
49 42 172.0 50.0
31 44 161.0 124.0
42 45 193.0 166.0
49 47 199.0 18.0
50 53 10.0 147.0
39 45 112.0 94.0
27 29 116.0 177.0
38 35 63.0 119.0
43 45 193.0 35.0
49 41 53.0 154.0
33 52 82.0 46.0
0
