54 1431 20 17 220699
31 6 7.0 106.0
52 16 161.0 197.0
41 22 91.0 179.0
13 21 121.0 10.0
11 16 52.0 42.0
36 35 4.0 163.0
28 11 58.0 149.0
30 54 164.0 131.0
5 16 155.0 171.0
31 43 109.0 68.0
11 15 6.0 152.0
35 9 86.0 79.0
25 8 57.0 138.0
5 15 15.0 61.0
41 14 87.0 73.0
13 12 137.0 3.0
27 28 103.0 44.0
16 40 101.0 164.0
54 19 125.0 107.0
27 44 78.0 12.0
51 17 168.0 87.0
47 54 174.0 183.0
29 38 78.0 14.0
49 10 8.0 15.0
53 11 192.0 63.0
50 32 38.0 93.0
12 44 78.0 115.0
33 46 104.0 108.0
9 31 186.0 73.0
30 33 9.0 113.0
16 38 31.0 87.0
9 20 193.0 192.0
30 26 192.0 185.0
20 17 130.0 182.0
6 40 75.0 160.0
32 6 159.0 132.0
36 52 162.0 97.0
46 29 183.0 171.0
12 29 138.0 166.0
48 41 84.0 83.0
29 43 1.0 28.0
5 21 34.0 83.0
7 33 141.0 61.0
4 12 82.0 52.0
13 2 116.0 44.0
47 30 1.0 99.0
20 44 147.0 91.0
47 29 142.0 31.0
33 1 197.0 95.0
21 31 186.0 183.0
9 19 191.0 79.0
35 26 140.0 73.0
44 4 97.0 56.0
33 24 166.0 50.0
30 3 53.0 65.0
47 3 167.0 195.0
3 49 35.0 164.0
25 18 99.0 173.0
52 54 133.0 90.0
41 1 73.0 74.0
4 37 174.0 170.0
23 28 67.0 92.0
30 2 87.0 72.0
20 16 66.0 54.0
10 17 185.0 101.0
50 51 13.0 84.0
12 26 168.0 146.0
42 11 180.0 41.0
10 1 101.0 154.0
44 1 156.0 168.0
18 41 161.0 195.0
2 11 72.0 27.0
27 45 42.0 57.0
3 29 34.0 7.0
16 18 168.0 2.0
45 2 37.0 148.0
18 52 0.0 138.0
14 53 9.0 108.0
1 43 61.0 122.0
53 52 30.0 85.0
4 27 183.0 24.0
17 2 161.0 169.0
20 10 167.0 129.0
12 43 182.0 156.0
2 33 90.0 183.0
47 38 106.0 51.0
42 38 5.0 119.0
51 31 103.0 188.0
19 29 87.0 39.0
31 3 133.0 0.0
13 25 3.0 52.0
29 7 101.0 185.0
1 27 62.0 143.0
27 14 111.0 120.0
13 26 195.0 69.0
11 3 45.0 50.0
26 8 65.0 132.0
11 24 134.0 198.0
48 11 31.0 137.0
33 53 16.0 84.0
42 18 7.0 78.0
47 25 47.0 118.0
12 14 136.0 42.0
11 17 18.0 182.0
25 37 88.0 83.0
6 45 70.0 22.0
17 4 95.0 53.0
18 10 28.0 111.0
44 53 91.0 35.0
39 17 82.0 138.0
30 49 194.0 18.0
28 45 15.0 12.0
28 16 18.0 103.0
22 44 14.0 41.0
9 7 21.0 61.0
33 23 101.0 50.0
8 3 7.0 144.0
20 38 141.0 89.0
48 52 48.0 135.0
43 14 175.0 15.0
5 9 124.0 145.0
32 35 135.0 138.0
42 46 17.0 109.0
30 36 38.0 70.0
39 37 92.0 197.0
20 7 73.0 33.0
4 45 101.0 121.0
4 46 61.0 28.0
34 49 59.0 185.0
45 18 49.0 146.0
5 6 102.0 18.0
53 31 67.0 92.0
14 2 160.0 111.0
8 35 168.0 33.0
25 36 83.0 22.0
27 3 107.0 96.0
13 5 97.0 118.0
22 2 88.0 98.0
19 10 143.0 190.0
2 31 116.0 10.0
32 4 98.0 29.0
38 49 185.0 18.0
46 45 69.0 68.0
48 49 27.0 129.0
53 28 60.0 124.0
29 22 89.0 100.0
47 31 1.0 184.0
7 27 199.0 70.0
46 50 36.0 49.0
6 48 187.0 21.0
1 26 7.0 56.0
2 7 108.0 34.0
54 2 1.0 120.0
23 7 178.0 42.0
13 1 42.0 179.0
13 10 191.0 41.0
21 41 166.0 179.0
50 1 73.0 105.0
26 48 103.0 80.0
4 7 36.0 163.0
21 4 64.0 37.0
10 39 173.0 42.0
1 8 183.0 15.0
46 15 179.0 174.0
1 45 111.0 97.0
2 10 4.0 185.0
49 50 15.0 59.0
15 1 166.0 51.0
8 49 16.0 30.0
33 13 83.0 141.0
49 51 77.0 66.0
11 5 166.0 56.0
10 8 157.0 77.0
13 29 72.0 161.0
41 19 20.0 39.0
12 1 3.0 187.0
18 8 107.0 171.0
37 47 96.0 190.0
5 17 184.0 125.0
7 8 51.0 102.0
2 40 148.0 8.0
15 50 130.0 172.0
30 35 39.0 102.0
1 5 89.0 42.0
6 11 157.0 149.0
4 40 97.0 5.0
3 37 53.0 33.0
42 40 55.0 104.0
26 50 165.0 155.0
2 4 184.0 95.0
36 34 146.0 23.0
4 1 50.0 187.0
12 7 61.0 7.0
47 15 128.0 158.0
13 23 61.0 133.0
24 28 146.0 68.0
23 24 145.0 63.0
1 11 42.0 129.0
9 1 99.0 188.0
17 37 2.0 101.0
43 33 92.0 63.0
47 6 70.0 172.0
44 2 197.0 131.0
30 25 53.0 95.0
48 36 126.0 198.0
10 48 129.0 121.0
49 42 50.0 28.0
24 30 54.0 4.0
8 22 165.0 98.0
44 16 62.0 35.0
17 40 79.0 59.0
10 16 46.0 133.0
51 26 183.0 125.0
36 41 43.0 113.0
28 8 49.0 45.0
54 35 116.0 103.0
18 50 118.0 82.0
8 4 161.0 181.0
5 47 59.0 40.0
24 50 13.0 58.0
38 32 20.0 149.0
34 43 40.0 63.0
4 11 34.0 41.0
9 3 36.0 151.0
19 18 178.0 154.0
37 48 43.0 91.0
41 25 179.0 102.0
36 11 18.0 145.0
4 49 132.0 190.0
53 8 71.0 125.0
13 41 128.0 106.0
3 7 65.0 164.0
8 9 96.0 43.0
23 8 190.0 139.0
32 13 180.0 122.0
39 4 58.0 199.0
52 46 77.0 142.0
16 46 61.0 148.0
33 41 49.0 189.0
9 6 9.0 114.0
20 42 87.0 106.0
49 22 167.0 30.0
34 41 50.0 148.0
44 10 36.0 60.0
17 9 83.0 65.0
1 2 56.0 96.0
5 45 187.0 57.0
35 6 73.0 197.0
9 44 29.0 112.0
11 25 196.0 148.0
11 23 65.0 198.0
48 9 84.0 53.0
33 15 34.0 119.0
17 25 8.0 42.0
15 18 150.0 195.0
39 5 55.0 23.0
14 3 4.0 36.0
31 19 124.0 0.0
4 29 28.0 142.0
37 20 172.0 112.0
35 27 102.0 7.0
51 30 6.0 62.0
4 16 123.0 156.0
19 24 105.0 130.0
29 15 96.0 109.0
50 36 136.0 173.0
10 4 171.0 164.0
39 18 80.0 144.0
10 7 165.0 134.0
1 19 53.0 171.0
33 10 160.0 177.0
33 6 76.0 65.0
37 34 129.0 125.0
31 45 104.0 65.0
48 40 27.0 75.0
9 4 127.0 108.0
35 37 27.0 92.0
6 3 45.0 32.0
12 5 104.0 157.0
32 15 95.0 181.0
10 23 42.0 24.0
13 36 121.0 146.0
21 14 137.0 100.0
24 5 171.0 64.0
42 12 42.0 198.0
8 6 19.0 39.0
33 45 61.0 75.0
10 3 72.0 156.0
3 16 174.0 114.0
10 5 148.0 47.0
34 31 130.0 85.0
35 34 159.0 102.0
45 39 87.0 153.0
6 2 28.0 58.0
3 15 111.0 89.0
6 13 8.0 183.0
9 22 56.0 183.0
42 31 94.0 4.0
23 36 87.0 177.0
31 24 105.0 198.0
4 5 71.0 144.0
17 1 37.0 99.0
8 12 29.0 148.0
25 14 21.0 190.0
51 34 41.0 29.0
26 18 38.0 87.0
53 37 120.0 77.0
6 16 83.0 177.0
8 13 76.0 154.0
4 24 115.0 65.0
12 2 36.0 96.0
25 31 76.0 9.0
10 9 23.0 117.0
26 33 1.0 61.0
16 21 20.0 73.0
52 42 97.0 103.0
29 2 152.0 125.0
41 9 8.0 19.0
36 42 99.0 44.0
19 34 69.0 127.0
42 1 18.0 92.0
33 48 125.0 19.0
17 3 65.0 146.0
46 26 172.0 114.0
44 30 73.0 76.0
54 6 136.0 81.0
9 30 68.0 187.0
8 2 77.0 138.0
5 35 62.0 95.0
29 53 35.0 140.0
4 23 6.0 100.0
48 1 50.0 178.0
46 1 138.0 124.0
22 4 16.0 74.0
50 42 69.0 84.0
7 6 189.0 147.0
5 14 197.0 4.0
16 19 20.0 184.0
41 50 173.0 26.0
12 54 9.0 176.0
16 23 169.0 99.0
11 7 196.0 137.0
13 3 67.0 18.0
23 2 57.0 56.0
15 6 20.0 6.0
19 33 90.0 40.0
28 36 31.0 16.0
7 14 43.0 192.0
1 21 5.0 12.0
16 1 157.0 2.0
50 5 23.0 24.0
15 4 48.0 32.0
21 2 1.0 69.0
35 24 8.0 44.0
5 29 8.0 191.0
1 30 48.0 52.0
21 23 148.0 53.0
5 7 193.0 105.0
14 42 68.0 168.0
36 47 6.0 117.0
49 15 170.0 8.0
38 3 32.0 130.0
3 18 68.0 192.0
9 13 91.0 116.0
4 13 131.0 39.0
20 5 108.0 124.0
8 27 138.0 129.0
19 49 34.0 145.0
25 42 87.0 156.0
20 1 173.0 119.0
41 11 73.0 193.0
5 30 73.0 164.0
39 36 111.0 156.0
2 53 76.0 172.0
25 44 120.0 14.0
38 26 35.0 106.0
10 11 125.0 122.0
7 16 14.0 50.0
47 10 118.0 39.0
1 38 87.0 192.0
35 43 9.0 198.0
42 35 161.0 37.0
24 13 170.0 34.0
13 11 132.0 5.0
6 12 9.0 9.0
37 13 132.0 176.0
38 52 160.0 50.0
52 5 81.0 199.0
48 22 180.0 43.0
19 45 143.0 141.0
19 2 48.0 66.0
13 50 175.0 132.0
50 6 177.0 137.0
18 6 9.0 61.0
19 47 3.0 121.0
13 19 105.0 85.0
40 33 189.0 85.0
2 18 45.0 133.0
21 12 126.0 45.0
7 52 126.0 102.0
19 46 24.0 55.0
13 18 184.0 33.0
18 5 191.0 188.0
1 24 143.0 97.0
19 3 65.0 133.0
20 3 172.0 62.0
14 30 191.0 98.0
27 49 59.0 69.0
2 50 47.0 83.0
29 21 127.0 184.0
4 14 48.0 118.0
26 52 54.0 191.0
8 5 119.0 71.0
5 51 63.0 43.0
42 33 182.0 7.0
27 31 142.0 193.0
42 43 99.0 189.0
25 10 166.0 26.0
40 24 46.0 14.0
37 50 70.0 52.0
53 45 80.0 142.0
3 28 155.0 96.0
6 46 78.0 89.0
18 4 85.0 20.0
5 3 54.0 136.0
14 28 184.0 20.0
51 41 180.0 31.0
37 12 130.0 3.0
18 54 169.0 162.0
43 7 162.0 77.0
52 45 197.0 192.0
2 9 111.0 34.0
1 7 12.0 166.0
30 23 49.0 149.0
9 14 21.0 30.0
17 7 127.0 151.0
43 50 12.0 96.0
3 52 141.0 174.0
14 1 197.0 138.0
27 51 112.0 108.0
54 53 28.0 76.0
38 8 42.0 78.0
8 15 173.0 15.0
4 35 23.0 100.0
30 37 11.0 35.0
51 3 70.0 153.0
25 38 67.0 67.0
9 16 111.0 131.0
2 20 23.0 91.0
12 18 190.0 65.0
32 3 26.0 115.0
37 26 85.0 1.0
9 36 142.0 97.0
54 31 135.0 164.0
14 50 61.0 154.0
47 8 16.0 124.0
2 16 30.0 39.0
24 9 71.0 20.0
11 19 38.0 49.0
44 50 171.0 124.0
20 6 95.0 65.0
34 54 68.0 30.0
11 14 75.0 130.0
14 6 171.0 91.0
1 18 112.0 1.0
38 51 28.0 183.0
15 39 117.0 66.0
50 23 27.0 41.0
18 9 138.0 122.0
51 10 4.0 159.0
39 48 168.0 31.0
48 34 70.0 92.0
9 46 97.0 182.0
42 34 129.0 125.0
15 12 89.0 199.0
27 39 154.0 116.0
51 12 90.0 44.0
25 3 90.0 47.0
3 41 92.0 10.0
11 9 111.0 162.0
9 53 15.0 9.0
48 21 18.0 97.0
9 51 69.0 107.0
35 13 138.0 175.0
40 14 111.0 181.0
1 6 19.0 153.0
3 44 12.0 111.0
7 28 166.0 75.0
26 47 38.0 133.0
2 15 105.0 57.0
51 19 70.0 174.0
2 25 107.0 9.0
19 8 96.0 170.0
23 5 180.0 67.0
24 38 9.0 144.0
11 39 78.0 175.0
7 19 131.0 116.0
32 18 121.0 37.0
37 24 134.0 192.0
23 3 138.0 194.0
46 53 169.0 186.0
33 32 183.0 149.0
24 3 189.0 192.0
47 14 122.0 67.0
6 34 118.0 6.0
52 34 55.0 192.0
10 6 23.0 189.0
30 8 88.0 161.0
7 15 196.0 57.0
22 7 137.0 179.0
41 26 70.0 126.0
8 11 117.0 145.0
14 8 94.0 188.0
41 47 152.0 101.0
14 13 61.0 176.0
9 12 30.0 101.0
12 16 142.0 26.0
19 32 73.0 31.0
14 10 170.0 143.0
38 17 88.0 87.0
24 6 185.0 134.0
14 26 131.0 138.0
27 53 56.0 192.0
4 48 144.0 38.0
34 25 24.0 38.0
12 11 101.0 97.0
27 19 187.0 71.0
36 33 24.0 76.0
39 43 1.0 162.0
23 1 76.0 133.0
10 12 25.0 84.0
20 47 126.0 122.0
33 27 111.0 150.0
27 10 114.0 12.0
5 22 129.0 102.0
7 21 35.0 105.0
7 38 42.0 37.0
6 37 141.0 70.0
8 21 170.0 167.0
1 22 166.0 49.0
32 48 136.0 77.0
13 16 47.0 2.0
43 53 174.0 176.0
33 20 183.0 9.0
20 27 124.0 25.0
25 23 120.0 66.0
43 24 79.0 90.0
15 13 179.0 45.0
6 17 194.0 67.0
45 17 193.0 41.0
31 46 17.0 167.0
26 5 55.0 0.0
24 48 199.0 180.0
32 23 124.0 119.0
46 3 9.0 155.0
20 39 96.0 140.0
22 6 144.0 90.0
17 18 108.0 137.0
25 45 7.0 125.0
41 44 63.0 62.0
54 15 128.0 63.0
37 1 127.0 4.0
3 12 150.0 88.0
13 22 91.0 46.0
22 16 67.0 35.0
49 5 129.0 175.0
12 17 117.0 136.0
31 37 185.0 132.0
14 20 41.0 114.0
21 35 178.0 169.0
4 19 46.0 128.0
14 16 27.0 137.0
1 29 92.0 46.0
2 28 134.0 21.0
18 44 5.0 3.0
22 10 157.0 143.0
24 8 165.0 198.0
42 30 61.0 143.0
34 13 119.0 59.0
25 6 119.0 99.0
27 12 27.0 11.0
42 8 194.0 113.0
13 31 154.0 152.0
35 16 87.0 111.0
23 31 135.0 4.0
6 30 62.0 149.0
42 15 26.0 134.0
44 26 135.0 97.0
2 26 98.0 163.0
11 27 140.0 92.0
20 53 149.0 95.0
25 5 147.0 188.0
25 7 106.0 35.0
18 23 167.0 120.0
32 2 54.0 193.0
24 44 18.0 189.0
23 6 150.0 116.0
8 31 126.0 42.0
27 5 0.0 27.0
1 28 172.0 100.0
48 20 50.0 30.0
42 2 167.0 17.0
54 14 45.0 173.0
19 26 158.0 63.0
22 32 0.0 60.0
24 2 152.0 78.0
51 4 192.0 105.0
17 8 79.0 116.0
35 10 67.0 82.0
11 54 55.0 34.0
29 45 116.0 100.0
32 34 142.0 26.0
27 41 42.0 95.0
8 16 133.0 146.0
27 2 103.0 77.0
23 34 52.0 135.0
43 36 190.0 119.0
35 41 179.0 46.0
17 13 189.0 47.0
47 53 164.0 131.0
25 1 53.0 6.0
33 4 135.0 186.0
7 24 165.0 38.0
20 8 101.0 169.0
41 16 59.0 92.0
15 16 13.0 190.0
20 4 154.0 2.0
24 54 176.0 71.0
27 38 168.0 29.0
18 7 91.0 55.0
21 10 192.0 8.0
12 20 113.0 46.0
47 23 117.0 124.0
18 11 120.0 82.0
25 35 119.0 27.0
35 11 138.0 95.0
10 32 62.0 58.0
4 28 180.0 153.0
37 22 129.0 125.0
53 24 61.0 195.0
46 12 41.0 130.0
3 26 42.0 113.0
28 6 75.0 113.0
17 16 70.0 13.0
11 38 35.0 132.0
43 44 95.0 15.0
30 4 88.0 176.0
24 12 124.0 101.0
9 25 29.0 117.0
52 30 198.0 23.0
44 39 66.0 74.0
18 14 87.0 136.0
6 27 151.0 74.0
2 5 103.0 198.0
43 8 198.0 143.0
10 24 141.0 122.0
40 23 26.0 122.0
14 32 98.0 176.0
6 19 83.0 116.0
28 9 9.0 123.0
29 8 129.0 160.0
25 12 174.0 184.0
53 15 184.0 124.0
22 19 106.0 126.0
3 45 13.0 84.0
11 22 132.0 64.0
19 15 9.0 167.0
22 51 9.0 170.0
34 3 183.0 91.0
36 6 79.0 109.0
36 20 32.0 16.0
9 26 70.0 138.0
17 15 40.0 84.0
38 9 2.0 172.0
47 7 17.0 11.0
6 21 126.0 179.0
21 11 9.0 110.0
34 40 5.0 40.0
3 22 85.0 189.0
1 53 93.0 155.0
4 26 89.0 133.0
12 23 124.0 91.0
45 15 84.0 93.0
1 31 155.0 11.0
31 14 96.0 164.0
7 30 145.0 53.0
4 31 163.0 30.0
45 49 177.0 8.0
19 12 173.0 18.0
49 7 102.0 49.0
37 41 56.0 186.0
27 9 117.0 11.0
39 38 163.0 165.0
28 43 96.0 108.0
14 17 135.0 60.0
16 33 62.0 112.0
9 15 66.0 187.0
1 32 61.0 168.0
48 8 2.0 117.0
33 51 127.0 71.0
34 20 91.0 90.0
8 51 68.0 139.0
18 34 174.0 4.0
2 34 134.0 189.0
52 39 144.0 1.0
14 19 48.0 158.0
31 20 85.0 50.0
6 26 115.0 12.0
34 1 166.0 158.0
17 35 150.0 34.0
30 17 21.0 76.0
46 14 162.0 156.0
53 40 159.0 59.0
4 25 59.0 7.0
29 52 0.0 144.0
23 37 41.0 68.0
21 9 70.0 159.0
49 52 126.0 172.0
9 23 195.0 147.0
19 36 12.0 157.0
21 19 147.0 123.0
28 21 78.0 6.0
7 31 126.0 78.0
3 33 76.0 119.0
36 27 49.0 146.0
40 36 7.0 127.0
41 54 90.0 2.0
36 1 199.0 55.0
27 37 162.0 146.0
26 7 8.0 40.0
13 7 120.0 86.0
26 32 94.0 148.0
4 34 59.0 95.0
22 17 189.0 18.0
19 17 84.0 32.0
12 34 165.0 35.0
32 12 134.0 127.0
28 34 147.0 95.0
31 5 111.0 19.0
22 36 126.0 5.0
23 17 131.0 137.0
20 45 77.0 121.0
15 21 166.0 114.0
1 54 113.0 131.0
34 5 72.0 48.0
31 18 176.0 20.0
19 5 167.0 39.0
21 17 21.0 94.0
26 11 124.0 104.0
5 32 20.0 154.0
53 5 74.0 138.0
2 35 52.0 140.0
30 31 19.0 125.0
48 18 63.0 196.0
35 48 143.0 183.0
21 20 81.0 116.0
2 37 152.0 157.0
23 44 81.0 124.0
10 30 101.0 155.0
24 22 22.0 153.0
52 47 22.0 41.0
10 50 112.0 86.0
21 18 9.0 7.0
39 1 110.0 42.0
22 14 95.0 14.0
33 5 146.0 176.0
15 41 191.0 199.0
8 50 167.0 165.0
28 10 63.0 189.0
29 50 125.0 127.0
20 19 146.0 86.0
51 45 107.0 9.0
10 26 142.0 3.0
39 50 116.0 41.0
36 49 147.0 59.0
6 49 81.0 114.0
36 3 83.0 144.0
28 20 83.0 160.0
32 9 168.0 30.0
39 42 5.0 27.0
3 39 177.0 100.0
35 18 81.0 93.0
23 14 79.0 28.0
20 18 64.0 112.0
33 8 137.0 99.0
8 44 188.0 20.0
2 38 183.0 108.0
25 15 104.0 141.0
18 22 136.0 33.0
47 51 171.0 18.0
28 33 113.0 50.0
20 25 195.0 129.0
13 30 1.0 132.0
15 20 98.0 190.0
46 13 196.0 81.0
11 30 9.0 52.0
23 15 5.0 145.0
19 50 147.0 177.0
45 36 7.0 60.0
23 43 16.0 2.0
18 43 11.0 170.0
47 1 193.0 109.0
24 14 149.0 142.0
22 20 37.0 110.0
35 28 196.0 194.0
22 15 37.0 143.0
54 51 149.0 196.0
31 10 21.0 117.0
19 28 74.0 32.0
28 31 162.0 20.0
48 29 154.0 63.0
19 40 188.0 143.0
35 1 55.0 136.0
1 40 20.0 92.0
31 33 86.0 121.0
25 16 74.0 107.0
7 34 30.0 101.0
54 10 70.0 192.0
54 20 143.0 177.0
3 35 64.0 84.0
38 4 128.0 72.0
24 17 88.0 148.0
3 21 195.0 126.0
10 34 139.0 22.0
27 13 110.0 169.0
32 11 183.0 133.0
24 18 4.0 126.0
43 13 145.0 21.0
36 4 35.0 73.0
36 54 14.0 76.0
20 41 104.0 162.0
37 7 17.0 196.0
28 13 159.0 79.0
38 31 103.0 142.0
51 21 57.0 60.0
34 30 166.0 2.0
5 38 183.0 153.0
43 52 44.0 150.0
28 5 76.0 148.0
31 12 11.0 93.0
8 36 197.0 170.0
34 27 163.0 52.0
27 15 67.0 20.0
29 11 167.0 185.0
41 2 2.0 103.0
36 7 56.0 198.0
7 32 69.0 132.0
2 48 161.0 80.0
7 35 39.0 158.0
21 22 150.0 154.0
39 2 68.0 18.0
6 42 55.0 36.0
41 38 15.0 9.0
7 44 13.0 23.0
52 23 52.0 34.0
32 41 35.0 13.0
26 17 134.0 26.0
33 11 9.0 84.0
41 49 161.0 77.0
53 12 104.0 16.0
49 44 52.0 71.0
2 43 194.0 17.0
9 34 88.0 46.0
26 16 185.0 124.0
10 29 21.0 71.0
24 21 191.0 30.0
47 33 124.0 153.0
29 6 82.0 181.0
28 12 187.0 86.0
15 24 54.0 133.0
28 17 25.0 143.0
23 19 79.0 162.0
5 37 157.0 101.0
7 46 104.0 100.0
40 20 117.0 181.0
32 29 130.0 151.0
39 6 18.0 69.0
27 18 1.0 24.0
40 50 31.0 178.0
17 27 164.0 110.0
33 12 116.0 121.0
16 24 190.0 173.0
11 34 106.0 107.0
16 29 34.0 188.0
30 12 93.0 4.0
15 30 99.0 94.0
8 37 143.0 130.0
31 15 139.0 107.0
7 39 3.0 56.0
40 3 28.0 194.0
24 42 3.0 86.0
36 5 64.0 189.0
47 39 96.0 157.0
48 53 179.0 196.0
35 12 193.0 122.0
24 36 28.0 133.0
42 3 11.0 183.0
49 12 105.0 191.0
5 41 199.0 60.0
17 46 188.0 15.0
46 43 122.0 37.0
36 10 109.0 102.0
30 18 183.0 102.0
49 14 15.0 163.0
37 51 146.0 178.0
5 40 11.0 3.0
14 29 56.0 10.0
28 15 108.0 197.0
44 29 134.0 31.0
9 33 82.0 43.0
47 2 67.0 17.0
37 10 109.0 35.0
48 42 155.0 8.0
28 30 87.0 166.0
14 45 92.0 96.0
46 10 158.0 0.0
38 46 2.0 92.0
13 20 130.0 36.0
30 16 118.0 149.0
37 9 17.0 179.0
27 42 85.0 172.0
2 36 82.0 125.0
45 12 75.0 174.0
21 37 49.0 34.0
26 21 82.0 51.0
42 5 103.0 12.0
42 9 32.0 173.0
44 5 96.0 49.0
35 53 99.0 134.0
39 8 83.0 181.0
25 19 98.0 158.0
20 29 95.0 147.0
24 20 93.0 178.0
42 4 83.0 196.0
25 32 107.0 67.0
26 20 21.0 155.0
31 11 107.0 72.0
32 16 180.0 190.0
14 33 146.0 30.0
32 24 172.0 193.0
12 36 117.0 65.0
40 8 26.0 152.0
29 17 111.0 133.0
38 10 130.0 133.0
21 25 31.0 37.0
26 34 123.0 11.0
26 24 76.0 21.0
41 8 3.0 0.0
10 15 60.0 72.0
41 4 116.0 87.0
38 12 82.0 28.0
41 10 144.0 12.0
9 40 81.0 175.0
6 41 108.0 157.0
37 11 56.0 136.0
23 22 92.0 59.0
39 9 185.0 152.0
34 8 102.0 53.0
47 34 177.0 184.0
17 31 65.0 121.0
6 4 27.0 98.0
23 26 71.0 87.0
34 14 35.0 127.0
37 33 67.0 127.0
54 13 128.0 4.0
43 3 187.0 30.0
52 22 37.0 117.0
24 25 162.0 102.0
18 29 178.0 189.0
22 12 146.0 49.0
36 14 116.0 134.0
6 44 89.0 135.0
36 16 21.0 17.0
2 46 40.0 160.0
43 4 131.0 77.0
7 41 59.0 93.0
49 1 45.0 189.0
16 27 67.0 144.0
16 31 187.0 184.0
27 22 193.0 76.0
40 10 160.0 14.0
46 35 60.0 152.0
34 17 24.0 191.0
49 2 102.0 35.0
27 24 87.0 100.0
28 22 134.0 155.0
29 28 21.0 121.0
17 33 21.0 14.0
49 9 136.0 133.0
19 30 111.0 196.0
44 47 84.0 87.0
27 23 49.0 139.0
25 22 112.0 136.0
23 20 61.0 46.0
15 35 193.0 34.0
30 20 7.0 166.0
6 43 88.0 143.0
26 15 108.0 151.0
45 7 104.0 145.0
39 12 162.0 153.0
15 36 110.0 75.0
41 12 68.0 123.0
33 18 5.0 61.0
15 52 92.0 164.0
14 37 121.0 132.0
32 53 182.0 29.0
47 17 43.0 87.0
30 22 85.0 5.0
21 27 120.0 195.0
38 13 43.0 188.0
40 11 138.0 0.0
25 26 164.0 182.0
13 40 79.0 37.0
32 20 81.0 62.0
4 47 155.0 124.0
10 42 32.0 41.0
28 18 164.0 104.0
30 41 87.0 159.0
14 35 129.0 25.0
48 27 157.0 45.0
43 10 178.0 189.0
5 46 46.0 59.0
46 8 53.0 1.0
49 29 76.0 37.0
29 23 90.0 41.0
3 48 134.0 129.0
16 37 93.0 16.0
15 38 141.0 3.0
27 25 149.0 119.0
30 46 155.0 195.0
54 33 181.0 160.0
39 14 78.0 9.0
17 32 181.0 120.0
38 14 19.0 67.0
25 28 70.0 65.0
44 45 145.0 11.0
7 42 15.0 94.0
13 42 81.0 170.0
36 31 36.0 14.0
15 34 124.0 114.0
5 48 85.0 105.0
12 40 39.0 104.0
25 40 57.0 61.0
30 39 57.0 2.0
26 22 73.0 72.0
5 43 182.0 106.0
22 33 109.0 19.0
49 46 178.0 185.0
24 29 155.0 63.0
22 38 175.0 146.0
31 22 134.0 32.0
25 29 43.0 144.0
2 51 27.0 69.0
29 26 192.0 161.0
36 18 0.0 53.0
1 52 90.0 130.0
21 32 48.0 197.0
44 11 57.0 175.0
39 13 191.0 144.0
45 11 131.0 187.0
21 33 19.0 110.0
27 26 87.0 163.0
50 4 174.0 39.0
21 30 41.0 16.0
20 35 179.0 42.0
2 52 165.0 188.0
42 16 122.0 109.0
21 34 29.0 6.0
45 43 191.0 0.0
35 19 49.0 31.0
52 51 93.0 23.0
7 50 106.0 134.0
40 15 116.0 37.0
18 37 123.0 33.0
39 16 131.0 45.0
9 29 46.0 160.0
51 1 116.0 190.0
7 48 9.0 165.0
54 3 35.0 54.0
45 9 139.0 142.0
14 44 63.0 7.0
19 37 68.0 186.0
10 45 77.0 199.0
26 28 163.0 124.0
27 30 52.0 80.0
18 38 82.0 13.0
39 19 23.0 118.0
11 46 126.0 114.0
36 21 101.0 190.0
51 7 49.0 169.0
43 15 52.0 126.0
45 13 6.0 15.0
38 19 107.0 10.0
41 17 135.0 142.0
35 33 101.0 159.0
53 38 15.0 27.0
32 36 61.0 116.0
47 12 58.0 110.0
9 43 140.0 110.0
16 43 11.0 99.0
22 34 122.0 71.0
53 3 25.0 58.0
32 27 49.0 78.0
49 39 141.0 64.0
47 11 69.0 154.0
13 51 80.0 80.0
26 31 196.0 20.0
29 30 98.0 159.0
11 43 66.0 172.0
21 39 20.0 44.0
35 23 98.0 69.0
54 5 152.0 191.0
18 40 141.0 173.0
25 46 167.0 173.0
44 13 120.0 115.0
49 11 198.0 170.0
6 51 5.0 65.0
39 22 29.0 25.0
6 52 12.0 127.0
15 44 104.0 116.0
4 52 179.0 197.0
36 44 43.0 98.0
3 50 134.0 115.0
36 17 50.0 85.0
29 31 154.0 55.0
53 7 194.0 135.0
12 48 165.0 158.0
16 45 149.0 69.0
43 47 11.0 80.0
54 8 58.0 6.0
29 33 186.0 145.0
40 35 188.0 188.0
25 39 143.0 95.0
17 43 109.0 89.0
15 37 178.0 74.0
8 52 190.0 79.0
6 53 103.0 1.0
54 38 36.0 113.0
43 19 192.0 174.0
47 13 172.0 181.0
54 9 35.0 115.0
11 50 103.0 96.0
36 26 31.0 81.0
22 40 179.0 22.0
9 52 68.0 34.0
54 7 168.0 104.0
53 4 198.0 112.0
29 42 151.0 171.0
49 13 180.0 138.0
54 50 104.0 83.0
11 52 71.0 136.0
21 43 7.0 50.0
48 14 172.0 75.0
52 13 141.0 92.0
24 41 153.0 140.0
48 15 172.0 56.0
21 40 97.0 152.0
49 20 187.0 1.0
16 34 86.0 10.0
44 17 189.0 93.0
22 43 32.0 113.0
47 18 60.0 125.0
31 32 165.0 166.0
11 51 182.0 89.0
38 23 151.0 31.0
40 45 37.0 91.0
21 42 177.0 124.0
29 27 114.0 166.0
46 18 37.0 98.0
16 48 153.0 98.0
24 39 74.0 70.0
53 21 8.0 8.0
16 47 86.0 159.0
35 29 49.0 124.0
51 14 170.0 27.0
53 13 3.0 84.0
17 42 15.0 193.0
15 51 152.0 120.0
44 21 97.0 178.0
28 32 8.0 105.0
37 28 1.0 95.0
40 28 123.0 50.0
46 44 36.0 93.0
12 52 0.0 192.0
12 50 72.0 16.0
25 51 87.0 176.0
29 34 182.0 136.0
46 41 23.0 143.0
16 51 30.0 176.0
10 52 132.0 154.0
48 17 183.0 120.0
17 50 42.0 183.0
43 20 29.0 114.0
9 47 167.0 68.0
27 40 195.0 102.0
16 50 10.0 170.0
16 49 148.0 40.0
38 28 37.0 80.0
48 13 123.0 20.0
34 50 114.0 166.0
14 15 43.0 96.0
19 42 25.0 162.0
45 22 120.0 173.0
50 9 48.0 130.0
53 18 119.0 196.0
20 11 63.0 156.0
37 32 94.0 187.0
54 42 38.0 160.0
8 45 13.0 33.0
18 49 46.0 38.0
23 45 26.0 119.0
46 36 149.0 74.0
41 29 194.0 20.0
18 51 80.0 9.0
29 40 139.0 174.0
30 38 39.0 130.0
52 14 68.0 52.0
54 39 28.0 67.0
36 29 113.0 54.0
54 43 16.0 62.0
46 22 107.0 10.0
40 26 18.0 187.0
35 31 21.0 157.0
54 16 144.0 12.0
17 49 170.0 165.0
39 29 17.0 150.0
35 39 109.0 130.0
19 48 92.0 77.0
39 26 188.0 199.0
53 16 179.0 6.0
24 46 102.0 152.0
53 10 14.0 198.0
37 29 144.0 184.0
21 45 117.0 161.0
34 33 80.0 179.0
52 19 165.0 173.0
49 21 107.0 153.0
40 31 116.0 38.0
22 47 182.0 170.0
28 42 193.0 196.0
53 17 80.0 137.0
40 30 63.0 149.0
42 22 34.0 143.0
50 47 33.0 199.0
39 31 56.0 92.0
27 43 43.0 125.0
24 47 84.0 177.0
32 40 149.0 77.0
23 46 29.0 29.0
20 50 16.0 92.0
33 38 196.0 2.0
26 45 97.0 181.0
39 28 75.0 106.0
53 19 83.0 118.0
23 53 143.0 167.0
46 51 183.0 92.0
48 38 84.0 13.0
47 21 110.0 100.0
19 44 198.0 58.0
25 48 66.0 47.0
32 39 123.0 141.0
51 23 15.0 7.0
49 25 185.0 158.0
34 38 38.0 169.0
26 43 126.0 122.0
49 23 133.0 189.0
41 23 85.0 83.0
42 26 55.0 152.0
23 42 124.0 179.0
17 52 21.0 139.0
50 22 187.0 7.0
44 28 22.0 177.0
54 17 149.0 149.0
52 25 104.0 34.0
30 43 176.0 142.0
36 38 188.0 32.0
51 24 101.0 112.0
8 32 165.0 122.0
52 20 1.0 105.0
25 43 119.0 175.0
46 20 161.0 21.0
27 46 152.0 18.0
53 22 77.0 80.0
32 44 1.0 17.0
48 30 128.0 102.0
37 40 187.0 46.0
32 42 68.0 188.0
24 52 24.0 139.0
43 32 6.0 137.0
20 51 45.0 110.0
24 49 129.0 74.0
27 50 83.0 131.0
44 31 58.0 11.0
46 28 125.0 45.0
27 47 2.0 145.0
49 26 92.0 26.0
45 32 165.0 99.0
30 32 42.0 10.0
44 33 8.0 172.0
23 48 99.0 43.0
30 45 155.0 109.0
48 31 80.0 80.0
40 38 192.0 82.0
37 36 58.0 36.0
41 42 47.0 23.0
46 32 1.0 89.0
38 35 148.0 161.0
28 49 109.0 0.0
28 50 179.0 16.0
49 31 59.0 11.0
32 47 134.0 51.0
49 32 130.0 193.0
2 3 24.0 129.0
39 33 175.0 26.0
34 45 53.0 124.0
54 22 107.0 114.0
41 28 153.0 86.0
43 38 51.0 13.0
52 28 2.0 185.0
28 51 32.0 132.0
44 35 101.0 8.0
25 54 17.0 76.0
27 52 70.0 70.0
33 49 166.0 177.0
30 50 44.0 71.0
25 50 112.0 95.0
48 28 109.0 114.0
39 40 158.0 93.0
39 41 45.0 59.0
43 37 14.0 15.0
21 50 173.0 36.0
39 46 40.0 139.0
25 33 197.0 85.0
37 45 100.0 109.0
54 28 25.0 9.0
52 33 34.0 183.0
35 45 197.0 31.0
27 54 27.0 12.0
41 40 58.0 0.0
37 38 146.0 50.0
44 37 101.0 95.0
54 26 81.0 153.0
41 45 153.0 58.0
42 44 126.0 139.0
32 52 72.0 124.0
52 41 5.0 99.0
40 44 54.0 15.0
38 21 197.0 153.0
35 47 173.0 50.0
54 32 88.0 6.0
31 50 39.0 193.0
21 52 48.0 166.0
26 53 128.0 72.0
49 37 170.0 133.0
35 51 119.0 177.0
51 32 22.0 68.0
23 39 87.0 195.0
54 23 144.0 176.0
49 40 30.0 184.0
40 47 61.0 30.0
49 43 26.0 141.0
43 41 105.0 148.0
43 51 43.0 176.0
46 34 138.0 66.0
37 52 190.0 25.0
51 36 90.0 86.0
34 24 129.0 72.0
50 35 20.0 142.0
43 48 86.0 198.0
52 31 187.0 191.0
36 53 80.0 30.0
37 42 79.0 18.0
40 46 133.0 21.0
50 38 176.0 176.0
45 47 158.0 57.0
50 53 163.0 131.0
39 53 47.0 49.0
53 49 53.0 34.0
51 44 27.0 85.0
39 34 31.0 106.0
40 54 103.0 116.0
47 49 172.0 79.0
48 46 148.0 83.0
48 44 25.0 111.0
54 37 76.0 72.0
24 45 169.0 81.0
42 47 92.0 196.0
53 30 23.0 75.0
4 3 23.0 127.0
51 40 33.0 148.0
54 44 86.0 133.0
29 54 92.0 64.0
4 54 167.0 168.0
53 25 22.0 88.0
21 54 140.0 66.0
42 45 127.0 164.0
42 53 176.0 102.0
48 47 48.0 9.0
49 54 78.0 87.0
48 51 0.0 171.0
40 43 138.0 119.0
51 39 60.0 112.0
45 54 189.0 1.0
44 38 12.0 68.0
34 44 161.0 188.0
46 54 103.0 162.0
21 46 135.0 181.0
54 48 95.0 136.0
48 50 41.0 34.0
46 47 114.0 53.0
35 49 4.0 56.0
31 41 35.0 16.0
50 33 69.0 197.0
45 48 151.0 172.0
52 35 16.0 39.0
1 3 158.0 111.0
6 38 101.0 151.0
51 42 177.0 168.0
50 52 86.0 133.0
50 45 148.0 122.0
53 51 118.0 17.0
45 38 46.0 21.0
52 44 160.0 62.0
53 41 122.0 70.0
46 37 171.0 175.0
7 40 189.0 148.0
52 40 172.0 75.0
51 29 194.0 72.0
34 53 2.0 112.0
35 22 28.0 48.0
47 28 134.0 141.0
0
