58 1653 38 39 304569
14 58 65.0 43.0
31 49 97.0 6.0
54 47 143.0 94.0
18 17 186.0 135.0
56 16 49.0 0.0
38 35 98.0 88.0
56 44 160.0 174.0
35 25 179.0 122.0
17 44 114.0 196.0
26 37 74.0 164.0
18 51 36.0 169.0
9 45 167.0 174.0
52 19 13.0 168.0
45 16 171.0 111.0
1 30 70.0 84.0
47 7 106.0 49.0
42 26 26.0 20.0
55 31 93.0 52.0
23 12 90.0 129.0
56 12 171.0 9.0
30 17 2.0 184.0
32 54 165.0 173.0
18 26 37.0 35.0
24 7 42.0 143.0
32 36 33.0 68.0
9 19 198.0 126.0
30 14 75.0 41.0
25 57 44.0 198.0
7 25 167.0 46.0
20 38 170.0 132.0
6 52 196.0 7.0
50 27 37.0 39.0
55 18 174.0 70.0
37 10 129.0 124.0
23 48 171.0 156.0
39 29 148.0 15.0
11 2 174.0 68.0
53 3 165.0 144.0
47 53 75.0 162.0
21 24 128.0 64.0
41 30 96.0 102.0
39 16 144.0 26.0
55 21 112.0 67.0
50 53 81.0 13.0
2 22 32.0 55.0
16 53 105.0 197.0
47 50 62.0 181.0
15 20 29.0 191.0
49 6 72.0 125.0
21 2 169.0 169.0
23 33 79.0 81.0
28 49 118.0 160.0
12 1 113.0 150.0
53 55 72.0 18.0
38 40 28.0 134.0
2 34 33.0 9.0
40 33 147.0 106.0
35 20 28.0 116.0
52 47 182.0 107.0
37 28 124.0 101.0
20 42 3.0 189.0
30 8 19.0 75.0
48 5 108.0 199.0
38 29 162.0 93.0
53 36 84.0 110.0
55 15 90.0 112.0
53 6 21.0 24.0
26 12 26.0 97.0
54 49 136.0 30.0
56 22 156.0 107.0
26 21 107.0 16.0
41 51 161.0 21.0
4 8 40.0 45.0
43 9 86.0 82.0
6 35 120.0 59.0
47 57 17.0 147.0
47 44 192.0 105.0
57 18 54.0 100.0
30 26 138.0 113.0
18 29 40.0 99.0
57 45 176.0 80.0
45 43 184.0 62.0
12 55 157.0 56.0
45 8 177.0 174.0
43 16 167.0 121.0
25 2 116.0 21.0
27 5 117.0 54.0
33 56 38.0 158.0
34 1 104.0 166.0
36 50 126.0 40.0
38 11 85.0 83.0
11 4 184.0 62.0
11 36 133.0 103.0
30 19 95.0 1.0
23 32 183.0 13.0
21 40 161.0 21.0
40 9 18.0 65.0
50 4 24.0 144.0
7 34 158.0 109.0
29 11 77.0 94.0
38 31 16.0 162.0
49 32 37.0 64.0
55 32 130.0 20.0
13 22 65.0 91.0
22 4 54.0 84.0
6 11 176.0 78.0
33 53 148.0 134.0
55 8 27.0 177.0
38 34 53.0 196.0
9 1 176.0 42.0
48 35 41.0 106.0
57 7 93.0 106.0
2 39 81.0 148.0
30 33 83.0 58.0
27 1 86.0 183.0
58 24 104.0 114.0
57 9 59.0 110.0
33 31 11.0 187.0
8 3 127.0 52.0
1 43 159.0 20.0
16 25 24.0 40.0
58 31 17.0 59.0
24 37 168.0 104.0
2 15 160.0 73.0
15 58 2.0 171.0
30 47 54.0 13.0
41 58 152.0 181.0
42 35 124.0 111.0
51 11 69.0 100.0
41 16 45.0 39.0
53 34 109.0 14.0
40 14 193.0 21.0
13 27 109.0 147.0
8 19 59.0 116.0
18 22 48.0 164.0
56 40 22.0 125.0
6 8 182.0 43.0
42 25 139.0 27.0
50 34 42.0 0.0
39 45 6.0 187.0
13 43 21.0 68.0
3 7 71.0 33.0
28 16 133.0 120.0
9 8 4.0 155.0
21 31 159.0 186.0
56 2 66.0 50.0
28 22 39.0 109.0
8 21 191.0 198.0
56 53 181.0 165.0
1 25 131.0 53.0
32 8 171.0 64.0
3 44 96.0 127.0
9 30 11.0 8.0
24 17 38.0 77.0
38 39 182.0 29.0
2 26 74.0 174.0
20 22 143.0 55.0
10 5 188.0 27.0
2 12 59.0 159.0
12 6 89.0 108.0
27 45 31.0 100.0
7 5 84.0 69.0
25 18 55.0 18.0
35 17 172.0 129.0
30 39 124.0 115.0
4 10 86.0 112.0
15 17 1.0 146.0
22 53 15.0 90.0
39 37 96.0 47.0
14 57 35.0 180.0
8 42 198.0 42.0
50 46 179.0 122.0
27 38 161.0 55.0
27 9 70.0 47.0
2 8 7.0 23.0
12 20 73.0 22.0
48 42 174.0 122.0
33 39 9.0 162.0
14 21 101.0 159.0
9 46 140.0 32.0
26 8 155.0 101.0
8 51 151.0 177.0
11 17 149.0 158.0
36 6 120.0 23.0
39 22 44.0 94.0
2 43 109.0 6.0
9 5 93.0 10.0
40 7 70.0 33.0
6 17 89.0 177.0
7 1 32.0 192.0
10 2 67.0 182.0
13 30 190.0 187.0
51 28 157.0 35.0
13 26 7.0 18.0
19 47 5.0 100.0
45 38 104.0 27.0
54 23 157.0 145.0
31 26 112.0 142.0
33 47 28.0 131.0
10 57 39.0 19.0
19 11 98.0 148.0
36 14 5.0 57.0
2 46 170.0 163.0
2 7 165.0 74.0
26 28 105.0 122.0
45 29 53.0 170.0
9 26 125.0 81.0
25 19 180.0 164.0
29 24 57.0 30.0
37 30 179.0 15.0
9 7 142.0 149.0
3 10 19.0 107.0
1 42 55.0 77.0
5 2 90.0 108.0
10 6 176.0 16.0
49 9 156.0 108.0
32 25 29.0 14.0
54 36 77.0 9.0
42 49 31.0 19.0
23 55 80.0 51.0
39 25 58.0 135.0
18 34 179.0 148.0
14 53 83.0 156.0
54 39 46.0 39.0
56 14 84.0 28.0
49 10 97.0 162.0
50 58 33.0 81.0
47 9 120.0 114.0
25 6 91.0 178.0
12 5 86.0 70.0
20 23 92.0 169.0
4 53 150.0 90.0
1 3 104.0 34.0
4 7 55.0 154.0
7 6 142.0 40.0
6 13 83.0 62.0
11 49 105.0 174.0
15 7 113.0 191.0
9 6 18.0 157.0
3 15 142.0 168.0
15 1 26.0 199.0
50 42 185.0 81.0
18 2 11.0 127.0
55 30 88.0 94.0
20 3 3.0 145.0
10 1 39.0 69.0
33 41 24.0 9.0
11 9 145.0 119.0
31 7 187.0 171.0
48 9 67.0 124.0
50 28 9.0 78.0
57 19 29.0 97.0
13 41 56.0 184.0
57 36 82.0 48.0
2 6 58.0 59.0
4 6 71.0 155.0
11 7 175.0 10.0
47 39 64.0 42.0
8 47 33.0 73.0
57 20 36.0 62.0
52 33 48.0 44.0
11 41 84.0 130.0
47 56 137.0 94.0
4 13 119.0 8.0
37 41 115.0 46.0
13 3 193.0 179.0
41 23 4.0 26.0
8 7 93.0 40.0
39 6 42.0 93.0
38 10 79.0 78.0
58 6 36.0 16.0
46 3 159.0 156.0
35 55 50.0 26.0
50 30 3.0 43.0
53 58 89.0 8.0
13 5 52.0 134.0
6 15 15.0 94.0
14 4 168.0 46.0
11 54 177.0 4.0
56 13 90.0 136.0
4 12 158.0 140.0
5 3 82.0 113.0
4 36 171.0 124.0
31 11 159.0 175.0
3 40 89.0 126.0
45 40 196.0 9.0
35 30 83.0 173.0
43 33 193.0 173.0
12 53 97.0 103.0
57 1 111.0 132.0
18 1 164.0 82.0
31 24 104.0 75.0
56 57 177.0 193.0
38 49 19.0 174.0
21 58 46.0 102.0
32 19 138.0 191.0
13 9 96.0 188.0
1 45 104.0 7.0
7 49 146.0 68.0
6 19 130.0 51.0
5 4 177.0 60.0
56 9 71.0 196.0
58 5 47.0 69.0
23 29 20.0 137.0
4 15 120.0 116.0
16 17 77.0 25.0
7 54 17.0 24.0
6 30 87.0 100.0
36 35 174.0 64.0
35 27 31.0 197.0
32 31 141.0 30.0
51 49 184.0 114.0
20 27 147.0 105.0
43 25 176.0 24.0
12 17 165.0 194.0
46 35 3.0 4.0
4 3 104.0 129.0
26 16 48.0 87.0
46 53 72.0 142.0
14 6 139.0 8.0
3 26 1.0 38.0
42 56 123.0 177.0
6 56 195.0 40.0
8 10 127.0 198.0
26 40 3.0 183.0
55 58 0.0 3.0
44 20 187.0 24.0
46 49 96.0 78.0
17 22 197.0 49.0
11 39 147.0 72.0
29 41 23.0 142.0
2 51 30.0 103.0
33 15 26.0 33.0
14 54 106.0 178.0
7 45 192.0 93.0
36 25 141.0 40.0
38 46 173.0 90.0
18 14 169.0 120.0
46 56 192.0 145.0
48 51 79.0 23.0
5 6 100.0 58.0
56 7 132.0 6.0
44 21 186.0 76.0
37 9 17.0 127.0
54 24 72.0 190.0
37 1 168.0 194.0
48 24 89.0 160.0
16 4 25.0 168.0
11 1 141.0 125.0
2 29 14.0 25.0
41 48 16.0 0.0
2 20 174.0 33.0
3 22 37.0 47.0
14 48 19.0 5.0
5 44 71.0 108.0
5 14 149.0 96.0
4 43 78.0 42.0
5 57 98.0 44.0
46 31 91.0 114.0
10 14 27.0 17.0
35 1 15.0 64.0
48 32 141.0 34.0
11 5 192.0 12.0
2 13 82.0 141.0
56 50 45.0 112.0
48 57 77.0 143.0
29 34 179.0 120.0
17 3 134.0 158.0
14 3 163.0 149.0
18 4 183.0 57.0
47 22 153.0 175.0
35 49 117.0 35.0
33 34 7.0 162.0
24 4 159.0 84.0
37 29 126.0 90.0
29 56 152.0 60.0
23 27 116.0 67.0
10 12 128.0 100.0
49 2 76.0 82.0
43 36 148.0 194.0
12 7 24.0 155.0
9 2 184.0 184.0
25 27 98.0 111.0
24 28 147.0 50.0
46 17 31.0 16.0
51 47 140.0 160.0
48 25 191.0 169.0
2 40 32.0 91.0
46 4 141.0 57.0
58 36 43.0 126.0
4 26 143.0 142.0
45 17 46.0 42.0
9 12 9.0 77.0
5 17 174.0 101.0
24 49 47.0 165.0
2 16 113.0 31.0
11 53 151.0 54.0
12 8 101.0 194.0
14 8 82.0 196.0
52 27 47.0 80.0
2 32 175.0 8.0
32 35 34.0 149.0
17 42 126.0 33.0
16 7 84.0 39.0
14 38 139.0 187.0
57 26 51.0 40.0
3 31 7.0 133.0
15 8 75.0 6.0
52 40 174.0 51.0
16 13 65.0 160.0
46 11 47.0 143.0
30 51 116.0 83.0
20 1 158.0 55.0
47 14 178.0 9.0
44 28 14.0 137.0
47 32 135.0 89.0
13 23 91.0 61.0
28 53 168.0 109.0
55 47 131.0 168.0
40 12 15.0 199.0
33 14 30.0 125.0
27 3 42.0 160.0
22 30 194.0 8.0
53 48 103.0 81.0
13 32 91.0 194.0
17 2 37.0 59.0
2 14 143.0 120.0
34 40 57.0 158.0
17 8 133.0 39.0
44 6 103.0 175.0
19 5 40.0 97.0
37 35 126.0 95.0
1 24 190.0 169.0
58 52 101.0 179.0
15 10 191.0 44.0
50 7 49.0 48.0
8 16 159.0 182.0
47 58 190.0 62.0
39 26 29.0 183.0
52 5 163.0 107.0
1 48 66.0 105.0
33 48 18.0 167.0
49 23 59.0 10.0
21 51 156.0 61.0
35 50 40.0 115.0
50 44 101.0 31.0
9 4 177.0 82.0
8 5 165.0 92.0
46 57 77.0 31.0
11 13 123.0 47.0
6 3 81.0 135.0
55 11 70.0 189.0
2 27 48.0 62.0
12 16 25.0 102.0
22 21 56.0 154.0
27 56 145.0 173.0
18 6 80.0 22.0
6 1 69.0 155.0
20 53 99.0 102.0
1 8 30.0 121.0
1 21 84.0 30.0
10 13 193.0 109.0
52 56 43.0 1.0
45 47 107.0 189.0
11 34 84.0 139.0
42 58 17.0 153.0
44 52 24.0 68.0
49 41 45.0 6.0
57 13 107.0 81.0
44 37 38.0 52.0
27 36 68.0 81.0
4 20 157.0 128.0
25 50 171.0 42.0
19 4 52.0 140.0
10 56 101.0 28.0
14 11 29.0 99.0
51 3 191.0 88.0
32 58 129.0 181.0
21 3 174.0 149.0
28 48 23.0 83.0
32 30 11.0 147.0
21 5 28.0 15.0
27 40 199.0 81.0
20 51 52.0 28.0
46 58 188.0 195.0
17 9 156.0 69.0
7 10 77.0 130.0
15 9 145.0 53.0
40 57 68.0 108.0
28 5 88.0 48.0
36 3 149.0 87.0
45 3 79.0 1.0
16 6 195.0 19.0
9 16 117.0 151.0
21 4 59.0 147.0
19 1 195.0 4.0
9 31 191.0 64.0
7 17 108.0 79.0
19 18 161.0 57.0
12 11 172.0 192.0
51 13 84.0 119.0
20 8 63.0 1.0
3 37 8.0 122.0
39 35 52.0 156.0
1 17 131.0 44.0
2 23 183.0 191.0
41 39 29.0 96.0
49 17 121.0 153.0
29 51 153.0 5.0
46 19 103.0 16.0
48 38 159.0 64.0
6 41 160.0 12.0
47 17 28.0 44.0
40 10 174.0 11.0
49 48 198.0 155.0
11 3 48.0 119.0
23 5 28.0 153.0
4 55 94.0 84.0
26 53 182.0 53.0
35 28 160.0 95.0
14 13 5.0 188.0
19 3 162.0 131.0
32 39 111.0 161.0
36 19 81.0 112.0
12 50 40.0 109.0
5 18 152.0 86.0
54 18 61.0 87.0
20 7 182.0 21.0
30 27 47.0 187.0
3 47 77.0 10.0
20 18 56.0 141.0
28 54 160.0 137.0
16 10 10.0 152.0
13 12 38.0 114.0
53 32 87.0 99.0
4 28 56.0 69.0
54 46 101.0 56.0
34 43 188.0 130.0
52 20 144.0 197.0
15 5 195.0 105.0
22 1 30.0 157.0
16 11 178.0 68.0
46 16 8.0 65.0
43 29 179.0 17.0
16 54 127.0 32.0
38 42 136.0 67.0
26 1 63.0 80.0
8 28 84.0 10.0
15 14 147.0 114.0
1 29 63.0 125.0
45 23 46.0 24.0
51 36 76.0 26.0
23 11 13.0 3.0
52 3 112.0 149.0
14 50 38.0 175.0
5 16 18.0 74.0
11 10 142.0 117.0
10 20 81.0 158.0
13 55 164.0 128.0
24 55 193.0 40.0
7 38 42.0 6.0
41 54 57.0 154.0
45 4 7.0 47.0
21 38 122.0 177.0
57 17 90.0 16.0
6 21 24.0 123.0
43 26 83.0 141.0
14 20 178.0 76.0
58 25 99.0 172.0
23 3 78.0 156.0
23 1 129.0 37.0
3 25 91.0 51.0
46 12 54.0 133.0
1 55 54.0 30.0
15 36 121.0 90.0
56 37 186.0 99.0
19 10 94.0 37.0
46 30 60.0 172.0
39 43 24.0 189.0
14 7 46.0 67.0
18 10 110.0 100.0
28 42 69.0 116.0
22 6 111.0 190.0
18 27 78.0 49.0
27 4 167.0 172.0
20 16 179.0 27.0
50 2 92.0 156.0
18 24 125.0 138.0
12 3 33.0 35.0
21 7 80.0 54.0
4 1 187.0 144.0
27 48 56.0 17.0
47 25 63.0 23.0
26 5 2.0 43.0
50 18 181.0 94.0
9 21 198.0 58.0
50 55 1.0 183.0
11 8 12.0 34.0
9 39 24.0 152.0
8 18 3.0 80.0
18 13 102.0 67.0
8 23 77.0 104.0
7 22 35.0 10.0
36 20 14.0 34.0
24 2 169.0 16.0
28 31 193.0 181.0
7 13 103.0 169.0
11 15 166.0 59.0
10 29 115.0 21.0
27 46 153.0 145.0
33 58 11.0 140.0
19 33 195.0 25.0
13 17 55.0 116.0
44 57 127.0 48.0
58 28 190.0 183.0
40 47 29.0 109.0
9 35 164.0 144.0
22 58 83.0 117.0
58 8 29.0 46.0
41 9 184.0 177.0
24 3 117.0 39.0
8 22 79.0 196.0
41 12 28.0 69.0
21 11 45.0 9.0
17 10 68.0 9.0
20 19 48.0 151.0
23 4 176.0 77.0
7 23 143.0 160.0
13 8 91.0 60.0
21 36 46.0 170.0
39 53 162.0 74.0
19 13 135.0 159.0
20 9 88.0 3.0
50 49 191.0 136.0
12 21 30.0 119.0
55 28 168.0 174.0
27 15 20.0 59.0
50 45 184.0 67.0
39 34 48.0 98.0
29 3 70.0 183.0
14 17 34.0 110.0
18 33 53.0 25.0
24 34 31.0 36.0
53 43 7.0 199.0
57 30 144.0 179.0
16 27 119.0 128.0
3 49 21.0 167.0
48 2 118.0 91.0
15 16 38.0 152.0
9 10 162.0 44.0
33 9 155.0 194.0
51 42 190.0 114.0
19 7 53.0 134.0
53 35 32.0 172.0
19 12 76.0 53.0
13 20 188.0 194.0
18 7 0.0 179.0
16 1 6.0 162.0
18 9 97.0 161.0
26 7 114.0 39.0
53 9 60.0 168.0
28 1 181.0 92.0
41 24 131.0 57.0
16 3 146.0 72.0
4 48 32.0 98.0
43 18 81.0 38.0
21 10 79.0 178.0
53 18 147.0 146.0
18 23 84.0 7.0
15 39 95.0 65.0
54 13 199.0 178.0
22 5 82.0 145.0
11 22 79.0 114.0
5 25 34.0 160.0
27 47 83.0 114.0
7 41 3.0 30.0
1 13 36.0 87.0
36 23 95.0 131.0
35 21 7.0 94.0
25 24 118.0 89.0
6 27 100.0 197.0
20 37 165.0 135.0
11 20 60.0 48.0
6 37 91.0 64.0
24 9 165.0 127.0
23 10 186.0 12.0
32 57 137.0 146.0
15 18 189.0 55.0
31 1 100.0 42.0
42 34 19.0 18.0
32 1 143.0 80.0
19 16 173.0 186.0
26 50 7.0 138.0
8 24 101.0 146.0
52 57 11.0 191.0
8 49 71.0 153.0
54 38 22.0 123.0
14 19 54.0 42.0
10 22 161.0 149.0
45 28 121.0 86.0
15 13 181.0 129.0
12 14 89.0 34.0
52 30 150.0 100.0
21 54 179.0 173.0
33 2 124.0 154.0
3 18 54.0 178.0
57 4 144.0 167.0
31 34 119.0 17.0
51 55 109.0 100.0
58 3 196.0 150.0
10 25 136.0 99.0
12 22 9.0 67.0
22 38 64.0 85.0
44 19 95.0 118.0
22 45 62.0 191.0
16 18 121.0 181.0
36 1 185.0 31.0
14 1 127.0 181.0
20 6 145.0 15.0
34 56 178.0 154.0
24 6 178.0 42.0
11 18 103.0 73.0
40 6 42.0 165.0
3 39 85.0 164.0
17 19 146.0 70.0
53 1 17.0 26.0
13 52 93.0 162.0
49 53 181.0 72.0
11 24 67.0 159.0
2 30 82.0 170.0
5 24 179.0 125.0
48 44 116.0 17.0
31 18 68.0 62.0
18 39 32.0 85.0
33 54 6.0 125.0
40 20 175.0 187.0
41 53 147.0 42.0
4 17 188.0 30.0
26 34 188.0 120.0
3 28 136.0 104.0
29 7 172.0 4.0
46 15 89.0 156.0
2 4 157.0 47.0
16 50 151.0 132.0
36 37 72.0 50.0
53 31 93.0 13.0
28 7 87.0 81.0
17 34 150.0 23.0
32 5 14.0 74.0
9 23 63.0 103.0
24 12 199.0 172.0
31 39 175.0 150.0
17 55 24.0 48.0
29 4 172.0 117.0
25 8 120.0 60.0
14 22 143.0 22.0
16 14 37.0 157.0
4 31 95.0 53.0
30 3 54.0 94.0
29 6 16.0 181.0
30 44 30.0 41.0
55 25 140.0 2.0
29 8 148.0 60.0
37 8 113.0 43.0
9 22 163.0 103.0
25 9 82.0 11.0
28 56 15.0 88.0
31 2 99.0 184.0
16 22 45.0 81.0
22 40 100.0 138.0
5 43 100.0 1.0
42 55 117.0 13.0
12 15 115.0 81.0
21 17 158.0 149.0
12 18 3.0 125.0
17 20 14.0 102.0
51 4 78.0 11.0
44 8 21.0 178.0
43 48 133.0 121.0
37 17 125.0 51.0
30 53 131.0 41.0
28 2 29.0 41.0
24 13 143.0 33.0
29 48 171.0 109.0
52 15 194.0 49.0
1 33 122.0 167.0
10 39 87.0 7.0
3 34 33.0 12.0
21 48 174.0 165.0
25 4 32.0 156.0
32 6 10.0 127.0
28 9 51.0 181.0
29 9 130.0 197.0
48 45 72.0 52.0
19 15 83.0 159.0
33 37 69.0 116.0
18 58 77.0 43.0
9 58 21.0 109.0
28 10 169.0 31.0
19 55 133.0 172.0
25 17 60.0 15.0
31 6 195.0 84.0
53 17 54.0 30.0
34 4 97.0 75.0
23 58 124.0 127.0
57 55 163.0 97.0
36 52 153.0 84.0
33 4 192.0 86.0
17 41 169.0 4.0
35 4 106.0 164.0
1 39 52.0 112.0
27 10 176.0 102.0
30 10 81.0 52.0
1 38 146.0 196.0
11 26 124.0 52.0
14 45 19.0 68.0
27 29 18.0 188.0
14 55 197.0 76.0
35 52 95.0 50.0
32 41 188.0 23.0
32 43 54.0 21.0
29 5 9.0 153.0
17 28 139.0 85.0
14 43 40.0 159.0
21 15 91.0 58.0
15 40 54.0 89.0
35 3 157.0 101.0
21 13 80.0 97.0
50 3 83.0 134.0
57 6 91.0 44.0
33 36 188.0 30.0
35 2 166.0 180.0
17 23 45.0 9.0
30 15 105.0 99.0
5 35 88.0 14.0
13 50 183.0 168.0
45 44 22.0 66.0
33 6 187.0 113.0
34 5 179.0 127.0
42 16 126.0 145.0
9 14 127.0 171.0
12 54 50.0 184.0
51 58 6.0 139.0
21 19 44.0 141.0
18 21 9.0 67.0
56 45 60.0 196.0
4 30 162.0 39.0
23 51 31.0 40.0
48 7 0.0 110.0
2 54 115.0 50.0
53 24 156.0 73.0
10 24 115.0 1.0
28 11 194.0 124.0
51 43 125.0 54.0
12 29 129.0 87.0
47 20 177.0 113.0
26 56 182.0 177.0
51 19 164.0 49.0
34 27 170.0 121.0
33 17 13.0 86.0
7 27 190.0 7.0
46 21 30.0 115.0
21 16 194.0 112.0
33 44 29.0 172.0
41 52 167.0 12.0
32 3 51.0 131.0
5 33 176.0 173.0
33 38 68.0 190.0
41 22 57.0 11.0
2 38 23.0 39.0
48 8 171.0 18.0
34 6 25.0 0.0
56 31 173.0 144.0
45 12 114.0 24.0
22 15 158.0 90.0
44 27 183.0 179.0
41 21 193.0 192.0
55 10 5.0 17.0
10 54 111.0 176.0
58 12 20.0 88.0
42 27 71.0 193.0
31 54 92.0 185.0
25 12 80.0 2.0
49 12 90.0 15.0
24 16 144.0 84.0
17 54 125.0 149.0
21 20 17.0 189.0
34 8 100.0 37.0
7 52 122.0 172.0
14 25 175.0 14.0
38 57 150.0 7.0
11 47 25.0 40.0
35 7 124.0 169.0
26 20 17.0 1.0
14 28 156.0 34.0
31 10 82.0 56.0
36 9 63.0 4.0
14 24 131.0 191.0
40 1 40.0 81.0
23 15 154.0 66.0
55 22 80.0 30.0
41 35 7.0 49.0
26 15 42.0 163.0
10 32 19.0 76.0
24 15 146.0 34.0
11 25 141.0 78.0
51 14 149.0 133.0
30 48 88.0 103.0
23 14 197.0 168.0
3 54 92.0 157.0
48 39 65.0 87.0
30 11 101.0 36.0
37 18 46.0 47.0
19 54 72.0 139.0
10 26 126.0 173.0
3 33 163.0 166.0
48 15 33.0 113.0
26 6 61.0 125.0
35 8 139.0 79.0
32 7 172.0 40.0
33 10 187.0 170.0
46 1 10.0 11.0
16 52 111.0 88.0
30 12 129.0 27.0
3 38 197.0 114.0
32 12 104.0 11.0
14 27 180.0 43.0
40 32 96.0 104.0
32 51 192.0 35.0
43 23 71.0 154.0
27 8 197.0 135.0
5 30 191.0 78.0
28 6 64.0 188.0
41 28 188.0 168.0
29 13 199.0 120.0
26 51 122.0 95.0
43 19 35.0 66.0
33 57 112.0 58.0
25 13 112.0 61.0
28 13 9.0 103.0
16 23 116.0 73.0
19 22 37.0 56.0
8 31 53.0 36.0
1 41 51.0 176.0
9 34 93.0 38.0
8 33 78.0 157.0
20 24 101.0 190.0
31 5 43.0 63.0
15 25 85.0 112.0
7 37 40.0 122.0
7 33 49.0 94.0
14 31 158.0 100.0
19 2 79.0 4.0
22 48 133.0 109.0
29 47 43.0 186.0
29 15 188.0 87.0
4 37 76.0 25.0
33 12 120.0 117.0
51 40 52.0 170.0
26 45 1.0 162.0
27 17 4.0 81.0
12 27 12.0 89.0
29 16 140.0 56.0
21 23 23.0 80.0
33 55 69.0 99.0
26 17 16.0 142.0
6 47 116.0 20.0
28 15 151.0 118.0
31 13 29.0 155.0
19 23 136.0 42.0
44 2 5.0 76.0
40 4 191.0 28.0
26 14 125.0 12.0
41 5 27.0 141.0
37 23 57.0 144.0
11 33 198.0 8.0
10 35 106.0 28.0
9 32 136.0 42.0
36 7 17.0 141.0
12 34 99.0 160.0
44 29 97.0 176.0
31 12 49.0 76.0
19 26 80.0 106.0
38 9 151.0 79.0
25 20 47.0 10.0
12 39 105.0 136.0
31 15 7.0 122.0
28 19 152.0 58.0
28 12 37.0 1.0
8 36 87.0 87.0
31 36 188.0 168.0
18 28 147.0 92.0
5 42 139.0 147.0
2 41 182.0 44.0
24 19 63.0 141.0
53 29 110.0 167.0
30 16 90.0 148.0
51 24 0.0 130.0
3 41 145.0 188.0
26 23 107.0 44.0
5 36 193.0 46.0
14 32 139.0 127.0
36 10 64.0 154.0
25 22 55.0 126.0
39 7 88.0 97.0
5 40 194.0 88.0
22 34 126.0 91.0
48 52 100.0 33.0
22 23 153.0 93.0
26 27 137.0 92.0
39 42 61.0 1.0
7 30 115.0 68.0
13 33 168.0 156.0
29 19 174.0 114.0
38 6 39.0 101.0
57 21 19.0 91.0
3 42 143.0 173.0
27 11 148.0 81.0
14 34 41.0 161.0
39 8 21.0 157.0
23 6 92.0 141.0
26 22 87.0 66.0
21 56 152.0 78.0
24 22 76.0 124.0
42 2 13.0 171.0
21 29 35.0 113.0
31 17 105.0 76.0
51 52 51.0 78.0
36 12 8.0 143.0
37 11 38.0 95.0
34 30 87.0 143.0
2 36 199.0 163.0
6 42 134.0 12.0
31 16 130.0 121.0
4 41 57.0 188.0
1 44 34.0 60.0
27 57 16.0 42.0
22 27 199.0 55.0
21 39 156.0 87.0
23 24 85.0 155.0
26 24 181.0 19.0
16 32 149.0 63.0
19 27 26.0 6.0
41 43 60.0 60.0
47 1 92.0 76.0
21 28 157.0 92.0
48 56 50.0 113.0
44 7 23.0 135.0
32 42 184.0 4.0
35 11 139.0 133.0
26 58 93.0 117.0
42 11 84.0 153.0
19 38 128.0 128.0
56 51 98.0 85.0
40 50 85.0 101.0
13 35 159.0 60.0
48 3 191.0 95.0
44 35 106.0 82.0
36 13 84.0 199.0
34 13 162.0 120.0
31 50 103.0 42.0
29 20 173.0 1.0
38 5 50.0 10.0
40 8 34.0 9.0
57 23 169.0 178.0
31 19 11.0 76.0
23 25 142.0 96.0
14 35 18.0 57.0
16 38 39.0 121.0
29 17 58.0 12.0
1 49 20.0 109.0
43 3 130.0 54.0
30 20 67.0 99.0
32 15 9.0 31.0
44 4 87.0 152.0
25 21 65.0 105.0
7 55 88.0 104.0
11 32 29.0 146.0
51 34 86.0 49.0
49 27 157.0 16.0
9 42 37.0 24.0
56 58 150.0 47.0
16 33 134.0 37.0
41 55 68.0 151.0
51 54 172.0 156.0
52 38 117.0 2.0
13 58 140.0 3.0
26 38 148.0 49.0
13 53 81.0 185.0
44 11 120.0 183.0
21 27 191.0 54.0
17 36 186.0 12.0
37 12 87.0 111.0
31 20 38.0 156.0
35 16 24.0 130.0
38 4 16.0 172.0
18 32 39.0 50.0
18 30 77.0 159.0
45 42 24.0 21.0
41 10 86.0 163.0
1 51 129.0 125.0
47 5 103.0 167.0
2 45 122.0 127.0
39 4 35.0 139.0
42 7 55.0 27.0
15 34 84.0 132.0
35 54 130.0 109.0
35 15 92.0 169.0
22 29 85.0 21.0
29 14 72.0 188.0
10 45 171.0 195.0
56 3 80.0 158.0
28 20 153.0 135.0
55 3 132.0 38.0
4 47 64.0 14.0
13 37 21.0 108.0
37 50 158.0 106.0
14 37 162.0 182.0
51 10 34.0 133.0
11 40 42.0 114.0
40 55 105.0 148.0
46 7 99.0 189.0
43 7 160.0 163.0
50 1 169.0 181.0
38 8 125.0 79.0
24 43 152.0 88.0
52 34 55.0 186.0
16 34 95.0 49.0
21 30 28.0 152.0
5 46 124.0 128.0
38 12 37.0 84.0
24 42 171.0 159.0
17 32 94.0 49.0
6 45 92.0 46.0
33 20 176.0 99.0
21 49 195.0 23.0
8 41 185.0 175.0
15 37 71.0 62.0
20 32 118.0 61.0
35 18 124.0 41.0
27 51 111.0 18.0
23 28 90.0 155.0
19 53 141.0 18.0
49 4 156.0 136.0
31 22 142.0 142.0
8 43 18.0 165.0
32 21 122.0 136.0
5 37 57.0 199.0
57 16 199.0 168.0
36 16 138.0 41.0
26 25 187.0 79.0
43 11 77.0 144.0
13 38 150.0 19.0
29 26 152.0 168.0
10 43 9.0 75.0
5 50 5.0 66.0
24 27 181.0 157.0
13 39 46.0 120.0
18 36 118.0 34.0
30 23 102.0 195.0
54 1 66.0 52.0
20 45 66.0 18.0
29 32 13.0 75.0
5 45 67.0 171.0
19 49 46.0 0.0
52 2 144.0 44.0
40 13 47.0 63.0
27 37 32.0 101.0
6 48 128.0 50.0
44 10 57.0 194.0
1 52 90.0 70.0
58 10 52.0 109.0
23 31 104.0 50.0
32 22 110.0 48.0
36 46 37.0 109.0
25 31 147.0 70.0
46 8 96.0 75.0
42 13 112.0 105.0
23 44 14.0 154.0
46 18 90.0 66.0
34 19 10.0 146.0
47 38 87.0 72.0
25 52 28.0 125.0
44 9 162.0 175.0
36 49 113.0 10.0
33 21 18.0 177.0
35 19 164.0 184.0
15 38 22.0 6.0
25 28 80.0 185.0
2 37 54.0 120.0
50 20 86.0 83.0
53 2 163.0 1.0
58 38 36.0 28.0
43 12 26.0 6.0
22 35 34.0 190.0
43 57 110.0 9.0
20 34 49.0 143.0
17 38 146.0 104.0
1 2 156.0 185.0
24 30 162.0 71.0
53 5 84.0 199.0
17 39 194.0 110.0
57 51 140.0 180.0
15 42 102.0 3.0
46 45 91.0 152.0
42 12 125.0 37.0
51 5 48.0 81.0
44 12 14.0 163.0
39 55 62.0 98.0
9 3 171.0 56.0
37 21 166.0 64.0
40 17 65.0 69.0
24 52 30.0 156.0
28 30 128.0 155.0
16 37 81.0 128.0
50 6 193.0 95.0
10 46 29.0 55.0
51 7 24.0 0.0
29 25 133.0 190.0
2 55 152.0 199.0
39 19 165.0 182.0
50 54 22.0 45.0
6 46 66.0 103.0
1 56 175.0 11.0
24 35 154.0 156.0
47 12 36.0 178.0
43 6 160.0 122.0
6 51 116.0 65.0
30 25 34.0 82.0
24 33 14.0 8.0
40 18 23.0 80.0
30 29 108.0 150.0
14 42 46.0 62.0
38 18 43.0 35.0
42 22 93.0 4.0
34 10 10.0 161.0
50 9 157.0 44.0
42 43 80.0 172.0
50 8 80.0 55.0
31 27 13.0 189.0
15 44 182.0 60.0
32 24 5.0 25.0
44 14 82.0 50.0
9 54 23.0 44.0
54 5 34.0 132.0
15 41 113.0 66.0
58 19 13.0 193.0
57 2 47.0 26.0
25 34 182.0 181.0
13 45 185.0 139.0
16 40 46.0 19.0
40 19 63.0 21.0
15 43 102.0 97.0
18 41 175.0 167.0
34 21 173.0 140.0
26 33 33.0 20.0
34 23 91.0 167.0
21 53 4.0 28.0
25 33 152.0 2.0
32 26 121.0 15.0
37 58 44.0 175.0
20 39 123.0 20.0
13 49 103.0 96.0
39 14 37.0 89.0
41 14 86.0 80.0
27 32 10.0 42.0
41 36 172.0 114.0
13 46 103.0 45.0
37 19 128.0 147.0
10 47 124.0 51.0
55 48 63.0 179.0
41 45 143.0 52.0
22 37 40.0 181.0
4 52 197.0 2.0
5 55 194.0 122.0
44 22 194.0 97.0
53 8 160.0 122.0
47 13 196.0 36.0
41 25 145.0 59.0
53 7 113.0 40.0
20 41 85.0 105.0
50 11 170.0 35.0
11 48 176.0 116.0
51 38 121.0 170.0
3 57 174.0 81.0
42 33 193.0 122.0
49 20 122.0 138.0
19 41 42.0 188.0
28 32 101.0 79.0
15 45 178.0 24.0
18 42 156.0 106.0
14 46 68.0 77.0
47 16 137.0 42.0
13 48 66.0 131.0
58 1 47.0 189.0
50 10 104.0 89.0
52 9 24.0 157.0
42 10 114.0 154.0
19 42 132.0 70.0
23 39 58.0 0.0
35 57 38.0 147.0
49 45 159.0 105.0
39 5 52.0 6.0
54 6 45.0 108.0
56 4 107.0 21.0
52 8 73.0 21.0
40 37 78.0 5.0
10 48 1.0 88.0
22 49 61.0 192.0
55 6 166.0 172.0
48 12 70.0 170.0
54 4 146.0 67.0
38 25 143.0 53.0
23 35 158.0 168.0
36 22 62.0 36.0
40 23 81.0 16.0
4 58 179.0 142.0
37 25 56.0 98.0
57 8 24.0 126.0
54 52 43.0 122.0
45 18 155.0 138.0
24 38 74.0 113.0
5 56 113.0 88.0
46 47 44.0 194.0
48 16 25.0 23.0
29 33 0.0 81.0
44 18 41.0 176.0
31 30 43.0 36.0
45 11 181.0 199.0
34 28 15.0 7.0
21 42 97.0 128.0
38 23 73.0 141.0
4 32 116.0 98.0
44 16 132.0 68.0
49 15 148.0 125.0
28 33 73.0 144.0
28 46 71.0 7.0
31 29 126.0 38.0
20 46 71.0 175.0
17 43 154.0 144.0
56 8 128.0 23.0
15 47 122.0 13.0
54 8 87.0 22.0
35 26 91.0 112.0
48 19 69.0 115.0
51 9 4.0 147.0
22 43 64.0 27.0
48 34 81.0 19.0
57 11 148.0 162.0
24 39 77.0 70.0
32 56 69.0 116.0
47 18 73.0 113.0
51 39 138.0 94.0
52 14 5.0 95.0
43 21 163.0 70.0
28 36 68.0 44.0
33 32 24.0 16.0
21 47 151.0 102.0
37 31 47.0 172.0
36 24 100.0 72.0
12 35 199.0 190.0
50 17 179.0 4.0
15 53 110.0 142.0
19 45 54.0 178.0
12 51 134.0 79.0
36 29 69.0 37.0
9 55 103.0 69.0
26 36 161.0 155.0
13 44 123.0 160.0
48 20 47.0 54.0
30 43 10.0 157.0
35 34 136.0 17.0
48 18 67.0 22.0
16 49 132.0 136.0
46 22 117.0 187.0
18 49 63.0 78.0
45 55 175.0 186.0
31 35 50.0 174.0
17 52 28.0 12.0
31 44 147.0 164.0
42 40 106.0 14.0
20 58 21.0 191.0
21 45 111.0 138.0
41 26 65.0 174.0
48 26 66.0 192.0
33 35 143.0 68.0
28 40 115.0 172.0
47 23 140.0 14.0
41 27 178.0 198.0
7 58 96.0 199.0
51 15 97.0 160.0
36 47 18.0 162.0
51 16 105.0 37.0
39 28 121.0 1.0
55 56 153.0 188.0
38 28 145.0 93.0
30 36 19.0 75.0
29 40 57.0 68.0
54 37 176.0 154.0
38 30 18.0 194.0
12 52 198.0 75.0
23 46 179.0 119.0
42 54 119.0 132.0
19 50 149.0 64.0
43 27 6.0 120.0
26 44 83.0 63.0
34 32 139.0 11.0
46 33 11.0 109.0
58 17 182.0 9.0
57 12 118.0 162.0
44 53 104.0 189.0
44 25 197.0 53.0
47 24 63.0 155.0
51 17 187.0 99.0
26 46 176.0 78.0
46 24 162.0 187.0
55 16 40.0 96.0
56 11 119.0 159.0
48 17 33.0 23.0
50 21 51.0 182.0
53 10 21.0 66.0
45 24 198.0 160.0
57 39 0.0 174.0
47 2 53.0 114.0
40 24 41.0 93.0
49 25 182.0 112.0
23 42 59.0 167.0
28 29 23.0 62.0
25 40 97.0 45.0
31 40 130.0 95.0
28 43 125.0 82.0
38 32 147.0 178.0
58 11 133.0 140.0
29 57 133.0 116.0
15 56 8.0 192.0
45 25 23.0 32.0
31 42 37.0 121.0
58 16 134.0 119.0
15 50 76.0 12.0
56 20 110.0 24.0
42 30 195.0 44.0
22 57 13.0 128.0
22 54 132.0 21.0
52 23 70.0 108.0
15 54 125.0 59.0
19 56 139.0 11.0
50 22 130.0 16.0
55 20 132.0 41.0
38 37 181.0 79.0
24 44 48.0 194.0
54 43 64.0 181.0
14 49 160.0 135.0
52 18 171.0 37.0
45 30 105.0 111.0
23 50 190.0 35.0
41 38 83.0 122.0
41 31 118.0 65.0
47 26 195.0 167.0
39 36 153.0 11.0
54 20 163.0 65.0
26 49 18.0 86.0
52 26 174.0 123.0
27 33 51.0 164.0
47 28 108.0 135.0
49 29 107.0 27.0
22 51 191.0 54.0
34 44 91.0 96.0
36 40 57.0 6.0
54 29 117.0 75.0
39 27 22.0 92.0
31 47 199.0 26.0
54 40 192.0 108.0
34 36 28.0 99.0
53 23 183.0 171.0
58 2 183.0 26.0
31 45 195.0 40.0
45 54 22.0 65.0
52 11 173.0 45.0
37 43 117.0 125.0
25 53 1.0 109.0
44 32 9.0 181.0
32 46 85.0 144.0
45 33 153.0 20.0
37 34 134.0 100.0
46 34 192.0 157.0
34 41 144.0 118.0
28 52 113.0 13.0
50 24 52.0 114.0
51 25 102.0 61.0
23 56 125.0 187.0
54 26 33.0 78.0
54 25 148.0 167.0
56 17 74.0 92.0
52 21 55.0 18.0
34 47 33.0 168.0
50 29 93.0 85.0
27 28 34.0 195.0
40 41 182.0 159.0
36 42 115.0 167.0
51 31 120.0 63.0
46 37 42.0 194.0
34 45 172.0 49.0
36 45 6.0 157.0
37 45 190.0 100.0
38 43 149.0 177.0
44 38 125.0 83.0
37 42 150.0 41.0
45 35 101.0 70.0
31 48 83.0 95.0
35 40 130.0 55.0
54 27 175.0 136.0
50 33 53.0 166.0
24 57 66.0 154.0
56 24 61.0 144.0
55 26 178.0 11.0
56 30 6.0 32.0
29 46 183.0 41.0
39 40 195.0 65.0
58 29 20.0 171.0
33 49 178.0 73.0
57 28 63.0 45.0
27 53 57.0 125.0
58 27 119.0 187.0
25 56 124.0 77.0
56 49 75.0 59.0
46 39 27.0 71.0
35 51 173.0 199.0
49 34 163.0 152.0
31 57 67.0 26.0
30 40 16.0 76.0
48 36 114.0 135.0
40 44 134.0 38.0
41 42 50.0 162.0
52 22 5.0 77.0
4 42 62.0 179.0
18 56 103.0 25.0
31 52 122.0 122.0
38 53 147.0 138.0
44 36 98.0 61.0
53 54 122.0 185.0
35 43 75.0 172.0
15 57 15.0 32.0
48 37 81.0 77.0
53 45 78.0 184.0
32 37 164.0 0.0
41 44 72.0 111.0
46 44 106.0 123.0
39 44 124.0 28.0
32 52 43.0 151.0
51 33 86.0 58.0
55 34 145.0 167.0
49 30 150.0 176.0
46 41 19.0 115.0
54 30 135.0 92.0
43 47 126.0 41.0
40 49 34.0 2.0
35 47 32.0 77.0
35 56 188.0 118.0
52 29 67.0 85.0
47 41 103.0 169.0
53 37 161.0 75.0
29 42 118.0 48.0
39 52 113.0 44.0
40 48 190.0 147.0
55 27 193.0 174.0
37 55 141.0 133.0
55 36 24.0 8.0
47 37 126.0 79.0
34 54 181.0 87.0
48 47 63.0 99.0
52 43 192.0 176.0
50 43 47.0 134.0
37 49 114.0 40.0
56 36 187.0 7.0
41 50 129.0 163.0
57 42 63.0 56.0
57 34 79.0 44.0
52 45 112.0 142.0
46 51 85.0 56.0
30 58 46.0 132.0
56 38 156.0 112.0
44 54 147.0 96.0
44 49 184.0 29.0
55 38 108.0 47.0
20 43 67.0 187.0
44 51 81.0 179.0
39 50 195.0 166.0
52 42 134.0 41.0
55 46 177.0 91.0
48 54 113.0 124.0
43 46 5.0 97.0
50 51 27.0 113.0
56 39 183.0 94.0
29 55 182.0 16.0
57 37 97.0 129.0
55 43 110.0 31.0
39 58 53.0 87.0
49 47 164.0 166.0
56 41 164.0 169.0
42 47 109.0 191.0
55 44 67.0 44.0
34 58 29.0 49.0
58 44 178.0 126.0
35 29 80.0 40.0
49 52 46.0 85.0
40 58 65.0 10.0
43 56 35.0 29.0
49 55 99.0 96.0
52 50 73.0 166.0
20 5 146.0 103.0
51 53 103.0 76.0
37 51 172.0 135.0
57 53 192.0 170.0
43 49 193.0 10.0
33 22 28.0 180.0
50 32 174.0 79.0
44 42 120.0 47.0
42 53 168.0 18.0
53 52 23.0 71.0
41 57 111.0 147.0
37 52 1.0 56.0
50 48 64.0 146.0
36 38 21.0 92.0
58 54 124.0 147.0
58 57 38.0 196.0
43 40 85.0 6.0
40 53 176.0 61.0
52 55 165.0 40.0
3 2 31.0 118.0
54 55 123.0 96.0
49 5 99.0 145.0
39 49 185.0 175.0
35 58 41.0 175.0
1 5 0.0 126.0
57 54 151.0 129.0
43 44 130.0 116.0
52 46 83.0 161.0
32 45 148.0 6.0
45 51 14.0 199.0
57 49 139.0 151.0
10 52 38.0 180.0
46 48 176.0 190.0
38 50 98.0 127.0
45 58 57.0 28.0
58 49 186.0 140.0
57 50 101.0 134.0
56 54 150.0 115.0
40 46 112.0 90.0
31 43 109.0 150.0
25 46 32.0 85.0
46 42 52.0 130.0
43 58 142.0 62.0
48 58 4.0 81.0
0
