58 1653 38 39 231693
23 51 172.0 154.0
16 20 86.0 98.0
1 34 143.0 116.0
29 58 189.0 40.0
41 44 188.0 147.0
25 49 193.0 192.0
24 20 159.0 155.0
18 41 9.0 80.0
33 15 93.0 133.0
26 1 109.0 179.0
34 27 47.0 4.0
26 37 55.0 188.0
14 44 101.0 196.0
26 3 52.0 95.0
23 1 77.0 164.0
41 55 22.0 38.0
3 16 128.0 115.0
8 53 190.0 37.0
21 49 43.0 189.0
19 24 0.0 99.0
9 34 62.0 101.0
36 55 101.0 66.0
55 21 88.0 178.0
9 27 9.0 62.0
35 6 47.0 137.0
1 11 70.0 38.0
51 28 159.0 114.0
52 30 125.0 159.0
5 15 151.0 187.0
12 21 159.0 53.0
41 38 15.0 0.0
57 47 92.0 24.0
45 2 120.0 139.0
4 8 8.0 190.0
36 41 66.0 167.0
12 19 33.0 191.0
33 26 51.0 137.0
46 5 125.0 163.0
42 40 77.0 140.0
20 39 73.0 121.0
40 6 69.0 145.0
5 33 51.0 29.0
15 31 118.0 117.0
41 58 68.0 103.0
17 7 81.0 120.0
11 4 156.0 158.0
43 18 31.0 33.0
48 16 197.0 105.0
13 43 110.0 66.0
17 46 35.0 162.0
10 34 21.0 153.0
33 9 36.0 89.0
16 24 79.0 69.0
19 1 50.0 35.0
10 14 46.0 82.0
21 50 96.0 43.0
26 34 80.0 158.0
13 23 103.0 115.0
57 33 148.0 124.0
33 37 125.0 137.0
2 49 76.0 157.0
41 53 17.0 126.0
8 55 93.0 64.0
46 2 89.0 141.0
28 27 181.0 169.0
41 31 132.0 85.0
55 50 36.0 33.0
20 51 55.0 162.0
33 10 115.0 83.0
4 40 181.0 132.0
37 31 21.0 26.0
33 17 81.0 110.0
35 52 152.0 14.0
6 5 27.0 85.0
4 27 140.0 64.0
11 51 168.0 195.0
2 11 64.0 35.0
51 41 114.0 197.0
13 31 28.0 87.0
14 3 172.0 61.0
42 5 1.0 124.0
24 4 140.0 28.0
22 51 119.0 33.0
43 27 119.0 88.0
38 8 3.0 184.0
40 56 64.0 69.0
28 19 5.0 44.0
17 53 88.0 129.0
49 37 13.0 89.0
32 2 95.0 106.0
4 9 80.0 166.0
26 27 178.0 0.0
27 5 77.0 133.0
52 1 179.0 141.0
20 25 65.0 136.0
11 27 178.0 153.0
5 11 87.0 143.0
13 22 170.0 134.0
21 34 60.0 2.0
5 7 189.0 190.0
45 3 112.0 67.0
3 29 37.0 43.0
45 56 142.0 103.0
6 2 69.0 72.0
6 45 11.0 157.0
58 54 110.0 133.0
21 42 52.0 170.0
33 43 84.0 41.0
37 19 115.0 148.0
48 34 119.0 152.0
24 28 120.0 62.0
23 11 67.0 142.0
47 24 24.0 30.0
11 36 87.0 134.0
19 51 44.0 139.0
27 37 53.0 81.0
56 52 14.0 120.0
20 15 96.0 85.0
35 34 96.0 168.0
45 57 192.0 163.0
14 30 104.0 16.0
7 55 62.0 143.0
47 35 23.0 59.0
4 5 111.0 28.0
6 33 142.0 77.0
47 50 52.0 190.0
25 16 0.0 148.0
6 1 183.0 193.0
27 32 20.0 39.0
29 25 166.0 35.0
3 1 134.0 189.0
13 12 155.0 46.0
44 36 90.0 50.0
27 19 53.0 142.0
26 36 125.0 53.0
33 7 19.0 60.0
5 9 120.0 39.0
36 25 1.0 38.0
17 9 106.0 135.0
20 30 19.0 14.0
8 49 199.0 109.0
9 52 160.0 52.0
29 49 105.0 37.0
55 42 16.0 124.0
53 30 181.0 88.0
47 20 62.0 134.0
20 14 8.0 169.0
36 48 68.0 27.0
30 49 7.0 67.0
43 5 138.0 119.0
45 47 90.0 195.0
30 4 105.0 107.0
34 12 81.0 38.0
23 27 85.0 143.0
41 35 101.0 46.0
16 42 150.0 169.0
33 45 6.0 110.0
49 56 142.0 96.0
45 21 95.0 33.0
24 3 54.0 1.0
14 2 18.0 87.0
21 14 158.0 103.0
40 26 199.0 11.0
2 55 41.0 149.0
41 26 133.0 199.0
16 54 131.0 75.0
16 1 159.0 178.0
1 13 96.0 165.0
6 3 87.0 114.0
15 32 83.0 45.0
50 27 198.0 82.0
23 3 12.0 39.0
20 1 36.0 145.0
54 12 129.0 119.0
4 13 90.0 40.0
20 48 152.0 186.0
57 19 46.0 39.0
50 57 44.0 130.0
25 35 136.0 42.0
29 42 96.0 149.0
42 47 13.0 84.0
58 37 5.0 142.0
41 9 83.0 47.0
48 42 150.0 36.0
2 56 10.0 148.0
55 43 60.0 55.0
12 42 95.0 197.0
18 21 106.0 143.0
9 39 164.0 119.0
2 5 38.0 121.0
4 55 191.0 121.0
38 6 142.0 93.0
12 4 153.0 152.0
51 24 67.0 165.0
8 47 92.0 114.0
9 57 157.0 150.0
29 39 22.0 121.0
34 13 87.0 60.0
9 10 67.0 78.0
8 54 84.0 9.0
1 8 36.0 189.0
40 39 82.0 55.0
1 12 81.0 126.0
15 55 18.0 38.0
27 46 134.0 40.0
58 39 67.0 173.0
40 46 132.0 86.0
33 30 138.0 16.0
46 26 186.0 175.0
7 11 133.0 20.0
35 37 132.0 14.0
33 8 121.0 102.0
6 12 70.0 7.0
17 19 84.0 137.0
56 57 157.0 16.0
9 6 136.0 47.0
45 19 158.0 74.0
30 7 61.0 91.0
35 39 167.0 194.0
38 5 75.0 40.0
2 16 89.0 97.0
58 22 162.0 173.0
20 35 186.0 71.0
54 15 173.0 75.0
34 4 2.0 84.0
3 18 188.0 63.0
48 32 144.0 155.0
37 32 1.0 172.0
13 36 125.0 90.0
7 9 171.0 39.0
35 9 189.0 158.0
16 44 26.0 114.0
47 19 178.0 28.0
29 30 159.0 119.0
54 49 111.0 56.0
15 13 168.0 112.0
40 3 10.0 46.0
11 14 32.0 181.0
15 38 129.0 173.0
15 3 59.0 107.0
13 40 116.0 189.0
3 55 31.0 76.0
46 21 109.0 94.0
25 13 17.0 29.0
8 42 83.0 27.0
48 18 61.0 68.0
47 46 177.0 142.0
48 28 120.0 36.0
9 2 114.0 36.0
15 11 173.0 98.0
10 3 116.0 34.0
18 56 64.0 134.0
40 22 156.0 99.0
31 22 127.0 17.0
10 48 90.0 104.0
17 55 144.0 162.0
14 4 3.0 10.0
6 53 116.0 176.0
58 57 108.0 32.0
15 1 21.0 172.0
17 58 58.0 177.0
2 10 152.0 185.0
52 6 65.0 194.0
52 40 99.0 161.0
35 12 123.0 54.0
7 40 189.0 191.0
38 19 123.0 97.0
13 38 78.0 144.0
37 50 187.0 89.0
54 9 124.0 91.0
9 1 97.0 189.0
42 49 103.0 148.0
1 10 10.0 178.0
7 51 83.0 151.0
5 1 40.0 7.0
40 14 17.0 71.0
15 6 44.0 157.0
13 8 102.0 169.0
4 2 33.0 152.0
46 33 87.0 136.0
50 34 193.0 97.0
18 37 135.0 77.0
18 1 21.0 127.0
42 53 116.0 190.0
39 6 97.0 161.0
55 31 186.0 151.0
27 44 53.0 20.0
3 7 67.0 92.0
40 18 116.0 13.0
54 25 141.0 51.0
53 28 17.0 114.0
22 34 144.0 134.0
31 16 152.0 41.0
15 4 121.0 139.0
57 38 12.0 127.0
36 6 195.0 79.0
24 1 102.0 111.0
17 10 12.0 44.0
16 4 79.0 182.0
8 11 20.0 23.0
54 55 44.0 172.0
10 22 17.0 165.0
51 15 194.0 29.0
21 9 25.0 141.0
10 37 39.0 127.0
13 3 69.0 52.0
57 1 97.0 101.0
39 27 169.0 117.0
16 9 158.0 13.0
22 11 32.0 127.0
18 23 87.0 178.0
31 6 121.0 112.0
42 44 99.0 161.0
52 12 149.0 168.0
4 6 5.0 46.0
31 49 95.0 174.0
57 32 15.0 5.0
34 11 92.0 199.0
33 2 56.0 131.0
57 20 76.0 178.0
56 12 102.0 175.0
23 8 159.0 51.0
4 20 167.0 116.0
10 25 123.0 14.0
56 58 50.0 91.0
12 5 191.0 95.0
31 29 172.0 47.0
41 50 9.0 48.0
53 56 28.0 63.0
56 43 92.0 187.0
8 7 33.0 11.0
50 30 30.0 108.0
29 24 147.0 33.0
3 19 14.0 138.0
39 26 80.0 138.0
10 6 87.0 41.0
53 3 89.0 116.0
45 38 190.0 181.0
14 9 160.0 175.0
30 42 165.0 143.0
58 47 29.0 112.0
6 7 66.0 195.0
2 15 159.0 99.0
5 13 187.0 46.0
44 51 23.0 76.0
31 21 33.0 165.0
21 33 124.0 145.0
12 3 59.0 89.0
8 15 176.0 40.0
13 18 0.0 195.0
12 8 41.0 159.0
4 7 87.0 180.0
55 19 194.0 111.0
17 2 173.0 27.0
40 28 193.0 49.0
13 6 182.0 4.0
7 2 153.0 110.0
14 8 199.0 153.0
7 12 42.0 40.0
12 53 47.0 129.0
6 51 47.0 42.0
58 14 190.0 172.0
33 48 8.0 135.0
4 10 60.0 190.0
20 3 118.0 165.0
11 52 61.0 69.0
1 29 159.0 55.0
15 56 111.0 6.0
40 21 102.0 111.0
27 2 64.0 92.0
2 20 73.0 24.0
45 37 61.0 85.0
19 4 129.0 179.0
27 38 106.0 142.0
58 31 193.0 17.0
18 2 64.0 57.0
45 15 94.0 167.0
16 34 164.0 158.0
56 8 165.0 189.0
44 22 168.0 27.0
5 3 48.0 49.0
7 13 70.0 106.0
45 12 125.0 16.0
10 7 122.0 141.0
10 21 148.0 16.0
55 6 15.0 113.0
5 55 11.0 132.0
18 58 55.0 132.0
3 56 181.0 55.0
12 18 115.0 52.0
21 27 87.0 192.0
21 2 38.0 9.0
13 53 18.0 186.0
58 4 167.0 185.0
51 13 131.0 130.0
12 41 51.0 139.0
39 43 73.0 33.0
3 22 0.0 141.0
5 18 102.0 39.0
9 13 166.0 92.0
17 4 36.0 184.0
8 2 36.0 3.0
11 3 21.0 119.0
45 17 0.0 73.0
52 53 169.0 25.0
16 39 152.0 169.0
7 56 23.0 6.0
12 11 189.0 189.0
35 53 162.0 25.0
53 55 40.0 198.0
50 45 117.0 61.0
20 5 85.0 69.0
21 44 135.0 6.0
24 27 65.0 39.0
16 22 147.0 89.0
44 9 176.0 88.0
9 8 156.0 138.0
12 48 14.0 196.0
26 51 135.0 132.0
19 16 89.0 173.0
1 14 62.0 176.0
42 33 44.0 127.0
46 9 109.0 191.0
18 38 107.0 85.0
1 21 93.0 64.0
9 15 119.0 108.0
21 47 71.0 7.0
54 7 146.0 112.0
30 21 19.0 8.0
45 42 70.0 63.0
51 54 7.0 179.0
6 18 87.0 114.0
10 11 56.0 132.0
34 41 69.0 127.0
21 19 34.0 140.0
25 47 130.0 132.0
3 8 149.0 101.0
21 6 187.0 171.0
50 17 114.0 146.0
57 40 110.0 153.0
36 2 38.0 166.0
43 48 118.0 108.0
1 41 198.0 152.0
22 17 146.0 128.0
25 48 108.0 95.0
45 22 173.0 47.0
30 3 40.0 39.0
15 7 150.0 150.0
15 35 12.0 189.0
16 28 45.0 130.0
2 50 150.0 44.0
58 21 0.0 48.0
11 47 156.0 108.0
22 1 84.0 129.0
16 11 108.0 124.0
56 33 95.0 59.0
9 51 160.0 107.0
20 31 146.0 157.0
13 10 48.0 97.0
16 8 136.0 48.0
52 45 156.0 92.0
23 4 117.0 41.0
43 52 56.0 178.0
6 17 38.0 151.0
5 17 86.0 150.0
2 51 178.0 32.0
24 12 91.0 178.0
10 15 172.0 27.0
7 18 103.0 81.0
32 49 187.0 173.0
34 8 183.0 43.0
24 2 129.0 174.0
5 47 111.0 167.0
31 44 46.0 41.0
48 14 116.0 137.0
53 4 38.0 40.0
43 32 33.0 93.0
14 33 35.0 173.0
21 3 61.0 170.0
46 45 25.0 142.0
26 54 5.0 88.0
25 1 150.0 3.0
20 7 3.0 66.0
6 16 150.0 41.0
35 4 175.0 136.0
36 52 27.0 162.0
56 4 97.0 88.0
18 8 50.0 122.0
15 42 9.0 56.0
9 40 97.0 111.0
7 14 66.0 101.0
21 11 168.0 17.0
14 42 87.0 143.0
35 57 195.0 114.0
3 17 20.0 92.0
52 20 134.0 71.0
3 44 22.0 95.0
25 38 195.0 72.0
47 16 124.0 61.0
5 14 1.0 92.0
44 17 101.0 88.0
13 11 37.0 97.0
12 16 46.0 9.0
47 37 86.0 132.0
14 12 2.0 109.0
2 25 75.0 149.0
51 1 125.0 199.0
8 6 80.0 126.0
27 55 78.0 182.0
19 20 29.0 67.0
55 37 129.0 27.0
8 30 20.0 15.0
41 3 29.0 174.0
38 4 115.0 56.0
5 16 183.0 193.0
26 6 83.0 63.0
1 17 110.0 113.0
41 7 1.0 139.0
19 8 70.0 130.0
54 24 120.0 42.0
27 40 31.0 149.0
43 38 82.0 99.0
45 51 64.0 65.0
56 10 105.0 147.0
25 4 107.0 16.0
56 32 154.0 60.0
49 41 103.0 176.0
56 48 109.0 23.0
25 3 32.0 93.0
20 41 94.0 115.0
5 19 55.0 110.0
22 5 92.0 113.0
41 10 168.0 151.0
33 28 62.0 74.0
7 1 40.0 166.0
45 48 10.0 150.0
39 36 147.0 194.0
10 12 79.0 193.0
16 13 159.0 86.0
42 2 87.0 51.0
3 9 117.0 55.0
36 51 118.0 179.0
19 10 107.0 111.0
24 42 57.0 69.0
19 26 99.0 156.0
6 23 119.0 130.0
34 49 70.0 78.0
21 7 48.0 158.0
6 14 106.0 117.0
12 2 132.0 176.0
18 11 137.0 191.0
19 49 60.0 146.0
17 28 49.0 159.0
12 50 58.0 120.0
16 10 130.0 81.0
6 11 173.0 178.0
23 33 4.0 79.0
38 2 195.0 88.0
38 21 195.0 133.0
11 38 64.0 56.0
8 10 139.0 65.0
58 30 171.0 150.0
31 34 72.0 53.0
45 58 26.0 197.0
32 31 128.0 182.0
25 14 179.0 124.0
34 18 43.0 174.0
9 19 127.0 108.0
11 20 159.0 66.0
50 51 151.0 82.0
26 14 69.0 175.0
6 19 150.0 96.0
48 15 37.0 30.0
4 18 52.0 16.0
10 44 60.0 48.0
1 27 123.0 187.0
38 56 96.0 82.0
41 57 69.0 199.0
12 22 122.0 139.0
39 8 5.0 24.0
14 41 119.0 43.0
8 20 180.0 123.0
3 42 128.0 40.0
2 26 113.0 51.0
7 22 7.0 161.0
45 36 54.0 28.0
14 18 44.0 128.0
8 5 124.0 49.0
12 15 71.0 43.0
25 15 10.0 52.0
10 20 169.0 138.0
51 57 9.0 34.0
45 25 30.0 168.0
52 51 53.0 36.0
51 27 174.0 97.0
3 27 75.0 98.0
32 1 151.0 146.0
5 51 102.0 161.0
18 19 171.0 71.0
4 21 22.0 180.0
25 5 115.0 4.0
30 2 12.0 168.0
16 7 74.0 187.0
54 32 10.0 101.0
30 26 143.0 161.0
19 36 97.0 197.0
54 5 121.0 68.0
5 29 132.0 143.0
16 14 44.0 199.0
9 22 98.0 9.0
11 17 4.0 172.0
46 6 68.0 14.0
31 1 126.0 163.0
36 53 26.0 23.0
5 26 59.0 147.0
58 23 191.0 192.0
44 38 82.0 188.0
18 9 199.0 180.0
36 47 34.0 3.0
52 29 153.0 55.0
24 7 45.0 32.0
36 8 16.0 23.0
38 29 142.0 75.0
19 11 57.0 86.0
44 39 74.0 139.0
2 22 176.0 25.0
8 17 104.0 162.0
5 24 145.0 10.0
57 17 23.0 142.0
16 50 100.0 39.0
20 49 155.0 195.0
55 10 49.0 12.0
19 14 138.0 75.0
6 24 151.0 114.0
56 11 32.0 7.0
19 30 138.0 129.0
15 18 61.0 113.0
2 29 131.0 161.0
9 47 56.0 38.0
13 19 0.0 105.0
4 37 82.0 138.0
2 28 114.0 185.0
40 32 79.0 99.0
53 51 174.0 169.0
49 33 144.0 35.0
7 23 156.0 28.0
25 7 198.0 165.0
32 33 128.0 151.0
4 42 36.0 163.0
8 24 31.0 102.0
9 12 56.0 110.0
2 31 34.0 30.0
22 4 51.0 130.0
20 6 174.0 7.0
20 13 198.0 125.0
22 43 150.0 127.0
18 45 115.0 138.0
27 47 84.0 146.0
49 15 128.0 140.0
48 31 104.0 162.0
24 49 104.0 155.0
11 24 132.0 31.0
42 19 186.0 82.0
5 21 101.0 88.0
54 33 42.0 169.0
28 1 117.0 126.0
21 53 19.0 45.0
17 16 127.0 76.0
13 2 158.0 183.0
35 1 90.0 42.0
15 22 154.0 28.0
31 24 138.0 8.0
27 6 66.0 180.0
33 1 176.0 183.0
39 11 112.0 196.0
23 10 95.0 39.0
38 33 58.0 5.0
22 39 159.0 100.0
25 8 163.0 66.0
24 57 93.0 101.0
21 8 151.0 111.0
27 7 15.0 128.0
17 12 167.0 79.0
9 23 107.0 14.0
30 10 34.0 117.0
26 9 144.0 145.0
26 10 143.0 108.0
46 24 40.0 188.0
48 21 86.0 192.0
10 29 126.0 54.0
24 9 48.0 45.0
13 32 1.0 155.0
34 38 50.0 187.0
13 45 188.0 195.0
35 30 85.0 84.0
53 1 11.0 126.0
19 15 175.0 50.0
21 13 90.0 54.0
20 9 97.0 138.0
30 12 94.0 50.0
41 24 113.0 144.0
3 58 170.0 101.0
29 14 11.0 55.0
7 36 86.0 174.0
28 31 97.0 14.0
4 31 22.0 139.0
44 58 30.0 71.0
4 3 145.0 124.0
30 1 33.0 58.0
18 10 107.0 155.0
29 4 11.0 70.0
51 47 52.0 98.0
7 19 101.0 149.0
8 27 51.0 75.0
17 30 193.0 82.0
29 7 180.0 139.0
56 36 92.0 166.0
34 42 159.0 199.0
57 26 133.0 170.0
15 17 86.0 185.0
25 11 16.0 188.0
6 22 94.0 68.0
17 18 183.0 39.0
34 3 144.0 116.0
19 2 37.0 36.0
7 26 192.0 148.0
21 26 73.0 125.0
50 3 176.0 160.0
41 39 172.0 144.0
31 7 30.0 18.0
17 20 79.0 13.0
9 50 116.0 23.0
50 38 71.0 105.0
33 13 158.0 15.0
30 41 16.0 183.0
35 54 150.0 144.0
26 50 63.0 122.0
44 49 168.0 45.0
27 49 90.0 199.0
41 21 7.0 6.0
25 12 135.0 78.0
46 16 90.0 93.0
48 29 187.0 59.0
22 8 119.0 138.0
51 21 146.0 182.0
6 28 159.0 66.0
9 25 82.0 49.0
22 32 24.0 89.0
57 13 84.0 111.0
28 45 151.0 126.0
25 6 156.0 138.0
18 57 185.0 76.0
12 23 50.0 131.0
19 22 180.0 9.0
23 25 5.0 62.0
5 32 183.0 181.0
48 17 189.0 19.0
53 11 81.0 140.0
26 43 176.0 37.0
42 56 4.0 114.0
3 31 66.0 6.0
22 28 113.0 46.0
35 3 42.0 119.0
4 26 139.0 25.0
20 36 145.0 80.0
6 30 130.0 178.0
17 13 61.0 59.0
26 8 109.0 17.0
3 28 117.0 127.0
18 16 15.0 31.0
18 20 53.0 9.0
47 38 3.0 144.0
7 37 127.0 149.0
9 28 46.0 9.0
29 8 33.0 60.0
38 32 12.0 142.0
9 29 91.0 129.0
46 49 85.0 59.0
27 31 73.0 90.0
2 39 39.0 76.0
9 36 6.0 118.0
56 17 56.0 52.0
24 15 38.0 89.0
29 17 43.0 2.0
1 38 153.0 86.0
10 28 114.0 190.0
31 5 173.0 187.0
43 11 76.0 13.0
38 58 154.0 82.0
7 28 8.0 11.0
14 51 93.0 46.0
15 14 42.0 88.0
6 32 79.0 148.0
31 8 142.0 194.0
37 1 85.0 116.0
26 38 47.0 114.0
30 9 24.0 1.0
12 26 187.0 32.0
58 25 101.0 32.0
31 10 161.0 144.0
45 31 176.0 193.0
4 28 153.0 119.0
25 26 22.0 191.0
9 11 32.0 69.0
40 55 137.0 56.0
11 26 52.0 124.0
23 5 100.0 105.0
15 23 181.0 62.0
5 30 28.0 158.0
5 28 114.0 133.0
24 14 84.0 88.0
12 27 35.0 116.0
47 22 167.0 172.0
4 33 36.0 171.0
29 37 138.0 88.0
23 17 123.0 119.0
52 22 103.0 103.0
29 12 26.0 170.0
5 34 95.0 110.0
25 34 100.0 130.0
31 9 21.0 19.0
53 31 58.0 9.0
32 4 96.0 196.0
36 1 110.0 172.0
38 52 108.0 165.0
15 26 178.0 134.0
15 21 114.0 25.0
9 32 184.0 166.0
14 22 15.0 157.0
48 58 193.0 25.0
12 20 169.0 42.0
17 49 91.0 31.0
42 32 58.0 199.0
14 23 182.0 188.0
50 20 163.0 48.0
14 13 33.0 147.0
21 16 126.0 48.0
32 3 144.0 72.0
14 43 41.0 66.0
7 32 25.0 133.0
39 47 35.0 83.0
2 34 157.0 169.0
36 4 60.0 120.0
36 3 136.0 93.0
13 26 3.0 14.0
32 25 118.0 100.0
1 55 136.0 160.0
54 2 166.0 162.0
40 12 4.0 153.0
22 49 9.0 161.0
24 10 77.0 70.0
32 8 129.0 165.0
52 32 80.0 85.0
49 36 122.0 198.0
24 53 70.0 59.0
46 56 37.0 188.0
34 7 143.0 41.0
35 11 60.0 105.0
13 52 90.0 89.0
19 39 3.0 171.0
5 53 4.0 35.0
34 6 96.0 78.0
51 58 100.0 119.0
32 11 185.0 137.0
36 29 17.0 80.0
5 37 121.0 29.0
5 36 107.0 163.0
23 19 111.0 62.0
16 23 88.0 115.0
10 27 28.0 137.0
11 30 98.0 128.0
32 46 164.0 35.0
40 1 80.0 133.0
28 44 117.0 153.0
43 1 159.0 176.0
2 35 97.0 71.0
17 21 173.0 138.0
29 54 120.0 153.0
26 17 46.0 170.0
30 13 47.0 163.0
21 20 173.0 79.0
48 47 45.0 43.0
28 13 54.0 157.0
7 45 99.0 104.0
25 18 107.0 24.0
12 28 0.0 179.0
16 15 63.0 198.0
17 27 26.0 62.0
47 32 173.0 152.0
35 5 177.0 19.0
23 21 177.0 32.0
13 27 178.0 76.0
41 48 199.0 85.0
10 43 147.0 151.0
44 18 71.0 162.0
39 4 25.0 50.0
15 29 196.0 198.0
42 1 115.0 125.0
28 14 157.0 92.0
40 2 127.0 88.0
43 24 61.0 126.0
1 39 107.0 8.0
10 32 194.0 131.0
16 52 18.0 171.0
38 48 84.0 166.0
52 28 140.0 151.0
40 11 198.0 98.0
14 35 195.0 126.0
58 9 5.0 56.0
28 15 165.0 113.0
11 33 190.0 111.0
16 27 112.0 160.0
32 12 46.0 148.0
22 18 170.0 139.0
22 38 164.0 121.0
41 4 190.0 111.0
26 20 37.0 196.0
58 24 26.0 154.0
31 11 82.0 16.0
18 27 7.0 146.0
37 2 23.0 5.0
28 43 193.0 146.0
15 27 12.0 109.0
8 35 69.0 3.0
26 16 76.0 59.0
43 40 69.0 54.0
18 24 82.0 103.0
47 54 52.0 41.0
4 48 40.0 27.0
32 34 29.0 185.0
20 22 106.0 41.0
17 25 8.0 176.0
40 36 111.0 36.0
40 5 183.0 132.0
27 14 110.0 18.0
3 38 131.0 114.0
39 5 50.0 124.0
19 25 108.0 79.0
29 13 72.0 14.0
12 31 120.0 81.0
30 44 130.0 32.0
25 41 72.0 65.0
27 20 188.0 183.0
17 14 153.0 72.0
33 12 59.0 155.0
21 24 62.0 119.0
14 31 80.0 134.0
49 38 5.0 152.0
24 23 45.0 87.0
6 37 5.0 69.0
15 30 83.0 145.0
16 30 197.0 189.0
38 51 71.0 8.0
29 19 142.0 133.0
42 6 41.0 174.0
2 41 24.0 198.0
7 38 116.0 69.0
42 43 131.0 121.0
7 39 149.0 167.0
32 14 49.0 98.0
22 26 31.0 120.0
43 34 151.0 125.0
29 16 12.0 192.0
15 58 89.0 36.0
7 35 20.0 5.0
58 5 42.0 103.0
43 9 180.0 143.0
10 38 79.0 30.0
22 21 191.0 62.0
23 22 133.0 143.0
12 44 65.0 97.0
35 42 107.0 154.0
49 52 41.0 79.0
21 28 134.0 84.0
58 28 184.0 66.0
17 24 26.0 15.0
10 35 59.0 18.0
47 1 57.0 144.0
38 9 79.0 122.0
44 2 20.0 186.0
45 1 130.0 61.0
37 9 158.0 16.0
54 3 50.0 142.0
37 8 82.0 29.0
40 16 156.0 93.0
55 20 112.0 13.0
34 15 60.0 191.0
13 24 57.0 80.0
11 37 101.0 139.0
16 32 68.0 59.0
41 6 73.0 118.0
17 31 2.0 155.0
8 41 10.0 159.0
48 55 123.0 123.0
28 20 129.0 183.0
29 34 144.0 139.0
26 18 99.0 45.0
43 4 176.0 167.0
47 2 26.0 49.0
24 25 36.0 29.0
28 11 49.0 46.0
53 14 125.0 172.0
33 34 80.0 6.0
29 11 182.0 177.0
18 29 10.0 82.0
20 29 194.0 138.0
46 54 177.0 21.0
21 25 3.0 13.0
13 48 54.0 4.0
3 47 17.0 131.0
25 22 109.0 49.0
34 51 59.0 91.0
34 14 32.0 21.0
43 6 14.0 179.0
21 29 145.0 143.0
35 51 96.0 100.0
33 27 149.0 150.0
16 33 67.0 118.0
5 10 7.0 128.0
37 3 195.0 19.0
13 37 24.0 179.0
2 43 2.0 191.0
45 4 64.0 148.0
10 39 163.0 112.0
31 18 137.0 64.0
12 36 21.0 157.0
36 30 143.0 28.0
32 44 59.0 90.0
18 28 192.0 35.0
24 26 43.0 146.0
56 31 60.0 59.0
10 40 0.0 23.0
27 22 84.0 89.0
2 23 170.0 57.0
27 48 45.0 66.0
26 47 125.0 104.0
47 55 111.0 69.0
35 16 135.0 154.0
53 34 109.0 147.0
4 44 172.0 61.0
43 7 182.0 8.0
58 34 185.0 153.0
16 38 140.0 30.0
40 8 106.0 17.0
56 55 49.0 17.0
18 30 67.0 137.0
31 19 74.0 128.0
56 6 120.0 198.0
1 48 41.0 103.0
43 3 79.0 178.0
40 17 106.0 19.0
18 53 74.0 164.0
41 11 32.0 124.0
44 5 145.0 51.0
58 27 8.0 19.0
24 44 13.0 129.0
44 6 1.0 6.0
38 12 171.0 32.0
32 41 40.0 77.0
35 29 19.0 115.0
8 58 184.0 51.0
39 12 53.0 129.0
49 1 156.0 14.0
10 50 94.0 121.0
35 18 71.0 47.0
28 8 161.0 194.0
30 22 76.0 2.0
37 12 193.0 47.0
32 17 16.0 129.0
39 15 91.0 69.0
39 50 75.0 199.0
33 41 9.0 169.0
37 14 169.0 80.0
49 3 83.0 130.0
43 8 67.0 111.0
23 30 13.0 60.0
33 18 65.0 29.0
7 44 157.0 156.0
33 52 17.0 185.0
42 7 180.0 178.0
48 2 123.0 101.0
47 6 87.0 6.0
8 45 21.0 155.0
29 22 189.0 187.0
17 35 60.0 54.0
48 3 10.0 18.0
8 50 96.0 179.0
42 20 136.0 76.0
33 24 6.0 59.0
42 11 181.0 45.0
46 8 116.0 2.0
57 12 29.0 105.0
3 52 81.0 41.0
33 19 190.0 91.0
41 5 28.0 87.0
25 40 148.0 164.0
25 27 158.0 106.0
15 36 34.0 139.0
38 14 24.0 150.0
19 34 97.0 5.0
46 3 41.0 178.0
55 11 25.0 183.0
20 32 72.0 5.0
28 23 135.0 21.0
42 9 43.0 45.0
13 35 136.0 77.0
38 53 16.0 112.0
36 14 155.0 113.0
4 51 127.0 148.0
42 13 158.0 104.0
8 44 44.0 183.0
26 53 128.0 179.0
10 36 115.0 124.0
22 24 142.0 3.0
35 19 17.0 158.0
47 7 102.0 125.0
39 13 134.0 30.0
29 23 112.0 92.0
41 42 179.0 156.0
32 21 67.0 107.0
16 37 25.0 134.0
48 44 166.0 119.0
10 42 38.0 184.0
50 1 169.0 140.0
3 51 92.0 103.0
14 45 5.0 4.0
28 57 159.0 184.0
1 44 17.0 26.0
54 37 12.0 194.0
22 48 101.0 130.0
46 4 44.0 139.0
4 49 62.0 165.0
32 18 163.0 106.0
50 53 144.0 168.0
34 20 127.0 55.0
23 31 127.0 96.0
20 45 194.0 91.0
49 7 145.0 96.0
28 26 167.0 141.0
6 48 174.0 29.0
47 4 49.0 89.0
48 57 124.0 145.0
5 48 14.0 3.0
31 40 132.0 93.0
26 49 144.0 126.0
12 43 198.0 41.0
17 36 133.0 165.0
53 2 122.0 59.0
45 16 32.0 123.0
25 30 25.0 108.0
29 27 8.0 192.0
15 40 151.0 140.0
25 55 84.0 47.0
39 14 59.0 82.0
11 44 169.0 192.0
36 18 181.0 43.0
2 52 16.0 165.0
24 30 8.0 193.0
15 37 146.0 168.0
38 17 149.0 49.0
10 45 24.0 33.0
57 54 64.0 83.0
9 45 165.0 33.0
23 20 136.0 98.0
24 36 182.0 104.0
11 45 176.0 191.0
52 24 162.0 74.0
32 24 99.0 63.0
38 39 59.0 123.0
26 45 86.0 75.0
42 46 17.0 51.0
49 40 181.0 105.0
50 4 156.0 164.0
37 20 199.0 132.0
35 22 190.0 114.0
52 4 4.0 89.0
20 33 197.0 15.0
35 21 108.0 83.0
50 6 138.0 125.0
44 13 55.0 71.0
39 18 4.0 11.0
46 10 65.0 4.0
32 19 86.0 55.0
48 8 177.0 90.0
28 25 136.0 175.0
29 28 101.0 196.0
26 31 84.0 191.0
24 45 96.0 92.0
52 5 48.0 100.0
21 37 156.0 113.0
47 10 174.0 43.0
9 48 79.0 103.0
40 53 44.0 167.0
32 50 186.0 97.0
30 27 92.0 22.0
40 45 57.0 140.0
33 22 73.0 105.0
16 41 175.0 29.0
26 29 6.0 101.0
36 23 5.0 37.0
19 40 124.0 2.0
39 46 109.0 110.0
41 52 147.0 1.0
20 38 169.0 4.0
37 17 134.0 194.0
9 49 172.0 110.0
51 8 62.0 130.0
58 1 52.0 20.0
46 13 197.0 128.0
34 23 165.0 106.0
15 41 75.0 112.0
36 22 86.0 45.0
41 17 114.0 172.0
24 55 168.0 39.0
31 25 166.0 30.0
2 57 118.0 170.0
47 12 98.0 116.0
41 19 166.0 63.0
23 35 186.0 41.0
2 3 78.0 24.0
15 50 45.0 145.0
46 43 181.0 13.0
16 43 99.0 148.0
52 7 23.0 17.0
33 25 59.0 121.0
21 36 94.0 177.0
4 54 13.0 32.0
49 10 87.0 91.0
39 23 189.0 133.0
35 24 182.0 171.0
24 34 93.0 81.0
30 28 111.0 116.0
13 54 148.0 122.0
12 46 142.0 194.0
42 51 176.0 155.0
40 47 193.0 16.0
42 17 111.0 183.0
2 58 46.0 45.0
23 26 70.0 139.0
46 30 17.0 181.0
5 50 73.0 165.0
52 8 75.0 15.0
5 45 125.0 3.0
52 10 108.0 118.0
11 48 120.0 171.0
22 37 88.0 166.0
28 54 176.0 159.0
25 37 12.0 145.0
26 32 104.0 85.0
28 32 111.0 131.0
44 15 144.0 36.0
49 12 179.0 52.0
24 37 71.0 51.0
14 46 192.0 112.0
56 5 42.0 121.0
14 49 64.0 6.0
43 19 54.0 120.0
4 1 120.0 117.0
50 11 197.0 16.0
1 56 172.0 176.0
24 40 142.0 195.0
7 50 126.0 134.0
31 30 198.0 120.0
11 49 155.0 62.0
37 23 18.0 161.0
35 26 125.0 90.0
15 43 196.0 123.0
28 34 77.0 120.0
54 6 179.0 171.0
20 43 106.0 58.0
53 7 91.0 104.0
35 27 179.0 198.0
32 29 39.0 149.0
15 46 23.0 116.0
40 23 27.0 19.0
38 23 74.0 56.0
51 10 183.0 5.0
57 6 149.0 89.0
51 12 51.0 192.0
41 22 68.0 182.0
47 15 188.0 107.0
28 35 22.0 11.0
57 4 58.0 1.0
57 5 83.0 84.0
17 39 121.0 18.0
58 19 99.0 22.0
56 16 21.0 102.0
27 36 107.0 89.0
17 43 43.0 96.0
55 9 138.0 17.0
1 54 69.0 196.0
31 33 17.0 104.0
9 56 27.0 138.0
49 13 140.0 126.0
30 51 37.0 161.0
3 33 135.0 96.0
57 29 170.0 130.0
54 11 150.0 60.0
53 10 99.0 20.0
42 23 11.0 116.0
47 18 134.0 190.0
41 23 102.0 75.0
42 22 64.0 91.0
36 28 189.0 0.0
41 29 88.0 111.0
50 13 101.0 39.0
47 17 70.0 153.0
34 30 39.0 34.0
58 7 51.0 125.0
38 28 93.0 105.0
46 11 132.0 158.0
19 44 69.0 121.0
10 57 23.0 110.0
14 50 138.0 76.0
51 46 151.0 160.0
48 51 31.0 142.0
6 49 16.0 34.0
12 55 113.0 109.0
55 28 73.0 45.0
28 37 170.0 95.0
18 50 61.0 193.0
14 52 122.0 199.0
21 43 102.0 25.0
16 49 29.0 85.0
8 57 112.0 197.0
44 20 147.0 178.0
14 47 55.0 172.0
29 50 198.0 177.0
49 39 34.0 11.0
44 23 43.0 108.0
33 29 180.0 97.0
53 49 146.0 161.0
58 13 63.0 58.0
54 10 94.0 10.0
57 34 58.0 102.0
39 25 131.0 57.0
19 48 146.0 117.0
18 49 57.0 189.0
7 57 118.0 189.0
24 38 25.0 64.0
52 15 76.0 88.0
25 42 75.0 123.0
21 39 188.0 133.0
13 47 58.0 119.0
53 9 98.0 156.0
46 22 79.0 155.0
16 51 107.0 197.0
42 18 106.0 132.0
25 43 102.0 134.0
28 39 106.0 177.0
23 45 43.0 46.0
32 35 120.0 53.0
15 53 122.0 18.0
50 19 43.0 1.0
6 58 67.0 150.0
20 40 154.0 125.0
46 20 128.0 57.0
14 55 56.0 186.0
18 51 159.0 99.0
30 38 9.0 79.0
57 3 70.0 83.0
36 32 197.0 113.0
17 51 101.0 16.0
53 16 106.0 8.0
43 30 175.0 186.0
13 55 157.0 31.0
56 13 163.0 116.0
25 44 197.0 125.0
18 52 125.0 19.0
14 54 183.0 74.0
32 30 150.0 85.0
14 57 90.0 9.0
38 31 65.0 18.0
40 29 133.0 22.0
30 40 167.0 48.0
26 42 187.0 116.0
31 36 179.0 112.0
48 7 120.0 162.0
46 23 117.0 23.0
55 16 106.0 8.0
10 58 3.0 124.0
56 47 111.0 88.0
22 50 27.0 78.0
28 42 196.0 14.0
40 33 151.0 175.0
23 47 46.0 24.0
57 11 86.0 116.0
52 17 162.0 144.0
53 37 81.0 166.0
30 37 156.0 145.0
39 32 6.0 183.0
39 31 53.0 154.0
41 27 94.0 157.0
39 30 13.0 92.0
39 45 11.0 51.0
13 41 90.0 173.0
29 44 183.0 124.0
45 27 193.0 139.0
44 26 167.0 151.0
58 12 52.0 20.0
23 48 112.0 98.0
24 48 42.0 125.0
29 45 140.0 5.0
33 36 141.0 30.0
41 28 72.0 125.0
35 38 20.0 18.0
46 25 115.0 187.0
40 34 167.0 167.0
54 18 151.0 31.0
50 25 112.0 146.0
36 37 115.0 52.0
31 42 57.0 56.0
36 42 117.0 129.0
42 27 41.0 89.0
23 43 0.0 156.0
29 43 28.0 168.0
38 36 150.0 180.0
58 11 98.0 63.0
54 38 64.0 13.0
52 21 44.0 121.0
19 54 105.0 161.0
39 34 171.0 146.0
47 29 65.0 171.0
33 35 71.0 94.0
51 25 103.0 22.0
16 57 85.0 2.0
46 29 7.0 149.0
43 31 145.0 51.0
18 55 127.0 50.0
18 46 92.0 98.0
37 34 133.0 109.0
30 45 60.0 157.0
36 35 37.0 115.0
53 32 24.0 123.0
54 22 26.0 183.0
56 19 24.0 171.0
52 23 164.0 151.0
58 16 126.0 8.0
56 21 39.0 12.0
48 26 55.0 51.0
52 19 20.0 92.0
35 56 73.0 44.0
35 40 143.0 52.0
37 38 165.0 167.0
28 47 120.0 81.0
48 30 93.0 199.0
22 55 185.0 133.0
53 20 184.0 192.0
22 53 140.0 4.0
24 50 100.0 165.0
57 21 91.0 43.0
56 22 190.0 8.0
53 23 199.0 63.0
20 56 43.0 93.0
35 45 109.0 29.0
31 46 170.0 93.0
33 58 15.0 110.0
34 36 126.0 115.0
56 24 190.0 169.0
41 37 50.0 132.0
46 28 150.0 49.0
38 40 34.0 193.0
35 31 139.0 95.0
39 24 6.0 109.0
54 52 135.0 21.0
21 54 147.0 61.0
43 41 121.0 89.0
37 42 177.0 171.0
39 37 179.0 127.0
33 44 92.0 165.0
23 56 195.0 183.0
48 35 39.0 2.0
50 28 165.0 126.0
40 41 16.0 113.0
31 47 80.0 138.0
47 33 98.0 57.0
5 49 54.0 29.0
49 23 9.0 98.0
30 47 161.0 157.0
25 52 92.0 152.0
43 37 55.0 57.0
34 44 138.0 71.0
31 51 53.0 170.0
42 38 9.0 103.0
33 50 126.0 63.0
45 32 38.0 88.0
25 57 23.0 199.0
55 23 194.0 115.0
54 23 150.0 49.0
35 46 124.0 88.0
52 26 9.0 130.0
34 47 154.0 19.0
43 35 197.0 81.0
26 56 46.0 35.0
55 26 74.0 70.0
40 44 72.0 68.0
39 33 110.0 22.0
42 54 81.0 34.0
55 30 111.0 91.0
37 40 20.0 18.0
52 27 44.0 17.0
51 29 138.0 91.0
33 51 34.0 164.0
56 28 161.0 58.0
50 31 149.0 71.0
54 34 73.0 183.0
56 30 76.0 136.0
32 23 80.0 96.0
38 46 177.0 125.0
52 31 165.0 67.0
58 42 179.0 151.0
20 54 70.0 140.0
25 53 193.0 172.0
53 29 147.0 66.0
37 44 165.0 23.0
53 33 114.0 197.0
56 25 157.0 92.0
50 36 171.0 74.0
44 43 159.0 103.0
36 46 180.0 181.0
39 42 180.0 173.0
57 27 193.0 127.0
54 31 102.0 110.0
46 41 61.0 17.0
37 46 177.0 170.0
22 57 67.0 100.0
57 36 9.0 178.0
53 27 6.0 189.0
42 57 182.0 138.0
48 39 50.0 175.0
49 35 92.0 153.0
29 55 32.0 105.0
58 26 107.0 9.0
56 29 47.0 175.0
47 43 64.0 8.0
57 31 35.0 70.0
27 54 168.0 17.0
19 46 144.0 18.0
55 32 32.0 36.0
35 44 180.0 65.0
44 47 97.0 88.0
34 52 154.0 96.0
37 52 34.0 170.0
52 44 116.0 21.0
43 45 179.0 84.0
43 54 117.0 123.0
55 33 24.0 149.0
56 34 78.0 4.0
51 40 33.0 176.0
57 37 28.0 139.0
16 36 182.0 14.0
46 52 56.0 99.0
57 23 159.0 187.0
53 44 169.0 76.0
54 39 132.0 145.0
48 40 41.0 11.0
40 50 5.0 27.0
50 42 92.0 33.0
46 50 83.0 75.0
39 51 11.0 140.0
53 45 100.0 171.0
49 48 117.0 21.0
41 45 74.0 50.0
36 43 13.0 67.0
49 28 67.0 19.0
3 39 193.0 160.0
36 58 142.0 77.0
43 49 22.0 106.0
34 55 191.0 74.0
32 58 6.0 60.0
46 48 81.0 32.0
54 36 27.0 46.0
54 40 159.0 95.0
56 37 130.0 152.0
48 37 107.0 72.0
49 45 151.0 81.0
54 44 36.0 142.0
51 49 169.0 42.0
34 46 140.0 2.0
52 50 71.0 120.0
35 58 40.0 182.0
30 54 168.0 170.0
44 50 171.0 27.0
48 54 132.0 122.0
56 27 172.0 168.0
56 39 35.0 93.0
39 53 162.0 128.0
32 51 161.0 33.0
45 55 141.0 1.0
55 38 123.0 61.0
35 55 43.0 94.0
58 40 117.0 175.0
44 56 155.0 89.0
48 53 143.0 190.0
46 58 172.0 57.0
53 46 85.0 134.0
47 52 65.0 178.0
45 34 129.0 189.0
58 43 76.0 172.0
44 45 188.0 145.0
44 57 102.0 143.0
41 47 197.0 197.0
43 53 27.0 121.0
49 58 59.0 112.0
50 56 106.0 124.0
43 57 10.0 187.0
58 52 105.0 38.0
47 53 6.0 93.0
57 52 89.0 108.0
45 54 31.0 38.0
42 52 159.0 58.0
57 30 14.0 18.0
50 58 48.0 72.0
55 51 61.0 10.0
57 49 132.0 118.0
20 58 104.0 138.0
46 55 28.0 193.0
50 54 166.0 59.0
43 50 14.0 78.0
49 55 159.0 180.0
35 50 152.0 7.0
44 46 137.0 13.0
57 46 154.0 21.0
29 6 1.0 58.0
57 53 166.0 181.0
39 55 34.0 132.0
58 55 103.0 48.0
49 47 2.0 62.0
51 37 151.0 154.0
52 55 10.0 40.0
19 53 4.0 116.0
15 57 84.0 157.0
48 52 118.0 50.0
41 54 41.0 105.0
46 1 108.0 96.0
51 56 22.0 111.0
51 43 125.0 174.0
41 56 141.0 87.0
50 48 2.0 97.0
1 2 62.0 87.0
17 34 75.0 180.0
23 50 122.0 68.0
7 46 29.0 30.0
57 55 8.0 51.0
55 44 96.0 133.0
14 56 124.0 190.0
57 39 156.0 79.0
56 54 38.0 18.0
53 58 32.0 113.0
49 50 131.0 106.0
54 53 173.0 160.0
39 52 141.0 182.0
54 17 85.0 189.0
0
