54 1431 20 17 274325
1 45 107.0 4.0
45 22 21.0 185.0
8 41 146.0 59.0
13 2 118.0 64.0
27 23 148.0 60.0
2 51 137.0 78.0
18 46 147.0 125.0
11 38 72.0 121.0
44 14 176.0 132.0
51 40 169.0 149.0
26 23 117.0 116.0
24 17 153.0 35.0
1 15 125.0 53.0
11 14 8.0 63.0
21 9 86.0 155.0
8 15 153.0 111.0
44 50 99.0 81.0
35 31 147.0 68.0
53 35 27.0 65.0
13 45 62.0 133.0
5 27 95.0 140.0
3 38 130.0 55.0
46 5 17.0 169.0
35 29 95.0 122.0
40 6 139.0 146.0
36 29 175.0 38.0
26 40 75.0 2.0
47 44 8.0 90.0
17 5 96.0 55.0
4 49 32.0 26.0
15 12 62.0 1.0
2 22 102.0 157.0
27 42 111.0 193.0
33 3 125.0 86.0
42 14 43.0 0.0
3 9 154.0 4.0
13 20 9.0 50.0
15 34 194.0 194.0
7 36 52.0 57.0
20 3 197.0 154.0
7 33 92.0 61.0
51 12 19.0 169.0
41 16 173.0 15.0
25 42 188.0 127.0
23 1 152.0 198.0
50 3 31.0 147.0
54 29 162.0 83.0
47 21 192.0 112.0
15 4 22.0 36.0
31 12 117.0 41.0
28 21 43.0 90.0
2 5 58.0 31.0
24 42 106.0 10.0
44 34 17.0 138.0
7 1 36.0 131.0
10 6 157.0 28.0
5 4 193.0 131.0
35 2 149.0 110.0
38 47 161.0 144.0
54 49 69.0 171.0
36 28 83.0 175.0
8 18 156.0 52.0
42 54 106.0 192.0
12 24 147.0 64.0
31 42 60.0 140.0
5 41 54.0 162.0
33 17 76.0 167.0
11 33 192.0 97.0
22 31 66.0 27.0
49 26 81.0 175.0
41 52 193.0 139.0
21 40 82.0 93.0
44 18 175.0 143.0
5 20 94.0 29.0
52 9 150.0 122.0
3 4 62.0 142.0
35 28 86.0 128.0
7 2 14.0 167.0
2 15 67.0 160.0
1 16 69.0 150.0
33 36 130.0 44.0
17 29 169.0 25.0
37 6 13.0 119.0
26 16 163.0 27.0
5 24 182.0 49.0
44 37 186.0 149.0
10 4 192.0 53.0
27 2 8.0 61.0
53 49 6.0 139.0
23 33 58.0 176.0
54 28 134.0 23.0
6 31 43.0 97.0
17 41 169.0 178.0
23 42 45.0 107.0
53 33 158.0 189.0
35 44 20.0 118.0
38 42 97.0 179.0
36 38 141.0 155.0
27 48 15.0 75.0
24 52 91.0 11.0
38 48 42.0 12.0
35 50 160.0 39.0
29 45 52.0 70.0
50 19 196.0 24.0
7 28 123.0 93.0
1 13 65.0 64.0
51 45 17.0 32.0
42 50 40.0 109.0
5 6 52.0 34.0
2 44 25.0 164.0
6 11 141.0 77.0
26 34 173.0 90.0
8 2 15.0 96.0
5 36 172.0 32.0
26 42 118.0 190.0
37 20 45.0 110.0
41 2 13.0 49.0
45 53 176.0 190.0
5 10 175.0 118.0
6 35 26.0 148.0
36 20 184.0 193.0
1 19 59.0 156.0
6 39 103.0 177.0
20 46 170.0 148.0
9 11 155.0 135.0
25 5 164.0 131.0
30 12 66.0 92.0
8 43 105.0 44.0
8 33 43.0 89.0
51 10 163.0 102.0
11 42 141.0 18.0
50 6 55.0 63.0
16 8 33.0 10.0
28 37 174.0 149.0
10 12 153.0 41.0
1 24 119.0 10.0
2 46 147.0 115.0
17 20 40.0 110.0
24 14 24.0 134.0
19 16 117.0 79.0
39 19 177.0 102.0
1 4 79.0 152.0
3 7 127.0 184.0
31 43 162.0 198.0
50 26 94.0 109.0
8 39 84.0 86.0
14 35 101.0 108.0
13 10 70.0 18.0
28 1 117.0 0.0
20 11 16.0 197.0
34 20 183.0 95.0
25 45 125.0 97.0
16 28 90.0 19.0
28 27 32.0 174.0
23 25 0.0 133.0
35 54 107.0 23.0
12 5 146.0 25.0
38 29 128.0 115.0
10 43 35.0 63.0
33 24 112.0 161.0
13 3 51.0 154.0
45 48 21.0 83.0
18 53 41.0 21.0
52 51 46.0 101.0
40 13 98.0 144.0
3 8 7.0 26.0
13 5 78.0 43.0
44 17 179.0 142.0
16 2 31.0 182.0
43 6 45.0 52.0
4 42 56.0 39.0
39 51 89.0 102.0
9 5 118.0 188.0
29 25 80.0 125.0
45 39 67.0 110.0
1 26 117.0 198.0
21 53 80.0 148.0
4 23 182.0 125.0
2 6 199.0 190.0
1 35 74.0 89.0
2 4 101.0 144.0
44 13 108.0 133.0
12 3 19.0 127.0
9 6 46.0 136.0
14 2 56.0 78.0
1 25 117.0 38.0
45 20 81.0 117.0
16 15 116.0 107.0
34 7 86.0 17.0
35 17 16.0 146.0
19 11 90.0 35.0
53 16 162.0 89.0
14 3 99.0 18.0
18 42 196.0 169.0
7 39 63.0 29.0
15 25 87.0 180.0
47 2 14.0 125.0
19 51 46.0 31.0
8 6 154.0 88.0
41 4 101.0 116.0
52 50 172.0 153.0
37 47 86.0 120.0
31 32 60.0 149.0
19 20 178.0 99.0
7 8 83.0 145.0
43 19 98.0 129.0
1 6 136.0 4.0
18 1 196.0 190.0
9 30 56.0 168.0
22 14 81.0 142.0
7 52 28.0 93.0
34 19 108.0 159.0
49 51 17.0 191.0
31 17 26.0 115.0
1 10 188.0 115.0
16 6 105.0 184.0
51 54 169.0 161.0
29 40 136.0 2.0
53 28 127.0 117.0
46 35 55.0 187.0
47 11 164.0 72.0
5 11 44.0 142.0
7 11 157.0 32.0
43 16 66.0 62.0
15 52 68.0 35.0
53 42 32.0 156.0
15 54 171.0 112.0
34 38 81.0 179.0
11 40 136.0 45.0
28 29 155.0 180.0
50 36 64.0 64.0
51 7 8.0 130.0
20 51 35.0 28.0
54 9 192.0 68.0
12 1 159.0 163.0
4 37 165.0 41.0
6 13 89.0 102.0
29 51 128.0 197.0
32 46 133.0 144.0
15 3 193.0 141.0
53 8 52.0 29.0
17 28 164.0 44.0
48 42 164.0 123.0
41 19 0.0 130.0
4 9 37.0 41.0
9 2 18.0 117.0
5 14 144.0 151.0
23 50 184.0 137.0
3 19 24.0 188.0
46 25 148.0 188.0
29 49 198.0 113.0
29 2 39.0 150.0
34 52 197.0 29.0
3 37 186.0 15.0
19 10 0.0 130.0
21 8 82.0 136.0
27 52 57.0 107.0
22 24 53.0 6.0
34 32 196.0 51.0
15 5 197.0 35.0
24 21 127.0 194.0
4 11 75.0 65.0
20 4 197.0 27.0
10 3 104.0 31.0
53 43 198.0 114.0
29 13 153.0 51.0
6 20 161.0 149.0
45 34 49.0 110.0
54 23 68.0 128.0
49 50 99.0 95.0
15 19 107.0 48.0
21 1 126.0 163.0
43 50 164.0 124.0
24 11 44.0 118.0
8 11 87.0 5.0
13 48 62.0 137.0
17 22 190.0 82.0
34 11 103.0 42.0
45 17 90.0 162.0
17 15 149.0 17.0
26 24 57.0 113.0
34 2 148.0 53.0
20 8 111.0 36.0
1 8 2.0 125.0
49 15 57.0 145.0
41 46 142.0 113.0
8 34 56.0 33.0
10 27 13.0 5.0
4 16 13.0 22.0
25 48 57.0 113.0
4 7 165.0 120.0
43 5 73.0 167.0
35 39 0.0 130.0
46 10 33.0 94.0
44 32 128.0 89.0
4 25 177.0 141.0
47 42 170.0 190.0
18 3 77.0 179.0
54 21 183.0 42.0
25 49 112.0 8.0
49 14 78.0 112.0
23 15 109.0 63.0
47 19 71.0 38.0
5 38 66.0 48.0
42 49 86.0 189.0
33 51 51.0 163.0
17 51 22.0 186.0
45 38 98.0 134.0
51 25 172.0 128.0
2 20 99.0 82.0
1 20 45.0 170.0
34 10 146.0 64.0
4 46 55.0 32.0
42 41 194.0 58.0
4 18 178.0 168.0
25 24 126.0 76.0
10 8 114.0 50.0
43 47 44.0 13.0
43 41 56.0 41.0
12 4 68.0 2.0
15 10 180.0 76.0
1 9 41.0 126.0
6 23 171.0 19.0
5 8 107.0 49.0
41 13 1.0 21.0
21 48 189.0 197.0
50 41 30.0 197.0
11 52 54.0 98.0
5 7 73.0 186.0
14 43 192.0 114.0
28 40 12.0 116.0
20 38 185.0 119.0
8 4 154.0 186.0
13 46 51.0 95.0
33 13 70.0 33.0
10 28 134.0 124.0
39 50 71.0 159.0
14 8 86.0 15.0
24 20 92.0 99.0
4 53 170.0 78.0
2 39 191.0 76.0
31 28 78.0 194.0
10 11 163.0 148.0
18 35 121.0 49.0
46 23 63.0 192.0
7 40 146.0 149.0
22 19 196.0 38.0
34 39 82.0 118.0
12 9 189.0 26.0
53 9 38.0 19.0
53 30 111.0 153.0
2 17 31.0 184.0
7 41 197.0 94.0
26 4 82.0 143.0
39 18 167.0 30.0
8 12 191.0 49.0
21 2 118.0 132.0
27 36 0.0 108.0
27 14 13.0 63.0
52 12 178.0 44.0
52 39 62.0 127.0
5 1 186.0 97.0
8 13 61.0 153.0
21 29 28.0 52.0
31 51 30.0 147.0
32 40 157.0 30.0
16 22 188.0 123.0
49 32 67.0 166.0
33 28 48.0 81.0
28 23 175.0 34.0
49 40 190.0 188.0
12 6 75.0 19.0
34 23 17.0 105.0
8 44 98.0 126.0
7 16 24.0 87.0
42 8 131.0 43.0
36 4 70.0 179.0
42 20 17.0 197.0
21 15 149.0 8.0
52 14 108.0 177.0
36 41 174.0 125.0
22 1 6.0 73.0
28 19 174.0 183.0
26 29 168.0 105.0
19 6 111.0 191.0
10 41 9.0 80.0
1 29 153.0 159.0
14 9 116.0 14.0
29 32 44.0 43.0
12 49 149.0 3.0
11 2 97.0 123.0
16 9 20.0 18.0
34 16 19.0 83.0
18 16 124.0 28.0
7 38 23.0 29.0
26 38 150.0 92.0
17 1 30.0 146.0
10 22 31.0 131.0
24 38 156.0 80.0
43 21 53.0 128.0
52 2 9.0 72.0
33 2 82.0 85.0
1 43 124.0 58.0
27 37 149.0 26.0
52 25 88.0 179.0
1 14 65.0 71.0
17 7 106.0 173.0
41 28 61.0 159.0
45 43 143.0 70.0
7 6 85.0 25.0
53 12 84.0 9.0
48 30 118.0 33.0
4 17 138.0 158.0
48 50 97.0 155.0
19 2 183.0 155.0
10 7 95.0 44.0
26 32 192.0 38.0
3 32 196.0 29.0
44 40 84.0 32.0
15 30 90.0 155.0
27 34 161.0 28.0
30 19 76.0 11.0
3 21 95.0 59.0
6 4 188.0 190.0
49 45 145.0 132.0
23 39 95.0 141.0
15 6 131.0 131.0
8 31 125.0 174.0
11 31 143.0 39.0
11 51 51.0 19.0
37 31 154.0 147.0
32 24 160.0 142.0
4 14 66.0 105.0
48 15 94.0 113.0
47 35 68.0 25.0
12 46 83.0 145.0
39 21 92.0 178.0
33 46 155.0 96.0
22 38 16.0 61.0
3 16 106.0 176.0
7 9 171.0 124.0
7 15 108.0 65.0
4 13 69.0 128.0
25 33 148.0 152.0
15 51 197.0 193.0
20 7 10.0 104.0
31 46 72.0 26.0
51 4 103.0 131.0
7 32 172.0 26.0
54 37 183.0 33.0
54 34 33.0 52.0
28 43 198.0 182.0
1 30 165.0 195.0
6 14 156.0 175.0
13 12 136.0 28.0
15 26 97.0 191.0
18 5 116.0 21.0
18 10 101.0 99.0
33 12 155.0 134.0
23 3 193.0 153.0
14 10 115.0 110.0
28 14 167.0 71.0
25 11 147.0 56.0
36 46 82.0 196.0
24 46 79.0 198.0
45 54 40.0 180.0
11 50 11.0 195.0
4 32 131.0 156.0
38 43 105.0 46.0
18 7 94.0 72.0
17 39 85.0 193.0
22 4 145.0 120.0
35 49 182.0 177.0
49 18 24.0 22.0
29 47 112.0 188.0
24 49 24.0 43.0
54 44 66.0 129.0
50 25 33.0 112.0
9 42 114.0 71.0
31 40 5.0 60.0
50 38 85.0 187.0
3 22 123.0 110.0
9 17 155.0 35.0
45 5 157.0 179.0
10 50 87.0 176.0
17 3 1.0 72.0
47 20 40.0 116.0
21 7 100.0 197.0
44 48 63.0 137.0
32 10 79.0 138.0
12 7 44.0 186.0
18 22 131.0 153.0
33 40 145.0 18.0
2 10 116.0 147.0
21 5 72.0 156.0
16 49 60.0 124.0
18 9 190.0 75.0
48 33 111.0 21.0
46 42 47.0 155.0
9 45 103.0 178.0
47 25 160.0 48.0
29 20 72.0 76.0
29 11 105.0 97.0
21 38 133.0 117.0
22 46 49.0 75.0
24 7 98.0 112.0
48 20 28.0 145.0
6 18 69.0 131.0
2 38 110.0 181.0
20 22 89.0 134.0
49 22 188.0 195.0
6 3 144.0 122.0
2 26 64.0 145.0
12 17 101.0 163.0
17 8 156.0 81.0
14 12 7.0 25.0
2 24 71.0 117.0
13 37 162.0 112.0
12 11 96.0 103.0
29 22 29.0 41.0
13 9 172.0 46.0
29 42 24.0 26.0
7 13 5.0 180.0
22 6 16.0 165.0
15 14 85.0 39.0
35 26 26.0 0.0
26 3 87.0 122.0
15 13 6.0 116.0
16 5 154.0 131.0
22 40 97.0 130.0
45 18 136.0 54.0
23 2 138.0 104.0
15 40 92.0 23.0
14 7 162.0 70.0
31 20 158.0 49.0
3 36 18.0 165.0
10 9 59.0 124.0
23 8 21.0 156.0
21 12 139.0 110.0
27 47 36.0 77.0
49 23 61.0 129.0
47 46 154.0 23.0
27 25 109.0 65.0
1 11 125.0 79.0
33 41 35.0 185.0
6 21 129.0 56.0
24 4 87.0 68.0
30 46 147.0 123.0
30 17 129.0 8.0
25 20 52.0 36.0
44 28 100.0 113.0
7 23 113.0 26.0
38 54 160.0 100.0
19 4 113.0 89.0
52 42 112.0 152.0
3 28 59.0 59.0
29 18 188.0 141.0
53 14 9.0 192.0
3 53 113.0 109.0
50 46 0.0 178.0
7 49 11.0 112.0
16 10 13.0 124.0
11 15 172.0 125.0
18 37 87.0 183.0
2 28 5.0 27.0
36 17 35.0 166.0
22 5 129.0 148.0
22 25 70.0 129.0
35 40 143.0 33.0
17 10 160.0 108.0
34 5 192.0 84.0
6 17 126.0 80.0
37 48 101.0 83.0
26 33 5.0 137.0
28 4 97.0 86.0
29 30 72.0 119.0
22 7 106.0 167.0
44 25 150.0 18.0
45 31 184.0 143.0
45 40 122.0 62.0
49 27 66.0 175.0
5 33 130.0 71.0
37 11 170.0 27.0
40 46 86.0 194.0
19 12 17.0 144.0
12 18 52.0 167.0
13 14 195.0 188.0
8 24 24.0 117.0
32 14 49.0 90.0
8 26 115.0 179.0
36 51 101.0 37.0
20 10 13.0 139.0
7 42 136.0 30.0
8 19 120.0 140.0
27 1 49.0 115.0
10 52 80.0 25.0
5 19 91.0 81.0
18 13 108.0 159.0
22 39 180.0 9.0
35 9 126.0 193.0
11 22 86.0 14.0
10 21 185.0 6.0
52 45 118.0 186.0
30 2 89.0 199.0
50 9 164.0 132.0
16 14 64.0 73.0
6 24 20.0 44.0
44 39 23.0 147.0
9 22 138.0 109.0
16 11 55.0 123.0
11 13 49.0 173.0
19 7 105.0 90.0
44 43 2.0 70.0
6 25 58.0 66.0
26 25 16.0 78.0
9 26 18.0 39.0
18 2 159.0 156.0
18 51 159.0 166.0
27 16 168.0 160.0
6 27 125.0 73.0
41 26 194.0 127.0
17 11 72.0 52.0
4 29 60.0 88.0
25 3 199.0 30.0
6 26 198.0 110.0
23 19 64.0 109.0
31 2 88.0 184.0
26 21 199.0 13.0
46 39 48.0 194.0
9 15 44.0 120.0
9 20 190.0 104.0
53 7 21.0 141.0
34 21 147.0 171.0
39 31 104.0 164.0
22 8 76.0 192.0
5 28 16.0 28.0
42 37 134.0 64.0
5 53 102.0 131.0
18 14 89.0 92.0
29 3 51.0 110.0
12 16 174.0 198.0
11 21 168.0 30.0
11 23 21.0 196.0
3 35 182.0 37.0
17 13 19.0 68.0
26 28 190.0 121.0
33 1 61.0 31.0
24 3 44.0 64.0
16 47 194.0 170.0
48 19 40.0 162.0
30 3 60.0 61.0
46 44 133.0 42.0
32 1 198.0 104.0
33 32 49.0 188.0
26 5 197.0 62.0
10 24 192.0 41.0
20 14 117.0 186.0
25 7 91.0 157.0
13 30 97.0 151.0
13 21 78.0 31.0
32 12 69.0 76.0
23 10 7.0 70.0
4 27 100.0 4.0
15 20 103.0 44.0
31 41 76.0 20.0
43 27 92.0 167.0
18 33 171.0 190.0
6 42 22.0 49.0
15 33 173.0 44.0
31 47 130.0 133.0
27 3 161.0 30.0
44 23 47.0 64.0
19 13 138.0 123.0
48 51 116.0 30.0
45 11 31.0 87.0
14 33 6.0 6.0
27 19 109.0 179.0
8 25 115.0 39.0
3 46 41.0 77.0
19 14 55.0 88.0
43 15 97.0 193.0
27 24 175.0 13.0
51 9 141.0 6.0
42 1 107.0 147.0
18 17 179.0 168.0
6 30 49.0 94.0
3 34 179.0 90.0
17 14 99.0 186.0
38 10 157.0 149.0
30 7 103.0 132.0
18 19 108.0 196.0
50 33 166.0 167.0
6 28 22.0 97.0
4 34 28.0 72.0
10 26 188.0 159.0
22 53 92.0 39.0
29 6 32.0 50.0
22 35 118.0 87.0
46 21 177.0 26.0
53 26 107.0 143.0
34 33 129.0 129.0
12 48 154.0 109.0
47 5 113.0 142.0
8 27 196.0 6.0
41 27 73.0 28.0
5 29 16.0 143.0
47 54 84.0 193.0
26 13 100.0 143.0
45 21 15.0 29.0
15 41 94.0 122.0
12 23 125.0 7.0
7 48 73.0 121.0
36 15 68.0 98.0
41 21 74.0 36.0
36 52 182.0 110.0
18 15 149.0 83.0
6 47 55.0 164.0
50 37 162.0 149.0
36 18 5.0 39.0
27 20 104.0 78.0
50 14 137.0 172.0
34 9 86.0 163.0
7 27 58.0 21.0
36 1 3.0 7.0
32 5 123.0 59.0
23 53 17.0 37.0
32 38 0.0 174.0
16 13 5.0 104.0
14 21 105.0 94.0
25 9 177.0 143.0
9 23 8.0 35.0
15 22 45.0 11.0
8 9 79.0 168.0
22 12 156.0 48.0
16 20 25.0 108.0
23 21 114.0 182.0
23 13 180.0 171.0
14 23 15.0 157.0
24 9 107.0 23.0
49 11 104.0 152.0
16 17 96.0 183.0
46 43 66.0 52.0
24 34 139.0 91.0
16 48 70.0 53.0
44 19 186.0 50.0
12 20 25.0 153.0
15 53 91.0 133.0
25 28 75.0 195.0
11 26 141.0 171.0
20 18 25.0 159.0
28 39 166.0 164.0
48 8 128.0 188.0
42 36 84.0 114.0
42 28 103.0 109.0
42 5 110.0 146.0
27 9 94.0 185.0
33 20 42.0 188.0
31 5 126.0 68.0
29 7 177.0 44.0
33 6 195.0 106.0
25 53 23.0 79.0
11 28 35.0 78.0
30 4 71.0 97.0
23 32 94.0 166.0
51 35 181.0 137.0
9 19 3.0 107.0
22 34 191.0 181.0
23 18 8.0 187.0
13 22 51.0 183.0
5 30 199.0 87.0
32 15 109.0 22.0
6 32 67.0 4.0
10 25 52.0 48.0
17 21 191.0 7.0
52 3 195.0 183.0
8 28 191.0 156.0
47 4 156.0 42.0
24 28 192.0 107.0
43 2 141.0 102.0
33 4 68.0 9.0
31 7 153.0 120.0
16 21 128.0 144.0
49 48 0.0 123.0
25 13 198.0 191.0
39 1 76.0 154.0
25 12 37.0 21.0
8 30 12.0 130.0
18 48 36.0 81.0
54 50 170.0 141.0
12 28 54.0 50.0
52 6 174.0 54.0
30 24 128.0 172.0
29 9 1.0 156.0
46 6 82.0 190.0
13 24 185.0 94.0
17 38 169.0 173.0
34 29 114.0 139.0
12 27 173.0 168.0
34 6 24.0 147.0
32 9 106.0 104.0
25 14 90.0 59.0
29 8 90.0 172.0
34 47 191.0 28.0
31 36 179.0 161.0
14 26 172.0 45.0
31 27 61.0 97.0
41 23 64.0 85.0
11 32 19.0 170.0
48 34 39.0 61.0
44 26 58.0 130.0
11 18 101.0 50.0
36 40 131.0 32.0
9 28 9.0 55.0
31 1 136.0 70.0
24 18 121.0 0.0
21 18 98.0 92.0
23 16 87.0 137.0
17 26 46.0 146.0
1 38 193.0 147.0
24 15 78.0 124.0
39 3 6.0 40.0
53 41 137.0 142.0
24 16 66.0 11.0
29 10 121.0 164.0
26 27 99.0 9.0
30 11 155.0 145.0
21 19 70.0 148.0
2 37 139.0 100.0
31 33 145.0 97.0
36 30 173.0 34.0
19 46 104.0 39.0
40 2 110.0 177.0
17 25 83.0 161.0
44 16 4.0 38.0
35 4 33.0 74.0
21 22 23.0 124.0
4 31 70.0 168.0
41 30 99.0 43.0
1 40 53.0 3.0
6 49 49.0 163.0
34 14 164.0 84.0
36 6 40.0 121.0
17 23 128.0 25.0
29 44 142.0 104.0
1 47 182.0 164.0
38 27 180.0 81.0
10 31 186.0 33.0
13 28 136.0 187.0
39 5 162.0 52.0
39 36 160.0 154.0
30 54 147.0 40.0
43 7 2.0 89.0
2 32 148.0 184.0
33 47 113.0 128.0
23 47 23.0 99.0
30 10 193.0 111.0
24 19 56.0 107.0
16 46 114.0 16.0
45 41 176.0 62.0
48 2 170.0 178.0
26 12 27.0 70.0
13 42 139.0 140.0
17 27 32.0 162.0
5 35 91.0 25.0
33 9 31.0 147.0
22 32 41.0 146.0
34 17 76.0 17.0
29 12 173.0 46.0
29 15 194.0 0.0
31 9 37.0 85.0
25 18 18.0 69.0
36 8 111.0 109.0
32 13 27.0 143.0
36 16 46.0 20.0
48 6 160.0 123.0
25 16 197.0 133.0
51 3 10.0 143.0
12 35 15.0 47.0
10 35 149.0 33.0
27 15 196.0 61.0
43 23 25.0 175.0
54 20 94.0 72.0
11 27 72.0 6.0
19 33 59.0 70.0
5 37 109.0 21.0
20 21 22.0 76.0
14 30 4.0 123.0
41 1 59.0 0.0
43 3 137.0 84.0
3 40 60.0 31.0
44 31 76.0 84.0
32 8 12.0 87.0
3 41 18.0 73.0
14 31 19.0 192.0
37 1 120.0 23.0
10 33 192.0 179.0
15 28 179.0 130.0
26 19 83.0 191.0
39 4 89.0 159.0
38 4 6.0 53.0
24 37 36.0 176.0
21 25 191.0 55.0
3 31 87.0 111.0
18 26 13.0 32.0
49 43 86.0 144.0
16 52 83.0 169.0
34 12 145.0 124.0
1 44 34.0 103.0
33 16 84.0 23.0
24 47 34.0 76.0
35 7 19.0 74.0
14 29 40.0 32.0
10 36 199.0 126.0
13 31 27.0 34.0
22 23 104.0 124.0
26 7 193.0 90.0
8 38 57.0 78.0
24 23 5.0 44.0
18 28 123.0 176.0
9 38 100.0 163.0
44 3 2.0 99.0
36 9 113.0 181.0
6 38 86.0 169.0
5 23 96.0 31.0
16 29 21.0 153.0
10 44 61.0 178.0
48 47 195.0 136.0
38 15 52.0 95.0
11 35 30.0 6.0
54 31 182.0 144.0
27 18 83.0 68.0
16 31 3.0 179.0
36 22 80.0 176.0
26 20 102.0 141.0
7 37 24.0 97.0
9 37 175.0 29.0
30 16 125.0 6.0
22 47 173.0 59.0
54 2 45.0 9.0
18 30 43.0 0.0
44 11 60.0 124.0
44 52 145.0 114.0
35 8 129.0 121.0
25 19 48.0 57.0
13 27 65.0 125.0
41 6 84.0 191.0
40 25 146.0 81.0
47 14 70.0 189.0
25 30 197.0 82.0
40 9 130.0 142.0
17 19 116.0 12.0
47 10 56.0 116.0
17 47 1.0 122.0
2 42 146.0 85.0
13 35 109.0 92.0
3 5 18.0 131.0
22 26 182.0 16.0
39 9 121.0 112.0
40 4 93.0 189.0
20 52 77.0 149.0
44 6 134.0 78.0
43 4 57.0 32.0
10 37 91.0 167.0
38 37 8.0 110.0
45 3 177.0 190.0
5 54 67.0 98.0
49 1 125.0 160.0
40 16 100.0 154.0
38 28 77.0 186.0
2 25 40.0 135.0
10 39 156.0 83.0
34 13 120.0 164.0
34 1 116.0 50.0
3 49 141.0 183.0
39 12 189.0 18.0
41 9 145.0 89.0
46 1 163.0 23.0
27 21 93.0 155.0
39 11 20.0 49.0
17 50 63.0 141.0
53 24 34.0 179.0
19 29 183.0 176.0
18 31 118.0 124.0
37 12 181.0 15.0
43 9 40.0 144.0
20 28 64.0 133.0
48 1 130.0 85.0
16 35 172.0 193.0
31 15 116.0 7.0
16 32 49.0 100.0
15 35 153.0 119.0
20 32 184.0 134.0
36 2 25.0 177.0
30 21 124.0 42.0
38 12 97.0 54.0
8 37 130.0 69.0
3 47 68.0 46.0
50 51 197.0 69.0
36 14 17.0 102.0
34 37 0.0 154.0
38 40 150.0 177.0
23 29 190.0 26.0
22 27 107.0 39.0
50 40 62.0 189.0
1 50 5.0 130.0
21 31 113.0 154.0
48 4 15.0 131.0
22 30 112.0 167.0
13 39 65.0 14.0
3 48 167.0 56.0
44 7 58.0 74.0
32 19 198.0 72.0
40 8 90.0 155.0
8 45 199.0 156.0
30 23 161.0 167.0
31 19 196.0 25.0
40 10 100.0 13.0
21 33 57.0 67.0
10 42 177.0 68.0
7 46 113.0 175.0
34 18 106.0 156.0
41 11 108.0 106.0
14 40 179.0 70.0
38 14 95.0 127.0
22 28 119.0 195.0
49 5 31.0 128.0
14 39 17.0 8.0
54 17 136.0 82.0
15 45 10.0 195.0
4 45 5.0 118.0
13 36 141.0 184.0
2 49 75.0 188.0
16 37 14.0 146.0
6 45 57.0 45.0
37 15 112.0 74.0
33 22 8.0 0.0
20 30 1.0 18.0
17 37 78.0 7.0
45 2 17.0 20.0
54 25 107.0 44.0
32 18 93.0 73.0
47 15 191.0 102.0
1 53 65.0 55.0
9 44 184.0 73.0
38 16 4.0 137.0
40 12 160.0 82.0
14 37 143.0 129.0
29 24 111.0 50.0
38 30 84.0 156.0
44 22 20.0 75.0
15 39 24.0 85.0
36 12 142.0 160.0
3 42 37.0 146.0
21 52 82.0 197.0
37 19 2.0 25.0
43 11 168.0 113.0
44 4 47.0 52.0
43 12 68.0 68.0
8 46 101.0 93.0
47 8 73.0 196.0
47 7 98.0 62.0
48 5 63.0 180.0
30 45 143.0 65.0
35 20 136.0 111.0
35 19 34.0 135.0
45 7 157.0 102.0
12 41 29.0 11.0
30 44 104.0 54.0
39 16 81.0 2.0
17 32 20.0 96.0
2 53 174.0 163.0
43 22 197.0 110.0
3 11 89.0 31.0
21 35 14.0 199.0
51 5 82.0 43.0
45 10 174.0 187.0
48 10 96.0 7.0
1 52 65.0 116.0
52 4 61.0 40.0
21 36 153.0 11.0
46 9 54.0 194.0
36 19 162.0 68.0
50 2 180.0 44.0
27 29 33.0 155.0
13 43 1.0 81.0
31 24 35.0 19.0
14 41 191.0 48.0
52 40 166.0 96.0
49 8 134.0 20.0
26 31 47.0 96.0
52 5 122.0 28.0
1 54 105.0 107.0
40 47 19.0 59.0
52 53 70.0 54.0
9 48 154.0 61.0
42 17 168.0 120.0
34 35 91.0 55.0
30 26 141.0 139.0
53 10 25.0 16.0
44 12 55.0 82.0
49 38 1.0 75.0
52 46 164.0 71.0
27 30 51.0 119.0
32 27 97.0 19.0
11 46 169.0 188.0
39 20 126.0 110.0
47 12 52.0 103.0
33 37 114.0 60.0
41 18 155.0 67.0
33 54 105.0 119.0
9 47 169.0 156.0
15 42 66.0 66.0
25 31 132.0 35.0
6 53 180.0 58.0
31 23 178.0 185.0
5 40 83.0 44.0
22 37 52.0 38.0
32 25 26.0 157.0
35 38 82.0 195.0
21 37 147.0 100.0
51 8 49.0 31.0
49 9 161.0 182.0
50 16 7.0 139.0
19 40 152.0 91.0
7 50 49.0 4.0
50 8 92.0 27.0
25 34 124.0 126.0
21 4 150.0 23.0
44 5 99.0 152.0
25 36 3.0 60.0
22 42 121.0 163.0
27 51 85.0 73.0
40 18 127.0 86.0
24 35 27.0 171.0
17 40 122.0 151.0
44 15 191.0 24.0
36 23 181.0 42.0
38 19 19.0 185.0
37 23 93.0 140.0
13 38 89.0 130.0
40 53 42.0 168.0
6 51 72.0 69.0
14 48 17.0 146.0
31 29 33.0 160.0
35 23 113.0 15.0
36 24 112.0 85.0
13 47 158.0 157.0
38 18 90.0 47.0
42 16 40.0 84.0
41 20 96.0 112.0
10 49 83.0 66.0
14 46 32.0 116.0
32 30 135.0 97.0
38 23 191.0 0.0
40 23 103.0 149.0
54 4 52.0 145.0
20 40 24.0 93.0
54 8 166.0 121.0
35 25 197.0 49.0
44 51 195.0 29.0
45 19 93.0 82.0
50 5 69.0 84.0
50 12 37.0 124.0
54 11 52.0 41.0
23 51 34.0 76.0
17 43 60.0 152.0
37 39 6.0 9.0
18 43 177.0 1.0
42 21 177.0 70.0
35 27 110.0 46.0
7 54 180.0 99.0
37 25 90.0 184.0
15 46 175.0 76.0
39 24 154.0 187.0
17 46 6.0 160.0
13 50 54.0 184.0
45 14 67.0 32.0
2 3 158.0 177.0
48 17 144.0 90.0
33 30 51.0 34.0
28 51 153.0 178.0
45 16 25.0 59.0
13 49 99.0 32.0
11 48 82.0 106.0
34 30 40.0 149.0
39 29 73.0 198.0
37 26 179.0 18.0
21 44 106.0 182.0
37 30 158.0 11.0
31 52 192.0 183.0
50 15 176.0 43.0
39 26 14.0 59.0
10 54 160.0 54.0
34 43 97.0 185.0
33 29 113.0 28.0
41 24 27.0 171.0
11 53 154.0 185.0
28 32 49.0 98.0
52 17 127.0 177.0
26 45 83.0 93.0
40 24 188.0 195.0
39 49 101.0 37.0
30 31 96.0 14.0
53 13 57.0 75.0
32 53 79.0 11.0
17 49 124.0 128.0
42 12 47.0 4.0
35 30 43.0 82.0
42 19 101.0 183.0
25 41 98.0 154.0
51 16 19.0 146.0
47 18 132.0 76.0
25 39 117.0 11.0
43 24 106.0 194.0
25 43 90.0 105.0
40 30 44.0 133.0
37 32 179.0 97.0
41 22 79.0 29.0
22 48 32.0 51.0
38 25 85.0 164.0
27 40 173.0 3.0
49 28 62.0 79.0
12 45 194.0 153.0
46 53 94.0 39.0
45 23 148.0 26.0
12 54 113.0 179.0
13 54 35.0 145.0
6 54 133.0 121.0
33 35 102.0 107.0
32 35 172.0 117.0
14 54 152.0 166.0
39 30 119.0 47.0
1 51 34.0 67.0
31 34 119.0 100.0
43 20 43.0 107.0
52 35 95.0 177.0
52 13 33.0 150.0
51 24 50.0 157.0
19 49 149.0 2.0
50 18 79.0 69.0
48 23 11.0 65.0
17 53 21.0 130.0
46 27 22.0 64.0
18 52 177.0 69.0
54 18 52.0 10.0
53 20 79.0 102.0
51 21 28.0 181.0
47 49 36.0 107.0
52 19 130.0 47.0
49 21 5.0 103.0
32 21 41.0 27.0
26 43 190.0 18.0
46 26 10.0 194.0
27 45 95.0 42.0
27 33 163.0 123.0
36 32 115.0 199.0
29 43 149.0 197.0
44 41 0.0 106.0
47 52 85.0 41.0
38 33 105.0 27.0
42 30 93.0 116.0
37 35 175.0 189.0
29 46 158.0 138.0
24 44 58.0 25.0
34 36 18.0 159.0
51 14 199.0 170.0
33 39 35.0 84.0
37 36 17.0 141.0
44 20 156.0 62.0
52 8 52.0 132.0
38 31 67.0 10.0
45 24 1.0 77.0
42 32 38.0 171.0
44 27 51.0 189.0
41 34 178.0 86.0
4 50 24.0 147.0
16 54 107.0 180.0
40 37 33.0 159.0
54 22 199.0 100.0
27 50 119.0 1.0
51 22 66.0 109.0
28 45 20.0 69.0
51 26 63.0 150.0
33 45 27.0 39.0
24 50 72.0 87.0
29 41 123.0 105.0
52 26 29.0 74.0
44 33 3.0 148.0
26 48 66.0 69.0
3 54 34.0 39.0
49 20 188.0 49.0
41 35 98.0 16.0
40 34 47.0 122.0
26 47 173.0 122.0
34 28 174.0 2.0
35 36 176.0 177.0
20 50 22.0 43.0
45 32 189.0 8.0
42 34 14.0 178.0
43 30 108.0 112.0
42 35 54.0 108.0
41 37 53.0 28.0
32 51 4.0 27.0
2 1 198.0 180.0
47 28 146.0 172.0
27 39 185.0 136.0
53 27 38.0 199.0
39 38 165.0 99.0
49 30 16.0 19.0
50 29 121.0 69.0
35 43 67.0 125.0
36 44 112.0 18.0
33 42 146.0 58.0
30 50 16.0 83.0
45 35 176.0 55.0
52 28 149.0 141.0
28 50 6.0 117.0
27 54 46.0 127.0
54 24 145.0 66.0
43 36 47.0 57.0
30 47 53.0 145.0
53 54 27.0 22.0
31 48 163.0 155.0
50 32 0.0 64.0
48 32 26.0 6.0
39 41 13.0 73.0
26 54 152.0 158.0
45 36 105.0 151.0
43 39 2.0 111.0
39 40 142.0 29.0
48 36 97.0 57.0
32 47 148.0 49.0
34 46 80.0 174.0
53 29 32.0 93.0
22 50 17.0 136.0
35 48 8.0 75.0
13 51 63.0 10.0
44 38 185.0 157.0
46 28 115.0 34.0
32 52 143.0 15.0
34 49 184.0 175.0
33 49 31.0 168.0
31 49 45.0 1.0
32 41 81.0 5.0
44 42 189.0 96.0
50 31 40.0 126.0
45 37 155.0 107.0
32 54 37.0 50.0
48 40 5.0 173.0
38 46 71.0 188.0
42 45 46.0 68.0
53 31 87.0 128.0
36 47 152.0 28.0
34 51 49.0 145.0
40 43 13.0 156.0
43 32 191.0 51.0
52 29 134.0 196.0
46 37 20.0 158.0
39 48 199.0 66.0
36 26 197.0 39.0
54 19 105.0 149.0
52 33 192.0 106.0
53 19 26.0 6.0
28 48 109.0 17.0
39 42 55.0 44.0
38 41 131.0 27.0
53 38 184.0 83.0
54 39 19.0 181.0
48 29 67.0 76.0
41 48 180.0 60.0
43 33 171.0 6.0
50 21 164.0 33.0
34 50 146.0 172.0
54 36 11.0 77.0
47 39 142.0 148.0
37 51 176.0 113.0
53 37 94.0 43.0
37 52 123.0 74.0
54 46 52.0 46.0
51 41 53.0 17.0
49 44 91.0 199.0
38 51 138.0 103.0
50 45 23.0 32.0
43 54 97.0 151.0
53 50 60.0 191.0
52 43 76.0 135.0
48 43 59.0 128.0
49 52 74.0 64.0
47 50 179.0 165.0
51 53 184.0 117.0
53 39 156.0 8.0
30 52 86.0 53.0
43 51 109.0 98.0
30 51 112.0 185.0
51 46 85.0 123.0
42 40 49.0 159.0
22 52 197.0 28.0
41 40 73.0 182.0
49 37 149.0 181.0
36 53 112.0 35.0
34 53 195.0 21.0
49 41 191.0 59.0
2 12 186.0 77.0
43 42 27.0 188.0
48 46 115.0 25.0
47 51 16.0 140.0
47 45 106.0 117.0
29 37 41.0 18.0
48 53 109.0 188.0
32 39 125.0 53.0
53 44 56.0 111.0
42 51 184.0 83.0
54 40 86.0 51.0
54 48 120.0 102.0
43 37 171.0 27.0
41 47 114.0 164.0
28 30 138.0 176.0
47 53 183.0 63.0
46 45 29.0 191.0
52 38 198.0 13.0
52 54 154.0 84.0
52 23 71.0 27.0
49 46 35.0 42.0
1 3 40.0 102.0
11 36 63.0 131.0
36 49 170.0 198.0
23 20 4.0 199.0
44 45 151.0 2.0
48 24 189.0 105.0
54 41 89.0 60.0
48 52 190.0 76.0
0
