55 1485 29 22 268830
4 8 130.0 144.0
45 48 27.0 196.0
41 14 101.0 109.0
28 6 9.0 178.0
7 54 100.0 170.0
53 1 85.0 52.0
3 51 176.0 182.0
19 30 90.0 51.0
2 33 153.0 173.0
25 55 6.0 180.0
1 10 39.0 60.0
2 9 2.0 48.0
49 1 61.0 102.0
1 7 195.0 146.0
44 5 102.0 123.0
21 27 87.0 144.0
5 3 83.0 192.0
3 48 24.0 42.0
44 33 124.0 63.0
41 39 33.0 78.0
10 5 45.0 46.0
45 19 23.0 40.0
10 47 54.0 77.0
18 12 116.0 93.0
15 26 178.0 152.0
5 50 174.0 2.0
14 38 140.0 50.0
21 50 113.0 173.0
33 18 101.0 158.0
36 32 191.0 76.0
23 14 109.0 45.0
26 32 66.0 178.0
2 31 138.0 44.0
12 9 76.0 112.0
46 39 95.0 16.0
1 9 106.0 160.0
19 29 78.0 7.0
4 12 88.0 21.0
3 10 116.0 150.0
41 34 38.0 134.0
51 46 38.0 176.0
54 37 95.0 114.0
5 1 0.0 142.0
2 28 185.0 106.0
44 26 194.0 15.0
17 23 43.0 83.0
32 21 166.0 111.0
54 42 75.0 156.0
19 54 57.0 113.0
22 20 82.0 152.0
20 21 180.0 82.0
35 19 122.0 117.0
31 34 107.0 117.0
43 38 178.0 102.0
3 41 2.0 96.0
14 53 92.0 77.0
4 11 63.0 101.0
2 16 182.0 97.0
36 15 2.0 114.0
20 43 125.0 124.0
8 27 39.0 184.0
51 4 34.0 169.0
31 8 119.0 36.0
47 36 159.0 163.0
5 45 32.0 174.0
5 25 122.0 14.0
7 5 75.0 124.0
2 41 30.0 152.0
13 44 139.0 69.0
1 13 33.0 174.0
38 6 180.0 104.0
29 48 187.0 91.0
24 52 105.0 20.0
8 12 197.0 179.0
26 4 28.0 24.0
44 37 97.0 58.0
12 40 94.0 189.0
2 4 28.0 80.0
51 25 153.0 161.0
5 18 39.0 93.0
3 1 112.0 144.0
6 3 167.0 110.0
49 50 34.0 195.0
19 47 31.0 131.0
18 36 59.0 78.0
26 34 161.0 39.0
3 31 98.0 66.0
49 20 123.0 138.0
20 38 28.0 36.0
14 1 136.0 195.0
23 38 47.0 170.0
16 45 138.0 79.0
12 38 114.0 197.0
3 42 161.0 75.0
5 22 42.0 60.0
29 36 29.0 165.0
5 34 142.0 57.0
7 40 36.0 31.0
23 19 47.0 35.0
8 7 86.0 137.0
31 55 42.0 0.0
29 8 112.0 4.0
16 52 173.0 106.0
32 49 150.0 155.0
15 8 180.0 45.0
48 42 116.0 168.0
5 42 189.0 115.0
48 16 198.0 75.0
15 23 14.0 192.0
17 54 126.0 78.0
50 52 82.0 52.0
46 18 89.0 185.0
12 36 140.0 21.0
22 23 87.0 8.0
9 47 72.0 76.0
7 4 172.0 70.0
26 41 88.0 187.0
39 18 80.0 15.0
15 55 66.0 162.0
17 13 149.0 107.0
35 49 35.0 90.0
3 39 120.0 123.0
17 12 7.0 193.0
16 51 137.0 180.0
23 55 146.0 26.0
17 49 42.0 178.0
48 46 190.0 60.0
46 33 169.0 139.0
14 2 70.0 157.0
28 13 158.0 143.0
11 54 190.0 166.0
36 42 38.0 80.0
28 42 105.0 136.0
22 10 63.0 148.0
42 44 198.0 5.0
6 5 176.0 120.0
49 43 110.0 46.0
42 50 196.0 68.0
35 7 85.0 139.0
35 50 101.0 123.0
23 2 128.0 7.0
11 18 83.0 143.0
6 39 43.0 82.0
30 33 122.0 19.0
1 6 44.0 184.0
40 26 189.0 192.0
32 27 28.0 74.0
21 40 27.0 129.0
41 29 37.0 107.0
46 6 63.0 120.0
44 10 43.0 58.0
29 6 139.0 117.0
9 3 159.0 183.0
28 32 50.0 148.0
45 20 10.0 78.0
4 36 35.0 189.0
8 1 196.0 24.0
8 2 98.0 59.0
17 50 160.0 141.0
55 16 99.0 51.0
5 26 171.0 59.0
44 15 22.0 174.0
35 53 9.0 184.0
20 15 13.0 197.0
4 42 122.0 9.0
49 26 122.0 20.0
20 24 141.0 34.0
40 41 188.0 192.0
53 4 35.0 112.0
19 17 49.0 10.0
1 22 55.0 10.0
23 25 95.0 20.0
12 37 51.0 18.0
49 4 42.0 125.0
28 5 28.0 135.0
46 49 117.0 16.0
52 36 46.0 105.0
52 8 9.0 95.0
29 24 86.0 16.0
48 14 150.0 133.0
50 19 122.0 154.0
17 1 46.0 116.0
5 48 36.0 74.0
28 8 63.0 105.0
8 9 41.0 110.0
20 53 43.0 2.0
21 44 185.0 81.0
2 40 127.0 135.0
4 15 12.0 49.0
15 54 160.0 10.0
1 12 54.0 148.0
51 39 153.0 69.0
52 40 45.0 147.0
25 50 56.0 40.0
26 27 126.0 41.0
54 23 158.0 54.0
24 21 187.0 122.0
19 10 47.0 99.0
11 45 150.0 101.0
29 2 21.0 56.0
28 16 191.0 18.0
8 3 24.0 48.0
23 47 172.0 103.0
14 45 189.0 130.0
52 25 42.0 128.0
34 24 8.0 89.0
13 27 32.0 111.0
2 15 16.0 53.0
15 53 178.0 160.0
49 41 15.0 155.0
16 1 172.0 188.0
2 6 187.0 161.0
18 50 115.0 29.0
5 27 49.0 76.0
40 50 128.0 81.0
49 3 132.0 96.0
42 52 194.0 62.0
37 8 18.0 161.0
20 47 50.0 142.0
40 34 151.0 190.0
28 47 14.0 18.0
18 10 56.0 63.0
46 55 43.0 136.0
44 14 94.0 175.0
52 9 58.0 40.0
3 20 187.0 28.0
53 11 131.0 189.0
44 35 17.0 34.0
27 9 145.0 31.0
5 32 85.0 154.0
32 6 126.0 128.0
6 12 117.0 173.0
20 19 53.0 127.0
25 1 127.0 40.0
53 48 102.0 10.0
27 16 64.0 119.0
11 39 149.0 10.0
15 35 92.0 186.0
27 18 34.0 19.0
4 10 17.0 151.0
13 31 29.0 22.0
31 19 62.0 108.0
53 24 158.0 164.0
26 16 165.0 175.0
41 11 192.0 67.0
32 34 59.0 84.0
11 9 43.0 93.0
40 17 109.0 12.0
47 46 163.0 138.0
51 29 199.0 25.0
52 22 184.0 109.0
38 40 19.0 149.0
37 14 74.0 11.0
48 4 94.0 134.0
36 40 55.0 90.0
44 30 154.0 116.0
7 55 43.0 118.0
15 11 120.0 42.0
33 13 166.0 56.0
52 39 10.0 137.0
2 18 100.0 84.0
40 51 4.0 195.0
36 46 78.0 59.0
20 31 133.0 184.0
17 33 185.0 176.0
31 25 139.0 58.0
37 22 159.0 57.0
5 35 151.0 169.0
16 47 44.0 51.0
42 24 126.0 49.0
14 46 175.0 156.0
9 22 121.0 108.0
41 22 145.0 59.0
46 45 178.0 84.0
11 34 160.0 90.0
14 47 135.0 63.0
38 35 194.0 180.0
4 22 148.0 72.0
54 10 133.0 75.0
4 13 165.0 7.0
53 22 179.0 63.0
7 11 22.0 158.0
49 51 33.0 134.0
42 13 29.0 168.0
35 11 177.0 175.0
32 13 27.0 77.0
22 26 198.0 112.0
1 45 164.0 116.0
53 5 24.0 144.0
13 5 23.0 199.0
3 16 65.0 56.0
54 43 147.0 94.0
53 17 111.0 76.0
30 16 145.0 138.0
41 18 3.0 96.0
4 6 59.0 167.0
12 27 21.0 36.0
3 18 171.0 197.0
14 3 107.0 189.0
23 36 60.0 6.0
53 50 126.0 171.0
11 2 102.0 23.0
1 15 137.0 105.0
37 24 74.0 149.0
37 46 54.0 48.0
50 28 148.0 177.0
21 12 185.0 8.0
48 20 59.0 45.0
2 19 93.0 185.0
7 9 44.0 195.0
41 47 163.0 182.0
2 42 14.0 190.0
19 14 192.0 20.0
28 9 37.0 92.0
20 51 166.0 174.0
16 5 68.0 177.0
23 3 168.0 161.0
5 12 155.0 13.0
3 12 87.0 118.0
9 24 98.0 102.0
24 23 85.0 42.0
19 1 37.0 75.0
46 40 102.0 155.0
32 11 160.0 170.0
13 52 122.0 129.0
20 55 1.0 77.0
22 34 71.0 88.0
44 38 107.0 169.0
9 6 137.0 144.0
23 12 132.0 126.0
52 15 194.0 186.0
25 29 118.0 154.0
12 14 31.0 193.0
55 21 122.0 32.0
41 8 179.0 145.0
4 17 80.0 38.0
14 7 127.0 169.0
35 39 127.0 11.0
40 14 153.0 121.0
29 31 50.0 23.0
32 42 40.0 33.0
50 43 9.0 115.0
50 36 104.0 140.0
8 24 156.0 136.0
7 12 67.0 83.0
13 9 92.0 194.0
51 48 55.0 197.0
8 11 5.0 105.0
10 41 28.0 198.0
28 29 197.0 189.0
9 21 100.0 101.0
44 16 21.0 57.0
29 38 106.0 88.0
20 50 136.0 198.0
42 38 196.0 192.0
6 14 156.0 1.0
36 27 47.0 136.0
55 42 190.0 44.0
49 24 68.0 42.0
39 7 136.0 90.0
10 9 35.0 194.0
6 30 66.0 172.0
12 52 58.0 14.0
33 54 57.0 167.0
25 4 136.0 57.0
32 24 189.0 126.0
47 4 191.0 10.0
53 26 68.0 79.0
36 24 147.0 103.0
53 8 108.0 14.0
5 11 61.0 119.0
34 54 68.0 70.0
2 30 75.0 4.0
54 8 36.0 16.0
53 12 174.0 28.0
3 11 109.0 42.0
19 34 102.0 8.0
41 25 21.0 163.0
6 23 103.0 34.0
21 22 13.0 123.0
52 30 69.0 40.0
37 48 116.0 105.0
46 19 114.0 90.0
14 26 78.0 175.0
4 24 60.0 180.0
49 19 113.0 81.0
28 48 49.0 168.0
10 11 60.0 15.0
27 46 85.0 129.0
38 30 100.0 1.0
36 19 65.0 14.0
31 35 63.0 143.0
20 1 82.0 76.0
38 45 196.0 147.0
38 47 101.0 46.0
31 7 131.0 161.0
14 5 181.0 16.0
27 55 196.0 81.0
19 53 93.0 61.0
32 40 112.0 109.0
46 53 99.0 195.0
2 21 23.0 95.0
46 29 170.0 124.0
35 13 23.0 54.0
23 48 156.0 156.0
48 50 157.0 104.0
34 4 176.0 50.0
30 47 154.0 88.0
44 49 95.0 53.0
3 19 140.0 70.0
5 4 101.0 63.0
18 43 112.0 76.0
35 45 83.0 20.0
39 25 113.0 40.0
28 44 117.0 89.0
35 3 155.0 71.0
39 43 143.0 2.0
19 13 172.0 83.0
5 9 52.0 73.0
2 20 107.0 116.0
14 32 58.0 142.0
43 29 55.0 171.0
4 28 84.0 172.0
31 26 3.0 39.0
13 7 50.0 98.0
20 7 133.0 175.0
16 34 47.0 137.0
46 1 83.0 106.0
14 4 106.0 94.0
15 3 162.0 113.0
18 4 20.0 198.0
1 21 105.0 175.0
22 24 97.0 107.0
13 10 38.0 183.0
32 3 81.0 38.0
46 5 123.0 116.0
11 28 129.0 181.0
31 10 10.0 43.0
22 50 164.0 182.0
10 45 15.0 69.0
13 12 140.0 65.0
16 7 142.0 179.0
18 25 54.0 175.0
29 34 11.0 178.0
7 47 138.0 92.0
5 2 137.0 148.0
53 13 66.0 101.0
2 13 125.0 33.0
10 2 62.0 65.0
16 37 75.0 4.0
7 2 31.0 129.0
35 18 132.0 42.0
7 18 177.0 70.0
40 11 56.0 66.0
23 34 195.0 74.0
1 23 93.0 120.0
54 27 161.0 155.0
8 17 100.0 36.0
8 14 169.0 131.0
5 17 196.0 53.0
50 37 34.0 173.0
47 40 51.0 42.0
5 33 2.0 46.0
18 23 87.0 95.0
36 9 87.0 48.0
25 12 109.0 187.0
21 5 27.0 78.0
51 54 55.0 175.0
35 21 6.0 41.0
4 3 51.0 9.0
20 26 33.0 53.0
35 46 79.0 121.0
10 14 18.0 119.0
12 10 160.0 79.0
15 40 124.0 139.0
21 4 152.0 131.0
5 40 105.0 110.0
41 45 64.0 108.0
2 54 101.0 98.0
45 42 69.0 180.0
3 27 2.0 39.0
46 24 39.0 162.0
8 6 20.0 115.0
35 43 133.0 124.0
27 25 131.0 191.0
1 55 31.0 148.0
2 22 179.0 84.0
47 21 165.0 0.0
47 31 178.0 168.0
54 36 138.0 17.0
32 29 55.0 158.0
10 7 103.0 141.0
15 5 125.0 187.0
44 18 148.0 108.0
23 44 158.0 79.0
51 36 78.0 123.0
11 47 30.0 57.0
15 12 110.0 168.0
27 14 195.0 117.0
33 24 132.0 99.0
2 12 126.0 9.0
8 44 114.0 26.0
20 5 73.0 24.0
29 10 10.0 103.0
4 9 117.0 40.0
20 6 2.0 179.0
15 6 104.0 198.0
46 30 97.0 36.0
1 18 116.0 175.0
19 8 179.0 30.0
43 17 150.0 4.0
9 14 48.0 112.0
28 35 63.0 117.0
31 37 57.0 65.0
8 5 100.0 161.0
22 25 55.0 149.0
18 16 63.0 171.0
52 54 43.0 194.0
20 4 17.0 145.0
41 13 182.0 65.0
34 44 131.0 45.0
3 13 176.0 188.0
51 12 46.0 76.0
36 7 198.0 102.0
16 4 134.0 13.0
55 11 138.0 129.0
22 3 120.0 107.0
7 15 196.0 54.0
19 7 139.0 127.0
24 2 144.0 116.0
9 25 171.0 142.0
3 17 177.0 121.0
6 55 49.0 111.0
52 46 157.0 139.0
47 33 101.0 29.0
13 11 32.0 98.0
6 13 1.0 171.0
11 50 165.0 97.0
7 41 58.0 136.0
32 53 106.0 36.0
22 6 142.0 107.0
18 20 110.0 51.0
39 27 122.0 12.0
16 9 52.0 154.0
25 3 36.0 54.0
24 1 5.0 2.0
15 13 180.0 15.0
17 10 196.0 38.0
9 44 147.0 138.0
8 16 47.0 57.0
29 50 140.0 169.0
49 31 123.0 192.0
33 19 21.0 159.0
9 18 45.0 178.0
21 8 56.0 25.0
13 8 52.0 4.0
24 5 163.0 151.0
40 20 107.0 10.0
1 37 114.0 47.0
6 11 110.0 189.0
21 26 92.0 84.0
25 15 170.0 90.0
10 16 158.0 178.0
37 18 197.0 162.0
42 25 161.0 160.0
31 11 57.0 20.0
21 6 11.0 171.0
18 53 154.0 74.0
11 16 27.0 199.0
15 14 133.0 149.0
2 48 40.0 43.0
52 38 137.0 37.0
7 34 146.0 98.0
9 19 174.0 4.0
37 53 103.0 185.0
51 35 53.0 57.0
25 6 94.0 32.0
28 24 54.0 179.0
11 12 73.0 46.0
18 6 3.0 10.0
44 32 154.0 101.0
16 13 23.0 80.0
2 17 177.0 126.0
23 41 198.0 182.0
35 42 193.0 44.0
52 51 63.0 199.0
15 51 81.0 136.0
9 15 114.0 36.0
50 30 91.0 68.0
19 11 84.0 66.0
2 26 195.0 13.0
16 36 176.0 145.0
9 31 164.0 121.0
16 12 67.0 27.0
9 20 199.0 148.0
46 42 125.0 114.0
16 23 124.0 168.0
1 27 1.0 8.0
28 1 11.0 196.0
31 27 33.0 139.0
44 47 1.0 149.0
18 32 100.0 68.0
11 1 9.0 100.0
45 50 81.0 86.0
4 27 183.0 6.0
44 17 125.0 184.0
7 21 60.0 88.0
40 4 109.0 46.0
50 1 23.0 110.0
20 44 167.0 75.0
47 51 2.0 128.0
32 12 42.0 84.0
13 18 118.0 25.0
6 16 100.0 43.0
36 10 16.0 113.0
13 30 153.0 126.0
30 37 78.0 128.0
24 6 113.0 198.0
40 49 72.0 68.0
7 17 170.0 114.0
15 10 106.0 88.0
16 14 92.0 7.0
5 23 32.0 109.0
20 8 185.0 137.0
27 6 190.0 16.0
34 27 199.0 56.0
20 52 89.0 72.0
26 3 126.0 59.0
52 31 28.0 32.0
25 8 56.0 121.0
7 23 94.0 88.0
8 23 144.0 32.0
23 9 110.0 135.0
15 39 10.0 110.0
17 11 199.0 100.0
26 6 199.0 77.0
49 45 99.0 27.0
29 44 116.0 155.0
33 11 51.0 163.0
48 36 14.0 196.0
21 10 9.0 77.0
31 1 197.0 19.0
14 22 145.0 148.0
41 51 98.0 144.0
27 20 91.0 198.0
50 41 107.0 8.0
52 37 73.0 158.0
6 7 113.0 40.0
26 1 167.0 122.0
17 14 81.0 116.0
23 45 52.0 26.0
12 20 80.0 150.0
8 22 71.0 123.0
27 2 11.0 130.0
45 30 124.0 84.0
21 11 137.0 37.0
29 17 49.0 104.0
15 17 122.0 82.0
3 45 79.0 126.0
28 19 31.0 111.0
47 15 39.0 54.0
24 11 124.0 50.0
29 3 173.0 49.0
49 27 156.0 110.0
44 51 155.0 158.0
22 46 73.0 29.0
22 36 133.0 104.0
54 28 64.0 116.0
43 52 72.0 55.0
49 36 134.0 196.0
8 18 155.0 107.0
32 4 186.0 63.0
11 20 173.0 141.0
40 1 115.0 198.0
10 23 12.0 1.0
16 38 24.0 77.0
28 3 148.0 96.0
24 3 134.0 34.0
11 22 30.0 41.0
8 45 49.0 16.0
39 23 92.0 22.0
16 15 108.0 159.0
19 6 146.0 121.0
26 11 70.0 122.0
30 27 176.0 171.0
52 11 10.0 110.0
15 34 11.0 41.0
24 43 38.0 12.0
22 12 198.0 82.0
46 17 130.0 107.0
18 26 184.0 28.0
36 2 116.0 54.0
14 13 90.0 93.0
14 11 82.0 52.0
19 16 19.0 46.0
17 16 22.0 57.0
34 37 100.0 20.0
27 7 86.0 182.0
18 17 141.0 70.0
26 9 140.0 58.0
48 49 85.0 182.0
6 10 117.0 120.0
33 3 135.0 136.0
24 7 69.0 109.0
3 21 121.0 121.0
9 17 172.0 7.0
2 32 133.0 114.0
36 1 161.0 73.0
43 46 85.0 199.0
37 25 73.0 155.0
13 21 61.0 8.0
30 23 177.0 83.0
7 26 112.0 50.0
4 31 79.0 84.0
46 26 99.0 164.0
20 25 53.0 60.0
1 29 38.0 91.0
21 52 167.0 111.0
55 3 30.0 181.0
25 7 140.0 160.0
28 26 185.0 52.0
6 50 12.0 64.0
7 28 66.0 111.0
23 4 15.0 119.0
54 46 66.0 5.0
29 37 98.0 33.0
39 17 130.0 80.0
23 43 155.0 22.0
14 51 175.0 140.0
45 47 155.0 140.0
23 37 108.0 21.0
26 29 111.0 75.0
2 25 64.0 177.0
34 28 89.0 114.0
15 19 63.0 171.0
55 54 94.0 170.0
49 13 184.0 21.0
30 3 108.0 92.0
5 31 92.0 168.0
7 30 14.0 3.0
23 13 176.0 78.0
33 10 128.0 65.0
1 30 29.0 191.0
55 30 50.0 75.0
42 53 147.0 186.0
34 3 175.0 56.0
7 22 102.0 68.0
15 21 47.0 116.0
1 32 3.0 23.0
10 25 133.0 131.0
16 22 58.0 114.0
24 41 165.0 108.0
27 10 49.0 112.0
41 21 69.0 25.0
10 24 21.0 171.0
33 4 24.0 68.0
39 45 181.0 27.0
8 26 113.0 66.0
1 41 173.0 171.0
22 13 161.0 90.0
13 51 2.0 11.0
3 37 76.0 23.0
27 11 197.0 97.0
29 4 77.0 174.0
21 18 46.0 58.0
48 35 49.0 111.0
8 48 179.0 174.0
20 14 143.0 141.0
48 13 151.0 145.0
36 55 21.0 28.0
27 38 55.0 170.0
46 50 109.0 132.0
12 24 162.0 108.0
10 8 124.0 11.0
37 2 167.0 56.0
26 10 126.0 110.0
17 24 41.0 78.0
5 29 197.0 14.0
1 35 83.0 52.0
17 42 131.0 192.0
10 51 99.0 93.0
43 10 126.0 175.0
5 30 196.0 93.0
13 24 81.0 74.0
19 4 93.0 74.0
34 2 50.0 42.0
46 15 58.0 133.0
35 4 14.0 189.0
6 48 2.0 65.0
36 3 179.0 128.0
20 34 4.0 127.0
30 8 45.0 38.0
7 29 21.0 90.0
24 14 178.0 71.0
29 42 113.0 36.0
51 26 115.0 127.0
20 13 197.0 69.0
26 13 160.0 128.0
6 17 156.0 165.0
30 11 68.0 2.0
13 25 172.0 41.0
25 11 59.0 150.0
24 15 6.0 172.0
44 12 22.0 73.0
24 54 180.0 171.0
25 14 119.0 140.0
32 48 118.0 76.0
38 49 32.0 138.0
2 35 3.0 4.0
34 8 17.0 15.0
34 1 161.0 23.0
19 18 34.0 135.0
52 53 36.0 14.0
30 4 115.0 155.0
16 25 177.0 185.0
9 30 136.0 161.0
36 21 52.0 91.0
15 18 22.0 69.0
20 16 85.0 135.0
9 29 132.0 119.0
50 47 88.0 168.0
28 14 5.0 155.0
26 12 168.0 182.0
9 39 175.0 56.0
47 39 37.0 27.0
22 18 52.0 59.0
28 30 185.0 137.0
28 55 98.0 117.0
46 38 88.0 187.0
8 55 19.0 93.0
36 6 155.0 140.0
21 17 136.0 82.0
32 33 103.0 174.0
46 16 155.0 155.0
33 1 149.0 140.0
42 40 101.0 47.0
10 20 110.0 141.0
44 55 20.0 82.0
40 10 138.0 127.0
16 35 67.0 74.0
5 37 134.0 122.0
52 35 118.0 89.0
35 27 80.0 19.0
32 7 140.0 133.0
21 30 190.0 50.0
17 20 27.0 10.0
29 35 181.0 165.0
1 48 74.0 0.0
1 38 130.0 160.0
24 25 178.0 48.0
4 38 124.0 10.0
9 37 195.0 64.0
53 47 135.0 185.0
21 16 161.0 163.0
42 26 86.0 94.0
18 55 17.0 112.0
44 3 72.0 147.0
39 1 55.0 2.0
8 33 157.0 179.0
33 6 135.0 152.0
12 30 165.0 70.0
30 51 120.0 126.0
22 49 138.0 159.0
10 30 188.0 107.0
7 46 169.0 12.0
46 12 74.0 177.0
29 11 143.0 32.0
13 29 166.0 30.0
55 48 158.0 131.0
12 29 104.0 31.0
40 8 154.0 194.0
11 38 13.0 94.0
38 5 64.0 135.0
50 13 154.0 90.0
6 31 76.0 49.0
35 10 133.0 194.0
33 7 122.0 91.0
35 6 173.0 26.0
18 24 134.0 127.0
45 34 183.0 147.0
30 43 55.0 199.0
42 21 119.0 10.0
23 27 71.0 147.0
12 28 127.0 156.0
33 9 10.0 49.0
53 31 91.0 136.0
38 21 122.0 25.0
55 10 20.0 57.0
17 26 153.0 76.0
20 29 63.0 24.0
31 12 44.0 87.0
7 37 37.0 171.0
17 22 166.0 0.0
30 14 47.0 9.0
32 10 92.0 121.0
36 8 117.0 113.0
28 40 86.0 23.0
19 22 28.0 150.0
29 14 189.0 73.0
5 36 76.0 179.0
25 19 64.0 42.0
43 1 170.0 63.0
15 29 99.0 63.0
3 38 54.0 169.0
4 37 144.0 93.0
49 11 67.0 172.0
15 28 16.0 56.0
46 13 107.0 92.0
39 37 185.0 123.0
25 30 78.0 156.0
16 24 190.0 178.0
1 42 64.0 197.0
34 36 138.0 8.0
28 18 69.0 5.0
2 38 20.0 85.0
40 6 120.0 127.0
27 43 106.0 57.0
39 2 17.0 136.0
40 3 35.0 159.0
32 9 160.0 51.0
44 1 83.0 99.0
50 15 122.0 104.0
26 33 24.0 142.0
9 34 88.0 96.0
14 18 117.0 146.0
12 19 7.0 86.0
30 15 115.0 195.0
55 47 152.0 27.0
16 31 2.0 188.0
38 8 53.0 76.0
55 9 106.0 29.0
2 43 166.0 147.0
47 34 102.0 83.0
37 17 78.0 61.0
23 21 25.0 145.0
17 28 65.0 177.0
6 37 82.0 19.0
20 23 44.0 87.0
22 15 56.0 103.0
34 10 25.0 22.0
25 17 72.0 127.0
12 35 50.0 150.0
2 44 4.0 75.0
25 21 70.0 69.0
18 54 132.0 104.0
15 33 152.0 177.0
42 31 55.0 160.0
48 9 25.0 81.0
19 27 124.0 49.0
19 26 147.0 175.0
4 43 170.0 151.0
27 15 130.0 40.0
54 31 149.0 62.0
10 52 150.0 53.0
35 9 105.0 157.0
33 12 142.0 83.0
55 13 148.0 18.0
16 29 34.0 47.0
49 47 107.0 4.0
7 38 137.0 37.0
17 30 31.0 38.0
46 8 19.0 133.0
9 38 7.0 76.0
7 45 32.0 101.0
33 16 128.0 180.0
4 1 165.0 162.0
47 5 7.0 72.0
35 23 58.0 96.0
3 43 61.0 41.0
34 13 189.0 32.0
14 34 49.0 196.0
26 38 64.0 81.0
5 39 185.0 144.0
52 45 77.0 150.0
6 43 94.0 36.0
18 38 151.0 152.0
28 20 150.0 164.0
55 38 87.0 139.0
32 41 126.0 89.0
27 17 105.0 143.0
5 41 82.0 90.0
12 49 76.0 111.0
44 48 5.0 170.0
31 33 99.0 108.0
46 3 186.0 2.0
44 4 127.0 26.0
40 9 165.0 6.0
47 2 126.0 70.0
27 22 87.0 8.0
17 31 74.0 163.0
32 15 51.0 79.0
39 8 76.0 103.0
8 32 81.0 14.0
36 14 75.0 160.0
33 42 97.0 41.0
43 44 56.0 23.0
47 1 82.0 143.0
44 6 75.0 156.0
53 33 153.0 126.0
30 18 138.0 29.0
32 17 133.0 171.0
31 18 47.0 160.0
10 28 117.0 144.0
39 4 41.0 173.0
6 41 158.0 124.0
53 38 71.0 33.0
34 12 146.0 24.0
4 46 28.0 84.0
29 21 141.0 113.0
40 29 189.0 140.0
7 43 92.0 106.0
41 4 59.0 85.0
31 14 179.0 170.0
28 22 166.0 3.0
22 29 161.0 112.0
28 23 186.0 141.0
32 16 95.0 79.0
5 43 154.0 36.0
24 39 117.0 198.0
38 22 179.0 128.0
35 14 95.0 111.0
37 13 73.0 61.0
4 45 78.0 34.0
2 46 183.0 64.0
47 26 109.0 79.0
19 21 27.0 15.0
24 26 89.0 144.0
26 23 151.0 69.0
24 48 129.0 47.0
21 28 91.0 3.0
10 42 165.0 170.0
42 8 146.0 149.0
11 23 101.0 55.0
43 9 10.0 128.0
9 41 39.0 99.0
17 34 173.0 190.0
18 29 50.0 103.0
8 43 140.0 142.0
9 42 60.0 106.0
36 26 132.0 7.0
13 40 34.0 185.0
52 1 26.0 196.0
32 19 189.0 65.0
10 39 69.0 162.0
42 12 199.0 71.0
10 38 171.0 140.0
30 22 128.0 183.0
52 2 192.0 12.0
13 36 146.0 178.0
7 42 3.0 173.0
47 24 39.0 144.0
44 24 196.0 108.0
3 47 151.0 195.0
12 39 175.0 74.0
44 19 138.0 55.0
6 53 109.0 130.0
43 47 33.0 56.0
21 31 59.0 36.0
12 48 170.0 98.0
28 25 19.0 166.0
31 22 36.0 122.0
30 20 86.0 11.0
47 6 7.0 25.0
37 28 55.0 69.0
19 41 156.0 89.0
29 23 29.0 15.0
16 40 153.0 151.0
44 7 164.0 172.0
42 6 184.0 0.0
50 2 2.0 70.0
21 53 116.0 162.0
41 12 75.0 172.0
54 22 166.0 32.0
42 11 100.0 147.0
47 25 186.0 53.0
19 51 103.0 150.0
50 12 19.0 87.0
52 3 193.0 22.0
51 1 64.0 62.0
39 13 75.0 140.0
50 4 137.0 193.0
53 2 85.0 38.0
16 39 160.0 71.0
36 17 93.0 15.0
34 18 40.0 112.0
15 37 122.0 185.0
31 15 189.0 139.0
50 3 80.0 64.0
17 35 126.0 18.0
11 36 141.0 163.0
33 22 168.0 53.0
46 9 86.0 13.0
23 31 89.0 78.0
15 49 187.0 11.0
2 51 96.0 176.0
11 43 88.0 177.0
21 33 0.0 167.0
22 32 54.0 142.0
10 46 30.0 175.0
21 34 140.0 68.0
49 52 183.0 29.0
38 15 25.0 122.0
5 49 77.0 121.0
1 54 46.0 117.0
18 45 104.0 46.0
33 36 36.0 111.0
19 37 104.0 19.0
27 40 197.0 197.0
47 8 100.0 132.0
48 7 115.0 125.0
13 38 100.0 144.0
51 5 198.0 146.0
49 2 65.0 103.0
43 12 125.0 101.0
48 43 30.0 181.0
4 52 50.0 179.0
49 7 176.0 150.0
6 34 174.0 43.0
26 43 26.0 74.0
41 15 99.0 25.0
3 7 105.0 164.0
53 3 50.0 30.0
49 6 154.0 32.0
46 11 51.0 4.0
24 31 193.0 180.0
51 6 110.0 167.0
42 34 12.0 137.0
29 27 185.0 63.0
20 36 192.0 91.0
42 49 38.0 42.0
37 11 84.0 192.0
26 30 114.0 135.0
25 26 139.0 107.0
42 22 102.0 50.0
48 10 136.0 66.0
11 44 199.0 121.0
7 50 56.0 191.0
23 33 27.0 95.0
15 48 50.0 111.0
41 16 90.0 164.0
45 24 5.0 30.0
45 28 20.0 59.0
28 27 24.0 108.0
32 25 18.0 23.0
41 17 136.0 75.0
50 33 10.0 163.0
9 45 197.0 60.0
50 8 140.0 40.0
49 10 0.0 98.0
13 43 25.0 172.0
45 13 97.0 1.0
38 17 160.0 116.0
53 29 93.0 96.0
55 2 26.0 103.0
30 29 112.0 24.0
20 37 44.0 53.0
42 14 140.0 196.0
54 5 199.0 117.0
40 18 15.0 97.0
6 52 188.0 175.0
39 14 125.0 81.0
46 32 121.0 151.0
12 45 97.0 186.0
5 52 77.0 93.0
25 40 106.0 169.0
12 47 12.0 106.0
42 16 2.0 179.0
14 21 180.0 190.0
33 25 13.0 105.0
8 49 12.0 87.0
37 41 127.0 61.0
47 32 110.0 157.0
4 54 158.0 168.0
9 50 73.0 122.0
40 53 101.0 76.0
19 40 187.0 33.0
48 26 2.0 153.0
24 27 35.0 166.0
36 25 185.0 114.0
16 43 34.0 47.0
20 41 171.0 145.0
23 53 23.0 44.0
5 55 130.0 125.0
24 35 85.0 70.0
39 19 100.0 39.0
15 43 88.0 87.0
49 9 176.0 25.0
39 20 31.0 162.0
54 3 81.0 2.0
53 44 0.0 105.0
24 38 66.0 131.0
41 54 141.0 103.0
51 28 151.0 193.0
11 48 141.0 39.0
21 39 163.0 69.0
18 42 79.0 146.0
7 52 18.0 161.0
42 20 121.0 18.0
21 37 92.0 139.0
4 55 86.0 186.0
42 30 188.0 37.0
42 19 94.0 81.0
45 6 84.0 9.0
27 33 24.0 164.0
31 38 153.0 42.0
7 51 95.0 27.0
28 33 73.0 187.0
31 28 97.0 111.0
9 51 165.0 37.0
35 22 174.0 11.0
24 40 154.0 10.0
54 6 30.0 178.0
25 34 98.0 135.0
30 32 52.0 193.0
53 10 146.0 125.0
27 37 163.0 43.0
26 35 67.0 128.0
40 23 172.0 193.0
23 32 38.0 78.0
18 52 86.0 20.0
25 35 15.0 184.0
37 26 7.0 68.0
38 25 73.0 153.0
23 50 120.0 37.0
31 30 85.0 140.0
15 45 120.0 9.0
20 32 76.0 159.0
22 40 173.0 162.0
54 13 62.0 141.0
49 16 43.0 69.0
48 17 89.0 117.0
7 53 106.0 161.0
52 14 32.0 191.0
45 21 84.0 153.0
54 9 184.0 160.0
43 19 83.0 110.0
30 34 1.0 145.0
16 50 118.0 197.0
12 55 113.0 159.0
42 15 43.0 171.0
30 35 65.0 76.0
47 18 108.0 102.0
50 14 40.0 45.0
29 33 14.0 123.0
53 16 74.0 167.0
31 40 176.0 144.0
29 55 98.0 42.0
14 43 151.0 94.0
35 20 196.0 169.0
51 17 100.0 105.0
42 27 126.0 140.0
35 32 119.0 140.0
30 24 23.0 193.0
44 22 103.0 152.0
14 49 18.0 153.0
36 31 136.0 170.0
43 22 24.0 132.0
41 28 47.0 124.0
47 13 148.0 126.0
27 41 21.0 67.0
18 49 103.0 45.0
17 47 191.0 158.0
46 21 150.0 10.0
39 28 184.0 86.0
43 25 33.0 9.0
54 12 100.0 32.0
28 38 135.0 0.0
39 30 55.0 109.0
43 28 30.0 110.0
19 24 198.0 174.0
45 22 147.0 148.0
52 17 139.0 131.0
23 46 118.0 124.0
39 32 32.0 18.0
42 23 44.0 120.0
55 35 71.0 51.0
18 51 190.0 54.0
50 39 18.0 188.0
35 36 184.0 165.0
35 34 33.0 75.0
29 39 71.0 152.0
14 54 174.0 56.0
30 36 132.0 18.0
33 37 92.0 156.0
39 31 70.0 34.0
37 32 154.0 89.0
48 18 186.0 90.0
54 16 149.0 19.0
55 14 175.0 172.0
37 49 139.0 150.0
37 36 113.0 24.0
21 49 30.0 157.0
38 34 180.0 53.0
28 36 76.0 86.0
33 39 108.0 62.0
45 26 113.0 9.0
33 40 3.0 88.0
21 48 70.0 142.0
51 22 157.0 184.0
21 43 88.0 140.0
51 11 50.0 20.0
37 35 139.0 126.0
41 31 79.0 199.0
40 39 131.0 192.0
38 32 56.0 86.0
47 22 86.0 126.0
19 55 197.0 196.0
55 37 41.0 38.0
21 51 168.0 91.0
9 53 199.0 59.0
34 33 36.0 31.0
31 45 113.0 119.0
37 51 32.0 169.0
45 17 37.0 118.0
38 36 114.0 34.0
19 48 83.0 155.0
25 48 48.0 3.0
48 22 31.0 199.0
39 36 45.0 20.0
43 33 14.0 159.0
46 25 35.0 46.0
31 32 135.0 72.0
38 19 186.0 49.0
27 44 166.0 69.0
29 47 77.0 166.0
41 36 114.0 108.0
27 45 106.0 111.0
48 27 69.0 120.0
23 51 79.0 104.0
25 49 67.0 166.0
38 33 117.0 5.0
50 26 33.0 35.0
40 35 188.0 110.0
27 50 19.0 102.0
44 31 23.0 125.0
54 21 139.0 92.0
25 44 0.0 170.0
33 14 62.0 20.0
30 41 182.0 132.0
51 8 152.0 15.0
17 55 40.0 140.0
23 52 50.0 59.0
51 24 148.0 25.0
22 55 98.0 39.0
37 40 141.0 98.0
52 27 3.0 4.0
45 33 196.0 137.0
47 27 176.0 101.0
36 43 133.0 16.0
46 20 148.0 135.0
28 49 145.0 48.0
32 43 96.0 195.0
26 55 147.0 37.0
26 52 60.0 150.0
33 41 89.0 8.0
45 29 78.0 65.0
44 50 91.0 163.0
30 49 73.0 191.0
55 24 90.0 170.0
38 37 174.0 138.0
38 39 126.0 73.0
46 28 154.0 138.0
37 45 160.0 195.0
34 43 63.0 190.0
48 30 108.0 154.0
43 37 15.0 181.0
31 48 14.0 105.0
51 27 183.0 141.0
37 10 44.0 61.0
34 39 158.0 150.0
41 38 11.0 71.0
28 53 158.0 75.0
43 31 171.0 66.0
49 23 167.0 138.0
33 35 76.0 134.0
53 27 162.0 11.0
49 29 184.0 158.0
42 37 27.0 142.0
53 25 70.0 39.0
50 32 146.0 28.0
35 47 78.0 69.0
50 24 102.0 198.0
53 30 43.0 178.0
52 55 104.0 157.0
29 52 190.0 88.0
51 32 88.0 17.0
44 39 127.0 158.0
45 32 74.0 25.0
46 31 31.0 104.0
36 45 105.0 133.0
41 44 49.0 100.0
41 35 17.0 154.0
26 39 55.0 159.0
40 55 30.0 143.0
28 52 164.0 157.0
37 47 175.0 190.0
49 34 131.0 6.0
32 54 87.0 189.0
48 34 158.0 89.0
40 43 129.0 176.0
26 54 119.0 184.0
34 50 154.0 149.0
55 33 75.0 118.0
43 45 23.0 51.0
45 53 55.0 154.0
33 52 103.0 143.0
53 55 188.0 62.0
54 35 16.0 118.0
30 54 94.0 87.0
43 42 170.0 48.0
55 32 88.0 198.0
46 44 84.0 63.0
38 48 159.0 140.0
55 39 2.0 63.0
53 34 46.0 143.0
25 54 144.0 14.0
45 25 153.0 190.0
42 41 137.0 76.0
40 48 38.0 178.0
40 44 133.0 123.0
51 45 77.0 93.0
52 34 69.0 31.0
45 44 4.0 67.0
50 38 7.0 148.0
34 55 178.0 160.0
39 48 190.0 115.0
44 54 89.0 180.0
29 54 50.0 175.0
33 51 168.0 79.0
54 38 65.0 37.0
41 48 177.0 69.0
39 22 25.0 184.0
41 52 142.0 155.0
47 42 99.0 84.0
50 54 107.0 141.0
35 8 86.0 158.0
54 40 16.0 55.0
43 51 90.0 33.0
54 39 191.0 67.0
45 55 84.0 16.0
43 41 136.0 26.0
2 45 15.0 188.0
10 50 94.0 123.0
54 53 85.0 133.0
47 48 75.0 53.0
55 49 85.0 165.0
44 52 163.0 76.0
32 52 38.0 47.0
47 52 116.0 175.0
55 51 62.0 131.0
30 40 41.0 156.0
49 54 62.0 78.0
55 41 166.0 137.0
19 5 109.0 3.0
46 34 25.0 24.0
51 31 198.0 63.0
33 48 185.0 66.0
47 54 197.0 47.0
51 53 43.0 190.0
40 45 178.0 105.0
20 33 120.0 96.0
53 49 134.0 181.0
55 50 113.0 159.0
44 36 79.0 63.0
51 50 71.0 64.0
54 20 34.0 68.0
49 33 16.0 78.0
53 41 31.0 194.0
3 2 74.0 103.0
52 48 179.0 9.0
2 1 25.0 44.0
50 31 13.0 104.0
43 55 18.0 36.0
53 36 51.0 5.0
53 43 195.0 67.0
53 39 148.0 178.0
42 39 0.0 23.0
34 51 113.0 179.0
51 38 152.0 138.0
42 51 22.0 117.0
54 48 100.0 192.0
52 19 77.0 152.0
49 39 3.0 24.0
41 46 90.0 151.0
45 54 154.0 90.0
0
