58 1653 38 39 300553
13 27 41.0 89.0
11 13 147.0 152.0
10 32 112.0 117.0
42 1 174.0 78.0
34 37 24.0 161.0
42 41 85.0 155.0
34 50 194.0 29.0
6 45 59.0 186.0
13 2 29.0 53.0
6 28 87.0 176.0
51 38 87.0 151.0
30 50 32.0 62.0
21 16 31.0 8.0
56 17 64.0 116.0
8 23 174.0 58.0
1 15 91.0 34.0
17 10 83.0 120.0
29 7 94.0 122.0
36 21 22.0 181.0
4 8 99.0 54.0
23 9 4.0 82.0
17 8 53.0 68.0
22 4 63.0 28.0
10 35 99.0 154.0
44 31 145.0 135.0
37 10 119.0 39.0
22 55 91.0 93.0
55 6 186.0 190.0
7 2 92.0 190.0
1 8 73.0 146.0
3 1 165.0 136.0
27 38 137.0 65.0
10 3 144.0 82.0
4 26 45.0 15.0
22 56 109.0 88.0
3 17 26.0 48.0
10 43 79.0 119.0
42 54 139.0 104.0
46 34 131.0 105.0
5 3 105.0 20.0
5 25 35.0 1.0
50 46 172.0 32.0
35 1 190.0 34.0
7 5 6.0 169.0
11 45 122.0 38.0
40 11 152.0 13.0
36 3 171.0 83.0
5 40 66.0 77.0
56 47 188.0 54.0
26 17 77.0 112.0
10 57 14.0 20.0
33 2 101.0 20.0
46 25 38.0 175.0
28 51 88.0 190.0
46 2 51.0 60.0
41 32 141.0 118.0
20 35 167.0 81.0
43 2 25.0 196.0
51 3 120.0 39.0
54 17 138.0 173.0
33 23 175.0 176.0
8 29 100.0 64.0
30 43 23.0 151.0
16 12 132.0 164.0
38 50 12.0 51.0
44 37 35.0 37.0
31 12 126.0 107.0
28 46 63.0 64.0
10 44 126.0 39.0
14 2 151.0 26.0
8 7 96.0 174.0
34 14 153.0 180.0
55 25 183.0 165.0
3 35 0.0 18.0
46 11 24.0 126.0
48 36 44.0 40.0
13 4 143.0 123.0
5 52 17.0 94.0
24 26 87.0 65.0
31 8 104.0 40.0
32 16 13.0 40.0
50 17 95.0 166.0
4 7 47.0 71.0
46 52 171.0 44.0
55 48 180.0 115.0
41 4 4.0 149.0
21 13 150.0 91.0
13 36 193.0 55.0
51 4 103.0 159.0
12 38 194.0 198.0
56 49 109.0 193.0
42 20 28.0 80.0
9 44 129.0 8.0
48 47 195.0 133.0
1 29 88.0 146.0
56 48 51.0 82.0
12 4 57.0 106.0
57 28 39.0 3.0
18 48 12.0 100.0
9 58 199.0 192.0
6 9 189.0 80.0
18 32 139.0 137.0
2 4 152.0 180.0
51 39 188.0 155.0
8 52 77.0 45.0
13 56 197.0 68.0
45 16 40.0 162.0
15 21 30.0 39.0
42 46 74.0 172.0
19 24 177.0 14.0
19 1 132.0 81.0
39 31 167.0 120.0
6 4 120.0 196.0
5 35 20.0 70.0
42 49 87.0 61.0
3 15 198.0 118.0
53 37 8.0 24.0
52 23 47.0 138.0
23 18 96.0 179.0
12 5 162.0 15.0
41 24 191.0 82.0
11 3 13.0 11.0
17 1 27.0 101.0
12 7 1.0 177.0
32 52 68.0 161.0
17 2 128.0 115.0
12 33 183.0 177.0
8 15 169.0 145.0
39 10 184.0 160.0
13 47 172.0 197.0
19 21 25.0 199.0
6 2 186.0 178.0
1 39 122.0 54.0
40 8 166.0 50.0
40 22 16.0 101.0
37 27 176.0 138.0
29 55 14.0 160.0
6 8 171.0 138.0
33 5 181.0 148.0
3 54 196.0 168.0
34 51 114.0 118.0
8 5 63.0 81.0
12 1 120.0 32.0
54 49 111.0 48.0
45 55 43.0 125.0
9 10 182.0 166.0
6 1 20.0 115.0
46 18 164.0 168.0
11 56 106.0 79.0
31 11 108.0 121.0
37 4 27.0 181.0
44 26 96.0 90.0
15 28 116.0 139.0
30 36 136.0 98.0
36 10 165.0 108.0
28 22 11.0 129.0
11 47 76.0 117.0
49 31 119.0 136.0
27 2 19.0 98.0
28 32 145.0 115.0
51 11 187.0 13.0
38 52 83.0 124.0
3 9 29.0 48.0
13 5 129.0 40.0
31 48 10.0 5.0
11 2 44.0 129.0
16 41 166.0 63.0
14 26 173.0 63.0
28 7 97.0 113.0
58 2 120.0 180.0
1 13 187.0 149.0
20 25 95.0 116.0
14 11 151.0 106.0
25 52 131.0 195.0
34 48 184.0 98.0
15 18 127.0 110.0
25 56 81.0 176.0
49 47 89.0 1.0
5 9 46.0 76.0
50 28 96.0 141.0
30 24 187.0 0.0
18 28 2.0 118.0
17 43 148.0 139.0
53 2 176.0 28.0
49 23 188.0 57.0
4 28 1.0 77.0
53 45 159.0 47.0
5 2 70.0 7.0
25 4 127.0 57.0
24 56 113.0 130.0
33 42 82.0 62.0
43 37 94.0 58.0
1 54 159.0 34.0
23 34 192.0 161.0
20 55 68.0 103.0
48 26 90.0 138.0
29 22 177.0 17.0
20 58 123.0 91.0
41 6 190.0 5.0
42 48 193.0 36.0
43 53 161.0 105.0
21 45 103.0 105.0
41 2 128.0 124.0
27 41 94.0 18.0
5 10 189.0 72.0
10 50 7.0 112.0
6 12 167.0 198.0
1 49 118.0 112.0
36 50 143.0 31.0
3 16 14.0 198.0
5 11 74.0 142.0
44 53 3.0 120.0
54 39 34.0 192.0
30 55 79.0 42.0
8 47 113.0 198.0
29 10 139.0 183.0
51 26 68.0 34.0
6 5 154.0 34.0
10 47 148.0 180.0
41 25 139.0 103.0
6 22 56.0 126.0
10 13 180.0 88.0
51 41 194.0 45.0
42 58 182.0 86.0
2 10 100.0 50.0
12 3 117.0 6.0
49 51 4.0 17.0
9 26 83.0 95.0
39 32 24.0 92.0
36 19 157.0 156.0
9 1 168.0 104.0
14 1 27.0 150.0
5 41 72.0 127.0
43 36 104.0 141.0
20 29 109.0 60.0
16 5 104.0 145.0
12 8 22.0 128.0
26 15 35.0 132.0
29 49 69.0 3.0
41 46 192.0 96.0
20 8 149.0 64.0
35 8 131.0 53.0
4 11 99.0 41.0
46 49 150.0 3.0
48 50 192.0 124.0
7 45 6.0 27.0
27 18 22.0 76.0
5 57 50.0 15.0
57 24 8.0 199.0
14 5 105.0 140.0
31 28 139.0 4.0
1 16 46.0 41.0
14 6 163.0 38.0
15 36 171.0 122.0
19 3 41.0 145.0
43 21 174.0 43.0
8 10 181.0 135.0
34 20 166.0 38.0
18 1 31.0 57.0
45 24 150.0 29.0
52 58 95.0 65.0
27 28 189.0 66.0
6 25 164.0 182.0
45 54 20.0 90.0
9 4 67.0 153.0
8 13 116.0 33.0
18 4 92.0 99.0
2 55 62.0 42.0
46 13 184.0 158.0
32 43 137.0 173.0
9 24 17.0 53.0
19 42 199.0 189.0
56 50 77.0 66.0
33 18 24.0 146.0
1 5 139.0 117.0
49 10 73.0 2.0
14 53 67.0 57.0
29 11 29.0 4.0
26 36 21.0 198.0
11 34 177.0 21.0
25 32 121.0 7.0
7 14 137.0 97.0
23 35 76.0 76.0
11 9 97.0 150.0
13 32 31.0 164.0
35 45 183.0 12.0
22 37 34.0 5.0
8 9 184.0 163.0
54 11 108.0 57.0
32 21 26.0 197.0
48 9 199.0 54.0
27 49 199.0 48.0
15 30 10.0 30.0
16 35 15.0 193.0
5 21 105.0 1.0
51 27 194.0 89.0
30 5 162.0 54.0
26 41 30.0 140.0
41 50 86.0 181.0
32 24 67.0 85.0
53 12 128.0 29.0
38 20 65.0 95.0
40 19 102.0 171.0
4 16 99.0 48.0
24 21 68.0 62.0
2 3 88.0 98.0
50 12 149.0 175.0
35 33 103.0 168.0
37 31 189.0 31.0
42 47 98.0 55.0
57 33 186.0 152.0
51 35 101.0 86.0
48 45 65.0 121.0
45 28 52.0 106.0
2 15 111.0 1.0
44 46 125.0 14.0
18 36 92.0 115.0
11 6 49.0 143.0
45 38 90.0 187.0
7 24 55.0 144.0
2 9 28.0 72.0
10 7 87.0 80.0
8 2 9.0 150.0
9 12 26.0 134.0
40 44 188.0 118.0
6 56 175.0 189.0
36 34 157.0 18.0
49 33 80.0 164.0
42 7 64.0 108.0
4 47 130.0 104.0
48 57 79.0 139.0
8 3 36.0 105.0
9 13 103.0 177.0
14 25 50.0 78.0
50 39 2.0 7.0
5 44 38.0 34.0
43 5 79.0 54.0
43 57 159.0 161.0
48 44 136.0 38.0
16 6 58.0 172.0
27 50 13.0 161.0
7 3 67.0 64.0
33 30 51.0 69.0
16 56 11.0 41.0
52 10 183.0 90.0
9 18 171.0 142.0
53 36 39.0 107.0
46 58 53.0 98.0
23 1 153.0 66.0
42 43 148.0 20.0
7 57 157.0 151.0
46 55 47.0 168.0
6 33 93.0 30.0
50 52 174.0 64.0
29 26 135.0 13.0
18 3 192.0 140.0
22 49 182.0 145.0
26 58 99.0 130.0
56 42 9.0 56.0
30 49 113.0 56.0
15 9 199.0 158.0
52 20 117.0 173.0
45 52 157.0 4.0
7 15 77.0 149.0
24 13 96.0 12.0
13 39 75.0 195.0
15 50 1.0 84.0
32 37 165.0 66.0
38 46 142.0 116.0
7 19 50.0 12.0
10 4 183.0 160.0
40 18 120.0 13.0
23 50 72.0 16.0
22 42 95.0 99.0
25 57 49.0 49.0
35 26 159.0 14.0
7 6 44.0 54.0
29 15 105.0 47.0
3 13 155.0 41.0
19 25 176.0 75.0
16 10 150.0 0.0
22 2 76.0 46.0
14 8 16.0 125.0
37 24 55.0 128.0
19 5 50.0 99.0
51 23 90.0 156.0
24 38 174.0 46.0
11 7 34.0 102.0
32 26 27.0 184.0
54 37 191.0 104.0
48 6 192.0 7.0
30 40 199.0 199.0
18 45 173.0 49.0
16 2 102.0 16.0
17 4 109.0 76.0
2 26 156.0 95.0
43 45 189.0 184.0
15 41 44.0 132.0
46 24 94.0 188.0
6 24 48.0 93.0
16 7 34.0 22.0
21 7 159.0 137.0
17 7 91.0 68.0
45 23 82.0 0.0
1 37 162.0 71.0
19 58 197.0 158.0
24 25 74.0 44.0
40 12 75.0 74.0
11 35 37.0 61.0
21 1 42.0 196.0
25 11 12.0 86.0
33 11 80.0 47.0
39 23 198.0 195.0
3 20 121.0 195.0
9 52 41.0 147.0
6 3 65.0 116.0
37 9 12.0 102.0
18 2 44.0 55.0
36 44 151.0 9.0
11 15 1.0 184.0
11 8 0.0 199.0
49 53 88.0 73.0
47 29 67.0 82.0
12 10 168.0 132.0
11 32 57.0 180.0
48 40 56.0 53.0
7 9 59.0 8.0
47 37 149.0 12.0
36 28 111.0 101.0
23 54 96.0 152.0
24 47 93.0 115.0
49 38 113.0 13.0
3 49 72.0 170.0
22 44 14.0 128.0
45 19 12.0 25.0
14 13 59.0 113.0
24 40 111.0 171.0
35 50 41.0 159.0
30 35 93.0 87.0
7 1 108.0 6.0
41 29 132.0 132.0
3 14 46.0 98.0
15 5 86.0 10.0
56 41 115.0 145.0
4 15 185.0 178.0
48 49 100.0 178.0
17 44 38.0 194.0
45 51 20.0 147.0
22 16 137.0 152.0
17 57 194.0 183.0
1 28 39.0 80.0
2 44 64.0 106.0
51 12 37.0 1.0
52 3 139.0 138.0
38 23 171.0 178.0
15 56 69.0 192.0
13 57 153.0 6.0
48 8 25.0 99.0
36 4 60.0 64.0
23 4 154.0 125.0
14 4 31.0 144.0
9 39 8.0 122.0
15 6 106.0 179.0
8 30 142.0 176.0
21 33 167.0 47.0
33 9 115.0 144.0
4 19 137.0 175.0
58 57 139.0 44.0
6 13 189.0 122.0
8 18 92.0 149.0
19 8 131.0 198.0
21 3 24.0 73.0
46 27 137.0 143.0
27 14 47.0 52.0
9 17 131.0 136.0
25 1 163.0 71.0
37 50 142.0 104.0
2 23 88.0 34.0
26 46 43.0 171.0
8 43 172.0 20.0
3 40 134.0 61.0
54 26 155.0 133.0
10 6 125.0 86.0
31 58 170.0 40.0
50 21 141.0 113.0
57 14 189.0 181.0
24 4 100.0 33.0
19 2 64.0 72.0
33 51 75.0 150.0
10 28 92.0 30.0
7 18 155.0 169.0
23 30 129.0 125.0
43 7 8.0 71.0
13 7 78.0 198.0
2 25 105.0 178.0
35 34 108.0 170.0
18 39 88.0 184.0
20 2 61.0 133.0
12 15 62.0 168.0
1 20 122.0 143.0
17 5 30.0 130.0
2 51 176.0 60.0
20 4 51.0 81.0
27 42 35.0 160.0
15 23 184.0 75.0
23 41 98.0 45.0
14 9 79.0 112.0
11 36 46.0 1.0
31 46 41.0 28.0
39 36 27.0 17.0
3 25 26.0 79.0
19 52 178.0 13.0
14 12 197.0 162.0
18 26 112.0 47.0
1 22 134.0 143.0
1 24 189.0 181.0
5 4 143.0 30.0
31 36 82.0 171.0
24 3 199.0 60.0
14 36 128.0 129.0
13 50 115.0 77.0
6 17 174.0 179.0
53 15 155.0 109.0
29 37 45.0 144.0
20 9 54.0 141.0
18 17 175.0 136.0
16 14 11.0 126.0
29 5 88.0 91.0
11 19 150.0 3.0
38 39 82.0 76.0
53 32 122.0 37.0
1 27 135.0 120.0
39 16 138.0 141.0
24 34 95.0 65.0
27 12 1.0 106.0
16 54 147.0 41.0
40 10 11.0 97.0
40 34 84.0 45.0
8 33 194.0 158.0
23 11 181.0 129.0
18 13 168.0 119.0
39 47 78.0 63.0
5 24 175.0 31.0
21 52 36.0 74.0
53 18 49.0 199.0
43 49 111.0 133.0
15 43 47.0 106.0
45 34 118.0 28.0
20 7 62.0 38.0
18 11 114.0 140.0
30 39 94.0 41.0
32 6 19.0 130.0
15 42 87.0 68.0
20 10 155.0 198.0
37 41 24.0 154.0
9 41 6.0 142.0
42 40 20.0 68.0
44 57 10.0 135.0
3 23 185.0 104.0
13 43 82.0 4.0
16 9 144.0 121.0
56 9 177.0 100.0
23 7 124.0 1.0
21 8 174.0 82.0
22 5 112.0 195.0
18 29 99.0 122.0
35 22 54.0 85.0
31 1 185.0 89.0
45 25 93.0 81.0
25 26 11.0 70.0
55 33 81.0 87.0
16 11 45.0 55.0
29 53 87.0 109.0
23 12 95.0 139.0
19 12 128.0 101.0
40 45 132.0 65.0
12 43 83.0 25.0
11 53 124.0 46.0
27 17 192.0 5.0
6 23 32.0 189.0
28 13 99.0 72.0
24 2 92.0 146.0
17 13 156.0 172.0
7 50 191.0 40.0
34 43 71.0 27.0
37 14 90.0 147.0
22 23 119.0 82.0
56 54 180.0 104.0
16 8 2.0 31.0
14 49 126.0 46.0
18 6 16.0 34.0
58 18 199.0 160.0
2 48 111.0 22.0
53 21 124.0 1.0
43 56 87.0 195.0
10 21 131.0 19.0
46 6 14.0 85.0
13 16 159.0 92.0
19 16 62.0 127.0
25 58 199.0 61.0
17 14 39.0 110.0
58 6 128.0 115.0
3 31 108.0 167.0
7 56 189.0 191.0
3 33 123.0 4.0
28 2 111.0 34.0
24 10 81.0 125.0
2 49 179.0 80.0
20 45 179.0 170.0
50 40 55.0 107.0
13 45 62.0 115.0
21 11 107.0 51.0
9 19 143.0 30.0
4 27 135.0 54.0
39 8 179.0 17.0
56 44 195.0 110.0
31 4 149.0 174.0
35 58 18.0 157.0
44 13 177.0 80.0
18 10 114.0 84.0
11 1 99.0 57.0
34 13 61.0 35.0
20 11 17.0 192.0
32 1 149.0 164.0
53 31 54.0 99.0
22 15 134.0 73.0
26 6 59.0 111.0
21 6 81.0 173.0
4 50 50.0 132.0
5 18 194.0 112.0
29 2 129.0 163.0
20 26 95.0 30.0
10 22 140.0 150.0
40 28 18.0 27.0
15 10 166.0 77.0
9 54 157.0 199.0
37 40 185.0 8.0
52 41 126.0 131.0
2 21 136.0 7.0
29 19 192.0 31.0
44 54 57.0 84.0
23 14 85.0 75.0
17 39 144.0 3.0
26 57 197.0 102.0
30 27 88.0 134.0
15 13 158.0 15.0
26 21 135.0 94.0
39 11 132.0 127.0
20 12 120.0 141.0
3 22 29.0 157.0
14 19 84.0 174.0
15 17 151.0 81.0
10 23 120.0 40.0
22 7 195.0 78.0
5 28 146.0 130.0
40 53 118.0 30.0
55 24 49.0 190.0
24 36 11.0 31.0
8 22 125.0 95.0
52 54 75.0 77.0
24 8 131.0 195.0
39 28 9.0 126.0
57 29 57.0 107.0
3 27 192.0 128.0
37 57 199.0 194.0
13 20 77.0 163.0
17 49 71.0 3.0
4 29 36.0 98.0
36 54 177.0 167.0
23 48 173.0 138.0
19 13 72.0 182.0
26 1 196.0 17.0
50 16 199.0 195.0
11 10 74.0 28.0
26 8 60.0 97.0
6 38 164.0 49.0
11 22 62.0 93.0
35 13 20.0 187.0
7 26 117.0 92.0
17 16 165.0 113.0
27 44 12.0 164.0
38 34 92.0 86.0
11 38 192.0 105.0
19 6 74.0 156.0
51 31 40.0 137.0
31 2 168.0 60.0
5 23 183.0 85.0
43 22 39.0 100.0
32 4 87.0 51.0
14 10 138.0 132.0
38 28 60.0 82.0
34 4 169.0 134.0
34 26 131.0 162.0
41 33 50.0 99.0
31 5 94.0 185.0
56 3 155.0 85.0
38 55 65.0 43.0
47 58 4.0 155.0
19 23 59.0 64.0
26 11 22.0 28.0
20 14 26.0 105.0
22 12 44.0 28.0
45 39 132.0 90.0
41 38 3.0 87.0
30 4 42.0 20.0
36 2 173.0 198.0
24 31 42.0 32.0
42 26 91.0 16.0
3 32 120.0 117.0
17 19 170.0 117.0
28 34 11.0 54.0
14 28 199.0 166.0
10 19 185.0 41.0
23 21 127.0 159.0
51 44 171.0 170.0
13 12 112.0 62.0
45 50 89.0 32.0
48 10 188.0 59.0
36 58 44.0 152.0
20 31 135.0 43.0
52 1 171.0 72.0
11 17 83.0 98.0
32 2 83.0 54.0
21 4 171.0 195.0
43 39 77.0 60.0
5 27 190.0 18.0
52 51 96.0 186.0
28 3 1.0 31.0
55 15 94.0 124.0
10 25 166.0 177.0
8 27 154.0 2.0
12 17 101.0 125.0
36 55 11.0 131.0
10 27 195.0 153.0
38 17 167.0 92.0
12 2 139.0 121.0
22 9 123.0 34.0
51 56 16.0 41.0
10 34 48.0 122.0
32 23 74.0 102.0
29 3 196.0 85.0
9 25 13.0 191.0
2 35 4.0 132.0
28 9 146.0 144.0
36 47 23.0 69.0
7 30 89.0 39.0
34 2 51.0 89.0
53 56 100.0 126.0
28 8 166.0 96.0
14 18 189.0 179.0
27 6 138.0 146.0
56 45 168.0 84.0
7 27 65.0 192.0
58 48 27.0 154.0
20 41 11.0 31.0
38 40 116.0 111.0
29 48 179.0 82.0
54 41 74.0 168.0
26 3 43.0 164.0
39 19 80.0 164.0
15 20 27.0 146.0
9 21 141.0 7.0
51 19 188.0 152.0
58 27 67.0 56.0
22 14 22.0 198.0
1 34 182.0 96.0
25 7 142.0 26.0
16 18 71.0 22.0
30 6 93.0 99.0
19 18 125.0 34.0
7 32 91.0 65.0
33 1 178.0 110.0
2 30 20.0 1.0
33 54 61.0 3.0
24 11 27.0 155.0
30 31 173.0 98.0
26 12 127.0 66.0
2 37 103.0 5.0
38 1 99.0 146.0
35 24 60.0 77.0
37 33 98.0 32.0
21 46 46.0 111.0
12 21 91.0 73.0
44 6 199.0 64.0
27 11 128.0 79.0
15 27 80.0 184.0
47 7 154.0 131.0
22 13 57.0 14.0
38 44 175.0 107.0
31 34 3.0 21.0
11 28 187.0 46.0
44 30 90.0 138.0
55 4 34.0 171.0
30 14 112.0 66.0
20 54 177.0 66.0
58 34 148.0 186.0
20 16 18.0 75.0
44 21 103.0 173.0
5 26 64.0 90.0
34 15 29.0 106.0
26 10 3.0 15.0
27 36 22.0 67.0
31 17 187.0 199.0
42 38 103.0 88.0
48 12 96.0 73.0
33 44 106.0 199.0
48 28 102.0 122.0
13 25 172.0 83.0
20 18 195.0 175.0
44 52 161.0 17.0
29 9 0.0 148.0
14 21 137.0 55.0
36 1 164.0 33.0
38 2 98.0 22.0
39 2 0.0 152.0
12 25 184.0 172.0
5 32 168.0 179.0
23 17 24.0 129.0
9 47 22.0 176.0
14 15 170.0 111.0
15 24 95.0 86.0
30 9 12.0 145.0
29 21 84.0 12.0
35 4 123.0 20.0
3 30 132.0 43.0
12 29 169.0 108.0
3 34 125.0 143.0
6 29 186.0 96.0
12 11 184.0 81.0
32 46 105.0 196.0
58 1 114.0 141.0
1 10 86.0 189.0
5 34 166.0 170.0
40 1 17.0 135.0
24 18 37.0 142.0
30 1 35.0 176.0
14 24 72.0 171.0
17 20 17.0 130.0
25 8 177.0 84.0
6 42 3.0 15.0
33 4 120.0 122.0
21 18 35.0 137.0
17 21 124.0 24.0
15 57 147.0 111.0
27 39 102.0 172.0
42 21 81.0 120.0
22 31 63.0 58.0
10 30 144.0 18.0
6 35 132.0 64.0
45 31 190.0 119.0
43 38 8.0 66.0
25 16 162.0 108.0
9 51 166.0 64.0
31 6 11.0 47.0
39 14 26.0 26.0
47 28 198.0 170.0
36 6 39.0 82.0
45 4 78.0 181.0
31 10 0.0 39.0
35 7 142.0 162.0
33 7 17.0 60.0
26 13 112.0 180.0
17 22 47.0 138.0
8 34 93.0 197.0
49 44 139.0 85.0
5 36 32.0 169.0
28 12 148.0 33.0
32 9 142.0 43.0
25 36 98.0 159.0
40 29 175.0 10.0
42 57 55.0 174.0
34 6 158.0 148.0
55 40 186.0 49.0
51 24 70.0 171.0
9 31 143.0 171.0
24 17 134.0 85.0
58 16 80.0 32.0
25 18 188.0 56.0
38 3 158.0 43.0
17 25 60.0 68.0
24 12 133.0 199.0
3 39 124.0 155.0
35 21 181.0 67.0
16 26 10.0 115.0
29 13 191.0 90.0
48 27 91.0 131.0
34 53 91.0 49.0
40 2 198.0 151.0
25 49 181.0 131.0
30 11 198.0 105.0
44 24 106.0 180.0
25 44 84.0 116.0
15 16 144.0 27.0
22 53 90.0 36.0
39 44 153.0 181.0
6 47 199.0 152.0
41 3 59.0 180.0
22 21 136.0 58.0
8 55 97.0 42.0
30 12 136.0 133.0
45 1 125.0 81.0
4 39 154.0 15.0
23 20 166.0 107.0
26 30 172.0 165.0
16 37 17.0 183.0
15 25 3.0 153.0
40 6 21.0 100.0
52 6 126.0 109.0
52 35 167.0 51.0
33 10 118.0 73.0
36 9 152.0 84.0
25 42 191.0 76.0
3 37 35.0 8.0
39 5 37.0 190.0
32 51 71.0 58.0
56 26 124.0 197.0
14 29 121.0 43.0
38 53 187.0 191.0
40 4 49.0 91.0
1 44 176.0 40.0
19 20 81.0 164.0
37 7 80.0 118.0
42 2 176.0 103.0
15 39 110.0 53.0
28 17 72.0 183.0
48 46 70.0 11.0
36 7 31.0 119.0
12 34 2.0 160.0
9 35 130.0 36.0
28 16 131.0 10.0
20 22 35.0 60.0
32 12 17.0 97.0
58 23 30.0 41.0
1 43 10.0 52.0
19 27 33.0 193.0
13 40 98.0 36.0
43 4 164.0 28.0
41 1 117.0 47.0
20 44 20.0 104.0
22 24 38.0 189.0
38 9 41.0 20.0
31 15 46.0 3.0
37 8 135.0 32.0
13 30 36.0 185.0
29 17 126.0 152.0
38 7 10.0 44.0
14 55 135.0 30.0
27 16 88.0 125.0
19 15 142.0 129.0
5 37 175.0 140.0
6 39 88.0 62.0
16 29 188.0 76.0
44 3 167.0 115.0
33 52 191.0 177.0
48 20 65.0 78.0
38 8 85.0 153.0
33 14 129.0 179.0
51 47 106.0 56.0
20 21 37.0 146.0
16 23 131.0 25.0
12 47 31.0 98.0
40 35 15.0 22.0
54 48 70.0 80.0
58 41 63.0 156.0
25 21 93.0 144.0
8 36 52.0 151.0
36 38 38.0 41.0
44 4 76.0 169.0
26 19 114.0 107.0
48 41 187.0 81.0
22 51 192.0 57.0
30 18 73.0 7.0
32 8 12.0 118.0
38 30 23.0 64.0
4 38 95.0 61.0
49 19 187.0 171.0
32 19 97.0 53.0
7 31 199.0 84.0
8 56 53.0 143.0
44 45 112.0 78.0
7 41 5.0 124.0
8 44 39.0 28.0
6 20 74.0 134.0
2 45 120.0 13.0
15 54 152.0 169.0
11 58 107.0 152.0
41 8 6.0 160.0
42 3 99.0 70.0
43 31 155.0 104.0
16 51 134.0 146.0
32 15 196.0 160.0
6 43 178.0 69.0
30 19 147.0 83.0
19 28 143.0 54.0
4 42 32.0 101.0
35 12 142.0 132.0
14 31 53.0 49.0
14 35 150.0 139.0
35 15 71.0 99.0
44 19 18.0 1.0
55 57 154.0 165.0
33 13 58.0 49.0
10 38 141.0 90.0
3 43 39.0 35.0
27 20 188.0 44.0
32 14 164.0 90.0
12 18 12.0 187.0
16 31 20.0 30.0
18 35 1.0 126.0
5 45 105.0 59.0
7 39 0.0 198.0
29 31 39.0 191.0
24 23 158.0 179.0
49 58 156.0 75.0
41 10 72.0 120.0
37 12 133.0 44.0
25 22 18.0 86.0
48 1 25.0 123.0
51 25 170.0 25.0
7 44 34.0 9.0
45 3 173.0 145.0
19 22 173.0 82.0
20 30 142.0 197.0
9 27 4.0 75.0
22 36 112.0 23.0
11 37 104.0 137.0
1 47 184.0 75.0
25 23 135.0 171.0
33 16 139.0 60.0
27 57 122.0 64.0
47 2 154.0 64.0
16 42 20.0 111.0
19 55 62.0 132.0
37 45 109.0 167.0
28 33 68.0 93.0
41 55 159.0 3.0
21 57 20.0 50.0
47 43 159.0 143.0
21 28 183.0 114.0
47 3 55.0 4.0
22 27 47.0 118.0
23 28 47.0 108.0
12 36 61.0 116.0
39 26 103.0 173.0
33 17 198.0 123.0
20 28 18.0 157.0
19 38 29.0 153.0
57 4 63.0 84.0
41 53 60.0 63.0
5 42 118.0 108.0
30 21 48.0 132.0
21 27 183.0 151.0
46 4 122.0 181.0
32 33 23.0 92.0
32 17 114.0 4.0
37 13 105.0 130.0
6 37 82.0 118.0
19 31 146.0 153.0
3 46 49.0 194.0
24 20 174.0 32.0
26 23 168.0 97.0
30 22 122.0 143.0
50 20 95.0 188.0
50 1 31.0 152.0
5 20 84.0 65.0
23 37 50.0 30.0
34 21 101.0 100.0
38 35 196.0 76.0
37 42 10.0 117.0
17 34 54.0 132.0
47 41 148.0 149.0
31 21 158.0 131.0
30 17 172.0 42.0
40 41 174.0 175.0
1 46 73.0 76.0
48 3 65.0 22.0
20 32 95.0 27.0
50 22 63.0 149.0
5 51 175.0 11.0
23 13 28.0 133.0
12 41 10.0 152.0
8 42 105.0 184.0
16 36 170.0 130.0
35 19 97.0 35.0
42 12 99.0 145.0
33 43 110.0 162.0
50 2 1.0 85.0
34 18 63.0 181.0
38 14 155.0 73.0
42 11 71.0 60.0
19 33 43.0 41.0
58 40 43.0 92.0
28 24 18.0 94.0
11 41 85.0 129.0
33 15 107.0 38.0
28 25 92.0 122.0
49 13 21.0 48.0
53 1 84.0 45.0
31 18 51.0 79.0
50 53 159.0 46.0
54 55 149.0 130.0
42 9 35.0 186.0
29 23 171.0 94.0
56 1 4.0 63.0
43 9 26.0 25.0
38 5 127.0 63.0
4 49 176.0 130.0
46 7 132.0 136.0
14 41 169.0 33.0
26 27 110.0 156.0
52 2 192.0 81.0
37 58 135.0 196.0
37 17 132.0 113.0
31 23 105.0 12.0
9 34 89.0 81.0
27 25 139.0 21.0
47 5 120.0 60.0
3 50 71.0 183.0
47 57 37.0 15.0
56 10 122.0 124.0
26 28 181.0 6.0
35 39 189.0 38.0
38 56 184.0 30.0
17 35 132.0 75.0
24 29 38.0 53.0
27 55 123.0 61.0
45 42 166.0 160.0
51 17 25.0 88.0
49 6 191.0 158.0
46 8 130.0 132.0
27 24 61.0 114.0
4 48 130.0 193.0
46 33 134.0 168.0
15 37 191.0 57.0
47 30 99.0 157.0
38 26 30.0 124.0
13 41 60.0 22.0
16 30 99.0 190.0
13 38 140.0 160.0
21 47 75.0 70.0
51 1 43.0 161.0
38 15 78.0 34.0
12 44 192.0 177.0
10 45 183.0 23.0
48 5 168.0 196.0
36 20 77.0 20.0
32 22 41.0 17.0
17 36 95.0 116.0
30 25 98.0 90.0
9 45 188.0 129.0
48 7 111.0 132.0
46 9 49.0 46.0
4 52 160.0 170.0
27 23 24.0 189.0
23 43 161.0 65.0
8 45 77.0 8.0
3 53 12.0 127.0
16 38 97.0 152.0
36 41 75.0 160.0
9 55 96.0 77.0
37 19 30.0 8.0
11 44 159.0 54.0
54 2 2.0 72.0
40 15 168.0 79.0
46 10 160.0 180.0
49 9 130.0 9.0
9 40 160.0 158.0
56 2 177.0 9.0
37 52 71.0 7.0
11 43 123.0 30.0
50 6 184.0 77.0
43 14 170.0 152.0
15 47 83.0 82.0
23 55 89.0 166.0
54 5 93.0 49.0
18 51 193.0 70.0
37 21 195.0 16.0
55 1 22.0 70.0
38 18 141.0 159.0
17 41 124.0 63.0
29 46 68.0 160.0
28 30 59.0 157.0
34 22 113.0 152.0
20 33 197.0 58.0
34 7 95.0 192.0
45 14 126.0 69.0
46 5 170.0 67.0
41 21 144.0 47.0
40 16 73.0 12.0
18 37 39.0 132.0
25 31 50.0 152.0
42 13 64.0 48.0
29 27 108.0 111.0
5 49 121.0 186.0
52 7 5.0 43.0
33 26 19.0 149.0
14 44 38.0 92.0
54 27 20.0 77.0
27 40 72.0 71.0
34 25 27.0 88.0
14 42 174.0 88.0
7 49 92.0 47.0
31 26 119.0 49.0
29 28 87.0 138.0
23 47 51.0 125.0
44 15 19.0 72.0
4 53 128.0 43.0
53 8 85.0 107.0
33 22 13.0 12.0
12 39 102.0 58.0
17 58 140.0 173.0
37 55 74.0 179.0
43 19 53.0 77.0
51 7 148.0 24.0
23 36 66.0 28.0
25 33 32.0 152.0
22 41 105.0 45.0
57 2 30.0 159.0
55 3 173.0 122.0
6 53 91.0 199.0
54 6 25.0 96.0
42 17 174.0 125.0
54 12 89.0 193.0
29 56 123.0 121.0
38 33 84.0 180.0
21 38 89.0 66.0
53 5 20.0 62.0
25 29 55.0 111.0
48 11 67.0 80.0
4 54 170.0 194.0
37 36 150.0 59.0
33 29 41.0 74.0
50 9 25.0 77.0
7 53 170.0 66.0
34 19 78.0 190.0
16 34 30.0 133.0
57 3 45.0 98.0
41 18 80.0 15.0
14 47 11.0 30.0
16 53 162.0 4.0
44 58 57.0 139.0
54 7 62.0 179.0
49 12 26.0 92.0
54 38 189.0 9.0
43 16 112.0 34.0
8 50 78.0 192.0
31 27 92.0 41.0
51 6 142.0 6.0
20 39 56.0 199.0
44 16 93.0 118.0
21 39 75.0 71.0
27 33 129.0 64.0
40 33 186.0 193.0
27 34 136.0 16.0
56 40 38.0 28.0
39 22 181.0 180.0
17 40 92.0 37.0
45 17 113.0 185.0
15 45 8.0 140.0
32 27 76.0 89.0
51 43 161.0 15.0
14 46 178.0 97.0
49 11 143.0 17.0
50 11 100.0 76.0
30 48 46.0 192.0
8 49 193.0 159.0
10 51 27.0 1.0
10 53 13.0 103.0
39 24 143.0 175.0
48 13 143.0 122.0
20 40 14.0 86.0
18 42 25.0 114.0
46 12 57.0 72.0
37 25 30.0 50.0
40 23 90.0 57.0
30 32 123.0 104.0
33 24 85.0 18.0
21 40 53.0 28.0
56 4 128.0 67.0
54 8 114.0 153.0
46 16 37.0 171.0
3 58 196.0 68.0
46 15 176.0 86.0
55 5 174.0 51.0
57 6 125.0 59.0
45 47 98.0 178.0
22 26 89.0 26.0
48 16 29.0 155.0
18 43 22.0 66.0
52 47 135.0 170.0
50 5 2.0 63.0
27 35 172.0 128.0
9 53 99.0 49.0
45 12 135.0 197.0
43 20 110.0 176.0
28 35 168.0 139.0
4 58 15.0 190.0
25 38 104.0 102.0
49 15 71.0 58.0
46 17 18.0 44.0
13 52 155.0 117.0
29 32 51.0 42.0
31 13 149.0 113.0
50 14 64.0 117.0
8 51 102.0 79.0
5 58 92.0 158.0
34 30 181.0 163.0
58 7 82.0 151.0
31 35 30.0 189.0
30 29 130.0 34.0
57 1 103.0 79.0
29 34 162.0 167.0
37 20 180.0 16.0
31 55 32.0 72.0
47 18 50.0 165.0
47 17 104.0 84.0
49 16 176.0 86.0
25 40 11.0 106.0
57 8 172.0 114.0
52 15 143.0 86.0
11 55 164.0 123.0
29 38 74.0 196.0
10 55 186.0 76.0
30 37 119.0 42.0
11 52 100.0 96.0
5 56 173.0 111.0
54 13 27.0 97.0
33 31 90.0 171.0
46 23 121.0 6.0
43 24 185.0 195.0
20 47 99.0 171.0
36 46 180.0 170.0
52 43 198.0 80.0
8 58 65.0 171.0
51 15 132.0 45.0
38 22 144.0 174.0
23 42 112.0 65.0
37 28 3.0 49.0
23 44 78.0 54.0
19 46 183.0 58.0
10 54 120.0 181.0
34 33 108.0 137.0
26 40 81.0 40.0
25 43 117.0 177.0
26 37 32.0 181.0
48 14 149.0 35.0
48 19 141.0 27.0
36 32 13.0 124.0
18 44 114.0 133.0
52 12 88.0 22.0
47 19 155.0 169.0
55 13 78.0 24.0
28 43 101.0 62.0
50 18 192.0 50.0
54 22 109.0 133.0
43 48 146.0 122.0
28 42 29.0 12.0
18 49 83.0 117.0
42 24 132.0 38.0
53 17 30.0 162.0
29 35 10.0 132.0
22 47 118.0 154.0
21 55 182.0 27.0
12 56 116.0 80.0
10 42 139.0 146.0
41 30 30.0 22.0
49 20 143.0 114.0
17 48 1.0 173.0
11 57 79.0 11.0
39 42 156.0 149.0
30 42 7.0 138.0
25 39 140.0 75.0
22 46 142.0 80.0
36 33 195.0 124.0
52 16 47.0 138.0
31 40 72.0 48.0
32 40 161.0 104.0
55 7 86.0 69.0
43 58 165.0 45.0
31 38 42.0 58.0
48 22 83.0 136.0
52 18 164.0 30.0
12 55 71.0 163.0
58 12 1.0 143.0
54 40 56.0 114.0
50 19 187.0 143.0
57 12 121.0 105.0
14 54 156.0 115.0
13 53 197.0 191.0
13 51 19.0 113.0
10 58 174.0 90.0
21 49 16.0 127.0
56 14 190.0 25.0
52 17 119.0 177.0
50 24 170.0 192.0
58 13 50.0 126.0
51 20 29.0 48.0
41 28 82.0 48.0
24 48 183.0 8.0
26 43 13.0 152.0
42 29 106.0 3.0
9 57 5.0 25.0
45 27 164.0 175.0
53 19 90.0 15.0
58 54 62.0 119.0
29 36 71.0 96.0
21 48 38.0 54.0
45 26 122.0 3.0
46 20 80.0 28.0
54 21 10.0 86.0
57 16 98.0 174.0
25 48 190.0 140.0
43 27 37.0 52.0
25 47 190.0 108.0
22 52 199.0 181.0
14 58 104.0 121.0
7 40 138.0 185.0
45 30 178.0 148.0
27 47 55.0 28.0
33 39 124.0 45.0
50 51 161.0 161.0
37 35 157.0 151.0
51 14 105.0 156.0
26 47 116.0 9.0
45 29 87.0 6.0
4 1 6.0 17.0
32 44 148.0 61.0
44 28 147.0 73.0
44 34 60.0 108.0
20 53 192.0 17.0
35 32 69.0 97.0
45 22 38.0 137.0
18 55 22.0 125.0
16 55 182.0 180.0
54 18 58.0 130.0
56 18 114.0 5.0
19 56 150.0 174.0
39 34 126.0 142.0
17 55 126.0 148.0
36 52 102.0 164.0
32 31 182.0 77.0
35 41 75.0 116.0
32 34 8.0 85.0
39 41 96.0 122.0
29 44 186.0 198.0
43 29 115.0 65.0
42 32 29.0 42.0
54 24 183.0 83.0
45 32 135.0 166.0
39 29 173.0 162.0
57 18 188.0 134.0
53 24 46.0 36.0
39 37 152.0 185.0
50 33 107.0 68.0
38 37 17.0 88.0
23 53 20.0 1.0
45 33 102.0 156.0
21 51 187.0 27.0
47 32 56.0 175.0
29 51 179.0 102.0
52 26 126.0 131.0
43 35 8.0 33.0
22 57 130.0 178.0
20 57 128.0 150.0
41 34 155.0 182.0
49 26 143.0 142.0
50 31 45.0 151.0
52 29 31.0 24.0
40 39 38.0 157.0
42 34 17.0 199.0
52 27 164.0 99.0
44 35 62.0 92.0
47 31 189.0 17.0
30 46 64.0 84.0
50 29 166.0 110.0
58 22 37.0 198.0
56 20 150.0 76.0
43 50 169.0 119.0
42 35 168.0 133.0
52 24 135.0 30.0
56 27 146.0 76.0
50 26 197.0 162.0
49 32 140.0 163.0
41 43 153.0 129.0
27 53 175.0 103.0
57 23 92.0 144.0
23 56 68.0 60.0
47 33 165.0 3.0
52 28 105.0 111.0
32 48 92.0 102.0
58 28 161.0 184.0
28 53 104.0 66.0
40 49 159.0 79.0
31 42 89.0 52.0
36 49 62.0 157.0
30 52 101.0 27.0
47 38 137.0 6.0
40 43 117.0 29.0
28 54 162.0 30.0
45 36 53.0 67.0
26 53 163.0 165.0
48 38 128.0 4.0
58 24 140.0 142.0
39 58 170.0 193.0
46 53 31.0 107.0
47 35 44.0 148.0
36 42 84.0 6.0
21 58 47.0 89.0
41 49 198.0 10.0
40 46 9.0 79.0
55 32 58.0 101.0
53 33 10.0 29.0
28 56 12.0 41.0
51 36 30.0 8.0
48 53 101.0 66.0
54 30 116.0 148.0
49 35 138.0 66.0
41 44 62.0 99.0
19 41 14.0 120.0
42 44 94.0 24.0
54 31 119.0 106.0
56 21 33.0 101.0
29 58 25.0 86.0
34 47 190.0 93.0
43 46 126.0 80.0
49 28 24.0 140.0
39 46 27.0 190.0
31 52 8.0 74.0
55 28 144.0 79.0
19 57 80.0 129.0
53 30 128.0 105.0
30 56 98.0 71.0
49 39 14.0 176.0
33 48 63.0 38.0
55 26 194.0 42.0
30 57 179.0 2.0
39 48 96.0 124.0
54 34 114.0 128.0
56 31 70.0 195.0
37 48 44.0 120.0
52 34 52.0 59.0
37 51 93.0 67.0
37 49 177.0 87.0
53 39 27.0 156.0
49 34 137.0 75.0
56 33 107.0 4.0
55 34 75.0 129.0
25 53 186.0 120.0
32 54 63.0 191.0
56 32 162.0 108.0
52 39 99.0 139.0
56 34 113.0 126.0
57 35 166.0 2.0
32 58 50.0 25.0
54 50 174.0 125.0
31 57 7.0 113.0
48 15 13.0 22.0
45 49 35.0 127.0
42 50 67.0 134.0
46 45 147.0 132.0
46 35 124.0 66.0
50 25 99.0 174.0
53 35 107.0 25.0
42 53 81.0 67.0
15 58 61.0 46.0
36 35 154.0 96.0
33 58 60.0 173.0
57 34 9.0 159.0
54 47 86.0 85.0
54 43 19.0 137.0
44 47 63.0 79.0
38 57 0.0 97.0
38 32 63.0 61.0
55 39 110.0 17.0
58 38 133.0 122.0
47 46 194.0 94.0
40 51 80.0 80.0
54 46 5.0 100.0
57 41 186.0 68.0
35 54 16.0 138.0
44 50 178.0 80.0
35 55 199.0 41.0
19 54 145.0 85.0
50 58 161.0 139.0
55 42 101.0 41.0
52 40 75.0 106.0
52 48 149.0 61.0
57 32 105.0 166.0
51 46 164.0 36.0
57 36 192.0 115.0
55 49 46.0 137.0
49 52 91.0 7.0
35 56 143.0 144.0
39 57 14.0 18.0
47 55 22.0 164.0
49 50 87.0 80.0
43 44 127.0 3.0
47 53 193.0 71.0
53 52 51.0 191.0
52 14 39.0 94.0
40 57 93.0 182.0
41 45 19.0 59.0
58 45 167.0 194.0
54 25 89.0 6.0
53 57 191.0 17.0
53 54 150.0 136.0
1 2 87.0 153.0
53 55 181.0 78.0
58 51 79.0 26.0
52 55 196.0 51.0
58 53 23.0 115.0
46 56 165.0 112.0
48 35 161.0 108.0
57 45 171.0 112.0
47 50 107.0 11.0
52 56 55.0 88.0
29 54 66.0 86.0
56 37 118.0 14.0
55 58 157.0 141.0
41 31 84.0 74.0
30 51 57.0 46.0
51 53 55.0 181.0
37 46 96.0 162.0
57 51 135.0 103.0
58 56 175.0 154.0
54 51 166.0 93.0
46 57 100.0 123.0
3 4 80.0 185.0
51 48 111.0 90.0
52 42 124.0 167.0
57 49 96.0 21.0
55 44 154.0 184.0
57 52 98.0 129.0
54 57 108.0 64.0
25 35 107.0 161.0
39 56 22.0 187.0
47 40 78.0 85.0
56 36 115.0 2.0
16 24 18.0 12.0
40 36 118.0 173.0
55 43 96.0 16.0
14 40 95.0 5.0
55 51 61.0 2.0
57 50 97.0 35.0
58 30 24.0 127.0
55 50 59.0 139.0
50 32 109.0 30.0
57 56 89.0 27.0
24 49 191.0 186.0
16 47 152.0 86.0
56 55 77.0 14.0
51 42 58.0 126.0
18 22 48.0 82.0
0
