51 1275 11 50 157533
27 25 11.0 161.0
46 20 26.0 176.0
6 15 123.0 73.0
12 7 63.0 150.0
29 35 157.0 78.0
28 7 84.0 118.0
31 6 100.0 76.0
31 34 8.0 148.0
7 42 192.0 171.0
35 33 24.0 18.0
47 24 88.0 148.0
5 2 89.0 151.0
36 38 70.0 198.0
18 47 15.0 154.0
26 37 148.0 68.0
20 8 169.0 156.0
49 25 88.0 161.0
7 45 11.0 113.0
17 1 41.0 51.0
27 12 131.0 82.0
23 20 151.0 153.0
40 42 1.0 166.0
2 11 58.0 149.0
19 30 185.0 27.0
28 20 163.0 26.0
13 40 48.0 175.0
14 42 119.0 42.0
28 49 68.0 2.0
18 21 57.0 19.0
36 24 161.0 58.0
34 38 31.0 171.0
16 25 105.0 17.0
44 36 117.0 68.0
49 33 38.0 117.0
49 3 107.0 109.0
1 47 145.0 175.0
41 35 139.0 2.0
7 16 9.0 100.0
2 41 189.0 41.0
14 4 19.0 94.0
13 33 187.0 136.0
40 14 84.0 177.0
10 5 1.0 143.0
37 30 169.0 98.0
38 28 198.0 60.0
17 35 134.0 8.0
49 46 111.0 75.0
23 43 64.0 130.0
49 23 193.0 3.0
11 36 189.0 29.0
26 4 119.0 142.0
8 22 108.0 40.0
49 35 6.0 59.0
44 18 149.0 140.0
37 41 79.0 61.0
1 7 19.0 143.0
38 6 186.0 165.0
15 34 0.0 127.0
12 37 114.0 119.0
7 8 1.0 174.0
42 48 177.0 7.0
39 48 72.0 127.0
11 23 2.0 103.0
37 18 197.0 174.0
23 31 126.0 135.0
13 39 60.0 126.0
24 48 192.0 126.0
4 27 122.0 194.0
48 49 139.0 100.0
20 49 119.0 163.0
20 11 154.0 74.0
28 12 162.0 104.0
16 18 80.0 40.0
6 9 185.0 141.0
30 40 123.0 178.0
40 39 7.0 197.0
10 25 130.0 98.0
22 1 99.0 50.0
36 1 98.0 54.0
37 19 167.0 12.0
36 20 3.0 47.0
28 26 184.0 189.0
40 49 80.0 59.0
10 2 168.0 87.0
35 6 87.0 99.0
32 28 183.0 186.0
2 38 53.0 81.0
5 37 4.0 20.0
31 12 117.0 7.0
12 20 168.0 54.0
17 23 110.0 48.0
33 38 85.0 31.0
43 40 128.0 172.0
16 40 160.0 112.0
1 38 157.0 13.0
24 38 89.0 113.0
49 47 60.0 6.0
15 45 41.0 28.0
7 5 56.0 151.0
44 49 94.0 141.0
11 33 47.0 175.0
47 17 31.0 7.0
3 42 23.0 140.0
28 18 106.0 112.0
13 35 100.0 118.0
2 14 65.0 141.0
45 11 45.0 122.0
33 51 44.0 91.0
15 1 57.0 43.0
39 7 138.0 88.0
22 21 29.0 113.0
12 42 161.0 135.0
50 29 84.0 62.0
16 4 80.0 102.0
14 30 180.0 77.0
29 38 72.0 176.0
9 29 93.0 129.0
1 6 46.0 183.0
1 26 184.0 75.0
41 50 75.0 98.0
27 8 120.0 112.0
11 3 68.0 0.0
32 44 133.0 0.0
4 6 186.0 6.0
7 4 170.0 31.0
33 44 7.0 168.0
44 23 89.0 143.0
21 27 172.0 117.0
1 13 21.0 92.0
33 36 185.0 41.0
4 3 26.0 118.0
15 11 68.0 164.0
38 48 21.0 38.0
14 32 177.0 180.0
28 42 158.0 19.0
18 5 118.0 131.0
35 2 160.0 91.0
11 34 199.0 97.0
43 20 198.0 25.0
5 30 8.0 67.0
51 12 52.0 29.0
18 7 17.0 182.0
48 3 49.0 128.0
12 3 54.0 120.0
7 30 111.0 166.0
13 29 77.0 110.0
22 17 74.0 76.0
20 9 168.0 34.0
45 23 120.0 172.0
29 21 61.0 90.0
48 19 196.0 62.0
24 51 167.0 2.0
4 18 98.0 30.0
46 48 166.0 175.0
13 51 11.0 192.0
33 31 155.0 131.0
2 27 19.0 27.0
22 14 69.0 32.0
32 42 68.0 66.0
16 9 79.0 188.0
27 26 76.0 177.0
47 50 92.0 42.0
24 26 158.0 103.0
30 35 56.0 65.0
36 16 100.0 27.0
1 14 2.0 169.0
3 41 87.0 22.0
50 17 101.0 166.0
43 42 44.0 177.0
14 3 107.0 137.0
28 5 21.0 66.0
40 45 69.0 29.0
9 19 91.0 169.0
5 24 78.0 45.0
39 5 190.0 117.0
22 32 163.0 91.0
22 26 178.0 7.0
28 16 151.0 37.0
21 9 68.0 124.0
9 4 115.0 137.0
10 33 135.0 158.0
6 10 178.0 166.0
45 43 53.0 120.0
24 9 49.0 16.0
35 48 176.0 179.0
13 47 113.0 128.0
3 10 11.0 181.0
12 19 73.0 79.0
25 35 124.0 161.0
24 3 64.0 55.0
19 45 33.0 69.0
28 3 123.0 83.0
50 10 36.0 99.0
6 2 56.0 149.0
2 30 142.0 67.0
48 51 24.0 168.0
3 7 81.0 101.0
43 16 170.0 145.0
34 50 174.0 4.0
1 34 15.0 49.0
17 39 37.0 52.0
19 24 64.0 93.0
5 4 84.0 159.0
39 14 51.0 61.0
29 16 16.0 132.0
31 47 57.0 186.0
19 2 46.0 32.0
9 15 139.0 13.0
27 23 15.0 128.0
47 23 55.0 79.0
10 45 0.0 91.0
32 13 125.0 51.0
28 43 136.0 141.0
12 4 7.0 194.0
7 10 108.0 5.0
28 11 194.0 199.0
33 32 159.0 9.0
3 35 89.0 166.0
3 19 148.0 42.0
31 25 77.0 74.0
2 16 41.0 165.0
20 30 22.0 1.0
18 51 101.0 82.0
3 15 166.0 47.0
8 2 164.0 125.0
27 16 31.0 5.0
34 22 112.0 132.0
21 2 122.0 189.0
18 6 21.0 115.0
35 16 108.0 43.0
41 46 52.0 161.0
16 42 70.0 18.0
34 6 120.0 186.0
21 7 138.0 104.0
11 4 36.0 50.0
49 7 15.0 110.0
12 43 165.0 188.0
10 4 169.0 73.0
29 40 18.0 21.0
4 8 66.0 40.0
38 26 124.0 187.0
33 6 65.0 62.0
27 46 121.0 53.0
1 37 155.0 88.0
12 2 34.0 121.0
21 25 121.0 155.0
39 23 79.0 139.0
4 23 57.0 146.0
48 47 32.0 181.0
15 2 7.0 49.0
46 16 68.0 80.0
26 34 158.0 175.0
9 8 162.0 144.0
10 13 128.0 83.0
9 26 150.0 159.0
48 13 17.0 7.0
33 19 174.0 49.0
45 8 146.0 133.0
3 13 171.0 166.0
11 14 35.0 81.0
4 13 137.0 197.0
44 3 58.0 65.0
29 14 161.0 8.0
26 35 81.0 130.0
27 14 146.0 55.0
46 19 184.0 45.0
46 14 40.0 155.0
6 7 48.0 76.0
17 25 91.0 185.0
5 1 65.0 102.0
19 44 166.0 178.0
28 45 41.0 47.0
32 12 72.0 188.0
4 28 198.0 8.0
15 28 102.0 39.0
12 36 118.0 150.0
34 16 102.0 162.0
21 44 22.0 119.0
36 14 108.0 189.0
32 3 0.0 150.0
39 35 87.0 72.0
36 26 119.0 86.0
9 7 53.0 173.0
25 26 140.0 171.0
16 49 53.0 195.0
15 27 28.0 76.0
2 7 123.0 136.0
4 48 49.0 123.0
5 15 51.0 136.0
15 46 128.0 171.0
13 6 99.0 181.0
26 16 183.0 192.0
38 4 140.0 188.0
4 47 18.0 168.0
48 9 39.0 141.0
6 41 71.0 88.0
9 3 144.0 75.0
43 36 106.0 73.0
10 34 114.0 158.0
17 3 150.0 49.0
24 22 142.0 90.0
42 35 88.0 112.0
17 29 9.0 127.0
18 3 187.0 33.0
50 3 46.0 84.0
38 19 0.0 105.0
3 8 27.0 115.0
17 26 6.0 177.0
47 42 161.0 100.0
50 32 143.0 49.0
34 35 42.0 153.0
20 1 38.0 29.0
17 5 152.0 85.0
23 13 90.0 152.0
8 11 74.0 117.0
1 27 42.0 32.0
42 24 46.0 3.0
9 10 116.0 141.0
11 1 27.0 110.0
26 2 30.0 66.0
6 3 180.0 182.0
15 41 154.0 22.0
15 7 194.0 28.0
20 29 154.0 37.0
10 1 42.0 0.0
44 24 81.0 110.0
36 48 124.0 109.0
49 4 22.0 155.0
9 5 27.0 154.0
9 11 187.0 133.0
21 33 52.0 133.0
2 17 69.0 6.0
6 44 16.0 63.0
5 13 192.0 97.0
22 50 164.0 68.0
2 9 115.0 186.0
1 50 145.0 94.0
10 11 185.0 84.0
44 34 65.0 37.0
50 5 159.0 135.0
48 22 158.0 175.0
47 26 175.0 150.0
49 22 117.0 91.0
4 2 163.0 184.0
27 29 40.0 61.0
15 35 47.0 25.0
8 6 160.0 112.0
12 5 117.0 119.0
40 44 178.0 76.0
43 26 55.0 106.0
21 8 96.0 172.0
36 17 198.0 59.0
12 9 94.0 191.0
46 5 133.0 93.0
7 22 194.0 45.0
39 18 59.0 64.0
5 14 36.0 38.0
2 34 20.0 91.0
41 51 121.0 116.0
41 48 113.0 71.0
34 20 66.0 159.0
50 28 14.0 151.0
23 37 120.0 9.0
6 12 78.0 132.0
32 19 35.0 66.0
1 48 63.0 55.0
15 8 98.0 136.0
21 24 51.0 163.0
17 31 53.0 69.0
32 40 91.0 20.0
50 35 35.0 163.0
13 46 19.0 65.0
13 44 139.0 6.0
7 13 14.0 3.0
26 15 188.0 65.0
14 7 74.0 39.0
40 24 183.0 79.0
38 9 2.0 74.0
43 7 134.0 38.0
1 44 159.0 105.0
13 9 28.0 98.0
47 51 111.0 42.0
8 12 44.0 52.0
37 35 143.0 118.0
14 10 185.0 79.0
6 5 178.0 187.0
19 36 85.0 64.0
13 2 20.0 44.0
8 5 8.0 0.0
5 44 141.0 119.0
45 35 94.0 185.0
23 1 119.0 189.0
1 18 103.0 104.0
33 43 21.0 81.0
2 22 158.0 106.0
36 49 150.0 178.0
28 25 193.0 158.0
12 11 178.0 134.0
23 14 120.0 72.0
32 15 181.0 39.0
34 29 8.0 37.0
45 2 63.0 30.0
48 31 84.0 21.0
3 37 84.0 34.0
8 10 6.0 29.0
2 31 175.0 184.0
44 22 66.0 47.0
36 50 57.0 199.0
1 12 175.0 18.0
16 19 123.0 191.0
23 10 127.0 8.0
21 13 149.0 163.0
1 8 161.0 107.0
40 38 46.0 88.0
8 35 28.0 112.0
18 2 106.0 37.0
32 38 55.0 33.0
21 4 144.0 178.0
1 21 105.0 71.0
9 1 120.0 6.0
10 47 87.0 81.0
7 32 163.0 85.0
20 4 29.0 143.0
51 10 8.0 87.0
48 50 195.0 63.0
36 5 86.0 91.0
16 8 65.0 143.0
12 10 81.0 137.0
30 24 125.0 120.0
11 6 99.0 40.0
42 51 63.0 128.0
10 37 8.0 23.0
10 19 185.0 3.0
48 30 117.0 23.0
28 40 112.0 135.0
49 19 83.0 145.0
17 38 38.0 8.0
4 17 178.0 138.0
33 22 4.0 41.0
8 18 26.0 12.0
19 4 88.0 163.0
28 31 177.0 6.0
19 5 19.0 41.0
48 34 160.0 102.0
23 2 28.0 151.0
13 12 0.0 158.0
12 47 45.0 5.0
11 7 23.0 23.0
10 16 104.0 111.0
21 3 180.0 33.0
7 29 128.0 0.0
12 18 169.0 40.0
7 19 181.0 149.0
36 39 92.0 182.0
34 49 26.0 89.0
21 6 150.0 1.0
39 19 80.0 54.0
13 15 144.0 60.0
26 48 31.0 24.0
15 19 136.0 1.0
13 31 41.0 70.0
19 51 20.0 133.0
25 1 3.0 198.0
11 13 195.0 153.0
2 24 198.0 27.0
32 43 18.0 94.0
40 4 71.0 50.0
22 5 192.0 159.0
9 18 67.0 33.0
6 17 176.0 88.0
28 21 36.0 180.0
16 5 54.0 31.0
49 41 197.0 52.0
14 13 54.0 16.0
10 24 1.0 77.0
2 3 126.0 146.0
44 42 99.0 146.0
38 12 95.0 28.0
32 16 14.0 131.0
30 36 91.0 68.0
11 17 175.0 88.0
23 5 188.0 29.0
34 45 95.0 142.0
48 10 113.0 174.0
25 30 69.0 164.0
41 7 130.0 164.0
47 41 150.0 145.0
50 27 136.0 193.0
29 30 161.0 64.0
16 51 164.0 101.0
45 26 199.0 60.0
22 3 103.0 64.0
14 12 12.0 172.0
6 14 77.0 94.0
31 18 196.0 27.0
45 21 147.0 84.0
11 19 48.0 60.0
51 35 98.0 12.0
10 43 88.0 49.0
42 34 68.0 191.0
27 18 66.0 80.0
16 11 38.0 144.0
15 12 75.0 186.0
38 13 54.0 174.0
38 7 165.0 102.0
42 9 153.0 15.0
17 8 53.0 41.0
24 1 22.0 122.0
12 17 106.0 41.0
38 14 48.0 96.0
18 11 156.0 75.0
26 6 75.0 10.0
12 49 32.0 40.0
7 24 22.0 185.0
6 16 104.0 27.0
31 3 17.0 127.0
46 2 137.0 75.0
15 24 165.0 137.0
37 36 109.0 122.0
20 7 99.0 137.0
30 18 128.0 132.0
42 26 160.0 150.0
27 3 164.0 65.0
20 6 39.0 181.0
2 28 121.0 128.0
5 21 184.0 86.0
51 39 198.0 94.0
20 17 42.0 49.0
8 13 49.0 122.0
39 21 51.0 10.0
4 22 184.0 16.0
34 25 187.0 175.0
27 5 137.0 108.0
9 14 105.0 122.0
2 20 104.0 55.0
45 42 63.0 98.0
22 6 41.0 113.0
32 17 149.0 44.0
50 13 177.0 134.0
12 16 120.0 116.0
45 37 191.0 57.0
14 20 133.0 48.0
23 8 2.0 37.0
50 45 198.0 18.0
8 14 55.0 39.0
16 3 164.0 5.0
14 16 58.0 93.0
6 23 22.0 130.0
17 10 59.0 13.0
47 39 122.0 145.0
3 23 77.0 125.0
23 7 33.0 75.0
13 18 136.0 89.0
6 19 198.0 52.0
22 43 41.0 8.0
10 21 91.0 63.0
5 31 100.0 102.0
1 30 160.0 23.0
35 23 108.0 38.0
44 20 173.0 141.0
28 6 82.0 61.0
13 22 117.0 80.0
25 2 116.0 159.0
29 1 7.0 159.0
15 10 46.0 108.0
40 9 147.0 159.0
1 19 82.0 55.0
29 48 194.0 7.0
14 15 111.0 76.0
9 17 95.0 29.0
5 3 126.0 11.0
15 16 70.0 86.0
15 17 100.0 68.0
25 4 116.0 199.0
14 17 191.0 150.0
25 7 38.0 185.0
12 25 110.0 101.0
21 12 71.0 157.0
4 33 89.0 149.0
13 20 129.0 159.0
3 30 114.0 30.0
15 18 183.0 182.0
30 45 143.0 126.0
5 29 18.0 181.0
14 44 152.0 80.0
2 32 187.0 175.0
27 41 151.0 28.0
7 27 46.0 81.0
20 22 174.0 112.0
30 23 32.0 109.0
22 9 69.0 175.0
16 13 82.0 87.0
6 47 108.0 34.0
23 9 115.0 47.0
46 26 151.0 18.0
46 40 134.0 149.0
10 46 111.0 108.0
26 3 136.0 143.0
29 4 162.0 157.0
8 19 122.0 196.0
39 32 74.0 182.0
37 32 31.0 141.0
14 19 73.0 183.0
19 20 78.0 8.0
39 31 55.0 189.0
14 35 100.0 144.0
30 28 87.0 14.0
46 21 15.0 9.0
27 34 137.0 42.0
39 25 32.0 169.0
4 30 155.0 57.0
23 28 135.0 33.0
33 14 76.0 190.0
27 9 14.0 129.0
11 22 86.0 53.0
20 5 51.0 54.0
1 28 180.0 188.0
20 3 175.0 164.0
36 10 2.0 130.0
37 29 173.0 89.0
42 30 147.0 2.0
51 3 154.0 113.0
39 49 84.0 192.0
32 36 139.0 87.0
16 17 78.0 120.0
18 14 151.0 53.0
26 33 146.0 105.0
35 5 91.0 71.0
34 39 191.0 190.0
17 19 87.0 97.0
19 41 107.0 123.0
50 21 87.0 47.0
29 2 176.0 165.0
7 37 62.0 127.0
43 1 59.0 160.0
7 26 52.0 102.0
18 17 165.0 195.0
13 17 27.0 4.0
35 19 175.0 86.0
5 25 130.0 62.0
11 5 56.0 106.0
19 13 110.0 70.0
42 5 45.0 121.0
8 26 70.0 49.0
8 25 24.0 188.0
30 6 24.0 3.0
11 49 163.0 0.0
24 4 76.0 45.0
33 48 47.0 84.0
6 24 156.0 158.0
10 27 149.0 153.0
1 31 27.0 172.0
27 6 88.0 3.0
20 47 129.0 65.0
6 29 72.0 44.0
33 46 177.0 100.0
42 2 180.0 177.0
31 4 178.0 136.0
15 4 125.0 128.0
33 1 195.0 104.0
25 3 68.0 36.0
25 11 164.0 149.0
16 20 149.0 188.0
15 21 30.0 79.0
29 25 116.0 162.0
24 8 61.0 94.0
39 44 137.0 187.0
22 12 38.0 132.0
39 42 18.0 59.0
26 12 139.0 182.0
16 50 94.0 41.0
29 8 85.0 76.0
50 4 71.0 1.0
26 11 133.0 132.0
20 15 49.0 22.0
1 32 66.0 39.0
1 16 49.0 85.0
45 18 117.0 140.0
41 25 154.0 12.0
50 11 181.0 192.0
40 1 120.0 52.0
10 22 168.0 53.0
29 3 75.0 169.0
40 18 162.0 94.0
47 34 70.0 163.0
25 44 45.0 187.0
33 5 43.0 151.0
50 18 167.0 176.0
4 34 34.0 39.0
43 50 78.0 154.0
28 9 55.0 106.0
26 13 143.0 170.0
21 17 33.0 13.0
12 24 131.0 30.0
30 10 40.0 126.0
36 13 70.0 159.0
46 23 153.0 57.0
18 20 115.0 32.0
24 11 171.0 122.0
38 11 173.0 114.0
13 24 119.0 6.0
39 11 79.0 50.0
10 26 104.0 119.0
33 3 114.0 175.0
9 44 71.0 68.0
15 22 82.0 186.0
15 23 32.0 53.0
12 23 83.0 5.0
31 9 174.0 2.0
25 14 179.0 53.0
40 41 12.0 84.0
37 2 32.0 79.0
14 24 38.0 55.0
39 1 45.0 73.0
25 13 158.0 77.0
15 30 140.0 41.0
8 31 6.0 114.0
31 32 134.0 137.0
46 32 48.0 99.0
34 3 27.0 80.0
10 28 180.0 18.0
50 39 86.0 25.0
18 43 15.0 44.0
36 4 189.0 156.0
31 27 35.0 147.0
32 21 187.0 169.0
15 25 43.0 36.0
14 26 27.0 22.0
8 28 188.0 7.0
25 42 5.0 74.0
22 16 78.0 20.0
19 26 191.0 20.0
11 21 45.0 26.0
9 32 63.0 33.0
3 1 14.0 58.0
49 1 45.0 42.0
39 26 156.0 34.0
17 42 24.0 113.0
16 23 88.0 103.0
49 10 165.0 79.0
41 1 47.0 11.0
47 37 21.0 110.0
21 14 2.0 187.0
31 10 73.0 0.0
21 16 169.0 182.0
20 10 178.0 193.0
28 44 44.0 66.0
36 2 14.0 9.0
9 30 8.0 61.0
12 45 81.0 181.0
18 24 43.0 36.0
22 18 133.0 117.0
6 32 20.0 102.0
29 12 176.0 150.0
33 7 164.0 20.0
11 30 174.0 178.0
27 24 170.0 183.0
19 21 157.0 52.0
27 11 36.0 0.0
35 1 2.0 169.0
25 6 163.0 174.0
29 10 112.0 91.0
27 13 65.0 28.0
40 34 46.0 39.0
29 11 63.0 17.0
51 8 176.0 20.0
18 26 89.0 164.0
36 46 59.0 43.0
1 42 126.0 174.0
47 40 92.0 190.0
39 2 172.0 157.0
38 10 31.0 19.0
34 5 166.0 46.0
37 48 174.0 95.0
19 22 82.0 63.0
19 18 151.0 93.0
25 24 170.0 29.0
37 17 12.0 62.0
46 42 176.0 137.0
51 9 196.0 7.0
32 11 9.0 115.0
6 36 65.0 183.0
26 21 15.0 99.0
31 11 131.0 118.0
35 4 97.0 53.0
9 33 119.0 61.0
33 2 113.0 95.0
36 8 154.0 109.0
7 36 134.0 163.0
30 12 8.0 151.0
13 28 0.0 175.0
32 10 160.0 132.0
32 8 121.0 9.0
31 15 93.0 40.0
18 10 79.0 158.0
17 33 52.0 34.0
17 27 183.0 138.0
35 10 192.0 143.0
29 15 191.0 145.0
39 3 61.0 103.0
50 26 20.0 182.0
14 50 107.0 65.0
8 34 54.0 139.0
3 36 88.0 58.0
34 9 122.0 23.0
29 24 80.0 115.0
24 17 0.0 23.0
7 31 55.0 13.0
8 33 77.0 75.0
34 43 33.0 136.0
30 8 9.0 39.0
42 4 75.0 49.0
27 19 82.0 197.0
30 16 28.0 115.0
4 32 165.0 28.0
20 26 7.0 21.0
50 6 63.0 36.0
2 44 106.0 48.0
28 17 1.0 115.0
19 47 31.0 76.0
38 8 133.0 65.0
32 51 166.0 161.0
34 12 88.0 132.0
25 18 75.0 47.0
30 34 95.0 138.0
20 25 161.0 1.0
43 2 12.0 162.0
28 34 128.0 195.0
21 48 106.0 61.0
2 40 16.0 72.0
45 1 99.0 56.0
20 24 119.0 126.0
25 19 4.0 14.0
37 6 29.0 166.0
23 18 22.0 193.0
41 23 39.0 102.0
4 41 49.0 145.0
9 35 103.0 65.0
40 3 139.0 154.0
15 42 124.0 58.0
35 11 99.0 129.0
49 21 180.0 80.0
39 6 150.0 3.0
6 40 117.0 189.0
24 32 112.0 167.0
23 19 134.0 16.0
28 14 43.0 73.0
17 45 51.0 119.0
38 47 52.0 102.0
16 41 127.0 33.0
21 23 172.0 77.0
40 7 19.0 42.0
46 1 161.0 131.0
34 14 59.0 95.0
18 29 129.0 102.0
34 7 17.0 180.0
51 17 22.0 70.0
31 21 177.0 149.0
24 16 192.0 101.0
39 4 151.0 163.0
4 43 106.0 112.0
19 28 72.0 165.0
5 38 38.0 153.0
41 17 16.0 55.0
8 39 90.0 38.0
36 9 31.0 19.0
34 13 59.0 176.0
25 45 177.0 10.0
17 30 189.0 83.0
3 38 116.0 13.0
25 23 110.0 106.0
16 31 174.0 79.0
19 29 75.0 16.0
37 27 119.0 59.0
48 2 29.0 130.0
27 20 17.0 6.0
44 4 155.0 6.0
45 4 110.0 23.0
35 7 143.0 173.0
5 41 185.0 69.0
49 8 74.0 13.0
30 13 135.0 145.0
23 24 185.0 164.0
22 25 41.0 2.0
31 19 54.0 148.0
45 29 22.0 165.0
17 7 46.0 166.0
5 32 111.0 32.0
43 5 99.0 186.0
22 29 128.0 186.0
35 40 32.0 113.0
12 35 190.0 73.0
46 3 64.0 197.0
8 40 148.0 87.0
39 10 194.0 195.0
27 22 18.0 57.0
31 20 45.0 69.0
40 11 38.0 173.0
47 2 137.0 71.0
45 5 191.0 127.0
10 40 14.0 55.0
3 47 42.0 163.0
11 37 44.0 188.0
18 32 113.0 14.0
14 31 120.0 110.0
43 21 2.0 159.0
41 9 84.0 139.0
48 44 196.0 75.0
8 41 134.0 163.0
6 42 28.0 176.0
33 16 173.0 72.0
15 33 156.0 38.0
5 47 165.0 77.0
17 40 8.0 168.0
31 42 48.0 44.0
41 11 22.0 197.0
37 31 83.0 156.0
44 17 122.0 111.0
46 17 116.0 47.0
21 30 48.0 25.0
42 10 168.0 166.0
49 2 164.0 128.0
37 15 24.0 12.0
17 34 102.0 46.0
22 28 55.0 185.0
22 30 40.0 129.0
12 39 111.0 156.0
33 12 198.0 160.0
37 4 29.0 118.0
6 43 61.0 193.0
12 40 72.0 85.0
29 23 89.0 175.0
43 35 76.0 96.0
51 22 146.0 116.0
10 41 168.0 58.0
34 19 145.0 166.0
50 2 116.0 127.0
6 45 160.0 177.0
44 8 150.0 32.0
46 6 88.0 191.0
47 16 185.0 164.0
11 44 20.0 84.0
41 12 166.0 188.0
34 18 16.0 64.0
9 45 179.0 132.0
21 41 198.0 91.0
48 5 127.0 100.0
24 28 59.0 15.0
51 20 196.0 197.0
33 18 171.0 168.0
20 33 143.0 138.0
8 46 158.0 111.0
1 51 112.0 89.0
15 38 85.0 110.0
42 8 44.0 12.0
16 39 88.0 56.0
16 48 25.0 84.0
37 14 165.0 196.0
37 13 174.0 60.0
35 18 185.0 84.0
46 31 174.0 98.0
5 49 164.0 59.0
11 48 80.0 8.0
51 4 64.0 168.0
26 29 11.0 41.0
47 15 120.0 176.0
35 28 165.0 47.0
11 42 181.0 150.0
4 46 12.0 156.0
43 8 36.0 176.0
30 32 97.0 68.0
22 31 79.0 114.0
47 9 154.0 90.0
48 6 22.0 26.0
33 45 71.0 139.0
32 23 62.0 52.0
15 36 3.0 27.0
32 20 23.0 39.0
23 26 198.0 120.0
51 5 194.0 77.0
42 13 87.0 100.0
26 5 146.0 61.0
38 16 61.0 17.0
43 3 84.0 75.0
21 34 62.0 87.0
14 41 150.0 85.0
40 15 186.0 148.0
48 8 86.0 132.0
7 48 83.0 173.0
16 37 14.0 181.0
8 47 29.0 75.0
43 9 2.0 113.0
28 29 111.0 64.0
44 10 120.0 14.0
28 27 50.0 58.0
43 47 189.0 136.0
35 21 84.0 24.0
18 36 188.0 99.0
11 43 176.0 18.0
50 8 83.0 130.0
37 39 66.0 146.0
23 34 106.0 186.0
31 26 119.0 108.0
50 7 8.0 60.0
51 6 60.0 45.0
43 14 199.0 0.0
33 23 148.0 127.0
7 47 90.0 183.0
25 33 156.0 156.0
45 13 69.0 14.0
26 32 78.0 188.0
46 11 82.0 38.0
6 49 79.0 94.0
35 32 2.0 30.0
22 23 119.0 102.0
30 26 180.0 9.0
7 44 8.0 88.0
20 35 56.0 77.0
43 15 0.0 86.0
40 20 54.0 82.0
45 14 92.0 85.0
21 36 41.0 94.0
9 46 48.0 161.0
24 35 47.0 28.0
22 35 157.0 56.0
43 13 98.0 166.0
9 25 168.0 50.0
42 49 194.0 174.0
44 35 38.0 86.0
32 25 55.0 79.0
37 40 161.0 103.0
37 21 59.0 160.0
18 41 73.0 169.0
51 2 5.0 171.0
40 19 125.0 125.0
9 50 121.0 119.0
51 7 190.0 159.0
46 12 121.0 45.0
49 9 98.0 82.0
38 21 134.0 109.0
22 38 17.0 7.0
40 21 9.0 174.0
47 14 163.0 134.0
29 33 15.0 36.0
14 49 155.0 5.0
20 39 121.0 76.0
33 27 133.0 171.0
44 12 19.0 67.0
45 16 124.0 36.0
25 36 165.0 85.0
41 20 165.0 80.0
34 24 138.0 180.0
38 18 2.0 45.0
46 30 185.0 123.0
32 27 88.0 118.0
23 38 86.0 107.0
42 19 176.0 162.0
30 31 120.0 141.0
15 39 196.0 86.0
39 9 155.0 86.0
48 12 39.0 157.0
46 50 37.0 25.0
16 44 6.0 77.0
15 44 52.0 44.0
32 29 139.0 28.0
41 22 130.0 59.0
22 37 33.0 126.0
29 31 16.0 188.0
43 17 150.0 55.0
13 49 10.0 139.0
42 21 65.0 169.0
17 48 33.0 117.0
50 12 35.0 124.0
51 11 10.0 166.0
51 15 93.0 196.0
25 37 2.0 109.0
19 43 13.0 105.0
38 25 29.0 176.0
22 47 166.0 94.0
7 46 35.0 151.0
42 23 129.0 70.0
14 51 141.0 92.0
37 20 138.0 187.0
24 37 107.0 141.0
27 36 67.0 72.0
31 24 7.0 96.0
33 28 104.0 125.0
23 40 169.0 91.0
25 47 117.0 50.0
28 36 183.0 10.0
48 14 7.0 121.0
28 37 115.0 66.0
40 25 55.0 182.0
39 27 132.0 14.0
36 29 81.0 188.0
37 8 74.0 2.0
24 43 47.0 143.0
38 42 129.0 182.0
32 34 53.0 88.0
36 23 130.0 168.0
41 24 32.0 137.0
18 46 108.0 116.0
33 24 13.0 189.0
20 45 33.0 39.0
42 20 142.0 80.0
48 18 46.0 24.0
22 42 188.0 99.0
49 18 64.0 70.0
26 44 9.0 96.0
41 28 108.0 117.0
50 20 158.0 121.0
38 35 148.0 191.0
37 43 85.0 43.0
47 21 156.0 132.0
28 39 198.0 96.0
15 49 30.0 14.0
41 26 143.0 39.0
39 30 96.0 51.0
27 42 167.0 54.0
36 22 130.0 116.0
40 26 60.0 15.0
50 49 157.0 169.0
31 38 38.0 108.0
44 50 63.0 69.0
27 40 12.0 6.0
49 17 31.0 60.0
35 36 17.0 199.0
45 22 87.0 99.0
39 33 156.0 99.0
39 29 97.0 65.0
42 29 70.0 136.0
50 15 185.0 134.0
50 19 130.0 149.0
38 30 187.0 114.0
27 35 93.0 5.0
46 25 62.0 132.0
38 27 186.0 18.0
48 23 34.0 35.0
43 25 9.0 105.0
29 41 194.0 146.0
45 27 89.0 76.0
41 30 37.0 77.0
43 29 91.0 130.0
44 29 110.0 153.0
37 33 147.0 48.0
28 46 168.0 182.0
37 34 39.0 129.0
3 45 17.0 185.0
41 32 82.0 107.0
31 36 164.0 119.0
30 43 108.0 7.0
44 30 112.0 170.0
47 27 43.0 59.0
40 22 117.0 11.0
41 13 166.0 156.0
20 38 193.0 136.0
23 50 64.0 76.0
43 27 149.0 28.0
48 20 62.0 57.0
33 40 185.0 126.0
31 44 156.0 181.0
41 34 164.0 73.0
26 49 156.0 82.0
41 33 32.0 150.0
33 30 192.0 96.0
42 33 171.0 93.0
48 27 166.0 185.0
47 29 33.0 103.0
50 25 29.0 190.0
44 27 18.0 145.0
49 27 73.0 126.0
45 38 60.0 57.0
34 33 28.0 4.0
25 48 152.0 151.0
28 48 36.0 118.0
45 31 50.0 69.0
37 38 191.0 32.0
21 51 176.0 9.0
37 42 156.0 2.0
32 45 18.0 168.0
25 51 52.0 198.0
30 50 127.0 4.0
39 41 38.0 163.0
41 31 58.0 41.0
41 38 23.0 49.0
28 47 112.0 152.0
47 33 61.0 20.0
46 29 35.0 80.0
49 24 191.0 87.0
30 49 66.0 118.0
45 24 118.0 56.0
42 50 15.0 128.0
51 26 77.0 191.0
32 48 85.0 141.0
46 34 166.0 146.0
32 49 117.0 1.0
49 29 37.0 108.0
46 37 155.0 55.0
46 43 32.0 26.0
48 15 83.0 47.0
43 41 71.0 160.0
40 31 134.0 108.0
37 44 115.0 101.0
36 34 42.0 185.0
47 35 132.0 31.0
24 46 37.0 88.0
44 38 63.0 69.0
46 35 152.0 98.0
1 2 145.0 176.0
33 50 79.0 31.0
42 41 125.0 146.0
45 39 34.0 119.0
36 47 49.0 119.0
44 41 43.0 87.0
27 30 93.0 58.0
51 31 141.0 198.0
38 51 32.0 86.0
9 37 150.0 111.0
22 46 93.0 75.0
40 50 166.0 79.0
51 28 191.0 168.0
40 48 182.0 186.0
36 41 197.0 76.0
46 38 74.0 138.0
46 44 58.0 58.0
51 46 199.0 8.0
31 49 121.0 92.0
38 39 31.0 40.0
45 47 80.0 174.0
47 11 186.0 62.0
44 45 16.0 135.0
39 24 116.0 42.0
49 51 199.0 127.0
30 47 2.0 198.0
39 46 105.0 76.0
51 37 89.0 136.0
38 50 43.0 121.0
37 50 38.0 181.0
51 50 95.0 54.0
30 51 144.0 163.0
47 46 171.0 143.0
38 43 101.0 125.0
51 27 55.0 6.0
51 43 193.0 97.0
49 45 133.0 188.0
24 50 37.0 171.0
45 46 29.0 84.0
21 20 174.0 125.0
22 39 68.0 97.0
40 5 2.0 121.0
40 36 45.0 10.0
4 1 131.0 39.0
51 29 136.0 64.0
37 49 140.0 173.0
43 31 143.0 122.0
47 32 146.0 69.0
31 50 86.0 166.0
48 45 68.0 40.0
38 49 188.0 114.0
42 18 187.0 119.0
42 36 138.0 123.0
45 51 145.0 30.0
43 49 113.0 40.0
34 51 124.0 12.0
47 44 119.0 162.0
48 43 184.0 140.0
36 51 114.0 124.0
45 41 147.0 53.0
40 51 158.0 85.0
35 31 33.0 55.0
43 39 76.0 99.0
43 44 183.0 152.0
23 51 11.0 55.0
44 51 26.0 148.0
36 45 112.0 92.0
0
