55 1485 29 22 71275
37 38 40.0 161.0
26 8 89.0 22.0
10 5 53.0 184.0
37 5 56.0 125.0
8 21 128.0 142.0
10 36 94.0 89.0
51 13 64.0 127.0
45 31 80.0 60.0
13 47 29.0 121.0
55 11 90.0 71.0
16 6 13.0 95.0
52 1 74.0 69.0
8 14 48.0 154.0
50 15 171.0 94.0
14 18 24.0 188.0
48 4 131.0 105.0
51 4 191.0 113.0
14 5 5.0 81.0
10 42 131.0 18.0
30 40 183.0 157.0
54 49 2.0 32.0
50 14 103.0 125.0
31 4 79.0 127.0
8 55 184.0 163.0
3 47 188.0 175.0
51 44 51.0 193.0
17 5 85.0 182.0
44 37 158.0 21.0
31 16 14.0 160.0
29 32 136.0 69.0
35 18 113.0 15.0
17 44 96.0 97.0
35 43 114.0 84.0
18 15 169.0 118.0
6 48 101.0 6.0
30 13 51.0 59.0
28 18 68.0 65.0
49 36 9.0 4.0
40 35 17.0 75.0
11 48 156.0 113.0
23 45 29.0 71.0
5 15 124.0 150.0
7 18 137.0 177.0
17 43 169.0 188.0
2 6 19.0 189.0
39 54 129.0 180.0
20 16 114.0 146.0
51 46 177.0 71.0
35 55 140.0 158.0
1 50 28.0 17.0
12 55 2.0 118.0
42 17 192.0 123.0
20 23 157.0 11.0
8 3 22.0 38.0
5 51 179.0 88.0
41 37 6.0 156.0
36 6 192.0 147.0
55 42 42.0 21.0
41 7 94.0 196.0
23 16 14.0 86.0
25 9 42.0 123.0
53 18 41.0 16.0
13 35 144.0 21.0
4 18 173.0 150.0
3 5 20.0 118.0
51 52 76.0 62.0
5 1 131.0 170.0
7 29 67.0 145.0
11 1 100.0 61.0
22 28 130.0 142.0
50 24 102.0 74.0
28 37 137.0 27.0
12 1 191.0 109.0
54 55 170.0 19.0
4 47 66.0 102.0
21 53 8.0 85.0
44 38 51.0 109.0
52 19 62.0 181.0
42 21 10.0 116.0
45 27 10.0 99.0
29 45 182.0 153.0
44 6 68.0 152.0
52 27 168.0 86.0
12 17 74.0 177.0
54 44 47.0 126.0
7 55 159.0 109.0
8 19 51.0 169.0
45 47 67.0 61.0
36 27 115.0 1.0
32 5 158.0 135.0
18 47 118.0 78.0
8 53 63.0 145.0
41 12 38.0 62.0
53 32 149.0 149.0
37 35 175.0 0.0
13 19 74.0 195.0
46 7 23.0 189.0
53 7 15.0 133.0
53 43 41.0 133.0
40 4 17.0 56.0
2 44 184.0 55.0
8 46 143.0 85.0
12 47 120.0 71.0
52 32 183.0 194.0
38 21 165.0 7.0
27 6 60.0 180.0
35 26 124.0 53.0
17 16 149.0 93.0
46 9 22.0 133.0
41 50 133.0 118.0
28 30 108.0 53.0
6 25 69.0 44.0
45 22 97.0 34.0
14 47 48.0 157.0
18 44 80.0 124.0
4 5 5.0 29.0
13 16 175.0 180.0
52 49 143.0 60.0
10 47 46.0 3.0
16 18 152.0 115.0
26 41 146.0 49.0
32 50 100.0 194.0
38 6 147.0 180.0
10 13 108.0 152.0
3 10 163.0 35.0
21 47 21.0 58.0
38 54 27.0 67.0
4 49 63.0 131.0
34 27 1.0 9.0
21 6 14.0 54.0
53 20 168.0 161.0
32 24 25.0 77.0
52 38 28.0 188.0
29 34 122.0 50.0
33 25 25.0 102.0
10 1 137.0 40.0
40 38 106.0 91.0
30 41 87.0 120.0
47 39 128.0 55.0
8 10 145.0 105.0
48 15 157.0 125.0
48 1 56.0 80.0
13 43 49.0 81.0
6 10 134.0 139.0
25 21 33.0 40.0
6 29 106.0 72.0
12 21 45.0 186.0
30 8 161.0 142.0
9 19 182.0 119.0
6 22 192.0 39.0
51 33 52.0 194.0
7 34 70.0 186.0
54 45 90.0 56.0
6 5 190.0 196.0
4 11 125.0 188.0
30 46 117.0 38.0
51 48 146.0 99.0
4 3 145.0 138.0
44 40 109.0 198.0
18 17 180.0 132.0
9 1 7.0 22.0
31 22 133.0 150.0
2 21 85.0 58.0
11 27 171.0 154.0
7 11 18.0 69.0
22 55 11.0 164.0
40 10 61.0 72.0
26 32 166.0 194.0
47 52 69.0 125.0
5 53 45.0 2.0
18 3 90.0 82.0
16 9 18.0 13.0
20 3 42.0 37.0
2 34 37.0 53.0
12 5 69.0 51.0
20 21 130.0 35.0
4 2 105.0 151.0
1 14 10.0 150.0
3 11 178.0 100.0
19 29 119.0 148.0
5 7 188.0 161.0
36 20 157.0 178.0
8 50 78.0 179.0
2 27 191.0 8.0
30 31 172.0 96.0
2 13 183.0 182.0
40 43 109.0 113.0
3 52 94.0 29.0
7 9 89.0 34.0
7 3 1.0 199.0
1 17 19.0 79.0
12 35 176.0 163.0
7 2 17.0 100.0
34 55 194.0 152.0
42 31 15.0 56.0
14 51 77.0 109.0
6 9 136.0 119.0
9 24 101.0 137.0
8 4 144.0 73.0
54 37 159.0 72.0
28 38 58.0 176.0
37 14 74.0 52.0
31 21 24.0 41.0
16 21 125.0 101.0
14 23 106.0 61.0
46 42 90.0 159.0
2 5 127.0 35.0
28 53 20.0 87.0
23 6 190.0 78.0
12 4 41.0 17.0
12 14 88.0 65.0
22 15 159.0 165.0
24 43 134.0 17.0
16 29 49.0 24.0
34 47 85.0 129.0
32 49 103.0 57.0
54 41 79.0 45.0
19 5 161.0 73.0
6 41 138.0 1.0
42 13 5.0 49.0
42 22 76.0 91.0
37 11 11.0 125.0
3 17 150.0 97.0
13 3 110.0 53.0
28 36 60.0 141.0
41 15 42.0 21.0
43 23 18.0 180.0
22 25 87.0 175.0
33 37 193.0 163.0
48 17 61.0 157.0
33 52 174.0 11.0
38 7 154.0 84.0
29 11 35.0 14.0
13 48 49.0 77.0
3 23 103.0 67.0
34 54 85.0 191.0
35 27 43.0 31.0
30 14 99.0 56.0
10 25 106.0 73.0
18 48 6.0 13.0
45 30 126.0 193.0
23 12 81.0 175.0
12 2 119.0 184.0
1 53 51.0 4.0
25 8 85.0 47.0
8 1 73.0 184.0
16 3 62.0 132.0
37 26 53.0 20.0
55 45 43.0 179.0
43 3 117.0 124.0
5 42 44.0 36.0
39 4 174.0 95.0
53 48 60.0 60.0
39 2 73.0 133.0
47 33 124.0 87.0
7 4 39.0 177.0
47 30 63.0 82.0
5 9 70.0 132.0
33 35 160.0 66.0
25 52 46.0 87.0
32 20 54.0 58.0
21 10 53.0 79.0
42 4 76.0 178.0
19 41 156.0 115.0
10 2 32.0 19.0
9 45 80.0 102.0
11 39 139.0 193.0
23 28 138.0 137.0
47 44 178.0 144.0
53 54 5.0 32.0
44 11 72.0 81.0
51 22 182.0 28.0
27 21 6.0 14.0
10 43 129.0 39.0
13 38 71.0 20.0
52 15 147.0 9.0
3 6 101.0 125.0
46 38 174.0 107.0
48 14 85.0 46.0
36 32 83.0 67.0
5 11 34.0 41.0
31 51 140.0 115.0
20 26 80.0 11.0
41 4 54.0 27.0
9 31 159.0 156.0
55 29 134.0 85.0
7 8 140.0 19.0
25 24 40.0 23.0
12 46 174.0 74.0
28 16 114.0 114.0
28 43 74.0 194.0
33 40 33.0 129.0
2 46 45.0 144.0
6 35 103.0 179.0
28 31 173.0 44.0
54 5 60.0 13.0
37 9 86.0 186.0
11 18 107.0 0.0
2 9 84.0 134.0
51 54 103.0 117.0
31 12 152.0 149.0
46 6 154.0 55.0
37 17 19.0 127.0
9 22 59.0 31.0
8 5 11.0 145.0
2 11 151.0 70.0
15 20 116.0 35.0
5 20 119.0 20.0
31 20 7.0 71.0
25 45 32.0 161.0
48 54 105.0 52.0
6 12 162.0 117.0
36 5 26.0 173.0
8 45 156.0 129.0
51 20 20.0 72.0
39 53 185.0 139.0
4 24 15.0 192.0
55 6 76.0 47.0
5 22 175.0 134.0
9 13 44.0 90.0
3 14 129.0 22.0
45 48 60.0 37.0
54 23 89.0 80.0
20 7 120.0 74.0
17 20 80.0 135.0
25 20 70.0 109.0
42 16 25.0 198.0
14 34 15.0 21.0
14 4 163.0 97.0
6 17 64.0 175.0
39 23 55.0 153.0
29 40 17.0 175.0
4 13 75.0 49.0
4 15 182.0 145.0
31 44 103.0 159.0
9 51 87.0 71.0
10 4 171.0 50.0
20 48 155.0 187.0
15 21 114.0 10.0
48 36 70.0 131.0
35 42 195.0 145.0
2 29 197.0 130.0
12 7 122.0 52.0
43 54 198.0 161.0
44 39 50.0 121.0
11 8 124.0 5.0
18 1 73.0 38.0
43 26 103.0 96.0
4 19 194.0 50.0
17 2 127.0 143.0
55 27 148.0 49.0
12 16 115.0 146.0
54 25 65.0 117.0
44 23 130.0 189.0
30 10 193.0 155.0
13 5 4.0 96.0
8 17 33.0 151.0
19 1 53.0 160.0
38 12 114.0 153.0
16 4 48.0 181.0
8 2 151.0 113.0
28 5 13.0 81.0
4 9 87.0 158.0
13 45 189.0 92.0
22 1 183.0 174.0
47 23 84.0 188.0
21 52 124.0 150.0
33 34 63.0 124.0
39 21 57.0 14.0
25 3 30.0 22.0
6 14 179.0 70.0
50 23 138.0 120.0
45 51 150.0 122.0
5 46 134.0 34.0
43 7 196.0 10.0
16 2 104.0 59.0
18 51 73.0 113.0
40 21 12.0 104.0
10 11 149.0 143.0
44 35 149.0 40.0
17 13 197.0 99.0
45 52 76.0 83.0
4 6 194.0 73.0
7 15 58.0 50.0
1 21 86.0 131.0
9 14 15.0 50.0
13 1 153.0 116.0
15 9 73.0 102.0
51 40 95.0 22.0
12 8 14.0 171.0
2 42 132.0 160.0
44 12 47.0 142.0
18 2 26.0 85.0
26 52 79.0 193.0
8 16 44.0 184.0
54 35 89.0 69.0
19 49 33.0 184.0
22 3 100.0 199.0
12 51 41.0 184.0
12 10 50.0 88.0
7 1 70.0 76.0
47 53 95.0 101.0
55 24 102.0 139.0
3 31 22.0 143.0
10 14 104.0 55.0
25 15 147.0 4.0
52 46 89.0 188.0
8 15 124.0 139.0
17 54 63.0 147.0
24 1 74.0 158.0
54 6 67.0 128.0
23 13 118.0 89.0
12 42 42.0 22.0
21 4 69.0 189.0
29 53 138.0 159.0
10 9 7.0 14.0
14 52 8.0 22.0
15 53 152.0 82.0
3 37 97.0 172.0
36 37 138.0 15.0
11 33 13.0 181.0
3 46 85.0 82.0
16 10 153.0 23.0
15 31 62.0 112.0
27 7 65.0 71.0
5 26 153.0 170.0
49 28 55.0 50.0
51 38 17.0 194.0
2 51 173.0 30.0
41 16 93.0 59.0
14 15 54.0 199.0
11 15 128.0 117.0
6 11 121.0 145.0
19 2 18.0 74.0
30 38 117.0 73.0
20 13 101.0 134.0
8 51 188.0 26.0
53 33 192.0 33.0
48 5 48.0 47.0
8 13 150.0 128.0
4 22 53.0 71.0
5 23 151.0 71.0
47 28 21.0 68.0
40 25 7.0 74.0
7 31 53.0 195.0
51 36 162.0 46.0
41 1 165.0 162.0
18 5 17.0 115.0
1 4 106.0 22.0
13 52 114.0 57.0
24 33 59.0 87.0
3 21 55.0 66.0
39 14 103.0 61.0
50 30 111.0 17.0
30 6 65.0 76.0
6 8 140.0 34.0
54 14 20.0 46.0
52 37 101.0 86.0
2 3 69.0 161.0
12 43 100.0 77.0
44 14 139.0 155.0
14 11 53.0 50.0
11 13 80.0 118.0
37 45 54.0 20.0
45 32 71.0 26.0
17 10 160.0 124.0
20 6 173.0 181.0
1 15 58.0 25.0
17 46 145.0 197.0
16 1 162.0 198.0
26 2 146.0 194.0
5 21 189.0 152.0
20 1 107.0 12.0
16 11 130.0 19.0
8 27 39.0 55.0
17 31 160.0 97.0
15 3 70.0 105.0
11 47 170.0 184.0
32 35 1.0 68.0
11 46 178.0 142.0
15 2 42.0 38.0
31 8 64.0 172.0
21 55 22.0 103.0
30 18 23.0 182.0
9 12 195.0 45.0
7 21 172.0 117.0
12 11 106.0 173.0
43 41 108.0 85.0
7 22 111.0 150.0
48 30 143.0 128.0
16 34 16.0 165.0
25 4 38.0 39.0
52 6 82.0 186.0
38 19 28.0 54.0
17 25 198.0 86.0
10 29 115.0 106.0
13 6 131.0 178.0
20 52 191.0 74.0
9 11 130.0 7.0
41 53 76.0 120.0
28 2 103.0 110.0
16 7 3.0 83.0
31 50 189.0 1.0
11 51 43.0 56.0
41 33 7.0 174.0
16 36 87.0 198.0
24 12 33.0 169.0
51 6 41.0 62.0
44 43 110.0 144.0
50 20 184.0 113.0
7 13 145.0 126.0
13 50 99.0 189.0
27 51 167.0 58.0
32 33 59.0 6.0
31 27 172.0 45.0
19 28 118.0 13.0
15 10 120.0 29.0
29 35 140.0 105.0
52 4 40.0 86.0
16 14 191.0 92.0
19 10 58.0 158.0
12 3 174.0 70.0
14 7 62.0 98.0
28 17 53.0 181.0
8 9 12.0 174.0
17 11 18.0 153.0
35 2 83.0 58.0
23 7 160.0 74.0
12 13 12.0 171.0
7 47 145.0 187.0
34 13 82.0 8.0
26 4 73.0 87.0
37 32 7.0 86.0
15 12 58.0 25.0
46 22 48.0 94.0
44 9 191.0 160.0
2 25 158.0 4.0
25 44 32.0 103.0
1 34 129.0 66.0
15 45 155.0 155.0
8 47 60.0 115.0
23 48 14.0 70.0
23 1 67.0 14.0
25 1 142.0 58.0
22 50 30.0 100.0
26 1 138.0 15.0
40 17 23.0 19.0
18 13 155.0 131.0
36 22 199.0 15.0
14 33 19.0 13.0
13 15 39.0 38.0
24 7 108.0 181.0
39 29 20.0 90.0
34 21 159.0 158.0
6 18 126.0 183.0
3 26 72.0 81.0
35 19 154.0 71.0
52 36 40.0 173.0
48 39 66.0 79.0
28 1 75.0 174.0
1 3 33.0 95.0
10 22 13.0 193.0
12 29 40.0 140.0
42 54 10.0 112.0
5 27 12.0 164.0
7 36 85.0 52.0
10 7 17.0 152.0
18 37 92.0 92.0
26 6 170.0 77.0
8 18 34.0 183.0
23 51 48.0 74.0
37 50 175.0 10.0
23 4 96.0 187.0
38 27 22.0 181.0
17 19 73.0 192.0
43 37 59.0 117.0
42 7 74.0 29.0
15 36 71.0 108.0
18 39 193.0 72.0
3 27 149.0 120.0
50 40 26.0 197.0
10 20 28.0 1.0
2 1 180.0 53.0
37 16 158.0 39.0
23 52 38.0 184.0
32 34 178.0 109.0
24 2 102.0 124.0
4 20 25.0 3.0
45 33 106.0 4.0
19 11 50.0 135.0
23 34 83.0 182.0
37 8 28.0 193.0
9 17 181.0 18.0
44 5 51.0 111.0
29 36 29.0 105.0
41 36 136.0 54.0
18 9 46.0 42.0
38 3 69.0 49.0
3 24 29.0 105.0
4 27 48.0 9.0
20 2 3.0 181.0
14 13 119.0 6.0
49 14 160.0 148.0
49 16 135.0 96.0
11 20 85.0 134.0
24 8 138.0 106.0
29 5 20.0 167.0
28 3 194.0 20.0
9 20 14.0 150.0
12 19 175.0 133.0
4 28 95.0 88.0
32 40 58.0 183.0
15 19 48.0 143.0
23 41 18.0 138.0
14 27 27.0 38.0
37 55 94.0 174.0
44 10 108.0 108.0
33 29 4.0 35.0
45 44 72.0 52.0
17 7 87.0 131.0
4 29 156.0 87.0
22 52 90.0 174.0
6 15 70.0 117.0
55 4 189.0 164.0
6 19 152.0 97.0
34 5 149.0 108.0
49 11 20.0 22.0
24 6 51.0 107.0
31 2 56.0 7.0
18 12 57.0 146.0
28 6 123.0 79.0
9 21 178.0 112.0
26 7 190.0 82.0
53 49 5.0 140.0
18 10 51.0 177.0
20 12 46.0 102.0
23 11 157.0 54.0
52 31 95.0 166.0
24 21 179.0 18.0
42 53 62.0 109.0
2 32 192.0 4.0
21 13 190.0 150.0
7 48 125.0 193.0
15 29 100.0 172.0
1 27 106.0 57.0
30 26 99.0 1.0
47 27 14.0 78.0
23 2 0.0 28.0
34 9 170.0 144.0
53 50 36.0 113.0
11 21 138.0 113.0
24 11 168.0 39.0
7 25 195.0 74.0
40 48 197.0 94.0
19 20 155.0 163.0
32 3 99.0 155.0
28 8 106.0 21.0
19 16 120.0 94.0
10 23 51.0 11.0
11 38 109.0 20.0
38 5 178.0 56.0
40 46 24.0 175.0
4 32 42.0 180.0
8 20 12.0 141.0
40 28 86.0 118.0
14 2 42.0 158.0
49 30 18.0 93.0
25 12 126.0 80.0
46 47 34.0 104.0
1 31 65.0 10.0
24 10 158.0 107.0
8 23 17.0 170.0
33 3 164.0 55.0
41 55 130.0 158.0
29 49 59.0 149.0
13 24 181.0 185.0
11 25 156.0 167.0
42 33 44.0 22.0
29 8 198.0 154.0
48 32 197.0 15.0
5 52 26.0 161.0
38 2 172.0 157.0
50 9 143.0 31.0
50 7 156.0 124.0
34 12 179.0 113.0
32 51 189.0 176.0
32 23 50.0 187.0
55 50 28.0 47.0
33 6 14.0 54.0
28 9 58.0 187.0
40 24 108.0 153.0
9 26 45.0 17.0
29 21 94.0 24.0
3 29 185.0 35.0
30 1 194.0 36.0
30 5 106.0 174.0
39 24 131.0 73.0
43 51 13.0 141.0
17 15 65.0 74.0
28 27 150.0 110.0
34 3 190.0 45.0
15 16 26.0 127.0
22 11 136.0 172.0
39 27 51.0 42.0
38 36 119.0 134.0
18 34 158.0 84.0
1 32 152.0 23.0
17 22 174.0 102.0
16 22 116.0 116.0
5 31 187.0 143.0
2 22 62.0 123.0
30 23 93.0 65.0
46 28 112.0 164.0
6 34 7.0 70.0
38 22 160.0 159.0
14 21 9.0 135.0
51 39 197.0 77.0
43 16 159.0 136.0
19 40 54.0 173.0
49 7 65.0 147.0
10 27 75.0 178.0
7 51 70.0 82.0
5 16 34.0 31.0
2 33 23.0 195.0
30 3 121.0 172.0
19 34 133.0 80.0
5 41 48.0 139.0
47 9 139.0 65.0
9 29 13.0 166.0
27 16 146.0 35.0
19 22 104.0 181.0
4 17 58.0 127.0
36 1 95.0 179.0
6 45 80.0 180.0
30 11 13.0 80.0
29 1 12.0 104.0
37 2 137.0 177.0
17 23 17.0 35.0
20 18 167.0 121.0
25 13 146.0 25.0
11 45 61.0 193.0
21 32 32.0 93.0
42 9 108.0 45.0
33 1 59.0 72.0
26 10 44.0 148.0
28 11 197.0 61.0
7 28 1.0 164.0
38 1 83.0 100.0
32 11 162.0 96.0
33 5 169.0 194.0
14 17 32.0 78.0
30 4 113.0 44.0
4 33 118.0 157.0
22 14 185.0 115.0
30 9 134.0 138.0
26 12 120.0 169.0
30 7 55.0 34.0
35 1 72.0 25.0
9 23 63.0 105.0
19 14 109.0 176.0
32 7 126.0 27.0
26 11 7.0 63.0
4 36 147.0 142.0
26 15 76.0 67.0
55 52 87.0 83.0
24 15 4.0 160.0
18 23 73.0 68.0
54 2 163.0 182.0
27 9 137.0 41.0
14 20 30.0 145.0
34 43 98.0 178.0
16 53 79.0 126.0
30 12 132.0 119.0
24 16 137.0 89.0
54 3 118.0 10.0
4 34 35.0 33.0
22 20 11.0 173.0
47 54 189.0 42.0
27 13 107.0 39.0
33 7 20.0 139.0
16 25 149.0 153.0
19 18 89.0 86.0
8 33 104.0 7.0
26 14 101.0 92.0
35 4 199.0 112.0
48 52 44.0 188.0
23 15 48.0 151.0
27 12 24.0 68.0
9 32 141.0 125.0
38 10 118.0 182.0
26 13 159.0 175.0
43 5 49.0 60.0
14 25 123.0 48.0
21 18 61.0 167.0
40 16 66.0 61.0
54 11 165.0 91.0
4 37 23.0 59.0
28 12 97.0 93.0
22 8 165.0 56.0
24 14 75.0 14.0
31 41 128.0 198.0
29 14 125.0 141.0
41 2 53.0 191.0
15 27 140.0 170.0
38 4 87.0 115.0
19 25 158.0 185.0
35 3 69.0 123.0
18 50 7.0 144.0
22 44 12.0 87.0
35 5 0.0 89.0
15 28 68.0 53.0
8 35 174.0 161.0
54 32 28.0 62.0
43 25 67.0 186.0
28 52 54.0 136.0
32 8 159.0 13.0
31 46 36.0 124.0
10 31 64.0 36.0
22 13 66.0 85.0
47 22 71.0 40.0
40 15 112.0 100.0
39 34 46.0 179.0
3 39 155.0 52.0
48 12 75.0 66.0
44 41 151.0 63.0
32 6 2.0 16.0
4 44 159.0 20.0
10 32 173.0 183.0
33 36 121.0 85.0
14 42 125.0 167.0
34 15 183.0 32.0
40 3 156.0 58.0
3 36 197.0 59.0
53 51 18.0 152.0
26 48 179.0 177.0
33 10 53.0 105.0
31 23 21.0 174.0
22 18 194.0 98.0
34 8 102.0 177.0
42 3 23.0 10.0
12 32 185.0 21.0
18 25 177.0 3.0
33 43 35.0 109.0
39 30 40.0 88.0
52 10 67.0 13.0
39 1 171.0 62.0
31 13 177.0 25.0
37 31 143.0 0.0
11 31 2.0 80.0
34 10 196.0 131.0
24 31 13.0 183.0
35 7 163.0 53.0
28 13 96.0 182.0
12 45 126.0 19.0
29 31 71.0 103.0
48 9 137.0 166.0
17 27 175.0 91.0
21 49 50.0 123.0
2 36 118.0 63.0
23 19 118.0 33.0
17 26 19.0 14.0
17 24 152.0 145.0
19 26 15.0 175.0
34 52 132.0 153.0
33 9 71.0 108.0
55 44 83.0 121.0
33 31 171.0 153.0
3 41 142.0 42.0
54 24 117.0 161.0
50 27 129.0 69.0
20 24 9.0 145.0
13 29 126.0 142.0
42 38 66.0 197.0
13 37 179.0 101.0
38 8 62.0 103.0
50 46 97.0 4.0
1 37 100.0 15.0
24 27 129.0 29.0
32 25 19.0 90.0
24 5 23.0 145.0
42 6 76.0 41.0
14 28 126.0 55.0
24 18 92.0 188.0
36 18 9.0 189.0
15 32 132.0 61.0
39 6 26.0 13.0
24 19 193.0 45.0
22 21 26.0 16.0
5 39 155.0 102.0
40 6 99.0 81.0
21 26 28.0 191.0
25 5 74.0 189.0
40 31 34.0 158.0
9 35 157.0 60.0
24 22 67.0 151.0
39 50 37.0 45.0
33 16 128.0 145.0
6 31 134.0 28.0
28 10 13.0 162.0
37 6 194.0 40.0
19 27 142.0 28.0
45 2 53.0 51.0
30 17 146.0 72.0
30 16 51.0 184.0
29 18 83.0 131.0
40 5 107.0 18.0
8 36 35.0 73.0
23 22 85.0 29.0
35 10 89.0 27.0
23 21 149.0 94.0
31 14 11.0 48.0
20 28 157.0 14.0
16 52 172.0 193.0
35 11 188.0 32.0
18 27 75.0 24.0
14 32 137.0 161.0
18 26 170.0 179.0
17 29 61.0 120.0
33 49 180.0 72.0
7 37 169.0 137.0
18 31 90.0 141.0
1 42 37.0 31.0
36 11 152.0 64.0
46 1 180.0 90.0
15 30 145.0 150.0
40 13 86.0 6.0
48 10 46.0 66.0
10 37 151.0 15.0
39 20 84.0 193.0
40 9 17.0 73.0
8 41 44.0 121.0
23 25 41.0 24.0
26 22 79.0 186.0
43 6 91.0 117.0
33 30 38.0 90.0
27 20 82.0 141.0
10 50 1.0 118.0
4 43 190.0 18.0
39 7 52.0 34.0
9 36 87.0 45.0
48 27 38.0 166.0
46 4 96.0 81.0
1 47 64.0 86.0
36 13 43.0 98.0
12 36 73.0 44.0
53 3 145.0 63.0
13 32 57.0 149.0
2 40 149.0 144.0
42 8 2.0 139.0
40 7 71.0 99.0
55 33 21.0 87.0
31 19 31.0 17.0
45 1 67.0 56.0
11 34 30.0 164.0
32 16 86.0 87.0
3 9 38.0 35.0
5 45 97.0 193.0
1 43 44.0 120.0
52 18 50.0 66.0
48 2 99.0 81.0
42 50 124.0 118.0
17 51 34.0 154.0
39 10 113.0 120.0
40 49 127.0 104.0
41 18 135.0 177.0
26 24 74.0 179.0
12 37 154.0 125.0
32 17 81.0 53.0
16 26 9.0 5.0
29 20 12.0 43.0
28 21 34.0 77.0
2 43 59.0 114.0
12 33 123.0 194.0
23 26 149.0 150.0
14 41 107.0 55.0
23 27 33.0 188.0
8 40 96.0 194.0
20 30 11.0 60.0
3 45 130.0 198.0
17 50 101.0 189.0
38 14 199.0 177.0
33 48 87.0 101.0
20 47 139.0 195.0
48 49 154.0 173.0
30 2 35.0 2.0
44 1 15.0 199.0
17 34 71.0 145.0
34 50 120.0 124.0
22 54 34.0 71.0
40 12 134.0 121.0
32 19 50.0 26.0
23 55 133.0 5.0
44 33 28.0 169.0
27 22 22.0 43.0
33 17 82.0 45.0
47 5 49.0 154.0
36 31 107.0 35.0
3 44 183.0 194.0
43 8 181.0 33.0
25 27 41.0 114.0
25 26 172.0 21.0
39 9 24.0 146.0
19 7 185.0 58.0
10 41 39.0 186.0
19 30 140.0 99.0
1 49 59.0 123.0
41 9 188.0 40.0
42 11 1.0 181.0
12 39 97.0 125.0
43 9 82.0 74.0
24 29 78.0 19.0
35 16 135.0 70.0
47 2 13.0 27.0
29 22 183.0 24.0
21 30 13.0 171.0
41 11 17.0 166.0
15 42 183.0 114.0
18 33 128.0 17.0
25 28 170.0 159.0
48 3 30.0 105.0
41 40 68.0 196.0
19 33 148.0 51.0
30 53 64.0 114.0
28 24 138.0 81.0
18 32 190.0 73.0
8 39 161.0 119.0
36 17 131.0 131.0
44 7 113.0 113.0
23 24 58.0 181.0
29 26 23.0 158.0
22 32 84.0 87.0
16 46 29.0 174.0
40 1 3.0 19.0
51 1 27.0 116.0
11 43 83.0 110.0
38 15 107.0 196.0
50 5 119.0 117.0
35 17 167.0 94.0
19 36 5.0 4.0
53 2 168.0 186.0
25 29 173.0 124.0
2 50 121.0 0.0
20 34 75.0 156.0
45 7 171.0 135.0
6 47 44.0 42.0
48 42 85.0 163.0
33 20 122.0 90.0
39 15 76.0 42.0
12 22 187.0 2.0
20 43 151.0 60.0
23 29 103.0 26.0
52 2 156.0 74.0
35 20 102.0 0.0
44 8 25.0 187.0
25 30 181.0 99.0
25 31 198.0 58.0
35 14 171.0 185.0
33 23 31.0 122.0
33 13 185.0 134.0
38 17 36.0 141.0
41 13 184.0 90.0
55 1 93.0 161.0
34 22 71.0 75.0
20 41 166.0 69.0
35 21 111.0 137.0
43 47 115.0 143.0
52 35 77.0 52.0
41 17 18.0 65.0
2 49 2.0 155.0
14 40 198.0 47.0
53 4 35.0 21.0
17 39 8.0 153.0
45 10 101.0 120.0
52 41 164.0 168.0
51 3 186.0 194.0
46 10 159.0 157.0
16 39 153.0 113.0
22 33 165.0 103.0
8 48 146.0 152.0
6 50 71.0 155.0
24 30 48.0 172.0
18 38 190.0 165.0
16 38 184.0 129.0
29 27 186.0 143.0
1 54 34.0 91.0
20 37 156.0 152.0
44 50 46.0 102.0
36 55 157.0 117.0
49 47 182.0 158.0
3 50 151.0 125.0
49 6 52.0 135.0
37 19 42.0 190.0
18 40 8.0 28.0
26 31 4.0 116.0
28 29 47.0 50.0
46 35 169.0 156.0
24 34 46.0 103.0
40 20 175.0 197.0
13 39 126.0 180.0
39 26 155.0 120.0
14 43 33.0 163.0
49 10 166.0 38.0
22 35 183.0 165.0
51 35 72.0 104.0
16 44 34.0 70.0
4 50 23.0 9.0
18 42 67.0 149.0
36 21 164.0 22.0
13 46 52.0 198.0
36 23 125.0 19.0
54 27 140.0 108.0
8 49 103.0 165.0
24 46 113.0 89.0
6 53 159.0 136.0
28 26 104.0 178.0
7 52 183.0 20.0
23 35 13.0 35.0
37 21 139.0 90.0
27 26 105.0 79.0
36 42 88.0 160.0
25 35 87.0 154.0
26 33 92.0 198.0
35 24 92.0 148.0
46 14 20.0 75.0
27 32 97.0 185.0
44 15 12.0 188.0
49 5 141.0 70.0
15 33 48.0 182.0
39 22 132.0 87.0
21 41 163.0 176.0
53 37 191.0 55.0
33 27 135.0 164.0
30 29 15.0 185.0
20 54 107.0 180.0
30 27 10.0 48.0
52 8 64.0 10.0
43 19 1.0 148.0
42 19 149.0 116.0
38 20 149.0 93.0
16 45 104.0 84.0
37 24 39.0 120.0
54 46 188.0 146.0
34 26 86.0 150.0
34 25 152.0 151.0
32 42 98.0 105.0
43 15 184.0 0.0
42 44 103.0 133.0
54 7 12.0 7.0
13 44 34.0 52.0
47 31 185.0 175.0
53 9 179.0 72.0
25 36 1.0 83.0
23 37 58.0 100.0
55 3 9.0 43.0
49 17 95.0 64.0
8 54 138.0 59.0
28 35 35.0 124.0
19 39 111.0 20.0
41 38 63.0 42.0
43 46 46.0 65.0
45 18 130.0 104.0
55 9 114.0 92.0
15 37 174.0 9.0
46 19 84.0 112.0
53 10 146.0 119.0
22 40 113.0 9.0
38 24 3.0 177.0
12 50 147.0 1.0
19 44 80.0 29.0
52 12 185.0 194.0
28 34 10.0 160.0
10 51 59.0 94.0
53 11 102.0 157.0
55 5 193.0 15.0
32 28 100.0 148.0
45 14 1.0 199.0
55 2 69.0 33.0
36 26 132.0 55.0
33 28 62.0 143.0
49 9 5.0 73.0
23 38 164.0 107.0
36 40 121.0 157.0
13 49 109.0 173.0
10 54 71.0 63.0
38 25 8.0 141.0
44 32 114.0 141.0
17 47 106.0 128.0
23 42 84.0 63.0
12 49 135.0 48.0
33 21 168.0 8.0
45 19 174.0 77.0
37 25 60.0 46.0
47 16 17.0 69.0
24 41 50.0 83.0
11 40 127.0 108.0
30 36 103.0 12.0
41 22 91.0 38.0
24 44 33.0 11.0
22 37 134.0 159.0
34 30 122.0 146.0
35 30 31.0 91.0
9 54 127.0 81.0
42 24 105.0 7.0
45 35 160.0 8.0
21 45 1.0 4.0
32 46 175.0 34.0
44 21 38.0 61.0
23 40 48.0 160.0
27 37 153.0 79.0
25 39 118.0 32.0
30 32 121.0 175.0
16 54 194.0 81.0
53 12 81.0 195.0
20 45 109.0 8.0
54 26 79.0 147.0
14 36 5.0 79.0
11 50 43.0 110.0
18 49 31.0 113.0
43 18 49.0 152.0
12 54 156.0 43.0
22 30 76.0 189.0
4 54 148.0 137.0
31 35 49.0 180.0
17 45 113.0 7.0
9 38 146.0 108.0
52 17 3.0 177.0
27 41 84.0 52.0
15 49 90.0 192.0
53 14 58.0 118.0
54 13 198.0 6.0
40 39 93.0 199.0
18 46 72.0 6.0
11 52 192.0 19.0
37 30 100.0 147.0
34 45 145.0 184.0
55 10 84.0 187.0
47 19 40.0 142.0
46 21 61.0 38.0
48 16 189.0 154.0
46 20 72.0 61.0
25 41 19.0 16.0
25 55 107.0 119.0
31 32 114.0 4.0
50 19 46.0 198.0
15 51 16.0 86.0
26 42 31.0 77.0
46 23 109.0 172.0
25 42 76.0 133.0
39 28 199.0 95.0
15 47 181.0 106.0
40 27 159.0 47.0
38 31 5.0 5.0
35 15 82.0 22.0
31 34 33.0 65.0
48 22 180.0 94.0
42 29 146.0 9.0
16 51 148.0 146.0
55 14 198.0 81.0
42 28 72.0 110.0
29 41 64.0 30.0
42 40 30.0 98.0
42 20 91.0 63.0
51 19 81.0 71.0
26 44 20.0 28.0
49 22 112.0 168.0
41 45 197.0 63.0
51 21 57.0 22.0
53 55 103.0 73.0
36 34 15.0 134.0
45 26 40.0 106.0
13 55 149.0 121.0
15 55 51.0 169.0
25 46 6.0 116.0
48 21 21.0 155.0
38 33 48.0 78.0
34 49 141.0 152.0
9 52 161.0 157.0
27 43 199.0 1.0
48 24 108.0 148.0
15 54 99.0 111.0
53 17 50.0 57.0
32 39 62.0 24.0
19 53 76.0 111.0
27 42 32.0 169.0
44 20 144.0 193.0
55 17 39.0 143.0
36 35 141.0 99.0
39 31 25.0 40.0
47 25 197.0 28.0
15 46 5.0 11.0
31 43 64.0 33.0
40 26 142.0 49.0
54 18 127.0 87.0
37 34 106.0 119.0
24 36 44.0 47.0
28 44 172.0 22.0
24 45 152.0 121.0
29 46 160.0 110.0
38 29 96.0 177.0
20 49 84.0 39.0
13 53 57.0 163.0
24 49 143.0 115.0
26 38 138.0 139.0
38 35 195.0 62.0
55 19 17.0 100.0
55 18 75.0 130.0
30 43 156.0 171.0
34 38 105.0 40.0
32 38 5.0 115.0
41 51 195.0 100.0
32 41 3.0 133.0
55 20 164.0 198.0
44 29 199.0 182.0
49 23 166.0 26.0
34 41 56.0 74.0
19 54 153.0 113.0
39 36 11.0 110.0
28 48 156.0 6.0
50 25 50.0 111.0
26 46 123.0 167.0
53 23 20.0 75.0
39 33 88.0 138.0
47 29 12.0 144.0
24 53 100.0 165.0
42 34 49.0 63.0
43 29 86.0 157.0
54 21 106.0 89.0
53 52 89.0 181.0
53 22 74.0 110.0
40 37 113.0 162.0
40 34 43.0 77.0
24 47 105.0 95.0
34 44 58.0 154.0
39 35 47.0 145.0
48 31 61.0 105.0
42 30 103.0 150.0
26 50 61.0 177.0
49 42 178.0 126.0
45 28 168.0 21.0
27 49 20.0 26.0
29 48 161.0 78.0
21 19 127.0 8.0
25 49 107.0 188.0
26 47 150.0 10.0
49 26 68.0 163.0
30 44 131.0 46.0
53 26 44.0 52.0
51 29 117.0 64.0
16 50 158.0 78.0
22 43 184.0 38.0
46 34 6.0 91.0
36 45 125.0 109.0
26 51 176.0 193.0
25 53 8.0 59.0
28 50 53.0 5.0
52 29 104.0 122.0
36 43 187.0 14.0
46 33 45.0 123.0
55 26 100.0 51.0
27 46 14.0 177.0
41 39 99.0 190.0
42 41 79.0 60.0
32 47 6.0 84.0
39 42 3.0 62.0
51 28 100.0 142.0
53 27 112.0 145.0
54 29 100.0 165.0
48 35 46.0 114.0
36 46 132.0 97.0
49 31 122.0 163.0
35 47 165.0 81.0
38 45 115.0 120.0
39 43 6.0 15.0
50 33 158.0 70.0
48 25 122.0 10.0
44 36 147.0 120.0
37 47 190.0 32.0
55 32 157.0 112.0
48 34 0.0 74.0
48 37 165.0 68.0
46 39 135.0 123.0
28 55 9.0 46.0
24 52 111.0 83.0
54 30 65.0 11.0
38 39 3.0 55.0
37 39 185.0 113.0
34 51 58.0 138.0
25 51 190.0 24.0
31 55 189.0 78.0
29 50 123.0 150.0
37 49 113.0 186.0
47 38 113.0 179.0
39 45 31.0 116.0
42 52 172.0 16.0
53 34 103.0 30.0
34 35 106.0 45.0
51 24 47.0 95.0
37 51 28.0 122.0
35 49 172.0 141.0
48 43 3.0 37.0
45 43 165.0 34.0
55 30 8.0 89.0
30 51 173.0 111.0
38 43 184.0 79.0
31 53 31.0 184.0
49 41 60.0 59.0
36 47 82.0 184.0
53 36 84.0 85.0
39 49 166.0 2.0
40 45 86.0 174.0
50 43 42.0 60.0
54 36 177.0 178.0
50 38 47.0 9.0
42 45 92.0 108.0
38 48 103.0 174.0
50 36 145.0 139.0
49 38 108.0 63.0
41 46 196.0 194.0
54 28 171.0 190.0
50 45 20.0 101.0
47 41 104.0 68.0
40 47 160.0 149.0
41 48 190.0 15.0
48 55 169.0 87.0
41 28 81.0 29.0
44 48 165.0 77.0
52 40 32.0 137.0
49 46 72.0 53.0
55 47 86.0 129.0
46 44 125.0 46.0
53 44 192.0 68.0
51 47 64.0 114.0
40 53 149.0 145.0
44 52 54.0 115.0
55 39 135.0 86.0
54 33 94.0 8.0
52 39 117.0 132.0
47 48 24.0 195.0
37 42 160.0 17.0
49 45 132.0 176.0
50 48 98.0 34.0
35 53 194.0 152.0
42 51 147.0 82.0
38 55 198.0 193.0
1 6 50.0 68.0
53 38 49.0 74.0
49 51 152.0 9.0
50 49 153.0 37.0
52 43 11.0 51.0
31 54 125.0 6.0
54 50 27.0 24.0
55 46 61.0 26.0
43 32 151.0 63.0
6 7 91.0 152.0
49 44 107.0 195.0
48 19 63.0 60.0
49 55 27.0 74.0
21 43 12.0 104.0
30 52 2.0 39.0
21 50 96.0 15.0
52 54 124.0 47.0
52 50 149.0 15.0
43 49 116.0 8.0
41 35 3.0 179.0
37 46 151.0 182.0
21 17 110.0 163.0
45 4 121.0 113.0
44 27 131.0 17.0
35 50 31.0 8.0
55 40 31.0 132.0
43 42 134.0 147.0
3 19 94.0 89.0
46 53 170.0 197.0
51 55 86.0 80.0
16 55 182.0 159.0
54 40 41.0 66.0
53 45 63.0 72.0
42 47 36.0 94.0
29 37 58.0 122.0
55 43 4.0 104.0
50 51 1.0 126.0
3 49 175.0 87.0
47 50 82.0 158.0
46 48 70.0 123.0
46 45 99.0 85.0
0
