52 1326 40 23 122773
40 26 18.0 46.0
27 11 177.0 109.0
39 21 20.0 54.0
35 36 123.0 173.0
24 18 193.0 81.0
2 5 34.0 0.0
37 24 171.0 96.0
37 9 67.0 91.0
11 2 60.0 85.0
40 39 1.0 189.0
36 12 65.0 173.0
23 7 137.0 141.0
24 27 33.0 83.0
31 24 154.0 67.0
48 8 143.0 77.0
44 17 33.0 10.0
46 8 36.0 94.0
23 16 13.0 189.0
4 20 117.0 30.0
2 4 125.0 7.0
30 31 171.0 158.0
30 38 24.0 77.0
21 7 163.0 167.0
51 14 35.0 197.0
50 28 27.0 71.0
19 10 109.0 40.0
5 51 189.0 27.0
31 47 91.0 66.0
1 37 153.0 15.0
50 17 45.0 130.0
52 42 25.0 9.0
32 19 12.0 61.0
22 21 183.0 39.0
6 52 177.0 93.0
26 37 47.0 167.0
7 50 86.0 139.0
11 35 163.0 191.0
27 46 149.0 161.0
36 31 6.0 127.0
7 5 33.0 18.0
21 46 26.0 16.0
21 50 141.0 3.0
10 27 191.0 189.0
1 45 70.0 77.0
3 10 184.0 185.0
3 23 169.0 86.0
29 10 148.0 175.0
34 50 81.0 133.0
19 7 42.0 107.0
4 16 97.0 136.0
4 11 45.0 40.0
34 3 143.0 115.0
12 26 137.0 79.0
24 46 68.0 107.0
31 7 35.0 168.0
33 51 182.0 117.0
33 49 71.0 25.0
12 30 177.0 168.0
19 6 147.0 22.0
8 27 74.0 42.0
9 6 142.0 11.0
20 39 121.0 162.0
46 4 181.0 109.0
2 7 141.0 163.0
31 45 194.0 12.0
11 1 195.0 123.0
27 18 77.0 142.0
20 25 82.0 151.0
51 39 49.0 177.0
26 48 34.0 170.0
51 8 55.0 15.0
42 51 12.0 196.0
20 6 28.0 158.0
1 6 188.0 24.0
27 47 70.0 65.0
48 41 113.0 104.0
27 38 11.0 162.0
34 9 43.0 197.0
17 21 173.0 99.0
20 48 70.0 137.0
1 16 102.0 98.0
7 1 11.0 90.0
34 20 96.0 33.0
36 14 6.0 161.0
28 16 192.0 17.0
24 12 123.0 35.0
32 27 26.0 97.0
23 27 142.0 96.0
19 48 114.0 45.0
34 12 14.0 77.0
32 47 70.0 110.0
37 48 171.0 76.0
39 43 106.0 115.0
30 39 144.0 29.0
14 27 75.0 123.0
30 28 99.0 169.0
51 15 140.0 13.0
27 16 49.0 106.0
38 22 153.0 71.0
45 25 139.0 76.0
43 4 159.0 45.0
43 47 35.0 103.0
22 43 122.0 110.0
47 4 68.0 21.0
19 43 100.0 160.0
34 28 183.0 149.0
49 25 28.0 136.0
25 50 18.0 119.0
29 41 50.0 177.0
36 42 0.0 37.0
8 44 161.0 122.0
48 32 177.0 30.0
22 3 111.0 29.0
10 5 197.0 46.0
11 5 23.0 178.0
12 14 104.0 193.0
3 40 157.0 106.0
5 9 119.0 109.0
11 3 126.0 81.0
7 44 111.0 55.0
4 8 167.0 174.0
7 33 117.0 116.0
48 47 102.0 92.0
9 10 158.0 158.0
25 34 164.0 67.0
18 45 108.0 84.0
20 10 37.0 35.0
29 27 89.0 100.0
48 40 141.0 8.0
20 2 50.0 58.0
8 6 163.0 105.0
4 13 196.0 121.0
5 45 97.0 113.0
37 10 75.0 6.0
47 30 150.0 64.0
32 10 10.0 191.0
25 21 39.0 152.0
50 31 48.0 42.0
10 8 53.0 164.0
31 22 99.0 1.0
15 31 94.0 196.0
40 47 185.0 122.0
52 11 31.0 135.0
48 4 47.0 41.0
24 14 108.0 87.0
45 50 173.0 156.0
33 45 94.0 26.0
15 40 136.0 193.0
19 3 13.0 182.0
25 33 196.0 199.0
44 51 50.0 27.0
2 13 196.0 98.0
3 50 74.0 104.0
23 42 46.0 47.0
34 26 43.0 92.0
41 15 50.0 179.0
17 3 28.0 64.0
11 8 13.0 176.0
4 6 19.0 64.0
33 27 142.0 167.0
24 9 69.0 16.0
26 32 170.0 115.0
33 40 44.0 14.0
2 6 177.0 47.0
8 20 78.0 158.0
14 1 131.0 91.0
47 16 18.0 102.0
42 31 168.0 112.0
15 17 131.0 37.0
48 9 135.0 101.0
25 52 61.0 131.0
6 27 72.0 191.0
46 10 119.0 150.0
36 7 29.0 3.0
50 22 67.0 199.0
52 44 69.0 187.0
8 42 190.0 152.0
50 23 97.0 77.0
50 6 38.0 159.0
32 23 29.0 63.0
8 30 190.0 100.0
10 2 157.0 172.0
22 28 136.0 176.0
2 8 130.0 158.0
45 39 174.0 121.0
37 15 190.0 71.0
48 15 147.0 180.0
13 36 87.0 128.0
42 25 168.0 30.0
25 35 197.0 77.0
3 14 160.0 133.0
42 24 61.0 91.0
39 17 70.0 187.0
7 16 74.0 12.0
13 3 30.0 173.0
33 34 149.0 69.0
9 7 117.0 118.0
10 40 179.0 66.0
6 3 170.0 139.0
12 35 149.0 183.0
27 28 13.0 20.0
19 5 31.0 39.0
2 17 70.0 13.0
50 32 146.0 19.0
7 34 188.0 16.0
50 35 86.0 167.0
23 39 30.0 8.0
50 44 91.0 179.0
47 8 104.0 56.0
13 44 17.0 136.0
4 3 172.0 87.0
9 36 119.0 71.0
17 52 33.0 59.0
1 10 108.0 119.0
33 32 29.0 90.0
52 30 193.0 121.0
38 34 61.0 98.0
2 19 132.0 78.0
48 43 72.0 57.0
26 5 125.0 143.0
4 31 40.0 159.0
49 23 168.0 100.0
7 8 37.0 198.0
45 36 137.0 30.0
6 10 73.0 150.0
23 45 106.0 158.0
11 48 75.0 130.0
52 22 62.0 153.0
28 37 111.0 54.0
35 16 108.0 79.0
11 7 13.0 145.0
49 17 197.0 102.0
21 5 27.0 70.0
26 41 83.0 133.0
36 40 138.0 159.0
13 1 67.0 0.0
13 8 22.0 178.0
12 6 163.0 131.0
28 29 35.0 129.0
45 52 117.0 32.0
33 24 21.0 96.0
12 2 183.0 104.0
41 40 84.0 121.0
5 13 159.0 103.0
2 50 195.0 134.0
39 34 81.0 110.0
38 24 154.0 117.0
24 2 163.0 23.0
1 8 96.0 136.0
9 29 48.0 79.0
20 1 191.0 84.0
15 36 59.0 151.0
14 5 166.0 6.0
43 42 147.0 48.0
13 26 35.0 101.0
3 33 79.0 150.0
16 51 199.0 127.0
28 7 39.0 47.0
10 11 89.0 30.0
4 10 146.0 100.0
7 12 120.0 113.0
37 42 188.0 20.0
13 6 152.0 176.0
9 3 97.0 183.0
50 19 44.0 97.0
25 37 83.0 35.0
5 22 154.0 124.0
8 21 169.0 101.0
16 19 115.0 90.0
8 23 61.0 104.0
44 9 85.0 165.0
7 42 75.0 183.0
8 29 184.0 71.0
41 23 12.0 67.0
21 24 27.0 119.0
3 15 155.0 196.0
31 11 17.0 70.0
33 35 36.0 30.0
19 4 21.0 73.0
21 33 60.0 48.0
9 2 73.0 44.0
7 48 54.0 37.0
19 45 77.0 81.0
33 31 114.0 32.0
41 4 121.0 83.0
6 7 196.0 109.0
18 43 109.0 17.0
15 2 183.0 121.0
22 6 116.0 56.0
3 16 138.0 122.0
47 33 131.0 16.0
39 29 54.0 197.0
8 14 93.0 127.0
27 49 159.0 89.0
16 15 162.0 21.0
28 3 13.0 97.0
37 3 40.0 81.0
5 8 2.0 131.0
40 20 145.0 133.0
9 13 107.0 152.0
29 4 62.0 0.0
29 34 191.0 22.0
24 8 174.0 105.0
11 6 197.0 139.0
5 1 60.0 38.0
9 46 39.0 15.0
41 13 167.0 137.0
10 12 147.0 74.0
33 19 92.0 10.0
28 33 166.0 35.0
16 9 164.0 141.0
12 25 155.0 162.0
26 33 85.0 168.0
2 40 141.0 124.0
8 12 67.0 108.0
35 44 127.0 14.0
38 13 77.0 171.0
21 4 187.0 43.0
12 17 146.0 152.0
42 11 126.0 54.0
20 3 91.0 163.0
3 7 40.0 184.0
42 9 155.0 107.0
28 39 189.0 82.0
27 19 59.0 66.0
21 1 64.0 198.0
16 5 119.0 11.0
33 50 138.0 197.0
16 49 148.0 181.0
2 18 100.0 188.0
11 33 37.0 8.0
47 39 124.0 26.0
4 17 109.0 183.0
3 27 56.0 174.0
49 50 157.0 127.0
16 6 97.0 95.0
41 50 187.0 45.0
51 6 108.0 40.0
14 41 59.0 146.0
3 25 139.0 184.0
7 13 179.0 0.0
46 7 42.0 187.0
4 27 121.0 199.0
4 9 130.0 18.0
52 20 174.0 117.0
2 22 138.0 82.0
38 9 0.0 150.0
16 2 130.0 139.0
22 44 11.0 109.0
51 9 81.0 53.0
18 5 56.0 3.0
35 46 126.0 186.0
12 4 94.0 52.0
10 23 122.0 32.0
8 31 76.0 122.0
33 14 26.0 6.0
34 16 19.0 37.0
24 3 29.0 52.0
21 3 192.0 37.0
14 16 74.0 118.0
4 7 43.0 168.0
14 25 76.0 166.0
4 49 107.0 152.0
39 27 55.0 133.0
18 7 44.0 26.0
9 11 106.0 25.0
17 6 171.0 51.0
22 18 19.0 45.0
15 6 101.0 63.0
38 26 4.0 129.0
22 10 123.0 112.0
12 38 24.0 178.0
21 29 36.0 68.0
7 10 73.0 95.0
14 9 0.0 196.0
5 4 111.0 19.0
7 14 123.0 164.0
52 2 85.0 80.0
11 14 173.0 160.0
12 3 165.0 197.0
16 18 130.0 2.0
6 5 25.0 155.0
44 12 110.0 25.0
45 2 102.0 174.0
4 18 95.0 26.0
21 11 62.0 132.0
31 13 143.0 188.0
17 7 79.0 109.0
15 10 169.0 9.0
1 22 3.0 195.0
23 1 165.0 65.0
22 48 49.0 67.0
9 8 66.0 96.0
11 13 153.0 128.0
16 10 104.0 49.0
31 23 9.0 135.0
18 9 181.0 178.0
6 42 34.0 136.0
11 50 67.0 199.0
16 8 75.0 68.0
37 45 167.0 141.0
1 15 65.0 73.0
39 35 144.0 121.0
9 15 53.0 105.0
5 32 166.0 186.0
15 4 11.0 0.0
11 12 20.0 30.0
46 28 185.0 47.0
20 5 8.0 153.0
19 1 100.0 25.0
25 1 132.0 196.0
8 17 106.0 137.0
25 40 1.0 24.0
19 8 176.0 164.0
15 13 49.0 149.0
51 25 109.0 34.0
6 48 147.0 69.0
30 27 65.0 199.0
41 28 146.0 197.0
8 18 40.0 53.0
26 1 110.0 42.0
7 47 133.0 87.0
42 49 199.0 182.0
14 13 121.0 61.0
17 1 74.0 20.0
9 1 169.0 139.0
14 10 22.0 116.0
48 2 89.0 63.0
35 14 4.0 151.0
36 19 17.0 138.0
15 45 115.0 16.0
14 26 150.0 36.0
5 38 137.0 24.0
17 20 3.0 106.0
29 47 84.0 25.0
48 49 46.0 173.0
38 33 161.0 2.0
52 13 45.0 178.0
1 18 6.0 160.0
17 38 184.0 156.0
51 29 194.0 121.0
49 8 4.0 197.0
4 14 1.0 40.0
40 18 113.0 47.0
27 31 109.0 74.0
43 49 59.0 106.0
39 16 22.0 18.0
6 14 30.0 6.0
48 52 59.0 24.0
17 9 13.0 63.0
22 17 116.0 14.0
15 8 111.0 29.0
25 36 110.0 172.0
32 52 154.0 170.0
15 33 18.0 176.0
51 20 125.0 0.0
19 9 121.0 184.0
43 9 99.0 86.0
1 2 77.0 16.0
4 23 35.0 189.0
46 34 56.0 145.0
23 5 42.0 162.0
32 16 170.0 60.0
35 5 40.0 95.0
42 17 187.0 162.0
16 11 88.0 39.0
26 3 72.0 165.0
8 3 105.0 59.0
41 22 164.0 162.0
21 13 128.0 7.0
28 8 193.0 50.0
41 6 21.0 34.0
9 21 161.0 8.0
12 9 154.0 49.0
1 28 59.0 178.0
38 15 45.0 116.0
36 11 67.0 162.0
13 16 74.0 195.0
29 38 172.0 68.0
20 23 72.0 193.0
15 35 102.0 34.0
21 2 160.0 8.0
15 44 28.0 171.0
34 24 172.0 25.0
35 4 25.0 39.0
25 4 49.0 99.0
17 40 175.0 173.0
10 44 127.0 0.0
26 43 178.0 30.0
26 19 128.0 138.0
38 6 106.0 108.0
6 46 67.0 30.0
26 11 181.0 44.0
22 9 89.0 182.0
40 21 140.0 17.0
40 46 52.0 20.0
12 31 128.0 30.0
49 30 122.0 56.0
35 41 131.0 180.0
23 2 123.0 198.0
6 18 42.0 104.0
4 22 105.0 83.0
5 17 22.0 197.0
8 22 24.0 26.0
1 24 164.0 153.0
10 18 160.0 86.0
20 9 176.0 91.0
12 19 14.0 99.0
41 24 126.0 56.0
31 37 189.0 183.0
12 18 62.0 163.0
51 34 122.0 38.0
6 24 127.0 86.0
30 29 31.0 39.0
3 44 124.0 7.0
34 23 161.0 138.0
30 1 56.0 40.0
24 7 79.0 197.0
21 38 107.0 93.0
19 41 148.0 29.0
5 24 132.0 28.0
29 2 85.0 163.0
20 12 75.0 9.0
17 33 194.0 189.0
32 2 134.0 2.0
37 20 9.0 165.0
33 4 63.0 116.0
20 42 170.0 163.0
4 26 107.0 103.0
28 35 161.0 192.0
30 19 73.0 189.0
15 12 53.0 67.0
32 18 115.0 139.0
14 49 85.0 76.0
19 11 58.0 100.0
28 2 157.0 181.0
40 49 122.0 64.0
21 10 147.0 36.0
11 20 121.0 21.0
20 13 18.0 174.0
31 26 187.0 133.0
50 43 37.0 72.0
47 10 148.0 47.0
18 49 52.0 105.0
45 47 71.0 175.0
52 4 46.0 18.0
18 13 95.0 167.0
1 50 94.0 65.0
51 3 31.0 81.0
21 14 67.0 68.0
51 17 123.0 15.0
41 25 113.0 128.0
47 24 125.0 184.0
27 43 6.0 171.0
7 39 26.0 101.0
12 23 45.0 72.0
7 15 77.0 77.0
1 12 145.0 96.0
46 48 62.0 20.0
48 21 26.0 127.0
44 28 21.0 103.0
46 32 11.0 27.0
46 1 53.0 37.0
51 2 115.0 98.0
23 9 129.0 144.0
50 37 190.0 26.0
5 12 86.0 4.0
4 28 102.0 64.0
16 12 60.0 124.0
25 2 112.0 23.0
5 15 134.0 165.0
13 10 193.0 1.0
26 6 120.0 74.0
26 2 192.0 111.0
39 44 45.0 79.0
28 6 145.0 148.0
6 21 10.0 157.0
17 16 63.0 123.0
27 45 20.0 198.0
49 12 152.0 13.0
42 12 186.0 72.0
23 11 38.0 179.0
32 3 154.0 83.0
50 24 121.0 51.0
17 11 183.0 131.0
5 3 136.0 46.0
11 22 103.0 156.0
33 23 93.0 55.0
34 41 101.0 79.0
1 31 170.0 139.0
15 11 126.0 124.0
30 2 13.0 199.0
23 6 31.0 196.0
10 24 88.0 119.0
44 32 139.0 191.0
4 24 111.0 32.0
32 21 46.0 12.0
15 18 143.0 17.0
38 18 83.0 21.0
18 17 62.0 97.0
47 2 143.0 93.0
1 49 184.0 31.0
5 36 93.0 123.0
27 41 157.0 156.0
12 22 46.0 155.0
16 29 101.0 141.0
13 22 39.0 184.0
9 25 141.0 102.0
44 36 71.0 84.0
26 7 56.0 7.0
28 32 73.0 101.0
1 32 115.0 30.0
51 22 106.0 161.0
27 52 128.0 159.0
18 44 104.0 167.0
10 25 8.0 45.0
27 1 185.0 31.0
6 29 96.0 193.0
29 3 17.0 169.0
11 18 139.0 132.0
10 26 199.0 197.0
30 5 166.0 79.0
36 23 132.0 22.0
4 30 141.0 92.0
21 37 2.0 126.0
21 12 141.0 98.0
1 35 174.0 110.0
36 43 12.0 65.0
6 25 188.0 163.0
15 14 77.0 106.0
5 27 61.0 162.0
40 27 95.0 154.0
11 37 197.0 97.0
25 8 20.0 90.0
3 31 91.0 146.0
51 32 34.0 56.0
8 26 51.0 22.0
20 15 103.0 129.0
41 8 3.0 116.0
34 15 180.0 50.0
27 17 157.0 129.0
17 25 16.0 177.0
33 37 119.0 59.0
44 40 17.0 105.0
13 23 149.0 68.0
48 42 167.0 4.0
49 29 42.0 122.0
19 25 196.0 174.0
17 24 72.0 105.0
1 33 152.0 88.0
39 37 198.0 23.0
52 9 54.0 167.0
13 19 118.0 3.0
34 48 81.0 37.0
52 36 125.0 75.0
26 9 60.0 73.0
14 19 132.0 132.0
34 2 75.0 84.0
34 4 40.0 25.0
5 29 98.0 95.0
25 27 69.0 16.0
21 15 193.0 102.0
36 1 104.0 119.0
22 7 36.0 164.0
52 41 88.0 169.0
46 2 142.0 163.0
30 42 4.0 135.0
7 30 113.0 103.0
9 27 194.0 134.0
10 42 145.0 188.0
20 18 98.0 49.0
52 34 126.0 87.0
51 41 131.0 14.0
18 23 78.0 26.0
40 30 100.0 35.0
36 27 127.0 166.0
2 41 86.0 122.0
16 20 56.0 184.0
3 35 124.0 107.0
4 51 13.0 51.0
15 42 167.0 96.0
40 23 114.0 198.0
36 3 130.0 167.0
16 26 180.0 10.0
31 6 75.0 19.0
47 20 19.0 83.0
17 14 91.0 143.0
37 7 90.0 104.0
25 38 159.0 10.0
29 7 63.0 26.0
3 30 164.0 145.0
7 25 15.0 144.0
19 18 89.0 42.0
7 27 163.0 108.0
37 17 61.0 54.0
28 5 114.0 151.0
1 29 139.0 26.0
16 22 162.0 154.0
28 10 27.0 78.0
14 23 103.0 194.0
2 27 113.0 192.0
32 6 39.0 76.0
29 11 159.0 100.0
30 13 57.0 26.0
2 36 191.0 149.0
22 15 53.0 153.0
25 11 19.0 32.0
1 38 49.0 122.0
44 27 186.0 162.0
52 35 128.0 178.0
17 13 66.0 88.0
47 15 104.0 124.0
35 2 22.0 95.0
37 5 36.0 27.0
49 32 143.0 55.0
46 42 157.0 193.0
33 5 67.0 95.0
15 30 171.0 195.0
13 40 138.0 37.0
30 18 19.0 42.0
19 22 67.0 193.0
32 8 74.0 103.0
19 15 21.0 18.0
36 20 186.0 130.0
27 22 168.0 53.0
52 26 3.0 91.0
4 32 138.0 93.0
43 17 133.0 109.0
38 40 19.0 0.0
36 28 107.0 94.0
9 28 108.0 128.0
21 16 97.0 46.0
20 49 134.0 18.0
37 2 41.0 89.0
47 28 89.0 131.0
24 11 104.0 174.0
45 43 19.0 124.0
15 24 98.0 126.0
6 30 61.0 6.0
5 25 52.0 110.0
25 13 61.0 138.0
34 5 84.0 103.0
15 23 42.0 173.0
25 15 123.0 146.0
10 51 6.0 95.0
2 14 178.0 104.0
30 11 196.0 39.0
14 18 75.0 0.0
43 8 20.0 137.0
36 29 138.0 105.0
33 6 158.0 180.0
10 31 155.0 81.0
30 10 45.0 162.0
35 27 82.0 24.0
14 48 100.0 78.0
26 24 148.0 175.0
9 30 41.0 120.0
37 22 35.0 179.0
45 12 90.0 145.0
39 3 42.0 197.0
18 21 9.0 40.0
47 5 11.0 91.0
40 1 101.0 111.0
29 43 122.0 1.0
52 10 159.0 115.0
38 3 59.0 194.0
32 7 99.0 101.0
33 10 177.0 93.0
38 4 188.0 186.0
10 34 85.0 199.0
19 21 103.0 138.0
19 20 51.0 25.0
45 22 111.0 11.0
12 29 145.0 122.0
6 36 71.0 196.0
35 26 132.0 0.0
17 10 76.0 72.0
7 35 117.0 113.0
16 24 185.0 20.0
51 11 155.0 37.0
22 14 78.0 66.0
30 14 110.0 175.0
25 44 86.0 181.0
16 25 36.0 170.0
37 4 86.0 64.0
46 15 102.0 4.0
6 45 124.0 88.0
13 24 113.0 79.0
10 38 138.0 144.0
51 36 51.0 49.0
19 23 56.0 89.0
2 38 83.0 44.0
19 24 120.0 170.0
47 3 20.0 174.0
6 35 173.0 96.0
33 9 120.0 86.0
13 27 111.0 59.0
28 12 49.0 114.0
1 42 54.0 57.0
36 30 70.0 90.0
10 49 104.0 142.0
23 17 88.0 76.0
12 41 22.0 61.0
16 33 171.0 143.0
34 6 88.0 82.0
19 29 104.0 137.0
49 15 119.0 111.0
14 28 161.0 189.0
20 14 103.0 17.0
41 18 83.0 191.0
39 2 164.0 57.0
19 17 139.0 135.0
35 43 120.0 28.0
47 38 118.0 25.0
29 13 159.0 38.0
21 20 158.0 72.0
18 25 167.0 61.0
23 37 47.0 2.0
15 26 66.0 11.0
37 52 118.0 6.0
42 39 83.0 39.0
52 49 15.0 154.0
37 29 49.0 175.0
41 3 90.0 7.0
26 45 23.0 57.0
13 28 186.0 23.0
32 9 83.0 52.0
15 27 2.0 153.0
39 6 52.0 38.0
33 8 168.0 67.0
32 12 163.0 17.0
43 1 35.0 54.0
21 28 173.0 58.0
32 42 194.0 159.0
45 20 105.0 29.0
35 8 74.0 60.0
15 28 39.0 126.0
31 5 82.0 8.0
43 2 134.0 45.0
17 26 150.0 169.0
11 34 190.0 123.0
35 10 33.0 136.0
1 41 76.0 139.0
4 40 178.0 150.0
31 9 195.0 18.0
13 32 11.0 77.0
44 19 61.0 98.0
22 20 193.0 164.0
22 24 13.0 183.0
14 31 24.0 46.0
4 39 135.0 100.0
41 43 89.0 114.0
8 37 54.0 84.0
6 40 73.0 18.0
33 12 66.0 135.0
24 32 183.0 59.0
34 8 164.0 196.0
34 35 101.0 140.0
41 33 20.0 188.0
6 37 26.0 110.0
19 51 104.0 81.0
23 21 96.0 178.0
36 10 102.0 162.0
20 26 6.0 37.0
32 14 184.0 123.0
29 20 112.0 85.0
29 42 3.0 132.0
49 31 170.0 181.0
43 3 49.0 27.0
18 46 32.0 145.0
31 52 90.0 87.0
32 11 103.0 48.0
5 41 90.0 87.0
8 38 195.0 2.0
38 7 181.0 150.0
38 16 22.0 152.0
43 52 115.0 23.0
45 9 62.0 100.0
36 24 115.0 104.0
13 33 173.0 18.0
22 23 15.0 63.0
32 15 34.0 162.0
17 28 185.0 16.0
34 13 149.0 159.0
40 7 91.0 65.0
35 38 33.0 153.0
14 29 71.0 148.0
20 24 141.0 45.0
35 9 108.0 108.0
44 2 30.0 142.0
18 28 34.0 167.0
16 30 33.0 183.0
5 39 162.0 124.0
18 26 77.0 195.0
24 23 104.0 149.0
30 17 188.0 45.0
42 5 132.0 48.0
21 27 63.0 162.0
17 29 35.0 49.0
15 29 67.0 21.0
42 4 6.0 181.0
43 5 117.0 84.0
28 38 84.0 173.0
39 10 137.0 24.0
28 19 53.0 70.0
31 18 172.0 116.0
1 48 73.0 159.0
17 32 87.0 93.0
11 47 157.0 45.0
44 6 74.0 26.0
43 13 149.0 111.0
4 45 48.0 87.0
27 12 31.0 53.0
1 47 7.0 155.0
12 47 141.0 81.0
2 42 77.0 28.0
26 21 3.0 186.0
24 49 126.0 30.0
11 28 135.0 75.0
31 2 44.0 183.0
20 30 13.0 75.0
40 9 198.0 172.0
42 18 96.0 140.0
36 4 132.0 125.0
8 39 54.0 87.0
12 46 40.0 180.0
26 22 47.0 175.0
21 30 193.0 91.0
40 8 59.0 158.0
2 33 150.0 57.0
49 2 68.0 198.0
39 9 16.0 152.0
24 25 166.0 22.0
20 27 175.0 158.0
25 23 84.0 174.0
45 7 144.0 29.0
50 9 38.0 3.0
11 40 7.0 141.0
22 25 32.0 27.0
17 34 105.0 1.0
43 6 184.0 23.0
29 18 92.0 159.0
7 43 63.0 128.0
49 34 41.0 160.0
3 42 168.0 31.0
49 37 139.0 128.0
46 5 31.0 171.0
31 17 58.0 88.0
31 16 78.0 194.0
41 9 64.0 170.0
41 10 95.0 128.0
20 31 57.0 136.0
49 3 180.0 177.0
22 30 108.0 71.0
3 45 52.0 91.0
48 5 67.0 62.0
45 49 89.0 97.0
7 41 153.0 154.0
14 37 28.0 48.0
28 20 77.0 85.0
33 18 53.0 57.0
39 14 85.0 114.0
44 1 146.0 89.0
40 12 181.0 165.0
12 39 121.0 23.0
28 23 102.0 74.0
40 43 189.0 130.0
36 21 124.0 66.0
24 45 103.0 130.0
14 38 183.0 189.0
18 35 139.0 129.0
18 34 141.0 72.0
49 36 189.0 14.0
31 19 43.0 91.0
23 26 30.0 32.0
29 24 21.0 107.0
12 50 131.0 76.0
34 19 34.0 67.0
39 13 30.0 125.0
20 32 199.0 123.0
25 28 126.0 189.0
31 21 45.0 169.0
51 47 196.0 28.0
24 28 28.0 17.0
51 1 5.0 111.0
44 47 111.0 39.0
35 17 18.0 93.0
48 3 112.0 17.0
43 10 85.0 38.0
3 46 45.0 131.0
47 6 15.0 42.0
51 52 170.0 43.0
45 8 121.0 175.0
37 13 60.0 32.0
11 41 46.0 78.0
34 1 2.0 111.0
39 18 45.0 39.0
27 26 23.0 90.0
11 39 79.0 190.0
29 23 153.0 49.0
33 29 25.0 74.0
16 52 74.0 37.0
35 19 184.0 73.0
31 25 120.0 186.0
42 34 147.0 165.0
43 11 181.0 122.0
39 15 36.0 13.0
51 35 38.0 190.0
20 35 182.0 15.0
17 36 164.0 56.0
32 22 186.0 100.0
46 39 151.0 106.0
33 20 116.0 98.0
34 21 172.0 97.0
49 5 184.0 161.0
16 37 116.0 174.0
16 36 147.0 98.0
23 47 66.0 63.0
14 42 101.0 4.0
31 43 170.0 52.0
37 12 166.0 86.0
1 39 160.0 91.0
47 13 75.0 96.0
23 30 26.0 191.0
42 13 7.0 125.0
18 37 184.0 25.0
49 7 163.0 85.0
36 18 26.0 134.0
49 6 67.0 145.0
29 22 11.0 28.0
26 25 99.0 38.0
29 26 160.0 125.0
36 8 19.0 120.0
33 22 153.0 3.0
52 1 19.0 116.0
50 5 171.0 197.0
20 7 139.0 191.0
45 11 74.0 150.0
12 43 195.0 173.0
21 35 194.0 107.0
34 22 150.0 14.0
22 35 4.0 55.0
42 16 189.0 23.0
45 13 5.0 113.0
52 33 149.0 144.0
44 4 122.0 24.0
32 25 159.0 69.0
19 37 6.0 153.0
17 41 185.0 108.0
16 41 99.0 189.0
26 30 117.0 41.0
4 50 52.0 122.0
7 51 37.0 1.0
13 12 53.0 111.0
40 22 79.0 12.0
26 28 122.0 38.0
14 43 174.0 108.0
19 40 53.0 26.0
43 44 199.0 122.0
23 35 135.0 3.0
14 34 80.0 172.0
11 44 13.0 133.0
37 35 182.0 44.0
48 10 101.0 57.0
38 50 147.0 28.0
50 8 180.0 152.0
43 16 46.0 131.0
19 39 84.0 181.0
52 8 177.0 116.0
11 46 61.0 142.0
13 51 116.0 195.0
5 52 106.0 17.0
30 25 88.0 53.0
38 23 172.0 68.0
9 49 149.0 170.0
47 14 81.0 185.0
32 29 149.0 10.0
50 10 156.0 162.0
49 11 64.0 72.0
41 20 83.0 170.0
21 41 42.0 171.0
44 20 11.0 15.0
5 44 182.0 160.0
2 3 97.0 16.0
19 38 7.0 198.0
27 34 22.0 163.0
36 26 32.0 38.0
42 33 172.0 67.0
52 12 163.0 14.0
16 45 127.0 174.0
43 15 160.0 61.0
24 35 87.0 57.0
49 13 187.0 94.0
28 31 142.0 9.0
50 14 130.0 174.0
32 39 190.0 102.0
50 30 64.0 105.0
39 25 169.0 191.0
46 29 52.0 129.0
39 24 138.0 139.0
46 14 19.0 125.0
31 29 193.0 162.0
11 38 92.0 76.0
32 31 67.0 34.0
50 15 50.0 131.0
30 33 87.0 19.0
48 18 161.0 91.0
50 13 91.0 51.0
12 51 61.0 62.0
47 9 147.0 6.0
46 19 51.0 191.0
29 25 12.0 119.0
43 21 86.0 62.0
42 19 108.0 125.0
16 46 79.0 21.0
38 20 64.0 122.0
42 22 62.0 77.0
14 44 82.0 161.0
46 17 83.0 133.0
29 35 45.0 96.0
47 18 84.0 83.0
47 19 31.0 192.0
44 21 24.0 62.0
38 41 85.0 40.0
16 48 138.0 147.0
48 17 176.0 172.0
49 19 45.0 60.0
36 22 165.0 90.0
17 47 163.0 1.0
39 26 109.0 194.0
17 45 195.0 85.0
45 21 18.0 32.0
7 52 54.0 108.0
34 32 155.0 30.0
40 24 48.0 0.0
35 30 169.0 165.0
31 34 52.0 132.0
38 31 21.0 113.0
23 44 185.0 168.0
39 31 177.0 155.0
20 46 122.0 183.0
47 21 34.0 29.0
40 28 110.0 34.0
30 34 94.0 79.0
44 24 180.0 98.0
18 51 33.0 153.0
23 43 143.0 18.0
15 52 52.0 72.0
42 26 38.0 126.0
34 36 181.0 73.0
41 32 63.0 43.0
52 28 128.0 157.0
18 50 184.0 109.0
41 30 85.0 170.0
37 27 57.0 29.0
20 43 56.0 110.0
32 36 82.0 47.0
35 31 184.0 15.0
50 20 190.0 48.0
25 43 124.0 119.0
22 47 136.0 60.0
51 23 178.0 21.0
29 40 37.0 36.0
30 37 165.0 46.0
22 46 134.0 199.0
35 32 48.0 119.0
26 44 110.0 39.0
41 31 41.0 34.0
52 19 84.0 129.0
42 28 48.0 15.0
46 52 9.0 37.0
52 18 139.0 126.0
32 37 45.0 74.0
47 25 116.0 94.0
31 40 140.0 26.0
14 40 37.0 182.0
30 32 87.0 73.0
44 29 120.0 135.0
32 38 192.0 81.0
27 42 137.0 132.0
37 36 129.0 182.0
16 40 63.0 45.0
43 30 60.0 3.0
52 24 45.0 97.0
45 29 167.0 133.0
36 38 55.0 39.0
48 12 106.0 47.0
14 45 118.0 195.0
42 21 40.0 199.0
52 21 71.0 55.0
26 47 54.0 132.0
13 48 101.0 52.0
45 28 20.0 21.0
50 16 55.0 27.0
26 46 166.0 113.0
39 36 199.0 37.0
48 24 99.0 40.0
45 30 52.0 123.0
43 32 7.0 59.0
30 44 197.0 108.0
41 36 109.0 169.0
35 40 27.0 116.0
34 37 132.0 146.0
46 31 31.0 132.0
40 32 108.0 82.0
33 39 78.0 161.0
51 28 105.0 85.0
40 42 35.0 102.0
49 26 121.0 96.0
49 28 193.0 100.0
24 51 188.0 126.0
23 46 57.0 171.0
22 49 153.0 117.0
50 27 23.0 183.0
43 28 37.0 128.0
35 47 145.0 24.0
25 46 176.0 18.0
33 44 184.0 170.0
30 46 2.0 172.0
34 44 192.0 11.0
51 21 160.0 145.0
29 48 162.0 135.0
45 32 19.0 151.0
30 48 156.0 116.0
38 43 39.0 84.0
26 50 26.0 175.0
46 13 160.0 28.0
51 30 144.0 152.0
33 36 32.0 56.0
29 50 184.0 194.0
52 23 158.0 156.0
37 40 27.0 66.0
37 41 68.0 18.0
34 43 60.0 94.0
16 44 89.0 172.0
41 42 139.0 33.0
34 45 162.0 172.0
48 35 194.0 98.0
50 36 42.0 104.0
39 41 190.0 69.0
14 52 31.0 58.0
46 37 126.0 43.0
3 1 45.0 15.0
33 48 76.0 136.0
44 49 77.0 38.0
44 45 43.0 71.0
37 43 22.0 38.0
44 31 124.0 12.0
21 49 132.0 108.0
37 44 152.0 10.0
24 43 116.0 149.0
46 36 174.0 192.0
52 29 173.0 3.0
46 33 62.0 169.0
48 31 52.0 84.0
45 40 165.0 176.0
38 42 44.0 49.0
49 38 59.0 196.0
45 35 121.0 128.0
47 42 34.0 47.0
35 49 126.0 8.0
26 51 77.0 140.0
37 47 106.0 81.0
51 37 142.0 72.0
36 48 34.0 186.0
39 48 27.0 46.0
10 45 72.0 100.0
36 47 53.0 107.0
47 34 73.0 131.0
45 48 36.0 103.0
39 52 23.0 142.0
46 41 41.0 165.0
47 41 77.0 27.0
27 51 126.0 105.0
46 38 198.0 199.0
50 40 102.0 51.0
33 43 121.0 128.0
38 45 158.0 157.0
47 46 66.0 181.0
44 38 58.0 59.0
51 31 144.0 87.0
37 38 111.0 71.0
38 39 55.0 109.0
50 42 53.0 109.0
48 44 54.0 126.0
39 49 44.0 164.0
44 41 104.0 110.0
51 43 199.0 114.0
3 18 119.0 96.0
23 48 96.0 31.0
38 51 21.0 103.0
46 44 101.0 26.0
51 46 79.0 108.0
40 51 177.0 123.0
45 51 167.0 34.0
41 49 65.0 167.0
5 40 49.0 137.0
46 45 179.0 97.0
3 52 66.0 152.0
41 45 72.0 119.0
39 50 173.0 103.0
45 42 174.0 102.0
46 50 21.0 142.0
48 38 139.0 39.0
52 50 114.0 140.0
48 25 156.0 93.0
48 27 109.0 174.0
34 40 9.0 133.0
49 46 29.0 134.0
51 48 131.0 4.0
38 52 162.0 104.0
52 47 187.0 101.0
48 50 15.0 101.0
49 47 175.0 124.0
43 46 166.0 36.0
1 4 122.0 127.0
49 51 174.0 103.0
35 13 126.0 57.0
50 47 164.0 88.0
22 39 128.0 103.0
48 28 120.0 144.0
42 35 93.0 95.0
42 44 119.0 11.0
30 24 11.0 193.0
40 52 153.0 137.0
51 50 113.0 79.0
0
