53 1378 49 3 255555
34 8 120.0 134.0
36 16 9.0 134.0
14 32 33.0 186.0
42 28 185.0 59.0
41 48 118.0 105.0
29 15 90.0 47.0
32 26 195.0 83.0
45 10 127.0 85.0
49 42 163.0 0.0
5 1 102.0 124.0
33 42 69.0 135.0
49 10 147.0 6.0
4 31 51.0 66.0
24 17 144.0 141.0
42 46 92.0 139.0
34 42 6.0 20.0
31 20 179.0 121.0
52 41 190.0 81.0
30 17 187.0 11.0
26 50 25.0 86.0
6 24 115.0 76.0
20 6 47.0 12.0
51 13 132.0 140.0
2 35 76.0 90.0
33 4 190.0 55.0
45 22 117.0 133.0
17 49 172.0 56.0
24 41 148.0 197.0
44 26 17.0 16.0
31 46 95.0 64.0
5 15 11.0 27.0
28 2 0.0 87.0
5 28 194.0 143.0
49 36 191.0 111.0
10 29 95.0 163.0
17 41 157.0 195.0
45 3 134.0 174.0
48 11 123.0 181.0
26 23 15.0 134.0
24 53 16.0 168.0
27 34 3.0 11.0
48 8 119.0 194.0
9 5 152.0 166.0
3 15 160.0 61.0
17 32 165.0 46.0
21 2 76.0 88.0
24 37 172.0 92.0
36 42 17.0 188.0
1 13 70.0 172.0
21 14 164.0 141.0
29 25 0.0 68.0
18 9 147.0 112.0
19 52 93.0 112.0
32 3 128.0 170.0
40 14 75.0 52.0
34 37 5.0 44.0
50 31 114.0 27.0
23 36 17.0 30.0
39 2 50.0 18.0
10 32 95.0 198.0
9 50 180.0 188.0
32 34 94.0 60.0
26 25 6.0 121.0
41 7 145.0 11.0
16 24 77.0 11.0
39 52 187.0 94.0
53 43 70.0 190.0
1 53 140.0 165.0
28 17 121.0 73.0
30 26 196.0 167.0
30 20 103.0 3.0
2 6 197.0 0.0
18 21 116.0 26.0
19 20 199.0 55.0
41 42 84.0 69.0
41 9 92.0 177.0
4 14 163.0 165.0
18 2 133.0 112.0
9 7 133.0 188.0
4 20 38.0 82.0
40 39 107.0 106.0
37 7 119.0 106.0
48 16 49.0 156.0
3 51 61.0 93.0
11 40 118.0 24.0
41 21 117.0 4.0
6 9 37.0 2.0
9 24 84.0 27.0
9 26 128.0 144.0
11 43 159.0 47.0
6 16 147.0 8.0
13 38 23.0 8.0
25 1 159.0 94.0
53 41 29.0 77.0
29 31 175.0 66.0
1 47 62.0 12.0
19 32 27.0 142.0
21 37 40.0 187.0
52 42 186.0 140.0
6 27 17.0 9.0
27 32 111.0 176.0
19 29 100.0 92.0
7 28 105.0 75.0
21 10 135.0 120.0
20 27 154.0 114.0
10 38 102.0 146.0
27 47 106.0 88.0
21 1 24.0 123.0
12 38 162.0 87.0
46 14 198.0 14.0
3 10 197.0 55.0
12 32 125.0 132.0
6 52 98.0 31.0
9 4 5.0 0.0
47 43 3.0 111.0
23 17 99.0 27.0
33 28 150.0 13.0
11 3 88.0 148.0
47 8 199.0 85.0
39 53 177.0 76.0
51 44 171.0 76.0
44 29 53.0 176.0
19 31 111.0 8.0
26 46 167.0 10.0
20 9 53.0 117.0
32 22 121.0 93.0
29 20 9.0 73.0
12 2 18.0 187.0
36 32 46.0 190.0
7 19 112.0 51.0
29 16 87.0 23.0
8 43 101.0 54.0
31 47 12.0 154.0
15 39 68.0 86.0
37 11 28.0 77.0
2 29 69.0 46.0
39 4 171.0 115.0
7 3 169.0 35.0
43 19 24.0 56.0
8 15 5.0 77.0
40 49 81.0 170.0
13 49 159.0 149.0
6 14 179.0 139.0
43 4 122.0 49.0
40 10 137.0 45.0
38 27 12.0 58.0
24 4 136.0 188.0
50 6 20.0 94.0
1 52 182.0 53.0
47 15 143.0 93.0
29 5 176.0 122.0
9 17 0.0 50.0
27 23 75.0 137.0
28 41 21.0 87.0
44 19 47.0 109.0
24 33 94.0 67.0
31 17 147.0 76.0
10 14 160.0 42.0
50 28 76.0 88.0
44 5 80.0 76.0
4 2 68.0 155.0
42 22 78.0 89.0
40 47 68.0 125.0
27 11 77.0 162.0
6 19 45.0 177.0
11 50 67.0 5.0
3 13 25.0 144.0
49 32 76.0 57.0
8 6 2.0 144.0
27 31 183.0 32.0
11 5 41.0 51.0
11 25 71.0 71.0
43 18 22.0 68.0
2 7 4.0 89.0
22 7 9.0 181.0
18 41 0.0 85.0
14 18 163.0 2.0
27 53 101.0 98.0
52 32 102.0 95.0
35 37 25.0 126.0
1 45 185.0 199.0
33 18 92.0 141.0
4 8 136.0 101.0
49 2 20.0 136.0
51 5 133.0 136.0
4 37 126.0 187.0
47 25 4.0 180.0
8 36 118.0 181.0
28 10 121.0 55.0
7 52 47.0 166.0
38 46 40.0 135.0
27 37 173.0 61.0
6 4 95.0 107.0
42 26 120.0 21.0
50 37 80.0 124.0
10 6 113.0 198.0
28 32 107.0 186.0
9 8 178.0 106.0
1 9 26.0 18.0
45 36 34.0 151.0
20 2 12.0 129.0
27 8 184.0 132.0
44 43 115.0 16.0
40 5 1.0 28.0
16 15 174.0 60.0
22 28 139.0 152.0
36 12 81.0 117.0
26 35 31.0 67.0
36 21 136.0 195.0
28 13 153.0 72.0
34 48 50.0 69.0
31 42 27.0 3.0
35 19 32.0 2.0
46 34 199.0 123.0
24 42 184.0 32.0
23 21 189.0 167.0
41 11 145.0 125.0
23 4 24.0 98.0
51 39 46.0 26.0
28 15 33.0 74.0
34 38 131.0 65.0
18 27 116.0 130.0
15 36 92.0 100.0
3 48 60.0 81.0
5 13 70.0 5.0
16 37 100.0 46.0
2 13 144.0 146.0
35 29 51.0 178.0
13 6 135.0 183.0
11 42 166.0 3.0
25 4 145.0 58.0
30 18 103.0 6.0
30 21 112.0 125.0
4 15 195.0 12.0
35 44 3.0 139.0
20 15 131.0 54.0
53 40 49.0 18.0
29 39 187.0 168.0
21 43 150.0 132.0
39 43 73.0 5.0
6 7 25.0 185.0
52 10 154.0 172.0
1 29 143.0 157.0
22 17 46.0 26.0
3 19 160.0 48.0
4 13 199.0 147.0
2 3 65.0 101.0
46 41 128.0 138.0
3 30 195.0 106.0
18 3 37.0 150.0
31 51 76.0 180.0
14 15 129.0 74.0
33 40 78.0 89.0
52 25 133.0 77.0
28 18 95.0 198.0
37 43 179.0 24.0
19 40 190.0 127.0
7 11 103.0 27.0
18 39 112.0 131.0
53 28 27.0 193.0
47 42 18.0 57.0
13 22 196.0 103.0
39 33 8.0 92.0
23 51 106.0 139.0
11 4 158.0 96.0
3 26 184.0 61.0
11 10 107.0 48.0
17 15 30.0 86.0
3 34 51.0 0.0
34 36 0.0 47.0
15 30 51.0 160.0
27 5 157.0 158.0
19 49 166.0 116.0
21 16 118.0 102.0
3 5 24.0 177.0
23 28 122.0 6.0
18 1 141.0 125.0
23 32 20.0 94.0
8 16 176.0 23.0
20 46 177.0 85.0
3 9 22.0 143.0
11 17 157.0 93.0
25 48 42.0 133.0
2 22 45.0 116.0
9 48 8.0 138.0
5 38 87.0 180.0
1 16 97.0 15.0
2 14 77.0 26.0
11 33 137.0 99.0
28 45 113.0 94.0
19 48 101.0 107.0
48 53 64.0 98.0
2 16 41.0 72.0
12 19 12.0 80.0
13 24 144.0 61.0
4 10 155.0 21.0
1 17 128.0 93.0
25 10 32.0 41.0
37 45 37.0 133.0
44 27 199.0 101.0
33 26 193.0 192.0
1 15 137.0 157.0
2 1 21.0 33.0
5 21 172.0 177.0
7 10 97.0 100.0
12 31 32.0 130.0
12 7 23.0 70.0
51 38 19.0 174.0
43 29 130.0 12.0
40 43 111.0 19.0
4 16 102.0 85.0
39 14 140.0 74.0
10 1 101.0 189.0
13 36 166.0 134.0
7 26 134.0 189.0
10 42 80.0 153.0
49 21 73.0 163.0
42 15 25.0 137.0
33 41 47.0 127.0
33 29 176.0 139.0
11 46 99.0 77.0
7 21 135.0 65.0
46 40 151.0 69.0
7 17 5.0 183.0
37 1 177.0 78.0
16 17 116.0 155.0
16 5 129.0 116.0
25 37 67.0 105.0
8 41 89.0 166.0
40 41 122.0 176.0
7 33 160.0 73.0
49 4 64.0 165.0
3 8 84.0 41.0
16 28 153.0 152.0
24 48 171.0 82.0
3 12 116.0 38.0
31 45 29.0 157.0
32 38 178.0 151.0
17 52 56.0 139.0
35 13 188.0 72.0
33 49 16.0 72.0
2 19 45.0 121.0
14 49 177.0 16.0
39 17 74.0 93.0
8 20 104.0 56.0
36 50 21.0 83.0
28 43 17.0 29.0
6 1 83.0 157.0
5 12 182.0 51.0
10 8 154.0 28.0
8 21 127.0 131.0
16 41 119.0 153.0
2 8 69.0 24.0
11 2 153.0 42.0
12 8 111.0 122.0
19 4 45.0 146.0
23 2 65.0 28.0
14 26 49.0 20.0
9 12 112.0 176.0
34 45 60.0 31.0
1 12 108.0 81.0
3 16 99.0 61.0
43 51 24.0 11.0
1 34 122.0 70.0
15 26 76.0 139.0
15 6 14.0 77.0
7 32 95.0 126.0
19 1 26.0 108.0
7 4 136.0 134.0
16 52 164.0 35.0
7 13 96.0 188.0
41 14 15.0 18.0
39 5 70.0 43.0
18 47 36.0 85.0
14 1 13.0 131.0
21 15 143.0 39.0
6 41 46.0 31.0
39 46 106.0 162.0
8 5 77.0 2.0
51 37 125.0 44.0
42 27 103.0 196.0
52 45 191.0 91.0
15 2 22.0 4.0
11 28 147.0 117.0
5 6 146.0 145.0
27 29 135.0 52.0
12 22 122.0 164.0
5 31 61.0 0.0
37 32 160.0 164.0
23 37 177.0 151.0
17 5 196.0 199.0
51 27 25.0 95.0
17 4 87.0 123.0
16 47 156.0 22.0
47 19 162.0 31.0
18 5 147.0 24.0
27 10 160.0 108.0
15 7 178.0 89.0
22 1 23.0 126.0
4 52 78.0 1.0
39 41 160.0 165.0
13 52 187.0 68.0
20 1 178.0 150.0
26 16 13.0 125.0
7 14 62.0 125.0
14 9 116.0 192.0
8 11 165.0 140.0
14 36 104.0 195.0
2 42 174.0 16.0
8 13 82.0 161.0
17 8 123.0 60.0
20 5 104.0 88.0
12 44 120.0 118.0
17 51 85.0 189.0
21 3 25.0 2.0
34 2 143.0 129.0
22 4 114.0 69.0
30 38 23.0 197.0
13 9 132.0 146.0
11 9 23.0 188.0
23 1 30.0 143.0
8 53 103.0 67.0
51 25 91.0 128.0
5 19 82.0 187.0
22 30 42.0 196.0
14 38 182.0 66.0
4 51 102.0 114.0
35 8 0.0 77.0
39 22 130.0 30.0
53 30 23.0 185.0
34 29 90.0 114.0
10 13 134.0 124.0
7 5 197.0 176.0
12 10 125.0 179.0
53 13 158.0 180.0
20 45 12.0 159.0
15 9 88.0 142.0
40 2 110.0 111.0
9 27 66.0 0.0
6 17 141.0 152.0
14 13 168.0 138.0
15 10 34.0 94.0
25 2 15.0 145.0
44 34 114.0 27.0
20 7 188.0 2.0
23 47 144.0 98.0
20 53 73.0 162.0
8 7 78.0 14.0
28 20 71.0 46.0
4 12 90.0 58.0
18 6 2.0 57.0
9 53 8.0 68.0
21 50 109.0 197.0
22 43 129.0 5.0
42 53 74.0 155.0
4 21 31.0 152.0
41 36 1.0 102.0
3 17 114.0 44.0
4 5 126.0 68.0
3 43 47.0 135.0
39 11 45.0 109.0
32 1 78.0 126.0
53 26 69.0 104.0
48 39 133.0 52.0
53 37 155.0 87.0
18 32 135.0 21.0
34 30 122.0 61.0
18 7 39.0 122.0
18 40 60.0 36.0
23 5 84.0 138.0
51 8 55.0 105.0
8 14 163.0 141.0
14 12 84.0 119.0
43 25 95.0 19.0
34 31 167.0 18.0
6 12 110.0 7.0
51 34 124.0 170.0
6 47 59.0 160.0
33 37 58.0 114.0
47 22 145.0 21.0
33 53 146.0 181.0
1 11 23.0 42.0
45 40 15.0 190.0
51 6 179.0 77.0
19 18 55.0 55.0
9 19 66.0 114.0
6 44 114.0 124.0
44 23 72.0 11.0
23 35 175.0 18.0
14 11 83.0 150.0
12 15 176.0 51.0
1 27 187.0 155.0
43 24 187.0 42.0
46 44 165.0 53.0
13 17 126.0 31.0
11 6 65.0 198.0
36 29 84.0 192.0
22 11 6.0 119.0
43 2 28.0 182.0
11 15 27.0 15.0
5 48 32.0 166.0
17 27 57.0 149.0
26 1 176.0 135.0
16 11 64.0 41.0
33 8 188.0 100.0
50 44 114.0 194.0
45 2 41.0 142.0
4 35 72.0 68.0
21 6 87.0 56.0
32 40 108.0 96.0
11 13 167.0 37.0
16 13 76.0 31.0
22 5 191.0 65.0
48 36 94.0 57.0
37 40 159.0 136.0
24 1 78.0 183.0
1 28 102.0 117.0
26 28 189.0 163.0
46 48 18.0 156.0
18 10 94.0 46.0
24 2 176.0 38.0
23 40 167.0 22.0
18 8 157.0 127.0
53 29 162.0 35.0
16 7 154.0 17.0
34 14 170.0 144.0
40 17 162.0 140.0
14 5 64.0 9.0
45 6 77.0 192.0
24 45 94.0 44.0
18 11 144.0 51.0
9 42 192.0 59.0
27 21 165.0 146.0
34 10 140.0 135.0
27 12 135.0 54.0
14 3 63.0 152.0
8 1 13.0 92.0
24 8 189.0 59.0
40 29 198.0 85.0
17 21 149.0 190.0
41 30 28.0 114.0
39 21 74.0 168.0
3 22 193.0 162.0
11 12 157.0 9.0
1 42 26.0 170.0
49 53 51.0 15.0
28 51 97.0 49.0
19 17 65.0 46.0
46 1 60.0 46.0
19 8 93.0 87.0
17 10 132.0 38.0
21 46 181.0 89.0
35 43 187.0 7.0
42 37 187.0 38.0
35 11 72.0 84.0
10 5 161.0 89.0
1 30 59.0 173.0
14 50 43.0 152.0
21 11 184.0 127.0
26 4 139.0 118.0
52 18 123.0 79.0
3 4 79.0 111.0
46 10 141.0 151.0
52 8 24.0 102.0
40 13 30.0 84.0
9 21 158.0 25.0
24 3 122.0 142.0
37 46 53.0 61.0
20 10 142.0 176.0
25 5 119.0 21.0
35 50 169.0 61.0
4 42 92.0 193.0
33 25 88.0 74.0
49 26 197.0 198.0
53 34 126.0 119.0
6 31 195.0 179.0
20 41 83.0 89.0
19 10 86.0 155.0
27 36 150.0 7.0
6 22 131.0 195.0
16 51 48.0 19.0
23 38 174.0 198.0
50 19 14.0 101.0
49 23 76.0 161.0
2 9 40.0 111.0
24 5 146.0 78.0
41 19 22.0 49.0
31 1 69.0 153.0
23 9 35.0 118.0
44 33 2.0 161.0
51 47 140.0 17.0
49 16 187.0 16.0
12 13 141.0 179.0
43 41 36.0 40.0
38 11 183.0 10.0
11 24 198.0 4.0
30 32 180.0 185.0
43 50 176.0 183.0
22 38 8.0 116.0
11 20 111.0 148.0
15 37 117.0 53.0
23 3 33.0 106.0
25 7 19.0 168.0
46 51 119.0 17.0
8 22 38.0 100.0
18 38 63.0 14.0
3 25 117.0 72.0
39 35 185.0 29.0
50 16 37.0 103.0
34 6 13.0 22.0
31 2 109.0 184.0
2 27 163.0 29.0
8 40 58.0 1.0
3 47 151.0 122.0
22 35 119.0 20.0
27 4 17.0 105.0
8 23 114.0 6.0
16 40 46.0 79.0
37 47 136.0 156.0
26 6 173.0 99.0
45 21 86.0 184.0
14 24 70.0 189.0
26 2 122.0 189.0
27 49 46.0 139.0
4 18 175.0 113.0
50 20 147.0 174.0
14 28 25.0 35.0
13 20 141.0 198.0
41 15 8.0 179.0
12 20 196.0 30.0
12 16 92.0 70.0
3 6 176.0 139.0
18 51 83.0 104.0
30 4 4.0 30.0
3 27 35.0 29.0
18 12 91.0 176.0
21 12 59.0 99.0
28 6 108.0 7.0
3 29 22.0 1.0
14 17 196.0 199.0
19 15 92.0 79.0
37 52 197.0 97.0
24 7 77.0 32.0
25 9 173.0 168.0
23 7 94.0 32.0
40 52 105.0 2.0
2 30 109.0 127.0
36 35 143.0 105.0
26 8 66.0 36.0
44 2 123.0 63.0
3 28 70.0 153.0
30 36 122.0 43.0
28 30 97.0 168.0
28 37 40.0 2.0
10 30 126.0 149.0
11 51 94.0 21.0
22 46 141.0 160.0
23 11 58.0 16.0
14 20 79.0 128.0
42 50 40.0 153.0
16 9 120.0 137.0
47 30 27.0 160.0
6 37 86.0 105.0
2 32 12.0 180.0
22 9 31.0 153.0
16 19 92.0 89.0
33 50 38.0 123.0
16 20 194.0 78.0
47 2 100.0 66.0
31 44 186.0 127.0
23 12 110.0 72.0
29 7 48.0 122.0
47 44 119.0 31.0
11 19 41.0 163.0
37 18 133.0 80.0
6 23 67.0 79.0
2 17 42.0 119.0
33 1 118.0 28.0
10 24 95.0 28.0
51 41 156.0 96.0
35 1 80.0 75.0
17 48 41.0 74.0
44 42 193.0 127.0
10 43 199.0 60.0
30 8 181.0 41.0
50 5 113.0 51.0
17 38 133.0 9.0
29 8 64.0 89.0
7 38 136.0 97.0
29 6 184.0 130.0
31 41 45.0 177.0
30 51 72.0 44.0
9 28 51.0 5.0
46 35 135.0 165.0
16 14 174.0 68.0
32 4 119.0 191.0
25 8 35.0 56.0
2 52 136.0 19.0
18 13 162.0 181.0
42 38 164.0 186.0
22 14 76.0 168.0
45 35 41.0 163.0
8 28 146.0 16.0
28 4 69.0 65.0
20 3 106.0 104.0
35 24 6.0 194.0
18 15 20.0 121.0
30 16 121.0 184.0
26 27 52.0 149.0
18 17 0.0 46.0
21 13 187.0 98.0
22 52 20.0 8.0
16 18 49.0 126.0
34 52 22.0 7.0
44 18 153.0 42.0
13 33 39.0 26.0
37 2 72.0 92.0
36 1 136.0 25.0
45 15 29.0 75.0
45 26 29.0 49.0
33 2 146.0 78.0
10 16 46.0 120.0
1 7 106.0 151.0
23 16 127.0 145.0
29 30 146.0 152.0
5 33 135.0 34.0
24 52 92.0 164.0
27 7 199.0 121.0
36 31 91.0 145.0
34 20 58.0 90.0
26 19 175.0 164.0
49 1 29.0 103.0
30 52 83.0 176.0
8 32 36.0 170.0
9 38 18.0 128.0
42 13 145.0 17.0
43 36 93.0 188.0
34 15 14.0 151.0
13 19 195.0 190.0
3 33 133.0 25.0
18 31 36.0 16.0
14 23 188.0 24.0
43 38 30.0 158.0
50 23 59.0 127.0
17 12 126.0 104.0
53 35 18.0 92.0
53 18 5.0 166.0
37 20 179.0 139.0
16 22 11.0 15.0
36 28 24.0 199.0
23 13 3.0 55.0
41 26 80.0 14.0
15 23 197.0 158.0
7 43 1.0 167.0
7 31 165.0 7.0
32 5 172.0 144.0
35 17 52.0 184.0
23 10 153.0 76.0
7 45 83.0 156.0
18 46 116.0 164.0
38 16 119.0 65.0
3 31 115.0 121.0
48 42 43.0 80.0
9 31 79.0 15.0
41 25 96.0 131.0
35 34 132.0 1.0
17 20 61.0 16.0
25 13 74.0 130.0
36 44 188.0 194.0
12 25 195.0 103.0
22 10 21.0 190.0
35 3 56.0 52.0
35 25 196.0 104.0
20 18 91.0 80.0
43 48 49.0 153.0
15 35 139.0 75.0
25 38 107.0 127.0
29 4 35.0 54.0
8 31 132.0 56.0
30 5 62.0 188.0
15 32 93.0 10.0
11 26 167.0 184.0
25 14 120.0 16.0
35 6 3.0 11.0
5 49 153.0 110.0
53 11 189.0 189.0
7 39 17.0 121.0
29 42 55.0 80.0
52 43 106.0 148.0
5 46 73.0 25.0
47 11 147.0 145.0
38 1 149.0 150.0
5 34 166.0 55.0
7 30 144.0 155.0
10 37 52.0 161.0
25 39 45.0 59.0
29 37 121.0 151.0
13 27 19.0 194.0
41 12 6.0 118.0
22 18 45.0 107.0
47 36 64.0 163.0
3 36 104.0 160.0
34 7 189.0 108.0
7 51 103.0 35.0
13 37 172.0 25.0
38 2 36.0 192.0
21 29 14.0 194.0
29 9 67.0 60.0
18 23 127.0 132.0
21 20 193.0 31.0
26 13 186.0 134.0
6 30 186.0 41.0
38 3 175.0 158.0
12 53 157.0 11.0
12 26 96.0 123.0
29 11 76.0 115.0
43 30 5.0 3.0
22 15 162.0 150.0
14 19 136.0 148.0
34 4 162.0 122.0
11 30 102.0 137.0
30 37 148.0 11.0
2 5 118.0 196.0
24 12 29.0 195.0
17 25 155.0 34.0
14 33 166.0 69.0
45 9 75.0 54.0
12 52 72.0 189.0
50 47 144.0 175.0
19 22 37.0 44.0
19 42 144.0 155.0
41 2 166.0 125.0
1 40 94.0 73.0
29 13 69.0 12.0
4 36 25.0 96.0
15 27 108.0 97.0
19 23 46.0 52.0
14 29 188.0 35.0
27 14 144.0 132.0
13 30 2.0 62.0
39 1 170.0 48.0
7 35 144.0 40.0
40 4 179.0 169.0
22 40 41.0 87.0
16 25 6.0 39.0
39 3 181.0 194.0
6 25 14.0 77.0
29 12 11.0 16.0
39 23 10.0 133.0
42 45 108.0 106.0
6 32 140.0 39.0
46 24 89.0 133.0
36 6 111.0 47.0
38 4 16.0 44.0
39 6 65.0 30.0
5 37 96.0 76.0
39 24 139.0 58.0
42 3 101.0 199.0
28 38 190.0 41.0
24 19 87.0 31.0
36 52 99.0 150.0
5 35 0.0 68.0
26 40 135.0 66.0
4 47 111.0 183.0
9 34 144.0 50.0
41 1 103.0 45.0
12 28 156.0 46.0
14 31 18.0 195.0
12 33 84.0 69.0
18 34 62.0 84.0
53 45 37.0 197.0
39 50 53.0 148.0
18 26 86.0 197.0
23 20 144.0 189.0
19 21 0.0 100.0
37 8 125.0 18.0
15 49 35.0 9.0
9 35 165.0 97.0
6 33 145.0 2.0
24 18 106.0 198.0
24 22 6.0 192.0
29 26 25.0 150.0
9 33 186.0 177.0
21 22 193.0 63.0
40 3 163.0 180.0
19 27 170.0 128.0
46 45 7.0 115.0
46 27 190.0 65.0
36 9 4.0 148.0
11 32 65.0 181.0
21 24 53.0 4.0
32 13 92.0 46.0
1 43 66.0 55.0
32 9 83.0 36.0
12 34 107.0 90.0
25 18 182.0 50.0
20 25 61.0 138.0
30 14 101.0 127.0
24 23 136.0 155.0
25 19 98.0 180.0
25 21 139.0 164.0
42 7 94.0 22.0
31 10 176.0 1.0
5 36 89.0 158.0
8 39 99.0 151.0
3 37 151.0 0.0
38 8 119.0 39.0
50 49 193.0 18.0
31 37 178.0 132.0
33 15 94.0 72.0
49 46 95.0 70.0
33 45 31.0 137.0
31 30 149.0 130.0
26 17 87.0 100.0
38 45 51.0 158.0
29 17 165.0 44.0
25 22 150.0 143.0
10 36 159.0 196.0
22 20 21.0 6.0
43 5 28.0 52.0
10 35 157.0 130.0
10 33 159.0 196.0
26 20 184.0 10.0
34 11 146.0 149.0
45 18 170.0 96.0
23 22 156.0 81.0
26 22 111.0 129.0
19 46 174.0 92.0
46 29 189.0 132.0
41 5 182.0 148.0
25 50 119.0 167.0
5 26 99.0 17.0
20 24 76.0 21.0
40 7 23.0 184.0
37 12 132.0 86.0
41 3 172.0 107.0
48 31 13.0 162.0
42 6 59.0 195.0
46 2 185.0 130.0
6 40 48.0 84.0
17 46 76.0 76.0
45 5 157.0 99.0
20 43 31.0 89.0
41 50 125.0 3.0
29 18 163.0 90.0
34 13 97.0 22.0
11 36 183.0 34.0
30 12 17.0 183.0
40 24 88.0 93.0
5 42 151.0 197.0
26 21 55.0 182.0
2 36 78.0 132.0
45 4 83.0 41.0
3 44 12.0 132.0
28 19 75.0 147.0
9 37 14.0 92.0
28 47 62.0 102.0
4 41 21.0 13.0
29 38 77.0 77.0
41 37 141.0 155.0
16 32 196.0 25.0
7 36 36.0 8.0
16 35 162.0 111.0
50 1 178.0 177.0
35 12 79.0 192.0
34 16 173.0 100.0
28 46 144.0 50.0
28 21 27.0 85.0
22 27 119.0 23.0
10 39 48.0 107.0
31 16 79.0 11.0
31 13 17.0 9.0
30 19 6.0 48.0
25 15 18.0 131.0
51 29 121.0 162.0
14 37 93.0 100.0
46 4 186.0 164.0
10 41 100.0 34.0
22 29 14.0 131.0
12 39 13.0 184.0
17 47 7.0 19.0
46 6 68.0 177.0
33 17 23.0 141.0
33 16 104.0 117.0
27 16 128.0 90.0
53 44 194.0 180.0
25 27 12.0 161.0
50 3 4.0 177.0
29 23 167.0 163.0
44 7 136.0 35.0
24 28 73.0 159.0
39 9 40.0 178.0
9 40 167.0 168.0
9 10 172.0 113.0
27 48 121.0 136.0
6 38 53.0 77.0
34 17 113.0 172.0
12 40 67.0 49.0
33 34 58.0 141.0
51 2 3.0 50.0
44 1 189.0 170.0
31 21 131.0 161.0
33 20 81.0 4.0
50 13 23.0 134.0
8 45 159.0 88.0
2 48 105.0 26.0
16 53 143.0 115.0
12 50 82.0 146.0
36 17 53.0 23.0
42 8 13.0 184.0
30 9 99.0 95.0
50 34 97.0 122.0
25 28 9.0 56.0
32 35 54.0 66.0
26 24 145.0 197.0
23 31 185.0 179.0
21 32 67.0 39.0
1 51 75.0 80.0
51 10 139.0 174.0
44 25 101.0 37.0
35 18 16.0 110.0
48 4 35.0 22.0
1 48 161.0 132.0
48 6 183.0 146.0
31 22 155.0 2.0
50 2 77.0 30.0
15 38 71.0 169.0
40 44 120.0 172.0
46 7 36.0 88.0
45 25 122.0 23.0
42 12 54.0 83.0
21 47 83.0 189.0
27 24 80.0 38.0
20 32 35.0 157.0
42 51 132.0 58.0
50 4 40.0 4.0
38 35 28.0 28.0
3 49 141.0 150.0
39 13 128.0 195.0
19 36 86.0 11.0
51 52 153.0 166.0
31 11 45.0 188.0
35 14 142.0 129.0
46 8 46.0 182.0
47 5 133.0 75.0
50 46 27.0 75.0
53 2 82.0 155.0
18 36 134.0 120.0
52 23 36.0 87.0
30 24 171.0 81.0
30 25 8.0 114.0
30 23 123.0 55.0
9 46 128.0 57.0
20 35 22.0 156.0
33 21 113.0 56.0
17 37 149.0 48.0
4 44 32.0 186.0
15 24 94.0 3.0
9 44 127.0 103.0
40 15 81.0 3.0
27 28 147.0 161.0
10 44 50.0 122.0
22 33 115.0 164.0
50 48 73.0 64.0
19 34 71.0 105.0
20 49 4.0 117.0
20 36 0.0 84.0
48 15 122.0 81.0
51 50 147.0 22.0
46 13 45.0 197.0
29 24 181.0 112.0
14 48 81.0 55.0
49 7 105.0 104.0
31 24 56.0 62.0
7 47 76.0 56.0
31 25 140.0 199.0
43 6 197.0 87.0
45 11 191.0 195.0
13 41 27.0 125.0
9 47 120.0 60.0
25 32 18.0 177.0
23 33 132.0 74.0
52 15 26.0 8.0
22 34 57.0 118.0
53 5 1.0 55.0
13 43 192.0 145.0
7 48 146.0 19.0
10 47 94.0 18.0
30 27 86.0 112.0
19 39 76.0 170.0
8 49 97.0 55.0
38 19 23.0 155.0
46 12 21.0 24.0
44 8 73.0 13.0
6 49 41.0 171.0
33 19 117.0 88.0
24 25 124.0 155.0
16 39 64.0 0.0
13 45 147.0 113.0
34 24 112.0 170.0
47 12 98.0 133.0
21 53 108.0 172.0
32 41 3.0 101.0
38 20 22.0 120.0
21 34 33.0 98.0
38 21 162.0 49.0
20 47 39.0 110.0
12 43 117.0 151.0
45 14 96.0 16.0
14 42 120.0 156.0
34 23 120.0 123.0
8 50 141.0 94.0
52 48 80.0 126.0
53 32 101.0 43.0
26 31 24.0 140.0
42 17 117.0 142.0
50 10 117.0 165.0
43 17 85.0 189.0
26 10 81.0 158.0
15 44 35.0 174.0
4 53 40.0 116.0
16 42 117.0 141.0
9 49 105.0 141.0
39 20 59.0 174.0
46 25 147.0 176.0
27 45 47.0 185.0
47 49 43.0 80.0
35 52 192.0 78.0
45 12 183.0 32.0
42 18 73.0 52.0
44 13 186.0 179.0
44 16 78.0 45.0
49 11 161.0 178.0
19 37 73.0 8.0
51 9 53.0 116.0
15 43 155.0 198.0
31 43 199.0 138.0
22 37 66.0 24.0
53 6 21.0 5.0
40 20 154.0 51.0
12 49 67.0 115.0
46 15 50.0 140.0
48 32 117.0 56.0
15 31 97.0 72.0
41 22 144.0 48.0
52 33 145.0 163.0
17 44 137.0 166.0
48 12 146.0 43.0
51 12 96.0 13.0
31 28 56.0 146.0
24 32 71.0 125.0
23 46 45.0 120.0
36 24 66.0 141.0
53 3 174.0 163.0
33 30 147.0 112.0
46 16 3.0 45.0
38 24 157.0 99.0
28 29 184.0 165.0
31 33 161.0 7.0
45 32 48.0 158.0
20 44 194.0 66.0
28 34 36.0 121.0
26 36 116.0 183.0
20 42 111.0 119.0
53 7 61.0 20.0
23 43 121.0 45.0
51 14 164.0 34.0
27 35 84.0 165.0
25 34 56.0 30.0
10 53 77.0 92.0
53 15 181.0 145.0
28 35 1.0 92.0
48 10 157.0 14.0
50 18 127.0 30.0
33 35 98.0 43.0
37 26 109.0 182.0
35 42 157.0 117.0
14 47 53.0 35.0
43 16 151.0 34.0
35 21 137.0 104.0
36 25 145.0 46.0
32 33 144.0 72.0
42 21 159.0 42.0
48 13 68.0 21.0
18 48 58.0 25.0
32 31 194.0 63.0
22 44 94.0 145.0
45 19 174.0 184.0
39 26 48.0 119.0
17 45 9.0 144.0
25 40 134.0 121.0
26 34 58.0 154.0
30 35 37.0 68.0
51 33 89.0 31.0
16 45 165.0 136.0
21 44 98.0 139.0
25 42 66.0 98.0
13 47 11.0 75.0
35 31 50.0 98.0
18 49 75.0 60.0
33 36 177.0 64.0
46 3 50.0 18.0
41 23 3.0 15.0
40 30 33.0 53.0
40 28 117.0 99.0
9 52 80.0 128.0
14 52 117.0 82.0
11 52 63.0 144.0
20 52 187.0 192.0
2 10 80.0 37.0
26 43 96.0 35.0
51 15 74.0 129.0
38 26 42.0 143.0
50 15 133.0 75.0
11 44 33.0 51.0
32 29 75.0 97.0
21 48 60.0 14.0
40 27 74.0 140.0
41 27 119.0 170.0
30 42 160.0 145.0
29 45 89.0 3.0
14 53 163.0 23.0
33 38 39.0 197.0
45 50 25.0 66.0
45 23 44.0 37.0
21 51 45.0 118.0
50 22 122.0 164.0
50 17 74.0 35.0
48 22 64.0 163.0
51 22 7.0 27.0
51 24 34.0 47.0
36 22 14.0 59.0
48 20 183.0 58.0
20 51 133.0 29.0
30 39 11.0 7.0
39 32 158.0 85.0
52 21 100.0 22.0
29 41 199.0 60.0
44 32 105.0 33.0
36 37 119.0 71.0
38 37 73.0 102.0
39 47 129.0 158.0
22 49 188.0 140.0
41 35 40.0 99.0
29 47 60.0 93.0
22 53 158.0 12.0
33 27 184.0 15.0
27 43 88.0 103.0
24 44 128.0 161.0
38 36 174.0 57.0
53 19 45.0 163.0
51 45 47.0 37.0
47 24 19.0 60.0
23 48 199.0 129.0
42 23 64.0 184.0
40 21 149.0 104.0
27 39 191.0 77.0
43 9 174.0 165.0
32 43 57.0 19.0
5 52 86.0 56.0
24 49 127.0 57.0
50 27 114.0 78.0
30 45 112.0 130.0
24 50 51.0 13.0
48 29 190.0 42.0
40 34 11.0 164.0
53 23 39.0 68.0
52 28 36.0 77.0
42 32 189.0 115.0
34 43 2.0 103.0
40 35 110.0 66.0
31 38 24.0 114.0
46 33 49.0 14.0
44 37 109.0 60.0
49 31 164.0 148.0
36 40 53.0 152.0
48 26 31.0 43.0
31 40 22.0 33.0
26 51 56.0 85.0
38 41 51.0 80.0
44 30 176.0 100.0
42 39 197.0 37.0
25 53 52.0 161.0
31 39 25.0 106.0
37 39 99.0 8.0
43 33 35.0 74.0
28 39 22.0 91.0
32 51 169.0 25.0
47 34 101.0 97.0
27 52 85.0 50.0
49 30 89.0 137.0
40 38 114.0 66.0
47 35 96.0 165.0
47 26 111.0 83.0
44 39 12.0 85.0
29 49 174.0 134.0
42 40 80.0 27.0
36 46 45.0 165.0
38 44 20.0 87.0
50 38 147.0 134.0
34 49 199.0 43.0
32 47 194.0 63.0
51 35 56.0 6.0
45 39 102.0 182.0
50 32 146.0 135.0
37 48 30.0 191.0
32 46 6.0 51.0
52 38 116.0 105.0
43 46 81.0 67.0
47 33 184.0 27.0
53 31 146.0 192.0
49 25 2.0 0.0
41 44 127.0 148.0
28 49 95.0 109.0
38 48 106.0 53.0
45 44 191.0 22.0
30 50 37.0 72.0
46 30 107.0 21.0
52 29 163.0 5.0
41 45 181.0 117.0
47 45 129.0 108.0
42 43 30.0 176.0
34 41 132.0 136.0
43 49 47.0 123.0
44 52 76.0 36.0
28 44 84.0 183.0
49 44 67.0 199.0
33 48 86.0 48.0
43 45 194.0 167.0
49 41 7.0 24.0
47 53 114.0 139.0
52 31 23.0 113.0
51 40 162.0 99.0
44 14 85.0 199.0
45 49 120.0 104.0
40 50 152.0 158.0
53 50 89.0 146.0
7 50 100.0 49.0
47 52 155.0 14.0
17 53 118.0 179.0
48 44 188.0 33.0
45 48 191.0 25.0
14 43 1.0 111.0
53 52 45.0 106.0
3 52 122.0 86.0
38 53 59.0 22.0
39 49 183.0 15.0
53 51 146.0 54.0
46 47 145.0 86.0
28 48 5.0 137.0
4 1 25.0 7.0
47 38 170.0 70.0
36 53 93.0 92.0
15 13 72.0 152.0
48 40 123.0 7.0
51 36 146.0 21.0
19 51 171.0 91.0
30 48 114.0 177.0
34 39 51.0 139.0
41 47 118.0 22.0
51 48 66.0 163.0
52 50 140.0 138.0
50 29 5.0 15.0
26 52 107.0 103.0
52 49 171.0 31.0
3 1 60.0 37.0
52 46 145.0 111.0
38 49 160.0 15.0
39 36 189.0 26.0
49 51 186.0 81.0
47 48 173.0 143.0
35 48 86.0 32.0
48 49 24.0 9.0
35 49 167.0 84.0
53 46 114.0 64.0
25 23 89.0 26.0
49 37 10.0 78.0
38 39 87.0 148.0
0
