59 1711 59 47 96830
19 34 184.0 41.0
11 37 87.0 142.0
42 31 171.0 151.0
2 11 57.0 143.0
12 3 38.0 124.0
47 44 95.0 136.0
54 5 18.0 169.0
22 18 149.0 57.0
51 15 82.0 134.0
56 34 74.0 170.0
5 23 145.0 197.0
58 2 190.0 2.0
9 34 181.0 180.0
18 42 189.0 29.0
46 24 46.0 159.0
42 51 122.0 148.0
11 30 150.0 5.0
8 34 114.0 176.0
56 28 43.0 59.0
29 2 116.0 185.0
39 24 26.0 98.0
10 59 155.0 15.0
23 31 10.0 2.0
26 4 162.0 133.0
37 33 198.0 64.0
7 38 169.0 112.0
6 4 135.0 13.0
9 25 31.0 51.0
48 56 151.0 57.0
59 9 10.0 59.0
43 9 143.0 172.0
16 21 51.0 58.0
57 35 116.0 49.0
14 51 32.0 86.0
58 24 175.0 119.0
48 22 70.0 6.0
18 53 53.0 21.0
6 39 41.0 63.0
47 19 112.0 136.0
44 53 40.0 163.0
33 46 136.0 109.0
42 8 115.0 120.0
35 15 151.0 91.0
36 52 83.0 21.0
49 50 2.0 136.0
33 7 25.0 195.0
30 55 32.0 89.0
48 34 147.0 24.0
24 51 95.0 83.0
3 28 30.0 11.0
42 37 55.0 182.0
33 20 65.0 138.0
14 34 82.0 19.0
44 12 117.0 59.0
7 42 25.0 149.0
16 30 171.0 173.0
25 42 44.0 66.0
10 35 8.0 74.0
16 25 83.0 63.0
49 32 18.0 100.0
10 36 159.0 52.0
51 5 33.0 77.0
51 38 165.0 11.0
12 28 68.0 136.0
10 44 109.0 112.0
23 25 116.0 117.0
50 36 63.0 199.0
8 47 68.0 33.0
27 39 57.0 179.0
47 21 161.0 42.0
59 20 91.0 79.0
51 47 38.0 111.0
35 59 155.0 147.0
29 51 61.0 71.0
27 17 36.0 76.0
8 46 43.0 56.0
7 3 145.0 100.0
33 17 79.0 58.0
40 47 42.0 123.0
35 42 75.0 80.0
46 14 76.0 30.0
5 1 145.0 89.0
21 38 196.0 133.0
24 5 22.0 40.0
17 11 22.0 119.0
27 4 136.0 54.0
55 17 172.0 130.0
58 32 77.0 47.0
49 4 136.0 153.0
8 35 55.0 33.0
17 39 34.0 51.0
47 15 39.0 8.0
26 47 123.0 13.0
54 26 123.0 11.0
42 3 64.0 95.0
38 11 44.0 141.0
18 32 104.0 133.0
7 53 49.0 159.0
36 58 146.0 35.0
13 50 94.0 185.0
37 35 178.0 18.0
5 50 167.0 54.0
57 47 26.0 31.0
2 9 17.0 23.0
40 31 13.0 122.0
28 41 160.0 14.0
43 31 107.0 58.0
21 14 118.0 1.0
48 25 165.0 48.0
20 56 76.0 132.0
48 27 48.0 102.0
36 2 11.0 66.0
32 56 60.0 176.0
41 29 74.0 20.0
59 47 187.0 181.0
1 11 173.0 57.0
36 57 59.0 139.0
53 40 116.0 87.0
12 7 131.0 165.0
13 47 52.0 94.0
47 18 0.0 64.0
6 7 5.0 26.0
52 25 93.0 144.0
36 35 152.0 19.0
32 38 172.0 163.0
22 30 24.0 89.0
3 13 10.0 107.0
44 31 16.0 15.0
52 33 38.0 16.0
38 55 183.0 195.0
24 50 48.0 28.0
29 15 154.0 152.0
56 33 91.0 78.0
3 51 157.0 67.0
44 20 66.0 119.0
54 20 154.0 34.0
53 2 82.0 144.0
1 13 152.0 65.0
3 30 126.0 1.0
9 8 50.0 32.0
24 12 138.0 141.0
4 2 59.0 95.0
23 56 17.0 78.0
16 26 67.0 123.0
6 9 113.0 149.0
54 51 143.0 66.0
26 35 153.0 21.0
25 14 145.0 3.0
26 8 50.0 84.0
11 35 146.0 109.0
2 13 152.0 163.0
14 8 167.0 19.0
53 51 17.0 81.0
46 23 147.0 112.0
2 32 42.0 100.0
45 34 7.0 188.0
45 37 115.0 9.0
16 4 158.0 13.0
50 41 110.0 110.0
48 49 71.0 30.0
12 2 138.0 40.0
10 6 128.0 37.0
10 21 178.0 122.0
58 27 3.0 186.0
4 52 146.0 118.0
59 30 77.0 104.0
2 5 177.0 187.0
49 53 50.0 48.0
5 33 42.0 140.0
11 58 33.0 122.0
23 38 165.0 11.0
5 35 146.0 168.0
5 6 163.0 44.0
31 58 132.0 40.0
7 10 65.0 109.0
20 35 182.0 67.0
12 37 97.0 176.0
40 48 4.0 82.0
4 8 155.0 122.0
50 43 92.0 53.0
49 34 154.0 55.0
36 22 15.0 39.0
52 56 81.0 33.0
35 58 65.0 63.0
36 8 197.0 162.0
59 56 91.0 153.0
12 57 85.0 46.0
45 10 199.0 177.0
15 1 51.0 105.0
44 11 164.0 18.0
8 31 7.0 46.0
30 40 12.0 73.0
16 2 96.0 9.0
41 54 26.0 139.0
52 34 156.0 111.0
47 24 91.0 107.0
46 16 161.0 142.0
31 59 154.0 125.0
34 3 116.0 113.0
43 56 190.0 80.0
4 13 62.0 39.0
8 10 194.0 88.0
25 19 106.0 102.0
46 35 119.0 198.0
54 47 82.0 32.0
50 14 170.0 188.0
20 31 170.0 38.0
31 49 70.0 113.0
38 10 164.0 132.0
1 54 199.0 158.0
13 22 66.0 57.0
1 31 195.0 138.0
19 41 57.0 77.0
11 7 114.0 179.0
6 14 64.0 36.0
3 14 97.0 135.0
27 21 136.0 14.0
16 8 115.0 87.0
34 42 6.0 134.0
14 10 156.0 1.0
54 53 75.0 13.0
28 30 73.0 141.0
1 17 52.0 137.0
3 56 132.0 101.0
22 43 84.0 20.0
55 2 25.0 151.0
44 51 60.0 31.0
5 36 104.0 16.0
33 25 169.0 179.0
58 12 89.0 194.0
59 45 80.0 141.0
7 8 0.0 165.0
3 35 150.0 84.0
37 13 153.0 127.0
5 37 182.0 13.0
17 58 16.0 38.0
27 8 41.0 137.0
8 6 43.0 82.0
19 53 122.0 75.0
13 58 81.0 122.0
38 16 175.0 184.0
29 50 171.0 128.0
27 9 70.0 105.0
6 2 140.0 38.0
9 33 107.0 181.0
7 18 177.0 150.0
15 14 11.0 51.0
17 3 196.0 44.0
22 14 182.0 171.0
5 59 114.0 153.0
8 25 170.0 137.0
26 3 20.0 110.0
3 9 17.0 127.0
23 4 52.0 146.0
22 3 25.0 15.0
5 9 8.0 173.0
12 6 132.0 191.0
20 1 91.0 198.0
24 36 14.0 61.0
39 14 70.0 35.0
19 45 179.0 39.0
53 29 103.0 183.0
31 41 108.0 80.0
54 32 50.0 68.0
24 41 96.0 134.0
45 13 167.0 187.0
15 4 83.0 134.0
49 42 195.0 105.0
27 7 131.0 126.0
39 20 170.0 186.0
5 38 70.0 30.0
4 5 172.0 72.0
50 22 170.0 20.0
35 12 159.0 90.0
43 54 35.0 42.0
40 57 132.0 182.0
4 38 30.0 16.0
57 13 79.0 152.0
51 57 196.0 101.0
7 28 144.0 121.0
49 41 71.0 67.0
53 32 12.0 30.0
30 58 182.0 47.0
9 7 71.0 66.0
40 54 108.0 53.0
8 50 114.0 139.0
51 48 22.0 62.0
16 56 147.0 119.0
38 42 178.0 19.0
10 5 132.0 190.0
35 32 101.0 114.0
12 4 61.0 172.0
15 31 156.0 170.0
26 37 75.0 22.0
25 38 117.0 50.0
35 21 145.0 65.0
7 30 106.0 123.0
6 1 63.0 38.0
37 15 75.0 165.0
34 55 3.0 88.0
4 10 154.0 111.0
16 5 174.0 181.0
24 35 38.0 92.0
13 9 11.0 135.0
26 10 182.0 117.0
19 51 179.0 46.0
6 26 48.0 6.0
21 41 119.0 51.0
3 50 177.0 73.0
35 9 170.0 151.0
43 26 143.0 160.0
26 19 49.0 154.0
32 34 29.0 184.0
29 38 191.0 160.0
2 7 45.0 39.0
50 58 165.0 165.0
48 15 158.0 142.0
23 16 36.0 80.0
45 27 146.0 179.0
6 15 146.0 147.0
27 37 137.0 127.0
19 16 106.0 128.0
25 2 113.0 152.0
59 26 71.0 31.0
40 8 57.0 181.0
8 11 61.0 45.0
16 11 95.0 159.0
4 42 171.0 41.0
20 55 103.0 60.0
11 14 108.0 10.0
15 11 172.0 173.0
36 9 194.0 43.0
16 1 53.0 51.0
19 40 44.0 66.0
54 31 38.0 139.0
5 8 122.0 161.0
17 12 155.0 25.0
25 31 20.0 15.0
45 4 36.0 192.0
1 10 179.0 183.0
43 12 154.0 33.0
52 15 11.0 151.0
50 35 161.0 1.0
10 3 123.0 83.0
40 7 96.0 79.0
12 5 53.0 68.0
10 48 133.0 42.0
3 37 117.0 112.0
48 17 198.0 24.0
36 43 26.0 10.0
22 23 40.0 187.0
52 21 165.0 116.0
27 42 82.0 62.0
48 32 77.0 88.0
20 32 0.0 162.0
9 29 166.0 70.0
46 11 25.0 165.0
57 16 38.0 51.0
42 28 72.0 31.0
48 35 46.0 38.0
21 59 135.0 81.0
2 15 134.0 164.0
43 38 6.0 134.0
12 40 181.0 124.0
54 36 71.0 6.0
55 18 163.0 62.0
49 1 163.0 35.0
39 38 38.0 9.0
7 13 164.0 173.0
46 27 62.0 98.0
9 40 73.0 68.0
21 24 39.0 54.0
4 47 155.0 111.0
11 3 68.0 118.0
14 2 162.0 183.0
47 42 160.0 0.0
21 26 199.0 124.0
52 55 184.0 13.0
36 17 148.0 9.0
44 46 13.0 139.0
37 25 146.0 120.0
49 39 97.0 166.0
48 30 27.0 11.0
16 43 82.0 187.0
10 51 56.0 33.0
46 36 149.0 192.0
17 5 12.0 49.0
26 41 94.0 177.0
6 22 71.0 192.0
5 44 184.0 168.0
18 46 108.0 11.0
29 42 184.0 142.0
11 5 53.0 41.0
40 58 160.0 155.0
38 19 5.0 124.0
13 5 89.0 52.0
4 3 40.0 160.0
20 2 168.0 24.0
9 11 156.0 28.0
26 53 2.0 92.0
2 30 178.0 55.0
33 18 58.0 90.0
10 11 112.0 16.0
10 29 19.0 1.0
31 10 20.0 59.0
8 13 54.0 188.0
8 3 10.0 162.0
6 13 143.0 12.0
2 10 163.0 121.0
32 9 149.0 22.0
36 16 44.0 62.0
48 58 170.0 63.0
13 20 123.0 190.0
50 10 181.0 177.0
23 11 144.0 192.0
54 24 191.0 87.0
34 28 7.0 155.0
36 55 52.0 108.0
15 20 177.0 96.0
1 12 67.0 99.0
27 10 96.0 190.0
23 42 177.0 78.0
52 8 62.0 121.0
35 53 3.0 54.0
25 56 147.0 162.0
55 46 161.0 199.0
11 24 131.0 90.0
7 15 98.0 198.0
53 45 108.0 146.0
27 47 23.0 85.0
58 18 25.0 85.0
15 16 94.0 28.0
12 15 94.0 41.0
8 1 53.0 7.0
3 19 151.0 136.0
18 5 22.0 1.0
17 6 86.0 83.0
22 37 123.0 109.0
55 51 101.0 148.0
8 53 90.0 196.0
12 9 178.0 137.0
55 53 22.0 184.0
29 14 185.0 125.0
13 55 33.0 7.0
30 41 103.0 71.0
4 18 194.0 178.0
39 22 117.0 95.0
19 32 172.0 159.0
21 42 15.0 103.0
18 3 91.0 37.0
14 9 118.0 76.0
19 1 172.0 104.0
50 55 41.0 28.0
43 20 139.0 187.0
46 1 139.0 8.0
33 28 111.0 64.0
11 25 65.0 126.0
45 14 117.0 156.0
53 3 175.0 188.0
11 51 49.0 99.0
5 19 79.0 42.0
6 46 123.0 18.0
51 18 142.0 14.0
46 42 66.0 53.0
11 41 155.0 131.0
54 52 75.0 25.0
23 1 194.0 50.0
5 7 28.0 44.0
50 34 67.0 108.0
21 48 132.0 190.0
9 1 3.0 74.0
48 8 185.0 69.0
48 54 104.0 92.0
46 17 14.0 131.0
40 6 43.0 160.0
11 4 113.0 72.0
9 16 63.0 133.0
45 7 163.0 147.0
6 3 20.0 166.0
14 59 62.0 157.0
53 58 130.0 118.0
6 16 105.0 96.0
41 16 67.0 149.0
25 6 8.0 133.0
9 4 11.0 23.0
10 13 174.0 175.0
8 17 51.0 194.0
11 13 20.0 65.0
27 55 175.0 103.0
32 41 168.0 81.0
8 18 70.0 36.0
9 15 156.0 30.0
13 12 128.0 119.0
31 37 24.0 102.0
1 22 173.0 27.0
12 26 56.0 145.0
21 3 13.0 31.0
44 27 104.0 182.0
19 22 49.0 126.0
38 40 78.0 157.0
35 14 91.0 6.0
20 4 167.0 67.0
17 10 13.0 140.0
16 3 16.0 69.0
7 14 134.0 30.0
8 19 163.0 191.0
14 47 25.0 165.0
27 59 141.0 55.0
13 54 179.0 33.0
2 21 136.0 146.0
21 5 135.0 149.0
47 20 115.0 152.0
50 21 91.0 2.0
13 36 80.0 7.0
23 54 41.0 57.0
53 22 102.0 182.0
8 12 0.0 33.0
6 34 15.0 136.0
17 2 151.0 151.0
26 29 181.0 67.0
49 8 31.0 25.0
47 34 28.0 63.0
28 51 106.0 69.0
1 18 109.0 160.0
10 16 39.0 61.0
2 24 151.0 55.0
15 3 145.0 55.0
18 6 146.0 79.0
18 16 109.0 129.0
49 7 148.0 137.0
2 34 48.0 6.0
49 17 38.0 109.0
14 5 45.0 78.0
12 25 163.0 149.0
4 21 56.0 60.0
31 51 173.0 2.0
7 34 187.0 82.0
44 26 43.0 87.0
4 57 197.0 43.0
5 15 181.0 36.0
24 18 4.0 27.0
46 25 98.0 167.0
10 18 58.0 154.0
45 49 18.0 31.0
23 12 170.0 158.0
37 7 71.0 13.0
7 4 56.0 20.0
21 1 140.0 38.0
18 52 129.0 144.0
21 30 125.0 27.0
23 26 113.0 183.0
19 36 32.0 84.0
21 8 171.0 154.0
1 58 179.0 42.0
8 58 88.0 187.0
58 28 98.0 28.0
6 21 35.0 27.0
24 8 29.0 160.0
33 22 30.0 95.0
4 1 148.0 14.0
59 37 12.0 120.0
35 45 168.0 143.0
47 53 49.0 56.0
21 45 151.0 99.0
1 26 147.0 186.0
45 31 74.0 176.0
56 50 112.0 56.0
51 59 127.0 60.0
36 27 136.0 140.0
17 18 72.0 104.0
11 22 75.0 73.0
2 8 108.0 26.0
46 2 136.0 55.0
20 8 114.0 162.0
34 20 161.0 178.0
22 5 88.0 41.0
13 30 18.0 24.0
13 14 87.0 90.0
16 12 36.0 162.0
15 10 91.0 144.0
12 36 24.0 28.0
24 4 94.0 90.0
28 16 154.0 7.0
56 57 29.0 42.0
27 14 102.0 47.0
34 26 36.0 189.0
59 3 46.0 24.0
10 9 51.0 90.0
42 14 111.0 27.0
9 19 21.0 157.0
8 41 44.0 127.0
22 7 99.0 73.0
55 11 136.0 153.0
40 52 121.0 124.0
58 15 192.0 119.0
21 34 46.0 195.0
51 58 92.0 158.0
50 15 78.0 113.0
12 18 150.0 122.0
34 35 56.0 1.0
49 23 87.0 144.0
15 8 45.0 160.0
26 39 144.0 37.0
12 10 25.0 190.0
11 6 100.0 117.0
24 37 152.0 178.0
29 18 42.0 54.0
56 55 76.0 98.0
19 10 161.0 163.0
25 1 138.0 6.0
14 31 101.0 82.0
40 16 187.0 78.0
21 15 93.0 87.0
30 1 153.0 45.0
24 1 173.0 148.0
7 17 69.0 49.0
6 19 9.0 30.0
19 11 100.0 99.0
56 13 116.0 154.0
29 37 179.0 104.0
11 18 6.0 24.0
2 27 134.0 111.0
21 7 77.0 59.0
59 54 155.0 98.0
3 24 17.0 117.0
24 6 6.0 118.0
29 35 4.0 122.0
19 2 36.0 135.0
25 5 187.0 194.0
3 23 150.0 121.0
52 11 79.0 179.0
9 17 170.0 35.0
4 33 131.0 188.0
22 9 70.0 137.0
13 15 90.0 74.0
13 17 112.0 127.0
14 12 101.0 99.0
36 23 49.0 3.0
33 13 99.0 80.0
45 30 72.0 21.0
3 5 92.0 3.0
39 57 53.0 162.0
36 38 142.0 96.0
2 54 23.0 54.0
26 42 28.0 76.0
29 1 31.0 77.0
4 58 128.0 82.0
8 22 148.0 0.0
38 37 188.0 192.0
34 46 152.0 42.0
28 39 198.0 94.0
37 20 161.0 173.0
6 50 179.0 189.0
41 47 93.0 162.0
50 16 105.0 21.0
18 13 68.0 5.0
6 20 130.0 57.0
20 5 105.0 35.0
25 7 6.0 103.0
2 3 83.0 119.0
29 4 7.0 14.0
23 6 7.0 100.0
31 12 176.0 64.0
36 44 178.0 196.0
9 21 125.0 60.0
44 17 149.0 30.0
12 21 7.0 107.0
54 21 193.0 42.0
32 1 167.0 152.0
16 14 62.0 127.0
13 16 126.0 190.0
11 34 129.0 56.0
15 57 0.0 6.0
14 36 93.0 102.0
24 28 140.0 52.0
17 15 76.0 133.0
57 52 193.0 44.0
58 6 120.0 7.0
5 27 176.0 199.0
24 44 184.0 57.0
5 26 41.0 136.0
59 18 30.0 86.0
31 2 84.0 171.0
1 7 194.0 113.0
59 46 88.0 139.0
15 19 146.0 160.0
46 31 88.0 74.0
2 28 91.0 72.0
30 4 104.0 84.0
57 22 47.0 87.0
9 23 0.0 84.0
24 55 112.0 194.0
41 52 186.0 0.0
20 14 33.0 84.0
23 21 39.0 121.0
34 1 143.0 83.0
33 50 154.0 199.0
4 22 104.0 2.0
28 47 115.0 104.0
42 30 189.0 179.0
27 51 120.0 127.0
43 13 165.0 153.0
33 57 165.0 157.0
50 39 80.0 60.0
25 4 50.0 34.0
14 26 99.0 106.0
13 38 109.0 166.0
2 18 101.0 98.0
55 31 122.0 22.0
48 2 111.0 40.0
58 44 79.0 77.0
10 20 148.0 159.0
17 24 104.0 150.0
49 5 161.0 155.0
42 58 185.0 70.0
1 27 48.0 87.0
5 34 135.0 122.0
35 40 95.0 199.0
28 15 100.0 174.0
28 49 19.0 49.0
13 46 14.0 123.0
54 44 180.0 127.0
3 29 121.0 166.0
10 22 65.0 169.0
47 43 6.0 153.0
17 14 118.0 101.0
31 30 97.0 170.0
23 47 194.0 68.0
24 9 179.0 160.0
7 56 124.0 160.0
18 15 5.0 46.0
19 13 53.0 22.0
30 5 18.0 59.0
26 2 163.0 136.0
28 8 103.0 13.0
41 48 1.0 97.0
28 5 150.0 132.0
34 15 183.0 75.0
2 23 157.0 140.0
17 16 52.0 162.0
6 28 26.0 70.0
33 38 180.0 141.0
3 32 94.0 35.0
44 35 165.0 95.0
11 21 191.0 115.0
29 8 147.0 174.0
23 8 56.0 56.0
20 11 24.0 108.0
27 28 32.0 2.0
6 30 104.0 12.0
1 28 38.0 199.0
9 26 24.0 155.0
27 6 3.0 167.0
32 25 181.0 150.0
54 6 143.0 189.0
19 42 74.0 119.0
7 20 67.0 106.0
44 25 116.0 171.0
5 31 0.0 107.0
10 23 99.0 177.0
27 3 51.0 102.0
38 15 151.0 32.0
25 17 44.0 46.0
32 6 49.0 119.0
58 29 58.0 68.0
7 29 117.0 126.0
3 20 187.0 70.0
53 25 133.0 38.0
38 58 86.0 184.0
33 1 12.0 189.0
6 31 11.0 9.0
33 6 146.0 12.0
34 24 57.0 156.0
44 23 138.0 175.0
47 7 164.0 77.0
20 17 43.0 49.0
18 20 106.0 129.0
31 3 144.0 70.0
21 13 165.0 107.0
23 14 121.0 111.0
7 54 128.0 178.0
21 49 169.0 18.0
37 2 50.0 85.0
28 10 19.0 94.0
37 16 123.0 77.0
41 43 105.0 67.0
9 50 195.0 70.0
19 17 151.0 116.0
20 16 6.0 80.0
24 22 54.0 175.0
19 54 157.0 105.0
40 36 69.0 128.0
2 35 173.0 144.0
19 12 141.0 30.0
13 35 138.0 88.0
19 4 91.0 41.0
41 14 3.0 97.0
40 26 70.0 57.0
20 24 185.0 179.0
4 43 40.0 54.0
23 13 27.0 165.0
28 4 54.0 121.0
36 4 35.0 144.0
6 44 169.0 78.0
7 19 39.0 172.0
43 29 37.0 109.0
57 50 57.0 22.0
33 39 69.0 49.0
28 43 95.0 48.0
4 14 58.0 101.0
7 23 49.0 45.0
13 24 49.0 18.0
2 22 50.0 88.0
35 38 115.0 87.0
26 11 193.0 125.0
2 44 22.0 14.0
28 14 103.0 69.0
21 18 67.0 113.0
36 51 158.0 116.0
1 38 133.0 159.0
54 42 47.0 135.0
7 26 43.0 115.0
29 46 78.0 36.0
10 25 59.0 52.0
23 20 48.0 114.0
37 17 68.0 115.0
8 56 21.0 26.0
48 43 193.0 106.0
6 29 87.0 193.0
1 35 51.0 82.0
11 50 170.0 81.0
59 23 184.0 182.0
17 21 156.0 33.0
38 22 15.0 24.0
23 33 1.0 189.0
16 55 77.0 147.0
24 10 56.0 116.0
41 15 4.0 59.0
9 37 188.0 126.0
24 7 185.0 124.0
39 42 33.0 141.0
5 46 94.0 49.0
23 58 59.0 47.0
57 38 126.0 88.0
33 8 190.0 135.0
12 53 22.0 146.0
18 19 65.0 10.0
4 32 90.0 50.0
7 32 6.0 76.0
21 36 181.0 52.0
38 2 0.0 40.0
44 50 84.0 127.0
26 13 38.0 27.0
15 59 199.0 12.0
13 44 132.0 64.0
51 37 56.0 22.0
3 33 24.0 14.0
1 55 90.0 5.0
57 42 116.0 91.0
32 59 113.0 0.0
21 56 96.0 103.0
10 30 151.0 96.0
22 44 150.0 83.0
25 47 94.0 6.0
5 32 84.0 119.0
21 28 61.0 126.0
14 19 103.0 177.0
11 27 75.0 169.0
19 20 62.0 172.0
1 43 77.0 166.0
27 34 16.0 179.0
25 34 168.0 110.0
59 44 54.0 4.0
17 47 36.0 116.0
59 52 191.0 91.0
31 9 85.0 67.0
12 11 25.0 99.0
50 25 95.0 54.0
20 9 126.0 63.0
43 57 35.0 46.0
41 2 69.0 89.0
23 19 33.0 57.0
20 22 26.0 24.0
18 23 198.0 111.0
31 4 197.0 23.0
12 27 95.0 45.0
23 45 188.0 22.0
11 29 94.0 23.0
23 15 156.0 115.0
9 18 169.0 189.0
4 34 187.0 147.0
41 1 195.0 138.0
15 22 50.0 145.0
22 16 7.0 146.0
58 7 189.0 195.0
35 47 11.0 83.0
56 49 1.0 119.0
13 27 149.0 122.0
34 18 187.0 137.0
35 4 102.0 134.0
30 27 132.0 153.0
21 20 176.0 91.0
13 28 159.0 165.0
12 29 92.0 123.0
1 37 26.0 45.0
1 36 81.0 175.0
32 46 21.0 68.0
9 39 80.0 76.0
11 59 159.0 164.0
3 36 3.0 135.0
50 1 56.0 114.0
40 39 155.0 148.0
38 3 87.0 181.0
35 6 54.0 168.0
20 48 64.0 76.0
19 21 128.0 144.0
14 56 69.0 88.0
8 30 162.0 72.0
18 56 80.0 18.0
40 14 160.0 35.0
37 6 26.0 47.0
11 31 2.0 81.0
19 28 97.0 18.0
10 33 50.0 178.0
43 19 91.0 119.0
35 27 69.0 6.0
27 41 57.0 102.0
54 9 8.0 17.0
24 15 39.0 187.0
49 36 138.0 41.0
4 17 94.0 188.0
15 26 150.0 96.0
16 24 177.0 193.0
12 20 143.0 47.0
38 6 23.0 1.0
40 24 0.0 184.0
39 3 170.0 39.0
39 30 24.0 61.0
51 45 170.0 70.0
29 31 151.0 120.0
22 12 147.0 128.0
13 49 145.0 90.0
21 37 171.0 121.0
16 7 1.0 123.0
6 36 171.0 123.0
7 31 143.0 147.0
48 14 152.0 114.0
48 16 20.0 103.0
11 28 70.0 119.0
42 2 92.0 15.0
51 34 67.0 15.0
34 10 21.0 20.0
19 59 153.0 144.0
13 25 113.0 96.0
32 10 147.0 66.0
30 12 1.0 119.0
19 44 169.0 71.0
58 49 101.0 13.0
27 15 121.0 120.0
51 25 172.0 94.0
28 36 115.0 77.0
54 49 47.0 29.0
28 18 37.0 194.0
2 33 74.0 38.0
53 20 152.0 195.0
9 30 28.0 5.0
49 33 106.0 149.0
2 43 5.0 30.0
23 52 21.0 120.0
29 16 73.0 68.0
13 31 117.0 62.0
32 12 81.0 143.0
38 47 15.0 34.0
19 24 38.0 196.0
5 29 86.0 144.0
1 45 128.0 91.0
44 49 171.0 150.0
32 30 62.0 196.0
2 39 162.0 131.0
34 12 25.0 196.0
14 30 14.0 193.0
5 40 42.0 52.0
45 11 180.0 129.0
4 39 62.0 60.0
31 57 50.0 185.0
32 13 166.0 64.0
55 5 103.0 81.0
57 17 185.0 81.0
27 16 184.0 199.0
39 58 53.0 27.0
40 2 75.0 185.0
17 29 65.0 89.0
25 35 141.0 67.0
24 14 49.0 60.0
40 3 51.0 104.0
20 26 181.0 188.0
41 35 178.0 165.0
37 57 141.0 184.0
7 35 181.0 168.0
40 27 24.0 198.0
39 5 140.0 117.0
43 45 82.0 141.0
7 59 40.0 133.0
40 4 147.0 21.0
37 46 154.0 77.0
20 27 184.0 47.0
1 40 198.0 117.0
50 20 109.0 174.0
58 59 136.0 2.0
37 10 44.0 18.0
35 52 77.0 84.0
42 6 188.0 176.0
34 36 32.0 94.0
25 22 50.0 16.0
22 55 87.0 48.0
13 29 36.0 148.0
41 4 40.0 172.0
3 41 187.0 84.0
9 38 69.0 64.0
11 36 80.0 9.0
21 22 65.0 112.0
26 17 58.0 115.0
14 32 119.0 145.0
59 8 157.0 107.0
41 46 90.0 150.0
31 24 68.0 78.0
25 20 38.0 89.0
1 39 133.0 118.0
36 7 103.0 150.0
37 8 30.0 114.0
30 19 23.0 149.0
7 57 54.0 132.0
6 41 15.0 96.0
57 59 176.0 35.0
31 18 108.0 15.0
23 39 34.0 193.0
50 4 28.0 90.0
4 37 92.0 59.0
32 8 25.0 67.0
33 11 162.0 31.0
22 26 55.0 130.0
32 16 75.0 32.0
53 17 122.0 183.0
59 24 49.0 109.0
15 30 79.0 29.0
28 17 74.0 123.0
22 49 74.0 51.0
45 2 81.0 189.0
20 38 64.0 137.0
18 35 31.0 139.0
47 1 100.0 153.0
28 20 169.0 101.0
47 3 120.0 0.0
19 27 76.0 147.0
1 44 65.0 151.0
50 30 43.0 99.0
30 18 47.0 59.0
31 32 77.0 30.0
46 20 122.0 129.0
43 5 12.0 91.0
23 17 189.0 132.0
15 33 137.0 66.0
32 36 63.0 154.0
28 9 24.0 106.0
43 8 150.0 23.0
33 30 187.0 179.0
53 16 36.0 109.0
5 41 110.0 48.0
45 3 161.0 51.0
48 5 194.0 50.0
44 14 51.0 57.0
16 31 52.0 27.0
25 59 195.0 154.0
39 11 47.0 134.0
18 14 191.0 35.0
15 55 190.0 53.0
25 24 85.0 104.0
6 43 12.0 80.0
50 18 122.0 16.0
46 28 133.0 126.0
32 17 55.0 81.0
19 29 161.0 54.0
4 46 158.0 152.0
54 50 199.0 149.0
19 48 36.0 84.0
42 5 23.0 0.0
48 1 59.0 97.0
34 16 10.0 144.0
40 42 22.0 66.0
15 32 4.0 135.0
21 39 192.0 162.0
28 22 59.0 143.0
23 24 180.0 95.0
19 31 102.0 155.0
26 24 76.0 161.0
24 27 138.0 39.0
21 40 76.0 160.0
34 13 44.0 32.0
17 31 85.0 188.0
44 4 31.0 145.0
35 17 8.0 163.0
11 49 105.0 63.0
37 52 157.0 181.0
23 28 14.0 95.0
10 39 7.0 42.0
3 46 144.0 3.0
30 20 136.0 181.0
27 54 187.0 119.0
29 20 111.0 148.0
34 17 130.0 16.0
10 40 118.0 39.0
35 16 0.0 84.0
2 47 151.0 159.0
56 17 79.0 47.0
29 22 181.0 168.0
46 49 130.0 168.0
43 3 178.0 41.0
57 44 115.0 61.0
57 24 130.0 185.0
17 30 34.0 82.0
54 15 5.0 137.0
31 39 13.0 36.0
6 45 24.0 194.0
32 45 118.0 106.0
51 1 62.0 96.0
31 21 165.0 129.0
3 49 149.0 48.0
11 40 187.0 136.0
38 12 183.0 192.0
50 2 127.0 196.0
42 9 133.0 103.0
16 33 40.0 3.0
7 41 66.0 54.0
4 53 123.0 183.0
13 39 186.0 24.0
7 43 38.0 173.0
40 46 196.0 173.0
33 12 138.0 123.0
22 27 73.0 23.0
41 44 47.0 65.0
36 15 191.0 113.0
24 33 154.0 66.0
33 14 194.0 92.0
35 28 37.0 184.0
2 49 136.0 33.0
9 44 144.0 74.0
47 6 25.0 170.0
7 46 58.0 72.0
23 37 163.0 1.0
14 54 67.0 70.0
42 1 161.0 62.0
48 6 66.0 150.0
13 40 188.0 2.0
47 5 129.0 85.0
27 18 107.0 106.0
29 25 102.0 166.0
3 48 55.0 17.0
27 23 97.0 75.0
45 8 182.0 10.0
44 8 196.0 0.0
1 52 186.0 184.0
43 14 15.0 67.0
7 44 119.0 122.0
17 22 172.0 173.0
32 55 147.0 179.0
21 29 80.0 44.0
48 4 135.0 14.0
32 21 109.0 131.0
42 10 57.0 47.0
15 39 13.0 24.0
8 39 190.0 84.0
23 32 99.0 114.0
21 33 78.0 198.0
14 37 100.0 110.0
41 13 14.0 187.0
30 34 164.0 75.0
24 29 26.0 173.0
20 36 75.0 192.0
41 12 188.0 66.0
59 53 86.0 40.0
25 30 135.0 164.0
35 19 33.0 35.0
48 7 192.0 0.0
33 35 181.0 156.0
34 22 34.0 8.0
2 52 81.0 62.0
56 9 114.0 21.0
42 11 143.0 0.0
2 51 189.0 78.0
52 3 92.0 174.0
15 40 83.0 85.0
20 51 0.0 16.0
43 11 59.0 186.0
54 11 157.0 140.0
14 38 141.0 23.0
55 21 83.0 36.0
53 23 35.0 24.0
25 3 170.0 79.0
50 12 127.0 5.0
18 25 185.0 127.0
46 10 126.0 45.0
58 25 43.0 35.0
12 42 83.0 136.0
22 32 31.0 166.0
26 31 121.0 18.0
55 29 19.0 91.0
44 16 172.0 147.0
18 37 19.0 110.0
38 17 159.0 98.0
27 26 0.0 154.0
46 48 83.0 35.0
49 6 4.0 67.0
10 47 38.0 125.0
26 28 150.0 10.0
41 33 85.0 74.0
18 36 28.0 105.0
19 33 192.0 187.0
25 15 185.0 144.0
55 54 149.0 20.0
9 46 29.0 153.0
25 21 60.0 19.0
26 30 166.0 10.0
6 53 122.0 51.0
47 9 17.0 102.0
44 15 152.0 161.0
42 13 165.0 89.0
12 45 168.0 114.0
4 51 74.0 197.0
44 30 151.0 134.0
18 38 185.0 117.0
6 51 107.0 59.0
56 42 92.0 76.0
11 32 136.0 196.0
9 45 178.0 101.0
10 41 144.0 147.0
53 21 139.0 18.0
50 42 64.0 90.0
37 19 135.0 49.0
57 2 108.0 195.0
40 18 127.0 1.0
31 27 3.0 63.0
57 1 30.0 182.0
40 17 173.0 126.0
59 34 43.0 64.0
34 23 2.0 107.0
3 54 144.0 89.0
43 10 45.0 53.0
37 48 169.0 172.0
46 51 190.0 172.0
46 47 90.0 172.0
56 1 117.0 63.0
31 28 147.0 112.0
22 35 50.0 101.0
39 47 199.0 194.0
41 9 87.0 44.0
22 31 113.0 56.0
23 35 10.0 55.0
52 6 26.0 100.0
28 29 129.0 95.0
3 44 179.0 28.0
56 2 57.0 181.0
48 12 50.0 8.0
3 57 36.0 137.0
19 39 79.0 101.0
41 18 165.0 41.0
42 16 71.0 191.0
18 26 2.0 152.0
24 30 177.0 181.0
4 54 133.0 186.0
39 16 121.0 135.0
9 48 76.0 109.0
2 1 48.0 107.0
11 47 161.0 13.0
56 4 99.0 32.0
42 15 194.0 101.0
20 40 179.0 171.0
15 43 143.0 64.0
48 11 8.0 16.0
36 25 99.0 84.0
32 29 9.0 99.0
32 27 135.0 170.0
32 24 18.0 186.0
49 9 161.0 12.0
53 9 128.0 92.0
28 25 199.0 72.0
7 50 188.0 7.0
17 43 55.0 39.0
32 28 33.0 64.0
31 33 177.0 120.0
10 49 32.0 195.0
12 46 126.0 145.0
33 26 142.0 54.0
58 3 157.0 93.0
48 13 85.0 145.0
18 43 36.0 93.0
22 51 182.0 21.0
51 8 189.0 159.0
2 59 100.0 173.0
27 33 115.0 26.0
59 1 54.0 57.0
6 55 30.0 11.0
23 30 51.0 67.0
41 17 70.0 39.0
17 42 118.0 52.0
51 17 156.0 107.0
52 7 138.0 8.0
37 44 60.0 5.0
15 45 129.0 114.0
29 23 118.0 159.0
55 4 29.0 121.0
36 26 161.0 99.0
52 9 81.0 79.0
54 8 35.0 37.0
41 20 74.0 125.0
58 19 49.0 134.0
46 52 60.0 179.0
9 55 14.0 130.0
55 3 9.0 43.0
42 22 91.0 170.0
32 50 163.0 124.0
57 58 63.0 150.0
24 38 141.0 90.0
25 26 101.0 190.0
56 5 158.0 161.0
40 22 33.0 173.0
29 59 12.0 42.0
6 56 110.0 55.0
52 43 107.0 25.0
38 26 50.0 123.0
18 44 7.0 191.0
49 15 70.0 108.0
55 7 171.0 29.0
40 25 160.0 5.0
27 29 34.0 125.0
17 45 179.0 96.0
51 12 156.0 39.0
14 49 100.0 159.0
49 12 20.0 107.0
23 40 44.0 91.0
29 30 54.0 167.0
16 58 44.0 167.0
16 47 136.0 30.0
12 52 88.0 68.0
9 51 98.0 197.0
51 40 52.0 198.0
59 4 47.0 72.0
30 35 167.0 43.0
41 59 109.0 174.0
15 46 59.0 154.0
18 45 9.0 195.0
29 48 112.0 50.0
53 38 47.0 11.0
57 6 165.0 99.0
36 29 197.0 12.0
5 52 123.0 117.0
45 20 153.0 32.0
29 33 169.0 12.0
16 49 138.0 130.0
20 42 49.0 51.0
48 50 38.0 49.0
32 33 195.0 4.0
8 55 160.0 192.0
14 58 42.0 83.0
43 23 88.0 195.0
25 39 81.0 57.0
10 55 45.0 19.0
21 44 156.0 47.0
38 27 60.0 194.0
5 53 117.0 7.0
28 37 143.0 77.0
42 24 165.0 137.0
10 56 185.0 54.0
48 18 161.0 66.0
34 54 180.0 7.0
57 8 145.0 88.0
43 25 146.0 157.0
12 47 104.0 63.0
53 13 176.0 199.0
21 43 136.0 94.0
54 12 63.0 121.0
13 52 71.0 24.0
36 31 38.0 51.0
52 14 187.0 183.0
39 18 110.0 134.0
52 10 172.0 14.0
11 56 150.0 100.0
45 24 73.0 86.0
48 26 162.0 136.0
38 28 78.0 33.0
22 41 134.0 116.0
9 58 52.0 73.0
35 39 153.0 163.0
49 59 103.0 125.0
34 33 196.0 5.0
46 21 170.0 22.0
57 10 104.0 132.0
31 35 72.0 134.0
19 46 32.0 6.0
47 22 151.0 85.0
50 17 148.0 104.0
52 17 72.0 3.0
31 34 34.0 21.0
55 12 8.0 157.0
39 29 129.0 64.0
30 54 16.0 153.0
10 54 159.0 49.0
32 26 29.0 110.0
46 22 63.0 129.0
43 24 10.0 136.0
20 49 97.0 196.0
12 56 57.0 58.0
57 9 58.0 138.0
28 40 26.0 74.0
16 45 193.0 137.0
30 37 95.0 174.0
30 38 66.0 159.0
40 29 33.0 76.0
45 25 108.0 83.0
49 18 77.0 117.0
5 58 40.0 135.0
44 29 54.0 18.0
56 37 150.0 199.0
53 1 122.0 46.0
15 53 170.0 140.0
16 54 112.0 3.0
41 25 171.0 20.0
25 27 99.0 48.0
32 44 149.0 139.0
14 55 85.0 3.0
54 18 22.0 36.0
19 52 157.0 96.0
53 57 99.0 127.0
43 59 46.0 11.0
20 57 156.0 169.0
37 34 122.0 55.0
24 48 153.0 71.0
14 53 171.0 190.0
36 41 107.0 145.0
44 28 107.0 16.0
59 16 84.0 6.0
16 52 3.0 82.0
15 56 177.0 111.0
57 14 30.0 99.0
49 25 123.0 183.0
51 21 80.0 46.0
22 52 116.0 187.0
33 36 63.0 24.0
56 51 133.0 99.0
30 49 56.0 88.0
23 48 63.0 33.0
27 43 185.0 93.0
41 23 106.0 108.0
42 33 105.0 186.0
43 30 81.0 174.0
55 19 85.0 144.0
33 40 84.0 19.0
26 46 170.0 93.0
39 34 130.0 185.0
7 51 121.0 115.0
32 40 12.0 180.0
54 22 178.0 69.0
55 37 78.0 60.0
38 34 78.0 116.0
42 55 185.0 114.0
51 23 158.0 107.0
54 17 49.0 88.0
49 19 134.0 170.0
51 33 13.0 146.0
45 26 17.0 191.0
10 58 156.0 96.0
45 28 64.0 186.0
53 10 197.0 1.0
51 26 194.0 107.0
48 28 29.0 195.0
26 50 83.0 163.0
34 41 41.0 48.0
49 27 39.0 59.0
7 39 155.0 148.0
26 49 122.0 171.0
12 59 96.0 71.0
29 47 34.0 90.0
52 24 79.0 63.0
49 24 176.0 114.0
30 46 116.0 170.0
29 34 54.0 107.0
13 59 159.0 10.0
20 52 177.0 33.0
52 26 187.0 25.0
37 39 114.0 173.0
36 37 62.0 145.0
40 37 55.0 38.0
29 45 186.0 123.0
44 33 77.0 40.0
6 59 28.0 188.0
34 40 42.0 157.0
45 33 17.0 181.0
17 59 157.0 84.0
34 43 111.0 19.0
36 42 120.0 166.0
37 41 159.0 58.0
42 32 157.0 189.0
25 54 189.0 137.0
31 38 181.0 183.0
29 49 81.0 150.0
58 21 14.0 190.0
38 41 9.0 77.0
25 55 140.0 130.0
12 39 156.0 52.0
55 23 93.0 65.0
56 19 121.0 34.0
52 28 80.0 102.0
52 27 157.0 161.0
58 22 55.0 124.0
47 32 34.0 65.0
47 30 33.0 175.0
32 39 127.0 189.0
26 55 38.0 172.0
43 33 108.0 112.0
36 39 167.0 140.0
36 30 11.0 76.0
27 53 68.0 66.0
50 19 103.0 102.0
43 35 118.0 136.0
33 48 28.0 197.0
54 46 95.0 19.0
27 50 8.0 3.0
22 56 69.0 175.0
28 50 152.0 32.0
42 41 110.0 172.0
43 37 116.0 165.0
54 28 16.0 34.0
44 38 16.0 197.0
28 53 32.0 111.0
45 47 148.0 40.0
56 41 109.0 169.0
25 57 174.0 13.0
56 26 90.0 84.0
56 27 172.0 6.0
59 55 186.0 140.0
51 30 81.0 3.0
38 49 4.0 113.0
37 54 46.0 105.0
26 57 42.0 156.0
31 47 184.0 169.0
39 43 23.0 74.0
31 50 110.0 147.0
57 27 154.0 48.0
52 31 82.0 187.0
13 51 3.0 39.0
52 29 29.0 49.0
40 41 150.0 23.0
26 58 138.0 86.0
24 53 5.0 113.0
33 47 122.0 67.0
48 31 76.0 28.0
34 44 189.0 111.0
51 32 72.0 192.0
53 31 168.0 53.0
57 29 30.0 71.0
57 19 19.0 120.0
39 46 167.0 176.0
32 43 96.0 41.0
56 30 182.0 125.0
40 45 153.0 171.0
44 40 136.0 177.0
47 37 59.0 104.0
39 45 81.0 41.0
46 38 59.0 101.0
38 45 95.0 178.0
56 40 88.0 192.0
42 44 127.0 22.0
57 18 43.0 32.0
36 47 120.0 179.0
36 45 100.0 132.0
35 49 104.0 182.0
48 39 137.0 163.0
55 28 41.0 33.0
32 37 106.0 81.0
56 31 151.0 185.0
39 44 164.0 194.0
33 55 19.0 85.0
41 45 27.0 71.0
33 53 133.0 131.0
56 29 9.0 23.0
30 52 156.0 2.0
57 28 31.0 62.0
46 43 44.0 182.0
5 57 42.0 8.0
59 28 117.0 13.0
57 32 61.0 145.0
39 41 35.0 194.0
55 35 118.0 196.0
54 38 162.0 74.0
40 43 78.0 193.0
56 24 151.0 74.0
53 36 60.0 194.0
49 37 46.0 178.0
58 33 39.0 107.0
36 48 82.0 26.0
44 45 153.0 1.0
46 45 111.0 67.0
53 37 99.0 189.0
50 37 196.0 3.0
43 49 81.0 56.0
48 42 105.0 80.0
38 48 117.0 96.0
40 49 169.0 199.0
58 37 172.0 74.0
50 45 192.0 35.0
39 52 95.0 43.0
42 52 193.0 91.0
39 53 104.0 26.0
38 50 147.0 161.0
53 42 191.0 16.0
48 44 83.0 112.0
11 57 196.0 7.0
39 54 82.0 140.0
51 16 11.0 177.0
53 43 178.0 156.0
52 44 6.0 34.0
33 59 87.0 105.0
49 47 39.0 78.0
38 56 10.0 74.0
45 58 57.0 159.0
54 35 96.0 140.0
55 40 122.0 59.0
45 52 162.0 100.0
21 57 190.0 120.0
43 51 189.0 77.0
41 55 93.0 180.0
30 57 180.0 56.0
38 52 164.0 190.0
46 50 158.0 12.0
56 45 193.0 80.0
48 45 139.0 155.0
47 50 3.0 130.0
41 51 8.0 144.0
41 57 70.0 102.0
44 43 169.0 3.0
47 56 47.0 85.0
59 36 26.0 5.0
47 52 110.0 172.0
52 32 187.0 50.0
40 50 64.0 190.0
48 53 111.0 72.0
56 39 92.0 133.0
53 50 113.0 62.0
51 52 4.0 161.0
59 40 69.0 183.0
52 49 173.0 180.0
56 46 45.0 161.0
57 48 157.0 109.0
42 45 152.0 20.0
54 29 145.0 45.0
46 53 124.0 10.0
58 47 107.0 80.0
57 49 46.0 177.0
58 43 109.0 19.0
58 52 157.0 154.0
54 45 178.0 114.0
53 30 58.0 82.0
47 55 35.0 155.0
35 56 49.0 111.0
52 53 83.0 108.0
55 58 130.0 129.0
50 52 85.0 191.0
43 55 173.0 42.0
51 50 15.0 103.0
54 56 189.0 74.0
52 48 156.0 176.0
55 45 141.0 157.0
55 44 39.0 24.0
57 23 97.0 121.0
56 36 144.0 135.0
57 34 27.0 70.0
45 57 186.0 43.0
51 39 177.0 127.0
1 14 102.0 85.0
8 38 128.0 43.0
1 3 114.0 119.0
54 57 36.0 12.0
42 43 67.0 181.0
56 44 19.0 47.0
48 47 88.0 5.0
39 59 161.0 17.0
51 35 37.0 63.0
55 39 59.0 165.0
5 45 107.0 174.0
22 45 183.0 144.0
49 51 17.0 2.0
53 56 104.0 36.0
46 58 50.0 192.0
22 59 172.0 12.0
59 50 111.0 9.0
54 33 116.0 171.0
58 20 40.0 23.0
53 11 24.0 23.0
41 53 172.0 41.0
59 48 118.0 29.0
58 54 7.0 169.0
53 34 94.0 179.0
58 56 46.0 158.0
55 57 28.0 114.0
59 38 13.0 68.0
50 23 6.0 189.0
55 48 48.0 130.0
34 58 188.0 118.0
55 49 164.0 147.0
59 42 133.0 58.0
58 41 84.0 179.0
57 46 27.0 113.0
0
