53 1378 49 3 221488
29 35 184.0 63.0
4 42 189.0 32.0
25 10 115.0 81.0
35 9 98.0 97.0
14 4 7.0 83.0
7 22 9.0 0.0
8 1 136.0 17.0
29 50 190.0 37.0
11 16 150.0 174.0
4 20 5.0 92.0
29 52 101.0 121.0
7 24 112.0 151.0
27 7 50.0 119.0
7 45 94.0 11.0
45 15 26.0 31.0
44 9 93.0 168.0
24 53 142.0 195.0
19 12 42.0 100.0
11 22 148.0 95.0
24 52 100.0 13.0
37 46 166.0 150.0
16 30 181.0 60.0
45 40 65.0 7.0
27 29 39.0 110.0
28 17 123.0 134.0
29 5 158.0 117.0
26 1 198.0 106.0
31 39 46.0 98.0
11 45 112.0 164.0
22 37 152.0 93.0
3 7 187.0 169.0
35 50 99.0 27.0
13 50 33.0 22.0
1 53 2.0 143.0
32 50 117.0 0.0
14 36 29.0 115.0
6 35 109.0 142.0
1 13 27.0 13.0
35 1 165.0 15.0
50 22 102.0 17.0
50 27 102.0 87.0
5 13 188.0 56.0
41 43 106.0 57.0
4 23 7.0 136.0
4 21 59.0 68.0
28 12 2.0 86.0
44 48 30.0 119.0
48 50 50.0 84.0
3 36 163.0 104.0
48 9 139.0 152.0
31 44 76.0 46.0
14 18 137.0 35.0
17 37 29.0 196.0
48 17 2.0 183.0
11 15 184.0 184.0
43 11 71.0 186.0
47 5 50.0 187.0
45 20 172.0 190.0
42 27 186.0 49.0
23 24 38.0 76.0
39 4 78.0 19.0
52 40 148.0 81.0
33 32 1.0 132.0
43 32 134.0 73.0
15 2 165.0 184.0
21 46 155.0 89.0
51 9 92.0 142.0
8 2 67.0 82.0
1 24 102.0 146.0
10 37 115.0 50.0
47 45 186.0 116.0
23 45 166.0 120.0
46 42 56.0 83.0
13 8 154.0 12.0
49 22 38.0 46.0
19 4 166.0 105.0
27 22 88.0 20.0
3 11 179.0 3.0
28 2 9.0 165.0
47 32 14.0 127.0
52 26 182.0 71.0
33 10 197.0 88.0
10 20 113.0 187.0
2 27 47.0 31.0
5 7 79.0 87.0
37 2 31.0 10.0
8 3 22.0 40.0
11 44 12.0 189.0
48 2 63.0 147.0
43 30 36.0 61.0
28 4 138.0 101.0
9 8 142.0 137.0
29 34 11.0 173.0
35 13 180.0 42.0
45 1 76.0 154.0
23 47 34.0 40.0
27 41 154.0 97.0
50 45 49.0 142.0
49 29 4.0 140.0
37 45 16.0 146.0
5 11 72.0 179.0
23 37 117.0 4.0
16 15 64.0 193.0
40 17 114.0 98.0
37 13 52.0 68.0
36 33 17.0 101.0
8 24 38.0 22.0
48 42 77.0 7.0
53 16 198.0 101.0
53 29 23.0 115.0
22 21 23.0 88.0
38 22 123.0 137.0
13 40 193.0 175.0
51 24 79.0 162.0
7 8 93.0 70.0
39 9 1.0 170.0
3 45 31.0 199.0
20 43 98.0 55.0
10 17 125.0 122.0
6 9 168.0 48.0
3 14 138.0 113.0
38 8 74.0 170.0
37 11 21.0 167.0
51 18 188.0 174.0
9 12 194.0 20.0
1 40 72.0 92.0
3 12 3.0 149.0
50 19 195.0 123.0
32 30 177.0 134.0
17 46 28.0 3.0
35 4 117.0 1.0
21 16 124.0 105.0
27 1 45.0 118.0
19 42 74.0 69.0
33 21 155.0 30.0
18 45 94.0 150.0
1 15 6.0 23.0
7 18 140.0 34.0
53 15 161.0 9.0
9 40 14.0 85.0
19 23 1.0 59.0
43 26 94.0 27.0
47 2 19.0 1.0
26 14 105.0 113.0
28 20 185.0 63.0
16 36 65.0 77.0
29 10 46.0 26.0
28 53 154.0 60.0
13 2 184.0 155.0
53 14 3.0 78.0
47 41 155.0 175.0
1 32 76.0 12.0
5 10 93.0 13.0
4 32 8.0 111.0
20 52 140.0 6.0
31 23 171.0 94.0
50 16 147.0 155.0
29 12 25.0 103.0
52 35 2.0 133.0
45 21 96.0 30.0
5 4 49.0 189.0
25 51 169.0 10.0
4 12 143.0 109.0
51 22 30.0 66.0
8 5 190.0 130.0
47 21 26.0 168.0
34 43 133.0 180.0
10 27 123.0 29.0
41 38 45.0 173.0
35 48 13.0 14.0
23 49 139.0 108.0
50 41 188.0 121.0
2 14 157.0 179.0
10 3 3.0 135.0
7 4 150.0 137.0
2 42 36.0 74.0
26 15 113.0 33.0
9 4 133.0 126.0
52 1 58.0 24.0
20 23 111.0 47.0
15 31 138.0 20.0
46 43 125.0 93.0
9 7 51.0 75.0
5 12 38.0 39.0
26 21 82.0 151.0
11 2 148.0 168.0
2 52 179.0 159.0
16 1 192.0 42.0
4 3 109.0 82.0
2 19 191.0 186.0
35 41 107.0 42.0
53 36 15.0 97.0
3 42 180.0 50.0
43 7 48.0 80.0
5 32 157.0 179.0
2 9 181.0 149.0
21 18 52.0 42.0
36 25 116.0 195.0
13 14 109.0 175.0
28 18 178.0 76.0
38 52 105.0 158.0
37 18 163.0 153.0
49 6 28.0 120.0
9 10 188.0 9.0
39 36 66.0 192.0
7 53 178.0 183.0
13 6 48.0 39.0
3 9 57.0 178.0
1 20 43.0 162.0
16 41 158.0 158.0
25 29 56.0 186.0
17 2 159.0 196.0
11 52 88.0 25.0
30 8 56.0 19.0
1 9 54.0 104.0
4 26 73.0 112.0
16 3 99.0 68.0
41 36 45.0 58.0
11 26 11.0 102.0
1 36 96.0 170.0
12 6 118.0 185.0
8 53 179.0 174.0
33 20 93.0 185.0
25 49 36.0 118.0
49 30 170.0 88.0
12 20 124.0 15.0
45 33 39.0 135.0
48 26 111.0 87.0
4 41 64.0 29.0
19 30 195.0 195.0
49 44 99.0 88.0
18 23 106.0 88.0
31 38 60.0 76.0
4 11 120.0 184.0
22 6 185.0 159.0
10 22 188.0 96.0
41 42 52.0 5.0
18 4 68.0 47.0
26 8 164.0 120.0
9 16 189.0 22.0
53 20 114.0 49.0
9 37 160.0 186.0
21 48 40.0 98.0
48 5 168.0 28.0
46 34 58.0 172.0
17 14 119.0 79.0
53 35 199.0 35.0
50 25 199.0 188.0
23 41 4.0 65.0
24 37 134.0 116.0
31 42 198.0 174.0
26 31 41.0 119.0
4 10 22.0 100.0
17 1 169.0 94.0
7 1 193.0 121.0
29 19 48.0 144.0
39 42 129.0 4.0
25 4 18.0 64.0
45 41 56.0 16.0
50 23 30.0 98.0
39 10 194.0 4.0
17 3 115.0 115.0
44 16 119.0 108.0
35 46 53.0 168.0
13 45 81.0 182.0
48 49 189.0 99.0
37 3 30.0 45.0
4 38 38.0 12.0
47 11 78.0 184.0
49 4 151.0 145.0
12 7 90.0 23.0
21 1 126.0 95.0
45 16 65.0 160.0
6 11 17.0 6.0
47 29 139.0 0.0
5 3 96.0 177.0
45 32 105.0 127.0
35 45 54.0 56.0
21 31 87.0 97.0
31 19 42.0 166.0
34 48 3.0 107.0
39 3 169.0 172.0
31 12 167.0 108.0
47 37 70.0 64.0
15 5 117.0 175.0
6 10 93.0 172.0
50 49 38.0 181.0
46 14 188.0 80.0
8 27 114.0 143.0
8 11 72.0 35.0
47 34 25.0 192.0
18 5 36.0 95.0
41 7 166.0 154.0
26 45 22.0 60.0
19 3 112.0 60.0
16 46 69.0 100.0
2 7 35.0 183.0
37 20 47.0 60.0
14 5 199.0 24.0
43 50 11.0 36.0
7 10 53.0 177.0
15 43 167.0 76.0
45 46 74.0 31.0
39 49 164.0 143.0
29 45 38.0 152.0
11 40 116.0 85.0
25 46 76.0 68.0
43 12 27.0 87.0
3 2 18.0 81.0
45 38 36.0 137.0
30 28 130.0 111.0
6 5 180.0 95.0
10 38 135.0 18.0
3 20 27.0 4.0
12 46 50.0 55.0
4 40 78.0 30.0
20 2 116.0 48.0
39 28 121.0 153.0
1 14 158.0 4.0
6 7 60.0 138.0
8 4 61.0 147.0
31 50 34.0 88.0
21 37 7.0 84.0
2 25 99.0 37.0
13 3 53.0 16.0
8 10 128.0 175.0
4 15 111.0 86.0
9 42 32.0 123.0
32 53 49.0 93.0
28 41 102.0 83.0
3 31 17.0 61.0
3 6 115.0 116.0
13 24 7.0 121.0
49 12 142.0 135.0
46 29 161.0 6.0
2 12 81.0 145.0
17 5 127.0 82.0
10 13 151.0 181.0
23 44 175.0 120.0
49 37 78.0 42.0
40 6 126.0 37.0
17 45 142.0 21.0
20 32 46.0 55.0
24 50 61.0 127.0
49 24 113.0 140.0
15 7 68.0 16.0
50 4 105.0 195.0
20 8 46.0 135.0
45 4 165.0 124.0
22 1 193.0 107.0
2 18 33.0 39.0
44 15 106.0 46.0
4 13 64.0 171.0
2 10 70.0 132.0
12 8 1.0 127.0
10 51 71.0 199.0
33 38 82.0 188.0
42 16 146.0 27.0
10 46 78.0 131.0
40 10 169.0 184.0
11 1 22.0 33.0
19 18 172.0 44.0
20 34 68.0 126.0
4 17 173.0 91.0
12 11 23.0 7.0
22 35 43.0 121.0
15 6 190.0 121.0
28 48 48.0 112.0
12 18 14.0 70.0
35 21 165.0 138.0
1 25 129.0 185.0
27 6 95.0 54.0
12 15 189.0 70.0
28 27 102.0 32.0
15 8 128.0 44.0
44 30 81.0 176.0
27 11 21.0 95.0
32 31 7.0 139.0
1 10 144.0 136.0
12 10 14.0 40.0
46 47 4.0 155.0
22 3 1.0 58.0
29 36 160.0 130.0
44 25 17.0 42.0
36 9 122.0 191.0
39 2 78.0 129.0
18 3 64.0 174.0
1 34 116.0 30.0
28 32 83.0 73.0
42 23 170.0 84.0
37 48 150.0 131.0
14 11 130.0 167.0
22 5 194.0 52.0
1 6 103.0 24.0
17 8 112.0 167.0
23 8 194.0 180.0
6 18 61.0 77.0
38 40 75.0 183.0
8 6 153.0 177.0
18 29 110.0 83.0
33 7 0.0 56.0
13 11 172.0 103.0
9 19 195.0 36.0
26 12 59.0 189.0
15 10 63.0 120.0
16 40 164.0 90.0
24 16 113.0 117.0
14 10 172.0 23.0
48 53 59.0 172.0
20 49 142.0 183.0
46 49 173.0 137.0
40 34 162.0 32.0
30 5 181.0 177.0
7 16 129.0 97.0
26 17 52.0 43.0
7 13 109.0 25.0
4 16 113.0 121.0
20 6 178.0 55.0
20 30 64.0 103.0
5 9 73.0 178.0
13 51 151.0 55.0
8 40 110.0 80.0
2 16 189.0 162.0
27 46 48.0 51.0
30 45 114.0 161.0
15 20 56.0 44.0
49 34 138.0 72.0
42 14 27.0 11.0
11 10 28.0 130.0
7 20 194.0 138.0
41 48 84.0 135.0
20 35 129.0 132.0
26 53 43.0 195.0
19 47 128.0 51.0
27 18 175.0 66.0
31 51 180.0 154.0
39 43 75.0 160.0
32 48 84.0 21.0
42 10 94.0 168.0
44 4 62.0 175.0
36 17 160.0 57.0
18 9 149.0 89.0
2 5 111.0 76.0
21 3 90.0 91.0
5 25 161.0 117.0
19 53 155.0 45.0
9 24 47.0 2.0
6 28 12.0 61.0
24 19 62.0 125.0
12 25 115.0 163.0
10 16 11.0 26.0
15 3 137.0 53.0
29 3 125.0 98.0
6 16 61.0 33.0
2 4 128.0 109.0
32 35 16.0 92.0
14 8 172.0 78.0
30 53 105.0 39.0
11 17 104.0 68.0
9 14 160.0 41.0
6 19 57.0 37.0
20 36 48.0 118.0
40 21 126.0 176.0
9 15 95.0 142.0
10 24 22.0 67.0
23 46 97.0 79.0
12 33 12.0 1.0
41 10 167.0 124.0
28 38 121.0 176.0
21 23 145.0 170.0
43 24 176.0 71.0
7 46 110.0 23.0
16 29 2.0 84.0
1 33 25.0 99.0
44 22 138.0 37.0
6 21 182.0 57.0
3 50 59.0 103.0
19 25 155.0 156.0
24 4 43.0 84.0
21 2 133.0 153.0
19 8 51.0 135.0
21 15 118.0 76.0
36 18 86.0 56.0
35 49 102.0 68.0
45 39 181.0 161.0
11 46 25.0 88.0
47 17 44.0 68.0
7 14 182.0 177.0
3 51 68.0 33.0
16 12 192.0 138.0
1 19 3.0 78.0
50 5 65.0 105.0
44 24 123.0 46.0
16 14 187.0 148.0
10 34 91.0 31.0
27 53 10.0 25.0
29 11 178.0 30.0
6 17 95.0 170.0
14 52 80.0 98.0
9 13 73.0 145.0
29 1 111.0 196.0
27 3 41.0 50.0
21 5 159.0 132.0
41 24 121.0 121.0
9 17 86.0 51.0
27 36 139.0 181.0
13 22 74.0 20.0
21 8 161.0 148.0
20 22 195.0 25.0
13 12 10.0 36.0
2 6 6.0 121.0
14 6 196.0 128.0
22 19 18.0 82.0
33 9 128.0 158.0
9 53 186.0 155.0
1 23 12.0 100.0
9 11 96.0 159.0
5 19 13.0 106.0
1 18 192.0 172.0
5 38 169.0 140.0
25 3 137.0 188.0
46 13 190.0 17.0
44 34 131.0 129.0
28 1 83.0 144.0
23 7 58.0 131.0
20 11 166.0 24.0
22 8 41.0 111.0
20 9 31.0 10.0
10 19 17.0 168.0
18 11 180.0 8.0
26 28 194.0 112.0
40 7 24.0 77.0
7 21 114.0 82.0
27 5 16.0 33.0
21 9 102.0 9.0
49 47 174.0 134.0
9 22 123.0 191.0
14 43 55.0 55.0
17 13 110.0 49.0
19 35 143.0 134.0
31 1 37.0 9.0
47 3 130.0 5.0
43 2 86.0 184.0
48 8 61.0 12.0
30 31 117.0 136.0
53 41 99.0 124.0
53 46 191.0 10.0
27 32 42.0 134.0
32 23 93.0 31.0
26 5 28.0 175.0
6 44 46.0 114.0
52 37 3.0 108.0
47 10 141.0 120.0
29 15 4.0 40.0
7 19 126.0 195.0
38 7 116.0 120.0
24 6 66.0 9.0
33 28 199.0 95.0
19 37 126.0 45.0
28 3 74.0 129.0
23 3 194.0 15.0
1 46 169.0 198.0
25 8 13.0 47.0
22 47 155.0 129.0
1 50 113.0 21.0
17 7 75.0 64.0
51 4 22.0 153.0
18 13 21.0 96.0
36 48 34.0 16.0
19 14 32.0 155.0
12 17 186.0 197.0
45 8 143.0 141.0
36 15 101.0 9.0
6 25 165.0 177.0
13 20 55.0 187.0
28 31 1.0 76.0
4 47 169.0 187.0
8 46 19.0 153.0
44 28 19.0 157.0
30 1 152.0 114.0
26 3 149.0 53.0
20 38 36.0 67.0
17 21 30.0 91.0
31 18 36.0 183.0
11 34 23.0 5.0
26 32 115.0 194.0
6 46 92.0 134.0
18 8 121.0 196.0
24 46 25.0 22.0
31 49 49.0 61.0
17 38 34.0 31.0
2 26 141.0 22.0
6 41 106.0 117.0
51 20 1.0 21.0
19 13 170.0 45.0
17 16 183.0 91.0
37 40 178.0 8.0
20 14 51.0 27.0
16 33 152.0 85.0
7 11 65.0 93.0
10 23 179.0 171.0
46 5 41.0 180.0
19 15 158.0 164.0
16 5 60.0 142.0
18 15 29.0 191.0
23 9 99.0 80.0
23 2 157.0 3.0
12 50 18.0 174.0
3 24 85.0 149.0
7 44 92.0 79.0
5 34 76.0 3.0
39 22 124.0 88.0
23 22 172.0 105.0
53 38 31.0 71.0
21 29 33.0 188.0
1 12 87.0 3.0
9 34 6.0 125.0
24 5 91.0 98.0
30 3 49.0 167.0
48 15 198.0 173.0
36 34 137.0 122.0
51 16 23.0 120.0
23 26 48.0 9.0
32 2 140.0 136.0
15 47 150.0 146.0
16 13 64.0 194.0
5 40 1.0 113.0
21 12 161.0 151.0
12 47 37.0 50.0
41 52 191.0 61.0
24 45 160.0 39.0
25 23 151.0 100.0
48 12 5.0 54.0
22 4 46.0 69.0
2 45 35.0 199.0
4 29 147.0 196.0
14 15 194.0 185.0
2 24 153.0 137.0
8 37 54.0 113.0
10 18 44.0 6.0
5 20 161.0 50.0
14 21 173.0 159.0
29 6 84.0 160.0
25 9 37.0 32.0
50 30 76.0 183.0
23 12 187.0 182.0
52 17 104.0 41.0
10 21 178.0 149.0
26 40 23.0 91.0
32 38 29.0 149.0
15 13 71.0 113.0
22 2 77.0 108.0
37 5 185.0 105.0
21 11 164.0 124.0
18 16 148.0 20.0
2 29 81.0 79.0
47 1 143.0 56.0
4 30 183.0 124.0
14 41 189.0 7.0
49 43 105.0 18.0
26 10 26.0 43.0
19 11 98.0 190.0
28 9 155.0 46.0
10 52 5.0 188.0
31 6 21.0 100.0
29 8 173.0 157.0
36 8 52.0 162.0
27 9 142.0 110.0
28 50 18.0 121.0
43 5 158.0 68.0
39 8 159.0 65.0
6 26 144.0 116.0
30 7 3.0 166.0
34 50 5.0 176.0
18 17 22.0 10.0
52 4 30.0 117.0
53 17 145.0 0.0
22 15 128.0 55.0
34 3 32.0 87.0
41 12 127.0 177.0
18 33 163.0 130.0
11 23 161.0 120.0
16 22 124.0 183.0
52 22 75.0 154.0
38 23 192.0 173.0
31 7 63.0 120.0
29 7 130.0 96.0
36 6 37.0 57.0
38 21 42.0 152.0
7 52 52.0 3.0
2 33 5.0 176.0
44 14 33.0 33.0
37 31 116.0 25.0
24 11 191.0 132.0
7 26 74.0 122.0
7 50 77.0 111.0
49 5 174.0 71.0
23 13 195.0 27.0
47 18 107.0 152.0
32 6 179.0 141.0
31 5 130.0 47.0
3 33 176.0 73.0
24 12 20.0 51.0
19 16 102.0 97.0
2 34 170.0 77.0
17 20 159.0 165.0
27 4 1.0 18.0
36 26 198.0 132.0
15 17 46.0 80.0
14 49 127.0 174.0
30 51 180.0 147.0
6 23 174.0 83.0
35 42 64.0 144.0
30 17 131.0 175.0
28 21 185.0 85.0
11 28 183.0 184.0
30 2 165.0 181.0
29 43 72.0 44.0
20 41 177.0 52.0
28 10 10.0 151.0
14 31 119.0 74.0
47 7 38.0 3.0
26 9 147.0 24.0
3 32 159.0 82.0
46 52 195.0 124.0
23 14 56.0 67.0
42 18 108.0 185.0
44 2 158.0 70.0
2 35 43.0 30.0
14 22 91.0 81.0
41 44 178.0 39.0
13 21 90.0 137.0
28 7 108.0 85.0
25 11 101.0 116.0
17 23 86.0 9.0
25 27 124.0 197.0
39 6 24.0 167.0
24 14 85.0 115.0
35 3 171.0 63.0
49 15 69.0 61.0
19 45 52.0 129.0
29 9 82.0 105.0
39 12 87.0 120.0
4 31 72.0 163.0
13 39 60.0 48.0
23 5 140.0 145.0
17 19 2.0 112.0
20 19 32.0 23.0
3 48 130.0 36.0
37 1 95.0 164.0
12 22 104.0 134.0
13 26 3.0 176.0
22 42 13.0 63.0
4 34 162.0 154.0
47 31 36.0 116.0
9 52 119.0 20.0
34 6 192.0 2.0
14 40 110.0 87.0
50 42 6.0 14.0
25 13 153.0 9.0
14 25 11.0 118.0
18 22 107.0 173.0
21 50 138.0 143.0
8 31 127.0 9.0
23 15 179.0 119.0
53 5 181.0 89.0
46 39 105.0 139.0
30 13 70.0 10.0
12 27 110.0 82.0
28 5 196.0 18.0
32 8 85.0 86.0
8 28 106.0 13.0
30 9 37.0 86.0
7 32 126.0 170.0
42 8 86.0 32.0
16 25 135.0 109.0
15 25 77.0 46.0
25 17 151.0 25.0
34 18 159.0 189.0
6 4 65.0 17.0
23 16 81.0 54.0
17 24 70.0 8.0
35 7 97.0 157.0
29 37 110.0 33.0
18 20 159.0 139.0
44 37 176.0 63.0
1 41 137.0 87.0
13 27 44.0 155.0
38 3 95.0 126.0
53 25 73.0 166.0
22 40 64.0 171.0
23 43 102.0 126.0
13 28 34.0 61.0
34 24 160.0 10.0
11 48 86.0 98.0
27 16 67.0 131.0
17 22 1.0 163.0
5 42 125.0 74.0
8 16 1.0 141.0
23 52 188.0 103.0
7 34 19.0 22.0
2 41 73.0 131.0
14 30 38.0 160.0
31 10 1.0 105.0
27 38 51.0 2.0
16 26 161.0 128.0
24 35 179.0 162.0
8 33 127.0 168.0
21 53 127.0 146.0
40 2 10.0 0.0
46 22 45.0 0.0
39 5 63.0 46.0
37 6 180.0 114.0
34 8 7.0 141.0
35 5 105.0 138.0
1 42 55.0 184.0
6 38 80.0 182.0
14 28 171.0 43.0
7 36 59.0 168.0
31 11 28.0 122.0
4 36 148.0 160.0
33 6 199.0 155.0
46 44 31.0 57.0
15 28 105.0 38.0
24 15 36.0 186.0
29 14 59.0 159.0
50 15 174.0 70.0
32 12 62.0 154.0
11 33 69.0 10.0
40 3 29.0 21.0
32 10 116.0 60.0
30 6 147.0 174.0
36 10 131.0 135.0
20 21 165.0 191.0
14 33 20.0 91.0
50 46 92.0 82.0
3 46 183.0 114.0
34 38 127.0 12.0
21 36 188.0 195.0
44 1 98.0 136.0
48 52 126.0 29.0
51 44 196.0 92.0
9 32 144.0 16.0
31 52 196.0 37.0
44 47 11.0 131.0
2 31 155.0 90.0
27 15 194.0 143.0
19 21 192.0 92.0
14 27 77.0 119.0
45 31 184.0 73.0
47 30 135.0 128.0
25 7 188.0 132.0
35 8 58.0 151.0
27 17 78.0 13.0
43 1 38.0 24.0
50 53 99.0 182.0
35 11 140.0 128.0
2 36 67.0 124.0
11 30 135.0 2.0
33 25 38.0 76.0
11 32 13.0 97.0
4 37 52.0 91.0
10 30 64.0 90.0
18 25 78.0 115.0
5 36 94.0 18.0
9 41 40.0 113.0
24 18 165.0 176.0
11 39 160.0 3.0
40 15 4.0 173.0
35 10 86.0 56.0
27 19 21.0 102.0
46 36 153.0 100.0
3 43 59.0 199.0
37 7 8.0 52.0
26 20 191.0 173.0
38 51 167.0 152.0
4 43 144.0 124.0
13 33 131.0 30.0
25 21 58.0 153.0
52 51 165.0 163.0
17 29 136.0 176.0
25 34 64.0 144.0
25 20 192.0 8.0
38 9 75.0 112.0
12 36 36.0 19.0
20 24 55.0 119.0
1 38 85.0 65.0
51 46 105.0 2.0
34 12 122.0 41.0
24 21 16.0 187.0
15 30 101.0 160.0
32 16 48.0 128.0
36 31 85.0 36.0
31 20 83.0 140.0
31 16 10.0 121.0
23 29 129.0 115.0
13 29 14.0 52.0
41 5 54.0 30.0
44 3 45.0 155.0
32 29 179.0 45.0
12 37 84.0 16.0
14 34 170.0 120.0
3 41 101.0 132.0
36 11 75.0 31.0
13 31 154.0 89.0
32 17 164.0 8.0
22 25 180.0 161.0
34 16 39.0 112.0
38 11 30.0 76.0
37 14 104.0 153.0
35 36 9.0 6.0
44 12 193.0 36.0
4 1 98.0 99.0
27 21 10.0 62.0
6 42 80.0 142.0
20 27 22.0 71.0
17 41 76.0 52.0
22 24 36.0 181.0
24 26 128.0 198.0
43 8 48.0 121.0
15 32 156.0 146.0
48 27 160.0 118.0
34 28 12.0 192.0
26 22 106.0 34.0
44 26 107.0 183.0
2 46 87.0 143.0
12 35 79.0 15.0
24 25 40.0 127.0
46 4 45.0 196.0
13 32 64.0 6.0
44 5 147.0 76.0
15 37 74.0 6.0
17 33 146.0 133.0
1 5 160.0 34.0
7 42 50.0 191.0
39 1 103.0 90.0
7 39 176.0 148.0
34 15 185.0 192.0
19 28 167.0 85.0
17 34 185.0 193.0
51 2 41.0 132.0
12 38 77.0 153.0
20 29 161.0 79.0
22 29 109.0 64.0
19 32 169.0 85.0
45 5 24.0 154.0
51 5 133.0 192.0
14 35 66.0 118.0
49 2 123.0 107.0
22 30 192.0 152.0
9 31 122.0 153.0
18 32 15.0 31.0
43 6 102.0 136.0
9 43 195.0 79.0
32 21 117.0 80.0
36 13 128.0 135.0
27 24 25.0 51.0
6 45 164.0 169.0
1 51 42.0 86.0
14 32 28.0 10.0
38 15 84.0 82.0
23 28 72.0 31.0
29 42 97.0 141.0
40 12 166.0 177.0
13 38 79.0 192.0
9 50 171.0 43.0
20 16 81.0 165.0
28 16 138.0 109.0
15 35 111.0 22.0
47 6 194.0 135.0
41 13 129.0 43.0
34 13 176.0 96.0
17 31 186.0 7.0
8 44 190.0 109.0
3 49 83.0 71.0
24 28 172.0 21.0
35 18 86.0 35.0
41 29 116.0 80.0
22 28 104.0 46.0
26 25 97.0 81.0
21 49 87.0 35.0
17 35 175.0 77.0
29 24 21.0 10.0
45 9 63.0 145.0
42 12 180.0 101.0
33 19 151.0 96.0
24 30 57.0 55.0
26 27 74.0 107.0
53 23 20.0 114.0
46 32 58.0 195.0
30 52 78.0 79.0
41 11 169.0 93.0
22 32 108.0 101.0
28 25 42.0 11.0
23 27 136.0 100.0
34 19 36.0 163.0
33 30 188.0 56.0
40 27 65.0 46.0
5 33 102.0 95.0
47 20 10.0 23.0
14 38 169.0 70.0
30 23 69.0 163.0
45 10 158.0 6.0
15 39 124.0 194.0
38 16 18.0 64.0
24 31 70.0 35.0
6 48 146.0 172.0
50 2 112.0 156.0
48 7 96.0 81.0
4 48 62.0 166.0
35 16 34.0 173.0
22 33 43.0 110.0
39 14 31.0 13.0
10 44 130.0 101.0
41 8 4.0 76.0
26 30 43.0 116.0
16 37 125.0 140.0
33 23 109.0 140.0
25 31 27.0 144.0
8 47 154.0 22.0
10 43 171.0 138.0
36 19 168.0 54.0
6 51 189.0 124.0
30 21 181.0 33.0
39 17 39.0 59.0
15 41 69.0 100.0
23 34 144.0 96.0
45 27 136.0 51.0
49 1 94.0 60.0
30 12 45.0 62.0
50 8 63.0 35.0
48 43 73.0 197.0
18 30 32.0 64.0
9 46 119.0 101.0
24 32 116.0 63.0
32 25 28.0 52.0
19 43 84.0 122.0
47 50 23.0 81.0
47 9 55.0 38.0
39 18 185.0 128.0
6 50 50.0 169.0
18 38 22.0 121.0
24 33 94.0 138.0
18 53 107.0 75.0
16 39 81.0 143.0
38 19 58.0 56.0
52 3 181.0 114.0
49 7 30.0 119.0
15 42 48.0 32.0
48 31 138.0 70.0
12 45 94.0 185.0
42 13 5.0 153.0
44 13 144.0 39.0
4 53 166.0 154.0
49 8 81.0 99.0
27 30 154.0 111.0
2 53 74.0 154.0
35 23 140.0 12.0
31 22 38.0 187.0
17 42 19.0 196.0
15 33 110.0 163.0
18 40 129.0 76.0
39 19 153.0 10.0
52 6 157.0 59.0
34 22 18.0 31.0
26 18 181.0 110.0
39 21 154.0 19.0
24 36 27.0 173.0
18 41 189.0 137.0
43 17 96.0 118.0
20 39 190.0 1.0
25 30 73.0 147.0
1 48 70.0 43.0
28 29 23.0 51.0
34 39 193.0 129.0
33 26 144.0 20.0
43 16 101.0 133.0
30 29 71.0 197.0
31 29 140.0 61.0
33 41 187.0 166.0
47 52 169.0 9.0
43 51 119.0 144.0
37 25 25.0 64.0
26 35 24.0 169.0
36 23 125.0 126.0
8 52 198.0 196.0
14 47 84.0 138.0
40 19 166.0 72.0
42 20 181.0 135.0
25 48 129.0 52.0
51 7 35.0 154.0
10 50 100.0 11.0
27 31 45.0 25.0
39 50 87.0 43.0
43 18 57.0 171.0
34 27 56.0 23.0
45 14 123.0 189.0
38 44 49.0 52.0
44 17 65.0 36.0
53 10 68.0 117.0
42 45 198.0 113.0
23 40 155.0 37.0
13 47 31.0 13.0
48 14 33.0 39.0
26 34 42.0 156.0
51 12 134.0 43.0
11 50 151.0 199.0
41 22 64.0 171.0
18 44 32.0 14.0
51 11 186.0 187.0
29 26 63.0 169.0
35 27 192.0 48.0
39 23 13.0 187.0
36 22 130.0 147.0
16 47 37.0 34.0
38 25 130.0 101.0
44 20 186.0 114.0
39 24 177.0 172.0
41 19 99.0 193.0
42 21 93.0 43.0
13 48 10.0 106.0
35 31 123.0 93.0
11 42 69.0 160.0
34 30 126.0 199.0
43 22 198.0 113.0
13 49 77.0 127.0
53 11 34.0 128.0
24 38 112.0 127.0
26 19 167.0 122.0
27 37 141.0 90.0
53 39 27.0 11.0
34 31 199.0 153.0
19 44 51.0 149.0
18 52 187.0 80.0
35 28 63.0 174.0
28 36 37.0 175.0
30 36 125.0 156.0
21 44 159.0 67.0
21 43 119.0 138.0
33 31 124.0 118.0
10 48 118.0 175.0
30 35 45.0 58.0
3 53 99.0 60.0
43 47 20.0 88.0
24 42 101.0 146.0
16 48 196.0 61.0
18 46 91.0 67.0
19 46 106.0 16.0
50 17 53.0 176.0
44 45 14.0 50.0
15 51 152.0 65.0
18 48 182.0 172.0
14 50 146.0 35.0
53 12 182.0 94.0
42 25 43.0 26.0
53 6 57.0 101.0
28 49 184.0 63.0
40 31 131.0 151.0
49 17 73.0 83.0
30 37 25.0 7.0
27 33 65.0 172.0
2 38 91.0 0.0
39 27 80.0 87.0
38 29 5.0 90.0
26 39 83.0 142.0
35 33 146.0 14.0
33 29 40.0 20.0
49 16 134.0 65.0
52 13 66.0 152.0
37 28 188.0 109.0
33 4 102.0 21.0
19 48 107.0 59.0
47 42 186.0 190.0
18 49 116.0 133.0
48 20 62.0 156.0
34 32 107.0 148.0
20 46 123.0 173.0
49 19 190.0 111.0
37 32 72.0 44.0
26 37 163.0 179.0
48 38 160.0 150.0
49 10 36.0 76.0
13 53 72.0 50.0
35 34 120.0 131.0
36 32 111.0 43.0
43 38 74.0 102.0
40 20 139.0 98.0
33 34 116.0 102.0
38 36 134.0 76.0
51 19 179.0 122.0
51 14 45.0 4.0
47 24 77.0 166.0
39 25 35.0 141.0
42 28 108.0 61.0
26 42 0.0 47.0
49 11 44.0 116.0
40 30 97.0 130.0
51 21 88.0 29.0
17 51 2.0 133.0
22 48 16.0 80.0
32 39 129.0 51.0
25 43 61.0 37.0
44 27 68.0 13.0
30 38 148.0 112.0
39 29 73.0 45.0
33 37 174.0 161.0
40 32 132.0 176.0
43 52 7.0 148.0
39 33 101.0 137.0
30 39 96.0 163.0
42 32 5.0 164.0
36 37 131.0 153.0
48 23 20.0 5.0
52 19 188.0 194.0
52 16 112.0 72.0
13 43 16.0 119.0
45 22 45.0 118.0
43 27 154.0 93.0
47 48 19.0 159.0
40 33 107.0 103.0
31 41 95.0 127.0
51 23 192.0 36.0
20 50 31.0 104.0
26 46 62.0 199.0
9 49 23.0 60.0
43 28 64.0 177.0
25 45 48.0 35.0
15 52 70.0 156.0
39 35 177.0 166.0
40 39 9.0 121.0
29 44 48.0 192.0
32 49 88.0 62.0
34 42 163.0 63.0
37 35 39.0 179.0
47 28 136.0 87.0
24 48 104.0 7.0
53 22 44.0 81.0
46 31 93.0 5.0
46 28 83.0 93.0
47 25 105.0 124.0
41 30 106.0 21.0
30 42 164.0 97.0
26 41 73.0 101.0
31 43 19.0 177.0
37 38 168.0 15.0
40 24 143.0 13.0
21 52 14.0 178.0
47 38 45.0 71.0
52 12 174.0 104.0
34 41 12.0 138.0
40 35 127.0 37.0
41 32 140.0 146.0
40 28 188.0 108.0
21 34 8.0 83.0
51 28 148.0 174.0
29 40 6.0 193.0
25 40 135.0 132.0
51 29 45.0 99.0
15 46 66.0 124.0
49 27 80.0 158.0
40 36 71.0 20.0
35 43 74.0 79.0
52 34 34.0 22.0
48 30 141.0 193.0
26 51 172.0 28.0
44 33 163.0 169.0
35 38 176.0 181.0
47 35 54.0 56.0
34 37 51.0 125.0
33 43 106.0 77.0
30 46 165.0 141.0
18 50 188.0 58.0
39 41 64.0 160.0
29 48 190.0 27.0
28 52 44.0 166.0
27 52 10.0 98.0
33 51 39.0 13.0
25 52 47.0 146.0
40 41 161.0 13.0
36 47 40.0 149.0
42 40 180.0 56.0
46 33 70.0 122.0
50 33 47.0 115.0
38 39 66.0 9.0
36 49 26.0 58.0
21 41 8.0 74.0
35 44 72.0 169.0
51 34 172.0 64.0
42 36 27.0 104.0
43 44 152.0 50.0
45 36 179.0 151.0
33 47 24.0 198.0
37 42 48.0 2.0
49 26 159.0 8.0
48 33 26.0 183.0
43 36 85.0 198.0
53 51 77.0 64.0
31 53 198.0 181.0
46 41 18.0 129.0
42 33 26.0 194.0
33 52 51.0 26.0
37 39 188.0 10.0
43 42 164.0 166.0
53 33 113.0 1.0
32 52 54.0 142.0
44 42 116.0 52.0
43 37 51.0 134.0
47 40 100.0 78.0
50 36 149.0 152.0
40 48 7.0 90.0
49 33 53.0 123.0
45 43 145.0 166.0
46 38 75.0 199.0
26 50 192.0 143.0
52 39 150.0 43.0
37 53 186.0 2.0
27 51 125.0 135.0
39 48 129.0 84.0
51 40 159.0 182.0
34 53 27.0 105.0
37 50 146.0 103.0
51 35 149.0 138.0
44 40 137.0 51.0
39 44 137.0 123.0
41 49 29.0 14.0
44 32 174.0 110.0
46 40 142.0 134.0
37 51 106.0 169.0
50 44 59.0 52.0
51 32 3.0 160.0
38 49 130.0 140.0
51 41 177.0 67.0
40 49 119.0 158.0
51 39 189.0 94.0
42 51 8.0 131.0
53 40 18.0 114.0
41 37 52.0 30.0
45 49 80.0 55.0
51 47 123.0 10.0
44 36 94.0 52.0
51 48 147.0 166.0
44 53 94.0 136.0
52 49 11.0 102.0
45 48 148.0 181.0
41 25 92.0 152.0
52 5 108.0 172.0
28 45 22.0 183.0
52 42 180.0 69.0
53 45 27.0 127.0
39 47 39.0 121.0
25 35 105.0 50.0
53 42 128.0 54.0
45 34 149.0 20.0
51 45 25.0 9.0
44 52 195.0 199.0
52 36 72.0 127.0
47 26 6.0 99.0
26 38 55.0 45.0
49 51 140.0 160.0
12 14 26.0 68.0
50 38 43.0 175.0
40 50 14.0 68.0
42 49 155.0 9.0
43 53 47.0 179.0
3 1 67.0 54.0
1 2 101.0 74.0
46 48 82.0 41.0
47 27 30.0 108.0
51 8 37.0 25.0
53 49 51.0 52.0
51 36 105.0 6.0
52 45 148.0 104.0
47 53 121.0 168.0
50 51 13.0 22.0
52 53 135.0 95.0
43 40 131.0 117.0
38 42 113.0 168.0
50 52 5.0 164.0
0
