66 2145 62 11 204311
23 42 120.0 64.0
2 3 110.0 102.0
47 40 0.0 39.0
43 58 1.0 125.0
24 23 191.0 2.0
17 13 124.0 125.0
39 56 66.0 150.0
11 17 160.0 55.0
56 36 161.0 32.0
39 8 150.0 71.0
45 25 60.0 102.0
15 56 23.0 61.0
10 12 119.0 166.0
23 6 60.0 196.0
61 17 156.0 126.0
33 59 110.0 69.0
26 46 87.0 71.0
53 24 17.0 190.0
48 19 155.0 77.0
7 10 35.0 130.0
19 9 68.0 107.0
14 16 168.0 129.0
32 26 143.0 124.0
16 42 99.0 5.0
22 24 83.0 138.0
47 49 129.0 52.0
2 15 93.0 37.0
22 48 127.0 80.0
57 58 11.0 196.0
5 42 99.0 179.0
65 17 130.0 195.0
56 43 144.0 181.0
64 24 153.0 180.0
7 47 69.0 83.0
59 19 135.0 114.0
66 31 111.0 15.0
23 58 32.0 123.0
33 63 28.0 84.0
11 22 8.0 110.0
64 28 61.0 104.0
52 23 59.0 14.0
4 36 31.0 80.0
54 7 65.0 119.0
37 55 130.0 128.0
46 24 41.0 115.0
21 8 16.0 69.0
29 11 13.0 176.0
38 36 34.0 26.0
58 56 34.0 45.0
1 8 116.0 18.0
12 58 68.0 133.0
46 28 176.0 150.0
52 48 123.0 17.0
55 1 150.0 91.0
11 57 146.0 116.0
26 59 66.0 132.0
46 13 130.0 53.0
16 58 183.0 46.0
47 66 87.0 51.0
25 38 57.0 15.0
20 11 139.0 132.0
9 41 145.0 42.0
31 63 193.0 91.0
53 64 140.0 11.0
8 5 161.0 70.0
60 37 199.0 96.0
36 52 39.0 38.0
21 42 23.0 49.0
50 12 12.0 115.0
50 2 1.0 109.0
62 3 71.0 146.0
64 63 81.0 163.0
65 38 14.0 194.0
3 4 100.0 165.0
54 25 193.0 92.0
64 32 199.0 17.0
41 25 184.0 163.0
24 39 60.0 185.0
39 31 151.0 83.0
27 2 168.0 32.0
37 59 134.0 182.0
61 41 161.0 186.0
63 49 65.0 155.0
14 31 198.0 16.0
53 2 49.0 134.0
40 44 75.0 61.0
8 15 149.0 27.0
4 6 24.0 118.0
7 65 162.0 110.0
37 45 8.0 124.0
26 30 50.0 74.0
16 2 11.0 0.0
59 31 121.0 12.0
9 2 65.0 149.0
16 21 9.0 15.0
9 5 81.0 33.0
30 44 42.0 44.0
8 3 70.0 50.0
40 51 154.0 73.0
40 36 37.0 165.0
1 50 70.0 110.0
51 36 19.0 135.0
54 65 127.0 28.0
28 44 77.0 8.0
7 5 52.0 119.0
31 16 75.0 74.0
1 30 61.0 29.0
12 5 133.0 50.0
12 63 77.0 3.0
31 21 159.0 97.0
18 20 180.0 38.0
62 22 151.0 57.0
3 11 128.0 155.0
37 3 192.0 3.0
32 36 150.0 5.0
66 8 7.0 35.0
3 7 139.0 84.0
48 62 122.0 51.0
2 8 102.0 54.0
35 9 196.0 5.0
27 4 186.0 124.0
6 20 120.0 178.0
55 36 148.0 23.0
41 19 158.0 155.0
46 66 178.0 49.0
60 53 136.0 52.0
65 61 134.0 38.0
1 28 11.0 130.0
29 53 147.0 149.0
5 51 54.0 20.0
18 62 6.0 2.0
14 38 150.0 116.0
13 3 178.0 80.0
23 33 112.0 114.0
26 41 113.0 198.0
2 24 56.0 76.0
10 5 77.0 155.0
55 60 73.0 132.0
55 45 72.0 79.0
17 28 97.0 22.0
66 2 131.0 75.0
32 46 82.0 43.0
18 22 144.0 196.0
45 61 114.0 0.0
63 39 108.0 191.0
32 66 102.0 182.0
43 48 6.0 174.0
8 7 122.0 103.0
8 53 143.0 53.0
30 61 116.0 25.0
16 38 116.0 60.0
31 42 48.0 182.0
12 42 100.0 109.0
40 60 11.0 154.0
39 9 113.0 17.0
16 43 184.0 187.0
27 3 25.0 79.0
63 18 34.0 141.0
55 30 180.0 102.0
3 47 135.0 181.0
20 49 58.0 188.0
42 47 85.0 21.0
56 7 4.0 151.0
47 37 16.0 188.0
40 13 75.0 41.0
30 29 59.0 109.0
57 44 6.0 40.0
24 8 9.0 94.0
54 59 44.0 19.0
39 36 199.0 81.0
40 29 94.0 3.0
66 49 158.0 110.0
61 21 193.0 185.0
49 48 30.0 52.0
25 1 58.0 37.0
6 32 80.0 67.0
6 10 141.0 124.0
20 59 111.0 141.0
21 47 17.0 5.0
27 40 4.0 127.0
58 60 162.0 197.0
39 11 170.0 192.0
11 36 16.0 28.0
1 60 29.0 96.0
45 28 165.0 123.0
18 35 73.0 76.0
13 2 153.0 91.0
42 45 72.0 157.0
38 32 43.0 34.0
40 12 59.0 14.0
47 43 25.0 75.0
2 10 80.0 54.0
28 16 76.0 45.0
50 65 106.0 149.0
66 5 8.0 59.0
50 21 198.0 81.0
50 4 88.0 42.0
15 31 55.0 148.0
7 64 196.0 80.0
66 41 44.0 76.0
55 61 9.0 120.0
57 17 159.0 67.0
13 4 81.0 120.0
14 28 74.0 80.0
31 47 115.0 115.0
9 20 84.0 170.0
17 9 90.0 33.0
47 38 152.0 134.0
32 40 187.0 114.0
54 32 99.0 147.0
25 30 59.0 181.0
55 22 192.0 85.0
3 16 17.0 107.0
66 30 110.0 53.0
36 7 16.0 0.0
45 65 35.0 120.0
13 5 178.0 23.0
17 33 132.0 78.0
62 26 113.0 143.0
47 41 159.0 105.0
20 58 100.0 176.0
19 4 74.0 162.0
9 57 16.0 42.0
56 49 198.0 51.0
34 19 21.0 129.0
51 64 41.0 153.0
2 12 194.0 106.0
5 25 9.0 153.0
14 26 123.0 62.0
27 5 130.0 197.0
62 20 92.0 146.0
3 15 7.0 42.0
33 44 125.0 28.0
41 40 52.0 118.0
4 16 57.0 46.0
11 6 166.0 19.0
61 2 95.0 41.0
6 36 148.0 177.0
53 9 88.0 192.0
21 48 50.0 95.0
23 40 89.0 127.0
13 55 141.0 93.0
4 51 60.0 151.0
7 9 76.0 178.0
48 40 164.0 123.0
7 19 193.0 113.0
27 28 50.0 81.0
9 4 99.0 101.0
43 27 165.0 140.0
15 16 145.0 58.0
64 18 169.0 157.0
64 14 86.0 45.0
6 14 165.0 51.0
9 13 45.0 158.0
38 33 114.0 95.0
36 41 77.0 165.0
2 32 3.0 194.0
45 60 168.0 101.0
11 19 194.0 89.0
33 15 101.0 32.0
7 14 74.0 66.0
24 62 173.0 71.0
28 60 90.0 87.0
34 43 196.0 119.0
8 65 103.0 152.0
58 8 181.0 23.0
24 15 9.0 175.0
29 57 4.0 110.0
7 2 195.0 31.0
11 27 123.0 168.0
18 54 193.0 165.0
30 35 72.0 189.0
33 58 117.0 175.0
63 46 162.0 99.0
60 27 14.0 171.0
4 7 182.0 18.0
3 12 117.0 177.0
15 6 29.0 40.0
47 34 115.0 22.0
1 4 192.0 139.0
60 63 108.0 109.0
42 7 33.0 22.0
34 14 173.0 47.0
24 38 190.0 107.0
2 43 75.0 107.0
34 16 37.0 56.0
15 5 50.0 104.0
16 5 4.0 194.0
59 66 31.0 112.0
5 33 3.0 64.0
45 50 59.0 128.0
20 19 4.0 2.0
59 58 6.0 31.0
8 64 17.0 195.0
43 57 113.0 19.0
52 46 61.0 70.0
44 21 85.0 93.0
52 4 101.0 88.0
52 35 158.0 112.0
53 3 29.0 114.0
61 26 185.0 35.0
23 39 151.0 154.0
29 19 34.0 16.0
62 15 8.0 95.0
34 59 90.0 45.0
63 34 127.0 143.0
4 2 10.0 37.0
5 2 146.0 39.0
27 31 80.0 131.0
4 44 195.0 183.0
62 65 103.0 181.0
11 28 59.0 63.0
18 44 19.0 101.0
11 35 48.0 98.0
37 38 22.0 59.0
39 27 134.0 168.0
58 30 38.0 15.0
7 21 52.0 33.0
17 60 189.0 107.0
21 13 13.0 0.0
56 61 26.0 185.0
8 10 102.0 74.0
9 1 9.0 76.0
35 5 165.0 144.0
32 20 40.0 3.0
38 35 12.0 92.0
28 24 151.0 153.0
15 1 1.0 117.0
8 63 10.0 27.0
34 30 60.0 112.0
36 2 179.0 70.0
6 65 137.0 144.0
16 1 186.0 177.0
4 42 195.0 198.0
20 2 45.0 98.0
60 24 16.0 46.0
20 4 159.0 26.0
18 3 122.0 171.0
6 16 121.0 53.0
13 6 84.0 10.0
59 42 87.0 71.0
17 12 84.0 34.0
58 34 134.0 130.0
55 21 122.0 102.0
23 12 89.0 81.0
12 1 156.0 163.0
3 49 53.0 77.0
4 41 13.0 138.0
7 6 92.0 52.0
25 14 59.0 176.0
45 9 24.0 145.0
28 41 45.0 146.0
50 28 101.0 134.0
47 18 30.0 9.0
64 59 30.0 35.0
4 17 106.0 195.0
13 48 173.0 198.0
59 43 10.0 184.0
50 47 76.0 35.0
21 36 59.0 73.0
2 18 97.0 112.0
39 44 73.0 79.0
9 11 86.0 103.0
47 29 30.0 144.0
8 45 184.0 3.0
21 15 109.0 146.0
59 32 0.0 185.0
66 3 180.0 59.0
24 66 177.0 77.0
43 53 3.0 50.0
33 64 166.0 89.0
24 44 53.0 149.0
22 31 52.0 189.0
43 62 114.0 161.0
26 54 136.0 114.0
20 3 127.0 116.0
53 46 140.0 56.0
10 9 27.0 144.0
31 38 120.0 146.0
16 12 50.0 125.0
10 11 196.0 102.0
40 53 22.0 62.0
38 26 72.0 158.0
13 31 151.0 151.0
10 37 24.0 43.0
4 56 31.0 4.0
1 18 48.0 151.0
54 39 100.0 50.0
17 18 96.0 96.0
4 22 84.0 118.0
47 2 94.0 156.0
32 25 27.0 197.0
61 12 135.0 3.0
1 48 9.0 166.0
24 51 58.0 57.0
23 9 41.0 159.0
26 8 134.0 137.0
29 10 110.0 170.0
11 55 92.0 5.0
13 53 6.0 71.0
64 25 32.0 93.0
7 33 47.0 41.0
15 20 28.0 58.0
28 8 124.0 69.0
13 33 47.0 10.0
41 5 50.0 157.0
22 1 149.0 142.0
28 36 168.0 107.0
61 10 26.0 152.0
19 2 95.0 25.0
60 66 156.0 75.0
5 28 29.0 80.0
60 9 69.0 28.0
11 32 184.0 120.0
7 37 25.0 133.0
5 4 20.0 145.0
11 2 111.0 198.0
47 22 89.0 158.0
22 60 159.0 197.0
19 56 138.0 140.0
64 27 45.0 7.0
59 56 62.0 29.0
25 10 170.0 39.0
17 19 6.0 142.0
25 17 78.0 69.0
38 56 22.0 119.0
12 9 95.0 134.0
20 55 16.0 33.0
14 51 5.0 13.0
39 28 14.0 19.0
37 31 122.0 136.0
3 19 29.0 80.0
18 5 133.0 59.0
19 50 140.0 156.0
14 33 41.0 187.0
8 4 63.0 9.0
17 2 85.0 20.0
31 36 80.0 99.0
64 36 44.0 2.0
1 20 83.0 25.0
26 55 111.0 16.0
17 6 159.0 3.0
13 36 83.0 152.0
16 8 80.0 98.0
65 28 106.0 117.0
61 57 160.0 186.0
26 5 20.0 156.0
65 16 109.0 55.0
1 5 81.0 20.0
14 9 115.0 192.0
4 39 34.0 198.0
34 13 146.0 115.0
18 4 78.0 52.0
4 12 156.0 190.0
18 57 58.0 129.0
6 57 144.0 167.0
57 33 109.0 25.0
1 6 187.0 24.0
38 45 171.0 21.0
55 33 142.0 69.0
4 10 74.0 20.0
37 13 196.0 182.0
3 26 35.0 6.0
17 34 56.0 131.0
64 56 133.0 165.0
55 64 40.0 120.0
2 21 42.0 163.0
7 61 103.0 184.0
18 39 170.0 129.0
51 37 74.0 118.0
62 35 71.0 61.0
66 63 115.0 128.0
50 52 28.0 48.0
48 60 158.0 20.0
34 24 197.0 0.0
18 27 176.0 53.0
65 9 58.0 146.0
43 55 70.0 84.0
23 18 190.0 141.0
15 60 39.0 105.0
44 10 110.0 19.0
6 9 193.0 68.0
51 18 197.0 143.0
44 51 50.0 174.0
57 51 177.0 60.0
38 54 77.0 199.0
3 51 132.0 67.0
5 17 133.0 124.0
35 44 160.0 43.0
10 3 13.0 154.0
31 6 42.0 11.0
56 20 127.0 92.0
1 7 194.0 56.0
10 13 92.0 24.0
61 38 62.0 24.0
65 19 150.0 147.0
61 27 131.0 110.0
40 1 90.0 144.0
6 38 62.0 84.0
15 11 102.0 190.0
65 43 130.0 48.0
55 53 2.0 174.0
25 57 84.0 16.0
5 6 143.0 186.0
30 51 62.0 74.0
52 47 82.0 104.0
8 9 170.0 145.0
11 4 197.0 72.0
58 18 139.0 79.0
2 40 61.0 93.0
28 42 102.0 97.0
45 30 129.0 197.0
15 30 149.0 144.0
11 7 72.0 31.0
20 33 153.0 42.0
13 11 53.0 102.0
37 16 85.0 144.0
53 41 190.0 147.0
14 41 124.0 44.0
14 1 116.0 5.0
44 64 11.0 17.0
3 5 35.0 83.0
34 41 96.0 140.0
60 4 37.0 149.0
17 63 163.0 122.0
35 64 135.0 153.0
37 64 50.0 59.0
10 32 9.0 118.0
29 6 164.0 20.0
6 49 64.0 151.0
7 15 31.0 113.0
32 31 15.0 68.0
2 22 96.0 178.0
39 64 182.0 184.0
60 12 24.0 32.0
41 37 27.0 33.0
7 17 172.0 191.0
2 14 196.0 37.0
46 1 26.0 27.0
12 8 177.0 41.0
50 35 153.0 25.0
32 22 40.0 135.0
34 6 65.0 65.0
40 11 106.0 92.0
33 37 118.0 79.0
52 7 118.0 66.0
5 22 86.0 96.0
31 24 82.0 63.0
6 18 117.0 35.0
23 60 55.0 157.0
63 1 112.0 121.0
10 64 33.0 18.0
34 38 84.0 104.0
44 61 87.0 2.0
17 15 60.0 174.0
37 32 1.0 94.0
33 25 81.0 118.0
16 23 47.0 136.0
23 36 131.0 159.0
10 14 176.0 117.0
12 13 145.0 61.0
20 5 63.0 32.0
7 27 158.0 76.0
59 55 26.0 159.0
13 49 161.0 59.0
3 55 12.0 9.0
24 11 180.0 144.0
35 56 78.0 157.0
2 26 129.0 23.0
56 8 155.0 193.0
21 3 162.0 65.0
21 1 100.0 140.0
18 59 113.0 61.0
5 19 153.0 125.0
20 28 193.0 134.0
15 36 116.0 71.0
34 5 102.0 46.0
12 11 20.0 10.0
51 50 155.0 134.0
4 21 107.0 55.0
37 46 174.0 20.0
52 29 186.0 80.0
1 27 2.0 132.0
34 66 22.0 118.0
8 11 56.0 76.0
60 31 119.0 76.0
13 59 166.0 27.0
37 35 15.0 74.0
14 55 99.0 141.0
7 16 64.0 37.0
28 54 92.0 66.0
54 17 175.0 66.0
44 8 160.0 183.0
38 60 95.0 32.0
50 44 57.0 62.0
6 12 149.0 24.0
65 41 127.0 48.0
17 1 175.0 143.0
8 18 180.0 19.0
19 6 198.0 107.0
20 47 10.0 111.0
38 58 122.0 58.0
35 47 47.0 131.0
5 24 142.0 196.0
33 19 13.0 69.0
39 13 89.0 140.0
23 2 71.0 21.0
27 13 179.0 21.0
57 47 23.0 141.0
6 22 29.0 97.0
42 15 79.0 29.0
7 46 162.0 22.0
10 17 56.0 176.0
27 63 133.0 145.0
11 45 178.0 4.0
55 47 168.0 109.0
25 42 138.0 191.0
7 20 74.0 119.0
57 41 157.0 105.0
21 58 148.0 119.0
23 1 83.0 4.0
10 18 96.0 168.0
36 60 65.0 27.0
40 19 109.0 33.0
58 1 94.0 199.0
43 52 132.0 120.0
26 12 193.0 89.0
4 58 84.0 141.0
23 4 76.0 119.0
20 8 17.0 125.0
43 35 11.0 34.0
53 22 132.0 73.0
20 65 59.0 178.0
50 41 11.0 192.0
52 54 36.0 4.0
45 43 3.0 120.0
18 28 146.0 31.0
14 5 139.0 115.0
47 11 101.0 151.0
30 7 117.0 185.0
1 13 192.0 176.0
50 5 192.0 155.0
24 6 100.0 29.0
3 17 5.0 103.0
42 24 68.0 103.0
36 1 104.0 7.0
10 15 42.0 157.0
39 51 135.0 159.0
60 64 22.0 79.0
15 4 114.0 14.0
11 18 107.0 14.0
44 63 86.0 112.0
20 52 0.0 106.0
50 34 10.0 104.0
21 5 110.0 4.0
28 48 164.0 197.0
43 41 10.0 186.0
57 4 160.0 124.0
10 20 45.0 67.0
15 14 118.0 83.0
13 7 187.0 118.0
52 66 79.0 197.0
43 4 144.0 189.0
49 36 119.0 60.0
10 16 30.0 81.0
17 37 52.0 142.0
32 28 58.0 50.0
47 8 142.0 176.0
26 31 130.0 129.0
3 22 162.0 161.0
17 8 149.0 58.0
52 27 57.0 20.0
40 22 69.0 39.0
58 32 108.0 122.0
57 21 186.0 118.0
26 11 84.0 128.0
40 54 18.0 166.0
65 52 73.0 132.0
11 1 71.0 22.0
34 31 178.0 128.0
50 30 107.0 0.0
59 29 146.0 167.0
49 39 7.0 132.0
26 4 81.0 92.0
17 49 14.0 100.0
35 21 168.0 87.0
13 15 36.0 191.0
66 57 151.0 166.0
18 12 44.0 58.0
21 14 38.0 190.0
50 6 100.0 46.0
1 24 61.0 181.0
47 62 190.0 28.0
15 26 145.0 110.0
62 63 32.0 181.0
51 32 117.0 135.0
1 29 106.0 113.0
1 10 34.0 145.0
8 54 170.0 86.0
52 59 37.0 184.0
52 25 71.0 180.0
48 23 56.0 16.0
1 19 22.0 41.0
21 6 115.0 92.0
61 14 45.0 21.0
18 9 96.0 79.0
60 59 150.0 19.0
49 26 191.0 140.0
48 51 46.0 15.0
3 9 11.0 55.0
6 37 182.0 185.0
39 22 98.0 49.0
30 2 0.0 143.0
62 6 106.0 49.0
64 5 31.0 57.0
30 38 142.0 174.0
20 42 135.0 188.0
9 22 106.0 146.0
8 61 68.0 40.0
14 44 100.0 166.0
30 33 156.0 101.0
21 10 82.0 63.0
3 28 97.0 65.0
12 20 42.0 39.0
62 44 2.0 177.0
18 25 114.0 60.0
19 35 73.0 134.0
15 9 4.0 126.0
40 42 104.0 113.0
8 14 155.0 138.0
31 2 21.0 52.0
1 56 23.0 15.0
12 15 197.0 177.0
29 46 180.0 64.0
8 13 134.0 6.0
12 19 166.0 91.0
1 32 192.0 70.0
3 31 132.0 99.0
10 26 158.0 105.0
15 65 120.0 181.0
3 30 133.0 70.0
9 29 142.0 113.0
33 16 184.0 76.0
34 40 114.0 102.0
32 18 103.0 106.0
46 2 49.0 187.0
27 57 6.0 7.0
55 63 77.0 79.0
24 40 104.0 10.0
12 14 167.0 198.0
40 31 198.0 103.0
3 35 117.0 65.0
17 16 168.0 173.0
48 9 189.0 17.0
66 13 17.0 148.0
14 17 72.0 94.0
26 7 11.0 176.0
15 49 79.0 178.0
4 14 147.0 29.0
28 2 171.0 16.0
61 34 147.0 139.0
41 64 59.0 88.0
8 19 106.0 76.0
8 62 191.0 179.0
12 21 111.0 154.0
21 60 187.0 190.0
60 39 7.0 134.0
51 13 132.0 178.0
47 26 98.0 79.0
6 26 168.0 109.0
7 18 172.0 74.0
7 22 88.0 115.0
60 51 147.0 199.0
42 43 122.0 134.0
2 25 76.0 129.0
13 19 118.0 9.0
65 53 11.0 16.0
43 14 69.0 179.0
24 20 123.0 193.0
40 49 124.0 11.0
31 10 85.0 71.0
50 22 67.0 7.0
27 6 147.0 143.0
19 10 76.0 66.0
4 25 57.0 39.0
35 65 175.0 126.0
18 36 34.0 98.0
31 1 110.0 158.0
18 13 130.0 196.0
23 8 59.0 197.0
57 13 191.0 159.0
42 52 142.0 19.0
14 13 171.0 199.0
4 24 52.0 98.0
27 8 177.0 38.0
16 40 188.0 40.0
8 25 165.0 70.0
54 42 139.0 176.0
54 36 108.0 83.0
14 18 124.0 2.0
48 63 141.0 47.0
29 2 77.0 145.0
8 41 10.0 7.0
12 44 15.0 150.0
8 35 130.0 132.0
23 7 102.0 70.0
59 2 61.0 163.0
20 14 120.0 185.0
30 4 199.0 14.0
57 28 129.0 29.0
66 37 132.0 91.0
12 32 22.0 148.0
1 34 156.0 152.0
60 41 90.0 59.0
42 17 39.0 103.0
54 29 59.0 111.0
30 5 107.0 58.0
19 16 132.0 188.0
4 63 110.0 65.0
26 50 39.0 132.0
18 38 139.0 195.0
3 25 43.0 181.0
35 53 72.0 82.0
1 26 100.0 131.0
36 34 108.0 159.0
2 33 8.0 192.0
3 32 53.0 119.0
43 46 172.0 44.0
15 29 156.0 63.0
47 59 179.0 199.0
45 66 108.0 51.0
11 14 49.0 160.0
38 49 56.0 157.0
12 7 152.0 65.0
60 57 86.0 5.0
34 25 84.0 58.0
53 26 40.0 192.0
25 6 149.0 19.0
23 5 2.0 9.0
29 5 32.0 52.0
20 60 61.0 40.0
60 62 23.0 13.0
13 22 37.0 109.0
46 44 167.0 73.0
1 66 61.0 159.0
11 34 184.0 162.0
42 48 110.0 186.0
21 37 182.0 142.0
14 22 15.0 195.0
53 6 185.0 190.0
25 22 57.0 22.0
63 42 114.0 24.0
41 20 120.0 127.0
53 10 20.0 104.0
32 5 1.0 130.0
12 53 89.0 135.0
2 34 150.0 57.0
37 1 23.0 136.0
18 41 173.0 32.0
17 41 22.0 88.0
61 18 10.0 143.0
26 42 117.0 182.0
19 21 28.0 70.0
3 14 199.0 69.0
59 61 179.0 149.0
24 14 177.0 155.0
39 6 10.0 150.0
30 6 92.0 32.0
45 12 15.0 54.0
54 24 121.0 132.0
5 31 142.0 101.0
49 34 48.0 93.0
28 33 175.0 28.0
14 19 84.0 152.0
11 23 70.0 46.0
22 10 155.0 114.0
37 50 85.0 170.0
7 66 59.0 158.0
15 22 170.0 153.0
12 24 80.0 171.0
23 10 177.0 56.0
22 12 160.0 13.0
8 29 13.0 183.0
23 13 47.0 168.0
34 3 176.0 132.0
3 29 156.0 36.0
66 64 134.0 126.0
51 12 85.0 166.0
28 4 134.0 62.0
18 34 150.0 47.0
6 3 23.0 163.0
9 26 98.0 23.0
23 3 169.0 74.0
19 15 101.0 125.0
17 30 96.0 187.0
2 35 101.0 133.0
39 50 63.0 188.0
15 18 108.0 166.0
24 7 96.0 83.0
46 31 140.0 146.0
28 7 164.0 109.0
24 10 191.0 18.0
41 42 195.0 39.0
16 35 40.0 96.0
16 63 93.0 103.0
7 29 40.0 1.0
33 6 116.0 89.0
22 8 61.0 57.0
9 63 196.0 26.0
11 25 199.0 187.0
14 36 161.0 146.0
6 8 71.0 1.0
66 53 54.0 164.0
27 19 29.0 47.0
64 29 2.0 97.0
34 15 84.0 64.0
18 16 34.0 80.0
34 7 87.0 185.0
33 54 150.0 0.0
8 31 156.0 173.0
25 28 88.0 163.0
44 37 114.0 117.0
63 65 21.0 69.0
14 32 98.0 57.0
48 4 13.0 84.0
4 32 155.0 52.0
17 64 77.0 57.0
35 51 16.0 186.0
11 54 127.0 104.0
33 4 161.0 194.0
13 20 61.0 134.0
18 21 75.0 111.0
50 20 38.0 40.0
51 21 16.0 146.0
16 20 152.0 45.0
5 60 154.0 120.0
13 25 147.0 33.0
35 26 138.0 108.0
31 64 190.0 151.0
36 5 116.0 17.0
16 60 73.0 155.0
15 28 95.0 41.0
27 14 90.0 199.0
57 59 107.0 44.0
35 4 47.0 54.0
22 56 148.0 138.0
53 38 145.0 90.0
35 55 161.0 13.0
48 59 67.0 187.0
22 16 78.0 163.0
38 39 90.0 168.0
32 7 83.0 149.0
36 3 52.0 83.0
23 34 180.0 0.0
21 11 118.0 125.0
25 7 68.0 32.0
39 1 33.0 136.0
38 66 67.0 63.0
36 62 152.0 109.0
26 13 143.0 187.0
11 30 84.0 196.0
1 33 10.0 16.0
28 13 142.0 80.0
9 16 196.0 163.0
64 54 35.0 29.0
51 53 115.0 102.0
47 10 24.0 19.0
29 12 34.0 120.0
20 63 25.0 70.0
24 13 8.0 187.0
35 1 118.0 102.0
9 28 167.0 114.0
37 4 114.0 2.0
31 9 168.0 182.0
24 32 40.0 193.0
1 38 190.0 27.0
42 30 149.0 15.0
49 21 21.0 157.0
34 51 153.0 91.0
12 39 194.0 121.0
37 26 146.0 60.0
32 9 151.0 115.0
29 4 4.0 144.0
62 32 58.0 146.0
59 30 61.0 7.0
11 31 89.0 34.0
39 3 158.0 194.0
13 44 42.0 104.0
17 20 75.0 188.0
66 40 155.0 178.0
52 33 40.0 112.0
62 51 170.0 50.0
17 22 39.0 31.0
34 60 8.0 80.0
16 26 179.0 118.0
41 6 37.0 21.0
30 10 3.0 64.0
23 20 181.0 111.0
22 38 115.0 173.0
16 24 157.0 85.0
9 27 65.0 149.0
18 30 181.0 25.0
27 44 151.0 160.0
47 53 114.0 140.0
7 62 113.0 118.0
51 8 69.0 46.0
29 14 189.0 184.0
32 8 182.0 99.0
42 51 79.0 47.0
6 35 86.0 60.0
21 17 190.0 189.0
53 14 2.0 104.0
24 9 134.0 68.0
4 34 159.0 4.0
37 2 82.0 101.0
30 9 155.0 16.0
61 46 77.0 34.0
40 33 7.0 115.0
15 25 125.0 149.0
27 54 168.0 80.0
59 65 183.0 55.0
27 20 149.0 143.0
32 39 17.0 31.0
16 25 44.0 173.0
56 54 103.0 73.0
21 20 177.0 62.0
21 22 79.0 102.0
34 8 196.0 48.0
11 48 97.0 180.0
14 23 169.0 46.0
64 62 67.0 187.0
6 28 45.0 63.0
1 43 181.0 148.0
10 57 123.0 158.0
52 6 93.0 2.0
13 29 182.0 42.0
30 41 75.0 79.0
25 9 72.0 197.0
19 18 88.0 91.0
27 51 71.0 133.0
19 23 72.0 53.0
10 42 72.0 147.0
30 14 124.0 117.0
33 24 113.0 106.0
13 30 134.0 141.0
17 24 72.0 158.0
24 18 170.0 160.0
12 46 102.0 193.0
37 8 73.0 174.0
21 54 138.0 97.0
35 20 78.0 14.0
43 19 60.0 144.0
27 15 175.0 146.0
30 24 49.0 48.0
42 1 14.0 171.0
59 41 84.0 116.0
10 28 77.0 110.0
7 38 89.0 15.0
41 1 101.0 120.0
51 23 64.0 161.0
5 39 76.0 39.0
11 50 71.0 77.0
63 21 158.0 85.0
23 21 127.0 194.0
34 37 110.0 4.0
35 7 38.0 199.0
51 20 8.0 91.0
40 45 36.0 24.0
39 2 76.0 64.0
52 60 7.0 99.0
12 27 154.0 165.0
20 22 84.0 33.0
41 63 32.0 146.0
8 33 68.0 23.0
13 32 105.0 28.0
36 16 31.0 93.0
31 12 124.0 59.0
12 28 41.0 132.0
19 22 137.0 147.0
16 55 130.0 173.0
51 41 36.0 162.0
65 24 187.0 56.0
3 38 123.0 92.0
35 13 7.0 106.0
43 22 147.0 131.0
29 36 76.0 140.0
48 10 26.0 165.0
65 55 94.0 156.0
26 18 76.0 131.0
5 40 12.0 16.0
25 21 162.0 87.0
63 36 94.0 169.0
2 44 139.0 42.0
38 2 181.0 167.0
11 33 42.0 8.0
9 36 81.0 88.0
33 10 148.0 110.0
39 7 183.0 112.0
29 16 185.0 98.0
38 4 56.0 79.0
57 8 37.0 148.0
13 42 30.0 170.0
38 5 23.0 24.0
58 19 34.0 104.0
49 27 195.0 134.0
49 16 79.0 130.0
33 9 192.0 64.0
23 32 168.0 1.0
40 30 177.0 5.0
3 41 168.0 7.0
53 36 105.0 191.0
36 10 179.0 92.0
19 28 107.0 174.0
29 18 24.0 186.0
19 26 181.0 169.0
46 41 18.0 150.0
3 40 39.0 195.0
25 12 46.0 160.0
40 58 81.0 103.0
17 26 166.0 60.0
3 24 151.0 73.0
35 58 177.0 176.0
6 60 14.0 111.0
34 44 138.0 185.0
27 10 108.0 129.0
16 13 24.0 154.0
30 16 144.0 105.0
21 26 131.0 62.0
60 46 149.0 82.0
35 45 15.0 126.0
19 25 70.0 182.0
45 24 171.0 160.0
24 19 138.0 79.0
10 54 124.0 163.0
59 3 199.0 21.0
2 45 147.0 130.0
31 7 173.0 96.0
46 3 27.0 141.0
57 32 111.0 49.0
53 61 93.0 34.0
1 52 31.0 184.0
39 34 44.0 156.0
36 24 162.0 44.0
47 23 135.0 109.0
32 19 11.0 61.0
2 41 41.0 190.0
29 17 71.0 104.0
29 20 149.0 116.0
38 13 5.0 133.0
46 14 71.0 2.0
35 15 30.0 185.0
41 7 112.0 118.0
63 14 33.0 75.0
40 64 114.0 27.0
42 6 106.0 137.0
3 48 81.0 7.0
21 28 57.0 39.0
37 5 199.0 128.0
12 33 59.0 182.0
65 47 164.0 123.0
45 3 20.0 198.0
10 50 72.0 134.0
63 58 34.0 130.0
37 58 134.0 68.0
40 7 163.0 192.0
29 45 35.0 115.0
38 10 50.0 46.0
58 49 36.0 14.0
30 19 136.0 56.0
27 16 2.0 160.0
60 13 193.0 188.0
2 49 113.0 80.0
62 53 111.0 29.0
29 65 138.0 98.0
36 12 46.0 188.0
11 38 139.0 82.0
36 59 13.0 27.0
61 50 197.0 15.0
11 37 113.0 142.0
21 9 175.0 26.0
57 16 47.0 39.0
40 6 48.0 185.0
45 4 5.0 46.0
26 20 104.0 97.0
59 15 154.0 117.0
63 15 45.0 151.0
27 22 52.0 158.0
55 24 67.0 27.0
39 59 48.0 114.0
38 9 94.0 48.0
3 42 10.0 100.0
26 34 50.0 115.0
46 23 137.0 4.0
36 37 109.0 135.0
17 27 174.0 161.0
31 17 127.0 193.0
10 40 67.0 127.0
6 56 40.0 113.0
40 4 102.0 51.0
26 23 84.0 152.0
7 43 171.0 173.0
25 23 122.0 80.0
24 21 136.0 49.0
21 29 45.0 63.0
9 37 165.0 64.0
34 12 44.0 5.0
18 45 105.0 146.0
23 17 77.0 141.0
60 8 79.0 48.0
14 35 129.0 2.0
26 24 160.0 66.0
66 36 99.0 5.0
11 16 46.0 64.0
24 29 94.0 90.0
1 45 157.0 199.0
38 44 102.0 34.0
44 6 183.0 182.0
3 44 190.0 65.0
5 43 32.0 150.0
34 9 140.0 132.0
1 44 184.0 186.0
16 32 153.0 78.0
39 45 9.0 110.0
44 7 131.0 64.0
22 26 198.0 66.0
55 6 121.0 188.0
10 41 131.0 153.0
59 10 184.0 23.0
19 61 108.0 168.0
49 4 9.0 13.0
42 18 152.0 170.0
38 8 150.0 35.0
12 35 166.0 148.0
5 11 199.0 87.0
53 16 33.0 82.0
23 45 120.0 17.0
43 8 11.0 181.0
18 33 165.0 20.0
11 49 89.0 69.0
43 10 161.0 39.0
15 37 143.0 80.0
22 30 110.0 142.0
10 35 47.0 143.0
26 27 55.0 167.0
32 29 186.0 66.0
15 32 165.0 103.0
53 4 109.0 6.0
62 41 35.0 23.0
22 58 117.0 178.0
49 32 87.0 179.0
49 45 37.0 134.0
41 16 187.0 92.0
43 9 1.0 173.0
10 34 176.0 118.0
30 12 79.0 38.0
45 58 60.0 67.0
4 47 138.0 129.0
31 18 72.0 25.0
5 44 120.0 61.0
44 32 167.0 107.0
17 35 59.0 168.0
57 37 64.0 188.0
41 27 133.0 143.0
37 14 155.0 145.0
39 10 30.0 93.0
11 41 116.0 55.0
47 1 43.0 188.0
47 5 37.0 162.0
25 20 94.0 97.0
43 50 131.0 110.0
8 55 54.0 64.0
7 45 128.0 9.0
21 32 169.0 111.0
36 8 156.0 37.0
25 58 8.0 151.0
15 47 9.0 46.0
53 34 117.0 55.0
37 12 99.0 48.0
29 23 140.0 153.0
50 59 12.0 21.0
29 27 46.0 181.0
46 5 36.0 154.0
12 38 123.0 45.0
49 1 120.0 132.0
2 52 174.0 37.0
9 62 78.0 25.0
66 61 30.0 170.0
53 58 164.0 42.0
31 19 173.0 162.0
47 6 92.0 162.0
11 42 145.0 15.0
39 57 44.0 65.0
55 17 194.0 170.0
25 26 96.0 24.0
36 33 121.0 126.0
9 40 109.0 37.0
20 30 40.0 35.0
45 46 42.0 132.0
29 26 62.0 188.0
46 8 40.0 106.0
55 15 103.0 34.0
56 21 100.0 0.0
51 59 190.0 173.0
36 17 142.0 52.0
19 66 183.0 135.0
45 52 96.0 25.0
27 24 119.0 158.0
48 5 31.0 159.0
3 43 19.0 134.0
25 27 112.0 71.0
1 53 164.0 102.0
1 59 121.0 58.0
56 44 133.0 104.0
40 14 132.0 181.0
54 20 114.0 4.0
29 25 103.0 97.0
56 30 120.0 74.0
25 31 35.0 32.0
20 34 148.0 151.0
25 24 187.0 21.0
56 24 120.0 72.0
31 20 101.0 52.0
56 23 5.0 167.0
23 27 89.0 108.0
41 13 118.0 9.0
8 42 126.0 105.0
21 33 122.0 74.0
50 16 124.0 109.0
22 29 130.0 44.0
47 9 133.0 32.0
43 11 133.0 138.0
61 16 16.0 22.0
23 31 118.0 86.0
9 44 107.0 44.0
15 41 120.0 29.0
22 28 41.0 45.0
18 52 13.0 124.0
9 46 100.0 98.0
48 7 75.0 185.0
29 28 74.0 91.0
18 37 122.0 144.0
65 4 71.0 29.0
30 27 81.0 192.0
30 8 78.0 74.0
26 28 25.0 91.0
43 21 14.0 77.0
4 59 71.0 89.0
37 19 118.0 145.0
22 33 183.0 40.0
50 3 194.0 54.0
21 34 133.0 27.0
51 2 122.0 12.0
12 41 6.0 99.0
46 6 80.0 172.0
49 9 165.0 151.0
30 65 9.0 35.0
35 39 24.0 192.0
40 28 81.0 18.0
45 10 137.0 15.0
20 36 199.0 11.0
43 13 184.0 157.0
45 5 28.0 16.0
50 7 43.0 145.0
23 28 162.0 52.0
3 54 58.0 187.0
59 38 145.0 140.0
54 22 6.0 82.0
55 62 72.0 157.0
15 40 193.0 8.0
43 44 140.0 22.0
15 38 17.0 183.0
63 59 61.0 132.0
39 14 133.0 72.0
47 27 135.0 78.0
40 18 109.0 141.0
51 6 66.0 133.0
4 55 9.0 59.0
6 48 168.0 102.0
48 58 5.0 137.0
12 43 114.0 19.0
13 58 121.0 47.0
38 19 126.0 56.0
40 17 149.0 187.0
43 23 61.0 167.0
1 54 133.0 23.0
53 5 165.0 53.0
56 2 44.0 123.0
59 35 105.0 158.0
38 17 40.0 178.0
48 2 75.0 118.0
33 56 129.0 176.0
32 17 40.0 142.0
10 46 135.0 125.0
35 60 109.0 101.0
51 1 190.0 153.0
56 3 7.0 47.0
48 8 1.0 199.0
57 3 92.0 28.0
49 54 151.0 173.0
38 20 24.0 143.0
16 66 76.0 159.0
11 46 178.0 185.0
45 6 10.0 168.0
12 57 71.0 17.0
28 53 53.0 24.0
46 20 11.0 98.0
5 62 111.0 115.0
39 15 173.0 135.0
43 15 135.0 1.0
45 14 95.0 65.0
61 63 181.0 58.0
53 32 147.0 52.0
17 50 129.0 153.0
39 19 92.0 141.0
24 35 166.0 3.0
5 54 50.0 91.0
30 23 91.0 185.0
50 8 10.0 139.0
17 39 191.0 191.0
31 4 68.0 90.0
31 28 155.0 198.0
54 4 121.0 47.0
2 55 117.0 87.0
42 14 124.0 167.0
36 22 4.0 168.0
44 16 193.0 14.0
27 32 80.0 136.0
28 30 26.0 149.0
49 60 68.0 181.0
54 6 89.0 189.0
8 49 170.0 158.0
52 5 180.0 47.0
46 54 187.0 184.0
43 37 178.0 180.0
3 1 61.0 10.0
16 39 68.0 88.0
13 45 0.0 137.0
35 23 80.0 41.0
19 36 65.0 3.0
57 2 157.0 46.0
6 43 139.0 144.0
46 57 41.0 69.0
55 10 142.0 54.0
20 61 49.0 11.0
10 49 166.0 50.0
48 12 85.0 198.0
34 52 169.0 103.0
53 7 20.0 78.0
41 21 168.0 159.0
46 15 98.0 161.0
9 51 99.0 41.0
25 59 74.0 148.0
29 31 130.0 40.0
56 5 85.0 168.0
37 52 148.0 7.0
37 30 159.0 168.0
27 37 62.0 128.0
44 11 168.0 113.0
48 29 168.0 19.0
44 17 110.0 42.0
53 56 64.0 192.0
12 47 170.0 150.0
52 10 59.0 118.0
35 22 6.0 19.0
62 58 27.0 69.0
37 20 198.0 196.0
49 24 46.0 166.0
49 12 158.0 156.0
44 15 173.0 22.0
39 20 196.0 96.0
20 40 28.0 56.0
28 34 124.0 34.0
3 58 66.0 152.0
21 40 77.0 64.0
2 54 155.0 123.0
49 7 42.0 113.0
37 40 193.0 16.0
51 19 93.0 189.0
34 27 188.0 121.0
30 31 46.0 64.0
54 15 153.0 65.0
1 57 88.0 30.0
26 33 159.0 195.0
37 23 69.0 1.0
58 6 159.0 62.0
55 7 16.0 5.0
34 45 122.0 156.0
5 55 150.0 120.0
21 39 9.0 55.0
24 37 131.0 97.0
30 53 33.0 90.0
35 25 52.0 54.0
10 51 46.0 163.0
19 42 74.0 62.0
28 51 185.0 148.0
21 38 180.0 87.0
43 39 73.0 189.0
1 2 75.0 156.0
60 3 188.0 60.0
61 52 103.0 192.0
7 51 9.0 149.0
48 14 75.0 83.0
8 52 173.0 60.0
27 35 59.0 153.0
22 23 22.0 85.0
9 42 17.0 50.0
43 20 82.0 157.0
30 32 161.0 185.0
52 15 37.0 170.0
58 2 33.0 112.0
33 29 91.0 158.0
63 11 67.0 102.0
14 66 93.0 41.0
61 1 21.0 62.0
62 1 131.0 103.0
18 65 34.0 93.0
9 52 177.0 71.0
54 62 11.0 162.0
27 65 84.0 102.0
17 45 95.0 103.0
45 26 125.0 140.0
57 42 142.0 146.0
44 19 0.0 74.0
5 57 120.0 187.0
49 25 156.0 97.0
22 41 158.0 167.0
57 7 20.0 194.0
45 16 75.0 115.0
46 18 31.0 1.0
52 3 90.0 126.0
5 59 46.0 42.0
34 29 101.0 166.0
9 50 138.0 9.0
36 25 110.0 96.0
37 25 82.0 130.0
22 42 183.0 157.0
16 46 120.0 167.0
19 64 63.0 10.0
54 14 12.0 109.0
65 1 74.0 65.0
17 46 70.0 12.0
58 5 107.0 132.0
2 60 139.0 141.0
62 57 121.0 75.0
45 15 19.0 193.0
9 55 180.0 34.0
17 43 91.0 144.0
53 11 167.0 118.0
51 33 144.0 189.0
64 6 190.0 51.0
33 31 2.0 81.0
13 50 4.0 75.0
36 27 37.0 175.0
49 5 82.0 169.0
47 17 180.0 125.0
26 36 63.0 147.0
64 1 165.0 8.0
38 23 0.0 107.0
54 12 103.0 2.0
19 46 151.0 107.0
60 7 172.0 141.0
22 34 51.0 54.0
32 33 155.0 31.0
52 13 101.0 170.0
47 14 131.0 66.0
9 56 50.0 131.0
20 45 66.0 105.0
44 20 63.0 18.0
14 49 193.0 187.0
25 40 149.0 196.0
14 50 99.0 104.0
41 23 33.0 0.0
39 25 99.0 164.0
48 16 161.0 101.0
48 18 50.0 179.0
3 33 168.0 65.0
59 6 130.0 113.0
66 17 169.0 79.0
24 41 104.0 21.0
47 13 168.0 137.0
3 63 135.0 68.0
31 35 188.0 48.0
56 10 146.0 38.0
35 28 86.0 115.0
51 15 104.0 16.0
39 42 132.0 73.0
16 51 194.0 37.0
58 7 60.0 163.0
32 35 130.0 147.0
61 5 128.0 118.0
3 61 105.0 27.0
61 4 22.0 191.0
33 34 13.0 126.0
52 14 190.0 97.0
28 38 114.0 137.0
39 26 41.0 174.0
38 27 187.0 124.0
11 56 198.0 68.0
40 26 18.0 55.0
58 9 111.0 41.0
54 13 13.0 76.0
19 45 166.0 4.0
65 40 25.0 32.0
45 21 180.0 67.0
3 64 55.0 167.0
54 66 192.0 5.0
65 2 23.0 11.0
2 64 66.0 135.0
53 15 43.0 79.0
24 43 54.0 161.0
44 22 121.0 79.0
47 19 89.0 101.0
63 5 179.0 144.0
4 62 43.0 123.0
44 23 173.0 18.0
30 36 62.0 39.0
55 12 110.0 105.0
34 32 35.0 164.0
38 29 116.0 156.0
21 46 136.0 157.0
44 45 191.0 67.0
52 19 69.0 186.0
56 12 15.0 43.0
59 9 131.0 29.0
21 30 12.0 42.0
44 25 164.0 47.0
47 46 49.0 32.0
22 45 148.0 137.0
29 41 199.0 92.0
46 22 127.0 20.0
17 52 98.0 95.0
43 18 3.0 29.0
35 34 11.0 15.0
33 53 136.0 127.0
25 43 135.0 137.0
65 5 144.0 84.0
23 61 33.0 95.0
53 21 194.0 160.0
33 27 181.0 92.0
29 39 191.0 137.0
52 16 31.0 2.0
52 11 89.0 119.0
50 58 94.0 24.0
28 63 18.0 39.0
56 13 195.0 51.0
11 59 38.0 141.0
64 30 199.0 19.0
19 49 107.0 190.0
2 63 180.0 90.0
28 43 68.0 69.0
35 33 102.0 162.0
3 65 94.0 120.0
26 43 146.0 41.0
17 53 2.0 136.0
14 57 26.0 153.0
49 22 77.0 85.0
52 12 114.0 9.0
40 8 5.0 134.0
54 9 134.0 107.0
29 43 146.0 28.0
9 61 38.0 44.0
49 28 172.0 40.0
62 2 153.0 150.0
59 46 128.0 183.0
54 47 149.0 194.0
6 63 51.0 154.0
29 37 130.0 185.0
4 66 49.0 28.0
58 11 40.0 88.0
56 14 143.0 164.0
21 59 66.0 48.0
29 42 113.0 194.0
50 15 199.0 14.0
39 30 197.0 50.0
56 60 33.0 79.0
66 6 188.0 82.0
20 48 187.0 180.0
17 51 29.0 82.0
37 22 111.0 95.0
54 16 42.0 176.0
11 66 99.0 41.0
39 33 199.0 48.0
16 56 30.0 184.0
58 29 120.0 170.0
25 46 40.0 59.0
23 62 8.0 69.0
10 60 194.0 120.0
19 54 189.0 188.0
50 66 103.0 40.0
35 49 54.0 54.0
59 14 107.0 36.0
45 27 94.0 179.0
64 48 60.0 86.0
32 41 164.0 68.0
49 23 30.0 110.0
59 12 76.0 171.0
63 7 55.0 180.0
64 61 66.0 61.0
44 65 130.0 125.0
15 57 70.0 176.0
61 37 180.0 130.0
41 31 144.0 97.0
28 37 176.0 126.0
42 32 137.0 5.0
61 11 7.0 193.0
17 56 196.0 26.0
48 24 113.0 126.0
52 21 152.0 136.0
51 11 37.0 85.0
40 57 109.0 182.0
58 15 199.0 37.0
47 25 66.0 137.0
26 44 151.0 26.0
10 58 193.0 99.0
56 18 164.0 58.0
47 24 149.0 68.0
48 26 182.0 186.0
58 17 181.0 91.0
62 12 139.0 180.0
29 44 103.0 157.0
35 40 40.0 6.0
59 7 143.0 185.0
33 43 116.0 107.0
11 60 155.0 65.0
61 6 72.0 89.0
57 64 57.0 53.0
13 62 185.0 148.0
62 14 111.0 40.0
43 31 28.0 103.0
50 24 187.0 123.0
29 35 25.0 103.0
30 43 191.0 132.0
10 63 152.0 63.0
33 42 169.0 161.0
47 28 166.0 106.0
33 41 159.0 77.0
37 39 49.0 140.0
25 50 8.0 189.0
53 19 4.0 33.0
10 62 41.0 147.0
43 32 47.0 193.0
32 63 142.0 16.0
8 59 133.0 109.0
50 23 119.0 93.0
51 26 43.0 120.0
55 54 94.0 51.0
61 54 119.0 98.0
60 18 47.0 160.0
64 13 143.0 46.0
62 11 74.0 86.0
13 61 62.0 7.0
54 37 156.0 181.0
52 24 86.0 152.0
23 55 117.0 180.0
11 64 99.0 188.0
18 55 140.0 98.0
53 25 64.0 36.0
27 48 199.0 138.0
51 25 58.0 13.0
26 52 91.0 167.0
50 36 114.0 129.0
27 50 19.0 31.0
17 59 73.0 70.0
34 56 124.0 166.0
34 55 176.0 188.0
54 23 153.0 127.0
34 42 30.0 163.0
16 47 37.0 121.0
52 22 28.0 152.0
56 40 158.0 199.0
32 45 178.0 183.0
18 49 56.0 55.0
47 30 35.0 184.0
29 60 2.0 140.0
27 46 41.0 184.0
12 64 188.0 78.0
49 30 173.0 168.0
53 20 177.0 83.0
14 60 131.0 155.0
42 36 176.0 187.0
4 46 32.0 163.0
48 30 37.0 186.0
19 63 146.0 78.0
31 48 40.0 86.0
38 41 161.0 165.0
48 25 66.0 90.0
60 19 140.0 197.0
39 40 166.0 116.0
45 31 141.0 150.0
50 29 0.0 130.0
15 61 189.0 146.0
40 38 111.0 29.0
45 33 69.0 24.0
18 50 16.0 135.0
48 15 72.0 156.0
29 62 79.0 190.0
36 35 49.0 172.0
66 15 190.0 49.0
16 64 82.0 131.0
49 29 76.0 146.0
19 57 56.0 97.0
53 23 101.0 24.0
41 35 40.0 173.0
48 32 166.0 71.0
22 59 187.0 167.0
12 66 63.0 129.0
22 57 0.0 145.0
36 43 185.0 28.0
62 16 155.0 193.0
22 51 129.0 56.0
12 65 59.0 121.0
57 23 103.0 26.0
63 13 188.0 90.0
49 33 30.0 51.0
31 44 157.0 182.0
43 38 110.0 142.0
46 33 150.0 65.0
33 47 55.0 79.0
50 31 150.0 115.0
24 58 37.0 53.0
65 11 152.0 177.0
65 26 98.0 134.0
47 48 74.0 55.0
65 10 16.0 137.0
46 35 143.0 118.0
29 51 82.0 198.0
60 44 152.0 33.0
36 44 101.0 141.0
24 59 48.0 5.0
58 14 182.0 146.0
33 48 137.0 8.0
31 49 140.0 105.0
20 64 128.0 83.0
47 36 29.0 162.0
42 37 162.0 181.0
61 22 168.0 63.0
64 9 94.0 16.0
42 35 169.0 28.0
65 14 171.0 106.0
39 65 34.0 112.0
53 50 114.0 114.0
46 36 33.0 143.0
45 59 10.0 195.0
45 36 145.0 178.0
39 41 143.0 39.0
48 34 178.0 112.0
51 38 38.0 149.0
34 54 123.0 24.0
56 26 94.0 37.0
66 18 190.0 127.0
17 62 8.0 0.0
40 43 67.0 153.0
58 27 34.0 10.0
56 25 20.0 164.0
54 31 180.0 10.0
53 27 40.0 55.0
24 57 139.0 135.0
47 39 185.0 81.0
30 52 173.0 193.0
31 53 89.0 192.0
38 55 160.0 76.0
20 57 26.0 132.0
48 37 34.0 159.0
42 61 54.0 26.0
28 55 187.0 193.0
27 55 65.0 124.0
48 36 73.0 190.0
52 31 163.0 162.0
29 55 118.0 75.0
21 62 137.0 97.0
38 46 32.0 123.0
61 25 33.0 38.0
58 28 191.0 173.0
56 27 70.0 8.0
31 56 87.0 143.0
48 35 23.0 2.0
64 22 31.0 94.0
23 59 141.0 169.0
46 55 21.0 125.0
22 63 10.0 7.0
44 41 109.0 1.0
56 63 100.0 180.0
60 25 47.0 139.0
50 38 182.0 22.0
42 46 10.0 165.0
66 23 10.0 151.0
55 31 173.0 32.0
20 66 92.0 183.0
60 26 56.0 1.0
56 29 60.0 157.0
38 48 190.0 59.0
21 64 162.0 124.0
33 50 113.0 172.0
51 58 3.0 76.0
61 28 96.0 129.0
40 55 126.0 188.0
21 66 100.0 182.0
58 26 28.0 112.0
40 46 130.0 171.0
62 28 11.0 93.0
4 64 162.0 76.0
32 55 45.0 117.0
16 59 15.0 141.0
49 42 64.0 141.0
65 22 195.0 117.0
30 46 155.0 24.0
35 54 62.0 86.0
24 61 132.0 25.0
63 24 89.0 94.0
47 44 18.0 86.0
27 62 177.0 186.0
64 26 134.0 193.0
41 48 171.0 129.0
50 32 197.0 126.0
30 57 47.0 59.0
41 49 44.0 179.0
66 10 143.0 85.0
63 26 54.0 114.0
64 23 14.0 183.0
60 32 183.0 148.0
42 44 131.0 106.0
25 65 139.0 80.0
46 39 196.0 186.0
52 64 65.0 40.0
63 25 35.0 160.0
53 18 154.0 41.0
65 23 106.0 168.0
52 39 193.0 41.0
51 31 32.0 77.0
61 29 32.0 124.0
63 29 176.0 29.0
50 40 26.0 193.0
57 31 149.0 13.0
22 66 107.0 103.0
31 58 138.0 13.0
31 61 141.0 131.0
57 34 188.0 125.0
52 28 119.0 21.0
66 26 44.0 95.0
49 44 75.0 70.0
45 48 175.0 176.0
56 55 123.0 82.0
52 38 99.0 61.0
49 37 110.0 40.0
30 63 127.0 99.0
36 57 79.0 46.0
32 52 97.0 75.0
55 39 129.0 124.0
65 13 72.0 57.0
53 44 140.0 147.0
37 56 144.0 39.0
66 27 114.0 55.0
63 23 116.0 41.0
59 28 100.0 147.0
33 61 19.0 149.0
48 39 101.0 148.0
41 54 60.0 173.0
42 53 188.0 0.0
46 51 42.0 132.0
32 61 172.0 156.0
43 49 119.0 40.0
41 52 73.0 171.0
62 31 129.0 92.0
42 50 74.0 30.0
53 45 199.0 86.0
37 53 166.0 187.0
39 53 6.0 8.0
47 45 152.0 130.0
2 42 7.0 72.0
35 63 72.0 32.0
52 44 15.0 1.0
41 58 66.0 41.0
62 33 71.0 65.0
35 57 148.0 37.0
15 23 183.0 106.0
29 66 85.0 135.0
32 65 22.0 44.0
58 36 23.0 94.0
43 54 68.0 191.0
34 65 73.0 135.0
65 21 78.0 144.0
39 58 81.0 26.0
50 46 149.0 64.0
52 49 186.0 186.0
33 65 18.0 8.0
56 42 58.0 193.0
39 62 85.0 126.0
56 48 129.0 158.0
34 62 75.0 7.0
45 51 21.0 156.0
66 28 144.0 122.0
40 59 186.0 130.0
53 54 148.0 156.0
62 40 0.0 6.0
36 61 55.0 37.0
57 48 168.0 136.0
56 32 140.0 195.0
55 44 151.0 114.0
41 56 151.0 48.0
58 44 35.0 89.0
34 64 71.0 136.0
40 52 186.0 24.0
54 44 182.0 194.0
33 66 162.0 102.0
51 47 107.0 55.0
62 25 77.0 58.0
27 59 54.0 28.0
55 41 162.0 90.0
49 46 15.0 186.0
65 31 52.0 154.0
53 48 32.0 186.0
55 48 8.0 147.0
44 48 92.0 115.0
43 51 80.0 169.0
57 45 125.0 135.0
54 30 86.0 40.0
64 38 27.0 101.0
46 58 59.0 31.0
53 49 90.0 44.0
46 56 148.0 98.0
37 65 20.0 40.0
54 50 28.0 52.0
61 40 81.0 106.0
48 17 175.0 167.0
63 38 160.0 3.0
47 60 39.0 171.0
28 56 166.0 81.0
42 58 7.0 66.0
57 50 142.0 179.0
61 39 35.0 122.0
39 66 192.0 68.0
65 36 98.0 119.0
56 47 139.0 10.0
30 60 17.0 179.0
51 55 12.0 135.0
41 45 42.0 19.0
42 62 137.0 136.0
43 63 58.0 172.0
62 38 14.0 2.0
43 61 186.0 112.0
51 49 9.0 78.0
58 47 158.0 26.0
62 45 166.0 170.0
15 64 183.0 160.0
62 19 28.0 120.0
59 49 43.0 38.0
61 47 15.0 57.0
43 66 15.0 154.0
52 53 6.0 25.0
64 42 62.0 164.0
45 54 136.0 180.0
50 56 74.0 71.0
48 61 194.0 102.0
45 56 25.0 189.0
57 56 152.0 40.0
42 66 70.0 168.0
62 46 171.0 76.0
56 51 65.0 186.0
37 63 60.0 153.0
58 66 145.0 134.0
64 46 157.0 91.0
52 57 166.0 182.0
37 62 105.0 71.0
63 45 52.0 127.0
35 66 84.0 23.0
57 49 27.0 102.0
52 55 187.0 87.0
65 48 1.0 85.0
61 49 43.0 159.0
62 30 193.0 162.0
43 64 142.0 98.0
58 54 64.0 194.0
57 54 128.0 148.0
42 60 11.0 107.0
50 48 90.0 198.0
63 47 83.0 44.0
46 65 173.0 78.0
54 48 69.0 167.0
55 49 105.0 11.0
55 57 23.0 169.0
51 52 57.0 103.0
64 47 130.0 20.0
61 58 29.0 173.0
60 54 66.0 64.0
49 64 172.0 40.0
63 40 65.0 41.0
63 52 19.0 170.0
51 65 88.0 195.0
59 53 82.0 97.0
57 63 122.0 13.0
50 55 143.0 103.0
62 61 127.0 10.0
42 65 102.0 51.0
50 60 185.0 119.0
2 6 11.0 5.0
62 56 96.0 99.0
66 55 63.0 178.0
33 60 155.0 185.0
54 51 84.0 99.0
34 46 176.0 11.0
55 25 24.0 30.0
52 58 61.0 9.0
57 65 30.0 72.0
60 61 121.0 126.0
27 21 138.0 136.0
65 64 177.0 46.0
65 60 124.0 62.0
62 66 69.0 100.0
51 63 52.0 93.0
55 19 128.0 66.0
61 51 43.0 158.0
66 9 86.0 116.0
66 65 141.0 176.0
42 55 42.0 70.0
48 66 125.0 166.0
66 51 54.0 194.0
25 66 85.0 59.0
62 59 19.0 13.0
58 65 77.0 14.0
43 60 101.0 115.0
62 49 63.0 194.0
56 66 34.0 105.0
50 64 11.0 159.0
26 57 93.0 66.0
59 44 143.0 130.0
53 57 17.0 114.0
35 61 180.0 47.0
48 46 44.0 34.0
63 50 121.0 107.0
50 62 195.0 155.0
56 65 180.0 158.0
42 27 118.0 25.0
45 64 103.0 13.0
56 52 24.0 73.0
62 52 117.0 4.0
65 49 137.0 113.0
53 63 112.0 10.0
44 66 75.0 59.0
38 57 4.0 7.0
47 32 48.0 122.0
54 63 144.0 151.0
49 50 72.0 168.0
38 42 179.0 189.0
58 64 182.0 68.0
58 55 114.0 47.0
0
