66 2145 62 11 287107
38 51 145.0 143.0
4 19 143.0 199.0
49 25 94.0 86.0
26 59 96.0 47.0
10 38 81.0 111.0
2 38 115.0 142.0
33 36 72.0 185.0
11 29 79.0 8.0
11 28 38.0 25.0
44 37 42.0 133.0
61 7 103.0 136.0
63 50 169.0 0.0
19 62 114.0 50.0
33 44 79.0 29.0
13 4 163.0 103.0
30 60 54.0 42.0
21 58 66.0 92.0
28 36 196.0 60.0
40 63 71.0 99.0
45 26 14.0 41.0
20 60 23.0 128.0
35 65 21.0 102.0
66 55 142.0 184.0
48 7 188.0 196.0
63 49 97.0 54.0
7 3 167.0 93.0
11 12 146.0 191.0
35 63 111.0 161.0
54 58 112.0 135.0
54 22 84.0 85.0
10 4 169.0 27.0
8 12 101.0 157.0
59 52 186.0 151.0
2 63 139.0 105.0
8 17 90.0 38.0
11 44 108.0 1.0
33 1 48.0 172.0
21 20 25.0 132.0
23 14 29.0 194.0
24 10 7.0 83.0
61 53 95.0 145.0
49 15 76.0 187.0
32 66 83.0 118.0
41 54 168.0 143.0
53 54 86.0 168.0
7 26 154.0 111.0
37 55 3.0 136.0
62 18 180.0 162.0
4 26 91.0 75.0
41 53 65.0 119.0
52 62 63.0 100.0
48 15 117.0 184.0
66 51 188.0 3.0
10 7 122.0 94.0
59 17 190.0 125.0
34 43 62.0 170.0
2 26 113.0 106.0
13 52 99.0 178.0
46 20 124.0 115.0
32 48 138.0 41.0
32 31 113.0 78.0
35 64 91.0 35.0
14 53 13.0 81.0
27 60 4.0 75.0
17 28 12.0 117.0
14 43 126.0 112.0
60 40 154.0 50.0
21 8 137.0 44.0
36 20 5.0 50.0
17 38 59.0 96.0
23 44 6.0 72.0
35 19 133.0 162.0
46 9 144.0 145.0
51 32 159.0 70.0
5 61 170.0 65.0
66 50 58.0 108.0
3 27 88.0 16.0
63 65 2.0 148.0
43 51 126.0 8.0
1 8 58.0 11.0
16 6 35.0 2.0
37 14 107.0 146.0
6 38 117.0 77.0
21 2 161.0 127.0
27 8 148.0 49.0
5 16 154.0 150.0
65 39 194.0 32.0
46 49 140.0 52.0
52 10 119.0 175.0
21 30 33.0 26.0
1 55 61.0 150.0
54 1 41.0 174.0
8 14 85.0 189.0
30 8 47.0 191.0
45 43 139.0 193.0
23 65 173.0 80.0
8 4 189.0 44.0
34 20 117.0 174.0
8 16 72.0 130.0
14 27 32.0 66.0
39 40 109.0 118.0
48 16 5.0 108.0
56 48 105.0 96.0
46 57 8.0 30.0
59 42 169.0 149.0
11 7 81.0 86.0
8 42 108.0 105.0
66 64 161.0 140.0
38 1 30.0 70.0
15 63 5.0 35.0
45 16 187.0 111.0
5 30 148.0 196.0
3 5 170.0 117.0
8 6 22.0 3.0
47 54 102.0 82.0
51 6 11.0 15.0
4 53 153.0 41.0
49 7 104.0 159.0
21 35 124.0 92.0
64 51 36.0 72.0
64 34 159.0 158.0
39 61 21.0 133.0
48 51 103.0 75.0
54 11 24.0 115.0
63 17 49.0 130.0
24 28 1.0 153.0
62 46 178.0 125.0
28 14 127.0 14.0
47 56 82.0 38.0
50 46 110.0 103.0
28 27 130.0 165.0
38 37 101.0 107.0
2 11 30.0 150.0
35 9 141.0 31.0
52 45 195.0 119.0
58 9 43.0 122.0
64 1 98.0 125.0
44 18 23.0 160.0
44 60 84.0 105.0
31 21 3.0 186.0
30 51 127.0 185.0
59 3 102.0 68.0
47 41 133.0 97.0
49 26 37.0 176.0
24 54 166.0 87.0
5 28 98.0 141.0
21 22 138.0 182.0
42 35 61.0 141.0
18 17 57.0 140.0
17 24 74.0 159.0
62 39 127.0 159.0
16 1 110.0 164.0
22 46 175.0 29.0
7 23 126.0 73.0
42 61 29.0 65.0
27 5 41.0 90.0
20 17 187.0 99.0
38 35 44.0 14.0
6 60 46.0 171.0
28 32 50.0 157.0
9 39 188.0 25.0
59 6 30.0 67.0
64 47 91.0 59.0
49 4 183.0 133.0
20 51 27.0 123.0
17 66 61.0 23.0
59 32 171.0 108.0
63 42 69.0 21.0
12 66 167.0 9.0
3 55 13.0 197.0
33 21 11.0 56.0
22 20 97.0 146.0
2 48 72.0 76.0
47 50 69.0 133.0
15 60 177.0 40.0
33 51 69.0 198.0
48 30 119.0 37.0
17 19 4.0 84.0
38 65 56.0 15.0
17 7 111.0 153.0
54 60 190.0 183.0
44 8 175.0 59.0
65 58 177.0 152.0
40 11 30.0 46.0
3 13 98.0 149.0
5 46 17.0 102.0
43 29 160.0 73.0
11 6 63.0 71.0
57 44 89.0 53.0
49 53 42.0 65.0
43 20 181.0 19.0
31 19 78.0 164.0
6 34 75.0 128.0
12 23 177.0 92.0
49 17 132.0 89.0
14 51 57.0 196.0
28 18 147.0 147.0
5 53 182.0 190.0
6 66 101.0 163.0
9 3 33.0 179.0
62 24 196.0 108.0
12 2 190.0 125.0
32 35 120.0 123.0
19 8 198.0 177.0
25 11 90.0 97.0
14 4 22.0 72.0
5 6 132.0 123.0
28 2 12.0 117.0
23 41 4.0 160.0
56 18 154.0 147.0
50 1 130.0 74.0
7 5 165.0 80.0
47 28 168.0 56.0
66 61 122.0 190.0
8 7 88.0 54.0
6 33 187.0 52.0
7 2 185.0 144.0
17 52 102.0 139.0
50 4 6.0 32.0
41 43 96.0 123.0
2 4 10.0 17.0
65 32 32.0 132.0
36 60 98.0 120.0
26 52 117.0 38.0
51 27 188.0 102.0
12 32 186.0 90.0
2 16 126.0 144.0
17 2 180.0 23.0
14 3 11.0 142.0
46 8 177.0 43.0
2 18 133.0 27.0
48 52 27.0 50.0
12 7 120.0 167.0
38 29 55.0 58.0
27 61 23.0 181.0
57 35 69.0 155.0
49 8 148.0 32.0
15 36 194.0 125.0
32 25 184.0 127.0
11 18 17.0 163.0
22 4 178.0 138.0
32 55 177.0 33.0
9 5 173.0 152.0
36 22 120.0 194.0
30 9 185.0 68.0
42 14 101.0 132.0
14 1 19.0 85.0
38 54 22.0 37.0
55 38 177.0 153.0
26 39 178.0 154.0
40 58 125.0 151.0
13 2 27.0 45.0
10 66 129.0 165.0
11 4 11.0 30.0
23 2 1.0 183.0
55 19 152.0 24.0
56 28 174.0 81.0
64 65 69.0 153.0
54 63 165.0 146.0
65 2 173.0 145.0
65 55 122.0 54.0
58 41 123.0 85.0
43 7 172.0 125.0
25 50 187.0 77.0
9 61 145.0 162.0
57 42 193.0 166.0
36 19 173.0 111.0
18 15 167.0 99.0
1 24 133.0 41.0
63 8 94.0 56.0
2 6 84.0 18.0
19 2 64.0 23.0
59 4 104.0 162.0
45 37 128.0 50.0
54 64 0.0 53.0
10 15 39.0 120.0
37 40 0.0 172.0
47 63 84.0 94.0
1 63 196.0 120.0
61 10 118.0 61.0
14 38 189.0 174.0
8 53 48.0 69.0
48 46 106.0 1.0
58 14 141.0 97.0
51 60 75.0 141.0
57 60 164.0 111.0
55 52 116.0 112.0
59 14 63.0 34.0
51 63 156.0 5.0
50 57 122.0 4.0
36 44 33.0 181.0
55 17 113.0 126.0
9 45 54.0 140.0
38 22 11.0 170.0
7 25 112.0 127.0
2 15 60.0 176.0
35 58 11.0 16.0
48 58 61.0 85.0
33 63 9.0 46.0
12 27 101.0 74.0
5 59 152.0 155.0
6 3 99.0 115.0
28 4 167.0 11.0
41 12 86.0 180.0
1 25 80.0 97.0
16 4 4.0 93.0
66 36 2.0 13.0
60 58 56.0 103.0
48 45 22.0 160.0
48 34 95.0 121.0
37 21 83.0 62.0
3 11 48.0 169.0
44 42 16.0 80.0
45 6 59.0 20.0
39 36 128.0 14.0
25 12 181.0 136.0
57 65 167.0 3.0
32 5 194.0 62.0
24 46 89.0 77.0
64 27 166.0 89.0
66 27 123.0 135.0
30 64 112.0 183.0
15 5 69.0 192.0
11 59 50.0 51.0
10 11 147.0 18.0
62 11 148.0 93.0
54 27 181.0 189.0
9 8 186.0 99.0
41 49 48.0 110.0
47 42 83.0 160.0
41 33 164.0 152.0
25 60 56.0 15.0
4 12 197.0 155.0
22 48 127.0 145.0
8 61 140.0 60.0
11 14 165.0 79.0
63 64 136.0 13.0
39 54 132.0 171.0
18 50 109.0 96.0
42 38 145.0 117.0
49 13 18.0 142.0
19 3 93.0 145.0
52 6 137.0 33.0
17 27 110.0 102.0
24 26 191.0 46.0
11 36 69.0 75.0
18 61 76.0 130.0
18 1 140.0 21.0
61 14 193.0 158.0
1 10 127.0 86.0
31 39 128.0 64.0
65 22 94.0 191.0
45 44 131.0 37.0
12 18 52.0 152.0
12 14 176.0 128.0
61 30 2.0 68.0
41 1 66.0 196.0
26 21 197.0 145.0
57 10 147.0 126.0
29 24 19.0 41.0
1 21 65.0 102.0
36 9 132.0 117.0
22 50 20.0 109.0
1 6 162.0 22.0
1 37 141.0 28.0
17 5 15.0 91.0
64 44 167.0 162.0
6 7 144.0 138.0
57 25 81.0 162.0
34 42 184.0 14.0
26 20 127.0 4.0
21 66 112.0 90.0
34 47 58.0 6.0
37 56 83.0 26.0
33 31 104.0 2.0
3 22 34.0 0.0
44 39 180.0 115.0
15 16 175.0 165.0
35 60 161.0 102.0
59 27 154.0 73.0
8 52 11.0 12.0
41 45 194.0 94.0
10 65 179.0 98.0
6 4 75.0 13.0
38 11 7.0 55.0
25 63 118.0 134.0
55 28 146.0 79.0
54 50 44.0 100.0
35 48 113.0 55.0
26 40 138.0 107.0
39 49 139.0 117.0
48 39 70.0 14.0
48 49 77.0 30.0
43 23 88.0 195.0
50 40 183.0 35.0
23 10 116.0 179.0
57 58 8.0 181.0
31 4 38.0 146.0
50 23 56.0 178.0
59 33 13.0 78.0
13 5 9.0 90.0
4 41 26.0 97.0
8 5 45.0 161.0
3 16 20.0 161.0
35 12 120.0 180.0
1 11 135.0 111.0
38 48 41.0 143.0
14 6 152.0 55.0
55 44 155.0 113.0
16 29 48.0 133.0
52 60 19.0 45.0
35 8 124.0 191.0
19 5 190.0 44.0
20 58 42.0 77.0
37 53 134.0 83.0
58 15 171.0 38.0
59 20 75.0 78.0
48 9 64.0 76.0
2 20 103.0 83.0
27 16 134.0 27.0
20 30 98.0 76.0
17 1 79.0 140.0
20 38 167.0 13.0
53 46 6.0 90.0
9 12 124.0 81.0
30 12 96.0 140.0
18 3 111.0 151.0
64 31 50.0 198.0
60 41 84.0 100.0
9 1 57.0 164.0
46 40 33.0 24.0
18 24 191.0 191.0
45 50 25.0 67.0
61 63 165.0 73.0
47 31 139.0 77.0
61 44 107.0 141.0
16 42 33.0 144.0
48 1 0.0 91.0
38 16 74.0 34.0
9 13 74.0 18.0
39 58 185.0 99.0
5 18 133.0 102.0
15 64 54.0 72.0
39 66 60.0 162.0
41 57 39.0 45.0
55 51 107.0 192.0
1 31 42.0 134.0
20 13 158.0 69.0
4 1 139.0 95.0
10 9 145.0 24.0
8 32 135.0 0.0
31 63 173.0 147.0
53 34 90.0 164.0
8 3 189.0 149.0
31 8 90.0 184.0
20 32 81.0 48.0
7 16 122.0 172.0
9 33 69.0 68.0
64 17 12.0 157.0
13 17 106.0 137.0
23 1 131.0 196.0
53 32 144.0 72.0
18 6 24.0 34.0
17 3 139.0 57.0
36 24 22.0 13.0
55 16 127.0 43.0
30 43 83.0 91.0
21 3 106.0 141.0
27 6 140.0 189.0
36 49 72.0 84.0
43 22 84.0 96.0
60 9 35.0 175.0
13 10 65.0 9.0
9 57 123.0 193.0
34 13 110.0 159.0
11 13 147.0 168.0
51 31 177.0 87.0
3 15 194.0 49.0
65 20 52.0 30.0
28 40 187.0 39.0
13 6 120.0 4.0
2 9 105.0 43.0
6 10 51.0 167.0
66 59 197.0 150.0
21 36 170.0 126.0
13 24 59.0 164.0
43 62 28.0 111.0
35 15 2.0 167.0
18 7 2.0 122.0
13 7 107.0 60.0
5 14 31.0 158.0
4 15 161.0 28.0
16 49 161.0 131.0
6 63 10.0 20.0
56 34 51.0 38.0
10 14 87.0 54.0
37 63 97.0 42.0
47 5 71.0 156.0
18 31 197.0 102.0
11 34 23.0 158.0
1 15 175.0 137.0
2 14 189.0 185.0
17 9 82.0 192.0
19 53 156.0 122.0
50 31 125.0 6.0
33 27 99.0 148.0
56 58 155.0 96.0
25 42 27.0 131.0
2 5 43.0 2.0
15 9 26.0 32.0
21 5 142.0 109.0
44 12 102.0 51.0
40 66 117.0 179.0
24 61 104.0 16.0
50 52 121.0 12.0
8 13 121.0 148.0
30 32 44.0 116.0
19 7 157.0 23.0
63 29 51.0 51.0
40 7 166.0 153.0
6 48 139.0 83.0
20 7 48.0 43.0
51 42 140.0 169.0
3 4 65.0 13.0
33 12 15.0 62.0
13 1 154.0 124.0
34 4 36.0 5.0
11 46 45.0 2.0
25 28 113.0 184.0
12 6 157.0 161.0
52 47 90.0 49.0
48 50 172.0 107.0
6 20 22.0 139.0
35 30 79.0 176.0
33 4 172.0 67.0
47 16 144.0 18.0
41 27 99.0 9.0
37 19 74.0 8.0
63 22 52.0 164.0
5 22 113.0 176.0
13 14 103.0 135.0
15 30 72.0 183.0
4 17 97.0 45.0
33 8 130.0 41.0
34 12 56.0 181.0
11 8 26.0 130.0
30 29 71.0 30.0
48 57 62.0 136.0
42 36 107.0 118.0
4 24 187.0 131.0
2 22 175.0 84.0
60 48 65.0 58.0
59 54 6.0 121.0
21 7 132.0 184.0
8 47 118.0 155.0
37 15 149.0 181.0
50 62 154.0 56.0
18 9 55.0 93.0
19 42 11.0 183.0
21 34 87.0 28.0
19 60 165.0 93.0
39 12 153.0 49.0
5 20 167.0 72.0
15 11 164.0 116.0
43 31 160.0 70.0
26 3 179.0 167.0
22 1 99.0 191.0
18 10 176.0 138.0
44 32 177.0 93.0
43 44 55.0 131.0
59 24 149.0 22.0
3 10 120.0 65.0
47 21 173.0 32.0
9 14 48.0 105.0
59 65 45.0 99.0
16 11 140.0 173.0
65 54 32.0 70.0
4 20 62.0 87.0
51 52 172.0 163.0
4 5 13.0 92.0
25 33 72.0 138.0
26 1 177.0 120.0
64 50 111.0 23.0
12 5 28.0 3.0
66 38 129.0 12.0
65 50 86.0 143.0
15 8 111.0 58.0
20 55 155.0 124.0
19 33 54.0 179.0
33 26 101.0 183.0
3 23 126.0 164.0
4 7 74.0 106.0
42 15 172.0 4.0
62 2 129.0 58.0
17 48 197.0 192.0
17 6 150.0 152.0
44 17 141.0 156.0
42 30 54.0 194.0
21 40 157.0 180.0
17 11 24.0 31.0
17 12 127.0 196.0
6 19 45.0 8.0
10 16 199.0 42.0
12 13 152.0 101.0
53 16 166.0 45.0
44 31 199.0 20.0
1 12 182.0 156.0
46 38 149.0 6.0
18 48 14.0 76.0
53 15 190.0 59.0
16 22 107.0 189.0
56 60 182.0 11.0
7 14 1.0 148.0
44 9 104.0 152.0
19 59 64.0 38.0
29 13 175.0 13.0
60 34 65.0 189.0
46 31 115.0 55.0
52 2 4.0 174.0
59 38 44.0 138.0
51 15 99.0 46.0
9 16 31.0 155.0
14 20 11.0 95.0
33 65 93.0 186.0
32 54 178.0 111.0
18 13 132.0 93.0
20 3 107.0 88.0
64 52 103.0 104.0
66 49 128.0 155.0
8 2 63.0 159.0
27 1 150.0 74.0
31 5 167.0 195.0
27 2 18.0 97.0
28 10 92.0 102.0
35 44 167.0 152.0
29 45 139.0 23.0
27 15 10.0 67.0
19 39 0.0 26.0
3 35 2.0 102.0
40 45 156.0 121.0
59 30 181.0 175.0
23 6 124.0 74.0
15 31 142.0 44.0
10 17 144.0 82.0
58 44 141.0 106.0
15 41 168.0 142.0
5 11 2.0 171.0
57 7 99.0 158.0
14 15 177.0 32.0
12 55 87.0 54.0
17 37 70.0 182.0
14 63 114.0 166.0
38 50 101.0 55.0
22 58 94.0 70.0
5 50 40.0 96.0
56 16 53.0 139.0
55 41 111.0 182.0
19 9 19.0 151.0
63 20 3.0 41.0
19 10 170.0 117.0
36 18 190.0 72.0
9 41 20.0 85.0
6 21 124.0 13.0
39 47 89.0 129.0
21 57 11.0 152.0
6 22 139.0 30.0
63 24 41.0 142.0
4 21 112.0 164.0
16 14 163.0 55.0
7 53 17.0 136.0
19 11 70.0 141.0
46 2 82.0 111.0
58 28 187.0 93.0
10 2 59.0 78.0
27 34 178.0 53.0
60 8 122.0 42.0
42 50 135.0 85.0
36 10 167.0 152.0
9 42 128.0 189.0
21 9 155.0 162.0
56 30 34.0 95.0
33 50 28.0 46.0
11 9 179.0 6.0
11 42 73.0 101.0
25 58 40.0 8.0
24 2 35.0 159.0
6 61 178.0 115.0
25 5 115.0 85.0
7 45 166.0 102.0
29 65 52.0 146.0
2 58 67.0 32.0
31 24 4.0 140.0
15 23 137.0 196.0
55 14 169.0 124.0
19 1 55.0 99.0
59 50 152.0 123.0
28 42 175.0 118.0
22 10 172.0 180.0
24 6 75.0 39.0
34 44 26.0 32.0
66 45 91.0 115.0
59 18 143.0 12.0
15 13 98.0 151.0
64 59 70.0 50.0
34 49 24.0 198.0
10 21 106.0 148.0
53 26 95.0 133.0
3 42 101.0 73.0
21 61 186.0 144.0
10 25 9.0 129.0
39 25 173.0 107.0
15 7 157.0 196.0
56 3 166.0 133.0
41 26 170.0 24.0
49 32 194.0 17.0
24 5 125.0 95.0
36 30 11.0 63.0
20 12 168.0 20.0
64 11 83.0 94.0
18 47 19.0 193.0
30 2 112.0 185.0
1 30 84.0 34.0
61 22 97.0 79.0
61 11 78.0 174.0
3 29 114.0 41.0
35 26 111.0 34.0
34 37 83.0 194.0
15 34 6.0 102.0
2 25 130.0 118.0
59 57 22.0 14.0
1 20 154.0 72.0
23 9 138.0 32.0
5 40 170.0 4.0
66 63 180.0 81.0
32 40 89.0 15.0
9 6 89.0 48.0
35 51 60.0 19.0
42 2 131.0 83.0
16 58 155.0 37.0
66 23 93.0 93.0
4 29 134.0 15.0
40 35 6.0 67.0
7 37 147.0 48.0
45 21 12.0 36.0
5 36 37.0 73.0
37 43 175.0 120.0
34 17 120.0 130.0
37 46 27.0 14.0
23 4 112.0 114.0
37 42 106.0 118.0
12 49 71.0 53.0
1 2 29.0 84.0
37 32 192.0 18.0
8 10 32.0 120.0
26 5 181.0 104.0
49 37 2.0 160.0
39 41 82.0 66.0
14 64 127.0 140.0
46 26 70.0 150.0
27 9 186.0 99.0
40 30 112.0 178.0
39 51 161.0 96.0
18 14 79.0 94.0
56 8 75.0 33.0
31 2 41.0 157.0
29 1 92.0 120.0
37 27 180.0 162.0
34 36 0.0 166.0
66 54 195.0 113.0
36 2 96.0 157.0
21 18 186.0 127.0
25 26 140.0 13.0
8 23 2.0 181.0
4 18 167.0 46.0
34 22 132.0 147.0
57 27 9.0 133.0
14 57 158.0 5.0
56 53 74.0 55.0
4 57 24.0 12.0
16 52 12.0 164.0
53 22 121.0 14.0
29 2 177.0 40.0
20 9 100.0 110.0
40 2 16.0 62.0
56 20 104.0 127.0
16 13 98.0 130.0
24 3 116.0 74.0
53 57 68.0 128.0
25 3 141.0 141.0
6 15 34.0 119.0
18 30 174.0 86.0
31 37 121.0 143.0
54 3 100.0 25.0
33 47 72.0 151.0
47 26 18.0 140.0
15 66 55.0 87.0
22 9 176.0 197.0
39 29 131.0 162.0
31 3 73.0 57.0
56 15 20.0 194.0
14 17 130.0 73.0
8 25 130.0 3.0
32 3 169.0 148.0
19 14 32.0 177.0
47 15 178.0 8.0
43 53 43.0 61.0
15 17 176.0 68.0
60 17 149.0 196.0
46 64 17.0 80.0
28 3 47.0 147.0
65 52 47.0 16.0
66 14 155.0 79.0
28 39 17.0 85.0
8 20 37.0 60.0
45 13 143.0 13.0
29 59 32.0 93.0
6 28 125.0 49.0
45 27 42.0 124.0
3 12 134.0 89.0
17 54 61.0 89.0
19 15 123.0 79.0
22 11 193.0 161.0
24 9 18.0 136.0
25 38 168.0 50.0
1 44 18.0 45.0
22 8 147.0 61.0
30 37 51.0 81.0
4 25 80.0 113.0
52 61 74.0 4.0
24 12 159.0 19.0
4 46 132.0 130.0
18 51 195.0 100.0
27 56 31.0 14.0
22 7 79.0 130.0
42 55 1.0 83.0
60 39 88.0 81.0
7 24 79.0 114.0
41 56 150.0 191.0
34 46 130.0 82.0
30 41 85.0 125.0
28 54 49.0 117.0
8 28 0.0 128.0
26 9 2.0 1.0
10 12 51.0 91.0
12 15 178.0 83.0
62 47 84.0 128.0
27 7 48.0 166.0
65 6 127.0 134.0
28 9 5.0 176.0
37 16 166.0 157.0
51 47 180.0 168.0
52 40 169.0 183.0
46 25 164.0 99.0
5 63 39.0 0.0
6 25 39.0 88.0
12 53 96.0 166.0
40 38 131.0 102.0
53 64 172.0 49.0
45 49 67.0 104.0
20 53 54.0 188.0
11 58 103.0 170.0
52 35 114.0 142.0
43 55 50.0 153.0
3 33 133.0 146.0
31 35 118.0 65.0
29 6 134.0 43.0
10 20 170.0 153.0
8 29 150.0 24.0
41 2 0.0 53.0
34 58 158.0 66.0
1 35 182.0 160.0
15 21 161.0 116.0
14 48 23.0 79.0
8 18 36.0 157.0
13 19 65.0 6.0
20 11 183.0 15.0
18 27 199.0 135.0
21 13 194.0 157.0
9 54 167.0 176.0
32 41 186.0 128.0
26 6 177.0 9.0
10 5 160.0 165.0
21 46 183.0 25.0
15 22 83.0 119.0
54 61 77.0 82.0
21 60 132.0 23.0
47 9 187.0 99.0
49 58 174.0 126.0
58 10 173.0 103.0
13 23 186.0 85.0
17 16 144.0 170.0
54 48 117.0 179.0
40 10 7.0 146.0
22 12 64.0 140.0
45 24 166.0 4.0
14 45 110.0 92.0
52 58 23.0 35.0
1 28 6.0 162.0
29 15 38.0 151.0
62 17 172.0 155.0
15 20 148.0 180.0
11 27 145.0 165.0
66 60 186.0 112.0
7 28 20.0 96.0
4 27 119.0 44.0
29 7 138.0 78.0
57 34 167.0 176.0
48 42 7.0 91.0
1 42 8.0 108.0
16 19 111.0 153.0
21 28 197.0 97.0
26 12 30.0 17.0
19 18 33.0 101.0
64 32 165.0 171.0
65 24 24.0 132.0
63 53 166.0 183.0
28 12 47.0 174.0
39 23 14.0 158.0
34 3 175.0 11.0
56 54 31.0 5.0
30 3 70.0 64.0
47 66 199.0 35.0
13 22 116.0 175.0
23 5 47.0 82.0
17 21 70.0 94.0
1 32 138.0 85.0
19 25 13.0 114.0
22 14 128.0 44.0
53 9 17.0 150.0
9 7 181.0 168.0
22 28 57.0 49.0
29 10 103.0 57.0
31 6 182.0 126.0
12 19 120.0 120.0
32 33 193.0 133.0
5 1 188.0 73.0
21 11 86.0 157.0
33 2 122.0 67.0
13 25 122.0 131.0
66 43 94.0 177.0
45 22 104.0 76.0
29 57 78.0 24.0
22 18 97.0 23.0
16 23 78.0 85.0
26 30 135.0 164.0
53 6 189.0 9.0
1 36 5.0 111.0
2 35 29.0 51.0
63 46 10.0 133.0
7 31 67.0 88.0
44 50 10.0 164.0
34 1 182.0 88.0
51 45 165.0 118.0
25 15 192.0 154.0
7 54 158.0 150.0
10 26 97.0 187.0
56 36 61.0 108.0
18 23 153.0 80.0
25 14 171.0 164.0
31 9 42.0 154.0
7 32 149.0 7.0
26 66 180.0 93.0
34 5 131.0 138.0
16 50 30.0 181.0
5 29 181.0 43.0
66 34 1.0 134.0
1 40 116.0 173.0
6 32 64.0 158.0
8 50 62.0 13.0
49 35 104.0 42.0
14 26 99.0 188.0
32 4 56.0 129.0
34 2 151.0 37.0
46 23 166.0 153.0
16 18 181.0 82.0
33 7 164.0 197.0
16 21 37.0 26.0
29 12 123.0 141.0
18 20 59.0 22.0
25 54 12.0 68.0
36 7 74.0 164.0
14 34 60.0 192.0
27 10 56.0 41.0
3 38 178.0 172.0
19 23 22.0 15.0
31 11 125.0 145.0
5 33 40.0 136.0
11 47 49.0 53.0
34 8 195.0 75.0
23 60 185.0 55.0
61 36 113.0 41.0
17 40 41.0 43.0
24 14 87.0 64.0
6 44 109.0 12.0
6 35 103.0 149.0
4 9 167.0 105.0
62 1 161.0 162.0
61 47 46.0 98.0
30 10 59.0 111.0
8 26 20.0 100.0
16 41 36.0 59.0
19 20 159.0 145.0
4 37 76.0 14.0
7 34 77.0 195.0
10 32 4.0 190.0
10 31 51.0 2.0
1 39 37.0 110.0
39 3 90.0 57.0
29 14 109.0 126.0
5 38 62.0 20.0
28 49 24.0 139.0
21 23 110.0 53.0
32 2 76.0 66.0
18 25 169.0 127.0
10 60 58.0 6.0
17 36 183.0 148.0
64 7 70.0 44.0
65 51 121.0 133.0
33 13 156.0 98.0
33 52 107.0 66.0
60 65 136.0 183.0
4 38 38.0 106.0
41 37 52.0 96.0
29 9 11.0 35.0
3 37 73.0 34.0
8 54 146.0 146.0
66 9 5.0 102.0
4 40 47.0 112.0
62 49 158.0 136.0
30 33 107.0 196.0
3 41 186.0 112.0
63 56 14.0 198.0
19 22 26.0 39.0
5 37 198.0 124.0
47 12 82.0 3.0
9 32 105.0 82.0
37 57 171.0 63.0
23 32 70.0 30.0
16 25 199.0 9.0
41 28 173.0 14.0
30 6 46.0 151.0
11 33 78.0 44.0
33 10 155.0 160.0
24 19 79.0 60.0
36 4 24.0 2.0
64 26 143.0 47.0
21 14 169.0 142.0
36 25 158.0 94.0
37 35 9.0 156.0
25 29 177.0 87.0
32 43 67.0 132.0
24 20 159.0 98.0
13 30 156.0 135.0
17 23 13.0 51.0
13 58 5.0 135.0
11 32 120.0 115.0
20 23 149.0 129.0
4 44 127.0 126.0
18 33 67.0 146.0
64 45 23.0 26.0
56 29 183.0 179.0
35 43 87.0 149.0
37 6 182.0 92.0
22 49 93.0 102.0
28 13 111.0 42.0
65 36 25.0 190.0
38 8 38.0 93.0
27 26 182.0 14.0
35 10 130.0 117.0
13 41 56.0 17.0
36 3 168.0 38.0
35 7 157.0 61.0
8 37 132.0 68.0
3 43 60.0 109.0
28 15 30.0 50.0
59 51 59.0 164.0
23 35 90.0 141.0
31 13 51.0 146.0
19 29 145.0 171.0
7 39 55.0 102.0
21 19 16.0 187.0
26 11 30.0 28.0
46 3 29.0 13.0
52 12 57.0 89.0
17 26 160.0 147.0
6 46 65.0 11.0
27 13 57.0 10.0
24 15 5.0 112.0
32 13 120.0 21.0
11 30 152.0 102.0
17 46 127.0 182.0
46 1 152.0 184.0
62 40 98.0 112.0
5 35 157.0 115.0
46 65 127.0 166.0
24 41 82.0 85.0
2 44 31.0 154.0
6 36 92.0 184.0
21 51 17.0 19.0
34 16 146.0 122.0
53 1 118.0 197.0
17 47 23.0 75.0
17 29 85.0 103.0
25 17 154.0 168.0
26 13 106.0 185.0
64 28 104.0 198.0
40 3 28.0 73.0
39 4 66.0 127.0
15 26 44.0 184.0
11 48 83.0 19.0
31 45 28.0 120.0
59 1 157.0 134.0
26 16 46.0 15.0
28 16 80.0 102.0
30 63 12.0 61.0
39 8 105.0 78.0
57 52 156.0 101.0
21 24 183.0 39.0
2 43 106.0 163.0
43 38 67.0 15.0
47 43 9.0 114.0
45 55 84.0 42.0
51 16 68.0 48.0
42 33 163.0 173.0
6 40 72.0 119.0
39 5 143.0 7.0
44 3 175.0 1.0
58 63 83.0 43.0
27 20 99.0 45.0
33 14 174.0 135.0
29 18 41.0 194.0
61 50 107.0 4.0
24 22 94.0 131.0
9 37 9.0 190.0
53 30 175.0 185.0
27 35 15.0 11.0
28 19 118.0 114.0
40 31 93.0 92.0
31 16 151.0 134.0
45 1 152.0 11.0
10 53 0.0 199.0
18 64 93.0 9.0
34 10 148.0 21.0
47 55 15.0 115.0
26 22 191.0 86.0
24 16 121.0 84.0
30 17 175.0 73.0
29 55 25.0 79.0
41 65 11.0 177.0
62 30 8.0 105.0
37 10 12.0 156.0
23 49 54.0 179.0
35 14 38.0 197.0
2 39 165.0 159.0
23 25 15.0 92.0
5 42 47.0 192.0
43 57 125.0 58.0
24 23 194.0 133.0
22 59 103.0 6.0
41 6 120.0 157.0
38 7 199.0 110.0
14 31 142.0 116.0
18 26 74.0 109.0
53 33 134.0 121.0
22 17 181.0 11.0
56 52 89.0 175.0
27 21 5.0 144.0
43 1 75.0 125.0
8 36 100.0 27.0
36 12 166.0 194.0
35 11 36.0 193.0
16 30 30.0 122.0
4 42 94.0 163.0
27 63 17.0 135.0
36 13 144.0 174.0
38 9 46.0 172.0
45 4 199.0 146.0
22 23 198.0 117.0
43 21 2.0 34.0
28 20 23.0 32.0
15 46 120.0 69.0
47 2 110.0 90.0
44 5 121.0 7.0
35 13 106.0 167.0
27 36 24.0 105.0
11 24 2.0 23.0
34 62 62.0 5.0
6 39 8.0 86.0
38 12 175.0 128.0
23 53 100.0 37.0
36 63 103.0 173.0
42 46 105.0 9.0
25 21 164.0 130.0
42 7 127.0 119.0
29 51 80.0 190.0
52 21 154.0 88.0
32 16 151.0 81.0
32 15 126.0 3.0
29 21 91.0 181.0
31 12 28.0 196.0
4 43 4.0 145.0
27 22 98.0 83.0
11 23 157.0 178.0
37 11 93.0 64.0
7 30 79.0 44.0
19 30 132.0 158.0
24 38 199.0 23.0
53 24 196.0 179.0
29 27 185.0 152.0
55 33 80.0 83.0
34 59 19.0 38.0
45 3 173.0 64.0
13 37 16.0 52.0
55 61 37.0 100.0
33 22 88.0 36.0
8 41 48.0 37.0
53 66 33.0 186.0
45 2 143.0 65.0
62 36 20.0 114.0
50 2 109.0 193.0
53 51 99.0 125.0
32 17 166.0 136.0
37 12 98.0 7.0
48 65 185.0 99.0
62 14 115.0 170.0
9 40 142.0 58.0
35 4 49.0 114.0
13 39 140.0 110.0
22 29 122.0 39.0
10 39 64.0 89.0
1 49 146.0 114.0
19 32 29.0 83.0
51 41 157.0 144.0
15 33 181.0 51.0
6 43 180.0 182.0
11 39 187.0 73.0
43 5 43.0 62.0
15 50 45.0 59.0
29 23 43.0 143.0
47 1 190.0 24.0
42 64 75.0 99.0
8 40 154.0 56.0
50 3 45.0 86.0
48 4 115.0 184.0
7 41 16.0 110.0
45 5 100.0 14.0
25 20 91.0 95.0
21 63 73.0 81.0
2 49 116.0 148.0
23 27 150.0 22.0
16 33 135.0 147.0
33 46 44.0 50.0
19 26 79.0 13.0
38 36 187.0 132.0
49 3 129.0 78.0
7 44 92.0 2.0
5 52 127.0 161.0
61 62 112.0 29.0
39 33 65.0 47.0
3 47 37.0 61.0
44 21 102.0 117.0
56 66 94.0 89.0
34 18 32.0 23.0
35 18 76.0 124.0
31 42 44.0 155.0
38 23 169.0 108.0
34 19 171.0 186.0
11 45 73.0 161.0
65 5 128.0 175.0
12 21 11.0 22.0
64 10 119.0 43.0
55 7 159.0 147.0
46 47 34.0 155.0
4 47 54.0 156.0
33 29 178.0 177.0
7 1 65.0 51.0
42 6 103.0 145.0
38 13 81.0 115.0
23 30 42.0 0.0
5 41 92.0 1.0
30 4 143.0 126.0
38 15 193.0 197.0
44 38 119.0 123.0
17 35 90.0 184.0
47 38 98.0 193.0
51 3 164.0 179.0
47 7 153.0 7.0
46 45 33.0 45.0
44 10 42.0 128.0
59 35 135.0 187.0
8 24 174.0 55.0
1 52 140.0 64.0
26 28 73.0 38.0
61 35 89.0 190.0
61 38 133.0 43.0
16 43 131.0 118.0
21 64 75.0 173.0
32 38 34.0 10.0
38 62 12.0 8.0
60 24 186.0 152.0
16 64 1.0 59.0
22 32 167.0 91.0
11 43 60.0 52.0
39 14 91.0 143.0
31 17 199.0 166.0
50 49 157.0 33.0
12 40 11.0 169.0
24 27 149.0 197.0
41 10 129.0 103.0
42 13 160.0 48.0
59 46 6.0 20.0
57 26 146.0 49.0
39 24 165.0 145.0
27 25 146.0 122.0
12 43 142.0 157.0
43 10 181.0 91.0
8 43 124.0 63.0
16 40 172.0 85.0
43 54 188.0 131.0
16 36 157.0 134.0
17 39 148.0 122.0
51 4 37.0 94.0
29 54 5.0 179.0
58 59 23.0 139.0
60 13 61.0 148.0
9 43 78.0 34.0
5 49 15.0 66.0
22 42 149.0 172.0
37 28 50.0 49.0
5 48 36.0 39.0
46 7 7.0 42.0
32 21 113.0 31.0
35 20 0.0 127.0
61 26 158.0 78.0
13 62 79.0 174.0
41 11 138.0 29.0
34 51 93.0 140.0
37 18 24.0 130.0
58 51 46.0 32.0
30 14 192.0 111.0
35 47 62.0 192.0
4 66 181.0 20.0
61 31 122.0 61.0
31 23 142.0 60.0
31 22 198.0 36.0
19 45 34.0 175.0
29 62 99.0 32.0
2 37 72.0 91.0
14 41 85.0 134.0
27 43 178.0 19.0
40 13 98.0 100.0
2 53 146.0 40.0
54 2 150.0 97.0
63 9 188.0 136.0
20 29 157.0 87.0
45 8 198.0 29.0
53 50 24.0 35.0
16 39 170.0 155.0
18 32 160.0 68.0
50 6 138.0 59.0
64 43 188.0 41.0
31 25 11.0 176.0
23 33 10.0 120.0
28 29 64.0 160.0
10 45 181.0 41.0
31 20 88.0 104.0
42 10 28.0 49.0
35 22 179.0 118.0
16 20 148.0 167.0
26 56 187.0 111.0
52 3 10.0 149.0
5 54 44.0 74.0
12 42 58.0 177.0
30 25 171.0 147.0
6 47 47.0 199.0
34 23 176.0 26.0
53 3 70.0 76.0
48 3 0.0 9.0
39 45 150.0 10.0
15 39 75.0 146.0
30 24 120.0 134.0
23 28 67.0 91.0
8 48 189.0 114.0
57 1 44.0 117.0
45 30 175.0 66.0
46 12 102.0 176.0
18 39 4.0 4.0
46 13 128.0 80.0
56 51 182.0 0.0
56 12 180.0 49.0
4 52 100.0 169.0
2 51 95.0 145.0
30 27 115.0 71.0
51 1 24.0 169.0
64 58 113.0 29.0
40 44 100.0 41.0
33 24 26.0 83.0
32 24 73.0 158.0
47 10 9.0 173.0
5 51 100.0 105.0
49 10 73.0 167.0
44 14 16.0 49.0
56 21 136.0 129.0
62 55 70.0 188.0
29 26 103.0 96.0
9 49 108.0 176.0
28 35 2.0 118.0
43 60 6.0 102.0
35 24 134.0 79.0
56 2 18.0 150.0
18 38 3.0 106.0
13 44 22.0 73.0
32 14 26.0 125.0
26 32 14.0 87.0
32 27 176.0 16.0
24 34 35.0 183.0
65 13 2.0 121.0
31 26 7.0 172.0
41 17 10.0 10.0
63 32 196.0 184.0
40 48 86.0 175.0
50 10 119.0 52.0
48 23 151.0 48.0
30 28 88.0 138.0
39 20 45.0 90.0
55 5 138.0 52.0
31 27 171.0 100.0
44 51 7.0 120.0
25 34 109.0 45.0
49 11 32.0 28.0
14 36 113.0 135.0
2 55 9.0 1.0
1 58 70.0 54.0
50 51 151.0 8.0
46 14 121.0 122.0
9 25 138.0 80.0
66 44 6.0 47.0
31 48 44.0 38.0
55 18 115.0 157.0
31 28 90.0 124.0
52 31 106.0 161.0
10 48 60.0 57.0
60 1 174.0 134.0
43 15 72.0 64.0
14 40 66.0 78.0
58 18 147.0 62.0
35 34 49.0 62.0
62 58 130.0 139.0
36 23 10.0 37.0
26 23 4.0 22.0
55 23 57.0 178.0
58 30 167.0 129.0
40 20 197.0 185.0
32 29 23.0 144.0
24 66 101.0 72.0
55 50 71.0 31.0
45 12 86.0 33.0
50 7 197.0 90.0
37 22 191.0 6.0
42 62 122.0 110.0
18 40 171.0 71.0
61 51 19.0 146.0
19 40 177.0 120.0
18 42 198.0 0.0
15 44 143.0 36.0
27 47 110.0 93.0
61 46 114.0 54.0
42 49 130.0 188.0
51 24 164.0 53.0
17 33 154.0 136.0
19 38 104.0 83.0
61 1 189.0 54.0
15 40 16.0 84.0
42 20 19.0 78.0
34 45 16.0 85.0
57 2 117.0 98.0
29 42 160.0 34.0
48 47 26.0 66.0
38 21 43.0 82.0
31 34 8.0 184.0
37 23 148.0 176.0
41 20 27.0 119.0
19 43 92.0 195.0
60 46 161.0 9.0
17 42 52.0 121.0
66 5 48.0 30.0
4 56 28.0 91.0
26 36 181.0 188.0
62 33 45.0 81.0
53 47 109.0 24.0
35 50 33.0 1.0
27 42 61.0 194.0
3 58 76.0 113.0
37 26 98.0 76.0
52 44 161.0 78.0
31 49 193.0 142.0
8 51 152.0 39.0
55 4 131.0 62.0
12 48 51.0 164.0
48 13 89.0 64.0
7 56 34.0 117.0
10 46 32.0 84.0
55 8 58.0 193.0
41 52 162.0 3.0
11 51 141.0 115.0
54 6 197.0 24.0
55 6 75.0 0.0
41 21 29.0 164.0
3 57 19.0 63.0
43 18 90.0 51.0
41 35 147.0 100.0
30 31 1.0 109.0
50 12 108.0 142.0
4 54 154.0 57.0
15 45 60.0 29.0
60 3 117.0 89.0
49 54 4.0 136.0
33 28 171.0 94.0
58 7 74.0 118.0
54 19 147.0 75.0
63 4 166.0 55.0
28 53 97.0 120.0
43 17 196.0 157.0
49 44 72.0 113.0
18 41 61.0 28.0
25 35 179.0 32.0
9 51 69.0 53.0
42 53 191.0 17.0
5 57 136.0 157.0
6 56 163.0 185.0
19 44 24.0 159.0
7 51 198.0 48.0
59 2 119.0 11.0
41 40 122.0 98.0
49 14 29.0 144.0
65 26 82.0 173.0
2 61 178.0 18.0
42 21 42.0 93.0
52 11 145.0 19.0
22 30 56.0 95.0
11 50 150.0 127.0
16 46 0.0 25.0
41 22 114.0 181.0
9 52 171.0 196.0
14 60 149.0 102.0
20 44 174.0 191.0
58 5 182.0 71.0
28 34 78.0 191.0
60 2 29.0 180.0
4 58 178.0 29.0
44 16 160.0 93.0
20 45 154.0 84.0
46 19 131.0 103.0
46 56 38.0 57.0
62 51 39.0 172.0
51 10 174.0 69.0
49 55 82.0 4.0
24 37 86.0 61.0
61 65 66.0 198.0
50 37 4.0 20.0
40 23 10.0 135.0
50 13 132.0 48.0
13 43 72.0 172.0
34 29 122.0 198.0
28 63 3.0 4.0
18 45 136.0 41.0
16 62 119.0 2.0
33 60 198.0 123.0
7 52 174.0 8.0
60 4 29.0 106.0
21 39 69.0 53.0
45 38 19.0 191.0
35 46 194.0 174.0
2 64 88.0 130.0
62 4 81.0 7.0
40 24 111.0 79.0
55 11 96.0 85.0
47 14 77.0 125.0
21 53 150.0 146.0
57 8 188.0 121.0
30 34 154.0 182.0
40 22 70.0 42.0
44 41 161.0 151.0
9 55 25.0 72.0
11 53 167.0 122.0
22 60 27.0 45.0
1 65 112.0 129.0
59 7 70.0 52.0
25 41 114.0 176.0
29 35 152.0 184.0
13 51 105.0 65.0
66 11 190.0 130.0
61 4 100.0 109.0
5 60 86.0 79.0
47 19 83.0 150.0
3 62 165.0 153.0
64 3 38.0 79.0
62 45 72.0 142.0
38 27 175.0 177.0
58 6 145.0 165.0
34 26 172.0 46.0
10 55 31.0 58.0
5 62 153.0 114.0
59 60 198.0 118.0
66 1 151.0 188.0
25 40 70.0 23.0
42 23 141.0 45.0
63 45 28.0 38.0
19 48 169.0 0.0
56 5 104.0 152.0
63 3 180.0 57.0
56 9 137.0 130.0
13 47 43.0 89.0
17 45 148.0 65.0
32 34 29.0 41.0
49 6 165.0 9.0
37 20 134.0 86.0
36 31 141.0 38.0
52 14 95.0 73.0
66 30 100.0 32.0
34 33 83.0 144.0
22 44 155.0 183.0
41 66 0.0 184.0
41 19 77.0 165.0
50 9 77.0 164.0
11 56 148.0 170.0
46 18 25.0 195.0
60 7 127.0 77.0
44 30 191.0 10.0
48 61 159.0 146.0
47 20 132.0 159.0
61 3 181.0 161.0
38 28 172.0 10.0
59 8 82.0 72.0
52 15 125.0 107.0
53 27 101.0 5.0
55 24 197.0 93.0
37 25 36.0 108.0
43 24 149.0 168.0
54 13 177.0 83.0
20 49 87.0 149.0
25 22 153.0 169.0
30 38 90.0 31.0
20 48 179.0 191.0
50 43 117.0 176.0
49 65 102.0 153.0
44 29 104.0 3.0
57 6 163.0 81.0
20 33 110.0 51.0
29 31 199.0 15.0
32 39 70.0 89.0
63 23 38.0 49.0
19 49 49.0 107.0
54 14 68.0 151.0
10 56 194.0 124.0
9 59 77.0 158.0
64 4 98.0 139.0
32 36 38.0 97.0
27 40 35.0 108.0
37 52 39.0 25.0
59 53 147.0 88.0
39 30 183.0 168.0
3 65 91.0 130.0
15 54 191.0 120.0
44 28 38.0 89.0
37 29 166.0 77.0
10 54 95.0 154.0
40 29 29.0 134.0
17 50 161.0 129.0
27 39 64.0 96.0
24 47 40.0 107.0
45 23 19.0 183.0
45 56 52.0 10.0
52 19 136.0 170.0
43 28 23.0 183.0
17 51 120.0 5.0
44 25 163.0 81.0
6 62 20.0 179.0
50 19 22.0 12.0
12 57 105.0 194.0
63 7 32.0 109.0
36 29 171.0 120.0
57 11 12.0 195.0
36 35 169.0 84.0
64 8 117.0 84.0
49 18 2.0 137.0
21 48 121.0 25.0
3 66 71.0 178.0
54 44 122.0 103.0
64 9 27.0 93.0
24 44 4.0 191.0
38 31 126.0 174.0
29 41 86.0 43.0
41 34 177.0 89.0
53 18 37.0 99.0
17 53 68.0 108.0
26 42 188.0 190.0
43 26 19.0 167.0
13 57 68.0 23.0
62 9 177.0 195.0
59 49 82.0 15.0
26 44 110.0 12.0
49 21 63.0 147.0
27 52 9.0 131.0
54 40 158.0 149.0
12 63 137.0 177.0
15 55 11.0 157.0
5 64 110.0 188.0
21 50 170.0 145.0
56 13 87.0 33.0
47 23 64.0 102.0
26 38 159.0 74.0
60 12 120.0 69.0
27 44 118.0 9.0
40 33 54.0 130.0
55 13 166.0 117.0
8 62 87.0 137.0
57 15 95.0 126.0
19 51 42.0 159.0
50 20 26.0 153.0
18 54 53.0 98.0
19 63 78.0 123.0
24 49 98.0 132.0
61 12 102.0 17.0
11 60 186.0 141.0
1 56 130.0 33.0
55 22 62.0 125.0
63 59 139.0 88.0
16 54 179.0 144.0
42 32 74.0 57.0
12 59 101.0 124.0
45 28 159.0 4.0
39 35 75.0 97.0
50 32 61.0 6.0
57 16 54.0 75.0
33 35 119.0 146.0
2 3 102.0 50.0
63 11 88.0 128.0
62 12 97.0 141.0
48 25 193.0 8.0
47 25 8.0 69.0
52 24 65.0 69.0
59 13 175.0 71.0
7 65 67.0 94.0
65 8 74.0 121.0
20 52 111.0 114.0
40 36 152.0 160.0
19 56 196.0 97.0
37 33 16.0 4.0
54 12 7.0 81.0
37 36 134.0 183.0
7 66 86.0 2.0
22 51 35.0 160.0
18 52 83.0 98.0
63 10 36.0 35.0
24 48 7.0 33.0
52 22 100.0 23.0
34 39 185.0 108.0
26 48 34.0 71.0
25 52 151.0 120.0
29 47 178.0 186.0
23 52 143.0 61.0
65 4 76.0 179.0
48 27 135.0 83.0
13 53 17.0 36.0
49 61 74.0 154.0
46 29 163.0 109.0
25 45 152.0 114.0
43 25 26.0 130.0
17 57 34.0 169.0
60 16 75.0 62.0
57 18 19.0 11.0
62 10 69.0 36.0
20 54 186.0 95.0
26 50 19.0 149.0
46 28 104.0 123.0
62 44 7.0 131.0
43 33 91.0 193.0
15 59 171.0 166.0
49 27 59.0 190.0
30 46 127.0 128.0
16 12 137.0 65.0
8 66 70.0 108.0
34 38 52.0 174.0
27 50 88.0 11.0
21 55 15.0 179.0
23 54 67.0 186.0
25 51 60.0 78.0
28 48 181.0 187.0
35 16 113.0 119.0
11 65 3.0 183.0
34 40 151.0 7.0
12 64 125.0 40.0
41 48 41.0 141.0
46 32 49.0 60.0
51 26 20.0 109.0
65 9 29.0 2.0
50 28 73.0 143.0
27 46 167.0 28.0
57 23 4.0 71.0
33 45 83.0 81.0
15 61 56.0 76.0
54 21 14.0 57.0
25 53 122.0 187.0
60 18 20.0 104.0
41 36 66.0 45.0
13 61 114.0 186.0
14 65 19.0 118.0
41 38 106.0 54.0
56 25 180.0 114.0
19 61 46.0 194.0
32 47 8.0 120.0
29 50 136.0 180.0
65 16 149.0 155.0
64 40 113.0 63.0
61 16 22.0 132.0
39 38 10.0 128.0
35 45 89.0 190.0
64 13 8.0 135.0
61 20 145.0 168.0
58 8 55.0 33.0
64 41 177.0 156.0
65 12 183.0 42.0
57 20 189.0 5.0
39 37 134.0 199.0
29 48 95.0 23.0
55 25 149.0 103.0
52 38 149.0 94.0
40 53 97.0 157.0
49 30 102.0 26.0
33 38 189.0 85.0
39 43 58.0 130.0
2 66 106.0 192.0
15 65 151.0 1.0
23 58 195.0 52.0
22 47 100.0 96.0
51 28 47.0 149.0
46 54 52.0 149.0
51 23 141.0 193.0
56 14 7.0 151.0
43 36 78.0 113.0
21 59 141.0 181.0
24 50 4.0 88.0
53 65 111.0 104.0
63 16 157.0 111.0
30 50 175.0 161.0
42 41 29.0 68.0
54 26 84.0 36.0
49 33 131.0 114.0
15 62 43.0 24.0
52 30 165.0 47.0
26 55 86.0 29.0
61 29 88.0 43.0
55 63 152.0 15.0
52 29 141.0 181.0
58 17 122.0 178.0
59 23 143.0 53.0
17 61 173.0 139.0
58 24 38.0 138.0
16 66 150.0 76.0
53 29 12.0 39.0
56 17 91.0 164.0
46 36 97.0 185.0
47 37 43.0 19.0
36 45 99.0 186.0
27 55 44.0 72.0
31 41 58.0 34.0
62 21 190.0 8.0
14 50 163.0 154.0
19 27 48.0 6.0
28 52 139.0 97.0
22 57 66.0 182.0
13 63 196.0 117.0
58 27 110.0 192.0
18 65 187.0 168.0
59 28 23.0 129.0
19 58 86.0 138.0
65 19 73.0 86.0
51 54 42.0 12.0
18 66 193.0 60.0
64 20 8.0 189.0
19 66 25.0 118.0
25 59 199.0 12.0
42 39 95.0 174.0
34 50 131.0 133.0
62 23 145.0 4.0
30 54 53.0 139.0
64 23 76.0 198.0
58 29 50.0 85.0
58 12 183.0 75.0
62 20 161.0 135.0
30 57 111.0 56.0
47 36 183.0 42.0
61 45 162.0 128.0
30 47 80.0 167.0
48 37 149.0 156.0
40 47 178.0 151.0
34 52 95.0 161.0
43 42 103.0 56.0
62 22 132.0 14.0
61 25 13.0 115.0
50 36 76.0 127.0
30 55 186.0 156.0
36 48 118.0 87.0
33 54 159.0 96.0
38 49 139.0 54.0
32 52 16.0 43.0
60 26 179.0 148.0
12 51 80.0 192.0
54 31 176.0 157.0
25 62 178.0 162.0
63 39 141.0 96.0
55 31 10.0 52.0
46 43 12.0 102.0
62 26 96.0 28.0
53 36 28.0 75.0
51 36 57.0 109.0
58 26 57.0 33.0
17 65 14.0 188.0
64 19 143.0 107.0
60 29 135.0 105.0
46 41 140.0 147.0
22 56 11.0 36.0
42 45 150.0 39.0
20 66 175.0 7.0
36 52 50.0 184.0
53 38 194.0 16.0
49 40 142.0 89.0
28 60 53.0 77.0
57 28 11.0 193.0
66 25 110.0 174.0
31 57 128.0 12.0
35 53 184.0 55.0
32 57 160.0 34.0
58 31 125.0 154.0
22 66 112.0 67.0
56 55 97.0 117.0
42 40 79.0 108.0
60 49 39.0 189.0
61 28 66.0 167.0
46 39 39.0 50.0
21 65 178.0 199.0
50 41 117.0 55.0
62 7 45.0 181.0
32 60 194.0 94.0
34 55 107.0 73.0
55 35 189.0 146.0
36 57 91.0 55.0
61 23 54.0 82.0
58 36 182.0 184.0
58 32 194.0 51.0
31 53 83.0 191.0
36 54 194.0 29.0
39 50 182.0 101.0
62 27 83.0 171.0
57 40 106.0 126.0
66 13 180.0 113.0
56 35 87.0 162.0
31 60 154.0 33.0
42 52 33.0 190.0
47 45 54.0 179.0
63 26 190.0 36.0
28 62 51.0 26.0
30 65 23.0 109.0
40 43 60.0 3.0
47 44 65.0 99.0
59 16 34.0 171.0
57 39 18.0 19.0
57 38 7.0 24.0
44 48 169.0 149.0
42 24 158.0 20.0
27 65 97.0 181.0
43 52 128.0 158.0
31 59 139.0 193.0
59 36 50.0 125.0
39 64 11.0 20.0
66 28 184.0 170.0
32 62 76.0 153.0
54 34 31.0 34.0
37 58 110.0 128.0
54 37 7.0 190.0
56 38 190.0 146.0
47 49 178.0 192.0
53 45 169.0 141.0
46 44 114.0 153.0
59 61 133.0 142.0
59 41 189.0 164.0
54 42 0.0 52.0
56 33 83.0 159.0
56 39 30.0 25.0
53 39 3.0 8.0
66 31 40.0 172.0
33 48 98.0 106.0
61 32 166.0 184.0
46 51 176.0 107.0
48 43 181.0 128.0
54 45 36.0 16.0
28 65 131.0 66.0
55 40 43.0 134.0
31 65 91.0 83.0
60 38 118.0 141.0
51 40 23.0 36.0
31 62 123.0 151.0
49 51 113.0 56.0
40 56 120.0 149.0
62 37 127.0 51.0
39 52 120.0 170.0
55 36 84.0 11.0
64 6 42.0 154.0
18 63 8.0 65.0
57 33 94.0 84.0
59 39 69.0 160.0
39 55 32.0 141.0
59 40 70.0 159.0
58 33 31.0 191.0
33 61 186.0 67.0
43 56 42.0 28.0
64 33 52.0 50.0
37 61 60.0 98.0
58 42 144.0 82.0
47 57 197.0 177.0
45 57 3.0 19.0
66 33 57.0 187.0
60 42 176.0 43.0
49 52 193.0 18.0
56 31 131.0 197.0
52 53 86.0 143.0
24 57 178.0 31.0
22 64 121.0 127.0
58 45 66.0 125.0
63 44 74.0 75.0
43 58 99.0 51.0
56 23 60.0 92.0
35 62 198.0 191.0
59 43 196.0 36.0
60 37 65.0 127.0
53 48 28.0 187.0
60 63 63.0 46.0
46 58 46.0 137.0
34 65 184.0 145.0
43 65 4.0 44.0
43 61 122.0 154.0
66 35 139.0 70.0
56 44 190.0 5.0
53 55 157.0 170.0
65 40 184.0 20.0
48 55 131.0 182.0
66 42 164.0 67.0
56 49 54.0 121.0
62 41 79.0 176.0
46 52 29.0 18.0
37 64 152.0 171.0
60 45 127.0 109.0
37 65 0.0 111.0
59 48 194.0 83.0
38 64 100.0 159.0
42 65 19.0 154.0
58 53 126.0 98.0
45 59 28.0 107.0
58 50 163.0 132.0
54 35 32.0 91.0
47 65 116.0 32.0
56 42 30.0 110.0
63 43 138.0 130.0
48 63 161.0 157.0
34 63 103.0 39.0
50 56 71.0 83.0
44 59 147.0 35.0
64 24 182.0 179.0
57 54 137.0 50.0
60 50 155.0 167.0
64 55 35.0 93.0
63 52 157.0 148.0
56 57 188.0 60.0
56 62 61.0 60.0
56 24 121.0 8.0
47 58 109.0 103.0
64 48 88.0 198.0
65 44 0.0 43.0
64 29 102.0 35.0
49 29 3.0 11.0
55 60 9.0 143.0
66 46 78.0 70.0
59 55 79.0 152.0
62 53 179.0 141.0
65 45 179.0 67.0
55 58 73.0 179.0
57 61 144.0 176.0
36 64 178.0 99.0
52 54 178.0 139.0
48 66 0.0 8.0
57 55 115.0 32.0
51 57 33.0 46.0
57 49 170.0 12.0
34 61 181.0 43.0
45 32 164.0 125.0
65 66 122.0 94.0
62 48 169.0 100.0
57 64 187.0 121.0
64 25 93.0 54.0
56 61 191.0 126.0
62 60 46.0 161.0
57 62 46.0 27.0
56 59 39.0 162.0
64 60 52.0 161.0
55 54 84.0 21.0
53 44 150.0 23.0
1 3 175.0 43.0
10 59 49.0 118.0
40 61 148.0 47.0
25 65 67.0 195.0
64 62 13.0 106.0
61 64 103.0 65.0
37 59 10.0 139.0
65 56 182.0 160.0
46 55 74.0 109.0
58 66 193.0 75.0
66 52 198.0 141.0
56 64 128.0 17.0
25 24 108.0 141.0
63 41 80.0 163.0
38 63 84.0 42.0
54 62 161.0 66.0
56 32 140.0 188.0
58 38 166.0 133.0
34 9 87.0 116.0
64 49 57.0 167.0
49 43 57.0 117.0
63 62 170.0 137.0
66 37 105.0 54.0
41 61 196.0 66.0
65 62 156.0 136.0
59 62 160.0 74.0
53 60 58.0 199.0
47 60 85.0 115.0
47 59 199.0 142.0
66 29 0.0 169.0
58 61 47.0 105.0
61 60 48.0 43.0
57 66 152.0 156.0
51 37 48.0 112.0
57 63 48.0 106.0
39 22 57.0 133.0
62 66 71.0 9.0
57 19 124.0 72.0
0
