65 2080 14 62 67041
48 34 130.0 46.0
49 29 166.0 72.0
3 54 139.0 186.0
41 39 171.0 51.0
21 61 12.0 53.0
47 3 62.0 61.0
28 61 120.0 192.0
57 55 160.0 23.0
25 7 18.0 90.0
35 11 28.0 136.0
1 4 195.0 119.0
42 16 53.0 118.0
11 58 23.0 17.0
62 34 158.0 86.0
32 36 102.0 31.0
28 42 56.0 15.0
49 11 29.0 26.0
23 44 97.0 58.0
49 38 96.0 45.0
54 29 100.0 149.0
23 9 134.0 124.0
43 33 30.0 44.0
3 26 146.0 84.0
3 35 62.0 3.0
48 17 129.0 43.0
62 2 134.0 179.0
40 30 179.0 182.0
60 34 27.0 31.0
43 26 151.0 161.0
60 16 62.0 181.0
44 1 67.0 160.0
38 51 74.0 81.0
3 45 193.0 3.0
47 53 57.0 80.0
19 53 50.0 188.0
22 20 148.0 77.0
48 6 196.0 51.0
23 53 180.0 10.0
55 7 166.0 47.0
57 21 183.0 40.0
1 7 31.0 129.0
61 40 41.0 40.0
27 59 169.0 91.0
13 64 174.0 117.0
4 3 57.0 123.0
60 14 154.0 38.0
22 13 143.0 72.0
34 61 123.0 78.0
2 5 143.0 106.0
44 22 192.0 184.0
17 46 125.0 161.0
46 42 57.0 52.0
47 1 56.0 115.0
14 46 165.0 162.0
58 40 12.0 60.0
37 61 64.0 87.0
1 16 18.0 8.0
37 55 169.0 10.0
38 45 119.0 95.0
21 48 106.0 177.0
48 23 182.0 114.0
5 7 91.0 99.0
49 20 114.0 56.0
16 26 100.0 179.0
42 35 84.0 70.0
24 49 55.0 54.0
28 25 112.0 127.0
10 1 170.0 170.0
49 31 97.0 152.0
37 23 24.0 140.0
44 14 13.0 91.0
40 36 85.0 65.0
7 9 44.0 169.0
57 34 78.0 52.0
60 45 172.0 142.0
6 53 183.0 142.0
18 46 111.0 32.0
5 28 62.0 87.0
42 54 165.0 28.0
26 56 161.0 2.0
64 62 54.0 6.0
33 26 23.0 84.0
7 14 128.0 196.0
4 24 192.0 111.0
6 46 84.0 103.0
8 27 140.0 99.0
17 38 122.0 57.0
28 35 106.0 83.0
34 7 82.0 112.0
34 30 144.0 105.0
43 62 122.0 72.0
21 56 25.0 115.0
36 19 50.0 62.0
47 32 83.0 142.0
4 36 12.0 157.0
7 51 194.0 70.0
10 5 37.0 76.0
45 8 163.0 134.0
6 59 75.0 86.0
50 12 76.0 53.0
32 26 85.0 78.0
57 39 116.0 120.0
9 58 136.0 80.0
45 27 103.0 131.0
8 7 122.0 93.0
44 8 129.0 85.0
1 54 31.0 156.0
2 65 0.0 60.0
25 16 152.0 85.0
3 10 188.0 20.0
62 47 55.0 125.0
8 9 90.0 111.0
45 20 13.0 12.0
29 55 168.0 94.0
44 21 49.0 152.0
23 28 136.0 49.0
43 2 118.0 41.0
6 17 181.0 106.0
65 47 118.0 189.0
57 61 111.0 8.0
17 3 39.0 124.0
58 6 195.0 159.0
28 29 184.0 196.0
58 34 82.0 73.0
37 35 32.0 0.0
53 37 42.0 13.0
21 23 81.0 112.0
20 59 110.0 192.0
61 44 67.0 101.0
51 29 163.0 14.0
59 44 56.0 147.0
12 31 149.0 138.0
2 31 14.0 181.0
4 6 38.0 8.0
30 43 4.0 72.0
36 22 191.0 66.0
1 41 75.0 10.0
5 8 113.0 190.0
24 64 101.0 121.0
3 9 197.0 50.0
42 48 50.0 163.0
55 2 80.0 88.0
44 43 189.0 36.0
65 31 166.0 132.0
8 3 12.0 41.0
50 55 107.0 77.0
53 2 184.0 160.0
13 2 64.0 181.0
51 10 126.0 114.0
13 40 63.0 6.0
18 6 148.0 4.0
36 57 177.0 114.0
61 8 150.0 141.0
62 4 165.0 9.0
5 36 84.0 150.0
37 59 128.0 148.0
4 45 47.0 54.0
19 63 187.0 110.0
3 20 57.0 135.0
13 10 33.0 186.0
18 8 0.0 183.0
14 43 67.0 166.0
13 7 95.0 151.0
16 3 179.0 23.0
26 10 186.0 27.0
8 35 1.0 125.0
55 14 6.0 59.0
23 3 171.0 39.0
11 65 23.0 172.0
43 61 81.0 42.0
4 17 109.0 177.0
65 53 15.0 89.0
63 34 176.0 153.0
3 29 161.0 177.0
42 4 106.0 120.0
3 5 63.0 29.0
7 39 5.0 38.0
34 21 1.0 86.0
39 21 128.0 111.0
9 53 102.0 95.0
4 7 129.0 78.0
39 33 170.0 43.0
39 16 86.0 28.0
22 65 112.0 149.0
39 43 6.0 69.0
65 57 198.0 160.0
12 24 91.0 78.0
13 14 99.0 193.0
15 1 99.0 180.0
9 2 131.0 21.0
31 32 117.0 17.0
32 34 174.0 181.0
13 32 76.0 132.0
25 60 130.0 26.0
18 65 146.0 174.0
13 23 50.0 45.0
4 64 126.0 150.0
11 4 44.0 9.0
13 39 88.0 161.0
9 50 105.0 14.0
16 64 104.0 181.0
59 19 162.0 187.0
20 7 142.0 109.0
31 47 175.0 192.0
45 35 38.0 53.0
11 6 47.0 82.0
33 6 40.0 87.0
2 17 35.0 145.0
55 30 142.0 91.0
50 61 103.0 57.0
11 3 176.0 45.0
25 41 61.0 151.0
10 63 54.0 99.0
18 1 116.0 53.0
6 13 169.0 108.0
54 2 193.0 156.0
31 24 76.0 87.0
21 25 126.0 131.0
3 58 87.0 102.0
35 6 155.0 100.0
5 35 86.0 162.0
10 61 164.0 154.0
59 28 101.0 133.0
29 1 105.0 94.0
26 55 120.0 133.0
14 36 93.0 46.0
30 6 113.0 132.0
12 18 20.0 68.0
54 51 67.0 58.0
10 8 106.0 31.0
2 6 47.0 7.0
10 50 96.0 105.0
39 44 18.0 17.0
13 1 49.0 111.0
32 56 174.0 114.0
8 26 10.0 146.0
13 11 115.0 29.0
50 46 148.0 173.0
58 62 183.0 148.0
48 54 175.0 80.0
10 9 99.0 193.0
22 18 132.0 100.0
8 11 32.0 58.0
38 31 19.0 42.0
43 10 83.0 87.0
15 3 13.0 184.0
19 43 180.0 149.0
33 32 180.0 155.0
12 4 46.0 31.0
51 18 162.0 131.0
30 5 1.0 194.0
37 25 60.0 172.0
36 35 1.0 96.0
58 1 65.0 15.0
45 2 101.0 46.0
33 34 127.0 81.0
2 64 116.0 125.0
8 4 48.0 31.0
19 58 96.0 1.0
19 39 83.0 109.0
11 56 57.0 85.0
58 28 1.0 122.0
29 26 65.0 102.0
62 61 32.0 144.0
61 32 197.0 101.0
46 35 28.0 197.0
27 51 180.0 76.0
25 1 61.0 63.0
58 49 179.0 70.0
11 53 120.0 180.0
16 5 43.0 137.0
1 27 170.0 27.0
61 64 85.0 120.0
33 8 26.0 65.0
59 32 144.0 6.0
35 12 21.0 157.0
61 33 122.0 153.0
22 34 36.0 43.0
39 23 90.0 79.0
52 63 21.0 60.0
63 46 152.0 106.0
56 62 118.0 178.0
30 7 95.0 14.0
18 62 127.0 117.0
29 41 169.0 2.0
1 8 75.0 158.0
30 10 95.0 165.0
9 64 36.0 116.0
44 20 160.0 140.0
18 4 162.0 30.0
12 25 163.0 57.0
23 12 165.0 43.0
10 6 104.0 87.0
8 63 123.0 179.0
7 3 187.0 19.0
3 14 185.0 175.0
1 5 159.0 146.0
6 47 191.0 73.0
9 59 140.0 154.0
2 11 110.0 58.0
25 58 188.0 166.0
55 48 32.0 112.0
60 64 21.0 19.0
51 40 32.0 7.0
42 26 46.0 144.0
9 30 6.0 189.0
25 47 166.0 99.0
6 3 40.0 76.0
6 14 100.0 180.0
8 2 86.0 84.0
7 2 98.0 59.0
41 9 64.0 82.0
13 3 109.0 110.0
39 3 152.0 115.0
49 47 193.0 118.0
49 57 129.0 185.0
16 24 32.0 181.0
33 17 90.0 70.0
18 35 124.0 188.0
14 5 23.0 188.0
30 17 197.0 132.0
19 56 3.0 101.0
37 33 42.0 148.0
24 15 11.0 171.0
38 34 14.0 195.0
52 28 93.0 56.0
62 15 46.0 169.0
38 14 116.0 22.0
32 52 16.0 65.0
42 7 25.0 19.0
39 48 9.0 67.0
64 41 57.0 172.0
11 43 66.0 24.0
5 26 82.0 111.0
41 2 192.0 81.0
15 41 152.0 60.0
27 21 20.0 168.0
29 25 182.0 45.0
7 60 112.0 143.0
19 2 102.0 169.0
25 26 170.0 168.0
52 46 103.0 4.0
47 16 152.0 95.0
56 58 54.0 104.0
13 15 75.0 74.0
39 45 21.0 9.0
41 48 189.0 85.0
28 36 53.0 43.0
61 38 178.0 23.0
20 54 157.0 81.0
6 54 6.0 109.0
21 1 19.0 12.0
62 42 56.0 95.0
23 17 92.0 77.0
65 9 28.0 33.0
46 3 122.0 82.0
5 15 85.0 53.0
24 40 199.0 42.0
29 64 50.0 157.0
46 47 161.0 70.0
23 41 164.0 17.0
19 3 182.0 56.0
42 52 131.0 163.0
54 41 159.0 6.0
13 30 188.0 44.0
9 5 8.0 139.0
7 11 161.0 59.0
15 50 176.0 74.0
27 57 19.0 92.0
26 61 51.0 154.0
47 38 60.0 183.0
15 27 16.0 171.0
58 29 97.0 4.0
52 4 100.0 106.0
14 4 112.0 61.0
64 57 44.0 88.0
50 41 69.0 15.0
36 60 174.0 121.0
34 37 152.0 34.0
65 58 101.0 169.0
21 11 84.0 198.0
17 22 164.0 184.0
9 11 123.0 77.0
6 8 17.0 119.0
44 41 130.0 86.0
12 9 47.0 104.0
3 12 116.0 199.0
7 6 77.0 169.0
12 56 19.0 161.0
12 8 102.0 183.0
41 61 132.0 25.0
1 11 28.0 149.0
53 39 40.0 110.0
10 33 67.0 87.0
60 23 9.0 135.0
4 15 157.0 87.0
8 13 153.0 176.0
54 21 145.0 7.0
18 29 102.0 77.0
7 16 162.0 82.0
23 61 66.0 154.0
7 12 73.0 85.0
47 14 40.0 83.0
41 33 159.0 198.0
13 47 172.0 64.0
2 38 11.0 117.0
4 2 187.0 113.0
52 39 93.0 101.0
17 7 157.0 111.0
20 30 130.0 30.0
43 59 104.0 123.0
15 8 110.0 63.0
33 38 86.0 82.0
12 11 8.0 97.0
13 33 25.0 147.0
6 64 155.0 118.0
62 52 105.0 112.0
16 59 4.0 188.0
54 27 196.0 60.0
13 29 31.0 106.0
17 1 154.0 69.0
48 12 191.0 163.0
47 21 191.0 16.0
22 7 119.0 147.0
61 2 102.0 24.0
60 55 163.0 107.0
13 5 59.0 111.0
56 60 198.0 91.0
30 33 154.0 104.0
47 40 112.0 145.0
21 2 193.0 55.0
18 45 172.0 64.0
47 11 120.0 75.0
1 35 80.0 35.0
59 29 48.0 140.0
23 59 129.0 198.0
26 54 78.0 83.0
30 16 156.0 190.0
27 52 199.0 101.0
33 21 118.0 171.0
32 19 11.0 191.0
55 19 138.0 43.0
48 29 96.0 138.0
2 15 166.0 25.0
6 1 18.0 44.0
19 33 39.0 175.0
19 42 137.0 190.0
65 20 0.0 56.0
38 60 197.0 163.0
12 10 6.0 87.0
13 48 60.0 103.0
64 1 162.0 178.0
4 19 38.0 181.0
51 34 195.0 77.0
4 16 130.0 132.0
22 4 198.0 82.0
55 41 117.0 195.0
23 65 146.0 75.0
50 4 182.0 6.0
7 33 104.0 145.0
51 24 122.0 142.0
14 11 74.0 69.0
4 39 77.0 157.0
35 60 185.0 76.0
36 64 89.0 54.0
64 31 22.0 35.0
34 39 71.0 4.0
9 6 42.0 127.0
42 22 69.0 164.0
59 11 136.0 144.0
50 57 33.0 166.0
53 63 177.0 18.0
61 9 75.0 18.0
41 51 15.0 49.0
2 16 81.0 87.0
28 40 191.0 124.0
5 21 181.0 60.0
1 12 165.0 69.0
8 41 150.0 150.0
12 13 47.0 79.0
61 39 100.0 74.0
26 15 54.0 116.0
26 36 189.0 88.0
12 43 157.0 180.0
15 9 30.0 90.0
53 58 55.0 195.0
1 22 129.0 157.0
16 12 115.0 128.0
52 18 142.0 168.0
21 3 8.0 148.0
2 12 112.0 150.0
59 48 53.0 22.0
16 6 25.0 35.0
17 24 76.0 32.0
51 65 50.0 157.0
13 46 64.0 118.0
63 62 166.0 158.0
28 12 65.0 126.0
31 14 95.0 129.0
10 14 138.0 148.0
4 21 144.0 163.0
15 36 199.0 20.0
37 30 114.0 2.0
10 18 54.0 130.0
14 64 32.0 172.0
12 6 41.0 49.0
15 10 142.0 137.0
4 23 98.0 80.0
49 2 92.0 42.0
39 31 80.0 44.0
60 4 111.0 146.0
22 3 180.0 117.0
6 21 62.0 164.0
2 24 170.0 104.0
14 37 73.0 112.0
31 11 4.0 123.0
15 6 84.0 96.0
54 13 29.0 164.0
16 58 112.0 92.0
39 10 54.0 92.0
8 22 94.0 69.0
17 10 165.0 16.0
22 5 196.0 190.0
17 25 167.0 152.0
50 17 117.0 3.0
29 11 136.0 98.0
14 2 121.0 48.0
8 16 155.0 127.0
20 5 123.0 49.0
62 11 87.0 40.0
17 31 124.0 36.0
57 11 80.0 91.0
27 13 35.0 149.0
19 6 101.0 123.0
25 4 143.0 174.0
12 5 166.0 98.0
16 35 172.0 41.0
48 7 15.0 11.0
37 40 160.0 140.0
16 11 81.0 192.0
46 23 149.0 68.0
63 42 133.0 51.0
15 11 131.0 28.0
40 65 130.0 49.0
34 41 95.0 54.0
3 24 187.0 111.0
15 54 61.0 147.0
22 60 17.0 142.0
15 7 175.0 118.0
62 40 173.0 60.0
2 18 26.0 105.0
14 27 98.0 108.0
3 50 120.0 194.0
25 18 53.0 59.0
8 62 198.0 114.0
59 54 131.0 167.0
9 42 30.0 59.0
4 20 154.0 155.0
51 3 128.0 181.0
30 62 68.0 27.0
3 25 40.0 140.0
3 31 194.0 45.0
27 20 56.0 144.0
14 1 43.0 188.0
49 65 5.0 25.0
34 1 79.0 160.0
4 49 64.0 159.0
5 19 42.0 132.0
52 23 45.0 82.0
55 15 183.0 39.0
2 25 110.0 39.0
49 10 46.0 105.0
9 26 97.0 3.0
28 1 7.0 128.0
19 8 95.0 71.0
24 6 89.0 137.0
1 24 52.0 135.0
42 2 42.0 187.0
43 13 110.0 104.0
7 21 185.0 108.0
22 30 105.0 34.0
18 5 140.0 113.0
29 22 131.0 35.0
28 38 72.0 173.0
65 64 148.0 76.0
2 50 49.0 190.0
11 19 49.0 159.0
48 1 98.0 186.0
30 61 63.0 155.0
10 4 40.0 3.0
31 54 49.0 123.0
2 23 59.0 121.0
22 63 143.0 7.0
5 25 104.0 144.0
51 9 2.0 154.0
26 1 7.0 52.0
23 6 199.0 23.0
37 44 33.0 191.0
33 53 132.0 34.0
18 9 72.0 191.0
51 35 166.0 15.0
26 4 144.0 23.0
13 4 90.0 98.0
65 27 182.0 49.0
55 25 187.0 134.0
4 5 172.0 21.0
55 31 108.0 104.0
19 61 68.0 132.0
32 23 195.0 186.0
19 50 24.0 91.0
64 10 8.0 66.0
5 23 51.0 142.0
56 24 95.0 39.0
17 9 50.0 67.0
12 15 182.0 110.0
65 48 65.0 50.0
22 6 151.0 60.0
34 54 137.0 176.0
64 30 185.0 97.0
61 15 3.0 37.0
7 23 174.0 50.0
9 19 107.0 176.0
20 33 60.0 90.0
17 18 23.0 126.0
18 3 80.0 126.0
8 40 87.0 169.0
5 37 111.0 72.0
51 42 125.0 66.0
8 21 177.0 51.0
10 21 76.0 37.0
13 45 148.0 137.0
62 24 5.0 123.0
42 41 195.0 85.0
17 42 105.0 82.0
13 38 129.0 17.0
9 13 10.0 55.0
56 52 187.0 139.0
32 57 153.0 64.0
36 42 179.0 54.0
2 63 17.0 136.0
40 9 36.0 165.0
50 23 51.0 93.0
62 36 27.0 180.0
20 10 98.0 37.0
20 2 132.0 86.0
6 36 112.0 86.0
10 16 119.0 91.0
30 50 1.0 88.0
58 26 131.0 37.0
49 13 111.0 134.0
19 12 91.0 138.0
60 53 100.0 189.0
15 17 9.0 185.0
5 17 32.0 121.0
31 1 32.0 103.0
13 18 97.0 33.0
4 9 154.0 180.0
27 4 50.0 66.0
28 30 188.0 93.0
18 58 188.0 41.0
41 17 191.0 149.0
1 23 12.0 24.0
20 1 84.0 196.0
30 1 173.0 181.0
20 39 61.0 127.0
11 18 162.0 63.0
58 27 186.0 103.0
22 50 53.0 174.0
9 20 19.0 44.0
26 6 85.0 31.0
3 27 123.0 169.0
11 17 166.0 48.0
46 24 44.0 179.0
49 19 175.0 158.0
47 22 94.0 161.0
18 7 127.0 147.0
8 65 60.0 98.0
25 57 64.0 145.0
17 55 70.0 140.0
62 6 31.0 188.0
29 14 142.0 27.0
5 27 66.0 69.0
15 44 157.0 161.0
12 20 185.0 36.0
17 8 169.0 45.0
57 16 77.0 185.0
20 6 120.0 100.0
7 24 86.0 151.0
56 30 123.0 180.0
32 1 116.0 142.0
39 64 55.0 73.0
24 28 168.0 40.0
28 53 165.0 89.0
2 22 83.0 195.0
45 26 122.0 3.0
3 53 48.0 8.0
16 9 107.0 123.0
9 22 176.0 23.0
18 14 36.0 183.0
13 20 60.0 156.0
22 11 41.0 25.0
62 51 175.0 124.0
10 7 107.0 49.0
53 49 177.0 155.0
15 18 142.0 84.0
29 65 168.0 118.0
14 17 123.0 4.0
6 27 91.0 135.0
28 7 181.0 84.0
6 28 153.0 108.0
11 23 27.0 60.0
39 38 119.0 156.0
3 38 45.0 61.0
40 57 16.0 166.0
40 38 14.0 92.0
24 23 192.0 57.0
28 4 26.0 173.0
20 18 190.0 179.0
8 24 8.0 169.0
34 42 107.0 127.0
16 31 74.0 105.0
22 62 7.0 91.0
34 14 28.0 21.0
38 44 103.0 21.0
10 62 121.0 129.0
14 19 20.0 111.0
62 31 9.0 180.0
10 11 29.0 68.0
28 3 22.0 103.0
5 57 190.0 30.0
14 8 44.0 18.0
53 17 53.0 147.0
14 12 118.0 174.0
26 2 139.0 139.0
10 24 180.0 148.0
60 44 130.0 9.0
53 26 138.0 153.0
19 29 45.0 128.0
37 3 20.0 89.0
32 2 28.0 26.0
2 58 104.0 147.0
1 49 12.0 43.0
35 64 40.0 192.0
42 40 53.0 171.0
2 35 86.0 144.0
19 17 197.0 131.0
33 3 110.0 18.0
43 25 80.0 90.0
12 21 138.0 184.0
22 10 89.0 150.0
18 26 186.0 129.0
2 36 124.0 191.0
5 51 35.0 10.0
44 10 179.0 33.0
64 42 131.0 41.0
11 20 43.0 11.0
6 25 53.0 134.0
38 37 2.0 142.0
64 37 84.0 140.0
17 12 148.0 160.0
5 32 179.0 184.0
41 63 35.0 158.0
41 18 67.0 166.0
62 41 61.0 62.0
6 29 109.0 114.0
11 27 68.0 111.0
1 19 52.0 105.0
38 16 106.0 152.0
47 44 53.0 85.0
14 21 77.0 89.0
24 5 135.0 96.0
27 10 119.0 197.0
33 54 92.0 181.0
18 55 152.0 113.0
13 21 135.0 4.0
14 49 120.0 41.0
28 49 102.0 125.0
34 20 173.0 132.0
40 19 63.0 108.0
19 7 47.0 135.0
31 6 145.0 91.0
43 15 160.0 97.0
13 52 106.0 47.0
37 56 158.0 178.0
16 19 192.0 61.0
21 9 44.0 117.0
14 20 113.0 59.0
28 37 60.0 160.0
17 13 79.0 5.0
17 58 30.0 39.0
46 25 116.0 136.0
16 15 198.0 75.0
34 2 40.0 142.0
14 22 6.0 36.0
4 46 175.0 71.0
20 57 160.0 35.0
61 16 43.0 39.0
10 42 49.0 73.0
1 38 149.0 118.0
54 24 150.0 99.0
44 4 18.0 142.0
32 3 193.0 24.0
4 30 20.0 120.0
9 25 114.0 180.0
31 5 43.0 109.0
27 44 73.0 44.0
18 33 77.0 174.0
58 50 92.0 28.0
22 15 24.0 110.0
60 43 175.0 169.0
29 8 14.0 147.0
28 8 146.0 81.0
15 14 150.0 141.0
61 13 22.0 175.0
24 13 159.0 100.0
23 10 195.0 4.0
56 10 151.0 171.0
52 21 136.0 78.0
5 6 179.0 103.0
2 30 4.0 77.0
29 4 4.0 107.0
16 20 160.0 178.0
4 33 8.0 119.0
25 11 113.0 4.0
1 63 143.0 64.0
20 15 2.0 80.0
39 11 73.0 181.0
4 32 149.0 30.0
50 13 137.0 105.0
65 50 4.0 97.0
47 45 129.0 164.0
37 26 186.0 42.0
16 21 116.0 130.0
27 43 122.0 118.0
53 32 120.0 147.0
26 7 44.0 21.0
32 8 38.0 133.0
28 9 29.0 194.0
14 23 100.0 110.0
45 33 127.0 39.0
22 25 164.0 195.0
4 51 132.0 38.0
17 54 131.0 52.0
8 64 86.0 127.0
8 38 115.0 124.0
48 9 3.0 97.0
27 7 107.0 56.0
1 33 123.0 34.0
27 55 99.0 39.0
15 23 163.0 183.0
34 26 35.0 46.0
14 24 13.0 73.0
34 3 189.0 128.0
24 11 48.0 192.0
26 59 97.0 155.0
10 28 111.0 172.0
16 13 170.0 162.0
20 17 161.0 85.0
29 7 193.0 149.0
29 2 49.0 6.0
31 4 191.0 38.0
15 59 49.0 39.0
52 31 127.0 98.0
55 61 12.0 190.0
30 11 27.0 134.0
26 11 135.0 140.0
60 62 14.0 128.0
23 8 188.0 64.0
22 16 36.0 179.0
6 32 21.0 85.0
59 51 7.0 100.0
5 33 191.0 171.0
18 47 150.0 170.0
28 33 132.0 37.0
30 51 120.0 98.0
28 11 175.0 108.0
65 35 158.0 12.0
63 40 80.0 179.0
26 27 190.0 39.0
50 27 21.0 133.0
10 19 98.0 123.0
52 36 22.0 182.0
23 27 80.0 142.0
8 30 116.0 56.0
59 4 156.0 27.0
45 34 54.0 188.0
61 24 64.0 197.0
50 1 60.0 37.0
16 18 104.0 158.0
7 32 103.0 126.0
60 21 121.0 135.0
45 62 167.0 190.0
10 25 81.0 75.0
2 28 165.0 87.0
38 65 83.0 181.0
5 29 105.0 95.0
45 56 109.0 161.0
24 63 72.0 164.0
16 17 33.0 146.0
5 11 55.0 152.0
13 25 80.0 88.0
20 43 88.0 198.0
25 15 83.0 171.0
31 7 138.0 188.0
29 45 122.0 48.0
44 55 199.0 146.0
62 65 60.0 32.0
34 4 85.0 67.0
38 4 8.0 166.0
40 27 198.0 96.0
63 5 150.0 81.0
26 13 13.0 88.0
56 64 110.0 87.0
56 4 21.0 109.0
6 34 10.0 81.0
12 27 194.0 48.0
56 35 42.0 3.0
63 25 129.0 192.0
21 20 108.0 79.0
1 46 18.0 121.0
19 20 13.0 80.0
25 8 24.0 35.0
36 9 65.0 186.0
37 1 24.0 60.0
21 19 82.0 18.0
1 36 33.0 12.0
1 39 132.0 94.0
16 23 172.0 102.0
29 36 122.0 137.0
31 8 112.0 98.0
19 47 162.0 178.0
24 9 23.0 186.0
62 48 15.0 106.0
64 26 5.0 1.0
28 14 77.0 89.0
15 21 142.0 1.0
55 64 156.0 16.0
9 32 56.0 68.0
18 19 126.0 18.0
22 12 137.0 149.0
49 18 33.0 105.0
7 35 143.0 38.0
14 25 71.0 20.0
9 27 103.0 14.0
2 37 174.0 59.0
30 3 152.0 182.0
23 18 162.0 78.0
25 45 174.0 52.0
63 38 16.0 160.0
30 12 72.0 159.0
15 28 54.0 143.0
33 50 16.0 109.0
21 18 141.0 142.0
3 36 78.0 93.0
43 49 138.0 192.0
24 18 89.0 65.0
2 27 120.0 106.0
25 19 6.0 144.0
10 31 101.0 12.0
40 2 193.0 69.0
16 28 42.0 86.0
29 10 166.0 72.0
60 61 157.0 57.0
27 18 15.0 46.0
43 1 74.0 87.0
28 50 71.0 32.0
26 14 77.0 124.0
48 30 161.0 23.0
29 30 47.0 156.0
42 44 95.0 165.0
27 17 107.0 52.0
2 39 147.0 122.0
28 17 181.0 174.0
10 2 73.0 52.0
22 45 170.0 103.0
14 16 185.0 84.0
39 5 180.0 32.0
5 34 66.0 76.0
42 3 172.0 173.0
32 11 191.0 120.0
51 20 58.0 124.0
37 4 104.0 131.0
49 60 85.0 26.0
63 21 52.0 70.0
61 58 171.0 32.0
9 35 175.0 189.0
2 33 24.0 148.0
21 22 73.0 167.0
33 11 166.0 131.0
47 29 79.0 70.0
19 24 114.0 116.0
45 1 110.0 166.0
54 36 91.0 33.0
8 36 152.0 19.0
29 20 1.0 128.0
34 9 53.0 74.0
29 15 161.0 19.0
9 33 22.0 192.0
35 39 98.0 136.0
35 10 134.0 160.0
23 20 16.0 25.0
15 52 159.0 168.0
6 57 54.0 160.0
5 38 84.0 59.0
39 50 14.0 45.0
57 10 12.0 188.0
48 16 143.0 62.0
29 16 136.0 77.0
51 56 192.0 104.0
44 25 119.0 151.0
19 38 17.0 125.0
40 3 44.0 54.0
15 47 137.0 58.0
57 54 90.0 101.0
9 31 55.0 34.0
8 39 115.0 143.0
30 14 74.0 107.0
48 46 97.0 145.0
1 40 173.0 115.0
41 20 71.0 17.0
9 1 13.0 160.0
26 20 101.0 104.0
29 17 123.0 108.0
8 20 176.0 38.0
28 63 76.0 2.0
36 10 134.0 126.0
55 52 25.0 108.0
8 43 134.0 48.0
48 27 35.0 100.0
43 4 7.0 88.0
19 15 151.0 131.0
13 19 5.0 127.0
26 17 31.0 33.0
5 40 198.0 165.0
23 22 66.0 175.0
15 32 160.0 153.0
27 16 111.0 147.0
57 51 7.0 118.0
41 5 185.0 158.0
27 19 46.0 142.0
23 19 148.0 77.0
20 48 144.0 146.0
26 22 171.0 162.0
54 16 185.0 83.0
33 31 33.0 96.0
18 37 2.0 40.0
54 30 43.0 139.0
25 40 156.0 89.0
58 32 153.0 56.0
16 50 76.0 97.0
48 31 76.0 199.0
48 8 0.0 61.0
6 41 82.0 33.0
14 33 195.0 36.0
38 6 166.0 190.0
45 65 123.0 74.0
33 52 158.0 77.0
41 4 65.0 186.0
42 49 114.0 141.0
21 26 37.0 66.0
34 17 90.0 71.0
7 37 54.0 86.0
35 4 196.0 20.0
4 63 57.0 71.0
49 44 15.0 167.0
56 15 61.0 80.0
41 7 64.0 127.0
10 34 94.0 53.0
51 52 122.0 137.0
32 12 170.0 129.0
32 10 111.0 118.0
31 18 78.0 121.0
41 19 165.0 46.0
35 49 38.0 178.0
36 11 83.0 55.0
27 49 96.0 130.0
36 48 120.0 171.0
37 12 45.0 42.0
56 43 6.0 109.0
38 36 192.0 84.0
56 46 65.0 109.0
32 45 165.0 103.0
36 21 149.0 48.0
29 12 156.0 197.0
5 42 87.0 28.0
22 19 78.0 133.0
35 13 37.0 84.0
43 3 94.0 181.0
39 6 164.0 159.0
32 16 179.0 129.0
48 45 96.0 128.0
56 42 105.0 4.0
2 59 171.0 145.0
60 41 39.0 1.0
25 20 48.0 77.0
37 11 112.0 94.0
44 2 135.0 76.0
34 28 50.0 114.0
38 7 147.0 147.0
65 34 167.0 4.0
40 6 192.0 138.0
30 19 107.0 32.0
59 57 86.0 155.0
17 21 124.0 198.0
20 28 181.0 59.0
13 31 23.0 31.0
40 16 90.0 122.0
50 63 170.0 57.0
9 39 112.0 163.0
40 33 168.0 19.0
20 24 79.0 6.0
26 19 185.0 156.0
54 53 120.0 118.0
36 12 62.0 143.0
44 3 114.0 104.0
36 65 173.0 36.0
40 10 53.0 85.0
6 37 106.0 21.0
22 24 161.0 138.0
32 40 71.0 98.0
32 14 107.0 191.0
28 19 197.0 169.0
9 38 50.0 63.0
7 40 2.0 175.0
57 29 150.0 7.0
41 12 54.0 56.0
21 28 48.0 167.0
16 53 54.0 120.0
61 47 54.0 161.0
26 23 7.0 4.0
54 23 48.0 9.0
34 13 171.0 2.0
31 51 172.0 121.0
3 48 103.0 178.0
22 27 116.0 152.0
17 63 51.0 122.0
46 49 38.0 57.0
31 15 26.0 45.0
24 25 48.0 27.0
29 21 94.0 171.0
52 25 134.0 18.0
25 59 50.0 190.0
32 18 63.0 118.0
16 34 53.0 66.0
17 64 194.0 43.0
26 35 66.0 173.0
52 41 40.0 66.0
42 29 125.0 86.0
21 30 8.0 11.0
47 37 153.0 10.0
10 37 13.0 16.0
41 30 198.0 19.0
28 48 94.0 193.0
19 44 151.0 160.0
35 14 51.0 143.0
12 26 51.0 128.0
58 46 193.0 12.0
33 15 141.0 146.0
36 13 73.0 154.0
11 38 58.0 24.0
5 45 43.0 152.0
9 14 5.0 195.0
45 36 13.0 8.0
43 48 109.0 16.0
28 51 170.0 55.0
9 54 106.0 111.0
9 44 168.0 132.0
27 25 83.0 178.0
37 9 12.0 79.0
18 30 144.0 169.0
57 58 188.0 109.0
19 31 143.0 50.0
34 12 13.0 66.0
24 21 78.0 71.0
63 54 43.0 199.0
12 38 188.0 78.0
46 5 160.0 152.0
42 11 52.0 56.0
45 7 117.0 40.0
40 12 53.0 13.0
13 37 6.0 66.0
41 38 108.0 36.0
6 42 156.0 103.0
28 18 177.0 97.0
42 30 26.0 138.0
24 32 126.0 78.0
48 2 107.0 195.0
4 40 109.0 112.0
32 54 152.0 67.0
26 31 8.0 12.0
28 22 8.0 117.0
25 23 91.0 137.0
29 23 138.0 118.0
5 54 38.0 16.0
33 60 181.0 97.0
34 15 116.0 42.0
18 60 54.0 20.0
27 28 159.0 63.0
35 17 147.0 119.0
52 58 161.0 39.0
44 6 10.0 100.0
47 7 77.0 48.0
15 38 109.0 58.0
22 38 45.0 177.0
35 15 29.0 100.0
34 19 80.0 189.0
46 7 193.0 27.0
21 32 106.0 154.0
37 15 137.0 116.0
8 42 11.0 14.0
32 30 73.0 72.0
7 36 189.0 118.0
21 51 131.0 18.0
36 16 132.0 163.0
43 5 41.0 125.0
47 63 41.0 99.0
45 6 65.0 178.0
39 12 3.0 29.0
9 62 196.0 76.0
31 21 53.0 185.0
20 31 155.0 137.0
38 26 39.0 87.0
4 48 5.0 32.0
35 43 187.0 198.0
1 42 137.0 5.0
30 23 40.0 140.0
46 8 190.0 36.0
2 52 137.0 196.0
34 11 147.0 92.0
5 49 181.0 138.0
1 52 198.0 186.0
2 46 107.0 137.0
8 58 184.0 44.0
32 17 16.0 24.0
42 12 125.0 158.0
49 50 113.0 63.0
45 9 177.0 13.0
5 59 88.0 158.0
24 27 81.0 86.0
44 7 144.0 188.0
24 55 199.0 128.0
16 37 130.0 167.0
55 1 149.0 56.0
30 25 23.0 14.0
56 50 170.0 0.0
31 22 109.0 10.0
43 7 86.0 143.0
46 27 95.0 182.0
51 2 141.0 46.0
1 53 82.0 71.0
38 18 75.0 183.0
38 21 185.0 98.0
5 65 164.0 155.0
15 63 64.0 74.0
38 10 191.0 102.0
5 47 120.0 39.0
43 46 66.0 61.0
35 20 142.0 148.0
42 20 171.0 17.0
40 43 115.0 156.0
17 36 128.0 80.0
51 1 99.0 192.0
9 43 175.0 42.0
24 26 31.0 96.0
58 15 18.0 97.0
47 4 15.0 112.0
17 39 115.0 138.0
46 10 67.0 31.0
55 32 41.0 195.0
25 31 92.0 140.0
46 29 117.0 19.0
42 53 135.0 148.0
5 61 75.0 153.0
23 58 124.0 42.0
7 49 47.0 191.0
17 37 87.0 114.0
42 13 54.0 81.0
51 37 185.0 146.0
8 37 125.0 54.0
10 41 114.0 60.0
39 14 194.0 190.0
33 12 82.0 70.0
58 12 95.0 129.0
40 34 121.0 135.0
18 36 104.0 176.0
45 63 98.0 41.0
31 23 178.0 23.0
51 44 50.0 92.0
60 50 33.0 44.0
9 47 88.0 115.0
48 47 11.0 183.0
44 12 95.0 85.0
32 20 76.0 151.0
13 41 128.0 174.0
51 58 91.0 106.0
36 20 82.0 93.0
50 5 4.0 67.0
22 32 82.0 92.0
11 40 169.0 46.0
42 14 32.0 16.0
28 65 127.0 60.0
24 29 104.0 7.0
24 30 16.0 195.0
18 34 97.0 50.0
53 48 132.0 101.0
10 45 181.0 166.0
24 43 166.0 102.0
44 64 87.0 199.0
63 65 100.0 167.0
44 11 29.0 4.0
64 12 152.0 197.0
47 8 168.0 49.0
53 5 167.0 52.0
14 50 163.0 148.0
27 29 127.0 130.0
15 40 109.0 166.0
35 19 138.0 162.0
56 1 148.0 120.0
41 16 13.0 100.0
37 19 185.0 134.0
62 39 194.0 153.0
39 18 93.0 157.0
23 33 80.0 172.0
61 14 13.0 190.0
28 45 132.0 103.0
58 24 196.0 32.0
64 33 162.0 10.0
7 50 36.0 99.0
18 53 192.0 30.0
37 20 66.0 85.0
33 22 99.0 146.0
53 4 171.0 64.0
53 64 167.0 55.0
41 11 36.0 163.0
30 27 156.0 150.0
47 2 104.0 192.0
65 30 112.0 48.0
18 40 45.0 130.0
31 27 41.0 144.0
31 30 110.0 13.0
28 64 120.0 29.0
41 3 79.0 109.0
52 5 139.0 36.0
25 32 116.0 195.0
2 3 69.0 180.0
21 35 22.0 114.0
45 11 57.0 64.0
42 65 100.0 119.0
65 19 109.0 173.0
14 41 163.0 189.0
34 23 155.0 102.0
35 22 64.0 23.0
35 24 22.0 85.0
57 1 110.0 196.0
5 48 85.0 168.0
50 6 43.0 186.0
42 55 81.0 152.0
33 27 86.0 44.0
28 44 132.0 193.0
48 10 42.0 148.0
24 34 94.0 16.0
6 51 99.0 5.0
35 23 170.0 185.0
40 20 152.0 165.0
33 51 75.0 33.0
46 53 138.0 161.0
13 44 76.0 22.0
51 16 151.0 70.0
55 4 190.0 46.0
14 59 180.0 89.0
45 15 92.0 102.0
43 29 79.0 45.0
36 23 5.0 106.0
49 9 36.0 143.0
18 48 2.0 112.0
64 54 92.0 154.0
29 31 176.0 34.0
38 42 35.0 108.0
43 34 100.0 79.0
56 5 73.0 131.0
50 8 167.0 78.0
15 39 137.0 3.0
62 53 179.0 139.0
53 7 176.0 24.0
9 46 104.0 104.0
45 14 189.0 91.0
52 44 159.0 89.0
55 3 10.0 184.0
6 49 172.0 129.0
51 8 80.0 109.0
54 4 106.0 11.0
9 29 44.0 34.0
47 10 132.0 100.0
12 47 32.0 73.0
5 58 170.0 191.0
28 26 1.0 133.0
20 38 178.0 174.0
31 28 51.0 10.0
3 52 83.0 157.0
15 42 159.0 79.0
29 50 187.0 43.0
52 7 94.0 19.0
17 43 118.0 17.0
55 43 78.0 120.0
24 36 63.0 8.0
38 23 118.0 114.0
8 49 153.0 1.0
25 33 99.0 112.0
1 59 39.0 38.0
49 12 56.0 85.0
33 16 60.0 174.0
24 37 73.0 138.0
22 39 126.0 136.0
16 44 61.0 196.0
46 16 43.0 166.0
30 26 144.0 94.0
29 63 162.0 135.0
48 11 112.0 18.0
13 56 136.0 124.0
29 35 188.0 161.0
55 5 31.0 114.0
37 22 127.0 44.0
6 52 40.0 170.0
18 42 131.0 136.0
46 15 41.0 94.0
38 24 24.0 105.0
55 6 105.0 160.0
18 43 157.0 93.0
3 56 23.0 140.0
1 60 128.0 151.0
58 4 141.0 120.0
16 43 38.0 73.0
21 37 125.0 32.0
22 40 145.0 150.0
25 35 163.0 50.0
21 40 107.0 120.0
34 27 171.0 130.0
59 39 146.0 51.0
38 62 197.0 39.0
14 48 60.0 187.0
57 30 15.0 185.0
57 3 76.0 112.0
33 29 38.0 39.0
28 60 159.0 145.0
40 14 122.0 82.0
47 26 168.0 20.0
22 61 35.0 117.0
43 50 156.0 47.0
7 54 33.0 171.0
25 34 174.0 109.0
50 11 54.0 12.0
15 49 184.0 165.0
3 65 150.0 58.0
44 17 92.0 118.0
5 44 15.0 79.0
52 8 15.0 171.0
38 25 184.0 0.0
60 65 78.0 111.0
22 41 21.0 84.0
45 17 122.0 157.0
56 6 36.0 72.0
45 16 89.0 128.0
57 2 20.0 105.0
3 60 151.0 36.0
35 27 4.0 135.0
24 42 59.0 35.0
45 19 155.0 80.0
62 25 73.0 77.0
38 32 3.0 110.0
11 51 172.0 45.0
32 29 189.0 192.0
52 10 5.0 140.0
38 27 67.0 162.0
27 36 196.0 126.0
62 5 189.0 103.0
7 57 105.0 63.0
10 54 76.0 61.0
2 60 66.0 48.0
25 39 90.0 55.0
6 43 142.0 48.0
55 63 98.0 161.0
55 8 179.0 47.0
46 12 99.0 169.0
61 3 68.0 157.0
53 51 72.0 97.0
42 21 188.0 138.0
49 40 64.0 30.0
52 12 166.0 6.0
8 53 103.0 16.0
23 40 159.0 35.0
32 50 1.0 10.0
15 48 145.0 21.0
58 44 117.0 169.0
10 53 106.0 105.0
9 55 148.0 170.0
22 43 63.0 114.0
53 31 57.0 166.0
57 9 64.0 168.0
60 24 97.0 17.0
18 44 187.0 194.0
30 35 125.0 105.0
21 41 30.0 31.0
39 26 169.0 130.0
47 30 180.0 32.0
40 26 24.0 189.0
50 53 13.0 88.0
32 28 185.0 63.0
39 24 5.0 173.0
13 53 149.0 130.0
52 11 91.0 131.0
34 31 198.0 12.0
1 65 136.0 178.0
19 46 50.0 160.0
3 59 164.0 16.0
32 27 2.0 101.0
34 35 14.0 7.0
30 15 97.0 163.0
57 8 118.0 188.0
63 3 118.0 69.0
16 49 94.0 54.0
15 51 195.0 145.0
1 62 74.0 111.0
14 51 32.0 28.0
13 51 144.0 46.0
59 7 80.0 41.0
39 27 69.0 151.0
9 63 81.0 187.0
43 23 90.0 175.0
9 52 127.0 38.0
20 46 81.0 153.0
7 58 2.0 114.0
58 38 151.0 98.0
17 40 187.0 184.0
58 33 5.0 57.0
29 37 30.0 38.0
46 44 102.0 73.0
54 47 175.0 181.0
36 31 175.0 57.0
56 7 143.0 177.0
12 53 14.0 46.0
47 56 38.0 1.0
6 60 128.0 195.0
38 29 149.0 111.0
42 23 36.0 51.0
30 36 107.0 12.0
55 45 140.0 82.0
48 57 179.0 35.0
64 18 156.0 193.0
47 17 134.0 146.0
54 12 12.0 14.0
25 61 125.0 113.0
11 54 156.0 161.0
56 9 20.0 16.0
31 35 186.0 161.0
39 28 52.0 118.0
46 22 47.0 161.0
64 43 64.0 133.0
42 58 127.0 28.0
54 35 86.0 52.0
17 49 111.0 195.0
51 17 134.0 132.0
27 56 75.0 72.0
61 4 176.0 80.0
40 29 64.0 23.0
53 15 101.0 80.0
26 41 80.0 181.0
53 14 165.0 167.0
30 39 139.0 77.0
52 14 186.0 25.0
34 29 199.0 14.0
33 42 198.0 175.0
14 54 139.0 62.0
8 56 114.0 193.0
65 4 111.0 194.0
32 35 159.0 28.0
59 53 48.0 50.0
12 55 24.0 187.0
10 55 68.0 24.0
25 36 86.0 18.0
8 54 160.0 177.0
19 48 84.0 74.0
18 50 8.0 147.0
61 53 106.0 167.0
61 7 3.0 106.0
60 8 120.0 180.0
59 8 45.0 189.0
19 51 9.0 83.0
18 54 120.0 170.0
35 33 136.0 156.0
64 3 96.0 144.0
9 60 120.0 154.0
60 10 76.0 75.0
21 45 56.0 196.0
37 58 119.0 102.0
40 31 41.0 80.0
52 17 38.0 162.0
60 5 112.0 126.0
6 61 109.0 160.0
39 32 165.0 29.0
21 43 137.0 193.0
63 7 75.0 193.0
55 28 128.0 194.0
20 47 39.0 169.0
22 48 124.0 29.0
24 44 32.0 189.0
53 20 110.0 141.0
59 13 95.0 27.0
23 45 42.0 184.0
63 6 193.0 118.0
45 30 66.0 73.0
57 12 169.0 57.0
47 23 32.0 45.0
10 59 172.0 64.0
32 48 152.0 82.0
16 55 161.0 199.0
11 55 148.0 4.0
57 13 145.0 141.0
27 41 30.0 163.0
49 21 87.0 151.0
46 21 54.0 71.0
13 55 71.0 26.0
12 62 27.0 23.0
60 11 109.0 140.0
39 29 77.0 10.0
46 34 109.0 175.0
52 19 79.0 91.0
28 41 123.0 118.0
24 47 125.0 130.0
49 39 24.0 148.0
37 42 196.0 3.0
63 39 110.0 58.0
46 31 10.0 188.0
64 59 193.0 71.0
51 50 69.0 24.0
13 58 51.0 192.0
44 30 63.0 128.0
14 58 56.0 87.0
59 12 50.0 5.0
50 21 26.0 160.0
21 64 158.0 188.0
12 60 69.0 104.0
27 42 187.0 90.0
6 65 58.0 190.0
20 50 92.0 122.0
32 41 100.0 100.0
12 45 38.0 150.0
52 22 155.0 16.0
7 64 178.0 66.0
5 64 47.0 199.0
36 55 25.0 186.0
16 56 81.0 84.0
29 62 146.0 125.0
61 12 171.0 198.0
24 48 3.0 161.0
20 52 125.0 159.0
7 62 6.0 104.0
56 17 101.0 5.0
65 7 117.0 127.0
64 11 118.0 150.0
50 38 88.0 16.0
37 27 135.0 12.0
24 45 28.0 91.0
62 3 141.0 106.0
45 43 30.0 147.0
25 42 10.0 131.0
36 34 168.0 79.0
32 42 142.0 38.0
38 30 13.0 31.0
14 56 38.0 100.0
57 14 23.0 18.0
26 46 124.0 164.0
39 36 56.0 106.0
59 17 17.0 18.0
51 36 22.0 185.0
42 31 192.0 116.0
4 57 105.0 157.0
61 11 63.0 143.0
18 56 146.0 86.0
43 28 181.0 23.0
22 53 188.0 37.0
47 27 120.0 157.0
57 17 89.0 94.0
60 15 52.0 81.0
61 49 4.0 157.0
46 28 0.0 19.0
37 31 61.0 147.0
51 22 32.0 42.0
32 44 123.0 172.0
35 55 96.0 43.0
47 28 95.0 185.0
21 53 161.0 147.0
13 60 8.0 118.0
44 26 28.0 8.0
32 43 160.0 90.0
31 44 33.0 144.0
25 49 155.0 156.0
49 3 174.0 3.0
51 12 91.0 21.0
45 44 120.0 53.0
23 49 86.0 128.0
28 54 160.0 67.0
57 18 177.0 72.0
52 16 109.0 162.0
50 26 187.0 16.0
45 31 61.0 114.0
31 41 72.0 153.0
24 53 33.0 144.0
62 33 45.0 71.0
20 55 109.0 157.0
22 54 41.0 38.0
13 63 140.0 102.0
33 44 93.0 80.0
56 20 4.0 106.0
56 2 89.0 76.0
55 34 2.0 122.0
15 57 110.0 48.0
55 23 132.0 19.0
30 46 90.0 125.0
65 12 82.0 31.0
54 19 189.0 175.0
18 63 90.0 193.0
21 55 15.0 180.0
24 65 40.0 17.0
48 25 85.0 103.0
11 63 114.0 169.0
26 49 95.0 157.0
58 20 172.0 178.0
26 48 60.0 161.0
50 24 185.0 102.0
56 53 20.0 0.0
53 30 89.0 12.0
22 55 114.0 174.0
25 51 74.0 180.0
26 51 15.0 170.0
43 31 32.0 187.0
35 44 97.0 44.0
13 65 80.0 82.0
50 25 70.0 52.0
23 56 190.0 160.0
12 63 122.0 56.0
46 32 123.0 149.0
62 32 108.0 90.0
33 47 128.0 140.0
57 22 33.0 25.0
14 63 17.0 66.0
56 22 145.0 88.0
13 28 68.0 87.0
43 37 68.0 142.0
19 62 11.0 144.0
33 46 85.0 119.0
64 15 146.0 14.0
35 52 137.0 179.0
41 40 144.0 154.0
41 24 3.0 89.0
39 37 129.0 71.0
24 52 6.0 149.0
21 58 20.0 169.0
65 15 96.0 57.0
34 44 154.0 42.0
61 29 18.0 91.0
16 62 87.0 162.0
62 17 186.0 90.0
37 45 54.0 67.0
49 32 137.0 12.0
17 61 190.0 109.0
33 48 75.0 38.0
59 22 157.0 29.0
51 23 25.0 127.0
40 39 62.0 64.0
19 64 75.0 0.0
36 43 52.0 81.0
37 41 99.0 190.0
37 32 49.0 42.0
59 18 113.0 124.0
39 42 15.0 22.0
50 31 96.0 192.0
25 53 86.0 110.0
21 62 135.0 113.0
26 57 120.0 187.0
50 34 65.0 19.0
47 34 103.0 114.0
53 29 55.0 16.0
40 35 171.0 22.0
37 36 181.0 20.0
57 24 136.0 67.0
49 33 124.0 71.0
65 10 165.0 196.0
49 36 73.0 182.0
25 54 75.0 177.0
51 32 33.0 82.0
16 65 125.0 156.0
47 36 44.0 58.0
21 59 52.0 181.0
62 14 31.0 129.0
62 13 156.0 148.0
46 37 123.0 181.0
53 27 68.0 198.0
36 33 192.0 53.0
37 48 160.0 70.0
41 36 149.0 4.0
59 24 63.0 153.0
1 3 157.0 95.0
46 38 101.0 113.0
47 39 106.0 176.0
51 43 13.0 126.0
17 65 49.0 6.0
64 32 183.0 9.0
26 60 162.0 84.0
48 35 45.0 26.0
49 30 80.0 3.0
28 56 147.0 133.0
56 29 121.0 5.0
38 43 197.0 134.0
62 26 4.0 46.0
47 35 77.0 139.0
41 35 77.0 191.0
23 57 133.0 75.0
40 45 63.0 13.0
57 31 62.0 162.0
37 49 45.0 135.0
16 63 163.0 194.0
65 44 34.0 119.0
20 64 127.0 63.0
65 43 95.0 156.0
57 52 171.0 180.0
36 44 160.0 186.0
19 57 52.0 22.0
24 33 167.0 50.0
36 46 44.0 82.0
39 46 142.0 79.0
20 63 199.0 69.0
52 34 30.0 46.0
42 45 23.0 1.0
63 27 168.0 183.0
60 17 154.0 21.0
48 38 196.0 73.0
52 26 9.0 193.0
60 27 73.0 151.0
58 30 172.0 24.0
47 41 64.0 2.0
39 54 22.0 39.0
56 31 181.0 143.0
49 34 101.0 135.0
50 37 158.0 98.0
36 53 129.0 167.0
42 47 185.0 155.0
23 63 99.0 157.0
57 28 100.0 115.0
46 45 56.0 75.0
22 49 117.0 189.0
20 60 73.0 18.0
52 37 106.0 31.0
41 45 26.0 188.0
55 33 170.0 12.0
38 54 173.0 21.0
53 34 195.0 73.0
30 52 29.0 4.0
29 52 52.0 146.0
41 46 60.0 77.0
60 32 144.0 119.0
38 52 186.0 123.0
33 56 124.0 108.0
49 41 89.0 97.0
35 53 165.0 37.0
36 50 94.0 194.0
30 59 113.0 98.0
62 28 193.0 125.0
59 33 1.0 138.0
51 39 57.0 139.0
25 64 108.0 182.0
50 42 97.0 150.0
48 40 130.0 62.0
65 26 22.0 24.0
31 58 157.0 135.0
54 37 39.0 102.0
30 60 65.0 192.0
48 44 105.0 122.0
56 25 58.0 14.0
50 44 194.0 108.0
64 22 139.0 76.0
55 56 79.0 113.0
18 61 25.0 188.0
35 50 23.0 17.0
45 50 137.0 88.0
62 23 23.0 194.0
40 52 107.0 34.0
53 41 131.0 54.0
61 27 43.0 22.0
55 39 110.0 123.0
63 33 103.0 87.0
43 47 86.0 126.0
58 22 159.0 175.0
21 65 149.0 182.0
64 23 6.0 9.0
38 56 127.0 90.0
56 65 128.0 170.0
60 29 41.0 38.0
59 35 159.0 144.0
40 54 48.0 45.0
64 27 72.0 7.0
37 60 72.0 173.0
62 27 125.0 78.0
65 14 143.0 4.0
58 36 89.0 23.0
40 56 177.0 131.0
46 40 74.0 136.0
61 20 144.0 75.0
51 47 96.0 16.0
44 63 191.0 120.0
43 42 74.0 68.0
34 56 8.0 17.0
45 53 18.0 98.0
55 38 146.0 195.0
53 43 59.0 173.0
44 54 124.0 155.0
33 65 163.0 173.0
35 61 142.0 106.0
45 52 116.0 16.0
57 33 44.0 76.0
38 53 80.0 63.0
56 41 164.0 179.0
60 40 64.0 175.0
60 39 138.0 189.0
62 37 72.0 101.0
65 32 100.0 167.0
55 46 131.0 168.0
58 35 147.0 128.0
59 40 78.0 27.0
32 63 0.0 194.0
63 30 14.0 64.0
25 65 10.0 153.0
29 44 23.0 35.0
19 60 99.0 75.0
63 31 58.0 31.0
49 48 162.0 5.0
58 39 7.0 193.0
43 41 54.0 7.0
63 36 65.0 68.0
63 35 197.0 27.0
64 38 194.0 172.0
44 56 154.0 93.0
39 56 33.0 12.0
43 57 41.0 196.0
51 45 146.0 1.0
48 50 189.0 0.0
44 53 62.0 6.0
46 51 22.0 59.0
47 52 65.0 16.0
55 49 72.0 171.0
49 45 78.0 57.0
43 58 108.0 119.0
55 47 27.0 7.0
61 36 65.0 16.0
40 53 23.0 79.0
46 54 9.0 45.0
42 59 103.0 74.0
57 44 14.0 175.0
42 57 38.0 44.0
46 57 137.0 99.0
34 59 21.0 164.0
57 41 46.0 87.0
65 39 68.0 21.0
58 41 130.0 30.0
64 40 108.0 34.0
65 52 139.0 75.0
26 63 137.0 177.0
56 59 176.0 26.0
42 60 152.0 197.0
59 46 86.0 150.0
54 52 12.0 154.0
65 37 22.0 142.0
59 47 199.0 130.0
59 45 36.0 138.0
63 37 112.0 125.0
48 52 30.0 88.0
57 47 72.0 134.0
46 62 125.0 158.0
57 38 197.0 137.0
63 43 146.0 19.0
48 61 50.0 97.0
40 55 184.0 39.0
58 45 198.0 96.0
65 41 17.0 181.0
58 48 145.0 41.0
42 61 7.0 23.0
55 51 121.0 4.0
65 46 153.0 67.0
59 41 184.0 155.0
63 48 53.0 168.0
64 45 131.0 52.0
56 54 176.0 148.0
47 58 52.0 74.0
59 36 109.0 12.0
48 60 154.0 30.0
61 46 21.0 59.0
47 50 116.0 157.0
54 45 72.0 170.0
46 64 47.0 3.0
50 52 11.0 175.0
61 45 187.0 64.0
58 55 108.0 96.0
51 48 140.0 14.0
53 52 94.0 113.0
52 60 152.0 10.0
40 50 193.0 24.0
58 54 17.0 192.0
44 62 176.0 29.0
49 51 115.0 163.0
49 64 69.0 175.0
50 62 67.0 162.0
64 51 158.0 161.0
49 56 101.0 110.0
57 37 163.0 46.0
35 57 197.0 132.0
57 53 175.0 174.0
54 60 183.0 42.0
57 60 88.0 5.0
65 61 30.0 108.0
64 52 148.0 188.0
55 54 50.0 50.0
52 59 52.0 13.0
60 58 45.0 49.0
54 49 121.0 20.0
50 59 14.0 57.0
2 1 48.0 55.0
63 51 79.0 30.0
59 61 130.0 180.0
63 58 6.0 180.0
61 54 165.0 58.0
54 43 5.0 10.0
62 49 100.0 127.0
46 11 133.0 66.0
59 49 35.0 133.0
55 59 125.0 66.0
60 46 2.0 55.0
55 53 155.0 160.0
56 48 174.0 120.0
57 62 64.0 180.0
62 55 62.0 116.0
60 31 49.0 148.0
51 60 149.0 84.0
61 31 82.0 26.0
51 61 25.0 84.0
36 56 152.0 180.0
65 55 44.0 126.0
54 50 49.0 60.0
57 63 16.0 112.0
34 8 72.0 17.0
63 60 42.0 173.0
56 61 1.0 125.0
47 60 52.0 26.0
58 59 124.0 4.0
64 34 100.0 168.0
64 48 163.0 149.0
49 52 70.0 131.0
38 59 71.0 94.0
65 59 54.0 65.0
64 58 4.0 7.0
59 62 14.0 8.0
52 61 109.0 138.0
38 35 141.0 9.0
49 63 198.0 56.0
57 45 53.0 68.0
40 44 91.0 76.0
59 60 154.0 146.0
54 65 92.0 110.0
58 10 36.0 58.0
64 63 83.0 145.0
64 50 0.0 25.0
61 1 45.0 198.0
31 59 62.0 98.0
61 63 67.0 106.0
62 20 9.0 173.0
62 35 49.0 54.0
64 47 37.0 37.0
56 57 173.0 120.0
52 43 58.0 173.0
54 62 56.0 55.0
63 56 26.0 71.0
63 59 6.0 45.0
0
