61 1830 30 55 101997
14 48 31.0 178.0
45 1 75.0 110.0
41 27 167.0 164.0
13 58 22.0 171.0
9 18 95.0 97.0
25 42 153.0 180.0
50 20 127.0 5.0
11 7 26.0 47.0
56 41 43.0 9.0
43 36 29.0 118.0
3 51 168.0 196.0
48 29 112.0 190.0
46 29 101.0 159.0
11 12 48.0 6.0
31 34 101.0 127.0
42 8 126.0 79.0
48 54 145.0 169.0
30 37 19.0 174.0
27 22 20.0 187.0
52 46 10.0 132.0
16 52 74.0 63.0
2 9 184.0 75.0
8 7 195.0 37.0
53 27 82.0 121.0
21 16 70.0 27.0
52 2 108.0 89.0
26 9 166.0 128.0
55 43 79.0 129.0
35 44 38.0 105.0
54 3 0.0 174.0
49 31 16.0 195.0
57 6 38.0 99.0
23 31 98.0 109.0
33 29 4.0 6.0
38 6 89.0 122.0
50 10 3.0 168.0
56 21 10.0 193.0
26 18 93.0 162.0
48 32 59.0 109.0
38 16 193.0 97.0
47 10 167.0 91.0
39 50 88.0 171.0
57 35 132.0 129.0
45 30 93.0 87.0
50 15 80.0 55.0
32 56 178.0 125.0
26 23 9.0 189.0
38 10 186.0 3.0
10 1 106.0 105.0
10 2 129.0 146.0
37 61 171.0 14.0
31 3 198.0 16.0
18 27 133.0 31.0
23 3 73.0 111.0
3 8 195.0 82.0
28 58 40.0 181.0
19 15 28.0 98.0
18 61 189.0 110.0
60 27 147.0 112.0
29 18 63.0 145.0
47 26 145.0 149.0
31 47 180.0 170.0
6 49 108.0 175.0
45 33 126.0 148.0
49 7 15.0 155.0
3 4 65.0 5.0
35 21 174.0 12.0
39 25 102.0 190.0
53 26 171.0 47.0
13 30 16.0 103.0
19 22 65.0 124.0
54 14 40.0 192.0
22 41 16.0 55.0
47 52 161.0 81.0
12 10 32.0 87.0
37 13 193.0 134.0
40 50 72.0 164.0
18 8 126.0 40.0
31 2 142.0 192.0
17 51 164.0 182.0
30 57 103.0 180.0
47 42 36.0 16.0
53 60 166.0 20.0
12 6 53.0 159.0
56 48 191.0 77.0
58 55 145.0 118.0
58 34 176.0 40.0
23 59 185.0 92.0
56 59 119.0 88.0
41 46 50.0 155.0
46 33 44.0 169.0
40 59 122.0 50.0
9 6 3.0 114.0
28 42 184.0 100.0
16 3 148.0 113.0
3 32 79.0 133.0
31 42 69.0 198.0
1 11 188.0 72.0
57 46 116.0 33.0
43 60 181.0 39.0
33 61 160.0 136.0
41 24 39.0 96.0
26 6 92.0 187.0
38 8 197.0 172.0
49 5 74.0 19.0
27 3 62.0 62.0
50 37 109.0 179.0
35 7 45.0 43.0
6 13 116.0 5.0
38 36 146.0 155.0
42 20 30.0 190.0
27 58 163.0 27.0
2 48 65.0 189.0
52 59 77.0 80.0
35 47 133.0 139.0
55 14 56.0 178.0
28 25 82.0 124.0
2 32 52.0 180.0
53 40 195.0 82.0
5 9 74.0 158.0
19 7 101.0 139.0
4 57 153.0 179.0
44 5 11.0 87.0
18 4 165.0 19.0
31 25 190.0 47.0
10 8 155.0 194.0
40 15 35.0 150.0
44 41 149.0 109.0
49 61 62.0 51.0
59 5 154.0 15.0
9 17 0.0 118.0
23 57 73.0 165.0
23 5 63.0 15.0
2 39 142.0 19.0
53 13 174.0 129.0
56 51 189.0 76.0
53 55 115.0 3.0
59 4 57.0 69.0
22 51 97.0 9.0
12 5 14.0 170.0
55 61 36.0 77.0
10 5 183.0 130.0
51 36 0.0 110.0
27 50 145.0 189.0
43 3 22.0 60.0
8 39 141.0 79.0
30 24 50.0 39.0
13 50 58.0 64.0
50 60 45.0 94.0
36 45 8.0 181.0
21 6 39.0 8.0
55 40 190.0 136.0
44 14 11.0 164.0
52 5 4.0 152.0
30 35 49.0 55.0
24 9 4.0 107.0
9 57 4.0 49.0
14 2 14.0 164.0
43 22 150.0 5.0
61 57 122.0 92.0
9 29 74.0 133.0
14 3 134.0 30.0
4 6 182.0 184.0
14 39 170.0 186.0
37 48 175.0 126.0
25 19 43.0 141.0
40 11 195.0 146.0
8 55 84.0 117.0
7 9 146.0 158.0
1 16 116.0 33.0
46 49 183.0 98.0
26 30 9.0 105.0
17 30 194.0 136.0
48 41 195.0 189.0
53 30 18.0 190.0
2 11 21.0 102.0
29 35 148.0 119.0
16 47 130.0 65.0
34 11 38.0 113.0
3 11 176.0 199.0
51 23 182.0 122.0
4 26 143.0 129.0
56 9 125.0 113.0
38 12 143.0 98.0
46 54 83.0 91.0
40 19 99.0 14.0
30 4 176.0 137.0
25 17 157.0 104.0
41 45 191.0 91.0
13 2 192.0 134.0
5 34 125.0 69.0
3 13 145.0 68.0
28 18 115.0 180.0
38 35 44.0 14.0
41 35 76.0 172.0
53 23 66.0 186.0
6 16 48.0 57.0
11 4 45.0 192.0
25 47 108.0 171.0
20 49 70.0 5.0
1 6 124.0 185.0
45 16 158.0 168.0
50 9 97.0 186.0
31 52 80.0 163.0
7 28 156.0 80.0
21 14 161.0 1.0
60 36 116.0 21.0
24 34 67.0 138.0
43 1 47.0 191.0
16 10 84.0 157.0
20 21 78.0 181.0
5 2 174.0 110.0
28 22 87.0 130.0
36 11 197.0 48.0
46 31 124.0 65.0
3 60 114.0 144.0
4 16 60.0 162.0
1 5 156.0 144.0
21 7 188.0 187.0
7 48 41.0 114.0
8 4 103.0 128.0
8 11 41.0 52.0
29 13 100.0 118.0
13 16 106.0 14.0
16 27 149.0 166.0
28 48 119.0 57.0
15 2 8.0 107.0
2 6 134.0 49.0
36 61 52.0 37.0
61 16 110.0 45.0
30 5 33.0 10.0
20 18 127.0 139.0
45 20 57.0 76.0
6 59 2.0 176.0
12 23 176.0 162.0
33 39 181.0 110.0
38 26 53.0 185.0
43 50 100.0 115.0
57 11 123.0 133.0
16 2 159.0 50.0
5 11 98.0 168.0
55 26 46.0 100.0
11 6 142.0 22.0
55 51 71.0 75.0
15 46 75.0 76.0
37 20 189.0 175.0
30 1 75.0 64.0
48 45 64.0 186.0
40 37 61.0 114.0
4 22 183.0 107.0
38 3 160.0 78.0
53 43 100.0 31.0
28 14 9.0 176.0
35 14 25.0 150.0
16 26 98.0 101.0
9 15 179.0 115.0
54 4 197.0 40.0
25 4 178.0 180.0
6 5 147.0 139.0
48 34 130.0 199.0
10 7 138.0 139.0
32 57 43.0 164.0
23 32 137.0 94.0
48 50 2.0 116.0
53 44 35.0 199.0
49 30 38.0 13.0
34 50 106.0 185.0
7 4 161.0 36.0
10 9 95.0 100.0
5 16 24.0 90.0
13 4 41.0 161.0
18 7 32.0 44.0
52 37 194.0 19.0
5 46 118.0 32.0
35 31 116.0 176.0
35 36 121.0 29.0
30 38 61.0 16.0
38 25 130.0 85.0
56 22 37.0 124.0
15 1 116.0 21.0
20 2 139.0 62.0
37 36 17.0 57.0
1 13 73.0 133.0
18 16 43.0 194.0
19 1 142.0 56.0
49 47 65.0 24.0
9 1 22.0 54.0
26 21 80.0 90.0
14 59 196.0 171.0
33 14 167.0 13.0
57 10 116.0 40.0
25 56 10.0 159.0
19 13 19.0 104.0
59 27 55.0 85.0
29 52 50.0 77.0
12 44 186.0 130.0
41 49 24.0 134.0
3 19 46.0 191.0
8 6 165.0 162.0
9 3 167.0 175.0
32 61 4.0 138.0
26 31 94.0 59.0
22 23 186.0 96.0
5 3 32.0 124.0
55 16 112.0 56.0
34 56 110.0 111.0
8 16 152.0 75.0
36 5 43.0 71.0
4 24 99.0 48.0
55 13 4.0 146.0
36 13 156.0 190.0
15 5 52.0 188.0
4 32 84.0 117.0
26 14 131.0 194.0
5 14 104.0 83.0
40 41 10.0 148.0
3 47 52.0 62.0
59 44 3.0 56.0
56 5 175.0 159.0
55 47 38.0 28.0
17 45 45.0 123.0
60 18 178.0 176.0
53 11 67.0 35.0
53 42 185.0 29.0
27 34 90.0 189.0
12 1 6.0 94.0
14 17 61.0 181.0
4 60 154.0 100.0
43 47 183.0 152.0
3 22 87.0 162.0
35 42 161.0 106.0
22 48 119.0 98.0
22 18 183.0 9.0
29 15 138.0 189.0
34 20 70.0 0.0
8 2 142.0 177.0
47 2 23.0 126.0
23 55 101.0 63.0
35 17 25.0 63.0
5 13 37.0 144.0
3 59 143.0 20.0
15 58 174.0 82.0
16 7 119.0 44.0
7 20 113.0 14.0
23 25 160.0 88.0
20 31 25.0 13.0
48 9 178.0 50.0
56 38 47.0 15.0
37 21 12.0 191.0
19 45 184.0 138.0
15 4 145.0 55.0
24 54 11.0 10.0
17 32 149.0 123.0
2 7 123.0 174.0
25 24 59.0 101.0
2 58 126.0 106.0
19 50 5.0 90.0
35 8 85.0 189.0
12 27 24.0 182.0
20 11 131.0 35.0
43 52 45.0 81.0
17 3 164.0 168.0
11 16 58.0 23.0
4 9 195.0 136.0
5 8 157.0 0.0
32 27 76.0 195.0
53 22 3.0 100.0
10 11 69.0 135.0
28 6 93.0 114.0
53 38 111.0 57.0
55 4 98.0 122.0
12 2 197.0 45.0
30 52 149.0 106.0
19 61 123.0 25.0
24 60 105.0 79.0
36 14 12.0 174.0
19 17 109.0 106.0
56 50 33.0 21.0
56 33 14.0 83.0
42 38 143.0 163.0
30 33 63.0 92.0
33 58 154.0 139.0
58 23 10.0 11.0
2 17 166.0 22.0
26 15 155.0 75.0
6 23 48.0 140.0
14 7 145.0 14.0
6 17 30.0 88.0
20 61 121.0 45.0
59 2 46.0 75.0
26 44 138.0 56.0
53 1 152.0 56.0
17 4 11.0 59.0
1 21 124.0 11.0
1 35 80.0 69.0
22 45 105.0 62.0
46 9 92.0 26.0
12 25 151.0 138.0
8 1 116.0 89.0
3 39 193.0 20.0
42 4 162.0 5.0
58 6 8.0 38.0
43 26 52.0 40.0
11 50 10.0 157.0
15 8 111.0 102.0
49 14 178.0 14.0
1 18 117.0 46.0
4 23 136.0 63.0
26 24 179.0 50.0
15 6 134.0 139.0
53 3 117.0 187.0
13 8 101.0 127.0
15 7 118.0 165.0
51 47 113.0 97.0
3 10 93.0 182.0
33 12 61.0 29.0
35 60 54.0 40.0
5 17 21.0 188.0
46 34 49.0 138.0
39 18 152.0 103.0
55 27 172.0 71.0
14 29 139.0 85.0
22 1 178.0 184.0
11 13 178.0 39.0
22 2 71.0 32.0
6 14 178.0 92.0
12 47 172.0 28.0
3 1 151.0 125.0
29 10 102.0 123.0
6 18 83.0 193.0
6 54 44.0 61.0
40 38 46.0 23.0
9 14 104.0 117.0
51 1 81.0 83.0
49 53 97.0 5.0
55 45 49.0 0.0
56 37 146.0 151.0
18 14 166.0 30.0
12 4 75.0 11.0
57 2 37.0 73.0
15 47 126.0 142.0
5 20 0.0 7.0
40 60 138.0 49.0
46 19 125.0 187.0
13 14 63.0 72.0
4 10 118.0 29.0
21 3 50.0 145.0
43 21 172.0 87.0
4 19 64.0 98.0
21 2 102.0 16.0
3 6 68.0 192.0
21 50 142.0 194.0
52 56 161.0 157.0
61 3 73.0 80.0
45 35 109.0 123.0
56 17 4.0 81.0
20 1 159.0 20.0
41 32 162.0 61.0
13 9 119.0 182.0
13 7 7.0 13.0
24 39 18.0 121.0
44 28 40.0 92.0
12 9 174.0 149.0
55 19 179.0 179.0
48 60 55.0 138.0
31 29 89.0 169.0
45 11 95.0 161.0
43 7 26.0 102.0
46 47 6.0 197.0
15 25 155.0 46.0
19 5 91.0 129.0
11 18 45.0 70.0
19 16 0.0 100.0
44 49 21.0 41.0
61 52 4.0 116.0
19 6 74.0 31.0
25 1 122.0 80.0
47 11 29.0 29.0
20 3 4.0 72.0
10 14 135.0 49.0
9 39 166.0 135.0
28 4 46.0 187.0
57 42 108.0 3.0
47 60 171.0 134.0
21 51 187.0 94.0
61 13 118.0 16.0
59 39 110.0 122.0
32 30 190.0 45.0
9 33 146.0 108.0
38 58 193.0 144.0
23 1 127.0 54.0
5 7 99.0 99.0
58 49 199.0 86.0
2 29 7.0 69.0
8 19 31.0 117.0
48 24 90.0 21.0
56 57 61.0 188.0
53 35 78.0 55.0
46 35 14.0 6.0
39 55 156.0 65.0
42 61 70.0 156.0
24 2 55.0 77.0
57 49 139.0 86.0
7 17 60.0 30.0
35 12 166.0 122.0
15 13 136.0 196.0
22 47 191.0 102.0
42 54 13.0 148.0
21 5 30.0 84.0
52 55 106.0 85.0
9 16 73.0 46.0
20 6 173.0 85.0
25 2 54.0 139.0
18 10 30.0 190.0
37 8 54.0 22.0
2 36 83.0 67.0
20 9 115.0 113.0
46 16 29.0 22.0
31 58 107.0 54.0
9 11 198.0 80.0
14 46 139.0 4.0
36 21 102.0 170.0
30 41 2.0 156.0
7 12 196.0 85.0
4 44 144.0 111.0
59 10 72.0 125.0
6 42 105.0 131.0
2 23 170.0 56.0
1 24 148.0 61.0
47 57 149.0 50.0
21 8 41.0 151.0
10 6 62.0 189.0
57 43 136.0 159.0
54 19 196.0 9.0
3 25 87.0 53.0
5 61 192.0 9.0
28 47 33.0 92.0
45 3 29.0 182.0
26 2 141.0 23.0
10 13 13.0 155.0
58 12 156.0 150.0
31 44 119.0 152.0
1 7 60.0 158.0
12 8 141.0 4.0
5 25 195.0 126.0
27 17 198.0 25.0
15 12 173.0 139.0
22 7 30.0 186.0
49 38 64.0 186.0
20 22 155.0 135.0
30 34 66.0 15.0
12 16 105.0 7.0
37 4 12.0 101.0
21 55 44.0 162.0
19 49 42.0 17.0
25 8 61.0 24.0
45 6 196.0 77.0
29 26 52.0 151.0
61 58 21.0 118.0
17 11 158.0 78.0
20 10 61.0 122.0
27 19 39.0 106.0
19 9 38.0 34.0
3 24 28.0 99.0
30 22 177.0 24.0
17 12 149.0 181.0
20 33 182.0 170.0
24 28 93.0 92.0
61 10 142.0 155.0
30 44 190.0 133.0
39 60 120.0 29.0
21 9 103.0 148.0
11 14 101.0 32.0
24 7 192.0 51.0
21 32 196.0 126.0
59 55 107.0 89.0
5 42 38.0 1.0
26 39 98.0 180.0
40 22 184.0 18.0
21 19 155.0 87.0
27 4 189.0 56.0
36 40 103.0 133.0
18 2 111.0 99.0
8 46 168.0 170.0
19 10 147.0 158.0
16 60 64.0 45.0
22 46 46.0 48.0
3 55 71.0 153.0
41 10 148.0 12.0
49 55 158.0 51.0
8 54 187.0 70.0
15 14 133.0 107.0
14 4 126.0 32.0
17 13 9.0 190.0
5 22 177.0 8.0
7 45 187.0 0.0
29 3 97.0 135.0
41 17 66.0 7.0
7 6 86.0 5.0
27 35 138.0 171.0
53 51 87.0 16.0
10 17 182.0 97.0
16 15 73.0 159.0
59 33 94.0 60.0
4 20 34.0 143.0
3 26 177.0 52.0
26 51 154.0 15.0
24 21 100.0 44.0
15 3 80.0 187.0
13 21 14.0 62.0
35 18 64.0 87.0
50 57 162.0 110.0
9 8 30.0 148.0
6 25 87.0 7.0
43 51 178.0 193.0
19 2 55.0 30.0
15 53 67.0 135.0
27 2 100.0 81.0
7 25 160.0 164.0
39 52 163.0 74.0
12 21 186.0 194.0
47 53 183.0 26.0
45 4 41.0 114.0
11 58 58.0 96.0
51 40 121.0 78.0
11 46 8.0 21.0
6 22 100.0 121.0
6 33 146.0 15.0
29 27 144.0 132.0
23 8 195.0 80.0
51 19 139.0 36.0
15 23 157.0 149.0
3 18 154.0 78.0
2 4 171.0 162.0
17 59 55.0 23.0
33 37 1.0 1.0
3 50 67.0 97.0
36 58 126.0 62.0
1 28 166.0 17.0
50 51 3.0 123.0
10 49 37.0 109.0
30 2 144.0 8.0
19 29 90.0 151.0
4 50 21.0 91.0
38 5 33.0 88.0
21 10 41.0 111.0
13 12 135.0 7.0
29 4 193.0 90.0
5 18 191.0 30.0
8 20 81.0 87.0
35 37 42.0 171.0
27 26 180.0 64.0
33 16 121.0 165.0
12 55 55.0 162.0
58 43 4.0 142.0
10 43 192.0 149.0
49 11 6.0 135.0
17 39 142.0 87.0
14 34 4.0 185.0
59 20 28.0 136.0
35 3 8.0 149.0
59 61 40.0 16.0
44 61 94.0 196.0
17 16 126.0 38.0
53 46 199.0 84.0
25 44 10.0 141.0
16 35 160.0 166.0
54 5 33.0 189.0
10 54 142.0 193.0
53 32 92.0 134.0
34 52 63.0 139.0
28 5 58.0 141.0
11 21 4.0 57.0
19 36 37.0 167.0
9 54 109.0 149.0
61 35 0.0 94.0
28 46 135.0 94.0
19 20 169.0 180.0
10 25 93.0 184.0
12 60 56.0 151.0
1 31 109.0 60.0
26 1 37.0 146.0
14 12 5.0 98.0
20 15 167.0 5.0
44 34 81.0 103.0
55 37 192.0 2.0
4 5 154.0 37.0
5 50 23.0 10.0
8 24 158.0 132.0
27 5 115.0 147.0
18 30 17.0 120.0
27 28 22.0 185.0
17 1 9.0 103.0
47 9 77.0 154.0
13 46 163.0 183.0
34 60 130.0 138.0
36 32 171.0 40.0
34 43 84.0 39.0
11 37 128.0 102.0
6 31 118.0 103.0
39 1 50.0 79.0
10 15 11.0 79.0
53 12 109.0 126.0
10 40 129.0 40.0
15 11 92.0 101.0
5 29 62.0 129.0
18 37 192.0 143.0
6 27 101.0 110.0
29 39 20.0 103.0
15 18 104.0 32.0
34 45 5.0 14.0
32 1 14.0 134.0
10 24 163.0 106.0
22 57 131.0 25.0
2 28 144.0 123.0
30 39 171.0 45.0
16 32 55.0 191.0
8 27 79.0 160.0
25 36 109.0 84.0
4 39 170.0 123.0
21 47 37.0 133.0
45 32 43.0 120.0
33 1 198.0 188.0
8 17 110.0 121.0
51 39 16.0 165.0
19 57 22.0 95.0
31 18 31.0 83.0
57 60 12.0 2.0
20 14 12.0 1.0
55 28 182.0 56.0
20 16 148.0 132.0
61 38 115.0 58.0
15 54 5.0 132.0
50 41 152.0 179.0
59 50 165.0 184.0
3 30 16.0 129.0
36 15 128.0 180.0
44 54 122.0 62.0
37 34 118.0 70.0
14 16 68.0 33.0
10 58 109.0 26.0
38 15 160.0 61.0
24 6 48.0 125.0
17 18 65.0 16.0
60 37 141.0 193.0
8 26 74.0 63.0
24 5 56.0 144.0
29 8 174.0 76.0
7 40 96.0 83.0
20 17 184.0 56.0
14 53 182.0 32.0
37 23 27.0 47.0
61 25 87.0 120.0
59 45 152.0 113.0
31 5 92.0 160.0
33 4 34.0 67.0
44 39 151.0 130.0
38 45 46.0 87.0
38 32 162.0 28.0
54 25 70.0 141.0
22 12 18.0 158.0
23 11 172.0 122.0
29 12 68.0 64.0
28 3 9.0 102.0
52 1 89.0 160.0
47 14 97.0 135.0
22 15 191.0 59.0
19 24 161.0 14.0
35 2 12.0 131.0
7 42 28.0 184.0
55 25 6.0 96.0
37 12 70.0 15.0
12 46 160.0 160.0
22 14 198.0 57.0
14 57 57.0 142.0
11 19 35.0 19.0
3 33 179.0 48.0
16 37 195.0 8.0
12 18 118.0 1.0
32 26 93.0 140.0
1 27 176.0 54.0
12 19 63.0 127.0
5 26 153.0 120.0
34 3 9.0 188.0
28 8 102.0 188.0
17 29 110.0 49.0
6 29 12.0 180.0
32 5 173.0 57.0
34 2 73.0 101.0
12 26 59.0 136.0
7 27 178.0 12.0
16 31 46.0 187.0
23 7 18.0 100.0
34 10 81.0 80.0
16 43 29.0 45.0
47 45 107.0 2.0
24 12 93.0 181.0
23 48 133.0 152.0
12 31 131.0 112.0
1 56 114.0 129.0
61 31 56.0 84.0
6 30 189.0 89.0
34 1 159.0 18.0
20 13 108.0 19.0
42 26 159.0 154.0
12 36 100.0 45.0
22 10 196.0 31.0
1 29 140.0 110.0
4 34 26.0 148.0
25 46 88.0 15.0
30 8 18.0 47.0
15 17 33.0 79.0
44 57 88.0 192.0
31 40 66.0 188.0
60 15 107.0 14.0
9 22 26.0 199.0
20 12 133.0 52.0
19 14 165.0 21.0
15 21 163.0 183.0
44 46 57.0 196.0
43 9 139.0 97.0
51 45 124.0 157.0
59 36 92.0 31.0
40 30 71.0 118.0
49 23 18.0 4.0
18 19 100.0 183.0
31 7 84.0 63.0
13 45 132.0 94.0
24 14 177.0 71.0
58 60 37.0 54.0
22 16 105.0 129.0
9 25 149.0 128.0
47 7 64.0 167.0
26 7 59.0 164.0
4 31 58.0 95.0
45 8 38.0 190.0
23 50 162.0 167.0
32 8 52.0 151.0
31 27 79.0 109.0
50 32 154.0 28.0
40 17 88.0 171.0
21 39 127.0 99.0
40 16 105.0 185.0
7 29 21.0 95.0
27 9 137.0 183.0
27 10 47.0 141.0
46 50 152.0 126.0
20 60 171.0 58.0
11 24 9.0 11.0
54 56 136.0 137.0
4 21 144.0 41.0
19 60 144.0 117.0
10 28 92.0 33.0
9 30 58.0 92.0
26 10 73.0 162.0
22 13 84.0 44.0
34 41 71.0 94.0
37 29 174.0 7.0
24 16 60.0 70.0
56 47 146.0 4.0
17 21 131.0 190.0
36 3 93.0 190.0
40 1 130.0 167.0
1 46 80.0 167.0
37 2 136.0 103.0
28 11 101.0 62.0
60 14 154.0 113.0
2 38 17.0 52.0
26 11 120.0 149.0
15 48 34.0 14.0
36 4 25.0 116.0
26 41 115.0 57.0
8 22 140.0 4.0
18 21 135.0 194.0
14 27 128.0 41.0
37 1 133.0 146.0
51 25 21.0 6.0
11 22 37.0 55.0
48 33 153.0 62.0
13 24 103.0 21.0
14 23 103.0 196.0
17 24 195.0 39.0
5 35 179.0 123.0
21 59 118.0 64.0
22 29 158.0 139.0
11 29 51.0 196.0
13 25 76.0 5.0
49 40 162.0 132.0
41 54 94.0 65.0
28 13 71.0 89.0
43 4 15.0 2.0
30 7 7.0 133.0
56 31 84.0 165.0
23 10 87.0 135.0
44 29 6.0 116.0
18 13 73.0 168.0
4 38 150.0 120.0
29 36 179.0 173.0
41 55 113.0 194.0
21 31 84.0 120.0
2 3 121.0 168.0
19 41 27.0 160.0
10 45 171.0 33.0
16 25 156.0 196.0
31 8 28.0 58.0
13 27 4.0 159.0
4 35 155.0 69.0
11 30 87.0 39.0
40 3 34.0 160.0
32 11 68.0 61.0
38 31 130.0 39.0
52 23 137.0 38.0
1 41 182.0 118.0
13 26 193.0 139.0
38 1 119.0 100.0
50 30 33.0 159.0
36 7 19.0 67.0
52 22 198.0 88.0
52 20 77.0 128.0
42 15 172.0 14.0
8 33 48.0 106.0
22 17 97.0 41.0
32 43 60.0 16.0
12 42 36.0 45.0
3 37 143.0 56.0
32 6 70.0 141.0
25 60 195.0 147.0
14 45 107.0 167.0
30 12 112.0 108.0
28 59 133.0 9.0
41 15 180.0 193.0
59 8 104.0 168.0
18 33 46.0 47.0
35 6 0.0 68.0
24 15 54.0 195.0
34 8 78.0 162.0
4 1 114.0 142.0
18 24 70.0 199.0
37 6 186.0 50.0
58 4 36.0 90.0
9 31 20.0 34.0
33 7 193.0 20.0
22 21 150.0 47.0
34 7 172.0 180.0
20 54 59.0 39.0
37 7 107.0 129.0
18 23 117.0 45.0
35 25 50.0 154.0
28 29 7.0 22.0
50 44 64.0 152.0
15 28 42.0 166.0
13 57 49.0 15.0
44 1 0.0 60.0
8 53 75.0 60.0
23 33 176.0 193.0
58 53 74.0 27.0
22 35 186.0 33.0
34 6 157.0 3.0
33 10 3.0 0.0
19 26 146.0 4.0
48 49 17.0 147.0
42 2 127.0 45.0
59 48 113.0 56.0
41 8 32.0 187.0
39 5 32.0 171.0
42 3 97.0 190.0
46 39 68.0 52.0
38 59 34.0 14.0
46 38 175.0 51.0
37 5 193.0 55.0
42 1 127.0 106.0
23 20 86.0 112.0
50 18 74.0 119.0
10 53 56.0 123.0
32 15 64.0 76.0
12 41 106.0 50.0
20 24 181.0 81.0
34 53 188.0 126.0
23 29 153.0 68.0
51 8 145.0 40.0
27 39 24.0 171.0
23 19 79.0 80.0
25 20 6.0 95.0
39 45 108.0 112.0
40 9 148.0 41.0
26 17 90.0 89.0
23 17 30.0 43.0
23 44 104.0 176.0
43 2 70.0 128.0
21 23 168.0 149.0
51 2 69.0 174.0
48 19 140.0 130.0
38 7 123.0 88.0
41 51 91.0 13.0
33 5 175.0 121.0
14 1 143.0 79.0
56 36 143.0 165.0
30 10 141.0 111.0
6 36 5.0 163.0
9 35 13.0 145.0
8 14 155.0 137.0
55 38 1.0 46.0
37 10 60.0 129.0
26 20 166.0 155.0
31 13 192.0 61.0
2 44 51.0 133.0
10 35 142.0 8.0
61 27 6.0 156.0
18 25 5.0 161.0
52 33 163.0 159.0
29 45 49.0 175.0
40 2 120.0 168.0
54 18 142.0 64.0
12 28 20.0 193.0
28 19 140.0 162.0
2 41 196.0 98.0
15 31 167.0 154.0
12 32 99.0 82.0
16 23 1.0 101.0
23 27 141.0 74.0
9 36 156.0 83.0
37 9 87.0 176.0
27 43 39.0 27.0
32 7 29.0 36.0
58 30 108.0 148.0
4 40 8.0 159.0
4 41 130.0 9.0
34 54 180.0 71.0
11 27 62.0 88.0
11 25 69.0 101.0
48 10 69.0 108.0
33 13 94.0 50.0
36 1 93.0 154.0
47 34 123.0 101.0
39 7 55.0 53.0
34 9 72.0 187.0
46 59 71.0 87.0
41 5 153.0 92.0
1 47 26.0 174.0
21 30 40.0 72.0
34 13 60.0 85.0
49 1 66.0 183.0
11 35 52.0 73.0
28 16 2.0 77.0
20 28 86.0 25.0
8 36 125.0 39.0
3 56 24.0 152.0
39 6 70.0 64.0
24 33 47.0 82.0
33 15 147.0 65.0
33 11 24.0 199.0
38 11 144.0 178.0
11 52 49.0 30.0
24 22 97.0 174.0
5 40 129.0 121.0
14 32 162.0 151.0
25 14 33.0 9.0
22 25 9.0 132.0
56 27 68.0 34.0
11 42 56.0 12.0
34 17 42.0 57.0
57 26 3.0 91.0
35 13 21.0 85.0
61 22 47.0 183.0
9 38 25.0 32.0
5 45 183.0 186.0
15 30 159.0 3.0
50 17 105.0 168.0
15 34 27.0 100.0
43 6 176.0 30.0
46 2 115.0 197.0
48 4 30.0 114.0
34 12 96.0 7.0
26 22 62.0 31.0
57 28 103.0 173.0
27 21 60.0 8.0
10 31 80.0 39.0
30 19 112.0 56.0
23 24 145.0 180.0
38 52 16.0 127.0
27 20 7.0 112.0
31 17 197.0 69.0
46 3 83.0 52.0
43 5 7.0 95.0
11 39 125.0 40.0
46 4 44.0 190.0
33 2 193.0 189.0
38 14 9.0 10.0
44 3 34.0 17.0
14 30 3.0 31.0
20 30 122.0 86.0
6 41 170.0 81.0
59 35 23.0 48.0
9 42 176.0 67.0
45 40 128.0 170.0
38 44 80.0 138.0
44 45 128.0 66.0
46 7 131.0 132.0
8 40 182.0 53.0
36 10 171.0 105.0
41 3 178.0 194.0
2 49 7.0 106.0
21 25 148.0 135.0
7 52 167.0 180.0
43 8 30.0 95.0
19 33 181.0 161.0
39 13 6.0 164.0
41 7 108.0 177.0
21 29 173.0 38.0
43 56 9.0 180.0
16 34 182.0 109.0
22 33 177.0 101.0
15 27 136.0 7.0
15 35 182.0 118.0
33 17 35.0 188.0
39 31 133.0 95.0
46 20 27.0 106.0
41 11 4.0 36.0
31 48 198.0 186.0
18 32 28.0 176.0
9 41 68.0 165.0
42 23 38.0 50.0
20 32 124.0 25.0
28 21 101.0 57.0
25 27 38.0 128.0
23 34 58.0 42.0
46 6 155.0 9.0
19 31 8.0 183.0
26 25 176.0 76.0
40 12 4.0 15.0
3 12 128.0 80.0
28 23 120.0 29.0
12 39 157.0 158.0
37 15 193.0 16.0
53 36 106.0 148.0
9 32 34.0 67.0
48 3 120.0 163.0
55 33 194.0 124.0
23 30 36.0 122.0
16 36 51.0 108.0
9 44 39.0 8.0
13 32 58.0 33.0
24 29 67.0 164.0
19 44 2.0 54.0
8 56 53.0 122.0
4 47 69.0 47.0
61 6 2.0 57.0
14 37 86.0 53.0
28 51 157.0 126.0
11 31 143.0 167.0
42 10 110.0 163.0
36 17 146.0 112.0
43 25 85.0 151.0
5 48 92.0 154.0
24 27 98.0 94.0
2 50 67.0 184.0
54 43 150.0 24.0
45 12 114.0 46.0
7 44 93.0 24.0
20 35 164.0 39.0
13 38 10.0 49.0
51 4 165.0 54.0
2 45 1.0 63.0
25 33 8.0 68.0
33 21 132.0 110.0
61 21 14.0 46.0
15 39 143.0 107.0
18 36 136.0 59.0
46 18 134.0 98.0
22 31 87.0 52.0
41 13 101.0 41.0
34 21 130.0 61.0
44 10 93.0 62.0
27 42 45.0 107.0
30 48 144.0 189.0
4 49 155.0 80.0
26 28 77.0 42.0
1 54 137.0 116.0
50 1 133.0 38.0
23 9 125.0 63.0
17 28 150.0 18.0
10 46 19.0 196.0
45 21 159.0 163.0
56 30 150.0 66.0
35 19 57.0 179.0
49 8 20.0 146.0
52 4 24.0 153.0
16 39 9.0 149.0
45 15 182.0 160.0
22 32 91.0 153.0
41 14 134.0 2.0
31 50 188.0 85.0
3 49 83.0 197.0
11 43 118.0 55.0
55 2 66.0 94.0
22 54 173.0 76.0
48 1 66.0 155.0
25 30 93.0 109.0
10 39 191.0 179.0
58 21 108.0 180.0
52 6 145.0 144.0
55 1 104.0 15.0
42 13 40.0 171.0
34 38 126.0 14.0
31 24 35.0 144.0
13 40 110.0 80.0
50 7 47.0 54.0
19 37 61.0 108.0
48 6 188.0 6.0
61 47 67.0 45.0
20 36 46.0 60.0
47 6 154.0 124.0
13 43 81.0 189.0
8 47 189.0 144.0
38 17 156.0 36.0
29 25 51.0 17.0
41 16 56.0 192.0
61 46 138.0 75.0
25 40 20.0 136.0
56 10 13.0 174.0
56 11 153.0 94.0
57 1 64.0 94.0
37 17 124.0 173.0
38 24 79.0 128.0
38 33 172.0 87.0
3 52 114.0 110.0
40 14 164.0 86.0
54 2 138.0 129.0
20 29 63.0 43.0
4 53 154.0 79.0
34 18 151.0 31.0
19 39 17.0 182.0
27 30 92.0 190.0
32 25 187.0 6.0
20 40 61.0 103.0
40 21 135.0 152.0
44 11 22.0 198.0
22 37 9.0 128.0
51 7 181.0 112.0
47 18 53.0 150.0
57 31 53.0 145.0
2 56 148.0 193.0
51 6 3.0 9.0
5 51 137.0 138.0
6 40 146.0 111.0
17 42 152.0 107.0
54 23 21.0 85.0
21 38 134.0 75.0
22 34 25.0 139.0
18 40 23.0 125.0
61 1 110.0 179.0
19 32 109.0 47.0
12 43 28.0 7.0
47 5 100.0 132.0
32 34 150.0 74.0
42 16 36.0 36.0
44 27 149.0 13.0
22 36 89.0 125.0
41 47 177.0 199.0
52 27 35.0 38.0
53 6 10.0 15.0
32 24 196.0 62.0
28 32 25.0 98.0
48 11 63.0 13.0
19 34 171.0 12.0
46 37 46.0 13.0
58 1 71.0 23.0
4 56 175.0 58.0
51 61 169.0 185.0
12 50 42.0 117.0
33 53 126.0 67.0
38 57 14.0 189.0
38 18 33.0 137.0
3 57 140.0 79.0
31 28 134.0 163.0
15 55 127.0 109.0
54 52 69.0 48.0
15 43 135.0 111.0
36 24 85.0 13.0
9 49 78.0 51.0
38 23 55.0 111.0
20 39 62.0 195.0
15 44 66.0 148.0
43 14 29.0 145.0
35 24 103.0 50.0
28 30 198.0 191.0
53 5 111.0 35.0
42 33 19.0 190.0
12 48 173.0 74.0
16 30 194.0 187.0
23 35 65.0 13.0
57 20 1.0 46.0
55 5 120.0 57.0
59 1 159.0 118.0
42 46 11.0 23.0
53 2 74.0 30.0
6 55 63.0 47.0
44 17 10.0 57.0
32 29 19.0 76.0
51 9 189.0 173.0
34 25 86.0 110.0
28 33 130.0 198.0
16 29 181.0 94.0
44 8 52.0 55.0
48 13 11.0 115.0
52 10 68.0 173.0
59 9 128.0 88.0
13 47 199.0 118.0
58 3 121.0 38.0
59 41 198.0 3.0
11 51 43.0 132.0
24 37 59.0 95.0
35 34 36.0 22.0
10 60 83.0 105.0
8 50 25.0 12.0
18 44 153.0 24.0
35 26 174.0 26.0
17 43 107.0 125.0
55 7 5.0 150.0
6 50 191.0 16.0
41 53 97.0 179.0
51 31 134.0 132.0
21 52 43.0 159.0
54 7 192.0 148.0
28 41 49.0 167.0
27 38 187.0 108.0
31 30 49.0 144.0
20 41 18.0 40.0
2 60 87.0 115.0
32 60 142.0 22.0
51 33 74.0 185.0
35 32 20.0 67.0
36 26 16.0 21.0
33 60 83.0 3.0
33 26 149.0 132.0
43 46 9.0 167.0
47 48 105.0 49.0
57 5 130.0 47.0
56 6 178.0 156.0
34 26 131.0 150.0
14 42 191.0 100.0
9 45 97.0 74.0
34 28 62.0 46.0
8 52 181.0 24.0
53 19 186.0 38.0
49 45 156.0 116.0
39 23 94.0 134.0
39 22 10.0 177.0
51 10 116.0 1.0
45 18 136.0 13.0
43 20 71.0 150.0
49 13 130.0 4.0
53 9 151.0 116.0
49 22 55.0 108.0
48 53 58.0 101.0
22 38 142.0 20.0
19 43 41.0 10.0
33 27 189.0 129.0
60 5 116.0 12.0
25 37 62.0 46.0
42 19 91.0 165.0
48 16 158.0 146.0
37 27 51.0 168.0
42 18 35.0 193.0
5 58 69.0 29.0
55 9 70.0 10.0
61 29 101.0 187.0
33 31 96.0 115.0
7 56 48.0 187.0
43 59 174.0 158.0
37 26 13.0 25.0
17 47 87.0 48.0
31 14 10.0 108.0
21 41 178.0 80.0
51 13 178.0 31.0
29 53 105.0 26.0
42 29 37.0 106.0
61 2 186.0 11.0
18 43 67.0 199.0
60 6 189.0 106.0
53 7 17.0 151.0
14 51 24.0 147.0
54 13 160.0 154.0
40 24 160.0 65.0
50 14 151.0 197.0
46 56 83.0 89.0
61 14 163.0 151.0
7 57 68.0 152.0
52 9 156.0 37.0
15 49 89.0 133.0
16 44 49.0 49.0
61 12 119.0 10.0
55 10 26.0 70.0
48 17 172.0 62.0
3 7 39.0 135.0
52 14 94.0 59.0
47 19 181.0 3.0
9 28 54.0 22.0
13 44 196.0 55.0
59 7 81.0 115.0
12 52 49.0 60.0
31 32 97.0 173.0
22 42 157.0 88.0
57 8 195.0 4.0
56 55 134.0 128.0
15 51 174.0 188.0
35 28 169.0 122.0
15 52 190.0 51.0
21 42 177.0 39.0
30 29 72.0 26.0
34 61 126.0 181.0
23 36 162.0 73.0
42 24 47.0 97.0
36 28 30.0 174.0
4 61 95.0 0.0
41 23 118.0 85.0
26 40 3.0 96.0
36 30 68.0 27.0
49 16 155.0 146.0
41 25 98.0 117.0
44 6 29.0 146.0
20 44 37.0 12.0
44 32 159.0 84.0
44 22 185.0 77.0
12 56 193.0 188.0
12 54 189.0 61.0
24 44 25.0 144.0
61 9 105.0 124.0
29 34 32.0 86.0
28 38 62.0 69.0
54 16 29.0 21.0
18 41 27.0 14.0
36 33 24.0 20.0
51 48 97.0 165.0
40 32 124.0 122.0
17 49 151.0 29.0
61 7 162.0 183.0
9 58 76.0 177.0
39 41 34.0 58.0
51 32 178.0 61.0
28 37 148.0 154.0
18 52 107.0 45.0
36 31 104.0 31.0
26 59 139.0 7.0
12 57 45.0 53.0
39 28 105.0 74.0
31 37 86.0 140.0
16 50 183.0 16.0
23 43 53.0 132.0
48 18 128.0 112.0
56 26 120.0 33.0
25 50 91.0 11.0
13 56 130.0 136.0
32 46 84.0 35.0
20 48 3.0 122.0
45 24 172.0 186.0
23 47 161.0 25.0
16 51 153.0 89.0
49 12 197.0 25.0
14 56 2.0 40.0
8 61 108.0 132.0
31 53 137.0 144.0
29 38 80.0 140.0
58 7 123.0 52.0
54 11 53.0 84.0
21 48 57.0 159.0
49 18 19.0 6.0
52 17 82.0 21.0
29 40 17.0 190.0
57 55 72.0 155.0
13 52 110.0 152.0
36 34 132.0 185.0
60 7 105.0 185.0
60 9 100.0 114.0
33 35 158.0 120.0
32 39 44.0 40.0
45 23 24.0 62.0
53 17 116.0 48.0
11 55 47.0 178.0
48 46 189.0 131.0
24 46 86.0 94.0
21 49 198.0 186.0
34 33 150.0 156.0
43 28 55.0 147.0
11 60 142.0 31.0
57 15 50.0 10.0
32 37 35.0 49.0
27 40 43.0 24.0
45 26 14.0 129.0
59 13 64.0 164.0
59 12 30.0 166.0
46 27 46.0 37.0
34 40 156.0 188.0
15 56 26.0 7.0
40 28 44.0 61.0
46 21 38.0 39.0
54 17 92.0 4.0
29 43 66.0 108.0
24 56 60.0 48.0
34 39 166.0 106.0
8 48 100.0 75.0
22 50 136.0 78.0
57 24 31.0 132.0
20 51 141.0 21.0
60 13 32.0 33.0
45 28 41.0 98.0
45 25 107.0 101.0
20 53 136.0 26.0
44 60 2.0 188.0
24 50 129.0 138.0
38 20 38.0 113.0
51 18 39.0 179.0
55 34 113.0 71.0
46 26 24.0 155.0
31 41 4.0 84.0
58 16 173.0 140.0
23 46 50.0 175.0
16 57 57.0 179.0
23 40 34.0 47.0
27 45 195.0 73.0
55 17 151.0 60.0
12 51 191.0 175.0
53 18 144.0 195.0
51 24 188.0 117.0
8 58 164.0 190.0
26 48 150.0 173.0
60 55 145.0 185.0
61 11 92.0 92.0
32 42 30.0 43.0
47 27 96.0 22.0
15 59 8.0 40.0
57 18 122.0 196.0
42 30 169.0 39.0
24 47 27.0 72.0
19 56 135.0 173.0
59 16 31.0 28.0
39 35 43.0 61.0
49 24 177.0 91.0
43 24 158.0 137.0
41 33 53.0 33.0
38 37 85.0 22.0
27 48 173.0 113.0
19 52 75.0 109.0
45 31 178.0 58.0
42 34 155.0 21.0
43 30 160.0 132.0
20 47 142.0 70.0
53 24 131.0 195.0
55 20 164.0 16.0
61 17 120.0 137.0
26 52 175.0 147.0
50 38 96.0 153.0
60 54 135.0 3.0
42 37 139.0 95.0
35 40 14.0 81.0
26 49 149.0 145.0
47 30 15.0 113.0
29 47 163.0 87.0
42 60 88.0 138.0
36 55 172.0 136.0
49 27 111.0 59.0
32 33 86.0 50.0
52 28 94.0 101.0
29 41 64.0 43.0
41 36 108.0 31.0
21 44 64.0 71.0
24 52 1.0 104.0
57 21 125.0 125.0
59 18 111.0 36.0
39 37 164.0 197.0
18 58 188.0 11.0
29 50 161.0 4.0
61 15 26.0 69.0
52 25 164.0 42.0
25 48 161.0 117.0
57 51 24.0 86.0
26 50 22.0 87.0
53 21 141.0 138.0
60 8 136.0 81.0
49 29 119.0 97.0
35 43 27.0 145.0
49 28 17.0 191.0
37 44 25.0 178.0
29 51 184.0 1.0
55 24 62.0 158.0
22 55 59.0 3.0
39 42 106.0 147.0
51 30 41.0 25.0
20 58 127.0 68.0
58 19 43.0 96.0
53 25 77.0 20.0
16 53 192.0 62.0
49 33 33.0 54.0
58 22 172.0 45.0
19 59 62.0 30.0
39 40 105.0 103.0
28 54 88.0 185.0
55 18 111.0 83.0
35 56 56.0 188.0
1 60 137.0 48.0
27 51 196.0 122.0
43 31 4.0 120.0
44 36 53.0 66.0
54 31 89.0 159.0
33 44 85.0 177.0
54 29 190.0 196.0
37 43 143.0 46.0
36 27 114.0 80.0
58 24 165.0 63.0
26 54 186.0 169.0
59 25 197.0 40.0
41 38 108.0 87.0
22 60 24.0 193.0
17 58 144.0 14.0
23 56 18.0 88.0
24 59 113.0 133.0
35 48 198.0 78.0
36 42 170.0 184.0
42 43 98.0 167.0
36 46 70.0 6.0
36 48 52.0 95.0
58 39 172.0 196.0
49 25 134.0 191.0
53 28 32.0 48.0
61 23 107.0 30.0
43 33 114.0 77.0
32 47 15.0 12.0
59 51 178.0 37.0
37 45 15.0 30.0
38 19 68.0 140.0
27 54 124.0 3.0
17 60 135.0 157.0
42 41 160.0 42.0
54 32 194.0 74.0
51 35 176.0 161.0
40 43 179.0 155.0
48 39 77.0 195.0
55 29 84.0 145.0
55 31 129.0 8.0
10 32 137.0 16.0
54 30 107.0 97.0
43 38 103.0 53.0
47 39 68.0 80.0
33 40 96.0 199.0
47 40 41.0 173.0
56 28 3.0 77.0
24 61 178.0 84.0
47 36 156.0 67.0
43 41 41.0 15.0
41 37 50.0 145.0
30 46 0.0 70.0
36 49 88.0 96.0
44 42 50.0 81.0
49 32 15.0 53.0
35 49 47.0 145.0
21 60 149.0 155.0
38 48 17.0 143.0
52 35 131.0 20.0
50 33 181.0 131.0
42 40 129.0 21.0
40 44 93.0 131.0
29 57 9.0 60.0
27 57 65.0 8.0
37 51 100.0 166.0
54 33 181.0 118.0
49 37 118.0 112.0
52 51 93.0 99.0
25 58 25.0 22.0
53 59 141.0 71.0
52 32 116.0 103.0
31 59 108.0 133.0
35 50 65.0 9.0
59 22 14.0 198.0
47 44 101.0 133.0
42 48 83.0 194.0
46 17 137.0 60.0
61 43 115.0 79.0
26 61 152.0 183.0
35 54 72.0 13.0
49 39 184.0 89.0
38 47 126.0 199.0
34 49 10.0 179.0
56 20 126.0 45.0
55 35 120.0 63.0
48 40 52.0 187.0
55 32 178.0 156.0
60 26 13.0 50.0
59 32 52.0 198.0
28 50 131.0 178.0
38 51 149.0 141.0
57 54 130.0 27.0
59 29 184.0 2.0
36 52 22.0 188.0
57 36 5.0 0.0
37 53 114.0 171.0
57 33 74.0 118.0
46 45 151.0 157.0
28 61 43.0 52.0
53 39 184.0 173.0
43 44 116.0 168.0
58 35 133.0 138.0
57 34 72.0 90.0
43 45 35.0 138.0
18 56 100.0 62.0
52 41 113.0 3.0
51 34 10.0 156.0
54 36 115.0 146.0
28 60 31.0 31.0
43 39 78.0 116.0
51 44 153.0 102.0
23 60 154.0 141.0
26 58 156.0 7.0
57 40 148.0 69.0
37 58 154.0 111.0
45 53 20.0 69.0
57 39 148.0 3.0
47 33 187.0 178.0
44 56 49.0 93.0
40 54 124.0 4.0
50 42 115.0 80.0
44 52 40.0 16.0
54 39 88.0 146.0
61 30 109.0 60.0
56 29 148.0 9.0
47 50 164.0 87.0
40 56 199.0 13.0
34 59 155.0 123.0
59 37 106.0 23.0
57 25 86.0 98.0
45 56 102.0 126.0
42 55 137.0 163.0
48 43 89.0 37.0
40 52 86.0 53.0
58 44 24.0 85.0
49 43 120.0 131.0
42 58 75.0 178.0
61 40 63.0 113.0
51 42 189.0 166.0
46 51 133.0 79.0
55 44 119.0 22.0
39 61 3.0 157.0
50 49 81.0 27.0
29 58 173.0 154.0
60 46 162.0 0.0
41 57 34.0 26.0
50 53 35.0 175.0
60 38 32.0 120.0
45 54 172.0 151.0
60 29 15.0 175.0
46 55 10.0 48.0
58 41 82.0 135.0
60 41 48.0 196.0
44 48 106.0 34.0
32 58 96.0 142.0
48 52 195.0 128.0
54 53 78.0 167.0
60 30 196.0 45.0
50 55 18.0 158.0
36 39 39.0 52.0
49 54 31.0 39.0
57 45 94.0 137.0
45 52 107.0 190.0
60 31 155.0 54.0
57 48 146.0 185.0
57 53 22.0 94.0
48 55 181.0 40.0
45 50 79.0 173.0
56 49 117.0 110.0
58 45 25.0 11.0
50 58 29.0 132.0
58 48 29.0 136.0
59 49 180.0 175.0
46 58 37.0 154.0
54 51 122.0 171.0
54 50 133.0 1.0
57 59 146.0 51.0
60 56 46.0 123.0
54 55 143.0 27.0
51 49 105.0 172.0
39 56 197.0 37.0
45 60 193.0 186.0
47 59 129.0 68.0
47 54 162.0 62.0
61 50 148.0 108.0
59 30 0.0 146.0
54 21 185.0 143.0
52 49 180.0 42.0
59 58 88.0 129.0
57 52 111.0 33.0
47 37 79.0 40.0
42 59 56.0 41.0
17 57 152.0 156.0
61 54 125.0 152.0
42 52 19.0 62.0
1 2 35.0 151.0
48 61 61.0 75.0
56 53 174.0 124.0
58 52 37.0 53.0
52 60 92.0 45.0
59 11 33.0 197.0
54 59 82.0 110.0
49 42 169.0 53.0
45 61 115.0 157.0
61 41 187.0 128.0
58 54 8.0 161.0
60 61 142.0 197.0
53 52 113.0 34.0
30 55 100.0 147.0
23 13 138.0 134.0
58 47 162.0 108.0
14 58 135.0 78.0
37 57 95.0 122.0
58 57 181.0 103.0
59 60 168.0 123.0
51 58 92.0 33.0
49 60 82.0 144.0
36 50 124.0 21.0
38 39 115.0 86.0
40 58 195.0 2.0
53 61 38.0 90.0
40 46 66.0 172.0
37 54 45.0 186.0
56 61 3.0 137.0
56 16 94.0 37.0
56 58 34.0 18.0
42 45 85.0 102.0
52 50 0.0 33.0
54 38 45.0 39.0
56 42 171.0 111.0
51 60 168.0 16.0
0
