61 1830 30 55 355935
59 41 27.0 177.0
7 38 11.0 13.0
17 53 75.0 11.0
56 57 116.0 43.0
41 21 114.0 155.0
17 20 15.0 25.0
27 19 166.0 66.0
1 11 182.0 190.0
53 8 48.0 161.0
46 27 52.0 11.0
18 46 178.0 128.0
43 35 58.0 47.0
57 23 116.0 172.0
42 31 108.0 131.0
50 12 153.0 26.0
24 19 80.0 87.0
12 1 168.0 80.0
57 35 184.0 20.0
19 8 195.0 114.0
42 1 15.0 53.0
24 1 161.0 131.0
34 48 163.0 69.0
61 34 13.0 68.0
52 1 152.0 93.0
31 2 131.0 120.0
36 50 84.0 67.0
57 9 169.0 80.0
12 20 11.0 136.0
23 8 38.0 124.0
55 57 151.0 153.0
11 2 10.0 164.0
31 3 35.0 163.0
5 15 104.0 166.0
3 8 74.0 189.0
17 31 110.0 195.0
52 58 169.0 73.0
4 46 138.0 7.0
41 26 89.0 90.0
54 13 13.0 100.0
18 11 151.0 49.0
25 56 131.0 55.0
3 38 168.0 157.0
9 14 172.0 30.0
10 54 139.0 93.0
38 21 100.0 29.0
46 9 99.0 189.0
24 55 142.0 64.0
6 34 59.0 45.0
29 4 186.0 142.0
44 34 114.0 154.0
47 41 190.0 86.0
33 6 43.0 81.0
10 3 198.0 95.0
38 55 60.0 49.0
50 3 39.0 154.0
38 46 116.0 50.0
52 27 149.0 54.0
1 30 150.0 15.0
11 20 135.0 92.0
27 55 19.0 131.0
23 22 171.0 169.0
15 7 94.0 32.0
9 48 120.0 133.0
33 26 142.0 189.0
54 30 74.0 43.0
1 26 148.0 24.0
47 20 146.0 84.0
15 50 31.0 117.0
12 18 57.0 3.0
24 44 47.0 103.0
30 29 15.0 119.0
56 13 2.0 157.0
43 25 60.0 76.0
4 10 123.0 8.0
36 51 11.0 22.0
16 1 5.0 42.0
17 8 36.0 14.0
53 51 62.0 35.0
20 36 28.0 77.0
48 55 71.0 30.0
20 39 150.0 131.0
55 8 174.0 74.0
60 39 100.0 185.0
38 54 166.0 57.0
2 52 162.0 154.0
41 49 93.0 24.0
23 44 64.0 121.0
37 11 180.0 88.0
49 53 15.0 82.0
1 58 104.0 141.0
35 37 192.0 4.0
29 10 36.0 158.0
2 39 72.0 198.0
28 43 103.0 165.0
26 53 68.0 168.0
2 41 198.0 0.0
32 8 195.0 165.0
4 50 100.0 51.0
27 11 44.0 44.0
22 60 152.0 81.0
39 52 73.0 176.0
8 7 34.0 176.0
37 58 72.0 54.0
9 2 36.0 22.0
9 6 185.0 183.0
55 16 79.0 37.0
28 46 61.0 123.0
44 45 54.0 13.0
36 16 42.0 79.0
61 26 165.0 76.0
23 10 112.0 37.0
11 47 131.0 148.0
52 56 91.0 117.0
12 25 62.0 122.0
12 26 23.0 123.0
9 43 190.0 29.0
60 45 63.0 184.0
12 2 124.0 28.0
14 52 32.0 36.0
37 50 122.0 164.0
44 20 42.0 14.0
46 24 127.0 104.0
49 8 41.0 103.0
50 8 50.0 183.0
55 36 61.0 113.0
39 26 75.0 185.0
16 15 84.0 108.0
3 4 131.0 6.0
25 38 196.0 173.0
1 22 147.0 124.0
31 57 30.0 140.0
5 28 104.0 32.0
4 60 176.0 117.0
24 43 95.0 52.0
60 57 34.0 179.0
1 56 193.0 117.0
33 36 123.0 189.0
58 39 33.0 70.0
36 10 108.0 15.0
6 11 83.0 164.0
59 46 32.0 11.0
29 1 164.0 79.0
59 35 63.0 199.0
30 21 10.0 8.0
57 59 135.0 133.0
36 60 12.0 120.0
8 9 157.0 120.0
7 37 32.0 192.0
21 54 7.0 65.0
56 29 147.0 171.0
5 50 7.0 10.0
10 14 54.0 169.0
11 13 136.0 189.0
13 21 128.0 100.0
2 14 85.0 37.0
33 35 79.0 117.0
27 12 53.0 86.0
41 5 42.0 152.0
54 5 75.0 49.0
20 58 55.0 129.0
8 1 33.0 143.0
32 21 129.0 113.0
16 52 177.0 14.0
27 26 167.0 57.0
37 29 49.0 172.0
33 29 190.0 91.0
35 23 126.0 17.0
21 45 38.0 133.0
55 47 101.0 24.0
6 39 89.0 31.0
31 10 173.0 66.0
37 57 148.0 92.0
25 5 28.0 149.0
35 39 86.0 18.0
61 60 52.0 12.0
43 31 8.0 90.0
16 49 94.0 110.0
29 35 148.0 135.0
46 1 20.0 122.0
58 47 152.0 168.0
5 9 29.0 180.0
46 47 148.0 115.0
45 40 178.0 152.0
1 5 198.0 186.0
53 9 17.0 44.0
43 41 32.0 165.0
41 16 113.0 52.0
4 25 93.0 65.0
34 20 104.0 75.0
5 57 88.0 4.0
38 19 46.0 18.0
22 20 11.0 196.0
29 5 146.0 180.0
45 53 8.0 178.0
9 28 95.0 73.0
54 2 148.0 189.0
23 29 190.0 52.0
26 55 28.0 30.0
14 32 114.0 27.0
51 3 57.0 126.0
8 20 43.0 4.0
3 6 142.0 3.0
41 23 175.0 189.0
24 41 161.0 75.0
10 48 153.0 103.0
11 5 51.0 133.0
61 29 137.0 166.0
34 16 56.0 195.0
37 44 155.0 51.0
56 54 106.0 49.0
15 46 156.0 34.0
28 8 163.0 69.0
56 38 76.0 68.0
6 56 190.0 128.0
25 2 2.0 79.0
17 9 40.0 10.0
52 13 167.0 195.0
7 54 153.0 73.0
41 30 4.0 109.0
40 24 158.0 119.0
2 60 159.0 186.0
56 44 56.0 101.0
45 9 2.0 11.0
15 2 136.0 43.0
9 40 104.0 55.0
14 1 22.0 9.0
52 35 109.0 26.0
60 3 150.0 19.0
1 17 27.0 61.0
4 13 137.0 36.0
12 4 6.0 139.0
1 15 8.0 94.0
23 1 112.0 64.0
23 34 171.0 134.0
9 30 145.0 81.0
32 52 143.0 47.0
9 19 131.0 170.0
42 48 22.0 68.0
23 40 178.0 28.0
23 5 19.0 186.0
7 34 56.0 83.0
6 50 173.0 179.0
20 30 90.0 118.0
23 36 171.0 33.0
56 59 2.0 54.0
47 33 120.0 176.0
12 54 128.0 50.0
60 42 57.0 147.0
14 58 19.0 113.0
48 18 32.0 192.0
8 6 170.0 122.0
41 25 6.0 141.0
7 6 178.0 160.0
56 2 56.0 50.0
10 8 125.0 136.0
3 59 31.0 182.0
57 38 16.0 50.0
58 16 197.0 0.0
21 51 35.0 119.0
10 5 95.0 41.0
3 49 183.0 25.0
53 7 87.0 191.0
31 48 169.0 13.0
45 49 181.0 0.0
26 32 39.0 149.0
49 15 100.0 36.0
7 1 56.0 135.0
48 44 128.0 151.0
33 48 76.0 63.0
56 60 85.0 164.0
46 60 146.0 6.0
17 3 23.0 79.0
27 34 52.0 62.0
50 45 155.0 104.0
52 29 77.0 11.0
4 6 155.0 157.0
2 26 151.0 31.0
24 22 57.0 188.0
13 1 105.0 155.0
19 52 112.0 80.0
26 60 97.0 116.0
43 23 55.0 4.0
54 26 132.0 132.0
40 50 29.0 39.0
14 60 135.0 181.0
22 61 199.0 144.0
2 13 20.0 56.0
17 13 4.0 133.0
11 32 129.0 53.0
55 7 34.0 184.0
32 46 60.0 118.0
36 44 122.0 41.0
44 30 151.0 9.0
30 14 164.0 102.0
14 5 147.0 136.0
55 9 30.0 151.0
41 37 45.0 159.0
45 31 39.0 31.0
17 12 176.0 51.0
57 19 40.0 50.0
49 6 115.0 144.0
19 32 75.0 79.0
11 52 4.0 22.0
61 37 12.0 34.0
14 11 95.0 9.0
43 36 157.0 86.0
47 44 1.0 85.0
1 32 0.0 193.0
39 5 114.0 67.0
37 23 141.0 141.0
14 55 7.0 145.0
30 3 123.0 171.0
15 8 167.0 170.0
43 59 65.0 76.0
41 48 78.0 18.0
20 35 197.0 31.0
39 44 85.0 63.0
6 51 15.0 178.0
44 58 114.0 22.0
2 27 180.0 189.0
36 40 49.0 99.0
37 10 64.0 114.0
5 16 138.0 95.0
36 32 198.0 88.0
7 3 29.0 84.0
1 37 29.0 44.0
34 12 193.0 96.0
40 57 40.0 125.0
38 5 116.0 89.0
16 23 41.0 181.0
24 30 138.0 132.0
2 50 138.0 88.0
19 2 80.0 168.0
22 17 77.0 61.0
2 16 50.0 22.0
40 20 192.0 91.0
7 4 77.0 108.0
2 8 129.0 118.0
32 29 31.0 19.0
17 59 194.0 170.0
15 4 171.0 26.0
46 58 189.0 0.0
41 29 192.0 40.0
51 54 198.0 184.0
54 4 56.0 75.0
5 52 59.0 137.0
21 49 123.0 91.0
48 2 1.0 117.0
31 5 157.0 125.0
3 33 179.0 147.0
1 59 174.0 171.0
51 35 189.0 124.0
39 3 190.0 45.0
56 5 150.0 1.0
55 34 109.0 73.0
1 18 8.0 110.0
48 45 20.0 166.0
19 56 165.0 199.0
4 16 26.0 139.0
5 6 134.0 167.0
19 30 17.0 76.0
36 57 40.0 168.0
31 18 28.0 101.0
1 21 21.0 36.0
7 40 64.0 41.0
10 7 23.0 29.0
51 56 98.0 1.0
11 42 103.0 33.0
10 21 82.0 72.0
18 10 62.0 74.0
30 25 170.0 42.0
45 11 41.0 191.0
51 2 4.0 105.0
19 1 46.0 28.0
58 5 94.0 144.0
48 57 84.0 149.0
17 23 130.0 166.0
33 59 48.0 144.0
4 11 106.0 170.0
33 55 154.0 147.0
56 17 28.0 110.0
19 42 2.0 26.0
49 31 22.0 48.0
26 4 43.0 107.0
26 17 136.0 174.0
15 43 33.0 136.0
4 34 26.0 91.0
28 48 22.0 132.0
3 45 191.0 3.0
28 60 109.0 193.0
29 3 5.0 131.0
6 24 65.0 48.0
41 57 34.0 153.0
39 31 150.0 67.0
3 19 72.0 128.0
9 1 98.0 95.0
61 33 91.0 41.0
10 6 184.0 0.0
12 37 123.0 189.0
60 32 42.0 188.0
28 21 9.0 76.0
53 10 188.0 111.0
11 3 157.0 12.0
14 3 57.0 7.0
52 15 141.0 149.0
26 37 16.0 125.0
12 19 12.0 139.0
52 50 123.0 54.0
9 7 60.0 132.0
39 16 186.0 0.0
23 24 189.0 95.0
11 9 85.0 199.0
40 61 90.0 26.0
38 23 139.0 106.0
3 18 129.0 151.0
17 5 96.0 4.0
27 22 171.0 108.0
37 39 23.0 157.0
16 3 49.0 12.0
15 55 161.0 86.0
56 21 113.0 51.0
4 18 42.0 4.0
30 27 78.0 123.0
8 13 57.0 126.0
15 21 53.0 180.0
59 5 72.0 76.0
18 5 1.0 73.0
5 12 163.0 114.0
13 3 97.0 28.0
61 25 180.0 91.0
53 38 156.0 10.0
34 8 110.0 13.0
28 1 75.0 163.0
7 32 178.0 99.0
11 12 132.0 179.0
18 28 14.0 47.0
40 15 188.0 63.0
41 34 104.0 168.0
4 14 15.0 60.0
43 60 46.0 126.0
1 6 6.0 121.0
46 7 113.0 184.0
18 32 182.0 197.0
59 53 122.0 196.0
6 17 189.0 62.0
52 21 88.0 93.0
56 14 130.0 104.0
14 17 52.0 176.0
7 13 56.0 58.0
36 38 119.0 121.0
8 51 21.0 54.0
43 53 43.0 95.0
10 60 181.0 184.0
10 2 51.0 70.0
14 50 16.0 182.0
14 6 179.0 21.0
10 1 134.0 188.0
44 61 87.0 5.0
51 17 199.0 109.0
15 6 76.0 194.0
44 2 53.0 58.0
4 9 95.0 105.0
13 5 10.0 63.0
61 27 61.0 141.0
33 50 94.0 195.0
16 9 123.0 181.0
5 8 74.0 122.0
53 40 113.0 151.0
41 1 56.0 118.0
27 60 191.0 151.0
14 44 164.0 1.0
3 5 119.0 25.0
54 34 15.0 13.0
24 10 138.0 138.0
20 41 140.0 13.0
12 8 128.0 5.0
11 10 62.0 136.0
7 16 65.0 53.0
27 38 8.0 29.0
41 18 76.0 127.0
8 16 106.0 91.0
38 43 132.0 44.0
22 29 26.0 72.0
52 54 194.0 106.0
18 24 155.0 8.0
17 4 190.0 21.0
12 3 72.0 199.0
27 37 189.0 148.0
2 49 162.0 95.0
30 17 167.0 94.0
45 43 171.0 193.0
35 18 3.0 117.0
19 7 78.0 159.0
37 55 159.0 68.0
1 35 192.0 31.0
13 20 117.0 181.0
9 24 145.0 79.0
40 30 118.0 64.0
5 7 190.0 89.0
27 56 105.0 193.0
53 14 24.0 183.0
7 18 171.0 183.0
22 2 169.0 163.0
31 28 69.0 86.0
53 15 46.0 166.0
46 54 181.0 117.0
3 20 99.0 123.0
54 20 2.0 4.0
34 31 57.0 179.0
49 34 166.0 28.0
5 19 179.0 87.0
58 8 69.0 0.0
24 11 180.0 68.0
4 8 189.0 161.0
17 44 13.0 88.0
7 2 125.0 167.0
40 8 79.0 135.0
42 7 142.0 197.0
37 59 51.0 73.0
2 17 99.0 72.0
40 42 94.0 79.0
60 38 173.0 83.0
10 12 181.0 138.0
2 21 153.0 106.0
29 24 113.0 32.0
33 54 168.0 7.0
51 9 76.0 171.0
36 4 154.0 175.0
10 13 165.0 48.0
41 50 76.0 90.0
13 30 23.0 9.0
51 39 138.0 176.0
2 40 18.0 3.0
32 3 161.0 186.0
11 29 3.0 189.0
32 47 40.0 157.0
18 6 171.0 6.0
15 10 143.0 199.0
42 8 11.0 166.0
46 48 136.0 101.0
28 20 149.0 154.0
22 8 12.0 110.0
36 47 106.0 167.0
32 27 139.0 98.0
28 36 171.0 62.0
14 12 30.0 66.0
38 15 96.0 193.0
3 52 180.0 33.0
6 16 168.0 81.0
46 55 137.0 132.0
40 28 10.0 43.0
54 60 11.0 101.0
36 31 103.0 134.0
5 2 197.0 85.0
24 53 110.0 93.0
43 16 178.0 42.0
52 28 154.0 98.0
23 33 110.0 91.0
2 30 10.0 72.0
24 3 131.0 21.0
8 11 16.0 35.0
11 21 43.0 13.0
15 9 179.0 153.0
25 57 107.0 158.0
23 15 139.0 13.0
50 53 73.0 1.0
23 4 124.0 83.0
57 7 190.0 8.0
20 2 176.0 158.0
12 16 18.0 19.0
1 54 71.0 198.0
49 50 145.0 130.0
4 20 107.0 84.0
32 43 95.0 180.0
46 34 14.0 171.0
42 47 37.0 156.0
13 51 90.0 165.0
42 3 124.0 108.0
21 5 135.0 147.0
15 14 187.0 80.0
13 14 124.0 94.0
29 46 170.0 171.0
18 52 116.0 136.0
40 60 48.0 153.0
51 60 102.0 138.0
1 4 118.0 26.0
19 4 80.0 53.0
20 33 128.0 67.0
21 9 108.0 4.0
54 8 183.0 78.0
61 5 95.0 99.0
4 22 122.0 144.0
59 29 84.0 24.0
12 15 195.0 2.0
6 36 84.0 75.0
4 5 93.0 164.0
12 28 148.0 1.0
35 28 68.0 131.0
8 18 8.0 116.0
28 47 16.0 130.0
11 16 32.0 100.0
35 21 37.0 179.0
58 24 49.0 121.0
10 16 155.0 142.0
59 58 4.0 55.0
2 18 125.0 72.0
29 21 62.0 133.0
6 61 199.0 78.0
16 14 77.0 183.0
4 21 141.0 114.0
9 12 116.0 190.0
54 45 29.0 23.0
41 54 108.0 33.0
16 13 44.0 185.0
53 30 151.0 106.0
11 17 54.0 102.0
29 28 146.0 83.0
9 10 119.0 87.0
37 51 162.0 35.0
10 19 46.0 191.0
20 10 163.0 154.0
23 18 185.0 7.0
49 14 94.0 88.0
56 33 115.0 148.0
7 24 178.0 61.0
18 13 71.0 97.0
31 55 195.0 33.0
45 32 88.0 41.0
7 20 140.0 52.0
58 56 47.0 78.0
7 12 126.0 141.0
44 53 40.0 194.0
39 33 158.0 171.0
6 12 189.0 29.0
28 2 104.0 184.0
56 10 96.0 192.0
17 10 10.0 188.0
61 58 37.0 9.0
8 41 198.0 163.0
34 47 120.0 38.0
19 17 25.0 30.0
7 17 87.0 14.0
33 8 167.0 191.0
7 14 101.0 63.0
6 46 44.0 63.0
42 33 159.0 81.0
12 29 23.0 157.0
8 14 23.0 95.0
26 50 187.0 0.0
58 22 161.0 26.0
22 9 46.0 128.0
57 43 189.0 99.0
27 54 122.0 33.0
25 22 19.0 82.0
5 26 168.0 42.0
43 20 97.0 143.0
10 41 150.0 36.0
2 55 179.0 63.0
49 33 185.0 25.0
5 20 139.0 174.0
8 56 130.0 62.0
16 51 88.0 149.0
25 33 27.0 8.0
54 48 46.0 124.0
2 24 61.0 148.0
21 7 56.0 41.0
18 20 98.0 41.0
8 21 86.0 38.0
2 23 105.0 168.0
19 13 35.0 193.0
59 54 46.0 62.0
42 49 9.0 44.0
4 2 122.0 70.0
50 43 167.0 130.0
4 40 25.0 66.0
6 60 171.0 111.0
9 37 104.0 76.0
23 6 115.0 91.0
47 4 136.0 161.0
52 48 39.0 145.0
27 4 11.0 114.0
22 12 9.0 130.0
3 27 12.0 186.0
22 5 160.0 136.0
42 17 30.0 16.0
10 22 65.0 145.0
25 39 154.0 1.0
28 61 70.0 146.0
19 6 146.0 33.0
20 9 177.0 108.0
22 3 165.0 189.0
7 27 177.0 125.0
46 21 28.0 7.0
42 20 16.0 93.0
8 24 131.0 170.0
17 34 164.0 154.0
39 42 137.0 63.0
31 7 16.0 114.0
24 5 65.0 181.0
3 15 23.0 42.0
30 37 106.0 3.0
58 40 70.0 122.0
55 43 192.0 154.0
13 9 194.0 108.0
44 33 151.0 131.0
16 18 64.0 119.0
18 15 185.0 129.0
15 17 15.0 8.0
27 5 81.0 73.0
50 59 58.0 103.0
4 30 58.0 2.0
31 4 117.0 4.0
13 29 176.0 20.0
24 61 137.0 192.0
47 49 5.0 122.0
14 21 172.0 20.0
5 47 10.0 5.0
44 6 139.0 68.0
2 37 139.0 149.0
1 25 14.0 8.0
11 22 126.0 143.0
38 6 14.0 15.0
54 29 55.0 20.0
23 13 171.0 27.0
59 6 184.0 133.0
13 12 115.0 123.0
44 27 155.0 6.0
34 1 172.0 170.0
32 53 67.0 50.0
7 26 58.0 81.0
47 40 31.0 65.0
26 8 84.0 2.0
29 6 74.0 69.0
11 40 63.0 141.0
6 13 100.0 19.0
25 3 14.0 73.0
17 18 54.0 81.0
36 22 0.0 112.0
7 25 14.0 31.0
27 1 4.0 99.0
23 7 114.0 31.0
60 19 186.0 177.0
26 16 91.0 86.0
16 19 191.0 58.0
27 6 80.0 46.0
6 22 127.0 80.0
6 25 15.0 141.0
38 58 123.0 172.0
21 12 129.0 37.0
52 42 104.0 67.0
58 13 52.0 147.0
60 52 156.0 44.0
43 47 103.0 188.0
3 43 145.0 30.0
26 3 133.0 112.0
18 50 133.0 8.0
7 28 167.0 62.0
41 19 78.0 71.0
31 21 155.0 131.0
12 51 73.0 111.0
38 16 73.0 128.0
60 58 155.0 18.0
18 36 55.0 40.0
24 37 55.0 188.0
26 6 8.0 174.0
22 37 22.0 87.0
33 2 143.0 177.0
13 24 114.0 168.0
14 51 12.0 187.0
6 28 51.0 119.0
49 19 56.0 106.0
55 53 52.0 63.0
56 3 85.0 12.0
34 2 2.0 107.0
47 35 166.0 97.0
31 46 66.0 32.0
27 9 131.0 30.0
57 22 171.0 182.0
8 25 67.0 179.0
3 2 137.0 119.0
4 48 19.0 174.0
26 28 156.0 173.0
1 3 91.0 123.0
25 11 11.0 157.0
19 11 161.0 94.0
22 13 148.0 84.0
31 53 108.0 15.0
54 58 43.0 197.0
23 14 104.0 14.0
6 20 18.0 61.0
28 3 154.0 61.0
47 9 75.0 166.0
19 14 149.0 188.0
28 54 62.0 97.0
45 24 100.0 170.0
4 24 119.0 95.0
52 17 144.0 176.0
18 34 163.0 114.0
20 16 72.0 70.0
25 10 6.0 147.0
16 21 41.0 155.0
8 27 50.0 55.0
46 41 18.0 102.0
45 28 37.0 89.0
46 20 13.0 133.0
53 61 83.0 176.0
30 5 119.0 156.0
29 2 35.0 125.0
29 7 104.0 28.0
24 15 152.0 154.0
25 13 160.0 122.0
28 4 17.0 197.0
10 28 188.0 182.0
8 29 105.0 23.0
60 53 144.0 176.0
4 43 82.0 131.0
46 17 171.0 187.0
33 1 161.0 75.0
10 27 60.0 121.0
32 6 143.0 29.0
23 28 84.0 83.0
5 32 32.0 141.0
33 5 129.0 128.0
30 6 58.0 12.0
19 18 22.0 29.0
21 18 146.0 184.0
30 39 17.0 6.0
4 32 82.0 112.0
61 1 75.0 119.0
9 25 45.0 107.0
19 15 54.0 127.0
35 3 26.0 113.0
5 51 38.0 1.0
36 3 54.0 137.0
8 57 123.0 23.0
29 34 83.0 5.0
11 26 139.0 158.0
34 5 171.0 136.0
11 15 109.0 26.0
28 11 100.0 136.0
39 1 33.0 91.0
12 23 20.0 39.0
20 14 159.0 143.0
38 1 35.0 42.0
40 27 18.0 126.0
23 11 129.0 190.0
4 33 88.0 38.0
2 36 92.0 141.0
48 1 41.0 125.0
22 43 87.0 62.0
61 17 83.0 46.0
34 36 188.0 118.0
7 30 117.0 6.0
26 9 192.0 198.0
49 39 175.0 81.0
35 14 82.0 68.0
14 46 18.0 124.0
14 22 42.0 105.0
24 33 106.0 125.0
6 31 139.0 94.0
25 42 106.0 8.0
31 8 69.0 98.0
29 43 61.0 197.0
56 35 63.0 96.0
21 61 177.0 81.0
38 2 157.0 171.0
27 13 188.0 63.0
16 42 140.0 127.0
32 2 163.0 46.0
58 23 39.0 184.0
23 9 85.0 53.0
52 61 65.0 101.0
17 25 31.0 42.0
53 19 68.0 188.0
33 7 11.0 56.0
16 25 123.0 103.0
52 6 115.0 86.0
36 1 177.0 107.0
21 48 107.0 15.0
47 53 182.0 124.0
49 24 76.0 13.0
14 26 98.0 144.0
22 15 71.0 61.0
5 36 111.0 194.0
52 12 62.0 178.0
15 42 12.0 192.0
15 25 106.0 71.0
29 9 29.0 88.0
36 52 197.0 57.0
20 61 68.0 95.0
14 25 147.0 139.0
15 26 137.0 58.0
29 14 175.0 151.0
39 41 24.0 187.0
18 33 33.0 82.0
37 4 120.0 15.0
16 61 87.0 117.0
14 28 37.0 156.0
23 45 144.0 185.0
37 3 52.0 81.0
13 15 163.0 27.0
21 20 134.0 187.0
58 26 32.0 168.0
28 15 121.0 152.0
15 27 138.0 8.0
20 15 57.0 175.0
59 47 97.0 1.0
7 51 44.0 150.0
7 35 147.0 159.0
30 12 170.0 81.0
4 38 160.0 155.0
29 36 96.0 81.0
26 13 66.0 34.0
43 7 122.0 124.0
56 30 134.0 20.0
16 17 27.0 130.0
37 49 44.0 174.0
10 42 156.0 166.0
18 14 145.0 69.0
6 35 14.0 41.0
59 19 103.0 80.0
19 20 167.0 25.0
44 31 42.0 53.0
23 20 19.0 21.0
30 11 166.0 15.0
59 14 163.0 74.0
20 29 140.0 61.0
57 6 142.0 106.0
3 34 23.0 45.0
17 58 177.0 142.0
23 19 188.0 19.0
26 24 108.0 7.0
41 3 141.0 26.0
18 38 114.0 57.0
6 55 146.0 54.0
8 35 158.0 88.0
32 10 194.0 133.0
28 30 177.0 171.0
5 53 1.0 165.0
35 4 121.0 61.0
21 25 54.0 14.0
22 16 135.0 168.0
22 56 170.0 33.0
30 8 138.0 128.0
5 35 117.0 84.0
34 28 112.0 46.0
12 24 83.0 65.0
23 46 35.0 156.0
18 9 152.0 41.0
34 10 40.0 40.0
40 32 24.0 10.0
19 22 155.0 162.0
24 17 146.0 24.0
19 25 156.0 10.0
33 38 123.0 191.0
22 26 166.0 110.0
33 10 169.0 118.0
36 7 1.0 9.0
31 12 179.0 25.0
31 25 118.0 87.0
56 53 145.0 16.0
20 52 73.0 53.0
18 22 6.0 149.0
43 1 120.0 172.0
45 6 180.0 89.0
1 31 137.0 181.0
35 44 188.0 69.0
9 31 190.0 59.0
14 24 10.0 87.0
3 21 59.0 35.0
9 32 139.0 66.0
56 50 63.0 11.0
55 51 139.0 43.0
27 14 30.0 76.0
12 38 82.0 18.0
32 13 177.0 72.0
34 22 159.0 139.0
31 24 95.0 18.0
47 37 59.0 34.0
26 10 12.0 122.0
12 33 105.0 151.0
2 35 125.0 87.0
49 17 83.0 7.0
9 34 88.0 60.0
1 40 197.0 199.0
37 5 36.0 92.0
32 12 33.0 95.0
9 33 76.0 197.0
26 20 76.0 133.0
16 28 110.0 1.0
35 10 61.0 193.0
8 38 88.0 101.0
47 60 82.0 85.0
8 36 75.0 70.0
6 21 186.0 60.0
42 2 22.0 15.0
5 49 192.0 50.0
44 28 151.0 54.0
22 38 60.0 164.0
23 55 162.0 100.0
31 16 138.0 44.0
15 31 179.0 14.0
52 25 72.0 117.0
45 1 195.0 46.0
34 43 10.0 139.0
11 50 118.0 113.0
35 11 47.0 130.0
33 13 115.0 9.0
31 20 188.0 53.0
61 18 56.0 119.0
9 36 82.0 80.0
19 37 58.0 78.0
20 57 81.0 20.0
20 25 157.0 0.0
23 54 160.0 5.0
25 59 34.0 75.0
20 45 44.0 175.0
3 44 50.0 52.0
6 37 5.0 133.0
56 12 194.0 15.0
43 2 48.0 75.0
8 44 36.0 5.0
26 18 23.0 148.0
29 16 149.0 10.0
24 21 61.0 145.0
4 52 163.0 112.0
20 24 150.0 120.0
39 8 44.0 144.0
18 60 149.0 92.0
45 52 109.0 137.0
47 1 189.0 132.0
44 26 70.0 90.0
47 57 111.0 132.0
48 30 171.0 74.0
16 24 153.0 73.0
1 44 109.0 149.0
17 35 188.0 10.0
25 35 56.0 97.0
24 51 94.0 46.0
9 35 107.0 164.0
8 37 61.0 18.0
61 9 85.0 32.0
29 15 176.0 38.0
27 42 16.0 37.0
17 57 178.0 156.0
11 33 178.0 34.0
3 9 15.0 24.0
34 13 93.0 74.0
14 33 34.0 154.0
16 30 184.0 119.0
27 18 24.0 112.0
9 38 184.0 40.0
26 21 46.0 162.0
54 37 141.0 176.0
48 51 198.0 108.0
19 40 35.0 43.0
59 52 69.0 69.0
11 34 36.0 5.0
31 32 101.0 12.0
1 20 118.0 85.0
46 57 108.0 116.0
5 40 176.0 1.0
1 51 92.0 126.0
29 19 73.0 127.0
17 21 110.0 94.0
30 18 141.0 98.0
51 45 188.0 194.0
49 29 20.0 58.0
26 45 177.0 128.0
36 13 18.0 154.0
4 41 84.0 110.0
24 60 24.0 109.0
13 31 180.0 86.0
50 38 177.0 73.0
46 2 113.0 117.0
41 7 128.0 133.0
33 16 75.0 106.0
45 56 134.0 45.0
40 10 198.0 170.0
18 29 139.0 175.0
33 58 148.0 71.0
35 60 196.0 125.0
45 34 15.0 109.0
27 53 130.0 95.0
51 15 150.0 157.0
23 21 10.0 36.0
42 4 157.0 8.0
28 27 130.0 96.0
6 41 147.0 78.0
44 4 181.0 143.0
58 2 26.0 148.0
54 57 7.0 156.0
16 27 163.0 109.0
32 15 176.0 173.0
35 12 46.0 85.0
25 24 18.0 176.0
25 32 71.0 165.0
56 46 114.0 4.0
47 30 65.0 92.0
25 49 194.0 72.0
27 20 180.0 109.0
60 30 85.0 108.0
17 29 189.0 131.0
46 5 133.0 159.0
31 52 30.0 4.0
38 30 50.0 144.0
33 17 63.0 115.0
26 29 101.0 57.0
19 21 102.0 33.0
32 17 121.0 187.0
16 32 166.0 62.0
5 42 46.0 99.0
6 42 82.0 76.0
28 49 131.0 132.0
39 7 148.0 194.0
39 55 58.0 49.0
55 21 76.0 160.0
27 23 13.0 149.0
26 43 197.0 179.0
12 36 83.0 195.0
61 32 104.0 117.0
21 39 107.0 35.0
44 7 34.0 7.0
37 14 107.0 44.0
6 40 65.0 135.0
43 5 122.0 79.0
28 19 186.0 71.0
19 34 128.0 21.0
10 38 142.0 32.0
10 39 187.0 1.0
30 52 185.0 173.0
48 53 108.0 44.0
49 1 76.0 173.0
14 31 16.0 150.0
36 11 56.0 154.0
47 13 35.0 137.0
56 41 52.0 129.0
23 32 189.0 39.0
17 27 109.0 126.0
55 1 154.0 17.0
59 24 69.0 30.0
35 16 114.0 85.0
13 28 148.0 123.0
40 17 79.0 135.0
59 11 122.0 83.0
44 18 192.0 112.0
9 39 67.0 101.0
26 38 62.0 21.0
2 45 161.0 131.0
43 6 43.0 28.0
39 12 77.0 143.0
15 36 144.0 108.0
28 24 196.0 67.0
15 30 103.0 188.0
7 45 82.0 170.0
9 42 174.0 145.0
26 23 187.0 88.0
37 13 108.0 183.0
34 15 182.0 186.0
35 46 5.0 126.0
31 19 103.0 1.0
39 24 46.0 7.0
22 28 95.0 128.0
25 23 124.0 22.0
26 25 3.0 63.0
38 14 197.0 63.0
25 27 82.0 131.0
22 30 134.0 88.0
17 28 127.0 189.0
42 35 166.0 125.0
10 45 103.0 61.0
53 16 85.0 27.0
24 27 75.0 88.0
16 37 14.0 24.0
21 22 1.0 96.0
33 19 168.0 87.0
35 15 9.0 95.0
49 55 103.0 175.0
36 14 58.0 158.0
1 50 169.0 144.0
49 51 69.0 197.0
30 23 194.0 35.0
31 23 94.0 147.0
7 22 94.0 62.0
45 5 89.0 103.0
19 26 61.0 145.0
11 39 42.0 120.0
46 3 173.0 164.0
16 57 193.0 194.0
41 42 15.0 187.0
32 22 180.0 61.0
51 4 185.0 26.0
18 25 67.0 75.0
41 9 130.0 129.0
54 42 20.0 124.0
38 13 121.0 145.0
41 11 40.0 114.0
57 39 33.0 7.0
40 14 109.0 165.0
22 31 81.0 95.0
40 12 185.0 149.0
40 13 25.0 67.0
17 36 0.0 46.0
38 11 137.0 73.0
17 39 155.0 129.0
49 4 133.0 188.0
43 11 6.0 195.0
48 3 19.0 40.0
13 39 162.0 4.0
44 11 154.0 187.0
33 28 199.0 106.0
6 47 164.0 88.0
61 36 65.0 119.0
2 47 73.0 198.0
12 42 112.0 31.0
12 41 151.0 83.0
17 37 135.0 65.0
11 51 30.0 89.0
6 48 167.0 181.0
20 32 150.0 83.0
60 37 155.0 15.0
29 25 29.0 28.0
22 35 99.0 93.0
36 19 47.0 50.0
53 1 184.0 183.0
39 15 159.0 14.0
9 44 51.0 79.0
32 44 10.0 1.0
25 28 180.0 165.0
51 44 46.0 161.0
8 48 39.0 145.0
8 46 103.0 87.0
39 14 137.0 39.0
8 45 66.0 96.0
40 51 68.0 69.0
41 14 159.0 30.0
53 2 175.0 92.0
15 41 0.0 173.0
13 43 147.0 40.0
47 8 35.0 2.0
38 17 147.0 172.0
59 2 98.0 166.0
36 21 142.0 118.0
50 7 98.0 53.0
19 35 91.0 73.0
8 43 115.0 91.0
49 48 89.0 62.0
12 43 15.0 124.0
28 55 106.0 163.0
56 55 120.0 4.0
31 26 175.0 62.0
14 42 21.0 73.0
46 30 116.0 64.0
34 59 168.0 31.0
43 14 106.0 9.0
29 27 72.0 73.0
46 10 153.0 179.0
24 32 138.0 74.0
7 48 184.0 65.0
7 49 170.0 158.0
16 40 39.0 38.0
35 58 26.0 7.0
33 21 81.0 84.0
27 31 138.0 154.0
3 53 167.0 44.0
47 3 182.0 57.0
50 57 115.0 167.0
10 47 2.0 37.0
2 57 134.0 42.0
58 19 165.0 160.0
40 18 175.0 46.0
30 31 51.0 66.0
13 35 10.0 171.0
34 24 90.0 192.0
55 4 116.0 5.0
42 13 192.0 118.0
53 4 119.0 126.0
42 18 36.0 84.0
60 17 35.0 163.0
47 23 25.0 39.0
54 3 23.0 35.0
55 3 93.0 114.0
21 37 79.0 9.0
47 7 88.0 71.0
47 12 106.0 7.0
29 47 21.0 94.0
45 13 114.0 9.0
33 22 131.0 139.0
57 1 0.0 154.0
12 44 45.0 94.0
22 46 158.0 76.0
38 20 176.0 46.0
51 10 189.0 34.0
44 13 176.0 10.0
59 55 178.0 43.0
37 15 181.0 61.0
48 59 167.0 182.0
20 37 176.0 12.0
50 20 115.0 86.0
30 26 142.0 43.0
12 46 187.0 131.0
41 17 49.0 116.0
24 35 36.0 180.0
25 36 106.0 18.0
31 29 94.0 73.0
49 11 159.0 22.0
11 31 170.0 74.0
45 14 131.0 112.0
36 24 9.0 71.0
10 30 154.0 59.0
50 9 143.0 142.0
39 19 90.0 50.0
53 6 140.0 184.0
18 43 95.0 100.0
57 4 13.0 65.0
44 19 95.0 96.0
34 14 166.0 104.0
46 13 4.0 120.0
40 46 187.0 100.0
40 21 88.0 29.0
35 26 194.0 28.0
27 47 143.0 89.0
50 10 51.0 156.0
16 45 66.0 98.0
41 13 78.0 33.0
16 44 176.0 35.0
37 25 96.0 163.0
30 51 166.0 136.0
52 8 33.0 113.0
27 21 4.0 176.0
57 3 2.0 7.0
3 58 108.0 69.0
59 42 177.0 139.0
30 43 128.0 154.0
27 33 50.0 176.0
44 10 123.0 168.0
25 34 129.0 156.0
13 57 49.0 133.0
16 46 153.0 52.0
21 34 57.0 61.0
47 14 182.0 186.0
54 31 187.0 110.0
45 17 80.0 37.0
18 37 35.0 155.0
10 43 27.0 116.0
15 44 165.0 77.0
11 7 92.0 118.0
18 39 177.0 101.0
10 52 162.0 159.0
27 43 46.0 150.0
14 48 115.0 78.0
49 13 89.0 102.0
29 60 46.0 116.0
45 15 115.0 11.0
45 4 28.0 7.0
12 48 0.0 157.0
9 52 31.0 163.0
39 23 103.0 29.0
35 48 6.0 18.0
5 48 38.0 95.0
49 10 159.0 84.0
35 27 87.0 74.0
51 52 93.0 68.0
11 57 145.0 45.0
31 51 185.0 176.0
47 17 182.0 89.0
30 32 6.0 188.0
12 49 71.0 197.0
42 38 59.0 30.0
22 41 9.0 99.0
50 13 88.0 54.0
7 52 87.0 33.0
5 55 134.0 24.0
54 6 137.0 68.0
48 15 105.0 95.0
24 38 193.0 176.0
15 47 7.0 5.0
45 19 58.0 16.0
22 40 63.0 98.0
43 21 183.0 102.0
21 60 116.0 117.0
12 45 165.0 5.0
5 44 188.0 70.0
26 36 119.0 182.0
58 4 20.0 126.0
56 4 162.0 30.0
34 30 40.0 177.0
7 56 160.0 24.0
28 32 151.0 28.0
21 42 176.0 117.0
49 9 126.0 165.0
22 42 143.0 197.0
9 54 129.0 115.0
46 19 39.0 43.0
33 30 190.0 32.0
2 61 163.0 102.0
59 4 84.0 115.0
42 36 96.0 13.0
44 46 61.0 175.0
42 24 67.0 156.0
33 32 122.0 196.0
18 47 196.0 113.0
16 47 16.0 138.0
48 17 159.0 179.0
33 31 133.0 43.0
48 13 154.0 182.0
59 61 119.0 167.0
60 5 185.0 186.0
52 53 118.0 59.0
43 51 137.0 114.0
61 3 176.0 105.0
25 50 16.0 135.0
1 60 161.0 101.0
36 27 29.0 67.0
30 35 178.0 149.0
34 33 11.0 163.0
32 35 147.0 81.0
16 50 18.0 36.0
41 28 46.0 146.0
35 31 157.0 62.0
26 40 7.0 70.0
53 13 95.0 36.0
22 45 140.0 73.0
4 61 95.0 103.0
21 44 112.0 194.0
25 40 132.0 130.0
19 47 150.0 130.0
7 58 130.0 59.0
50 34 10.0 137.0
61 7 97.0 106.0
18 49 136.0 189.0
33 15 84.0 183.0
22 44 159.0 196.0
41 27 133.0 91.0
54 11 122.0 36.0
9 56 129.0 5.0
37 28 197.0 91.0
10 57 132.0 46.0
45 46 1.0 68.0
9 58 155.0 86.0
32 37 143.0 115.0
16 56 173.0 28.0
11 55 153.0 96.0
58 53 89.0 82.0
28 39 16.0 87.0
48 16 4.0 148.0
17 43 0.0 6.0
28 38 154.0 108.0
61 49 192.0 49.0
39 29 121.0 165.0
56 11 6.0 75.0
59 10 14.0 96.0
54 17 159.0 30.0
24 48 93.0 163.0
56 31 167.0 46.0
38 31 44.0 73.0
51 18 70.0 36.0
29 38 47.0 192.0
59 9 33.0 6.0
12 53 12.0 199.0
4 39 161.0 171.0
58 11 106.0 7.0
48 22 173.0 73.0
13 55 144.0 169.0
14 54 174.0 166.0
58 10 78.0 174.0
11 53 154.0 63.0
43 19 175.0 118.0
8 60 52.0 88.0
34 37 135.0 158.0
28 42 11.0 61.0
58 12 55.0 107.0
25 44 147.0 29.0
47 22 162.0 177.0
36 35 73.0 68.0
59 39 148.0 0.0
20 49 106.0 152.0
40 31 189.0 42.0
34 35 78.0 152.0
18 53 73.0 133.0
47 21 22.0 20.0
42 29 158.0 184.0
52 24 93.0 183.0
60 9 121.0 193.0
17 50 113.0 28.0
7 60 52.0 54.0
19 50 162.0 131.0
30 36 105.0 36.0
50 21 50.0 127.0
20 48 148.0 160.0
60 11 163.0 193.0
48 50 56.0 84.0
33 37 140.0 122.0
49 22 163.0 144.0
57 14 2.0 78.0
54 15 71.0 59.0
25 45 32.0 73.0
40 39 175.0 132.0
44 42 160.0 138.0
38 34 197.0 169.0
17 55 126.0 89.0
61 8 155.0 41.0
61 31 153.0 109.0
42 26 60.0 25.0
31 41 167.0 44.0
19 51 165.0 142.0
8 59 168.0 125.0
27 39 47.0 165.0
57 15 61.0 173.0
57 12 150.0 16.0
30 42 72.0 56.0
39 32 10.0 84.0
29 40 167.0 177.0
58 29 160.0 84.0
52 55 113.0 80.0
11 48 98.0 160.0
20 51 46.0 159.0
12 60 139.0 148.0
59 12 155.0 163.0
60 13 121.0 117.0
22 50 185.0 40.0
46 11 24.0 98.0
37 36 47.0 89.0
35 38 133.0 97.0
36 59 140.0 179.0
24 50 92.0 80.0
20 53 122.0 199.0
49 36 19.0 43.0
25 46 82.0 156.0
52 22 199.0 58.0
59 7 113.0 199.0
11 61 36.0 47.0
32 41 192.0 177.0
55 10 143.0 36.0
18 45 143.0 17.0
49 52 19.0 114.0
18 54 8.0 54.0
50 23 62.0 7.0
59 16 161.0 128.0
40 49 112.0 197.0
54 19 164.0 104.0
52 23 36.0 59.0
50 51 136.0 131.0
55 20 87.0 108.0
45 29 98.0 95.0
32 38 38.0 161.0
55 12 68.0 151.0
23 3 73.0 180.0
34 39 59.0 189.0
61 13 162.0 95.0
61 14 68.0 51.0
25 48 45.0 156.0
19 55 51.0 144.0
61 12 72.0 42.0
23 49 114.0 92.0
50 27 170.0 139.0
23 51 144.0 181.0
42 32 158.0 58.0
55 29 31.0 26.0
56 18 197.0 76.0
26 49 44.0 1.0
25 47 175.0 68.0
40 34 187.0 41.0
59 18 48.0 157.0
18 58 191.0 144.0
22 53 76.0 149.0
56 15 188.0 107.0
60 16 96.0 138.0
41 35 138.0 93.0
57 18 26.0 65.0
39 36 60.0 13.0
61 15 54.0 60.0
41 38 34.0 45.0
44 49 175.0 111.0
54 25 81.0 163.0
19 61 167.0 130.0
27 49 78.0 57.0
52 26 11.0 57.0
48 27 77.0 23.0
51 25 61.0 83.0
44 52 151.0 96.0
35 40 199.0 126.0
22 54 36.0 32.0
59 20 40.0 155.0
59 15 122.0 118.0
18 55 76.0 133.0
41 36 199.0 105.0
60 15 185.0 12.0
26 47 98.0 136.0
48 29 197.0 97.0
45 30 104.0 185.0
59 13 29.0 144.0
21 57 198.0 103.0
53 28 196.0 26.0
50 28 41.0 195.0
60 20 95.0 26.0
29 44 88.0 193.0
15 58 187.0 37.0
59 22 167.0 91.0
31 47 26.0 149.0
33 45 145.0 24.0
23 42 42.0 142.0
25 55 160.0 83.0
43 42 70.0 7.0
60 41 155.0 158.0
50 31 69.0 94.0
38 39 139.0 189.0
46 42 128.0 165.0
51 29 87.0 26.0
43 33 31.0 129.0
45 27 11.0 143.0
23 59 52.0 81.0
53 25 0.0 159.0
30 49 59.0 70.0
55 58 20.0 150.0
40 3 43.0 100.0
42 37 105.0 83.0
46 37 112.0 88.0
29 53 156.0 123.0
23 53 189.0 160.0
40 33 85.0 141.0
56 24 19.0 96.0
48 32 123.0 191.0
54 24 73.0 119.0
53 41 120.0 178.0
29 50 48.0 32.0
6 58 89.0 156.0
24 47 10.0 30.0
20 56 113.0 47.0
37 43 110.0 84.0
36 46 102.0 33.0
43 39 40.0 176.0
21 59 177.0 161.0
50 54 80.0 177.0
37 48 68.0 170.0
46 26 39.0 79.0
60 23 108.0 104.0
50 32 11.0 18.0
58 25 133.0 66.0
48 36 166.0 174.0
44 40 130.0 143.0
53 33 37.0 10.0
38 44 56.0 106.0
33 52 57.0 47.0
46 33 37.0 117.0
32 51 106.0 1.0
28 51 151.0 40.0
58 27 65.0 69.0
34 51 133.0 195.0
48 19 91.0 171.0
23 61 175.0 100.0
46 39 133.0 185.0
24 57 94.0 123.0
27 51 33.0 1.0
42 34 108.0 136.0
30 59 156.0 125.0
57 29 8.0 41.0
49 38 73.0 99.0
49 35 159.0 1.0
37 38 54.0 93.0
48 38 30.0 148.0
33 41 187.0 15.0
48 60 101.0 95.0
58 49 31.0 9.0
45 42 76.0 39.0
27 59 9.0 102.0
27 57 45.0 168.0
46 43 129.0 51.0
43 40 73.0 112.0
35 50 100.0 60.0
52 37 44.0 1.0
45 36 173.0 75.0
58 41 29.0 50.0
44 41 0.0 38.0
28 56 96.0 198.0
55 30 154.0 177.0
45 37 159.0 27.0
32 34 104.0 59.0
59 28 75.0 148.0
51 26 85.0 1.0
52 40 48.0 115.0
55 22 114.0 1.0
48 40 189.0 10.0
49 32 154.0 143.0
38 40 150.0 113.0
58 31 110.0 54.0
57 30 8.0 137.0
28 57 68.0 93.0
41 45 0.0 116.0
33 51 82.0 114.0
44 54 69.0 23.0
56 43 45.0 175.0
52 38 51.0 195.0
52 34 148.0 113.0
54 32 180.0 156.0
47 39 35.0 48.0
37 53 132.0 35.0
48 26 103.0 167.0
59 31 42.0 172.0
56 39 198.0 39.0
45 35 151.0 1.0
49 43 190.0 99.0
56 23 11.0 123.0
57 33 124.0 46.0
40 54 75.0 9.0
39 45 10.0 178.0
50 39 27.0 5.0
57 32 188.0 177.0
56 34 18.0 139.0
48 43 68.0 9.0
32 59 160.0 79.0
53 36 0.0 85.0
55 40 144.0 75.0
47 38 92.0 106.0
34 58 108.0 120.0
31 60 187.0 96.0
51 46 130.0 5.0
57 34 176.0 198.0
55 45 10.0 136.0
32 58 68.0 10.0
57 26 193.0 164.0
25 60 101.0 38.0
52 43 90.0 9.0
44 50 140.0 29.0
50 42 69.0 22.0
60 33 3.0 197.0
58 36 111.0 165.0
54 43 31.0 179.0
21 53 110.0 176.0
56 32 3.0 163.0
51 47 84.0 93.0
39 48 73.0 176.0
61 30 62.0 95.0
28 58 174.0 65.0
50 30 38.0 85.0
39 54 27.0 21.0
52 41 181.0 137.0
60 59 192.0 184.0
41 51 159.0 28.0
34 60 165.0 32.0
40 56 78.0 27.0
61 38 150.0 53.0
53 39 138.0 140.0
44 55 122.0 165.0
35 53 179.0 103.0
40 59 85.0 171.0
59 26 78.0 44.0
42 56 63.0 44.0
35 61 80.0 94.0
42 51 192.0 31.0
38 51 48.0 83.0
46 52 100.0 171.0
52 47 163.0 31.0
44 57 40.0 1.0
48 47 15.0 119.0
45 58 135.0 30.0
57 49 151.0 15.0
35 55 13.0 95.0
54 49 7.0 61.0
56 47 34.0 59.0
45 57 77.0 150.0
54 36 55.0 118.0
38 59 175.0 70.0
53 57 138.0 110.0
50 55 48.0 89.0
58 21 46.0 61.0
55 54 198.0 5.0
56 37 118.0 33.0
34 53 54.0 148.0
49 46 186.0 61.0
54 47 111.0 113.0
45 59 161.0 49.0
46 61 25.0 161.0
10 61 47.0 71.0
60 44 109.0 46.0
49 60 102.0 28.0
61 48 4.0 108.0
36 56 1.0 142.0
39 61 37.0 112.0
57 51 132.0 150.0
57 42 184.0 157.0
50 60 89.0 32.0
41 55 52.0 198.0
49 56 27.0 154.0
50 46 100.0 31.0
58 43 38.0 53.0
61 56 13.0 76.0
45 47 35.0 145.0
57 58 81.0 20.0
54 35 196.0 122.0
58 50 191.0 48.0
56 26 158.0 18.0
34 26 3.0 58.0
42 53 60.0 41.0
55 60 12.0 25.0
22 39 42.0 0.0
56 48 13.0 76.0
40 41 106.0 9.0
61 51 75.0 49.0
59 51 182.0 33.0
55 61 50.0 137.0
55 42 41.0 62.0
48 23 152.0 53.0
45 38 35.0 147.0
30 58 1.0 0.0
57 61 45.0 59.0
53 46 183.0 120.0
59 49 3.0 118.0
57 52 160.0 6.0
59 44 43.0 1.0
48 58 118.0 195.0
43 61 189.0 105.0
61 47 91.0 191.0
1 2 86.0 136.0
54 53 94.0 22.0
32 55 117.0 98.0
40 37 190.0 77.0
42 58 32.0 185.0
47 50 153.0 150.0
61 54 144.0 94.0
31 37 29.0 35.0
61 45 103.0 68.0
61 42 100.0 197.0
2 6 185.0 18.0
54 16 180.0 127.0
51 58 171.0 12.0
22 51 72.0 124.0
50 61 85.0 168.0
41 61 48.0 66.0
44 43 163.0 151.0
0
