68 2278 28 67 389871
28 8 111.0 190.0
62 49 191.0 108.0
2 6 93.0 136.0
48 35 187.0 57.0
20 1 123.0 91.0
14 25 99.0 149.0
51 36 95.0 11.0
68 59 66.0 26.0
67 41 75.0 129.0
29 27 49.0 66.0
32 27 87.0 142.0
61 8 39.0 26.0
16 67 165.0 162.0
23 40 132.0 16.0
16 20 6.0 27.0
19 54 20.0 24.0
34 42 193.0 95.0
68 46 143.0 42.0
12 38 143.0 182.0
53 61 20.0 182.0
59 57 24.0 137.0
37 18 11.0 157.0
46 9 79.0 169.0
3 54 67.0 51.0
35 51 90.0 13.0
28 16 174.0 185.0
61 4 129.0 117.0
4 12 158.0 101.0
8 31 59.0 182.0
56 64 28.0 70.0
5 40 74.0 59.0
25 63 83.0 93.0
45 35 115.0 125.0
51 47 154.0 89.0
58 47 156.0 35.0
66 13 61.0 114.0
51 26 174.0 120.0
21 16 168.0 154.0
55 47 71.0 42.0
49 29 85.0 154.0
3 52 156.0 152.0
30 43 170.0 63.0
29 63 66.0 78.0
16 14 65.0 127.0
39 28 182.0 39.0
13 3 29.0 103.0
33 2 36.0 100.0
38 7 180.0 121.0
58 31 130.0 88.0
13 68 172.0 52.0
63 3 37.0 38.0
24 62 117.0 54.0
30 59 163.0 52.0
45 24 152.0 144.0
33 53 142.0 140.0
59 15 39.0 74.0
53 23 108.0 169.0
23 58 68.0 32.0
1 68 179.0 57.0
1 56 9.0 97.0
54 18 101.0 125.0
49 38 116.0 53.0
23 7 20.0 10.0
21 5 0.0 12.0
36 14 17.0 60.0
12 61 59.0 37.0
68 63 56.0 190.0
58 68 67.0 17.0
17 27 100.0 168.0
5 51 134.0 17.0
57 40 80.0 154.0
53 63 167.0 32.0
17 29 7.0 136.0
21 38 52.0 18.0
40 29 128.0 60.0
29 6 140.0 195.0
41 25 40.0 193.0
15 7 162.0 126.0
46 5 157.0 194.0
8 39 99.0 124.0
7 65 54.0 58.0
42 53 4.0 58.0
21 31 84.0 85.0
45 9 72.0 177.0
33 31 142.0 64.0
37 19 73.0 104.0
31 15 21.0 183.0
61 40 98.0 72.0
37 67 57.0 105.0
59 28 195.0 14.0
9 6 182.0 31.0
36 41 32.0 54.0
3 67 62.0 174.0
17 60 82.0 136.0
6 52 62.0 56.0
23 33 2.0 160.0
32 46 121.0 60.0
6 55 15.0 116.0
22 41 56.0 197.0
21 44 87.0 88.0
42 68 85.0 149.0
59 2 79.0 119.0
53 8 191.0 141.0
41 15 19.0 193.0
60 30 52.0 140.0
24 22 156.0 67.0
2 61 17.0 13.0
36 46 44.0 56.0
45 55 66.0 129.0
64 66 56.0 146.0
13 56 32.0 47.0
10 17 13.0 3.0
55 53 125.0 65.0
14 30 166.0 82.0
30 44 25.0 135.0
12 1 73.0 69.0
15 36 145.0 139.0
33 42 24.0 1.0
30 9 18.0 9.0
26 49 87.0 31.0
41 10 69.0 164.0
47 39 139.0 187.0
14 52 50.0 164.0
12 43 113.0 123.0
10 59 185.0 58.0
33 57 177.0 161.0
65 11 101.0 147.0
60 36 99.0 188.0
53 18 18.0 121.0
64 33 149.0 157.0
11 4 146.0 151.0
41 63 197.0 11.0
61 43 92.0 182.0
31 4 46.0 21.0
15 6 105.0 148.0
49 53 32.0 156.0
3 5 97.0 50.0
51 64 169.0 198.0
62 22 45.0 68.0
9 3 15.0 194.0
66 9 87.0 60.0
21 6 90.0 134.0
19 7 54.0 147.0
59 48 68.0 86.0
66 57 71.0 165.0
53 44 81.0 192.0
65 25 191.0 79.0
49 6 145.0 6.0
23 31 74.0 185.0
37 32 54.0 116.0
38 20 27.0 109.0
7 48 51.0 95.0
45 65 132.0 74.0
40 52 143.0 13.0
8 65 75.0 134.0
8 5 72.0 173.0
16 19 163.0 98.0
50 39 182.0 18.0
58 64 147.0 161.0
51 54 110.0 199.0
50 6 101.0 42.0
6 10 28.0 44.0
21 8 122.0 55.0
61 65 135.0 146.0
15 17 15.0 99.0
55 2 87.0 149.0
65 40 174.0 35.0
25 3 93.0 37.0
2 5 8.0 194.0
40 48 44.0 188.0
63 24 194.0 166.0
29 34 10.0 129.0
58 17 168.0 178.0
18 24 197.0 7.0
63 31 110.0 172.0
33 14 144.0 4.0
29 15 80.0 104.0
2 17 159.0 124.0
48 39 63.0 153.0
12 8 17.0 26.0
3 11 113.0 137.0
68 29 122.0 62.0
60 11 23.0 32.0
32 1 188.0 167.0
24 12 176.0 68.0
28 9 59.0 136.0
55 18 198.0 122.0
25 13 92.0 15.0
57 1 84.0 5.0
29 56 43.0 158.0
7 27 1.0 67.0
28 11 14.0 189.0
31 46 181.0 142.0
62 35 196.0 40.0
53 36 196.0 194.0
56 2 16.0 88.0
10 42 17.0 52.0
30 39 71.0 61.0
2 4 179.0 24.0
5 10 180.0 145.0
44 37 185.0 162.0
11 63 190.0 181.0
38 28 181.0 187.0
37 16 153.0 149.0
66 58 42.0 170.0
28 36 115.0 65.0
48 30 82.0 47.0
20 33 87.0 62.0
9 37 103.0 72.0
40 22 96.0 93.0
57 41 68.0 29.0
65 51 37.0 173.0
12 5 46.0 31.0
13 2 190.0 114.0
6 58 97.0 72.0
22 68 194.0 184.0
36 25 90.0 97.0
46 19 145.0 139.0
60 5 139.0 165.0
56 15 182.0 176.0
2 24 160.0 181.0
6 5 192.0 103.0
25 40 169.0 41.0
39 22 126.0 163.0
54 13 198.0 168.0
40 60 82.0 95.0
65 9 79.0 21.0
31 30 136.0 13.0
61 7 163.0 48.0
42 32 153.0 107.0
12 6 93.0 123.0
35 15 112.0 171.0
5 11 54.0 62.0
32 3 179.0 88.0
11 18 177.0 10.0
15 4 118.0 65.0
67 18 116.0 81.0
50 5 96.0 69.0
10 45 168.0 189.0
68 10 130.0 80.0
50 3 4.0 136.0
5 33 79.0 136.0
50 15 95.0 56.0
67 26 197.0 13.0
51 7 3.0 65.0
11 39 28.0 99.0
24 38 110.0 148.0
47 25 159.0 40.0
35 37 79.0 163.0
9 44 37.0 110.0
59 7 24.0 132.0
40 62 25.0 173.0
68 55 129.0 29.0
26 41 52.0 109.0
18 6 27.0 162.0
38 67 112.0 138.0
43 27 34.0 143.0
10 54 103.0 71.0
68 28 10.0 128.0
6 4 43.0 187.0
61 1 65.0 124.0
1 16 74.0 69.0
52 16 81.0 54.0
1 13 19.0 145.0
7 17 0.0 5.0
2 41 112.0 103.0
68 36 35.0 74.0
50 46 177.0 30.0
14 5 183.0 194.0
25 20 184.0 57.0
43 44 135.0 17.0
17 3 102.0 154.0
19 60 191.0 54.0
3 8 74.0 55.0
46 6 130.0 109.0
16 5 124.0 59.0
46 14 186.0 59.0
41 62 114.0 122.0
37 56 140.0 1.0
58 32 103.0 43.0
23 62 109.0 94.0
2 3 101.0 183.0
7 37 124.0 31.0
36 16 133.0 1.0
6 7 165.0 71.0
2 50 14.0 31.0
45 58 137.0 154.0
21 54 111.0 40.0
56 23 54.0 20.0
24 17 17.0 107.0
61 56 40.0 141.0
11 31 78.0 173.0
48 21 84.0 195.0
10 28 73.0 50.0
17 6 152.0 10.0
67 23 1.0 63.0
45 5 123.0 8.0
29 32 144.0 92.0
27 26 188.0 184.0
65 46 83.0 19.0
6 19 94.0 119.0
54 67 5.0 167.0
4 42 81.0 158.0
64 14 19.0 35.0
26 56 1.0 94.0
27 47 69.0 146.0
13 11 52.0 9.0
11 10 145.0 135.0
20 31 188.0 40.0
14 3 103.0 194.0
22 1 124.0 185.0
22 53 135.0 144.0
2 12 77.0 136.0
7 8 101.0 146.0
14 45 109.0 153.0
45 21 131.0 6.0
16 4 23.0 72.0
14 1 151.0 78.0
31 48 47.0 75.0
32 20 2.0 182.0
35 36 91.0 80.0
46 39 174.0 144.0
23 54 71.0 35.0
6 35 183.0 154.0
17 11 54.0 158.0
33 66 14.0 5.0
45 54 40.0 62.0
13 49 70.0 194.0
24 7 77.0 113.0
54 38 187.0 3.0
4 8 195.0 10.0
50 18 129.0 131.0
2 16 188.0 184.0
51 38 83.0 2.0
31 13 83.0 123.0
2 26 184.0 105.0
41 44 149.0 13.0
21 34 87.0 88.0
49 64 193.0 34.0
1 9 159.0 122.0
52 27 133.0 147.0
5 15 126.0 16.0
27 60 35.0 161.0
26 48 57.0 20.0
31 34 170.0 6.0
67 19 10.0 9.0
22 9 161.0 155.0
22 51 16.0 73.0
17 41 136.0 102.0
7 14 145.0 63.0
55 13 27.0 180.0
68 57 185.0 84.0
23 63 140.0 108.0
21 62 82.0 103.0
10 23 75.0 195.0
13 61 25.0 43.0
34 30 67.0 113.0
17 45 34.0 12.0
66 38 100.0 61.0
26 54 35.0 86.0
56 47 75.0 128.0
48 24 129.0 109.0
54 22 130.0 4.0
22 12 118.0 107.0
42 25 17.0 186.0
1 8 54.0 51.0
56 45 193.0 154.0
38 29 100.0 28.0
15 25 2.0 175.0
56 46 181.0 131.0
67 28 67.0 63.0
39 15 183.0 138.0
39 61 91.0 0.0
1 11 122.0 145.0
16 65 180.0 115.0
1 15 31.0 80.0
53 65 191.0 33.0
50 57 35.0 172.0
24 60 137.0 102.0
6 11 148.0 121.0
45 46 95.0 39.0
18 42 48.0 169.0
46 57 33.0 181.0
16 50 31.0 64.0
46 62 162.0 23.0
58 60 64.0 149.0
60 37 92.0 2.0
10 8 113.0 192.0
29 45 129.0 160.0
18 30 110.0 130.0
18 52 144.0 143.0
33 25 146.0 128.0
26 28 23.0 60.0
11 9 137.0 39.0
43 58 10.0 30.0
41 19 121.0 123.0
63 60 79.0 2.0
21 13 129.0 141.0
64 42 24.0 74.0
66 67 158.0 122.0
7 11 107.0 133.0
37 22 110.0 45.0
19 32 91.0 121.0
50 21 8.0 12.0
13 63 148.0 39.0
8 34 150.0 78.0
7 45 167.0 174.0
51 25 115.0 77.0
56 36 79.0 174.0
10 9 6.0 142.0
47 64 0.0 97.0
16 22 195.0 8.0
4 14 31.0 144.0
5 35 150.0 181.0
11 29 88.0 69.0
53 20 139.0 3.0
55 22 46.0 171.0
38 46 147.0 52.0
41 35 91.0 147.0
64 12 39.0 87.0
52 48 39.0 70.0
22 49 139.0 142.0
9 60 68.0 27.0
19 63 20.0 160.0
24 44 60.0 66.0
4 9 172.0 160.0
50 8 32.0 15.0
28 27 178.0 72.0
4 5 98.0 169.0
51 44 162.0 37.0
44 61 185.0 31.0
55 40 62.0 6.0
15 9 118.0 74.0
32 35 164.0 42.0
51 30 165.0 197.0
65 10 101.0 95.0
20 57 166.0 0.0
41 14 3.0 128.0
6 3 156.0 188.0
47 23 80.0 18.0
40 38 114.0 150.0
12 9 125.0 79.0
47 29 66.0 42.0
46 54 164.0 167.0
43 68 82.0 82.0
14 32 67.0 85.0
47 46 81.0 23.0
9 55 95.0 161.0
24 9 118.0 161.0
5 9 10.0 44.0
49 55 117.0 76.0
41 1 34.0 34.0
18 2 24.0 116.0
40 6 154.0 43.0
59 8 54.0 187.0
2 25 100.0 101.0
18 4 21.0 170.0
64 43 76.0 31.0
38 9 85.0 145.0
1 7 171.0 119.0
4 7 175.0 148.0
29 16 22.0 81.0
31 61 23.0 29.0
26 19 133.0 75.0
62 3 153.0 154.0
53 27 17.0 181.0
43 15 102.0 102.0
19 18 154.0 73.0
4 17 4.0 129.0
58 16 23.0 27.0
16 53 152.0 47.0
3 47 188.0 38.0
57 65 133.0 93.0
31 67 128.0 150.0
13 42 106.0 30.0
67 9 43.0 12.0
14 6 90.0 47.0
30 67 40.0 114.0
51 58 77.0 145.0
44 12 108.0 65.0
16 7 10.0 41.0
2 7 184.0 138.0
57 2 31.0 43.0
10 64 150.0 74.0
10 1 158.0 41.0
5 52 134.0 199.0
49 57 159.0 163.0
13 7 158.0 67.0
67 1 122.0 168.0
9 16 104.0 107.0
17 39 53.0 87.0
34 26 107.0 155.0
32 25 87.0 65.0
1 19 27.0 173.0
41 18 143.0 139.0
10 7 8.0 54.0
16 27 23.0 82.0
11 8 13.0 79.0
48 28 1.0 18.0
53 11 171.0 60.0
35 26 130.0 10.0
4 13 158.0 157.0
54 57 142.0 54.0
4 65 74.0 150.0
20 3 20.0 49.0
63 17 18.0 185.0
44 49 184.0 171.0
59 60 52.0 155.0
17 59 154.0 182.0
27 61 127.0 113.0
57 12 147.0 69.0
8 41 165.0 173.0
34 7 131.0 137.0
10 13 54.0 101.0
40 13 57.0 38.0
4 43 164.0 61.0
3 18 166.0 118.0
25 28 28.0 93.0
23 1 33.0 176.0
19 38 91.0 151.0
53 13 179.0 23.0
4 45 90.0 33.0
58 65 52.0 99.0
39 38 82.0 168.0
20 5 45.0 0.0
67 34 77.0 73.0
12 58 94.0 62.0
36 2 179.0 185.0
15 65 65.0 158.0
13 12 34.0 156.0
68 44 185.0 38.0
13 16 125.0 19.0
55 12 68.0 170.0
53 17 24.0 97.0
2 8 52.0 118.0
18 12 179.0 31.0
9 50 53.0 45.0
54 14 100.0 87.0
57 6 129.0 38.0
29 50 130.0 6.0
9 17 45.0 151.0
2 19 122.0 21.0
14 11 38.0 175.0
19 4 115.0 17.0
1 55 33.0 168.0
8 32 128.0 85.0
37 40 17.0 9.0
22 28 114.0 99.0
19 3 117.0 111.0
12 14 163.0 40.0
5 17 171.0 1.0
14 28 73.0 86.0
14 55 153.0 58.0
18 17 146.0 33.0
64 39 104.0 115.0
8 6 154.0 18.0
12 10 68.0 23.0
16 12 39.0 183.0
15 46 108.0 11.0
5 58 141.0 181.0
53 21 69.0 94.0
45 28 107.0 15.0
7 5 83.0 12.0
10 15 66.0 189.0
13 14 79.0 86.0
9 42 162.0 71.0
17 1 162.0 70.0
21 3 139.0 56.0
4 20 84.0 9.0
3 10 55.0 143.0
20 36 108.0 90.0
1 21 106.0 126.0
33 45 24.0 138.0
26 42 40.0 186.0
56 10 126.0 2.0
9 7 9.0 66.0
10 44 47.0 93.0
52 61 110.0 102.0
37 34 186.0 170.0
11 2 20.0 92.0
1 47 94.0 196.0
20 40 82.0 134.0
6 20 5.0 161.0
8 19 164.0 14.0
10 16 105.0 11.0
60 34 143.0 168.0
13 6 187.0 129.0
52 59 47.0 7.0
10 14 196.0 93.0
64 28 83.0 30.0
1 24 119.0 88.0
7 31 72.0 83.0
22 35 112.0 130.0
8 27 26.0 56.0
61 26 175.0 13.0
24 33 164.0 175.0
57 61 19.0 112.0
12 11 68.0 102.0
55 51 104.0 187.0
13 19 61.0 129.0
53 48 83.0 174.0
6 51 145.0 109.0
24 3 127.0 73.0
18 7 127.0 43.0
25 60 20.0 99.0
21 2 135.0 40.0
16 3 44.0 192.0
50 14 69.0 58.0
61 5 137.0 153.0
55 3 133.0 34.0
2 60 88.0 60.0
24 36 184.0 167.0
35 43 12.0 156.0
61 46 68.0 99.0
23 4 26.0 64.0
5 23 144.0 95.0
27 21 72.0 33.0
24 13 56.0 6.0
12 19 43.0 96.0
63 20 188.0 27.0
63 64 6.0 152.0
49 61 61.0 74.0
60 7 60.0 87.0
38 43 71.0 4.0
64 19 102.0 144.0
39 63 137.0 158.0
15 2 98.0 180.0
30 56 103.0 87.0
60 16 131.0 109.0
8 20 91.0 144.0
35 40 39.0 151.0
23 20 53.0 110.0
18 9 51.0 155.0
41 34 133.0 141.0
26 1 188.0 31.0
26 59 32.0 44.0
4 3 57.0 115.0
30 41 67.0 148.0
12 40 161.0 58.0
68 21 0.0 14.0
60 42 139.0 4.0
18 8 105.0 72.0
11 41 3.0 46.0
10 18 188.0 35.0
29 1 36.0 46.0
22 3 6.0 55.0
7 26 53.0 168.0
47 19 113.0 5.0
61 34 42.0 52.0
15 58 173.0 148.0
30 7 59.0 128.0
24 6 183.0 48.0
48 51 134.0 172.0
2 20 38.0 140.0
58 21 127.0 91.0
40 26 51.0 192.0
59 37 13.0 45.0
22 6 6.0 138.0
56 39 79.0 66.0
4 25 153.0 63.0
53 40 0.0 87.0
63 33 107.0 191.0
53 15 35.0 186.0
40 47 142.0 38.0
24 41 48.0 107.0
8 15 121.0 55.0
68 2 150.0 0.0
4 24 147.0 55.0
63 28 169.0 99.0
68 35 115.0 28.0
16 11 8.0 103.0
14 2 72.0 102.0
58 34 159.0 121.0
55 21 174.0 32.0
30 25 188.0 124.0
57 28 154.0 135.0
63 15 149.0 123.0
50 45 2.0 17.0
68 9 16.0 10.0
26 50 95.0 89.0
23 3 33.0 54.0
23 11 91.0 7.0
43 52 22.0 79.0
11 43 89.0 177.0
5 24 77.0 190.0
23 6 75.0 31.0
16 15 197.0 92.0
4 66 133.0 44.0
8 23 185.0 166.0
1 5 158.0 28.0
27 3 23.0 133.0
10 55 177.0 112.0
4 21 119.0 7.0
4 22 45.0 146.0
8 22 91.0 194.0
25 6 18.0 25.0
33 4 128.0 155.0
16 8 181.0 39.0
63 57 19.0 4.0
43 33 44.0 197.0
13 5 137.0 115.0
17 13 179.0 182.0
5 22 176.0 22.0
15 3 8.0 146.0
20 43 116.0 136.0
2 52 32.0 97.0
40 63 181.0 51.0
28 2 149.0 178.0
65 26 55.0 86.0
4 10 160.0 186.0
10 20 69.0 88.0
31 1 103.0 77.0
13 51 78.0 19.0
34 45 41.0 62.0
39 42 149.0 22.0
23 49 174.0 98.0
14 8 1.0 29.0
1 28 108.0 113.0
21 18 184.0 177.0
57 8 28.0 39.0
11 20 66.0 58.0
15 49 153.0 107.0
11 15 52.0 102.0
67 65 128.0 26.0
22 65 47.0 82.0
40 44 151.0 107.0
62 58 137.0 87.0
31 2 17.0 165.0
5 19 15.0 83.0
61 68 130.0 120.0
18 43 107.0 134.0
47 26 112.0 188.0
2 23 48.0 159.0
50 68 14.0 152.0
21 10 100.0 151.0
3 30 6.0 69.0
50 1 189.0 173.0
8 42 72.0 72.0
24 27 42.0 132.0
52 25 144.0 106.0
31 6 159.0 193.0
13 30 140.0 174.0
49 50 158.0 40.0
29 2 39.0 117.0
63 35 61.0 29.0
12 7 3.0 86.0
28 23 131.0 197.0
47 60 136.0 75.0
6 1 5.0 47.0
14 18 158.0 146.0
26 5 197.0 68.0
4 27 62.0 189.0
29 51 116.0 75.0
52 58 82.0 71.0
9 14 125.0 165.0
5 18 45.0 61.0
18 58 83.0 3.0
43 2 85.0 193.0
36 38 87.0 83.0
24 65 131.0 101.0
55 34 17.0 199.0
22 11 174.0 51.0
12 26 120.0 99.0
20 9 175.0 117.0
24 8 8.0 58.0
17 8 13.0 94.0
46 10 120.0 52.0
14 59 147.0 3.0
1 30 173.0 164.0
9 21 20.0 147.0
49 24 194.0 140.0
33 50 86.0 170.0
67 25 55.0 94.0
33 17 153.0 20.0
26 66 174.0 25.0
12 21 62.0 121.0
67 14 6.0 187.0
46 4 37.0 178.0
35 39 46.0 32.0
29 35 10.0 84.0
67 55 22.0 65.0
2 10 92.0 175.0
12 29 90.0 67.0
30 2 162.0 104.0
23 68 31.0 169.0
11 68 64.0 20.0
47 37 98.0 110.0
11 27 45.0 108.0
13 18 100.0 67.0
60 44 74.0 144.0
12 15 80.0 116.0
5 28 82.0 42.0
7 22 194.0 65.0
29 4 81.0 11.0
3 66 0.0 179.0
23 9 49.0 45.0
17 12 80.0 101.0
1 18 159.0 106.0
42 48 17.0 39.0
52 11 115.0 51.0
58 53 108.0 62.0
19 9 195.0 141.0
31 3 118.0 196.0
40 10 28.0 167.0
27 41 70.0 60.0
59 43 131.0 182.0
30 54 145.0 148.0
4 44 5.0 12.0
22 10 172.0 65.0
14 17 198.0 120.0
68 37 191.0 116.0
54 9 72.0 171.0
25 11 26.0 94.0
17 16 99.0 157.0
2 22 9.0 44.0
20 14 27.0 166.0
24 10 134.0 152.0
20 45 118.0 84.0
7 25 1.0 61.0
50 61 149.0 73.0
60 13 69.0 128.0
20 15 150.0 168.0
52 9 55.0 112.0
49 63 55.0 83.0
25 5 101.0 142.0
7 20 151.0 172.0
25 9 72.0 104.0
27 1 81.0 22.0
31 35 46.0 150.0
16 35 34.0 197.0
43 42 55.0 90.0
44 14 2.0 62.0
33 3 75.0 103.0
23 13 114.0 26.0
54 7 127.0 187.0
17 26 62.0 8.0
60 56 2.0 61.0
30 11 16.0 189.0
2 34 10.0 23.0
1 62 172.0 12.0
51 1 25.0 47.0
36 10 4.0 139.0
16 55 72.0 131.0
12 45 54.0 86.0
8 25 88.0 57.0
38 31 180.0 56.0
23 12 137.0 143.0
58 40 159.0 109.0
40 1 71.0 184.0
10 60 40.0 75.0
47 16 145.0 112.0
60 32 158.0 0.0
59 34 8.0 46.0
4 60 36.0 140.0
47 68 3.0 173.0
29 5 166.0 162.0
23 43 123.0 189.0
35 10 80.0 115.0
13 20 179.0 177.0
64 34 29.0 137.0
15 18 145.0 189.0
39 19 77.0 133.0
18 39 156.0 80.0
13 9 82.0 75.0
66 49 67.0 157.0
66 22 57.0 99.0
46 18 136.0 188.0
16 18 145.0 117.0
58 56 155.0 42.0
14 61 154.0 32.0
39 2 127.0 111.0
17 51 153.0 161.0
39 4 84.0 173.0
25 53 101.0 93.0
6 16 108.0 37.0
16 23 124.0 5.0
26 4 154.0 80.0
20 41 10.0 109.0
42 37 37.0 137.0
27 31 112.0 191.0
42 21 65.0 196.0
5 55 90.0 166.0
1 4 35.0 150.0
27 36 27.0 112.0
29 7 82.0 182.0
7 28 34.0 92.0
52 42 173.0 23.0
12 3 153.0 85.0
19 11 23.0 18.0
1 35 104.0 65.0
33 12 58.0 91.0
55 56 180.0 38.0
4 57 4.0 62.0
4 67 78.0 190.0
17 19 119.0 51.0
5 31 166.0 24.0
51 67 102.0 189.0
1 33 128.0 6.0
46 3 95.0 138.0
58 49 1.0 76.0
4 30 11.0 5.0
36 1 84.0 41.0
12 20 44.0 155.0
50 60 159.0 11.0
59 53 57.0 62.0
20 61 180.0 137.0
19 10 28.0 76.0
27 12 153.0 29.0
3 26 191.0 116.0
22 19 45.0 76.0
19 24 39.0 90.0
34 1 137.0 199.0
14 58 12.0 194.0
4 34 8.0 193.0
15 14 164.0 36.0
25 1 119.0 117.0
20 27 88.0 111.0
53 68 98.0 85.0
12 25 133.0 138.0
17 20 34.0 22.0
47 38 135.0 46.0
37 1 13.0 143.0
3 29 185.0 129.0
29 36 103.0 57.0
2 9 177.0 191.0
32 2 181.0 75.0
19 14 185.0 67.0
11 26 52.0 19.0
63 26 63.0 140.0
36 3 69.0 76.0
28 35 115.0 7.0
10 25 38.0 19.0
37 11 43.0 167.0
36 67 196.0 24.0
2 35 110.0 133.0
4 32 191.0 115.0
6 60 130.0 55.0
67 32 9.0 152.0
23 14 46.0 125.0
32 6 7.0 36.0
7 36 98.0 50.0
24 15 158.0 94.0
6 27 99.0 68.0
52 68 4.0 90.0
20 19 185.0 135.0
50 20 22.0 194.0
11 36 21.0 21.0
8 30 122.0 180.0
18 31 163.0 20.0
5 67 174.0 121.0
10 34 128.0 25.0
42 61 19.0 132.0
13 22 146.0 4.0
33 8 56.0 121.0
43 63 38.0 29.0
44 22 164.0 160.0
8 29 0.0 79.0
3 1 195.0 126.0
43 49 19.0 123.0
14 24 137.0 38.0
52 32 37.0 84.0
31 42 168.0 94.0
36 4 50.0 158.0
31 9 28.0 167.0
26 6 152.0 180.0
20 60 141.0 147.0
48 63 31.0 160.0
28 6 57.0 120.0
42 65 43.0 94.0
46 29 12.0 164.0
33 35 53.0 15.0
38 2 147.0 33.0
38 3 179.0 100.0
34 44 132.0 72.0
39 29 52.0 115.0
40 56 184.0 61.0
21 20 105.0 180.0
21 41 168.0 118.0
15 22 163.0 21.0
3 28 199.0 111.0
53 52 141.0 131.0
32 7 184.0 73.0
39 1 27.0 188.0
5 66 168.0 11.0
50 4 109.0 73.0
52 24 106.0 77.0
45 59 47.0 21.0
9 41 125.0 199.0
5 30 10.0 66.0
13 28 129.0 194.0
4 35 8.0 156.0
53 1 197.0 128.0
12 63 151.0 58.0
37 3 78.0 9.0
42 67 194.0 77.0
48 49 162.0 71.0
63 10 52.0 172.0
22 18 166.0 181.0
51 43 190.0 126.0
51 4 25.0 140.0
2 40 58.0 128.0
37 2 175.0 136.0
14 22 187.0 169.0
21 7 57.0 149.0
9 27 167.0 61.0
13 15 47.0 133.0
23 19 46.0 189.0
29 13 28.0 72.0
37 4 166.0 86.0
15 26 114.0 141.0
21 14 87.0 101.0
24 51 89.0 96.0
61 66 21.0 57.0
30 6 36.0 68.0
20 22 173.0 83.0
16 64 171.0 1.0
21 17 101.0 137.0
56 32 108.0 167.0
59 29 149.0 195.0
1 38 51.0 191.0
30 21 153.0 73.0
19 21 49.0 142.0
41 3 147.0 22.0
27 10 143.0 118.0
37 53 31.0 197.0
24 21 133.0 139.0
58 35 160.0 34.0
40 3 132.0 163.0
54 1 168.0 37.0
35 44 137.0 169.0
49 36 40.0 36.0
64 68 135.0 136.0
25 18 106.0 166.0
34 5 138.0 39.0
57 62 26.0 98.0
20 18 76.0 158.0
15 37 132.0 196.0
14 27 36.0 22.0
29 9 28.0 28.0
8 26 184.0 164.0
11 21 155.0 90.0
25 38 36.0 93.0
10 30 6.0 62.0
38 4 8.0 82.0
15 21 152.0 141.0
57 48 105.0 140.0
22 21 43.0 134.0
33 11 191.0 27.0
53 7 72.0 98.0
44 8 106.0 108.0
28 60 93.0 112.0
37 64 169.0 102.0
3 48 22.0 121.0
35 19 187.0 128.0
56 11 172.0 182.0
61 15 44.0 115.0
21 26 183.0 117.0
42 46 44.0 90.0
37 63 148.0 90.0
58 13 79.0 69.0
68 48 153.0 54.0
66 35 140.0 92.0
18 23 12.0 64.0
16 26 173.0 56.0
28 12 102.0 156.0
16 31 155.0 99.0
34 46 158.0 104.0
7 35 176.0 38.0
61 45 73.0 81.0
26 14 30.0 165.0
34 9 189.0 194.0
11 24 59.0 162.0
10 32 31.0 162.0
11 32 174.0 186.0
15 23 39.0 133.0
25 68 84.0 167.0
52 37 1.0 158.0
58 4 174.0 31.0
2 42 171.0 163.0
20 51 155.0 31.0
37 8 170.0 138.0
3 39 64.0 145.0
36 63 135.0 55.0
32 5 24.0 20.0
63 47 195.0 25.0
50 13 63.0 169.0
33 6 164.0 34.0
33 13 112.0 72.0
51 31 120.0 82.0
64 40 159.0 136.0
34 24 66.0 94.0
42 3 187.0 90.0
49 28 154.0 183.0
48 65 164.0 17.0
5 38 0.0 81.0
62 54 135.0 64.0
16 68 107.0 56.0
47 9 40.0 66.0
41 29 101.0 106.0
32 30 175.0 89.0
65 33 196.0 129.0
37 55 166.0 112.0
59 46 75.0 166.0
39 60 166.0 162.0
67 39 160.0 73.0
56 4 51.0 0.0
34 11 30.0 152.0
29 54 176.0 6.0
17 25 194.0 124.0
15 66 40.0 160.0
43 55 81.0 67.0
20 24 143.0 47.0
9 32 115.0 56.0
37 6 110.0 166.0
24 35 123.0 141.0
29 52 129.0 100.0
13 26 172.0 123.0
22 52 44.0 164.0
47 32 175.0 77.0
9 33 13.0 71.0
6 34 55.0 128.0
23 22 51.0 117.0
57 3 28.0 126.0
8 36 96.0 158.0
48 22 16.0 20.0
6 66 183.0 12.0
37 30 181.0 110.0
10 31 9.0 194.0
5 47 196.0 16.0
37 5 37.0 47.0
41 50 6.0 65.0
5 48 107.0 54.0
2 67 78.0 75.0
9 26 180.0 61.0
42 28 95.0 161.0
66 29 165.0 56.0
7 66 55.0 161.0
36 9 55.0 92.0
23 34 190.0 61.0
12 30 94.0 97.0
27 33 153.0 172.0
34 12 46.0 85.0
31 12 61.0 93.0
64 26 41.0 27.0
23 21 37.0 96.0
62 37 187.0 93.0
19 15 183.0 129.0
35 9 116.0 29.0
55 30 67.0 21.0
19 36 94.0 65.0
35 3 13.0 108.0
8 38 186.0 6.0
8 40 80.0 23.0
7 33 141.0 19.0
35 8 101.0 76.0
51 66 181.0 17.0
27 67 148.0 0.0
42 6 3.0 43.0
18 28 34.0 168.0
55 64 121.0 172.0
30 17 73.0 2.0
30 15 191.0 167.0
28 15 152.0 92.0
26 62 63.0 85.0
1 43 149.0 12.0
67 64 29.0 105.0
18 27 4.0 64.0
40 4 30.0 125.0
32 15 153.0 56.0
50 12 127.0 96.0
39 34 23.0 31.0
27 30 6.0 39.0
15 40 9.0 156.0
35 42 120.0 38.0
17 28 39.0 124.0
44 58 179.0 21.0
58 42 182.0 84.0
53 66 175.0 61.0
31 29 124.0 150.0
37 10 116.0 131.0
6 41 50.0 77.0
27 15 42.0 170.0
42 1 69.0 33.0
8 9 177.0 0.0
38 10 41.0 111.0
19 27 188.0 168.0
49 27 178.0 64.0
3 44 52.0 94.0
23 32 142.0 55.0
35 11 64.0 185.0
7 40 120.0 133.0
62 67 62.0 97.0
56 9 37.0 55.0
38 6 148.0 25.0
34 18 57.0 126.0
62 53 127.0 62.0
16 34 86.0 70.0
59 40 118.0 102.0
38 65 51.0 38.0
29 19 93.0 65.0
25 22 179.0 130.0
32 44 44.0 128.0
2 44 137.0 54.0
36 13 26.0 17.0
18 68 31.0 64.0
39 16 167.0 150.0
39 7 29.0 170.0
21 56 27.0 122.0
20 49 106.0 7.0
21 25 11.0 103.0
50 38 72.0 101.0
22 27 162.0 99.0
26 32 99.0 145.0
47 44 37.0 18.0
22 26 120.0 66.0
61 21 36.0 99.0
29 10 159.0 94.0
26 20 87.0 171.0
43 13 35.0 159.0
31 17 147.0 149.0
14 31 56.0 46.0
39 6 82.0 46.0
41 4 134.0 154.0
42 19 101.0 122.0
14 34 106.0 61.0
48 1 176.0 145.0
39 9 198.0 164.0
16 25 193.0 97.0
61 32 103.0 49.0
64 24 117.0 137.0
18 29 117.0 3.0
43 54 162.0 18.0
7 41 11.0 20.0
60 22 23.0 140.0
59 1 41.0 173.0
32 13 130.0 34.0
54 52 77.0 33.0
6 36 43.0 146.0
35 34 168.0 160.0
12 35 119.0 131.0
67 52 129.0 83.0
33 10 195.0 105.0
20 39 48.0 36.0
62 31 170.0 130.0
45 1 140.0 199.0
43 14 156.0 135.0
55 44 24.0 77.0
46 2 92.0 144.0
46 1 132.0 21.0
44 6 185.0 127.0
38 48 162.0 185.0
10 53 147.0 132.0
17 22 21.0 39.0
5 42 28.0 130.0
11 40 0.0 52.0
10 26 78.0 92.0
14 29 33.0 163.0
38 11 5.0 170.0
19 31 47.0 119.0
24 25 7.0 146.0
26 23 117.0 29.0
27 13 135.0 145.0
49 2 133.0 88.0
63 21 26.0 163.0
13 34 95.0 11.0
16 30 31.0 100.0
15 33 66.0 30.0
23 25 112.0 73.0
8 63 28.0 29.0
12 32 131.0 115.0
5 27 175.0 64.0
39 12 134.0 153.0
7 42 179.0 181.0
4 59 141.0 162.0
31 26 78.0 7.0
67 21 189.0 190.0
45 3 148.0 169.0
49 1 175.0 80.0
33 19 176.0 151.0
25 26 87.0 62.0
28 19 72.0 18.0
59 38 180.0 13.0
7 43 152.0 10.0
37 13 140.0 93.0
6 43 22.0 40.0
23 29 138.0 149.0
22 57 197.0 66.0
16 33 130.0 84.0
28 20 3.0 3.0
20 29 114.0 135.0
34 15 194.0 66.0
54 16 172.0 86.0
58 3 71.0 194.0
40 41 168.0 162.0
29 21 57.0 165.0
5 43 138.0 188.0
38 68 141.0 141.0
39 13 52.0 55.0
14 35 22.0 198.0
65 13 5.0 195.0
24 46 162.0 28.0
18 47 186.0 130.0
6 47 136.0 195.0
18 26 154.0 75.0
19 25 142.0 95.0
2 63 170.0 146.0
23 27 7.0 193.0
34 57 96.0 164.0
34 38 71.0 58.0
22 29 10.0 9.0
41 37 37.0 99.0
49 31 170.0 144.0
4 49 187.0 64.0
55 24 69.0 158.0
45 44 145.0 29.0
32 50 76.0 194.0
19 65 178.0 147.0
3 49 85.0 188.0
45 2 53.0 74.0
42 11 156.0 175.0
39 21 56.0 95.0
52 66 119.0 77.0
49 19 103.0 16.0
44 7 94.0 180.0
56 20 64.0 72.0
61 22 149.0 101.0
26 24 66.0 154.0
35 13 60.0 174.0
34 19 132.0 116.0
6 45 87.0 3.0
41 49 160.0 143.0
40 14 53.0 54.0
39 10 142.0 69.0
45 23 144.0 91.0
31 22 148.0 162.0
30 19 104.0 8.0
18 32 137.0 37.0
62 33 177.0 24.0
21 64 147.0 137.0
15 38 101.0 152.0
17 37 163.0 43.0
32 16 146.0 107.0
57 7 163.0 94.0
43 67 68.0 68.0
39 26 104.0 5.0
58 67 62.0 81.0
62 44 96.0 161.0
39 5 186.0 197.0
4 48 184.0 101.0
64 9 164.0 130.0
28 21 141.0 79.0
46 7 162.0 161.0
9 40 6.0 18.0
38 56 50.0 20.0
47 7 89.0 98.0
17 34 134.0 75.0
14 37 119.0 118.0
22 33 23.0 35.0
42 16 9.0 164.0
17 38 75.0 171.0
43 9 146.0 33.0
46 8 167.0 196.0
59 64 184.0 8.0
39 25 134.0 118.0
8 43 5.0 6.0
50 58 166.0 29.0
18 33 27.0 175.0
32 17 68.0 54.0
44 64 136.0 14.0
1 52 30.0 55.0
12 37 56.0 14.0
51 3 64.0 191.0
34 22 166.0 21.0
36 12 51.0 85.0
43 10 19.0 30.0
2 48 54.0 88.0
4 47 167.0 190.0
30 58 179.0 197.0
27 25 112.0 36.0
14 38 74.0 128.0
48 8 118.0 40.0
36 18 196.0 121.0
3 34 153.0 16.0
30 23 110.0 7.0
39 31 32.0 77.0
21 32 160.0 163.0
2 54 190.0 73.0
63 22 58.0 64.0
20 34 152.0 129.0
51 39 24.0 100.0
51 49 141.0 177.0
42 15 139.0 4.0
16 66 34.0 171.0
14 39 2.0 195.0
31 24 168.0 192.0
21 35 125.0 179.0
32 22 0.0 77.0
41 13 16.0 177.0
28 29 74.0 158.0
36 43 178.0 13.0
2 51 7.0 165.0
11 44 109.0 9.0
18 35 153.0 29.0
8 45 77.0 78.0
21 36 131.0 29.0
45 11 187.0 147.0
53 4 4.0 61.0
46 11 119.0 135.0
40 45 34.0 78.0
21 33 144.0 95.0
35 50 5.0 97.0
41 5 154.0 34.0
20 37 24.0 85.0
45 13 87.0 11.0
23 38 117.0 43.0
24 23 15.0 188.0
2 27 194.0 2.0
44 38 101.0 138.0
27 45 60.0 58.0
45 57 151.0 14.0
44 13 33.0 176.0
47 11 181.0 72.0
22 30 16.0 51.0
51 60 77.0 32.0
41 12 117.0 23.0
36 23 58.0 170.0
25 29 18.0 118.0
33 26 36.0 121.0
46 12 170.0 69.0
7 50 153.0 104.0
13 46 56.0 170.0
59 51 157.0 85.0
24 32 71.0 26.0
48 58 125.0 129.0
28 31 106.0 95.0
9 49 66.0 142.0
41 16 159.0 189.0
34 50 67.0 64.0
53 3 98.0 124.0
53 26 80.0 7.0
42 14 45.0 104.0
49 5 64.0 170.0
52 8 116.0 170.0
40 16 156.0 183.0
48 6 85.0 67.0
66 44 169.0 153.0
26 30 162.0 67.0
40 17 13.0 195.0
28 30 196.0 58.0
1 2 69.0 12.0
17 35 136.0 186.0
44 26 27.0 44.0
34 56 62.0 113.0
31 25 17.0 31.0
40 19 189.0 131.0
53 5 90.0 2.0
36 22 14.0 38.0
18 38 144.0 83.0
6 53 33.0 33.0
44 15 187.0 13.0
49 7 40.0 49.0
61 37 143.0 9.0
32 41 112.0 132.0
16 48 148.0 3.0
16 44 94.0 162.0
61 35 30.0 38.0
4 68 114.0 16.0
49 10 146.0 53.0
28 56 3.0 186.0
17 42 170.0 98.0
24 39 106.0 35.0
4 52 17.0 7.0
43 17 28.0 63.0
40 21 91.0 10.0
50 11 130.0 5.0
9 51 66.0 76.0
58 19 1.0 69.0
62 4 97.0 123.0
51 19 171.0 155.0
45 47 132.0 189.0
35 20 3.0 112.0
9 48 136.0 94.0
49 8 60.0 66.0
49 11 127.0 127.0
62 29 15.0 128.0
21 37 122.0 112.0
47 12 63.0 93.0
11 59 66.0 147.0
47 13 97.0 21.0
54 5 186.0 33.0
1 44 133.0 199.0
44 23 0.0 61.0
54 6 198.0 167.0
26 68 108.0 120.0
18 40 81.0 171.0
29 26 87.0 99.0
10 47 166.0 185.0
43 3 60.0 105.0
17 23 113.0 193.0
27 39 160.0 114.0
49 18 93.0 111.0
58 2 164.0 1.0
54 17 94.0 45.0
27 34 27.0 181.0
65 55 157.0 194.0
5 57 55.0 17.0
56 7 137.0 121.0
50 10 117.0 49.0
41 45 133.0 10.0
55 4 189.0 49.0
48 13 187.0 83.0
7 55 159.0 14.0
40 33 72.0 116.0
28 58 14.0 128.0
52 38 16.0 103.0
16 24 56.0 133.0
58 57 161.0 142.0
49 12 52.0 151.0
8 51 180.0 191.0
24 59 139.0 139.0
34 25 130.0 11.0
48 11 140.0 144.0
30 29 128.0 108.0
46 55 122.0 185.0
26 36 54.0 84.0
7 52 108.0 106.0
29 33 129.0 41.0
8 47 126.0 68.0
34 28 184.0 56.0
48 12 63.0 76.0
14 49 58.0 144.0
48 50 173.0 132.0
33 61 182.0 27.0
32 28 81.0 91.0
47 14 191.0 10.0
41 23 156.0 118.0
35 25 32.0 93.0
22 38 80.0 48.0
53 2 189.0 90.0
52 10 185.0 162.0
63 1 99.0 167.0
10 51 162.0 132.0
27 35 111.0 154.0
3 56 81.0 19.0
10 48 126.0 66.0
23 35 44.0 158.0
55 66 83.0 34.0
45 19 15.0 20.0
56 6 69.0 66.0
62 2 44.0 31.0
42 20 112.0 155.0
36 17 112.0 146.0
43 16 177.0 190.0
47 17 40.0 22.0
46 41 21.0 123.0
15 45 46.0 189.0
51 11 32.0 67.0
67 44 146.0 77.0
42 22 102.0 11.0
16 46 103.0 14.0
48 14 103.0 80.0
60 3 102.0 143.0
53 9 67.0 75.0
24 40 147.0 65.0
17 50 78.0 180.0
15 47 124.0 176.0
66 68 57.0 26.0
37 23 121.0 160.0
59 3 149.0 176.0
5 56 157.0 3.0
44 18 154.0 176.0
57 9 119.0 102.0
8 54 63.0 197.0
51 14 36.0 187.0
33 32 161.0 45.0
36 30 3.0 35.0
23 48 197.0 104.0
24 37 172.0 106.0
48 15 136.0 127.0
44 19 156.0 55.0
37 28 106.0 19.0
36 5 91.0 94.0
49 17 83.0 4.0
34 32 47.0 38.0
22 43 86.0 196.0
55 8 42.0 58.0
3 61 167.0 179.0
63 59 133.0 123.0
18 45 169.0 191.0
54 12 129.0 12.0
8 56 27.0 164.0
65 59 11.0 27.0
49 60 49.0 97.0
27 44 120.0 43.0
61 6 115.0 87.0
50 51 152.0 49.0
51 12 61.0 121.0
1 65 8.0 142.0
7 58 109.0 188.0
57 16 156.0 120.0
53 12 21.0 157.0
52 12 74.0 141.0
8 66 88.0 189.0
52 13 152.0 40.0
48 46 165.0 165.0
51 52 147.0 126.0
58 63 25.0 57.0
48 17 119.0 181.0
44 20 176.0 92.0
31 59 17.0 50.0
57 11 62.0 57.0
5 59 117.0 166.0
21 43 8.0 34.0
23 39 155.0 156.0
4 54 3.0 180.0
26 38 145.0 75.0
44 52 142.0 73.0
27 40 72.0 111.0
48 18 1.0 135.0
59 22 181.0 70.0
66 41 175.0 189.0
34 33 91.0 83.0
55 48 61.0 95.0
24 30 180.0 6.0
51 15 195.0 74.0
48 67 126.0 67.0
33 28 125.0 127.0
25 54 41.0 58.0
35 65 71.0 168.0
62 5 160.0 162.0
42 24 196.0 173.0
24 43 125.0 176.0
40 68 71.0 120.0
37 29 48.0 197.0
9 58 102.0 125.0
33 30 32.0 95.0
11 55 81.0 55.0
37 31 134.0 193.0
1 58 15.0 130.0
32 36 13.0 140.0
2 64 2.0 84.0
30 38 197.0 2.0
24 29 89.0 51.0
54 11 0.0 74.0
45 22 125.0 33.0
60 48 183.0 11.0
52 15 195.0 198.0
50 19 13.0 161.0
55 50 53.0 15.0
59 6 94.0 3.0
46 17 66.0 136.0
13 38 11.0 66.0
27 38 95.0 88.0
12 56 176.0 30.0
5 63 191.0 123.0
47 21 20.0 4.0
23 65 65.0 25.0
37 26 144.0 112.0
65 2 36.0 10.0
43 45 53.0 199.0
33 36 158.0 148.0
64 5 82.0 86.0
37 25 76.0 25.0
51 27 32.0 96.0
58 11 48.0 49.0
47 20 137.0 144.0
65 3 19.0 173.0
21 46 61.0 73.0
48 34 53.0 171.0
65 18 110.0 135.0
59 9 121.0 139.0
22 47 49.0 105.0
34 47 164.0 49.0
31 32 125.0 101.0
4 64 81.0 97.0
2 66 115.0 142.0
41 28 47.0 120.0
12 65 198.0 158.0
63 6 112.0 71.0
27 42 98.0 161.0
57 10 199.0 14.0
43 26 54.0 76.0
44 25 198.0 87.0
46 22 191.0 65.0
18 51 75.0 38.0
17 52 10.0 73.0
8 60 186.0 74.0
46 23 156.0 36.0
43 25 104.0 155.0
30 40 164.0 110.0
56 14 5.0 114.0
15 54 178.0 196.0
45 39 110.0 5.0
44 28 36.0 72.0
45 60 1.0 174.0
47 31 84.0 158.0
27 37 130.0 188.0
50 40 159.0 46.0
19 48 131.0 116.0
29 42 159.0 62.0
20 48 89.0 69.0
10 58 74.0 126.0
40 28 127.0 76.0
60 55 123.0 11.0
1 64 53.0 53.0
13 57 155.0 164.0
46 25 102.0 87.0
32 39 146.0 62.0
21 49 67.0 36.0
9 61 170.0 141.0
7 63 125.0 98.0
40 46 111.0 1.0
5 65 168.0 116.0
67 13 69.0 124.0
33 38 8.0 172.0
25 45 80.0 154.0
24 47 199.0 147.0
65 6 119.0 169.0
22 50 70.0 196.0
14 53 94.0 181.0
4 63 62.0 63.0
54 40 193.0 131.0
1 66 62.0 1.0
62 64 15.0 142.0
7 64 154.0 14.0
57 14 45.0 73.0
36 47 36.0 115.0
15 57 175.0 130.0
16 51 26.0 37.0
63 9 82.0 19.0
59 13 170.0 144.0
37 48 130.0 137.0
23 42 164.0 84.0
55 15 145.0 9.0
6 62 103.0 133.0
62 9 71.0 79.0
55 17 94.0 49.0
10 62 118.0 176.0
31 36 25.0 88.0
21 51 41.0 107.0
10 61 118.0 157.0
38 32 138.0 16.0
52 19 121.0 41.0
41 31 31.0 144.0
34 36 130.0 125.0
63 62 8.0 48.0
35 57 86.0 185.0
33 41 145.0 79.0
33 37 147.0 16.0
16 49 54.0 85.0
34 51 155.0 175.0
27 46 140.0 186.0
12 59 79.0 22.0
56 16 43.0 39.0
20 46 177.0 129.0
12 60 163.0 74.0
45 26 8.0 110.0
31 40 160.0 63.0
54 47 24.0 115.0
56 17 127.0 116.0
41 60 80.0 6.0
27 55 25.0 123.0
18 56 197.0 2.0
17 57 19.0 112.0
67 6 146.0 180.0
58 8 146.0 58.0
62 14 199.0 171.0
43 29 142.0 78.0
3 64 92.0 174.0
68 3 162.0 118.0
52 41 77.0 159.0
33 39 173.0 48.0
45 16 118.0 71.0
23 50 113.0 64.0
56 19 32.0 64.0
68 56 109.0 126.0
64 6 167.0 154.0
39 41 61.0 129.0
24 50 150.0 138.0
44 29 12.0 75.0
7 68 143.0 130.0
20 59 81.0 56.0
51 57 65.0 65.0
52 20 147.0 174.0
60 14 50.0 114.0
5 68 1.0 111.0
55 19 50.0 103.0
8 64 108.0 62.0
7 67 55.0 3.0
64 52 129.0 88.0
49 30 99.0 194.0
49 45 139.0 47.0
66 30 1.0 189.0
42 50 144.0 2.0
30 45 148.0 195.0
64 54 15.0 8.0
59 33 197.0 70.0
31 43 11.0 126.0
57 18 7.0 111.0
49 67 89.0 99.0
64 11 84.0 43.0
40 34 52.0 29.0
12 42 42.0 0.0
30 46 187.0 58.0
52 21 100.0 136.0
7 62 54.0 112.0
28 47 127.0 62.0
43 19 12.0 168.0
62 16 151.0 97.0
39 37 64.0 3.0
37 38 87.0 106.0
15 60 42.0 27.0
54 68 140.0 142.0
13 62 64.0 194.0
66 10 170.0 191.0
11 61 27.0 183.0
6 68 132.0 178.0
30 35 12.0 148.0
61 17 54.0 51.0
40 36 72.0 96.0
40 32 124.0 164.0
47 30 131.0 188.0
66 11 89.0 53.0
17 44 15.0 68.0
26 52 26.0 100.0
12 62 69.0 38.0
20 54 131.0 75.0
46 28 66.0 155.0
56 57 16.0 190.0
67 10 46.0 99.0
53 19 3.0 87.0
59 18 58.0 18.0
45 32 37.0 84.0
64 36 174.0 58.0
33 44 189.0 57.0
42 62 76.0 56.0
8 68 164.0 45.0
48 27 136.0 162.0
22 56 39.0 91.0
17 62 15.0 97.0
15 62 99.0 52.0
67 11 29.0 26.0
5 44 157.0 19.0
20 55 133.0 185.0
53 24 51.0 97.0
24 57 24.0 139.0
16 61 75.0 63.0
50 25 73.0 90.0
42 36 6.0 125.0
50 28 104.0 36.0
60 18 35.0 13.0
16 59 107.0 120.0
54 24 156.0 158.0
61 18 148.0 180.0
13 64 22.0 23.0
41 51 154.0 47.0
54 27 69.0 113.0
32 43 166.0 125.0
21 59 190.0 1.0
20 58 117.0 49.0
57 23 25.0 25.0
43 28 187.0 125.0
28 51 110.0 161.0
32 57 79.0 65.0
54 63 112.0 100.0
57 19 187.0 78.0
18 63 52.0 129.0
21 57 148.0 121.0
12 67 44.0 126.0
55 23 59.0 183.0
67 8 71.0 169.0
14 65 94.0 103.0
33 46 195.0 6.0
45 31 96.0 182.0
23 51 77.0 100.0
68 12 180.0 178.0
62 18 26.0 177.0
44 57 12.0 85.0
33 47 66.0 83.0
42 47 109.0 160.0
66 12 123.0 105.0
37 43 80.0 171.0
52 28 145.0 157.0
35 47 167.0 125.0
66 17 51.0 193.0
30 52 24.0 63.0
66 14 29.0 90.0
53 28 27.0 139.0
36 37 28.0 102.0
38 42 186.0 108.0
58 26 143.0 83.0
63 14 0.0 62.0
32 48 78.0 3.0
38 41 74.0 102.0
24 56 2.0 55.0
44 36 67.0 181.0
24 58 178.0 47.0
17 64 110.0 116.0
62 19 181.0 5.0
25 55 24.0 182.0
22 58 113.0 55.0
61 38 73.0 139.0
36 45 0.0 27.0
39 40 35.0 19.0
23 52 7.0 13.0
31 44 50.0 117.0
40 42 43.0 31.0
60 62 66.0 19.0
49 33 59.0 179.0
61 19 190.0 132.0
25 56 110.0 142.0
55 26 66.0 145.0
57 26 106.0 73.0
43 40 27.0 156.0
53 30 105.0 70.0
62 8 160.0 123.0
41 68 100.0 19.0
23 59 142.0 90.0
51 32 133.0 4.0
45 37 79.0 199.0
63 16 158.0 185.0
46 35 129.0 185.0
53 60 137.0 186.0
65 27 12.0 49.0
15 64 42.0 112.0
60 23 137.0 137.0
33 52 37.0 70.0
30 42 8.0 116.0
53 29 109.0 118.0
51 40 179.0 191.0
39 44 159.0 68.0
34 43 108.0 123.0
35 49 62.0 151.0
49 25 33.0 199.0
27 50 129.0 71.0
42 41 89.0 137.0
14 68 91.0 151.0
57 27 126.0 70.0
56 27 63.0 37.0
32 54 147.0 171.0
33 67 43.0 9.0
25 57 0.0 28.0
36 48 178.0 129.0
55 29 136.0 20.0
66 19 90.0 27.0
62 59 88.0 16.0
49 34 198.0 103.0
25 58 66.0 145.0
62 68 168.0 61.0
28 54 3.0 120.0
23 61 84.0 133.0
27 58 46.0 172.0
31 53 141.0 88.0
24 28 142.0 182.0
26 46 26.0 140.0
68 17 14.0 44.0
42 44 117.0 134.0
17 67 88.0 120.0
60 26 26.0 124.0
20 66 187.0 24.0
8 13 1.0 129.0
29 57 29.0 143.0
20 64 109.0 8.0
53 34 171.0 123.0
20 65 57.0 88.0
67 20 70.0 97.0
32 55 76.0 48.0
54 50 68.0 64.0
62 50 154.0 69.0
31 55 156.0 135.0
41 43 75.0 65.0
25 62 162.0 46.0
66 21 164.0 171.0
61 25 163.0 186.0
66 18 62.0 192.0
31 54 93.0 130.0
62 61 113.0 199.0
45 42 14.0 69.0
19 59 34.0 89.0
46 43 177.0 196.0
59 27 19.0 93.0
32 49 180.0 134.0
39 43 23.0 42.0
15 67 191.0 68.0
35 38 138.0 104.0
68 27 41.0 104.0
65 21 40.0 76.0
55 33 53.0 169.0
54 33 131.0 24.0
21 60 58.0 64.0
60 29 27.0 33.0
68 19 156.0 19.0
61 24 180.0 46.0
51 37 166.0 22.0
22 64 127.0 7.0
52 34 66.0 132.0
58 29 134.0 150.0
31 52 160.0 144.0
1 60 104.0 187.0
54 37 104.0 60.0
15 68 139.0 37.0
50 36 57.0 106.0
45 38 183.0 184.0
33 51 185.0 50.0
52 35 196.0 71.0
18 64 38.0 156.0
28 62 128.0 94.0
63 56 40.0 185.0
52 39 127.0 132.0
22 67 142.0 136.0
35 54 0.0 125.0
36 54 119.0 137.0
68 24 197.0 116.0
17 65 26.0 188.0
62 20 127.0 155.0
46 44 107.0 167.0
67 40 99.0 35.0
60 33 48.0 41.0
47 41 138.0 49.0
60 31 29.0 58.0
33 56 28.0 179.0
63 27 23.0 55.0
37 49 143.0 150.0
48 41 72.0 50.0
55 35 114.0 171.0
23 64 157.0 163.0
62 30 32.0 96.0
25 66 154.0 14.0
43 47 86.0 182.0
24 67 65.0 61.0
54 39 109.0 8.0
35 53 106.0 181.0
48 43 57.0 20.0
52 36 55.0 15.0
29 65 2.0 39.0
31 57 153.0 156.0
34 54 62.0 39.0
57 42 135.0 128.0
33 48 49.0 45.0
65 28 196.0 107.0
35 56 103.0 53.0
64 29 163.0 110.0
30 57 52.0 117.0
66 23 106.0 5.0
30 61 147.0 168.0
48 45 114.0 83.0
57 37 84.0 164.0
59 32 141.0 80.0
54 42 167.0 197.0
25 59 190.0 130.0
38 55 165.0 42.0
37 58 187.0 23.0
29 61 95.0 87.0
63 32 129.0 9.0
62 27 156.0 13.0
42 55 100.0 50.0
42 49 38.0 67.0
59 35 68.0 28.0
25 48 20.0 185.0
32 53 20.0 160.0
65 30 143.0 115.0
29 48 67.0 24.0
46 49 151.0 175.0
44 50 168.0 51.0
40 49 35.0 158.0
61 48 121.0 103.0
41 53 137.0 141.0
24 66 199.0 157.0
67 29 21.0 95.0
53 38 102.0 40.0
36 57 145.0 5.0
38 60 122.0 65.0
64 27 52.0 109.0
32 62 77.0 173.0
34 62 52.0 14.0
28 55 125.0 3.0
41 54 47.0 98.0
36 59 31.0 102.0
39 57 156.0 129.0
46 53 148.0 30.0
31 64 85.0 153.0
47 48 155.0 162.0
31 66 18.0 7.0
43 50 198.0 95.0
56 42 183.0 198.0
45 51 95.0 15.0
28 66 28.0 52.0
36 55 13.0 128.0
43 53 77.0 50.0
65 34 153.0 185.0
46 37 145.0 171.0
30 68 169.0 95.0
52 45 48.0 152.0
58 33 57.0 96.0
51 46 58.0 85.0
63 38 60.0 23.0
52 50 7.0 138.0
56 43 84.0 112.0
36 61 175.0 181.0
37 50 18.0 96.0
60 35 67.0 67.0
50 53 183.0 124.0
41 61 101.0 193.0
28 61 126.0 162.0
47 52 32.0 85.0
34 63 194.0 68.0
51 42 192.0 121.0
25 64 152.0 10.0
39 62 186.0 19.0
65 32 111.0 121.0
36 65 136.0 13.0
36 58 77.0 62.0
52 49 2.0 62.0
39 58 34.0 148.0
35 64 114.0 26.0
46 58 57.0 66.0
32 68 67.0 195.0
66 34 191.0 178.0
38 62 171.0 127.0
47 50 145.0 49.0
47 59 138.0 99.0
44 56 181.0 125.0
31 65 61.0 95.0
39 53 15.0 71.0
55 39 132.0 82.0
42 63 71.0 123.0
38 57 74.0 43.0
41 59 186.0 20.0
59 44 156.0 77.0
63 30 93.0 138.0
47 57 102.0 107.0
41 55 146.0 117.0
33 68 132.0 78.0
58 38 15.0 3.0
31 50 102.0 42.0
54 49 5.0 40.0
65 39 109.0 162.0
31 68 129.0 2.0
39 49 32.0 31.0
53 51 84.0 130.0
46 52 110.0 16.0
32 64 24.0 126.0
48 44 68.0 126.0
59 39 19.0 74.0
57 43 107.0 128.0
37 66 77.0 188.0
48 56 184.0 62.0
45 63 18.0 68.0
56 51 20.0 129.0
62 47 33.0 44.0
47 53 13.0 54.0
65 37 29.0 184.0
56 50 60.0 88.0
47 61 44.0 89.0
40 66 120.0 28.0
66 43 153.0 138.0
63 44 196.0 174.0
65 47 57.0 181.0
45 62 38.0 22.0
50 59 183.0 19.0
31 56 20.0 195.0
43 62 185.0 64.0
44 54 36.0 105.0
54 55 130.0 190.0
67 35 97.0 78.0
59 56 83.0 107.0
66 47 162.0 73.0
60 52 8.0 98.0
67 46 136.0 180.0
57 52 71.0 73.0
41 64 87.0 107.0
64 45 45.0 169.0
36 66 4.0 94.0
57 53 58.0 39.0
66 42 19.0 172.0
54 56 157.0 28.0
67 47 150.0 94.0
49 59 151.0 21.0
64 38 128.0 191.0
51 61 48.0 125.0
44 65 123.0 4.0
57 55 56.0 133.0
55 58 114.0 75.0
41 65 148.0 71.0
45 68 77.0 50.0
54 59 39.0 181.0
58 59 187.0 167.0
52 63 148.0 187.0
54 60 140.0 71.0
45 53 143.0 196.0
56 62 94.0 57.0
53 56 199.0 194.0
66 48 35.0 29.0
66 39 125.0 74.0
30 64 170.0 113.0
45 66 5.0 119.0
66 50 31.0 145.0
49 65 65.0 174.0
54 66 101.0 111.0
46 66 111.0 53.0
47 49 18.0 147.0
56 52 178.0 143.0
54 58 108.0 100.0
57 60 57.0 65.0
63 51 117.0 40.0
64 57 127.0 182.0
66 60 111.0 28.0
50 63 51.0 23.0
55 63 159.0 69.0
67 56 166.0 137.0
62 52 138.0 75.0
55 62 75.0 147.0
56 49 112.0 192.0
30 20 104.0 191.0
61 59 73.0 16.0
66 56 121.0 125.0
53 67 160.0 80.0
36 39 37.0 79.0
67 63 17.0 127.0
41 58 102.0 93.0
61 60 120.0 166.0
60 65 87.0 25.0
56 65 135.0 161.0
50 30 49.0 56.0
32 66 96.0 161.0
57 67 115.0 85.0
67 59 145.0 132.0
53 64 158.0 47.0
68 49 83.0 78.0
28 4 53.0 170.0
42 59 184.0 141.0
63 65 58.0 185.0
50 64 193.0 106.0
54 53 38.0 108.0
48 62 99.0 183.0
64 60 89.0 57.0
7 3 23.0 172.0
61 64 143.0 28.0
27 66 52.0 128.0
48 64 5.0 110.0
48 54 56.0 199.0
66 63 66.0 94.0
65 62 175.0 165.0
55 61 110.0 64.0
64 65 157.0 133.0
61 58 14.0 100.0
45 67 2.0 66.0
67 60 162.0 8.0
39 68 7.0 18.0
62 11 23.0 26.0
64 46 104.0 150.0
63 61 132.0 15.0
60 68 39.0 89.0
65 52 146.0 54.0
59 55 168.0 148.0
36 62 1.0 130.0
67 50 86.0 9.0
38 16 107.0 109.0
34 68 48.0 163.0
67 68 133.0 180.0
62 66 93.0 124.0
43 60 133.0 191.0
61 54 156.0 101.0
41 56 116.0 157.0
66 65 98.0 2.0
68 20 84.0 157.0
63 46 51.0 132.0
66 59 34.0 136.0
2 47 97.0 79.0
62 51 42.0 30.0
67 61 11.0 150.0
51 68 199.0 79.0
43 65 132.0 49.0
68 65 122.0 16.0
46 60 34.0 174.0
52 55 52.0 20.0
65 50 115.0 101.0
65 54 85.0 157.0
0
