67 2211 20 34 108255
59 67 17.0 92.0
60 49 17.0 39.0
18 64 84.0 185.0
39 46 142.0 56.0
50 62 111.0 46.0
13 46 182.0 31.0
50 35 92.0 191.0
64 34 97.0 2.0
34 66 5.0 114.0
64 47 39.0 174.0
61 43 77.0 75.0
21 47 64.0 171.0
42 24 89.0 128.0
19 6 69.0 72.0
57 67 58.0 161.0
34 22 149.0 107.0
37 62 86.0 106.0
59 55 98.0 77.0
12 1 192.0 127.0
10 64 96.0 56.0
38 6 11.0 185.0
28 27 112.0 81.0
44 25 121.0 123.0
63 27 25.0 70.0
39 34 187.0 63.0
21 26 47.0 85.0
6 13 185.0 39.0
26 17 82.0 81.0
23 35 31.0 46.0
12 8 101.0 144.0
32 19 88.0 22.0
62 6 157.0 113.0
39 40 28.0 144.0
65 59 170.0 75.0
21 6 160.0 155.0
22 15 97.0 194.0
67 10 131.0 129.0
17 60 145.0 184.0
11 45 93.0 33.0
50 1 174.0 51.0
40 33 1.0 2.0
42 3 178.0 123.0
25 8 8.0 138.0
39 17 122.0 106.0
43 33 197.0 5.0
25 29 104.0 142.0
6 50 53.0 149.0
67 27 5.0 179.0
10 37 181.0 6.0
56 17 57.0 159.0
24 20 28.0 66.0
53 15 60.0 102.0
47 65 171.0 57.0
6 10 53.0 27.0
43 44 152.0 58.0
21 62 29.0 157.0
48 25 86.0 162.0
14 1 109.0 143.0
60 24 58.0 89.0
38 26 196.0 71.0
23 59 157.0 119.0
53 42 158.0 162.0
19 16 156.0 62.0
27 18 134.0 185.0
59 64 187.0 172.0
37 26 96.0 96.0
50 40 66.0 106.0
65 46 36.0 15.0
55 24 90.0 145.0
66 49 60.0 48.0
14 21 194.0 16.0
55 56 25.0 80.0
52 8 176.0 164.0
33 42 100.0 24.0
31 41 29.0 167.0
36 39 118.0 65.0
10 7 53.0 8.0
48 63 53.0 113.0
33 14 10.0 199.0
19 66 190.0 35.0
23 44 154.0 167.0
35 7 160.0 55.0
64 55 135.0 142.0
43 57 128.0 53.0
57 17 143.0 134.0
12 56 47.0 196.0
3 66 67.0 9.0
14 29 109.0 10.0
22 48 112.0 16.0
54 44 43.0 72.0
11 6 9.0 130.0
53 20 0.0 89.0
36 5 172.0 143.0
61 60 56.0 171.0
58 3 66.0 75.0
31 40 78.0 127.0
37 64 135.0 190.0
40 29 67.0 178.0
24 6 59.0 76.0
25 1 193.0 59.0
5 12 164.0 165.0
4 64 86.0 172.0
16 44 0.0 152.0
16 39 100.0 78.0
52 5 94.0 35.0
33 66 17.0 161.0
4 3 20.0 77.0
20 65 145.0 13.0
9 12 90.0 62.0
25 49 90.0 129.0
25 4 72.0 90.0
59 48 89.0 124.0
52 18 25.0 135.0
33 45 5.0 43.0
13 1 42.0 177.0
1 52 4.0 140.0
63 62 94.0 46.0
43 27 127.0 136.0
31 60 122.0 151.0
15 1 40.0 163.0
17 66 70.0 65.0
61 47 185.0 27.0
67 47 141.0 180.0
31 46 173.0 145.0
40 48 118.0 67.0
8 20 128.0 197.0
12 39 184.0 50.0
38 8 169.0 24.0
6 67 163.0 39.0
47 2 82.0 101.0
66 12 122.0 23.0
57 6 131.0 96.0
54 33 135.0 1.0
53 9 156.0 63.0
64 40 27.0 140.0
47 57 48.0 196.0
13 5 108.0 163.0
58 7 29.0 142.0
35 28 2.0 152.0
2 10 54.0 85.0
38 63 186.0 141.0
4 10 137.0 143.0
7 5 5.0 164.0
8 39 158.0 5.0
7 8 107.0 18.0
56 13 83.0 89.0
40 42 69.0 85.0
64 33 156.0 75.0
45 21 48.0 143.0
30 27 147.0 185.0
27 15 73.0 105.0
53 5 68.0 31.0
54 12 17.0 127.0
42 21 40.0 52.0
6 3 2.0 61.0
61 11 22.0 111.0
31 32 183.0 70.0
58 66 165.0 83.0
30 29 77.0 191.0
50 31 82.0 145.0
9 7 186.0 51.0
62 44 106.0 178.0
5 67 5.0 109.0
10 22 139.0 27.0
3 55 70.0 74.0
2 3 16.0 187.0
48 27 100.0 93.0
8 6 129.0 134.0
46 62 111.0 115.0
55 63 184.0 170.0
12 26 22.0 189.0
64 27 29.0 161.0
31 9 125.0 51.0
11 34 195.0 93.0
4 14 74.0 95.0
48 39 46.0 3.0
50 33 158.0 110.0
5 8 57.0 142.0
53 2 66.0 79.0
45 54 120.0 95.0
62 38 78.0 197.0
4 54 9.0 73.0
29 35 108.0 83.0
6 64 19.0 106.0
29 50 24.0 129.0
27 19 111.0 33.0
37 39 9.0 177.0
25 40 38.0 81.0
27 45 163.0 117.0
48 37 52.0 124.0
5 25 116.0 160.0
38 18 155.0 88.0
18 5 35.0 179.0
40 35 149.0 99.0
23 49 134.0 110.0
39 10 127.0 172.0
4 23 45.0 42.0
60 39 47.0 97.0
63 9 173.0 163.0
27 4 15.0 128.0
13 2 62.0 2.0
22 59 100.0 164.0
58 46 183.0 34.0
6 7 191.0 62.0
4 11 80.0 37.0
59 1 199.0 79.0
27 41 124.0 172.0
62 2 19.0 91.0
39 15 136.0 33.0
7 24 125.0 36.0
20 29 42.0 60.0
52 17 28.0 33.0
54 42 51.0 60.0
60 20 5.0 2.0
11 1 180.0 129.0
2 49 92.0 151.0
63 41 60.0 28.0
15 20 158.0 137.0
48 6 171.0 0.0
4 13 51.0 199.0
15 32 117.0 55.0
51 18 133.0 122.0
35 45 116.0 65.0
26 22 88.0 161.0
13 8 39.0 149.0
28 38 148.0 197.0
61 67 60.0 119.0
56 37 94.0 63.0
1 45 82.0 163.0
13 50 16.0 168.0
10 8 63.0 133.0
65 58 59.0 104.0
16 4 145.0 50.0
33 62 31.0 46.0
61 23 34.0 43.0
59 16 119.0 81.0
10 27 9.0 154.0
27 21 122.0 26.0
13 34 13.0 138.0
24 11 144.0 24.0
8 2 90.0 42.0
15 62 173.0 122.0
34 21 146.0 160.0
53 25 106.0 17.0
51 43 119.0 115.0
13 35 105.0 42.0
1 51 113.0 70.0
11 38 21.0 10.0
6 2 99.0 63.0
18 66 49.0 72.0
37 20 31.0 147.0
17 4 63.0 89.0
52 51 134.0 182.0
35 67 7.0 191.0
67 41 82.0 120.0
28 37 86.0 103.0
60 28 26.0 137.0
43 21 111.0 28.0
58 36 19.0 143.0
28 17 181.0 34.0
17 16 40.0 115.0
15 16 102.0 199.0
6 12 36.0 136.0
19 3 88.0 74.0
18 1 15.0 67.0
13 45 166.0 127.0
30 64 115.0 138.0
13 65 196.0 96.0
30 13 87.0 188.0
28 34 196.0 189.0
62 49 60.0 32.0
3 16 28.0 149.0
26 35 42.0 196.0
29 37 85.0 8.0
33 61 151.0 0.0
9 51 164.0 99.0
15 5 184.0 51.0
4 57 133.0 181.0
19 2 139.0 145.0
22 25 141.0 120.0
9 48 77.0 135.0
3 9 136.0 115.0
19 59 169.0 39.0
43 1 127.0 86.0
38 13 53.0 64.0
20 50 56.0 138.0
37 14 34.0 195.0
39 50 144.0 128.0
30 39 174.0 174.0
64 11 106.0 110.0
19 21 24.0 75.0
21 57 67.0 104.0
2 5 37.0 72.0
58 5 23.0 93.0
11 2 176.0 10.0
4 56 43.0 72.0
27 36 113.0 18.0
63 56 196.0 19.0
10 3 23.0 172.0
1 9 115.0 43.0
14 35 9.0 152.0
40 56 172.0 185.0
26 49 49.0 148.0
37 33 86.0 93.0
19 7 10.0 199.0
62 8 126.0 6.0
39 20 129.0 149.0
25 35 4.0 44.0
15 2 138.0 13.0
46 6 86.0 62.0
54 29 78.0 136.0
11 28 105.0 117.0
34 5 83.0 116.0
30 54 8.0 9.0
7 11 13.0 89.0
31 6 67.0 17.0
63 44 178.0 157.0
5 11 126.0 64.0
51 10 116.0 157.0
54 62 73.0 173.0
66 32 85.0 157.0
36 29 121.0 45.0
2 12 189.0 86.0
8 56 100.0 8.0
33 13 171.0 78.0
35 38 119.0 97.0
47 9 77.0 187.0
1 4 79.0 150.0
51 34 70.0 164.0
13 41 111.0 191.0
43 47 116.0 52.0
35 48 123.0 168.0
60 47 164.0 94.0
34 65 189.0 35.0
6 41 135.0 18.0
43 16 89.0 14.0
66 39 14.0 159.0
12 36 141.0 126.0
15 40 170.0 9.0
37 58 18.0 93.0
54 47 70.0 135.0
61 17 138.0 12.0
58 62 184.0 73.0
27 34 188.0 73.0
6 52 14.0 2.0
37 17 171.0 155.0
5 4 2.0 141.0
7 13 22.0 173.0
62 27 114.0 45.0
43 22 127.0 53.0
6 15 47.0 111.0
28 56 88.0 35.0
57 20 111.0 102.0
7 15 33.0 34.0
62 28 172.0 35.0
43 6 144.0 147.0
32 3 51.0 10.0
41 45 144.0 130.0
17 3 60.0 191.0
44 49 155.0 100.0
19 46 142.0 18.0
49 54 43.0 175.0
14 48 148.0 167.0
54 51 143.0 92.0
3 18 11.0 146.0
12 16 12.0 156.0
4 47 105.0 24.0
29 62 198.0 60.0
58 39 195.0 92.0
25 64 117.0 38.0
61 3 56.0 66.0
3 53 131.0 152.0
3 57 84.0 94.0
5 47 198.0 96.0
5 16 132.0 56.0
4 15 28.0 82.0
6 1 133.0 24.0
14 34 126.0 51.0
53 11 93.0 183.0
1 8 145.0 176.0
58 25 161.0 29.0
5 44 127.0 111.0
39 41 100.0 59.0
3 5 135.0 128.0
2 44 12.0 20.0
11 9 187.0 138.0
36 8 120.0 32.0
26 11 42.0 65.0
9 10 104.0 155.0
10 5 178.0 31.0
16 1 22.0 78.0
56 45 154.0 109.0
22 33 182.0 118.0
59 25 45.0 121.0
21 3 138.0 117.0
7 2 193.0 132.0
31 19 8.0 49.0
51 49 92.0 186.0
19 12 113.0 66.0
56 59 189.0 19.0
23 1 9.0 123.0
42 19 76.0 7.0
30 67 113.0 166.0
5 22 191.0 59.0
40 36 92.0 199.0
18 10 167.0 184.0
20 1 80.0 81.0
14 8 186.0 69.0
39 11 184.0 147.0
46 33 141.0 12.0
1 21 90.0 6.0
54 31 16.0 33.0
20 5 67.0 108.0
66 27 76.0 34.0
14 7 177.0 156.0
17 48 158.0 115.0
58 40 112.0 94.0
6 36 0.0 53.0
17 2 66.0 90.0
14 62 51.0 34.0
51 13 183.0 118.0
56 32 91.0 11.0
26 14 44.0 20.0
61 48 19.0 154.0
20 46 166.0 131.0
31 47 47.0 166.0
47 53 74.0 65.0
48 67 96.0 126.0
12 52 85.0 31.0
33 65 178.0 176.0
11 25 58.0 174.0
6 5 80.0 29.0
8 9 188.0 199.0
5 28 94.0 35.0
31 39 114.0 169.0
38 50 144.0 10.0
34 55 49.0 29.0
7 3 198.0 179.0
32 24 36.0 8.0
36 56 12.0 69.0
17 1 47.0 152.0
53 1 167.0 93.0
39 29 142.0 81.0
10 1 57.0 38.0
5 56 122.0 106.0
13 52 83.0 72.0
1 7 25.0 119.0
6 40 19.0 37.0
65 18 50.0 18.0
18 23 71.0 17.0
52 26 139.0 165.0
43 20 29.0 196.0
25 16 1.0 103.0
67 37 34.0 84.0
54 28 78.0 59.0
18 4 160.0 49.0
21 33 69.0 10.0
55 15 160.0 92.0
57 56 126.0 52.0
25 56 36.0 107.0
22 46 50.0 189.0
15 18 195.0 84.0
45 12 180.0 25.0
15 56 180.0 141.0
38 25 79.0 1.0
39 14 66.0 192.0
2 14 67.0 192.0
4 2 3.0 55.0
49 12 48.0 6.0
29 5 1.0 195.0
17 58 177.0 134.0
46 28 195.0 110.0
52 54 14.0 27.0
12 3 11.0 32.0
34 61 115.0 78.0
13 54 138.0 71.0
65 35 150.0 187.0
39 4 153.0 104.0
62 67 57.0 131.0
44 18 43.0 5.0
21 13 13.0 9.0
33 53 122.0 25.0
63 1 95.0 37.0
20 4 22.0 34.0
8 59 105.0 125.0
12 10 166.0 10.0
26 53 84.0 176.0
20 35 191.0 79.0
47 14 168.0 4.0
16 34 54.0 90.0
52 60 82.0 149.0
34 53 77.0 104.0
61 1 72.0 182.0
20 2 181.0 190.0
23 57 173.0 17.0
24 66 112.0 164.0
29 10 77.0 80.0
44 41 91.0 131.0
51 21 94.0 173.0
24 22 180.0 171.0
23 27 173.0 4.0
14 11 137.0 155.0
23 3 109.0 110.0
14 3 167.0 173.0
20 14 97.0 44.0
54 25 82.0 188.0
4 19 80.0 128.0
4 22 1.0 12.0
19 24 57.0 175.0
57 31 173.0 146.0
50 11 84.0 34.0
20 41 182.0 3.0
54 18 46.0 31.0
6 17 87.0 81.0
15 11 75.0 167.0
55 23 19.0 28.0
46 16 113.0 28.0
63 37 148.0 38.0
64 38 171.0 32.0
11 41 103.0 106.0
16 6 163.0 149.0
10 13 145.0 50.0
18 6 53.0 172.0
63 64 3.0 73.0
12 38 98.0 68.0
24 54 164.0 46.0
41 48 68.0 88.0
38 7 53.0 171.0
62 17 96.0 168.0
62 30 47.0 42.0
3 41 194.0 101.0
37 16 28.0 149.0
53 46 56.0 126.0
33 8 159.0 172.0
5 31 123.0 180.0
54 20 42.0 176.0
36 31 32.0 138.0
11 52 7.0 79.0
43 64 66.0 154.0
12 32 38.0 94.0
11 49 53.0 46.0
12 4 154.0 12.0
50 21 37.0 78.0
41 21 176.0 79.0
7 16 170.0 8.0
16 11 97.0 129.0
6 20 183.0 164.0
16 54 116.0 21.0
11 12 183.0 169.0
15 8 116.0 138.0
3 52 126.0 154.0
5 54 77.0 54.0
59 24 2.0 47.0
29 24 179.0 51.0
12 7 103.0 162.0
11 20 113.0 19.0
1 24 40.0 96.0
19 8 0.0 108.0
54 43 177.0 78.0
30 58 51.0 54.0
10 14 2.0 5.0
54 50 195.0 182.0
6 14 2.0 99.0
34 46 186.0 67.0
61 14 181.0 178.0
16 31 153.0 181.0
6 61 101.0 130.0
51 24 91.0 105.0
2 23 21.0 93.0
24 61 96.0 17.0
8 17 108.0 98.0
16 9 197.0 46.0
53 18 32.0 178.0
65 29 117.0 185.0
39 13 114.0 171.0
54 61 90.0 5.0
35 43 58.0 64.0
54 63 106.0 106.0
61 49 39.0 14.0
9 14 156.0 37.0
61 32 53.0 189.0
11 43 49.0 171.0
6 49 46.0 115.0
42 41 108.0 88.0
2 22 153.0 118.0
5 17 86.0 59.0
3 47 55.0 78.0
6 42 27.0 12.0
22 1 113.0 32.0
2 21 73.0 115.0
4 9 19.0 71.0
60 5 178.0 80.0
31 48 98.0 131.0
52 24 108.0 136.0
13 3 156.0 163.0
43 55 68.0 135.0
23 48 112.0 133.0
31 62 125.0 137.0
4 24 38.0 96.0
44 65 33.0 16.0
46 8 54.0 131.0
20 7 112.0 162.0
45 42 20.0 68.0
30 15 37.0 88.0
8 11 151.0 149.0
3 8 157.0 76.0
9 18 17.0 195.0
18 25 180.0 50.0
9 17 7.0 34.0
8 58 92.0 119.0
12 13 183.0 112.0
3 15 123.0 172.0
23 32 100.0 75.0
16 13 161.0 9.0
7 67 82.0 178.0
24 8 133.0 62.0
26 4 172.0 140.0
3 60 127.0 65.0
60 19 46.0 62.0
26 43 160.0 169.0
24 34 174.0 12.0
21 35 80.0 135.0
24 5 96.0 162.0
18 22 64.0 181.0
34 43 79.0 36.0
52 66 82.0 7.0
15 14 17.0 128.0
42 35 117.0 129.0
18 8 98.0 43.0
15 13 91.0 131.0
3 49 193.0 139.0
20 19 152.0 57.0
61 45 125.0 32.0
61 26 186.0 7.0
42 23 69.0 155.0
10 19 136.0 138.0
45 67 139.0 35.0
59 26 108.0 182.0
9 13 186.0 53.0
42 8 34.0 138.0
2 51 110.0 159.0
26 33 126.0 48.0
55 8 144.0 147.0
67 14 16.0 81.0
13 62 36.0 107.0
18 2 149.0 96.0
45 64 3.0 87.0
4 32 70.0 189.0
15 65 14.0 133.0
48 55 121.0 140.0
13 24 128.0 18.0
37 46 48.0 145.0
57 12 105.0 84.0
34 36 8.0 6.0
49 37 92.0 164.0
1 66 124.0 114.0
14 22 121.0 90.0
27 12 118.0 194.0
24 3 98.0 46.0
22 3 182.0 98.0
6 22 98.0 39.0
9 33 147.0 58.0
19 40 116.0 191.0
19 9 134.0 192.0
35 39 38.0 55.0
17 10 87.0 156.0
27 3 77.0 137.0
37 59 102.0 12.0
15 34 187.0 0.0
16 63 93.0 86.0
53 19 161.0 9.0
17 11 191.0 95.0
7 18 102.0 29.0
25 23 69.0 141.0
10 16 46.0 99.0
2 1 138.0 100.0
51 12 164.0 77.0
24 33 143.0 57.0
1 19 79.0 56.0
3 25 10.0 22.0
26 55 61.0 64.0
27 22 137.0 130.0
49 1 54.0 135.0
18 46 7.0 144.0
7 55 198.0 123.0
27 1 130.0 141.0
35 55 76.0 161.0
44 48 59.0 38.0
21 8 33.0 120.0
51 22 49.0 122.0
40 62 124.0 103.0
57 32 133.0 131.0
36 25 159.0 83.0
42 32 42.0 41.0
26 1 180.0 119.0
25 61 77.0 39.0
23 51 177.0 110.0
22 62 145.0 27.0
56 53 40.0 70.0
34 8 152.0 125.0
33 51 99.0 64.0
33 15 63.0 141.0
59 62 198.0 43.0
6 44 38.0 27.0
44 11 59.0 16.0
5 55 70.0 4.0
57 26 8.0 110.0
51 29 140.0 160.0
12 65 85.0 191.0
30 20 142.0 149.0
9 21 123.0 92.0
51 26 76.0 161.0
53 64 36.0 87.0
2 16 50.0 106.0
16 14 98.0 58.0
2 27 105.0 190.0
8 23 181.0 191.0
10 21 19.0 123.0
19 5 119.0 94.0
32 1 48.0 148.0
60 21 61.0 36.0
55 54 150.0 63.0
23 47 21.0 48.0
19 65 95.0 126.0
10 30 46.0 76.0
26 5 102.0 17.0
2 29 4.0 21.0
50 10 160.0 4.0
22 8 140.0 173.0
26 18 0.0 90.0
64 39 10.0 173.0
36 10 110.0 105.0
57 55 34.0 109.0
9 58 2.0 136.0
45 58 165.0 7.0
67 4 92.0 125.0
43 52 44.0 33.0
2 30 102.0 44.0
1 64 48.0 64.0
24 16 142.0 111.0
20 51 188.0 176.0
41 4 192.0 190.0
11 47 158.0 157.0
1 62 21.0 51.0
47 22 124.0 18.0
51 8 126.0 178.0
6 23 53.0 174.0
2 9 68.0 195.0
13 18 108.0 8.0
1 30 163.0 100.0
23 7 117.0 122.0
31 64 129.0 91.0
18 32 120.0 54.0
30 3 107.0 198.0
45 23 192.0 112.0
23 11 20.0 13.0
22 9 171.0 80.0
3 20 177.0 87.0
59 18 187.0 46.0
14 60 47.0 116.0
41 22 26.0 119.0
25 17 182.0 85.0
39 61 157.0 175.0
5 21 192.0 129.0
64 14 38.0 116.0
37 23 84.0 167.0
40 60 2.0 23.0
53 32 157.0 1.0
14 12 17.0 135.0
27 7 137.0 152.0
55 49 28.0 47.0
13 61 132.0 21.0
25 51 32.0 170.0
22 7 8.0 68.0
18 55 62.0 10.0
36 63 46.0 19.0
42 34 26.0 16.0
45 10 147.0 115.0
26 8 170.0 127.0
59 61 29.0 102.0
12 21 129.0 61.0
6 47 169.0 89.0
34 7 157.0 183.0
2 54 98.0 156.0
37 4 38.0 76.0
4 21 43.0 137.0
66 50 45.0 13.0
3 29 2.0 74.0
14 31 159.0 84.0
13 11 142.0 80.0
16 8 39.0 51.0
4 6 81.0 89.0
5 14 127.0 119.0
9 20 63.0 170.0
13 57 189.0 108.0
23 21 47.0 144.0
1 46 141.0 6.0
58 48 82.0 35.0
48 15 74.0 74.0
14 13 82.0 155.0
39 9 190.0 9.0
22 20 10.0 5.0
26 25 70.0 152.0
45 16 172.0 70.0
11 22 133.0 65.0
2 24 122.0 168.0
13 17 90.0 196.0
7 26 190.0 172.0
18 16 163.0 132.0
10 15 181.0 126.0
38 41 153.0 4.0
6 30 154.0 77.0
51 47 122.0 87.0
18 14 40.0 196.0
28 8 159.0 82.0
4 61 26.0 101.0
28 7 55.0 141.0
9 34 126.0 188.0
7 31 71.0 31.0
14 19 25.0 25.0
67 60 104.0 99.0
52 46 74.0 96.0
22 12 137.0 185.0
41 26 174.0 115.0
21 31 44.0 181.0
65 26 21.0 122.0
19 15 37.0 45.0
57 9 122.0 14.0
18 37 112.0 26.0
32 64 153.0 186.0
45 40 38.0 90.0
65 6 82.0 165.0
53 29 137.0 126.0
5 23 135.0 111.0
6 9 120.0 172.0
28 66 66.0 194.0
52 29 163.0 178.0
10 23 100.0 116.0
24 67 0.0 139.0
22 42 129.0 34.0
11 19 23.0 18.0
60 27 18.0 158.0
29 7 64.0 90.0
22 40 23.0 82.0
24 10 153.0 186.0
50 14 71.0 53.0
13 31 81.0 23.0
22 49 155.0 10.0
1 28 83.0 178.0
59 31 147.0 53.0
3 31 142.0 163.0
20 27 85.0 165.0
33 1 41.0 190.0
47 24 124.0 64.0
18 11 92.0 5.0
4 7 68.0 199.0
5 30 161.0 151.0
28 9 187.0 109.0
17 12 127.0 129.0
63 67 135.0 164.0
31 2 60.0 177.0
49 39 145.0 136.0
10 66 179.0 190.0
17 20 160.0 48.0
7 25 184.0 73.0
4 66 55.0 124.0
4 28 133.0 134.0
55 13 106.0 20.0
38 59 162.0 166.0
5 27 24.0 59.0
33 2 161.0 4.0
12 34 62.0 73.0
17 14 111.0 198.0
9 15 40.0 167.0
62 57 84.0 125.0
3 1 12.0 190.0
60 35 38.0 126.0
22 13 112.0 62.0
4 31 82.0 73.0
14 66 74.0 144.0
20 10 173.0 185.0
41 28 49.0 165.0
9 26 14.0 133.0
55 51 187.0 178.0
36 35 147.0 177.0
6 25 182.0 11.0
46 64 80.0 65.0
18 12 27.0 154.0
29 22 74.0 152.0
49 65 106.0 123.0
1 54 156.0 120.0
37 11 116.0 143.0
62 20 199.0 16.0
35 30 74.0 181.0
44 3 46.0 154.0
15 38 16.0 73.0
21 15 101.0 90.0
32 33 112.0 160.0
28 3 59.0 69.0
34 54 39.0 128.0
15 12 53.0 38.0
35 5 187.0 127.0
26 2 82.0 186.0
44 37 199.0 99.0
4 59 85.0 53.0
41 14 34.0 198.0
37 36 129.0 46.0
22 57 20.0 168.0
1 34 145.0 73.0
10 11 53.0 85.0
29 1 32.0 136.0
58 29 120.0 184.0
20 64 36.0 157.0
9 27 199.0 22.0
30 32 158.0 128.0
21 48 168.0 130.0
30 7 139.0 66.0
34 50 94.0 192.0
54 10 104.0 127.0
55 20 92.0 176.0
25 10 54.0 80.0
28 36 168.0 53.0
1 37 21.0 126.0
34 4 191.0 190.0
51 46 121.0 130.0
28 26 133.0 15.0
32 6 70.0 189.0
61 12 9.0 114.0
35 3 93.0 63.0
67 21 76.0 61.0
7 54 34.0 49.0
58 22 160.0 177.0
14 25 110.0 81.0
6 28 88.0 43.0
61 31 5.0 111.0
59 13 3.0 14.0
44 64 125.0 96.0
3 34 102.0 1.0
39 45 45.0 88.0
35 4 193.0 158.0
25 12 57.0 104.0
13 66 88.0 98.0
19 18 35.0 93.0
60 7 110.0 38.0
3 46 140.0 35.0
3 33 46.0 42.0
31 20 185.0 44.0
24 9 71.0 130.0
27 37 186.0 81.0
36 15 170.0 74.0
15 24 78.0 158.0
63 22 20.0 189.0
67 34 32.0 160.0
36 2 4.0 79.0
12 46 33.0 189.0
33 4 22.0 56.0
43 58 96.0 160.0
11 21 160.0 18.0
39 1 36.0 39.0
13 26 8.0 8.0
59 40 17.0 193.0
32 7 161.0 21.0
2 38 176.0 146.0
44 29 44.0 150.0
25 13 160.0 140.0
49 53 107.0 121.0
44 60 60.0 143.0
35 57 144.0 20.0
29 9 147.0 162.0
2 34 136.0 60.0
25 2 84.0 64.0
21 16 4.0 128.0
21 24 79.0 165.0
26 54 113.0 186.0
10 26 90.0 173.0
1 58 8.0 34.0
12 20 197.0 107.0
55 27 182.0 133.0
35 58 37.0 18.0
14 23 147.0 42.0
66 7 144.0 26.0
60 18 147.0 10.0
29 66 183.0 189.0
8 27 41.0 143.0
63 49 56.0 38.0
8 31 94.0 190.0
38 51 190.0 83.0
19 17 24.0 137.0
45 49 185.0 120.0
66 56 79.0 84.0
26 3 99.0 14.0
37 2 21.0 140.0
38 3 176.0 29.0
30 59 31.0 22.0
42 57 37.0 22.0
28 14 124.0 13.0
21 18 108.0 61.0
26 50 34.0 140.0
56 26 172.0 133.0
27 11 71.0 193.0
18 61 114.0 48.0
52 33 76.0 146.0
39 52 64.0 65.0
17 22 59.0 140.0
12 24 28.0 119.0
62 5 23.0 62.0
31 10 30.0 147.0
29 23 82.0 101.0
16 28 13.0 148.0
32 5 52.0 41.0
27 6 198.0 68.0
16 36 149.0 9.0
14 27 13.0 177.0
2 32 10.0 188.0
57 27 64.0 40.0
3 36 48.0 98.0
53 57 119.0 61.0
45 7 60.0 123.0
25 9 147.0 58.0
44 51 18.0 97.0
30 11 191.0 32.0
28 61 61.0 1.0
1 38 89.0 77.0
9 65 82.0 138.0
4 62 20.0 153.0
11 29 168.0 80.0
13 20 125.0 68.0
5 9 9.0 95.0
23 12 113.0 152.0
13 23 112.0 174.0
64 28 34.0 154.0
42 55 155.0 68.0
66 20 2.0 127.0
24 14 70.0 170.0
42 39 112.0 147.0
42 17 99.0 121.0
27 13 126.0 12.0
54 64 79.0 39.0
24 23 123.0 65.0
32 8 32.0 30.0
56 67 5.0 34.0
4 36 168.0 28.0
18 17 55.0 32.0
23 50 45.0 106.0
17 21 110.0 171.0
19 41 152.0 189.0
13 48 144.0 75.0
8 30 48.0 129.0
8 29 132.0 53.0
52 28 172.0 52.0
16 22 83.0 179.0
6 53 120.0 128.0
8 63 117.0 30.0
53 48 26.0 21.0
28 58 166.0 122.0
23 15 121.0 14.0
21 46 191.0 54.0
6 29 166.0 115.0
27 42 84.0 1.0
44 52 39.0 4.0
11 31 52.0 108.0
11 46 135.0 78.0
15 26 133.0 101.0
34 33 123.0 6.0
28 10 43.0 67.0
30 52 166.0 161.0
23 17 112.0 2.0
56 64 131.0 103.0
27 32 55.0 135.0
38 4 119.0 190.0
14 42 75.0 4.0
7 43 100.0 199.0
2 60 94.0 144.0
44 42 133.0 12.0
6 34 17.0 198.0
1 35 71.0 148.0
23 19 6.0 78.0
23 16 121.0 125.0
21 22 173.0 196.0
25 57 116.0 74.0
17 27 70.0 163.0
30 42 48.0 155.0
2 40 68.0 65.0
2 41 24.0 92.0
11 58 4.0 30.0
39 2 102.0 125.0
29 4 82.0 76.0
63 4 90.0 151.0
59 39 99.0 112.0
3 37 136.0 99.0
35 9 84.0 4.0
29 13 37.0 108.0
4 30 10.0 41.0
66 64 35.0 112.0
2 66 164.0 70.0
9 32 66.0 55.0
3 39 128.0 166.0
58 26 113.0 16.0
11 32 121.0 149.0
22 19 40.0 158.0
41 30 98.0 50.0
43 15 61.0 86.0
33 7 50.0 177.0
25 32 16.0 116.0
18 20 139.0 96.0
64 13 90.0 4.0
30 12 107.0 12.0
63 35 168.0 148.0
36 1 191.0 67.0
40 44 73.0 4.0
2 35 142.0 75.0
40 7 70.0 158.0
45 3 182.0 10.0
17 15 5.0 72.0
37 34 140.0 113.0
28 12 81.0 109.0
34 59 133.0 24.0
52 40 46.0 158.0
48 42 81.0 140.0
65 42 154.0 152.0
44 1 176.0 88.0
33 11 105.0 181.0
10 32 156.0 45.0
60 50 127.0 37.0
58 20 115.0 60.0
9 41 158.0 113.0
32 46 179.0 39.0
20 26 160.0 86.0
28 15 90.0 88.0
31 12 85.0 147.0
26 6 79.0 193.0
2 28 133.0 158.0
44 10 88.0 49.0
67 42 191.0 46.0
38 48 71.0 171.0
33 6 190.0 31.0
14 57 71.0 32.0
32 36 161.0 108.0
10 34 175.0 192.0
41 54 129.0 108.0
17 24 62.0 17.0
16 20 192.0 53.0
55 2 34.0 63.0
4 40 169.0 176.0
14 30 11.0 40.0
6 63 16.0 172.0
29 42 86.0 143.0
45 52 141.0 15.0
19 37 137.0 3.0
43 29 5.0 129.0
30 60 171.0 191.0
31 29 62.0 92.0
42 4 21.0 74.0
5 37 185.0 190.0
35 6 87.0 71.0
17 38 51.0 181.0
18 24 128.0 188.0
22 23 131.0 134.0
39 6 159.0 54.0
16 27 174.0 173.0
57 16 166.0 196.0
49 47 65.0 151.0
30 17 161.0 105.0
2 43 142.0 12.0
13 19 168.0 70.0
9 37 189.0 51.0
51 67 175.0 100.0
36 9 137.0 150.0
21 25 71.0 55.0
35 22 59.0 89.0
17 36 99.0 20.0
38 5 54.0 41.0
12 41 111.0 22.0
5 42 198.0 101.0
47 1 37.0 126.0
3 59 149.0 126.0
47 55 66.0 172.0
27 54 73.0 125.0
5 40 191.0 173.0
25 20 171.0 46.0
29 16 147.0 35.0
39 7 80.0 145.0
10 35 117.0 118.0
20 52 129.0 66.0
40 8 118.0 195.0
35 11 163.0 143.0
9 30 157.0 155.0
1 41 9.0 129.0
28 31 171.0 156.0
42 59 141.0 52.0
28 19 129.0 58.0
31 17 48.0 58.0
3 43 23.0 118.0
42 2 2.0 186.0
53 16 61.0 111.0
35 52 172.0 23.0
15 67 160.0 143.0
58 12 15.0 54.0
21 28 92.0 96.0
37 6 112.0 140.0
37 8 143.0 135.0
16 26 3.0 97.0
5 43 165.0 17.0
48 65 110.0 137.0
19 26 61.0 22.0
30 18 154.0 76.0
61 65 186.0 46.0
5 39 95.0 98.0
20 23 174.0 38.0
38 34 177.0 130.0
25 24 98.0 143.0
63 47 62.0 160.0
31 24 198.0 123.0
39 28 152.0 152.0
12 35 106.0 90.0
49 48 190.0 1.0
18 29 184.0 116.0
4 58 176.0 113.0
56 50 36.0 75.0
47 32 154.0 51.0
33 17 30.0 152.0
11 36 153.0 134.0
50 8 47.0 59.0
5 46 91.0 189.0
17 55 83.0 27.0
34 17 1.0 60.0
2 45 38.0 38.0
44 28 45.0 192.0
33 41 93.0 27.0
29 17 64.0 199.0
4 45 56.0 111.0
1 42 179.0 147.0
19 30 13.0 62.0
28 13 15.0 167.0
36 51 140.0 53.0
48 2 13.0 137.0
48 1 152.0 59.0
22 28 120.0 16.0
33 12 43.0 128.0
66 37 193.0 22.0
50 61 19.0 6.0
37 7 177.0 35.0
16 33 80.0 117.0
38 9 37.0 46.0
59 43 151.0 142.0
7 62 183.0 71.0
32 16 25.0 27.0
44 21 131.0 18.0
31 45 102.0 151.0
59 44 137.0 79.0
23 26 121.0 17.0
38 65 124.0 110.0
17 32 35.0 27.0
25 63 57.0 19.0
30 16 181.0 82.0
18 31 86.0 112.0
52 42 36.0 140.0
29 12 84.0 173.0
37 12 73.0 157.0
61 56 79.0 149.0
5 33 35.0 114.0
8 35 182.0 44.0
46 4 131.0 163.0
30 28 113.0 169.0
17 7 148.0 150.0
41 7 199.0 184.0
15 25 177.0 24.0
30 21 81.0 56.0
27 24 81.0 68.0
37 15 91.0 63.0
29 19 26.0 22.0
8 43 48.0 91.0
45 60 132.0 149.0
3 40 87.0 83.0
28 18 140.0 16.0
21 20 86.0 21.0
13 32 155.0 167.0
35 18 199.0 198.0
10 33 13.0 25.0
47 19 17.0 14.0
19 25 179.0 149.0
28 20 179.0 19.0
40 11 77.0 119.0
52 49 159.0 163.0
37 13 142.0 66.0
40 9 72.0 142.0
27 51 2.0 37.0
45 6 147.0 171.0
28 23 71.0 78.0
24 26 102.0 50.0
42 25 49.0 179.0
30 22 52.0 160.0
45 46 88.0 194.0
43 9 32.0 160.0
63 30 92.0 186.0
62 48 23.0 191.0
65 64 191.0 94.0
23 43 60.0 93.0
41 8 137.0 61.0
40 10 142.0 189.0
45 8 146.0 182.0
35 17 128.0 130.0
22 31 148.0 21.0
7 44 158.0 172.0
42 9 58.0 149.0
48 3 38.0 118.0
45 65 136.0 176.0
41 10 105.0 78.0
44 4 174.0 51.0
36 13 150.0 102.0
20 33 178.0 98.0
26 40 74.0 88.0
29 21 108.0 84.0
52 2 155.0 147.0
14 32 88.0 91.0
40 12 94.0 193.0
22 67 41.0 68.0
13 40 82.0 191.0
36 18 190.0 12.0
21 32 105.0 16.0
44 8 179.0 13.0
22 65 39.0 134.0
3 54 180.0 79.0
15 35 34.0 74.0
30 36 103.0 27.0
28 25 118.0 185.0
42 11 76.0 108.0
22 32 94.0 181.0
58 13 82.0 73.0
4 48 198.0 73.0
47 8 38.0 178.0
18 33 199.0 24.0
1 31 19.0 54.0
45 50 34.0 89.0
52 53 40.0 110.0
40 38 101.0 86.0
51 30 1.0 135.0
22 39 162.0 199.0
41 50 42.0 0.0
50 3 185.0 193.0
49 4 51.0 156.0
46 9 180.0 85.0
2 50 70.0 172.0
56 20 85.0 123.0
66 5 147.0 86.0
60 56 35.0 109.0
38 31 54.0 77.0
28 24 66.0 39.0
42 10 59.0 117.0
9 60 140.0 39.0
61 10 198.0 163.0
34 20 98.0 83.0
52 4 67.0 45.0
31 25 128.0 102.0
26 27 4.0 182.0
63 29 126.0 70.0
59 28 18.0 186.0
46 7 148.0 111.0
50 28 164.0 146.0
29 26 161.0 62.0
9 45 64.0 181.0
47 42 84.0 192.0
50 4 72.0 41.0
24 30 78.0 199.0
19 36 49.0 96.0
19 33 8.0 197.0
40 1 50.0 172.0
19 34 30.0 11.0
12 42 116.0 94.0
44 24 195.0 152.0
26 31 121.0 19.0
50 9 164.0 199.0
63 31 22.0 13.0
48 7 144.0 30.0
55 21 136.0 194.0
46 66 92.0 118.0
67 64 130.0 160.0
18 34 71.0 77.0
56 18 19.0 192.0
9 44 175.0 135.0
49 7 197.0 197.0
51 5 121.0 142.0
32 29 179.0 57.0
19 38 197.0 23.0
61 21 47.0 127.0
42 7 9.0 118.0
35 16 121.0 180.0
8 4 43.0 96.0
42 28 126.0 41.0
22 54 110.0 47.0
32 44 118.0 41.0
53 4 125.0 115.0
40 16 150.0 172.0
50 7 53.0 112.0
49 5 109.0 175.0
46 10 175.0 152.0
31 58 93.0 101.0
42 15 152.0 155.0
57 1 141.0 70.0
20 32 115.0 18.0
43 13 131.0 18.0
51 4 88.0 184.0
3 56 134.0 149.0
16 38 52.0 110.0
28 29 128.0 145.0
5 45 173.0 32.0
46 61 166.0 114.0
31 23 122.0 33.0
2 56 12.0 53.0
23 30 156.0 52.0
40 14 132.0 90.0
67 40 55.0 184.0
30 38 180.0 183.0
33 23 88.0 105.0
22 36 12.0 54.0
12 63 84.0 135.0
25 33 25.0 96.0
11 63 128.0 181.0
13 42 110.0 60.0
1 55 44.0 166.0
30 26 14.0 176.0
51 6 42.0 102.0
30 46 109.0 7.0
18 40 192.0 193.0
17 40 13.0 17.0
48 54 148.0 93.0
25 27 54.0 58.0
34 23 181.0 98.0
39 19 99.0 147.0
14 44 159.0 93.0
23 36 164.0 68.0
48 5 29.0 156.0
17 41 100.0 194.0
19 35 2.0 48.0
49 9 47.0 56.0
18 50 65.0 180.0
12 67 135.0 116.0
27 56 97.0 47.0
25 60 104.0 61.0
51 3 87.0 133.0
29 27 172.0 187.0
35 24 63.0 174.0
43 14 81.0 62.0
49 10 118.0 98.0
41 5 108.0 5.0
1 56 85.0 5.0
43 17 1.0 190.0
52 48 83.0 88.0
43 10 25.0 55.0
37 24 61.0 40.0
27 33 150.0 94.0
49 8 123.0 68.0
36 20 86.0 32.0
47 50 198.0 171.0
20 38 196.0 151.0
42 16 48.0 79.0
10 47 187.0 25.0
41 18 130.0 1.0
8 48 169.0 32.0
27 31 54.0 93.0
38 67 157.0 140.0
66 60 122.0 156.0
12 43 70.0 118.0
23 52 23.0 70.0
32 26 2.0 11.0
44 15 34.0 132.0
62 34 3.0 156.0
25 34 96.0 10.0
23 38 40.0 54.0
44 57 144.0 163.0
52 7 25.0 14.0
40 34 68.0 48.0
26 34 199.0 70.0
57 2 35.0 185.0
30 25 88.0 190.0
15 46 116.0 137.0
6 54 117.0 109.0
12 48 30.0 61.0
28 32 41.0 55.0
37 22 150.0 109.0
45 17 139.0 149.0
55 6 157.0 126.0
43 18 170.0 46.0
47 15 20.0 39.0
37 35 135.0 89.0
53 51 181.0 165.0
52 9 148.0 174.0
5 50 192.0 50.0
37 21 6.0 131.0
46 14 17.0 164.0
48 11 195.0 188.0
44 12 175.0 15.0
36 24 99.0 110.0
42 18 90.0 32.0
49 35 173.0 190.0
39 62 115.0 166.0
47 45 133.0 121.0
26 36 137.0 150.0
22 38 96.0 132.0
47 13 44.0 71.0
59 2 163.0 95.0
38 21 105.0 5.0
37 52 34.0 31.0
21 40 132.0 149.0
45 15 9.0 65.0
57 5 59.0 98.0
21 39 23.0 156.0
20 40 85.0 68.0
49 14 170.0 0.0
39 24 82.0 75.0
57 7 190.0 68.0
65 8 6.0 74.0
13 44 52.0 167.0
24 43 164.0 111.0
38 24 130.0 188.0
60 48 8.0 167.0
11 60 167.0 178.0
47 12 126.0 1.0
55 4 119.0 68.0
1 60 31.0 125.0
54 8 91.0 83.0
60 37 159.0 8.0
17 44 61.0 41.0
18 45 127.0 69.0
36 46 52.0 46.0
38 14 69.0 130.0
2 58 109.0 188.0
52 14 29.0 141.0
31 30 70.0 72.0
33 31 34.0 181.0
29 33 32.0 47.0
36 67 63.0 112.0
62 19 25.0 115.0
43 32 180.0 94.0
60 62 191.0 42.0
7 36 108.0 20.0
35 27 179.0 130.0
31 15 153.0 165.0
50 12 174.0 186.0
13 49 150.0 37.0
59 5 23.0 175.0
37 25 48.0 155.0
27 49 54.0 39.0
49 43 140.0 162.0
16 41 180.0 71.0
36 21 98.0 134.0
16 47 82.0 72.0
17 46 186.0 184.0
4 43 18.0 9.0
2 61 38.0 18.0
2 67 95.0 92.0
59 53 123.0 187.0
41 23 110.0 104.0
39 23 46.0 8.0
57 8 136.0 128.0
39 38 162.0 122.0
63 65 157.0 180.0
10 52 163.0 196.0
51 7 27.0 10.0
19 44 49.0 150.0
41 24 53.0 159.0
21 7 58.0 100.0
35 47 44.0 194.0
49 15 117.0 6.0
7 56 2.0 74.0
44 20 47.0 117.0
48 16 62.0 26.0
51 59 133.0 63.0
30 33 84.0 186.0
32 40 94.0 142.0
20 49 160.0 90.0
40 24 63.0 29.0
51 63 28.0 65.0
44 45 45.0 27.0
48 26 188.0 107.0
17 67 70.0 73.0
31 66 40.0 154.0
26 39 69.0 134.0
19 50 48.0 29.0
63 2 165.0 63.0
56 9 47.0 145.0
38 10 125.0 92.0
33 39 161.0 65.0
56 44 19.0 32.0
15 50 199.0 59.0
47 7 125.0 68.0
49 17 147.0 125.0
22 50 29.0 64.0
29 34 131.0 76.0
40 43 160.0 8.0
19 45 194.0 122.0
61 30 112.0 14.0
39 18 32.0 64.0
25 39 45.0 109.0
49 16 97.0 192.0
55 9 196.0 126.0
65 2 0.0 79.0
3 62 196.0 113.0
10 53 123.0 143.0
50 16 137.0 35.0
20 42 57.0 169.0
31 34 70.0 102.0
63 3 193.0 167.0
4 60 122.0 141.0
56 58 125.0 75.0
51 16 171.0 73.0
12 53 20.0 46.0
19 48 12.0 109.0
40 23 21.0 69.0
59 7 80.0 91.0
47 17 123.0 25.0
22 44 58.0 197.0
39 54 151.0 135.0
10 56 139.0 122.0
45 22 54.0 111.0
33 28 40.0 66.0
41 32 66.0 62.0
5 61 127.0 98.0
25 41 173.0 2.0
33 35 134.0 183.0
58 10 188.0 85.0
64 2 8.0 128.0
66 30 83.0 62.0
31 35 168.0 124.0
54 57 77.0 186.0
10 48 8.0 4.0
45 20 154.0 133.0
53 17 133.0 88.0
39 27 66.0 122.0
23 54 61.0 74.0
11 55 6.0 97.0
32 34 187.0 126.0
17 50 50.0 64.0
66 48 109.0 10.0
1 65 87.0 64.0
27 38 152.0 173.0
41 36 163.0 19.0
30 34 42.0 176.0
46 50 56.0 0.0
53 14 5.0 43.0
65 3 189.0 8.0
53 13 9.0 99.0
57 10 31.0 97.0
14 51 49.0 184.0
6 59 166.0 12.0
6 60 39.0 8.0
14 54 61.0 95.0
27 40 128.0 66.0
20 48 182.0 117.0
50 57 63.0 191.0
48 18 55.0 47.0
43 25 179.0 104.0
18 49 194.0 97.0
17 51 176.0 33.0
52 16 3.0 189.0
42 26 26.0 131.0
31 37 31.0 8.0
3 64 4.0 47.0
59 9 7.0 11.0
65 54 71.0 138.0
15 51 99.0 65.0
14 56 9.0 27.0
5 63 8.0 164.0
63 7 11.0 34.0
40 28 168.0 195.0
54 15 43.0 125.0
61 7 21.0 2.0
49 57 141.0 92.0
67 1 71.0 192.0
35 32 92.0 32.0
61 9 118.0 100.0
26 44 42.0 81.0
30 37 181.0 163.0
45 25 62.0 176.0
38 29 29.0 83.0
54 11 49.0 122.0
26 45 45.0 72.0
62 55 132.0 138.0
51 35 95.0 50.0
46 23 111.0 89.0
41 29 182.0 44.0
8 61 165.0 45.0
59 10 24.0 146.0
3 67 45.0 25.0
55 14 126.0 90.0
49 19 5.0 58.0
60 8 152.0 52.0
57 65 56.0 16.0
28 43 86.0 190.0
46 24 89.0 3.0
24 45 28.0 65.0
7 64 57.0 73.0
64 60 44.0 136.0
27 61 19.0 49.0
39 32 103.0 171.0
58 67 141.0 111.0
35 34 185.0 179.0
18 47 109.0 27.0
9 54 6.0 137.0
52 19 74.0 16.0
13 60 21.0 119.0
2 46 9.0 40.0
61 16 169.0 64.0
51 19 151.0 62.0
64 62 118.0 89.0
16 55 13.0 179.0
65 5 143.0 171.0
36 33 3.0 170.0
38 45 142.0 25.0
62 23 87.0 151.0
38 49 29.0 8.0
46 25 124.0 180.0
15 57 40.0 194.0
14 58 146.0 5.0
64 5 119.0 41.0
58 15 56.0 123.0
59 11 70.0 150.0
48 45 195.0 109.0
30 40 69.0 24.0
47 59 52.0 193.0
50 24 115.0 45.0
19 54 59.0 13.0
10 60 144.0 178.0
28 45 79.0 152.0
52 21 119.0 149.0
42 31 129.0 114.0
10 62 117.0 198.0
62 12 176.0 121.0
50 65 101.0 92.0
8 64 100.0 160.0
47 26 187.0 196.0
37 32 145.0 66.0
17 54 158.0 16.0
7 65 106.0 87.0
66 8 19.0 175.0
31 43 64.0 195.0
16 56 88.0 117.0
55 10 161.0 188.0
24 49 63.0 100.0
6 66 40.0 161.0
38 36 63.0 198.0
60 12 128.0 121.0
46 27 6.0 99.0
21 49 63.0 70.0
43 30 31.0 103.0
6 58 136.0 145.0
20 47 66.0 151.0
56 34 49.0 106.0
55 19 198.0 64.0
18 58 71.0 78.0
52 22 34.0 78.0
46 29 159.0 97.0
24 48 8.0 143.0
11 62 178.0 96.0
65 55 49.0 44.0
11 57 2.0 51.0
41 34 109.0 152.0
55 12 142.0 132.0
16 58 186.0 176.0
51 41 103.0 97.0
53 21 176.0 63.0
57 33 166.0 154.0
35 41 72.0 167.0
38 32 117.0 75.0
15 59 43.0 178.0
65 10 171.0 185.0
8 53 136.0 109.0
47 48 119.0 191.0
66 11 80.0 95.0
30 45 126.0 198.0
49 29 157.0 151.0
65 4 126.0 26.0
55 22 16.0 121.0
61 22 187.0 187.0
28 55 112.0 123.0
25 50 7.0 31.0
9 66 87.0 39.0
61 15 31.0 166.0
63 13 195.0 188.0
44 61 148.0 73.0
53 45 36.0 164.0
19 57 129.0 24.0
17 59 113.0 41.0
44 31 87.0 72.0
44 30 183.0 126.0
67 9 112.0 166.0
12 59 56.0 107.0
54 21 194.0 157.0
15 52 35.0 30.0
19 58 186.0 164.0
28 51 24.0 51.0
29 47 86.0 63.0
25 52 145.0 21.0
28 67 99.0 58.0
24 53 117.0 156.0
22 56 80.0 111.0
37 38 172.0 115.0
10 63 158.0 158.0
17 63 171.0 134.0
23 53 26.0 9.0
33 44 76.0 123.0
34 44 14.0 176.0
11 65 53.0 131.0
55 61 191.0 133.0
50 27 36.0 163.0
42 36 173.0 194.0
65 14 170.0 145.0
3 11 167.0 148.0
45 32 10.0 44.0
27 53 104.0 25.0
28 47 157.0 109.0
52 27 87.0 148.0
63 14 180.0 75.0
64 16 22.0 153.0
45 29 130.0 192.0
32 62 150.0 49.0
35 44 168.0 160.0
63 15 73.0 24.0
67 8 197.0 182.0
40 37 123.0 36.0
47 40 85.0 55.0
49 30 185.0 59.0
41 40 72.0 67.0
7 53 58.0 22.0
49 28 179.0 27.0
15 60 166.0 5.0
16 60 113.0 115.0
56 6 169.0 36.0
66 15 50.0 6.0
42 37 16.0 187.0
43 50 11.0 89.0
53 61 133.0 22.0
48 32 167.0 64.0
48 29 37.0 133.0
67 13 31.0 150.0
62 51 71.0 1.0
56 23 188.0 121.0
48 28 141.0 4.0
43 37 86.0 105.0
34 45 3.0 19.0
33 47 28.0 170.0
47 27 66.0 66.0
26 46 113.0 50.0
34 47 90.0 184.0
39 43 35.0 30.0
61 38 82.0 129.0
64 12 37.0 169.0
48 33 193.0 41.0
52 50 186.0 173.0
16 62 28.0 4.0
47 36 19.0 142.0
53 22 68.0 62.0
56 21 103.0 55.0
19 63 160.0 138.0
67 11 187.0 197.0
53 65 128.0 132.0
64 19 125.0 114.0
43 38 9.0 154.0
41 43 30.0 181.0
29 15 63.0 50.0
53 28 167.0 166.0
36 43 165.0 127.0
58 21 115.0 152.0
30 47 173.0 43.0
53 30 144.0 50.0
38 42 0.0 106.0
45 62 131.0 183.0
18 62 169.0 194.0
14 45 86.0 136.0
18 63 84.0 3.0
58 23 159.0 151.0
52 31 39.0 84.0
51 32 131.0 184.0
36 45 95.0 83.0
51 11 11.0 178.0
67 16 199.0 180.0
56 41 158.0 37.0
58 24 176.0 194.0
34 49 44.0 87.0
44 36 196.0 36.0
56 24 149.0 79.0
61 20 191.0 196.0
31 49 41.0 2.0
35 46 88.0 40.0
38 44 88.0 46.0
63 21 122.0 64.0
34 48 31.0 119.0
60 23 133.0 179.0
29 56 189.0 34.0
14 59 10.0 180.0
62 24 9.0 51.0
52 32 72.0 98.0
64 9 48.0 160.0
64 21 76.0 170.0
51 31 108.0 108.0
62 43 75.0 41.0
55 30 175.0 64.0
19 67 121.0 185.0
21 59 47.0 130.0
32 50 57.0 119.0
64 23 166.0 105.0
36 49 40.0 43.0
31 53 17.0 148.0
44 27 192.0 45.0
44 39 132.0 167.0
19 61 188.0 53.0
34 52 76.0 187.0
23 67 193.0 85.0
39 57 1.0 160.0
49 32 38.0 193.0
43 42 104.0 8.0
41 46 156.0 97.0
67 26 124.0 40.0
16 66 165.0 113.0
36 48 194.0 193.0
63 20 152.0 140.0
41 37 190.0 105.0
67 20 17.0 180.0
41 60 178.0 121.0
36 50 60.0 86.0
60 65 60.0 184.0
30 50 50.0 25.0
27 59 165.0 197.0
46 38 22.0 69.0
67 18 196.0 164.0
47 38 17.0 165.0
30 56 182.0 147.0
45 37 196.0 194.0
55 31 36.0 8.0
21 66 34.0 86.0
55 25 158.0 151.0
53 36 161.0 132.0
29 60 173.0 109.0
30 57 133.0 142.0
26 60 122.0 68.0
50 37 90.0 70.0
35 53 126.0 126.0
65 23 20.0 112.0
35 61 172.0 130.0
55 46 185.0 86.0
40 46 158.0 110.0
55 32 183.0 92.0
51 37 73.0 105.0
53 44 168.0 115.0
47 37 68.0 94.0
44 46 157.0 40.0
32 58 11.0 82.0
46 42 150.0 148.0
33 56 185.0 109.0
35 54 110.0 168.0
52 62 87.0 183.0
38 33 109.0 55.0
32 54 1.0 130.0
57 28 82.0 110.0
65 25 133.0 46.0
47 39 76.0 84.0
23 63 69.0 13.0
51 39 59.0 180.0
22 66 64.0 146.0
64 17 161.0 125.0
26 63 115.0 162.0
61 29 23.0 150.0
53 39 130.0 108.0
60 22 196.0 158.0
64 26 131.0 65.0
56 31 17.0 190.0
26 62 135.0 33.0
66 25 146.0 96.0
59 29 192.0 14.0
33 55 5.0 167.0
47 41 102.0 135.0
49 41 157.0 98.0
34 57 26.0 89.0
66 26 82.0 195.0
65 24 115.0 17.0
47 66 153.0 14.0
59 20 113.0 97.0
25 67 104.0 118.0
65 27 63.0 6.0
63 24 172.0 21.0
33 60 190.0 151.0
52 38 118.0 73.0
53 41 114.0 33.0
65 36 33.0 19.0
33 49 19.0 98.0
58 41 79.0 123.0
64 24 130.0 143.0
39 55 112.0 55.0
44 47 175.0 102.0
65 30 31.0 45.0
48 43 126.0 97.0
65 28 106.0 112.0
19 56 20.0 77.0
58 33 58.0 100.0
32 59 174.0 141.0
38 66 193.0 38.0
27 58 58.0 120.0
36 55 190.0 90.0
55 38 27.0 116.0
40 51 192.0 85.0
36 52 178.0 165.0
42 50 55.0 37.0
35 56 27.0 29.0
9 62 32.0 172.0
58 34 179.0 42.0
25 62 159.0 169.0
51 42 80.0 139.0
60 34 65.0 24.0
40 54 111.0 44.0
54 37 122.0 166.0
38 57 41.0 149.0
56 39 126.0 25.0
59 36 128.0 57.0
32 60 24.0 40.0
47 25 35.0 56.0
52 59 103.0 101.0
59 35 180.0 166.0
33 59 93.0 103.0
63 42 199.0 86.0
37 57 44.0 77.0
57 36 130.0 124.0
66 62 178.0 106.0
64 36 155.0 166.0
65 31 17.0 10.0
23 66 94.0 197.0
57 41 94.0 139.0
51 45 135.0 45.0
44 55 66.0 179.0
40 49 122.0 149.0
43 53 67.0 52.0
57 40 165.0 174.0
37 61 1.0 134.0
50 48 22.0 47.0
65 32 145.0 68.0
38 53 3.0 80.0
38 60 100.0 70.0
53 40 86.0 22.0
63 32 148.0 106.0
46 49 82.0 113.0
48 51 178.0 36.0
54 38 171.0 152.0
29 67 41.0 116.0
36 54 130.0 45.0
35 62 25.0 30.0
33 63 16.0 64.0
35 64 27.0 165.0
50 49 19.0 110.0
56 47 65.0 149.0
50 44 59.0 36.0
55 41 169.0 101.0
15 64 59.0 99.0
9 23 155.0 36.0
22 64 20.0 171.0
28 63 25.0 47.0
57 45 149.0 196.0
40 61 93.0 166.0
36 60 83.0 152.0
38 58 158.0 52.0
47 46 20.0 17.0
33 67 175.0 175.0
46 56 128.0 195.0
35 66 106.0 105.0
42 61 111.0 7.0
62 41 8.0 4.0
67 31 185.0 43.0
42 56 18.0 143.0
47 52 41.0 38.0
46 57 24.0 16.0
45 55 52.0 104.0
61 41 61.0 111.0
50 53 120.0 173.0
63 34 123.0 80.0
55 40 153.0 109.0
42 60 26.0 171.0
55 50 83.0 67.0
64 29 192.0 59.0
54 60 3.0 45.0
63 39 93.0 17.0
59 45 22.0 165.0
41 66 110.0 146.0
48 57 43.0 63.0
58 44 24.0 21.0
36 61 75.0 59.0
59 58 121.0 67.0
37 53 159.0 76.0
55 52 199.0 53.0
46 60 107.0 21.0
42 64 88.0 17.0
36 62 186.0 83.0
56 49 117.0 162.0
65 41 19.0 144.0
55 37 78.0 140.0
49 58 1.0 38.0
46 54 2.0 0.0
46 48 181.0 109.0
56 52 123.0 70.0
41 64 80.0 109.0
59 41 154.0 149.0
52 57 42.0 174.0
17 65 86.0 121.0
66 36 2.0 39.0
60 53 71.0 4.0
46 59 162.0 53.0
43 65 157.0 85.0
58 50 38.0 189.0
40 65 73.0 193.0
50 59 194.0 67.0
43 63 173.0 33.0
56 54 109.0 175.0
42 58 181.0 133.0
58 55 43.0 143.0
49 42 193.0 0.0
53 58 2.0 184.0
16 65 16.0 75.0
49 59 33.0 10.0
43 67 39.0 6.0
62 42 132.0 148.0
47 58 12.0 65.0
57 59 184.0 55.0
45 66 20.0 178.0
51 50 180.0 22.0
51 58 91.0 148.0
29 57 180.0 124.0
63 50 174.0 19.0
57 51 81.0 106.0
62 47 125.0 93.0
46 63 23.0 61.0
52 58 9.0 43.0
51 60 196.0 189.0
63 52 13.0 39.0
52 61 153.0 145.0
56 38 15.0 127.0
60 59 190.0 48.0
57 64 39.0 67.0
65 52 55.0 63.0
40 66 26.0 64.0
66 51 144.0 174.0
59 54 190.0 109.0
53 63 129.0 95.0
53 67 9.0 96.0
44 66 117.0 151.0
43 60 186.0 108.0
58 57 172.0 41.0
37 65 58.0 150.0
60 57 54.0 155.0
64 52 21.0 44.0
43 56 43.0 102.0
67 44 75.0 52.0
55 67 86.0 144.0
66 59 179.0 72.0
63 60 110.0 103.0
67 54 83.0 120.0
53 55 22.0 137.0
66 55 163.0 43.0
66 63 139.0 7.0
48 64 143.0 14.0
58 60 46.0 181.0
56 65 91.0 177.0
52 67 196.0 153.0
53 66 18.0 31.0
49 67 193.0 192.0
49 64 79.0 108.0
32 67 131.0 19.0
39 65 46.0 26.0
63 57 59.0 45.0
30 48 38.0 102.0
14 36 142.0 34.0
63 40 133.0 112.0
61 51 193.0 126.0
65 51 127.0 72.0
51 56 181.0 59.0
64 61 125.0 180.0
61 58 59.0 136.0
62 61 103.0 49.0
42 66 125.0 197.0
46 67 191.0 59.0
63 59 10.0 184.0
66 61 179.0 137.0
57 66 33.0 112.0
29 55 79.0 110.0
66 65 117.0 91.0
21 65 81.0 20.0
43 66 181.0 159.0
24 57 150.0 124.0
18 57 184.0 160.0
50 67 122.0 115.0
53 54 184.0 108.0
48 56 189.0 15.0
67 66 5.0 106.0
58 54 127.0 39.0
62 56 31.0 60.0
56 11 179.0 181.0
58 63 115.0 115.0
54 66 45.0 190.0
67 39 130.0 29.0
62 53 37.0 71.0
60 55 102.0 43.0
63 61 8.0 181.0
61 57 152.0 40.0
19 43 71.0 83.0
50 64 114.0 138.0
65 62 191.0 159.0
67 65 47.0 121.0
1 5 39.0 84.0
64 51 83.0 93.0
43 45 145.0 92.0
46 43 93.0 49.0
63 45 76.0 116.0
41 52 65.0 190.0
58 64 113.0 57.0
15 41 178.0 160.0
0
