66 2145 62 11 164672
12 44 22.0 170.0
40 37 7.0 71.0
60 55 108.0 34.0
4 7 38.0 159.0
37 14 134.0 160.0
45 60 122.0 66.0
40 51 183.0 121.0
44 61 150.0 150.0
36 7 84.0 172.0
41 16 37.0 43.0
4 16 127.0 97.0
23 9 50.0 165.0
22 45 177.0 136.0
36 8 2.0 52.0
58 12 110.0 137.0
4 50 152.0 60.0
54 65 179.0 189.0
14 53 23.0 17.0
1 25 74.0 150.0
32 34 40.0 124.0
12 41 137.0 18.0
48 41 12.0 139.0
52 28 183.0 122.0
11 21 76.0 135.0
19 1 194.0 55.0
52 17 171.0 17.0
40 64 14.0 45.0
31 14 84.0 6.0
54 33 101.0 21.0
7 3 146.0 113.0
30 7 106.0 81.0
27 63 137.0 182.0
64 56 2.0 131.0
7 51 105.0 125.0
48 37 157.0 71.0
48 34 176.0 41.0
65 1 4.0 29.0
4 6 68.0 102.0
12 34 5.0 174.0
31 35 197.0 142.0
25 18 112.0 151.0
66 37 48.0 17.0
5 57 41.0 6.0
22 36 123.0 169.0
37 20 141.0 80.0
23 15 129.0 9.0
49 5 70.0 134.0
39 14 94.0 67.0
31 41 132.0 6.0
11 32 44.0 180.0
20 61 133.0 85.0
31 15 152.0 56.0
32 17 51.0 45.0
30 39 37.0 180.0
43 22 139.0 107.0
35 55 102.0 33.0
29 33 190.0 34.0
62 34 183.0 186.0
28 44 43.0 116.0
56 49 83.0 147.0
64 27 84.0 134.0
66 28 93.0 73.0
47 55 134.0 184.0
43 59 154.0 36.0
23 34 177.0 96.0
1 17 47.0 160.0
58 21 182.0 43.0
4 5 118.0 17.0
6 5 86.0 2.0
32 58 9.0 179.0
46 51 169.0 143.0
41 30 144.0 123.0
63 56 96.0 73.0
6 45 110.0 96.0
63 34 167.0 92.0
38 39 64.0 37.0
45 18 89.0 102.0
2 8 177.0 50.0
7 40 84.0 146.0
1 26 183.0 28.0
15 52 197.0 31.0
28 8 102.0 107.0
41 51 148.0 21.0
21 18 132.0 164.0
35 34 21.0 173.0
56 22 51.0 198.0
59 34 100.0 135.0
57 10 63.0 35.0
59 44 56.0 12.0
49 31 165.0 110.0
15 64 190.0 113.0
13 38 193.0 74.0
5 34 149.0 166.0
14 3 198.0 0.0
14 20 36.0 98.0
27 25 123.0 99.0
66 26 99.0 179.0
56 16 159.0 64.0
5 7 115.0 101.0
2 64 159.0 60.0
31 23 52.0 109.0
3 44 108.0 50.0
62 32 55.0 144.0
54 22 188.0 178.0
47 12 194.0 87.0
25 35 123.0 105.0
64 6 96.0 38.0
3 59 165.0 56.0
15 62 170.0 169.0
39 41 31.0 78.0
4 43 156.0 87.0
64 28 180.0 96.0
38 8 77.0 126.0
40 46 177.0 0.0
51 21 181.0 73.0
13 34 68.0 98.0
29 60 129.0 39.0
32 66 112.0 160.0
43 18 165.0 68.0
44 63 192.0 145.0
3 24 91.0 21.0
4 39 149.0 68.0
57 41 5.0 82.0
8 49 126.0 25.0
41 63 39.0 7.0
63 62 82.0 152.0
12 59 184.0 47.0
54 20 141.0 128.0
43 6 23.0 32.0
42 34 88.0 125.0
8 62 74.0 45.0
43 57 140.0 0.0
54 10 77.0 179.0
6 58 46.0 159.0
49 23 49.0 182.0
42 63 120.0 190.0
66 45 135.0 95.0
12 21 126.0 175.0
17 37 168.0 1.0
27 8 33.0 60.0
18 26 192.0 110.0
18 10 35.0 38.0
33 31 83.0 84.0
25 49 197.0 155.0
27 18 180.0 84.0
36 66 51.0 106.0
34 16 178.0 171.0
24 48 174.0 163.0
8 65 50.0 118.0
3 8 27.0 85.0
55 48 114.0 63.0
30 3 99.0 111.0
18 29 45.0 79.0
26 11 191.0 48.0
24 11 58.0 121.0
56 57 178.0 184.0
55 9 110.0 180.0
33 34 90.0 89.0
13 11 37.0 156.0
12 63 144.0 137.0
23 53 175.0 141.0
61 51 152.0 118.0
61 24 117.0 10.0
13 10 138.0 48.0
18 59 60.0 48.0
25 23 40.0 102.0
1 13 117.0 78.0
28 40 199.0 14.0
24 16 90.0 126.0
66 2 59.0 194.0
23 27 112.0 129.0
36 16 153.0 51.0
8 24 11.0 13.0
46 36 184.0 52.0
1 11 109.0 53.0
50 54 184.0 60.0
4 38 120.0 26.0
37 55 20.0 180.0
14 30 128.0 133.0
45 59 51.0 33.0
16 1 129.0 63.0
35 14 144.0 65.0
24 57 198.0 54.0
45 3 9.0 182.0
40 32 37.0 81.0
20 36 158.0 58.0
65 28 16.0 39.0
20 45 66.0 20.0
44 36 137.0 147.0
47 33 99.0 33.0
22 38 69.0 97.0
41 14 159.0 30.0
45 24 126.0 149.0
60 22 151.0 36.0
49 40 133.0 120.0
17 51 123.0 151.0
20 60 125.0 12.0
24 44 146.0 24.0
14 2 143.0 167.0
13 20 49.0 54.0
42 20 138.0 127.0
39 12 16.0 89.0
52 50 91.0 101.0
34 50 124.0 166.0
41 55 119.0 1.0
30 44 12.0 66.0
43 16 107.0 107.0
34 27 44.0 108.0
4 11 32.0 182.0
41 60 189.0 0.0
42 53 86.0 32.0
34 9 11.0 11.0
63 37 104.0 82.0
13 41 192.0 116.0
55 29 117.0 51.0
53 18 55.0 113.0
45 2 97.0 39.0
59 13 55.0 38.0
63 58 1.0 142.0
66 30 150.0 164.0
66 35 59.0 54.0
8 17 81.0 52.0
43 34 36.0 150.0
52 42 113.0 44.0
13 3 28.0 162.0
44 14 169.0 36.0
5 41 149.0 122.0
4 33 152.0 99.0
66 12 184.0 12.0
27 5 78.0 65.0
38 14 38.0 67.0
55 18 188.0 104.0
5 10 174.0 168.0
15 3 147.0 95.0
35 63 17.0 97.0
3 11 45.0 122.0
45 47 34.0 181.0
4 12 173.0 64.0
44 34 195.0 164.0
49 19 45.0 135.0
39 55 58.0 19.0
49 53 147.0 157.0
49 15 197.0 116.0
46 23 161.0 194.0
3 1 26.0 147.0
31 28 140.0 152.0
60 39 41.0 87.0
57 32 70.0 86.0
20 62 43.0 80.0
49 9 112.0 190.0
21 4 199.0 61.0
24 5 22.0 112.0
3 42 158.0 48.0
5 2 166.0 50.0
43 11 52.0 159.0
40 43 144.0 75.0
38 24 179.0 187.0
32 7 142.0 44.0
8 14 86.0 93.0
3 5 97.0 108.0
42 58 136.0 8.0
62 19 130.0 54.0
27 9 13.0 134.0
49 62 115.0 109.0
20 44 14.0 47.0
48 14 16.0 156.0
25 13 14.0 102.0
13 66 73.0 111.0
55 36 85.0 162.0
55 1 182.0 15.0
8 4 194.0 148.0
18 66 180.0 62.0
43 42 133.0 147.0
53 46 4.0 149.0
7 10 65.0 18.0
9 6 191.0 91.0
4 20 35.0 28.0
20 9 156.0 170.0
31 17 161.0 102.0
16 21 82.0 142.0
62 28 33.0 167.0
7 18 154.0 38.0
36 35 192.0 19.0
3 55 92.0 135.0
8 46 89.0 79.0
54 66 9.0 197.0
14 62 47.0 171.0
1 9 97.0 129.0
35 27 2.0 131.0
8 10 190.0 108.0
10 39 68.0 182.0
25 52 58.0 112.0
30 10 144.0 99.0
8 39 112.0 154.0
34 24 67.0 111.0
31 63 48.0 165.0
1 15 6.0 2.0
20 8 98.0 197.0
44 62 133.0 166.0
46 49 34.0 143.0
59 21 167.0 130.0
57 49 38.0 79.0
9 8 55.0 57.0
58 61 24.0 55.0
37 1 143.0 183.0
4 3 16.0 42.0
64 49 16.0 149.0
32 12 165.0 2.0
30 4 130.0 132.0
52 34 83.0 120.0
29 46 42.0 90.0
6 13 174.0 18.0
55 28 181.0 118.0
32 9 101.0 197.0
55 19 167.0 117.0
30 53 183.0 132.0
56 55 174.0 65.0
21 54 190.0 9.0
33 55 66.0 32.0
43 26 106.0 41.0
53 6 42.0 39.0
2 15 199.0 95.0
11 47 182.0 119.0
33 52 41.0 117.0
16 3 104.0 168.0
28 24 81.0 94.0
12 38 27.0 148.0
61 4 86.0 85.0
7 35 179.0 80.0
25 36 103.0 130.0
17 30 176.0 85.0
16 35 25.0 18.0
7 63 55.0 129.0
20 18 145.0 88.0
53 13 32.0 172.0
16 29 133.0 71.0
61 16 199.0 64.0
6 14 19.0 102.0
15 56 49.0 195.0
22 50 29.0 74.0
46 60 19.0 84.0
9 2 81.0 116.0
24 41 42.0 66.0
1 62 33.0 128.0
11 29 119.0 184.0
5 13 136.0 90.0
50 39 22.0 185.0
20 1 107.0 3.0
58 22 146.0 78.0
32 23 124.0 180.0
61 33 133.0 119.0
26 16 79.0 118.0
42 65 83.0 151.0
17 2 173.0 19.0
54 61 83.0 195.0
59 9 184.0 190.0
11 9 0.0 82.0
19 39 0.0 77.0
2 3 147.0 85.0
16 60 90.0 179.0
58 19 101.0 125.0
34 51 51.0 74.0
46 2 21.0 134.0
3 10 8.0 157.0
23 1 14.0 161.0
39 1 115.0 166.0
1 57 85.0 62.0
48 60 17.0 175.0
10 44 95.0 118.0
18 1 2.0 98.0
43 19 90.0 24.0
45 62 156.0 50.0
62 40 28.0 122.0
40 23 187.0 143.0
7 2 100.0 72.0
62 53 74.0 69.0
30 48 154.0 121.0
14 4 3.0 157.0
58 38 111.0 45.0
33 64 192.0 19.0
14 1 108.0 20.0
25 62 26.0 48.0
65 27 175.0 78.0
13 50 77.0 50.0
30 42 171.0 184.0
16 22 194.0 126.0
57 30 44.0 106.0
28 4 126.0 188.0
6 35 153.0 34.0
30 49 100.0 179.0
10 17 179.0 75.0
66 14 92.0 9.0
54 18 40.0 16.0
37 61 64.0 34.0
23 43 133.0 60.0
47 22 189.0 11.0
56 48 37.0 142.0
29 2 187.0 137.0
17 3 89.0 166.0
5 44 91.0 133.0
59 54 110.0 83.0
47 62 110.0 174.0
39 26 132.0 195.0
47 27 197.0 121.0
3 6 83.0 34.0
9 26 172.0 70.0
17 56 82.0 61.0
11 5 141.0 125.0
5 1 140.0 51.0
62 33 191.0 50.0
56 32 153.0 123.0
56 45 6.0 102.0
17 5 52.0 90.0
9 31 52.0 24.0
13 7 170.0 86.0
2 52 127.0 111.0
52 53 49.0 67.0
6 10 161.0 40.0
59 57 117.0 66.0
33 40 28.0 124.0
23 3 22.0 32.0
11 7 180.0 27.0
10 28 76.0 150.0
14 34 96.0 4.0
20 56 124.0 145.0
18 51 7.0 85.0
39 11 70.0 77.0
13 8 35.0 50.0
32 25 149.0 57.0
45 15 135.0 129.0
41 6 27.0 12.0
39 3 172.0 123.0
10 11 84.0 96.0
4 62 117.0 44.0
2 6 14.0 139.0
33 63 97.0 49.0
21 14 163.0 46.0
9 10 45.0 98.0
6 15 100.0 72.0
45 31 174.0 24.0
52 19 32.0 10.0
12 57 195.0 101.0
60 3 153.0 9.0
63 50 55.0 2.0
63 8 165.0 170.0
36 63 184.0 11.0
9 7 17.0 84.0
34 1 104.0 191.0
19 23 138.0 136.0
12 3 136.0 133.0
29 41 12.0 41.0
24 47 127.0 19.0
54 52 70.0 93.0
49 59 197.0 54.0
20 3 27.0 14.0
32 13 84.0 131.0
33 45 120.0 174.0
4 52 191.0 56.0
24 9 11.0 156.0
53 26 187.0 138.0
16 2 31.0 9.0
11 6 83.0 180.0
45 39 162.0 110.0
51 22 168.0 198.0
64 63 127.0 89.0
7 15 184.0 118.0
44 13 41.0 147.0
39 43 71.0 180.0
8 58 61.0 54.0
7 12 15.0 96.0
15 4 189.0 177.0
50 46 117.0 157.0
40 3 130.0 44.0
39 7 91.0 67.0
20 65 95.0 133.0
39 40 74.0 118.0
30 5 12.0 87.0
9 15 90.0 27.0
6 8 92.0 79.0
51 2 184.0 9.0
4 32 179.0 66.0
37 60 165.0 23.0
57 29 152.0 12.0
66 9 76.0 26.0
11 18 164.0 40.0
2 11 141.0 6.0
18 37 13.0 34.0
38 26 62.0 149.0
12 13 25.0 194.0
9 16 1.0 190.0
21 2 98.0 154.0
9 13 90.0 127.0
31 46 198.0 54.0
56 33 164.0 140.0
3 47 77.0 130.0
6 26 26.0 92.0
22 27 197.0 3.0
19 2 84.0 150.0
12 55 183.0 182.0
2 56 139.0 73.0
36 54 168.0 137.0
21 10 142.0 85.0
4 19 29.0 172.0
57 7 190.0 55.0
31 66 109.0 139.0
27 4 104.0 193.0
59 40 87.0 39.0
30 36 18.0 26.0
23 22 188.0 138.0
30 46 52.0 131.0
11 56 133.0 33.0
62 60 173.0 75.0
59 31 8.0 82.0
32 44 153.0 64.0
17 21 95.0 192.0
54 29 65.0 65.0
51 59 183.0 54.0
38 46 66.0 187.0
33 38 63.0 199.0
29 61 18.0 188.0
23 57 95.0 178.0
34 20 155.0 1.0
38 18 20.0 51.0
47 65 2.0 37.0
57 14 148.0 137.0
7 14 76.0 14.0
6 18 15.0 91.0
52 30 79.0 185.0
1 21 102.0 126.0
6 66 58.0 58.0
18 56 37.0 30.0
54 28 50.0 39.0
40 63 195.0 198.0
63 13 54.0 24.0
13 4 168.0 69.0
60 50 0.0 199.0
36 52 178.0 55.0
52 24 126.0 188.0
8 5 55.0 163.0
17 4 52.0 105.0
13 42 134.0 48.0
54 17 148.0 188.0
46 3 86.0 68.0
50 36 188.0 39.0
22 41 198.0 118.0
21 6 37.0 76.0
1 64 65.0 92.0
12 45 27.0 118.0
8 16 25.0 161.0
13 65 81.0 173.0
65 37 81.0 120.0
10 2 6.0 69.0
5 20 164.0 156.0
44 29 121.0 1.0
22 2 168.0 186.0
30 37 49.0 195.0
33 16 164.0 74.0
12 46 27.0 198.0
16 59 7.0 108.0
66 52 82.0 165.0
35 3 161.0 198.0
29 66 130.0 82.0
8 18 192.0 50.0
30 9 3.0 41.0
22 44 22.0 168.0
21 3 164.0 49.0
61 28 65.0 171.0
13 27 154.0 99.0
27 52 69.0 67.0
49 42 196.0 199.0
32 60 150.0 188.0
14 12 106.0 106.0
11 25 19.0 128.0
25 22 180.0 183.0
47 51 76.0 45.0
18 4 109.0 182.0
20 2 193.0 178.0
65 66 176.0 141.0
57 15 178.0 78.0
48 9 16.0 84.0
31 56 154.0 35.0
9 21 181.0 134.0
5 14 22.0 9.0
17 7 20.0 131.0
40 4 48.0 165.0
3 56 169.0 24.0
4 23 4.0 147.0
32 52 97.0 172.0
39 62 139.0 52.0
16 55 157.0 72.0
9 4 145.0 132.0
26 8 123.0 118.0
12 20 67.0 171.0
16 5 131.0 36.0
56 46 136.0 88.0
32 33 115.0 34.0
29 63 101.0 54.0
51 15 46.0 59.0
27 20 89.0 144.0
27 45 35.0 12.0
64 16 88.0 103.0
49 50 28.0 171.0
11 8 146.0 164.0
5 15 44.0 61.0
11 16 165.0 145.0
55 27 58.0 163.0
12 11 58.0 148.0
50 47 19.0 45.0
63 25 26.0 59.0
7 59 19.0 54.0
61 2 114.0 117.0
10 4 110.0 158.0
16 12 145.0 75.0
17 9 63.0 155.0
3 22 171.0 121.0
37 42 16.0 190.0
64 22 59.0 42.0
15 20 122.0 30.0
7 19 189.0 188.0
13 55 76.0 99.0
42 55 117.0 173.0
62 36 15.0 133.0
21 5 56.0 186.0
14 11 193.0 72.0
65 30 10.0 4.0
47 56 32.0 84.0
23 5 164.0 21.0
37 28 28.0 193.0
16 39 116.0 97.0
8 51 136.0 83.0
32 21 162.0 192.0
64 46 81.0 155.0
7 8 96.0 92.0
6 19 33.0 128.0
24 2 27.0 198.0
25 40 126.0 7.0
10 48 109.0 42.0
30 1 76.0 197.0
21 66 51.0 39.0
5 22 138.0 132.0
61 11 157.0 186.0
28 15 10.0 143.0
13 30 94.0 189.0
1 42 97.0 20.0
23 54 141.0 6.0
10 19 193.0 18.0
64 18 151.0 44.0
58 27 118.0 42.0
36 53 162.0 75.0
2 33 15.0 124.0
60 18 51.0 61.0
23 6 164.0 149.0
10 14 94.0 106.0
5 19 8.0 87.0
54 40 192.0 111.0
64 8 164.0 110.0
59 11 181.0 78.0
41 49 76.0 148.0
65 44 178.0 127.0
26 27 44.0 95.0
7 22 199.0 138.0
11 15 114.0 7.0
6 1 120.0 58.0
12 9 110.0 36.0
7 21 119.0 43.0
36 56 137.0 195.0
33 66 196.0 116.0
24 1 39.0 40.0
19 9 193.0 190.0
21 22 17.0 107.0
1 27 196.0 89.0
19 48 145.0 58.0
2 23 110.0 17.0
7 27 196.0 199.0
24 62 143.0 192.0
19 8 194.0 134.0
65 60 176.0 187.0
6 16 198.0 145.0
19 57 2.0 146.0
39 29 152.0 100.0
46 4 5.0 14.0
28 49 121.0 2.0
42 45 160.0 64.0
52 21 199.0 154.0
14 51 54.0 176.0
14 9 56.0 52.0
3 26 68.0 59.0
19 3 117.0 20.0
2 13 109.0 122.0
60 7 82.0 30.0
10 20 106.0 194.0
17 11 24.0 58.0
40 11 87.0 30.0
27 3 167.0 144.0
41 56 93.0 35.0
63 65 142.0 10.0
10 58 148.0 3.0
64 59 136.0 30.0
1 29 77.0 195.0
51 26 73.0 54.0
36 51 50.0 160.0
18 12 105.0 170.0
52 10 77.0 199.0
10 1 160.0 19.0
61 22 160.0 60.0
12 48 89.0 48.0
41 46 146.0 119.0
4 22 143.0 19.0
28 42 177.0 146.0
39 61 47.0 82.0
26 2 39.0 125.0
60 51 193.0 151.0
8 15 32.0 105.0
5 12 75.0 122.0
52 40 54.0 21.0
17 49 175.0 197.0
22 6 159.0 152.0
66 20 37.0 159.0
8 12 167.0 76.0
65 24 156.0 113.0
22 8 150.0 188.0
29 13 26.0 25.0
52 51 21.0 80.0
31 26 162.0 197.0
32 6 88.0 121.0
23 55 13.0 125.0
3 32 1.0 132.0
56 10 28.0 157.0
33 12 140.0 179.0
23 17 15.0 166.0
66 7 41.0 37.0
33 51 153.0 3.0
5 26 80.0 41.0
19 12 26.0 93.0
17 66 5.0 27.0
13 14 87.0 186.0
48 16 193.0 179.0
32 37 172.0 9.0
15 14 124.0 166.0
1 4 175.0 77.0
25 6 60.0 55.0
13 35 62.0 38.0
35 42 149.0 20.0
10 12 138.0 188.0
26 42 92.0 132.0
5 9 162.0 17.0
20 6 27.0 86.0
14 16 159.0 154.0
16 7 129.0 19.0
41 28 188.0 143.0
1 22 179.0 89.0
30 56 92.0 69.0
13 19 14.0 137.0
17 13 137.0 128.0
64 10 49.0 116.0
25 5 174.0 8.0
60 26 143.0 103.0
29 3 14.0 84.0
16 15 83.0 145.0
8 66 104.0 128.0
11 22 15.0 70.0
34 26 116.0 152.0
2 25 1.0 117.0
59 33 77.0 127.0
58 25 198.0 20.0
57 53 94.0 164.0
18 5 185.0 130.0
30 2 197.0 41.0
7 25 102.0 12.0
5 32 180.0 18.0
35 62 182.0 133.0
28 47 23.0 59.0
10 16 23.0 21.0
3 18 70.0 69.0
4 26 28.0 7.0
20 59 188.0 26.0
38 57 22.0 42.0
20 21 149.0 2.0
20 7 113.0 131.0
55 15 191.0 136.0
35 46 166.0 166.0
32 1 198.0 36.0
23 7 148.0 179.0
58 40 2.0 137.0
10 22 7.0 176.0
63 10 92.0 156.0
18 13 63.0 157.0
53 37 60.0 54.0
16 45 106.0 26.0
63 43 195.0 105.0
42 9 52.0 143.0
46 27 140.0 55.0
5 62 108.0 147.0
17 6 29.0 152.0
29 6 30.0 45.0
26 14 63.0 91.0
28 7 32.0 169.0
28 6 93.0 27.0
26 10 55.0 146.0
22 34 71.0 196.0
27 32 99.0 131.0
18 15 47.0 128.0
19 66 52.0 78.0
15 10 49.0 67.0
63 53 26.0 33.0
24 7 29.0 120.0
1 7 41.0 37.0
38 62 59.0 64.0
25 66 80.0 158.0
12 17 79.0 127.0
3 50 141.0 131.0
18 16 21.0 142.0
19 56 57.0 199.0
60 44 74.0 87.0
48 49 12.0 115.0
44 57 189.0 24.0
1 33 62.0 69.0
44 42 90.0 141.0
19 11 89.0 31.0
49 63 64.0 62.0
14 18 41.0 122.0
46 26 174.0 115.0
8 47 98.0 187.0
37 58 194.0 87.0
30 50 71.0 56.0
23 42 68.0 161.0
56 37 147.0 109.0
33 48 172.0 11.0
50 26 70.0 165.0
51 29 35.0 44.0
4 25 177.0 133.0
8 21 92.0 171.0
1 48 44.0 115.0
21 31 101.0 64.0
1 51 91.0 48.0
11 20 34.0 15.0
38 43 47.0 104.0
13 15 74.0 83.0
17 18 31.0 3.0
62 57 175.0 75.0
38 17 33.0 171.0
47 9 38.0 134.0
20 16 59.0 81.0
36 1 147.0 94.0
33 65 40.0 194.0
19 15 184.0 67.0
6 27 91.0 15.0
20 25 54.0 19.0
22 12 98.0 40.0
37 45 188.0 88.0
13 16 111.0 0.0
63 9 199.0 10.0
25 3 96.0 39.0
3 37 184.0 32.0
66 10 30.0 27.0
1 31 73.0 36.0
29 7 167.0 123.0
28 22 120.0 108.0
26 7 152.0 183.0
13 28 198.0 103.0
42 41 87.0 46.0
25 10 186.0 23.0
3 31 22.0 168.0
17 14 190.0 95.0
14 63 44.0 158.0
24 4 67.0 116.0
9 18 80.0 171.0
35 43 145.0 30.0
22 9 74.0 33.0
4 55 89.0 60.0
34 4 61.0 111.0
23 8 121.0 51.0
12 1 63.0 117.0
28 3 105.0 83.0
31 6 128.0 185.0
16 17 50.0 26.0
33 3 152.0 124.0
36 39 31.0 193.0
25 12 100.0 92.0
33 5 145.0 174.0
12 23 36.0 161.0
34 7 9.0 142.0
59 28 131.0 90.0
32 53 140.0 133.0
4 29 146.0 45.0
42 11 61.0 129.0
30 8 111.0 114.0
6 61 78.0 57.0
8 61 8.0 114.0
6 24 16.0 170.0
6 30 135.0 148.0
6 12 55.0 76.0
16 52 188.0 153.0
62 56 7.0 2.0
21 41 125.0 118.0
35 24 39.0 3.0
18 33 63.0 0.0
53 41 70.0 80.0
55 17 110.0 6.0
26 41 56.0 117.0
24 51 66.0 45.0
38 16 114.0 73.0
31 8 23.0 191.0
31 2 121.0 14.0
24 12 199.0 136.0
41 37 70.0 22.0
53 51 114.0 180.0
21 15 17.0 170.0
25 8 81.0 83.0
23 10 81.0 147.0
48 58 124.0 56.0
21 13 7.0 45.0
28 9 126.0 158.0
23 11 51.0 196.0
9 36 22.0 165.0
65 46 154.0 39.0
54 6 21.0 36.0
5 40 85.0 55.0
29 48 64.0 9.0
2 32 124.0 23.0
34 6 43.0 2.0
7 41 75.0 46.0
17 20 162.0 49.0
32 54 106.0 116.0
57 17 148.0 127.0
55 43 114.0 185.0
29 5 84.0 179.0
23 13 46.0 160.0
53 5 3.0 90.0
46 15 144.0 30.0
65 48 151.0 106.0
33 10 36.0 57.0
19 14 167.0 184.0
44 52 69.0 34.0
55 8 21.0 105.0
15 17 104.0 68.0
25 9 93.0 59.0
25 14 98.0 38.0
37 35 41.0 1.0
44 21 151.0 77.0
20 35 18.0 70.0
18 35 51.0 87.0
42 21 37.0 25.0
31 4 191.0 141.0
12 35 153.0 84.0
5 31 161.0 4.0
46 24 194.0 154.0
11 27 115.0 145.0
53 33 133.0 133.0
1 53 190.0 137.0
2 34 127.0 27.0
27 10 114.0 118.0
41 47 65.0 19.0
58 52 152.0 178.0
36 3 101.0 146.0
12 15 19.0 168.0
41 36 132.0 104.0
38 2 141.0 74.0
38 1 66.0 20.0
2 35 197.0 132.0
21 19 26.0 14.0
33 7 12.0 130.0
47 63 99.0 65.0
5 52 180.0 70.0
14 23 111.0 65.0
17 26 75.0 5.0
60 54 118.0 142.0
11 30 17.0 116.0
15 47 58.0 195.0
15 24 57.0 22.0
22 59 74.0 108.0
44 37 112.0 6.0
32 8 73.0 175.0
20 19 156.0 148.0
18 2 82.0 26.0
50 35 47.0 99.0
12 28 4.0 57.0
1 35 172.0 62.0
28 2 97.0 46.0
50 64 6.0 9.0
11 66 39.0 79.0
22 24 131.0 147.0
15 22 91.0 13.0
43 5 45.0 90.0
15 26 81.0 2.0
37 57 4.0 6.0
28 11 39.0 101.0
2 39 134.0 197.0
51 5 69.0 125.0
27 14 30.0 153.0
1 41 115.0 121.0
66 58 93.0 113.0
22 13 147.0 175.0
58 60 69.0 151.0
38 40 195.0 61.0
34 3 68.0 81.0
31 7 95.0 137.0
8 45 78.0 125.0
29 10 192.0 146.0
8 34 177.0 37.0
45 41 9.0 124.0
13 26 83.0 30.0
54 2 101.0 78.0
1 8 141.0 169.0
36 5 149.0 188.0
4 44 110.0 179.0
31 12 24.0 54.0
39 42 166.0 153.0
15 37 1.0 127.0
53 9 43.0 36.0
22 19 159.0 144.0
33 11 95.0 52.0
20 39 72.0 196.0
25 15 16.0 182.0
28 5 93.0 193.0
36 4 136.0 12.0
39 64 138.0 89.0
19 17 155.0 181.0
6 33 170.0 66.0
33 28 162.0 17.0
66 22 65.0 34.0
55 66 145.0 81.0
2 36 189.0 191.0
34 28 5.0 125.0
26 12 96.0 144.0
22 17 37.0 3.0
25 19 145.0 159.0
25 16 100.0 59.0
52 11 34.0 165.0
22 18 124.0 179.0
62 65 102.0 114.0
26 20 172.0 107.0
23 56 3.0 20.0
6 42 36.0 193.0
8 35 185.0 133.0
28 18 126.0 85.0
28 19 158.0 160.0
47 35 25.0 34.0
33 25 92.0 127.0
43 32 154.0 16.0
36 6 71.0 110.0
37 2 7.0 107.0
14 28 144.0 192.0
4 37 81.0 71.0
22 30 80.0 191.0
37 6 42.0 57.0
33 42 122.0 134.0
7 53 162.0 28.0
24 18 149.0 34.0
44 1 153.0 156.0
5 35 128.0 49.0
23 18 10.0 9.0
41 3 131.0 42.0
39 18 56.0 173.0
59 24 160.0 130.0
24 13 147.0 75.0
34 11 90.0 96.0
49 66 145.0 195.0
17 64 84.0 73.0
24 19 173.0 94.0
14 29 13.0 57.0
7 43 24.0 21.0
25 21 51.0 137.0
18 19 159.0 199.0
40 1 179.0 1.0
25 50 110.0 76.0
47 39 15.0 147.0
27 15 124.0 141.0
24 17 70.0 138.0
24 20 22.0 46.0
22 14 77.0 26.0
16 28 172.0 188.0
53 28 181.0 104.0
27 16 140.0 91.0
19 63 171.0 108.0
21 30 114.0 48.0
52 35 83.0 136.0
37 9 64.0 58.0
33 9 17.0 141.0
64 12 37.0 190.0
40 31 65.0 170.0
11 45 13.0 158.0
5 37 36.0 136.0
40 13 18.0 102.0
10 32 124.0 101.0
64 44 43.0 188.0
27 12 8.0 60.0
15 29 138.0 198.0
7 49 179.0 156.0
31 10 187.0 192.0
13 45 199.0 23.0
56 5 91.0 169.0
19 16 193.0 15.0
55 59 81.0 36.0
2 12 153.0 90.0
37 10 4.0 92.0
45 49 143.0 183.0
51 44 198.0 130.0
22 46 176.0 197.0
50 55 4.0 68.0
63 26 74.0 197.0
16 47 29.0 156.0
36 11 190.0 183.0
55 44 46.0 194.0
5 38 93.0 189.0
36 10 16.0 43.0
6 51 112.0 192.0
14 32 98.0 116.0
43 1 39.0 125.0
5 66 87.0 69.0
56 13 165.0 29.0
54 37 58.0 163.0
54 38 114.0 103.0
63 23 1.0 130.0
35 4 48.0 114.0
12 30 87.0 98.0
49 18 148.0 78.0
17 34 183.0 187.0
44 58 182.0 100.0
44 2 50.0 40.0
35 11 193.0 164.0
16 51 131.0 147.0
17 28 112.0 179.0
13 33 92.0 151.0
29 12 110.0 192.0
50 31 128.0 45.0
31 11 94.0 63.0
42 5 83.0 96.0
4 41 144.0 28.0
42 4 132.0 76.0
26 21 184.0 196.0
23 24 43.0 76.0
8 29 106.0 153.0
37 19 101.0 186.0
23 66 10.0 195.0
30 19 56.0 93.0
64 45 68.0 152.0
25 17 38.0 1.0
49 12 177.0 22.0
16 23 26.0 20.0
25 42 71.0 84.0
59 65 20.0 172.0
63 11 177.0 31.0
29 43 173.0 185.0
21 28 48.0 41.0
40 6 10.0 38.0
31 16 193.0 187.0
21 24 132.0 19.0
39 9 57.0 3.0
30 45 197.0 30.0
53 12 164.0 126.0
54 56 88.0 137.0
34 10 23.0 88.0
7 38 69.0 33.0
41 23 0.0 62.0
29 40 18.0 132.0
20 23 13.0 27.0
65 32 64.0 163.0
41 38 160.0 28.0
28 32 58.0 48.0
46 9 20.0 33.0
5 39 104.0 89.0
12 36 171.0 104.0
30 15 24.0 189.0
55 65 92.0 190.0
29 38 96.0 156.0
6 38 51.0 56.0
62 59 149.0 61.0
7 37 158.0 169.0
12 37 103.0 62.0
40 2 99.0 26.0
10 35 135.0 123.0
31 18 161.0 28.0
63 45 69.0 10.0
32 16 126.0 72.0
9 40 67.0 75.0
19 38 45.0 178.0
22 26 18.0 100.0
48 2 170.0 69.0
42 36 180.0 105.0
61 60 133.0 142.0
29 19 47.0 2.0
27 19 45.0 125.0
27 17 93.0 113.0
45 5 6.0 138.0
28 25 146.0 176.0
65 25 161.0 116.0
60 33 153.0 93.0
19 26 81.0 86.0
1 47 62.0 128.0
60 21 27.0 59.0
38 35 109.0 120.0
11 37 3.0 67.0
19 60 68.0 149.0
38 9 184.0 181.0
27 24 147.0 90.0
30 16 106.0 29.0
43 8 84.0 120.0
43 2 74.0 63.0
24 25 71.0 183.0
39 6 99.0 74.0
3 43 39.0 119.0
41 8 82.0 176.0
18 30 142.0 29.0
2 27 163.0 48.0
59 35 83.0 199.0
59 38 4.0 158.0
46 44 97.0 27.0
22 20 94.0 196.0
25 31 72.0 85.0
46 52 97.0 154.0
24 26 74.0 191.0
17 29 162.0 37.0
45 4 12.0 45.0
49 58 3.0 168.0
36 15 193.0 100.0
24 14 32.0 87.0
38 10 86.0 104.0
57 65 65.0 135.0
8 37 187.0 91.0
17 33 31.0 101.0
15 32 74.0 195.0
46 1 199.0 77.0
33 15 162.0 144.0
21 27 143.0 146.0
20 28 94.0 181.0
11 53 5.0 111.0
56 60 113.0 145.0
59 19 58.0 96.0
40 47 48.0 132.0
65 4 168.0 199.0
21 39 69.0 82.0
18 32 187.0 164.0
33 14 42.0 33.0
61 34 9.0 47.0
34 15 40.0 75.0
49 1 136.0 98.0
47 4 175.0 184.0
1 28 137.0 95.0
46 5 111.0 158.0
35 15 139.0 99.0
22 39 187.0 181.0
38 3 185.0 149.0
9 41 116.0 177.0
56 58 19.0 53.0
50 2 56.0 194.0
6 44 5.0 194.0
40 12 81.0 117.0
30 31 0.0 172.0
7 42 186.0 140.0
40 60 12.0 123.0
31 19 20.0 81.0
1 59 42.0 39.0
49 2 49.0 98.0
20 29 151.0 54.0
23 26 24.0 32.0
37 13 96.0 177.0
36 38 150.0 34.0
13 36 31.0 114.0
1 45 43.0 51.0
9 35 157.0 85.0
35 19 161.0 6.0
42 8 25.0 112.0
20 30 179.0 1.0
23 21 117.0 27.0
40 48 61.0 19.0
48 42 85.0 44.0
56 7 162.0 80.0
40 10 72.0 119.0
66 16 81.0 33.0
31 58 26.0 58.0
9 29 152.0 157.0
44 8 93.0 21.0
19 45 121.0 107.0
21 40 55.0 7.0
4 49 90.0 17.0
62 58 58.0 162.0
46 6 56.0 91.0
32 46 95.0 34.0
51 43 6.0 0.0
35 17 175.0 52.0
25 26 188.0 97.0
59 23 14.0 43.0
42 10 52.0 104.0
28 46 68.0 62.0
23 30 67.0 124.0
19 33 71.0 115.0
6 48 80.0 29.0
27 56 150.0 7.0
33 8 159.0 138.0
21 48 160.0 173.0
19 64 47.0 12.0
20 33 119.0 115.0
3 48 139.0 186.0
16 37 54.0 162.0
1 52 57.0 134.0
40 14 169.0 7.0
51 45 166.0 80.0
31 20 129.0 126.0
24 10 83.0 177.0
37 31 50.0 2.0
13 39 187.0 189.0
57 22 115.0 193.0
62 30 72.0 172.0
14 60 75.0 41.0
7 46 13.0 41.0
36 37 162.0 94.0
40 56 81.0 46.0
29 24 104.0 131.0
7 45 40.0 44.0
44 7 71.0 155.0
48 5 42.0 143.0
11 38 144.0 117.0
20 32 138.0 109.0
2 42 145.0 101.0
12 42 95.0 26.0
54 57 145.0 151.0
48 8 159.0 137.0
58 65 6.0 31.0
14 36 37.0 48.0
36 28 122.0 181.0
5 50 162.0 61.0
51 11 73.0 59.0
17 36 64.0 168.0
17 60 83.0 161.0
52 47 156.0 42.0
45 44 17.0 162.0
21 34 159.0 55.0
23 29 10.0 34.0
32 22 125.0 124.0
33 23 174.0 150.0
22 29 122.0 38.0
28 23 160.0 157.0
53 38 193.0 68.0
10 43 25.0 162.0
29 25 23.0 136.0
15 41 189.0 34.0
38 31 26.0 66.0
47 2 68.0 0.0
6 47 27.0 142.0
31 24 145.0 188.0
19 32 76.0 90.0
39 17 183.0 101.0
18 36 180.0 159.0
11 41 25.0 169.0
49 6 150.0 4.0
6 55 89.0 170.0
44 9 42.0 117.0
15 38 167.0 188.0
47 7 104.0 43.0
3 54 58.0 88.0
3 51 46.0 190.0
61 9 199.0 71.0
40 15 103.0 101.0
46 10 83.0 192.0
64 42 53.0 78.0
34 19 32.0 21.0
14 42 132.0 136.0
52 6 199.0 142.0
1 54 71.0 197.0
41 35 144.0 71.0
25 30 32.0 47.0
22 33 37.0 115.0
6 50 67.0 91.0
9 45 12.0 99.0
49 3 145.0 96.0
3 52 140.0 96.0
29 26 167.0 11.0
41 2 162.0 111.0
50 27 11.0 194.0
62 50 2.0 49.0
46 17 170.0 22.0
45 10 36.0 182.0
12 43 26.0 134.0
39 15 191.0 118.0
30 28 38.0 110.0
65 50 131.0 152.0
21 33 184.0 142.0
8 52 14.0 187.0
53 2 191.0 185.0
50 7 96.0 28.0
29 27 170.0 74.0
16 42 20.0 113.0
26 30 45.0 10.0
53 31 79.0 128.0
33 26 68.0 64.0
16 40 98.0 34.0
30 27 46.0 41.0
56 24 193.0 94.0
15 43 80.0 163.0
41 10 42.0 100.0
11 48 97.0 87.0
55 2 134.0 128.0
30 51 53.0 154.0
52 7 159.0 103.0
50 10 3.0 6.0
17 45 54.0 196.0
29 28 85.0 134.0
61 55 41.0 127.0
13 43 75.0 90.0
30 29 126.0 161.0
31 27 158.0 179.0
4 53 15.0 118.0
49 51 50.0 170.0
22 35 101.0 104.0
5 47 18.0 187.0
56 21 130.0 11.0
53 3 120.0 157.0
61 45 35.0 198.0
11 44 193.0 193.0
35 21 49.0 160.0
48 4 68.0 99.0
1 58 79.0 169.0
14 45 27.0 98.0
10 47 112.0 158.0
26 28 35.0 33.0
55 20 123.0 22.0
40 20 78.0 68.0
44 38 170.0 79.0
43 28 113.0 190.0
19 36 185.0 193.0
31 52 147.0 13.0
49 10 19.0 60.0
17 40 176.0 6.0
13 46 142.0 52.0
5 54 27.0 172.0
31 29 117.0 197.0
62 27 22.0 183.0
38 21 72.0 7.0
23 35 27.0 172.0
4 54 134.0 199.0
24 33 9.0 110.0
40 18 86.0 151.0
14 43 40.0 113.0
41 18 15.0 158.0
31 22 54.0 37.0
41 19 192.0 79.0
20 41 160.0 171.0
6 7 168.0 94.0
36 21 170.0 177.0
24 58 106.0 56.0
36 24 37.0 147.0
32 26 186.0 4.0
57 16 19.0 192.0
22 37 102.0 11.0
17 42 165.0 63.0
47 13 89.0 133.0
23 36 186.0 59.0
8 50 101.0 92.0
55 5 171.0 90.0
57 21 46.0 109.0
43 17 20.0 17.0
36 61 56.0 75.0
51 9 124.0 21.0
19 40 162.0 13.0
58 3 10.0 148.0
64 7 79.0 63.0
50 11 184.0 50.0
62 55 86.0 183.0
28 27 43.0 58.0
57 4 48.0 99.0
54 7 119.0 172.0
48 7 46.0 33.0
32 50 100.0 8.0
54 12 13.0 179.0
39 23 127.0 198.0
11 49 59.0 13.0
17 44 114.0 103.0
16 44 28.0 162.0
46 14 55.0 99.0
60 2 80.0 53.0
32 30 95.0 132.0
63 2 60.0 108.0
33 27 90.0 187.0
48 13 21.0 150.0
5 60 29.0 87.0
24 32 139.0 57.0
27 40 8.0 146.0
24 37 59.0 40.0
61 1 98.0 106.0
33 30 185.0 110.0
60 25 64.0 28.0
50 12 26.0 37.0
10 60 198.0 7.0
64 14 111.0 89.0
35 26 119.0 119.0
8 54 1.0 130.0
52 9 177.0 99.0
50 9 180.0 115.0
23 37 14.0 44.0
26 47 160.0 193.0
58 5 134.0 110.0
9 54 47.0 45.0
37 27 176.0 167.0
37 26 18.0 129.0
1 60 41.0 195.0
19 44 3.0 21.0
32 29 78.0 169.0
56 6 106.0 190.0
59 4 36.0 40.0
16 49 193.0 84.0
44 50 136.0 169.0
59 2 186.0 106.0
51 12 22.0 27.0
52 12 169.0 177.0
57 8 117.0 48.0
48 15 128.0 176.0
38 25 48.0 165.0
18 44 113.0 41.0
15 44 152.0 1.0
35 28 92.0 91.0
24 39 125.0 115.0
23 38 89.0 94.0
22 40 5.0 158.0
25 37 80.0 85.0
57 3 109.0 81.0
38 49 55.0 23.0
42 19 98.0 160.0
13 52 197.0 190.0
58 2 96.0 122.0
61 3 197.0 185.0
26 36 52.0 154.0
53 59 133.0 84.0
4 60 198.0 195.0
10 51 77.0 5.0
4 58 182.0 175.0
13 51 194.0 179.0
14 47 181.0 90.0
58 7 189.0 178.0
59 6 154.0 41.0
59 5 119.0 40.0
66 4 35.0 117.0
46 16 151.0 112.0
39 25 113.0 134.0
62 2 83.0 107.0
37 21 141.0 16.0
44 40 5.0 130.0
43 20 157.0 112.0
31 32 147.0 76.0
52 14 144.0 134.0
57 9 61.0 95.0
31 34 194.0 174.0
57 2 166.0 29.0
46 11 16.0 59.0
54 16 73.0 22.0
50 14 168.0 30.0
50 15 177.0 68.0
30 24 25.0 121.0
1 63 86.0 39.0
18 46 149.0 32.0
4 51 86.0 67.0
63 3 101.0 102.0
38 27 187.0 174.0
19 47 0.0 107.0
63 28 171.0 177.0
11 54 179.0 196.0
41 17 121.0 65.0
21 43 152.0 22.0
49 14 172.0 38.0
25 34 138.0 73.0
42 22 83.0 125.0
56 25 121.0 84.0
51 66 138.0 44.0
46 19 35.0 117.0
45 21 181.0 108.0
9 56 48.0 133.0
64 32 138.0 20.0
53 16 89.0 28.0
11 55 151.0 172.0
20 38 49.0 25.0
15 66 190.0 187.0
55 7 91.0 25.0
60 6 127.0 72.0
24 42 186.0 176.0
48 61 153.0 76.0
48 17 86.0 42.0
59 8 98.0 38.0
43 9 101.0 148.0
42 15 147.0 91.0
66 1 135.0 190.0
3 62 120.0 62.0
17 47 158.0 58.0
14 61 29.0 111.0
56 8 199.0 115.0
63 5 0.0 50.0
49 13 157.0 102.0
26 40 29.0 56.0
9 3 167.0 116.0
10 55 33.0 40.0
58 9 108.0 143.0
24 53 175.0 137.0
53 20 137.0 127.0
44 23 183.0 90.0
5 61 164.0 92.0
30 35 103.0 146.0
63 4 54.0 23.0
43 24 67.0 39.0
38 28 50.0 175.0
40 24 53.0 178.0
32 35 84.0 143.0
50 19 161.0 67.0
3 64 18.0 77.0
46 66 5.0 74.0
43 46 183.0 12.0
45 36 177.0 50.0
51 63 79.0 28.0
47 20 65.0 84.0
11 57 97.0 101.0
59 58 189.0 10.0
1 50 44.0 160.0
8 53 101.0 49.0
60 38 147.0 84.0
29 36 155.0 124.0
28 39 108.0 186.0
65 3 125.0 125.0
29 37 110.0 174.0
17 50 132.0 52.0
66 3 39.0 176.0
18 34 81.0 140.0
23 45 8.0 28.0
62 9 176.0 163.0
46 21 23.0 36.0
65 2 69.0 149.0
57 13 39.0 132.0
56 12 36.0 123.0
39 44 50.0 75.0
64 4 20.0 83.0
60 8 55.0 28.0
31 36 128.0 31.0
25 43 15.0 152.0
64 62 73.0 37.0
39 58 140.0 65.0
36 33 157.0 128.0
42 18 21.0 7.0
25 41 66.0 193.0
38 32 72.0 73.0
59 10 112.0 1.0
11 58 10.0 127.0
44 26 38.0 83.0
31 39 94.0 131.0
18 48 33.0 51.0
63 6 41.0 54.0
53 15 157.0 59.0
7 62 88.0 30.0
55 14 17.0 0.0
49 20 150.0 27.0
47 21 33.0 140.0
57 6 4.0 128.0
65 5 2.0 37.0
47 34 146.0 43.0
62 10 110.0 104.0
48 23 128.0 150.0
5 64 109.0 146.0
13 54 178.0 59.0
35 40 0.0 11.0
15 54 106.0 4.0
50 18 69.0 108.0
19 53 176.0 15.0
58 13 146.0 38.0
36 34 74.0 74.0
35 33 73.0 183.0
52 18 86.0 51.0
6 62 169.0 86.0
34 38 33.0 27.0
20 50 122.0 102.0
55 31 149.0 50.0
26 45 195.0 47.0
62 11 121.0 21.0
42 31 96.0 195.0
18 47 49.0 182.0
22 49 72.0 170.0
10 53 53.0 105.0
65 15 179.0 127.0
45 53 67.0 80.0
51 19 1.0 14.0
10 61 198.0 122.0
44 66 48.0 46.0
44 25 33.0 98.0
42 32 66.0 105.0
60 11 6.0 71.0
53 17 153.0 137.0
41 27 99.0 172.0
22 48 49.0 52.0
27 42 72.0 199.0
25 46 64.0 120.0
48 26 77.0 98.0
48 52 161.0 95.0
20 52 193.0 119.0
23 50 197.0 98.0
37 46 75.0 48.0
61 12 137.0 76.0
40 30 72.0 9.0
37 34 52.0 89.0
33 39 195.0 129.0
49 35 165.0 156.0
60 13 11.0 158.0
43 30 63.0 160.0
17 65 90.0 138.0
34 30 137.0 179.0
47 25 19.0 162.0
14 54 73.0 71.0
59 14 84.0 68.0
36 32 176.0 49.0
12 60 192.0 139.0
50 16 1.0 55.0
20 48 17.0 43.0
45 28 57.0 106.0
58 16 183.0 76.0
43 27 61.0 57.0
20 46 134.0 98.0
37 62 162.0 110.0
20 51 180.0 154.0
27 61 7.0 181.0
45 25 123.0 176.0
55 52 160.0 180.0
7 65 23.0 144.0
29 42 160.0 36.0
39 35 188.0 46.0
34 41 45.0 150.0
48 25 57.0 26.0
38 30 78.0 16.0
26 49 134.0 1.0
14 58 179.0 95.0
21 50 49.0 2.0
60 15 174.0 161.0
34 64 111.0 163.0
54 30 24.0 109.0
59 15 93.0 33.0
27 39 182.0 124.0
55 32 70.0 69.0
9 64 104.0 50.0
22 63 3.0 153.0
41 33 73.0 177.0
53 25 92.0 184.0
40 34 32.0 68.0
9 65 179.0 78.0
48 28 97.0 113.0
56 29 194.0 120.0
51 23 157.0 99.0
33 37 122.0 160.0
53 22 48.0 147.0
45 40 44.0 141.0
49 24 109.0 29.0
38 37 166.0 88.0
21 55 44.0 15.0
44 31 187.0 191.0
32 41 184.0 144.0
51 28 69.0 58.0
59 17 33.0 118.0
61 13 17.0 30.0
13 62 131.0 127.0
46 33 131.0 49.0
21 53 106.0 127.0
39 57 10.0 93.0
23 52 111.0 146.0
53 29 97.0 180.0
45 29 153.0 83.0
18 57 82.0 123.0
65 11 194.0 165.0
35 29 139.0 77.0
11 64 184.0 197.0
36 40 91.0 194.0
18 61 30.0 2.0
33 44 161.0 79.0
43 31 199.0 67.0
38 42 55.0 81.0
60 9 161.0 49.0
34 39 45.0 100.0
32 45 62.0 182.0
62 16 171.0 153.0
10 65 69.0 153.0
20 57 180.0 31.0
28 57 30.0 179.0
45 35 32.0 86.0
33 43 24.0 193.0
61 15 49.0 22.0
61 17 35.0 111.0
31 47 153.0 6.0
36 43 15.0 23.0
18 58 98.0 196.0
44 35 96.0 129.0
22 55 151.0 128.0
41 50 68.0 127.0
63 17 63.0 117.0
38 51 190.0 98.0
24 54 17.0 143.0
21 29 166.0 185.0
17 62 180.0 65.0
31 48 0.0 76.0
54 19 167.0 151.0
26 52 149.0 36.0
12 65 38.0 164.0
65 14 179.0 180.0
48 32 141.0 196.0
58 20 118.0 60.0
37 43 127.0 99.0
55 25 88.0 79.0
12 62 18.0 55.0
27 66 146.0 167.0
28 50 179.0 184.0
54 26 73.0 158.0
53 27 186.0 166.0
27 49 58.0 104.0
30 47 30.0 137.0
65 18 71.0 118.0
58 15 166.0 89.0
51 31 62.0 112.0
6 65 95.0 193.0
61 23 157.0 168.0
37 49 154.0 143.0
45 34 120.0 12.0
61 19 190.0 151.0
47 23 71.0 13.0
25 51 13.0 37.0
62 18 59.0 27.0
32 51 68.0 154.0
42 40 190.0 177.0
58 17 26.0 144.0
29 52 28.0 146.0
29 50 178.0 171.0
16 65 66.0 1.0
57 26 158.0 31.0
47 29 194.0 169.0
25 57 164.0 14.0
21 61 63.0 155.0
29 49 89.0 89.0
63 18 171.0 70.0
38 45 60.0 149.0
49 33 72.0 79.0
29 34 184.0 182.0
59 25 9.0 178.0
59 27 130.0 174.0
54 25 104.0 194.0
55 26 45.0 193.0
60 23 13.0 16.0
48 27 138.0 73.0
20 64 113.0 162.0
58 28 88.0 49.0
36 48 29.0 50.0
63 21 10.0 111.0
56 26 93.0 114.0
19 65 68.0 138.0
24 60 132.0 33.0
36 47 197.0 70.0
22 62 26.0 62.0
59 26 130.0 67.0
35 48 13.0 111.0
49 36 54.0 176.0
37 47 125.0 147.0
31 54 178.0 194.0
46 34 170.0 110.0
47 32 50.0 119.0
48 39 198.0 28.0
30 58 184.0 128.0
56 28 161.0 149.0
41 44 95.0 167.0
64 23 70.0 21.0
55 30 98.0 48.0
64 21 185.0 20.0
41 40 111.0 187.0
32 39 167.0 109.0
49 32 131.0 103.0
16 63 196.0 45.0
38 47 98.0 44.0
38 48 32.0 120.0
54 27 82.0 130.0
37 50 74.0 67.0
21 62 163.0 185.0
65 22 37.0 82.0
53 34 169.0 120.0
46 39 120.0 165.0
60 28 9.0 170.0
25 61 162.0 42.0
26 58 43.0 45.0
35 53 117.0 117.0
32 63 45.0 80.0
59 29 87.0 34.0
44 27 42.0 56.0
47 43 2.0 162.0
40 65 114.0 163.0
62 26 138.0 76.0
50 38 5.0 181.0
44 43 161.0 122.0
63 24 108.0 6.0
60 27 170.0 196.0
55 24 170.0 12.0
54 35 66.0 124.0
34 49 138.0 180.0
54 34 175.0 77.0
42 46 172.0 180.0
52 38 69.0 85.0
33 58 126.0 178.0
7 61 133.0 48.0
42 47 61.0 104.0
49 39 55.0 79.0
35 57 66.0 146.0
65 26 53.0 41.0
30 60 198.0 177.0
37 39 133.0 68.0
51 37 92.0 12.0
64 25 54.0 26.0
58 29 117.0 67.0
57 33 83.0 173.0
26 64 81.0 149.0
52 22 31.0 134.0
65 21 41.0 30.0
34 58 136.0 126.0
59 39 172.0 28.0
64 24 176.0 26.0
57 27 151.0 46.0
27 36 54.0 34.0
61 30 88.0 87.0
55 38 90.0 119.0
27 51 68.0 83.0
36 58 199.0 4.0
61 31 51.0 171.0
43 49 79.0 179.0
13 64 92.0 30.0
56 1 38.0 98.0
39 52 29.0 126.0
53 40 148.0 71.0
31 62 51.0 16.0
43 45 15.0 50.0
58 53 100.0 66.0
30 63 120.0 131.0
35 56 20.0 164.0
24 50 34.0 10.0
39 54 111.0 63.0
29 64 186.0 60.0
43 50 155.0 37.0
66 63 110.0 171.0
64 30 138.0 162.0
62 29 107.0 10.0
34 57 138.0 79.0
60 31 190.0 172.0
29 65 65.0 53.0
51 42 161.0 52.0
46 48 95.0 116.0
35 60 47.0 157.0
31 57 112.0 185.0
39 56 172.0 171.0
43 48 111.0 110.0
53 44 70.0 53.0
56 42 46.0 136.0
42 50 66.0 159.0
51 39 167.0 113.0
35 51 144.0 166.0
59 37 154.0 8.0
50 48 21.0 78.0
53 39 122.0 85.0
56 4 99.0 145.0
61 32 170.0 145.0
49 44 58.0 36.0
36 60 150.0 177.0
64 31 114.0 94.0
55 40 99.0 20.0
64 37 17.0 121.0
61 26 164.0 92.0
37 52 46.0 63.0
52 43 43.0 16.0
43 53 99.0 101.0
23 65 31.0 50.0
31 65 23.0 97.0
47 53 186.0 122.0
44 47 157.0 156.0
56 34 2.0 73.0
64 35 155.0 48.0
54 46 16.0 198.0
34 65 31.0 115.0
51 48 57.0 14.0
45 50 13.0 32.0
38 61 99.0 152.0
49 47 8.0 8.0
54 42 41.0 10.0
36 59 121.0 148.0
41 59 150.0 137.0
60 59 184.0 133.0
35 61 32.0 193.0
43 54 190.0 197.0
42 57 35.0 41.0
43 56 165.0 43.0
41 54 155.0 158.0
56 44 145.0 76.0
55 45 106.0 48.0
46 47 140.0 42.0
39 63 91.0 124.0
48 47 146.0 82.0
54 49 184.0 134.0
46 55 159.0 102.0
52 45 54.0 115.0
58 46 75.0 152.0
48 45 31.0 133.0
42 59 14.0 123.0
54 51 128.0 106.0
58 35 199.0 27.0
54 48 92.0 136.0
43 41 81.0 4.0
65 35 121.0 88.0
48 53 27.0 149.0
43 58 125.0 58.0
47 57 77.0 92.0
65 36 109.0 157.0
57 40 57.0 108.0
52 41 44.0 102.0
58 41 85.0 125.0
41 61 143.0 6.0
64 38 149.0 171.0
62 41 104.0 75.0
59 30 151.0 181.0
61 42 159.0 60.0
43 60 124.0 16.0
44 54 152.0 168.0
53 55 105.0 37.0
40 50 17.0 1.0
49 55 45.0 166.0
45 57 172.0 149.0
55 51 29.0 124.0
31 13 47.0 140.0
66 40 23.0 172.0
59 47 108.0 175.0
57 46 198.0 165.0
38 65 62.0 167.0
56 38 44.0 107.0
60 47 143.0 168.0
39 65 111.0 173.0
62 43 134.0 158.0
54 53 154.0 109.0
41 66 161.0 14.0
46 45 112.0 159.0
56 51 36.0 126.0
65 41 195.0 32.0
46 59 85.0 138.0
58 50 74.0 148.0
50 51 103.0 9.0
56 52 116.0 9.0
66 24 59.0 77.0
41 64 53.0 171.0
51 58 31.0 41.0
66 38 78.0 26.0
60 42 72.0 163.0
47 64 109.0 147.0
63 15 63.0 165.0
64 43 37.0 179.0
62 42 9.0 97.0
51 57 65.0 14.0
45 54 2.0 96.0
58 45 60.0 33.0
49 52 124.0 85.0
64 51 182.0 186.0
60 53 174.0 45.0
60 52 131.0 164.0
42 66 182.0 92.0
59 48 152.0 47.0
62 48 147.0 106.0
45 65 66.0 8.0
58 55 100.0 191.0
54 58 73.0 34.0
59 50 109.0 47.0
61 43 191.0 193.0
50 56 10.0 173.0
50 57 58.0 114.0
64 52 190.0 5.0
47 61 104.0 57.0
63 52 39.0 156.0
39 66 57.0 64.0
61 59 180.0 166.0
46 63 52.0 171.0
57 52 141.0 14.0
53 66 137.0 151.0
53 61 116.0 80.0
61 50 132.0 172.0
43 66 66.0 124.0
51 62 43.0 75.0
34 66 80.0 23.0
60 64 102.0 84.0
52 61 113.0 43.0
63 20 30.0 3.0
57 55 176.0 99.0
57 48 61.0 61.0
44 48 22.0 79.0
61 63 178.0 66.0
58 64 52.0 10.0
66 50 80.0 154.0
48 64 122.0 146.0
65 52 150.0 104.0
48 66 108.0 126.0
55 54 179.0 169.0
54 62 2.0 1.0
63 59 101.0 132.0
59 66 97.0 154.0
63 55 84.0 130.0
57 58 105.0 158.0
64 57 113.0 55.0
61 46 45.0 21.0
62 46 102.0 24.0
62 52 96.0 56.0
56 53 58.0 149.0
49 65 174.0 155.0
56 66 126.0 58.0
23 58 42.0 183.0
32 59 0.0 107.0
47 66 198.0 45.0
2 4 164.0 52.0
36 57 196.0 12.0
21 49 82.0 54.0
61 65 85.0 8.0
62 66 64.0 11.0
61 64 169.0 59.0
55 34 111.0 169.0
50 33 69.0 61.0
66 61 139.0 186.0
56 14 71.0 135.0
53 64 82.0 105.0
63 60 54.0 167.0
57 61 71.0 70.0
61 56 64.0 40.0
62 61 47.0 175.0
65 43 69.0 116.0
54 47 77.0 8.0
55 64 117.0 100.0
65 56 44.0 199.0
58 47 156.0 50.0
49 60 80.0 27.0
59 52 2.0 144.0
1 2 109.0 49.0
64 66 114.0 178.0
65 53 177.0 191.0
36 64 24.0 95.0
66 57 120.0 68.0
59 56 119.0 28.0
50 53 146.0 151.0
48 63 54.0 101.0
64 54 130.0 163.0
60 66 145.0 196.0
64 65 66.0 122.0
8 40 78.0 90.0
34 60 85.0 150.0
65 51 22.0 157.0
23 62 11.0 168.0
61 40 26.0 66.0
60 57 144.0 108.0
57 63 107.0 41.0
54 63 25.0 173.0
38 63 53.0 104.0
49 61 5.0 91.0
0
