64 2016 40 7 151505
24 17 168.0 36.0
32 31 169.0 167.0
52 64 133.0 37.0
18 8 162.0 69.0
59 10 178.0 53.0
60 30 126.0 14.0
3 43 94.0 100.0
14 10 53.0 82.0
26 48 128.0 21.0
14 29 177.0 97.0
29 31 197.0 110.0
39 20 144.0 160.0
30 38 56.0 74.0
3 2 12.0 182.0
44 59 32.0 59.0
4 62 132.0 85.0
45 59 58.0 60.0
24 7 35.0 35.0
37 10 106.0 32.0
29 17 41.0 2.0
54 62 32.0 97.0
63 48 153.0 196.0
42 24 76.0 185.0
22 64 113.0 8.0
58 30 80.0 123.0
36 55 127.0 115.0
64 37 36.0 186.0
53 61 106.0 77.0
58 40 87.0 138.0
23 31 176.0 192.0
55 3 43.0 4.0
2 54 82.0 108.0
19 9 117.0 163.0
63 15 150.0 44.0
51 15 79.0 186.0
12 48 140.0 137.0
23 52 53.0 180.0
18 29 7.0 181.0
31 26 7.0 50.0
15 32 136.0 42.0
40 38 85.0 53.0
52 19 22.0 187.0
33 62 3.0 53.0
46 31 35.0 96.0
18 45 82.0 88.0
9 30 159.0 90.0
56 61 109.0 166.0
28 33 146.0 46.0
6 60 105.0 184.0
14 12 182.0 127.0
10 45 190.0 137.0
11 10 43.0 177.0
54 43 166.0 125.0
8 40 198.0 125.0
37 44 111.0 108.0
13 43 169.0 10.0
38 43 59.0 74.0
54 42 14.0 193.0
22 59 111.0 156.0
5 47 177.0 106.0
25 57 143.0 143.0
32 29 59.0 142.0
9 35 68.0 123.0
13 6 17.0 189.0
48 49 44.0 28.0
26 6 159.0 11.0
1 24 68.0 22.0
6 10 157.0 45.0
2 10 112.0 101.0
18 28 177.0 172.0
62 40 57.0 197.0
45 20 107.0 74.0
4 32 124.0 103.0
37 35 180.0 83.0
59 27 39.0 0.0
36 39 148.0 149.0
28 27 52.0 60.0
54 41 194.0 182.0
16 52 59.0 51.0
7 54 169.0 118.0
21 23 161.0 94.0
57 50 74.0 93.0
12 7 174.0 114.0
45 16 183.0 122.0
2 11 62.0 187.0
64 58 151.0 56.0
46 12 115.0 162.0
1 34 173.0 37.0
56 36 143.0 86.0
21 44 152.0 18.0
50 21 117.0 126.0
36 34 116.0 52.0
10 5 7.0 178.0
18 59 158.0 110.0
6 18 37.0 26.0
51 48 113.0 10.0
19 41 62.0 8.0
21 59 53.0 14.0
15 22 113.0 123.0
55 8 30.0 181.0
32 40 177.0 189.0
34 45 46.0 87.0
62 34 183.0 84.0
17 7 130.0 48.0
5 11 123.0 193.0
44 16 1.0 128.0
11 4 194.0 67.0
52 41 194.0 176.0
17 47 57.0 171.0
27 52 143.0 104.0
21 5 157.0 126.0
11 31 81.0 87.0
15 17 121.0 4.0
33 6 92.0 123.0
49 31 115.0 39.0
7 40 150.0 62.0
22 58 199.0 8.0
45 33 121.0 94.0
37 13 190.0 78.0
43 46 81.0 72.0
63 37 38.0 2.0
42 38 50.0 82.0
4 2 58.0 117.0
42 52 174.0 160.0
46 41 9.0 126.0
9 53 140.0 82.0
2 1 139.0 83.0
47 4 76.0 20.0
40 24 49.0 66.0
61 45 120.0 51.0
47 41 63.0 130.0
29 43 65.0 37.0
20 4 147.0 74.0
57 62 177.0 88.0
62 36 99.0 116.0
39 10 165.0 175.0
33 34 164.0 166.0
15 10 116.0 84.0
51 39 38.0 131.0
18 41 68.0 103.0
45 58 20.0 15.0
12 2 60.0 149.0
43 2 56.0 159.0
11 56 170.0 174.0
25 61 174.0 87.0
7 36 96.0 42.0
11 54 195.0 86.0
31 30 130.0 15.0
23 63 157.0 102.0
7 2 16.0 169.0
13 33 79.0 25.0
24 32 0.0 1.0
28 9 49.0 174.0
3 14 54.0 97.0
47 32 36.0 49.0
61 17 43.0 166.0
15 5 188.0 152.0
16 34 44.0 5.0
3 4 169.0 75.0
38 53 24.0 169.0
62 32 33.0 26.0
25 60 7.0 87.0
28 49 135.0 195.0
1 43 54.0 178.0
47 11 158.0 43.0
44 41 5.0 154.0
47 14 67.0 174.0
2 16 78.0 91.0
47 54 7.0 111.0
50 7 4.0 14.0
55 34 94.0 139.0
12 15 10.0 101.0
25 41 4.0 168.0
17 19 78.0 161.0
32 56 112.0 145.0
7 37 76.0 143.0
27 7 99.0 83.0
7 3 147.0 103.0
13 5 86.0 194.0
9 64 65.0 96.0
40 41 135.0 21.0
59 23 193.0 13.0
14 7 3.0 58.0
43 26 52.0 79.0
2 9 68.0 103.0
13 39 127.0 16.0
34 43 65.0 14.0
42 31 48.0 130.0
8 48 169.0 183.0
6 61 106.0 115.0
3 22 156.0 61.0
47 46 189.0 161.0
49 1 124.0 58.0
40 43 176.0 4.0
21 35 197.0 41.0
1 61 63.0 45.0
13 2 65.0 185.0
17 37 90.0 171.0
58 42 7.0 46.0
23 48 38.0 196.0
49 47 199.0 114.0
25 55 20.0 175.0
25 17 73.0 17.0
13 55 72.0 88.0
11 42 26.0 137.0
14 45 54.0 68.0
22 44 75.0 61.0
27 35 2.0 65.0
17 53 97.0 1.0
12 1 91.0 69.0
18 64 93.0 116.0
54 61 0.0 117.0
39 63 155.0 178.0
44 8 16.0 162.0
51 40 140.0 44.0
10 30 50.0 143.0
18 57 44.0 99.0
58 25 26.0 87.0
24 28 13.0 71.0
24 62 189.0 165.0
60 40 14.0 97.0
47 44 56.0 31.0
19 20 20.0 149.0
49 5 178.0 22.0
61 58 69.0 174.0
18 62 153.0 47.0
25 40 127.0 166.0
37 4 55.0 69.0
43 31 121.0 22.0
10 46 115.0 129.0
1 39 16.0 87.0
6 11 167.0 146.0
39 49 128.0 36.0
46 29 101.0 81.0
4 24 167.0 181.0
14 1 60.0 22.0
1 13 49.0 133.0
58 24 81.0 164.0
62 29 168.0 98.0
10 29 48.0 135.0
14 44 2.0 128.0
8 10 114.0 56.0
33 54 194.0 33.0
24 57 7.0 54.0
5 29 54.0 8.0
52 5 96.0 135.0
14 2 42.0 64.0
63 40 51.0 42.0
20 3 82.0 53.0
12 6 43.0 149.0
5 12 185.0 37.0
15 36 195.0 144.0
1 15 186.0 1.0
14 9 5.0 83.0
43 60 56.0 199.0
36 50 174.0 107.0
52 57 198.0 8.0
63 54 72.0 41.0
13 15 34.0 58.0
2 17 57.0 181.0
60 63 184.0 44.0
8 1 145.0 141.0
5 4 29.0 153.0
63 13 2.0 3.0
5 45 50.0 0.0
34 27 165.0 123.0
41 6 50.0 152.0
56 54 194.0 108.0
53 49 139.0 178.0
56 49 113.0 84.0
62 6 99.0 143.0
1 16 29.0 53.0
39 31 136.0 32.0
57 20 176.0 53.0
25 62 127.0 27.0
52 8 7.0 122.0
15 6 126.0 146.0
45 15 89.0 191.0
20 7 76.0 189.0
2 19 151.0 57.0
49 18 152.0 87.0
37 38 188.0 81.0
35 5 189.0 116.0
6 5 42.0 148.0
6 7 119.0 168.0
45 24 199.0 8.0
31 6 87.0 27.0
25 30 96.0 38.0
47 55 27.0 1.0
28 59 21.0 15.0
63 28 193.0 163.0
42 16 68.0 35.0
47 60 34.0 139.0
19 12 16.0 186.0
18 1 193.0 55.0
27 23 81.0 41.0
13 35 95.0 108.0
29 44 170.0 68.0
8 56 184.0 163.0
8 47 101.0 4.0
13 3 172.0 87.0
28 42 92.0 140.0
40 61 193.0 37.0
19 7 14.0 74.0
42 39 197.0 61.0
19 42 169.0 168.0
34 4 56.0 105.0
51 47 35.0 109.0
62 45 0.0 159.0
23 5 13.0 44.0
1 26 138.0 6.0
33 10 185.0 152.0
48 54 73.0 182.0
31 47 55.0 194.0
51 37 68.0 111.0
19 5 167.0 55.0
50 24 191.0 120.0
28 45 163.0 156.0
7 1 62.0 101.0
12 30 11.0 47.0
19 62 112.0 36.0
15 3 22.0 168.0
60 24 93.0 42.0
29 2 173.0 12.0
25 5 83.0 116.0
50 25 151.0 46.0
27 60 134.0 165.0
25 13 74.0 145.0
4 9 133.0 187.0
53 12 47.0 155.0
35 22 94.0 92.0
24 26 15.0 67.0
30 32 142.0 51.0
56 50 194.0 45.0
46 35 5.0 128.0
47 26 72.0 80.0
55 12 27.0 5.0
23 2 168.0 26.0
23 24 61.0 63.0
49 3 69.0 29.0
35 1 73.0 164.0
50 34 30.0 19.0
5 36 146.0 36.0
61 21 139.0 170.0
32 25 117.0 166.0
26 57 151.0 85.0
16 37 143.0 165.0
40 59 49.0 13.0
59 42 155.0 74.0
11 15 14.0 138.0
50 47 174.0 113.0
3 44 185.0 113.0
4 64 148.0 54.0
56 4 191.0 100.0
41 42 175.0 134.0
36 20 37.0 24.0
61 59 71.0 144.0
11 1 42.0 85.0
1 23 154.0 168.0
3 10 93.0 91.0
9 58 39.0 194.0
62 47 181.0 30.0
24 14 74.0 156.0
8 7 45.0 63.0
7 32 127.0 116.0
51 58 2.0 121.0
17 50 138.0 109.0
59 25 186.0 183.0
19 58 87.0 25.0
40 9 38.0 20.0
22 41 37.0 112.0
53 16 90.0 82.0
48 55 129.0 17.0
49 19 8.0 83.0
2 6 101.0 146.0
34 42 195.0 87.0
36 2 34.0 34.0
10 55 46.0 73.0
31 2 42.0 83.0
18 39 152.0 132.0
29 23 124.0 81.0
41 53 20.0 132.0
62 31 54.0 121.0
9 42 171.0 1.0
43 20 99.0 157.0
10 63 23.0 145.0
1 37 185.0 65.0
4 6 119.0 137.0
28 51 92.0 195.0
12 3 43.0 64.0
7 11 22.0 49.0
3 19 124.0 145.0
38 8 78.0 175.0
6 49 5.0 53.0
5 9 151.0 190.0
21 40 119.0 22.0
26 59 32.0 163.0
59 36 8.0 75.0
62 38 15.0 31.0
56 17 165.0 92.0
24 12 117.0 195.0
61 34 41.0 122.0
48 58 187.0 192.0
33 56 42.0 59.0
50 39 83.0 74.0
11 30 119.0 43.0
6 1 58.0 86.0
20 51 186.0 175.0
63 35 186.0 103.0
4 43 139.0 179.0
36 60 187.0 126.0
51 42 75.0 29.0
8 12 114.0 110.0
22 19 39.0 185.0
5 14 135.0 49.0
27 41 48.0 122.0
12 26 14.0 186.0
4 30 102.0 153.0
9 12 179.0 42.0
34 40 81.0 54.0
12 10 140.0 147.0
3 16 3.0 131.0
21 30 6.0 91.0
6 30 0.0 54.0
5 16 2.0 167.0
15 7 45.0 56.0
25 11 26.0 24.0
51 8 153.0 59.0
5 56 171.0 45.0
36 17 47.0 126.0
46 2 115.0 53.0
31 44 29.0 67.0
4 35 8.0 31.0
4 48 115.0 54.0
59 31 60.0 93.0
38 2 161.0 13.0
57 3 155.0 84.0
3 17 96.0 155.0
53 57 115.0 163.0
37 55 71.0 144.0
26 56 28.0 80.0
3 18 104.0 95.0
4 7 130.0 164.0
3 9 158.0 43.0
12 17 126.0 65.0
4 53 71.0 174.0
46 18 49.0 138.0
14 6 88.0 72.0
42 25 128.0 68.0
63 53 107.0 32.0
2 62 199.0 189.0
5 3 170.0 157.0
17 55 3.0 48.0
44 15 24.0 27.0
32 22 30.0 25.0
9 34 161.0 71.0
59 4 192.0 89.0
56 51 160.0 51.0
48 41 53.0 159.0
42 29 89.0 23.0
20 56 38.0 93.0
6 25 108.0 14.0
46 64 37.0 91.0
33 19 42.0 151.0
1 19 61.0 187.0
27 15 137.0 21.0
56 14 8.0 191.0
42 7 196.0 97.0
16 8 187.0 186.0
63 17 4.0 48.0
21 1 32.0 41.0
6 9 58.0 26.0
50 30 99.0 119.0
45 46 187.0 189.0
19 4 179.0 147.0
27 29 88.0 128.0
4 27 153.0 28.0
44 5 58.0 109.0
56 16 172.0 42.0
24 54 32.0 182.0
19 63 38.0 84.0
44 42 125.0 25.0
62 37 151.0 56.0
2 41 60.0 192.0
4 13 166.0 165.0
17 52 167.0 176.0
5 8 25.0 91.0
9 26 74.0 58.0
24 55 130.0 65.0
32 59 172.0 55.0
32 49 136.0 75.0
25 36 147.0 148.0
48 42 39.0 65.0
29 51 118.0 158.0
3 8 5.0 144.0
36 27 58.0 31.0
17 1 15.0 189.0
60 37 106.0 139.0
21 63 109.0 194.0
35 31 25.0 56.0
8 19 148.0 17.0
5 24 129.0 66.0
34 59 4.0 86.0
21 62 116.0 14.0
1 25 105.0 83.0
33 31 164.0 163.0
30 14 23.0 73.0
44 43 10.0 0.0
20 5 72.0 110.0
58 26 170.0 153.0
20 32 160.0 126.0
20 2 122.0 76.0
25 33 152.0 179.0
8 17 171.0 116.0
52 15 54.0 146.0
57 44 180.0 17.0
13 40 109.0 4.0
1 62 100.0 31.0
2 22 8.0 60.0
27 9 2.0 83.0
41 39 183.0 106.0
14 23 8.0 154.0
37 30 140.0 15.0
9 49 116.0 72.0
4 12 72.0 26.0
2 58 189.0 124.0
56 41 73.0 150.0
49 42 25.0 27.0
16 46 4.0 8.0
2 5 176.0 13.0
32 61 167.0 68.0
45 22 179.0 36.0
26 23 11.0 51.0
9 7 94.0 152.0
48 15 192.0 119.0
56 27 135.0 17.0
8 58 91.0 91.0
60 1 107.0 67.0
13 14 0.0 26.0
2 21 54.0 132.0
21 8 4.0 65.0
16 58 78.0 50.0
10 1 111.0 70.0
29 24 100.0 198.0
17 43 156.0 191.0
43 35 183.0 15.0
26 42 30.0 135.0
41 60 188.0 84.0
4 14 18.0 144.0
6 8 94.0 48.0
14 48 185.0 6.0
7 21 127.0 37.0
63 61 193.0 35.0
13 8 192.0 128.0
52 32 3.0 22.0
28 43 38.0 144.0
56 57 181.0 8.0
4 1 104.0 76.0
48 27 190.0 42.0
16 7 37.0 117.0
17 6 154.0 182.0
59 39 149.0 146.0
6 57 160.0 153.0
35 34 41.0 150.0
13 12 77.0 23.0
48 36 94.0 133.0
5 22 27.0 84.0
48 34 171.0 16.0
18 47 59.0 77.0
21 49 186.0 9.0
41 3 75.0 146.0
36 58 52.0 116.0
6 21 22.0 81.0
31 8 131.0 69.0
47 10 53.0 159.0
44 32 164.0 176.0
15 39 34.0 176.0
11 8 174.0 20.0
21 3 166.0 49.0
3 24 175.0 170.0
42 61 104.0 150.0
4 36 161.0 187.0
45 43 31.0 15.0
11 32 152.0 148.0
6 29 75.0 138.0
30 56 64.0 50.0
47 36 198.0 30.0
1 22 83.0 173.0
37 36 71.0 139.0
7 39 19.0 185.0
13 11 51.0 2.0
1 20 141.0 155.0
59 46 39.0 168.0
37 3 34.0 103.0
39 62 143.0 184.0
3 23 194.0 178.0
10 54 80.0 18.0
29 12 69.0 99.0
52 14 50.0 72.0
45 60 182.0 143.0
41 49 29.0 22.0
51 54 56.0 15.0
22 4 105.0 152.0
21 4 143.0 99.0
57 22 92.0 175.0
11 12 27.0 113.0
9 13 84.0 30.0
4 15 140.0 18.0
14 11 120.0 169.0
39 26 137.0 176.0
42 33 47.0 194.0
36 22 59.0 142.0
1 27 35.0 151.0
15 9 72.0 15.0
58 46 173.0 108.0
3 32 8.0 113.0
16 36 141.0 80.0
18 10 61.0 30.0
50 1 148.0 108.0
23 35 33.0 7.0
17 31 113.0 20.0
16 10 183.0 137.0
25 31 107.0 156.0
62 46 44.0 67.0
9 16 180.0 138.0
2 25 44.0 41.0
18 54 63.0 192.0
10 17 72.0 48.0
6 53 139.0 137.0
33 44 144.0 122.0
10 31 198.0 3.0
22 6 156.0 194.0
26 21 29.0 137.0
38 27 46.0 25.0
23 4 32.0 61.0
10 9 183.0 104.0
58 11 89.0 122.0
54 6 94.0 186.0
36 38 175.0 92.0
24 2 37.0 132.0
44 54 176.0 18.0
2 26 31.0 22.0
31 36 183.0 15.0
8 20 25.0 118.0
35 50 135.0 67.0
55 14 113.0 29.0
51 26 62.0 89.0
48 22 186.0 52.0
15 2 145.0 162.0
59 49 128.0 129.0
7 10 115.0 64.0
25 15 186.0 93.0
64 25 13.0 73.0
38 39 63.0 127.0
23 7 191.0 126.0
22 8 135.0 177.0
4 26 115.0 32.0
6 19 48.0 195.0
11 9 178.0 115.0
27 17 169.0 165.0
17 13 37.0 183.0
22 31 172.0 101.0
16 13 19.0 115.0
54 14 109.0 154.0
17 9 13.0 176.0
53 21 110.0 13.0
32 18 177.0 40.0
26 5 10.0 99.0
45 35 193.0 47.0
20 9 22.0 165.0
8 26 188.0 41.0
39 52 15.0 98.0
30 51 185.0 180.0
7 43 182.0 47.0
60 49 164.0 111.0
46 51 145.0 174.0
12 18 188.0 138.0
31 1 2.0 10.0
10 36 167.0 190.0
23 33 188.0 134.0
20 35 113.0 173.0
13 22 135.0 47.0
6 32 10.0 52.0
18 11 14.0 156.0
9 39 123.0 154.0
23 6 191.0 125.0
41 4 23.0 110.0
21 9 71.0 11.0
8 57 171.0 136.0
14 17 74.0 59.0
48 64 64.0 85.0
18 4 90.0 30.0
56 34 94.0 165.0
39 27 174.0 85.0
30 61 113.0 149.0
33 1 103.0 136.0
58 10 62.0 27.0
17 11 104.0 137.0
27 2 38.0 120.0
28 4 158.0 128.0
7 13 94.0 52.0
32 35 93.0 68.0
31 19 182.0 158.0
19 56 131.0 38.0
10 13 33.0 194.0
56 44 52.0 137.0
10 42 176.0 90.0
25 28 152.0 134.0
33 20 152.0 46.0
54 36 67.0 197.0
54 60 15.0 1.0
8 24 178.0 99.0
25 38 159.0 11.0
17 45 185.0 11.0
6 16 22.0 113.0
11 20 41.0 127.0
3 54 167.0 145.0
25 63 125.0 34.0
59 29 60.0 93.0
20 41 84.0 39.0
14 43 165.0 43.0
25 4 165.0 150.0
30 8 134.0 187.0
55 51 1.0 127.0
16 12 32.0 168.0
64 60 73.0 158.0
24 36 170.0 134.0
9 8 32.0 6.0
48 19 182.0 149.0
21 11 166.0 147.0
51 16 128.0 52.0
9 1 193.0 129.0
8 14 76.0 26.0
14 57 148.0 149.0
28 36 86.0 70.0
41 38 88.0 70.0
56 52 136.0 22.0
27 3 136.0 102.0
25 7 162.0 64.0
46 27 42.0 108.0
45 55 49.0 70.0
47 52 113.0 149.0
24 44 167.0 151.0
17 46 175.0 55.0
33 55 14.0 63.0
5 17 9.0 102.0
56 7 109.0 171.0
33 24 156.0 103.0
20 6 139.0 157.0
22 7 199.0 52.0
1 30 174.0 119.0
33 47 72.0 102.0
37 14 156.0 38.0
28 13 106.0 165.0
20 34 171.0 167.0
57 15 134.0 80.0
28 6 188.0 73.0
41 7 22.0 139.0
23 9 114.0 148.0
58 59 141.0 138.0
26 3 3.0 98.0
38 32 80.0 61.0
1 46 73.0 4.0
4 29 95.0 7.0
1 29 17.0 35.0
11 19 144.0 191.0
50 37 122.0 10.0
31 53 62.0 15.0
14 18 99.0 17.0
50 64 185.0 131.0
5 27 159.0 58.0
4 42 197.0 54.0
43 50 160.0 166.0
10 21 105.0 56.0
3 11 192.0 179.0
64 59 196.0 7.0
25 3 93.0 47.0
12 20 115.0 30.0
9 18 94.0 27.0
3 34 108.0 91.0
20 10 43.0 21.0
40 14 17.0 100.0
23 10 15.0 162.0
34 18 85.0 163.0
17 16 105.0 130.0
15 26 160.0 172.0
20 13 60.0 6.0
50 18 60.0 121.0
15 19 26.0 55.0
12 36 123.0 196.0
11 55 11.0 90.0
2 28 128.0 97.0
8 2 7.0 33.0
29 7 94.0 119.0
22 55 142.0 155.0
8 37 186.0 154.0
35 58 197.0 165.0
29 3 54.0 73.0
8 15 102.0 66.0
10 24 34.0 182.0
11 22 187.0 193.0
2 30 83.0 81.0
16 29 70.0 178.0
8 25 90.0 9.0
55 31 114.0 40.0
33 2 158.0 169.0
45 12 198.0 12.0
55 59 148.0 184.0
11 59 40.0 87.0
24 6 138.0 76.0
38 63 126.0 160.0
59 50 136.0 168.0
16 25 30.0 51.0
2 34 54.0 140.0
31 3 165.0 52.0
52 61 165.0 65.0
55 18 161.0 6.0
27 43 183.0 51.0
41 37 178.0 61.0
22 47 29.0 115.0
16 14 168.0 11.0
19 25 153.0 22.0
17 35 107.0 118.0
31 56 133.0 73.0
9 32 162.0 46.0
7 18 153.0 146.0
7 26 147.0 83.0
54 39 132.0 128.0
61 13 110.0 52.0
31 4 100.0 15.0
5 62 18.0 160.0
54 58 61.0 151.0
25 23 81.0 176.0
33 3 62.0 186.0
10 38 23.0 161.0
13 59 192.0 107.0
20 14 74.0 55.0
26 63 189.0 126.0
61 23 129.0 7.0
27 8 87.0 142.0
14 15 157.0 120.0
24 9 26.0 171.0
4 16 52.0 49.0
16 15 4.0 44.0
12 44 156.0 30.0
43 22 30.0 145.0
44 1 19.0 111.0
56 6 124.0 58.0
24 11 116.0 33.0
6 45 69.0 142.0
22 14 111.0 121.0
44 39 70.0 116.0
19 10 43.0 178.0
21 13 3.0 25.0
29 57 43.0 174.0
63 33 18.0 120.0
28 3 153.0 134.0
55 54 199.0 22.0
13 41 24.0 110.0
15 59 135.0 46.0
62 10 84.0 179.0
37 61 80.0 39.0
54 22 187.0 124.0
13 24 161.0 157.0
23 15 11.0 114.0
26 11 93.0 10.0
22 10 199.0 69.0
6 27 128.0 134.0
45 26 97.0 13.0
23 45 67.0 177.0
3 38 16.0 6.0
23 8 151.0 177.0
8 28 127.0 162.0
23 13 14.0 172.0
23 34 145.0 165.0
25 9 9.0 26.0
62 48 91.0 106.0
28 20 61.0 110.0
58 29 138.0 77.0
32 16 37.0 89.0
28 5 80.0 116.0
29 8 23.0 94.0
26 60 198.0 120.0
31 27 131.0 159.0
32 1 133.0 174.0
19 16 141.0 146.0
36 1 135.0 32.0
9 29 82.0 125.0
62 50 54.0 162.0
43 41 171.0 29.0
20 18 33.0 169.0
17 49 138.0 165.0
17 4 150.0 23.0
21 12 80.0 91.0
26 44 128.0 16.0
38 46 74.0 10.0
31 21 72.0 129.0
61 39 151.0 44.0
10 27 13.0 185.0
31 63 143.0 103.0
11 16 121.0 93.0
22 9 41.0 2.0
53 43 57.0 121.0
24 37 149.0 132.0
57 46 189.0 22.0
18 16 136.0 92.0
34 6 29.0 101.0
52 37 77.0 125.0
43 59 25.0 198.0
3 6 16.0 18.0
18 21 137.0 25.0
25 14 80.0 39.0
59 54 198.0 21.0
64 27 14.0 86.0
16 28 179.0 196.0
64 2 73.0 56.0
60 31 47.0 50.0
32 46 185.0 15.0
10 25 185.0 75.0
32 2 176.0 17.0
21 17 110.0 126.0
22 16 0.0 76.0
12 28 46.0 179.0
58 60 37.0 71.0
17 22 57.0 36.0
40 44 8.0 42.0
35 3 97.0 193.0
22 12 14.0 74.0
13 26 106.0 124.0
22 42 20.0 59.0
32 8 75.0 19.0
51 35 172.0 64.0
17 18 11.0 181.0
16 21 50.0 19.0
12 23 180.0 148.0
20 15 80.0 195.0
27 14 43.0 139.0
38 1 154.0 16.0
12 27 166.0 29.0
21 15 146.0 90.0
33 7 152.0 157.0
48 50 92.0 154.0
34 7 124.0 72.0
37 20 155.0 5.0
60 57 115.0 150.0
39 23 186.0 69.0
15 24 135.0 105.0
40 4 144.0 81.0
44 7 66.0 48.0
56 12 117.0 110.0
12 25 134.0 41.0
32 5 45.0 89.0
7 30 44.0 160.0
41 1 63.0 31.0
31 9 128.0 150.0
11 27 102.0 24.0
31 50 45.0 120.0
37 6 133.0 162.0
11 23 23.0 67.0
16 24 1.0 68.0
20 16 10.0 45.0
51 13 195.0 25.0
37 57 0.0 75.0
30 3 133.0 54.0
53 40 0.0 179.0
38 14 26.0 134.0
34 10 4.0 49.0
4 38 66.0 157.0
15 18 12.0 28.0
30 5 99.0 159.0
62 11 141.0 51.0
8 33 58.0 26.0
10 32 142.0 11.0
28 7 100.0 121.0
19 59 16.0 104.0
57 30 194.0 82.0
6 36 151.0 158.0
29 11 97.0 2.0
57 23 38.0 190.0
5 31 97.0 49.0
7 61 25.0 191.0
5 34 159.0 126.0
16 26 27.0 176.0
13 19 116.0 21.0
18 52 37.0 67.0
27 16 154.0 134.0
20 38 91.0 144.0
47 42 20.0 140.0
38 13 162.0 46.0
53 5 31.0 122.0
51 27 6.0 58.0
35 7 29.0 122.0
19 14 12.0 18.0
23 17 142.0 166.0
15 40 76.0 186.0
28 10 62.0 96.0
27 55 159.0 176.0
59 35 29.0 190.0
61 26 9.0 187.0
49 23 147.0 38.0
28 58 118.0 112.0
35 47 96.0 61.0
20 22 150.0 172.0
21 22 40.0 164.0
20 61 85.0 199.0
32 14 139.0 66.0
42 1 127.0 100.0
61 44 119.0 26.0
37 59 62.0 38.0
25 18 14.0 110.0
37 5 127.0 164.0
63 1 169.0 167.0
62 23 60.0 7.0
37 26 2.0 151.0
64 61 195.0 81.0
5 38 43.0 115.0
6 35 119.0 57.0
53 8 54.0 134.0
24 20 55.0 133.0
60 22 152.0 177.0
44 25 127.0 164.0
50 12 193.0 82.0
8 60 14.0 188.0
39 6 22.0 9.0
26 10 116.0 93.0
7 31 90.0 122.0
7 49 113.0 146.0
16 23 128.0 65.0
3 39 124.0 8.0
25 27 168.0 117.0
17 20 77.0 134.0
2 18 26.0 51.0
20 21 4.0 94.0
37 18 106.0 94.0
1 5 134.0 171.0
28 37 182.0 14.0
50 55 65.0 107.0
28 11 70.0 185.0
11 57 100.0 99.0
35 2 34.0 78.0
39 29 122.0 190.0
46 22 118.0 180.0
40 3 49.0 4.0
4 44 156.0 31.0
34 51 10.0 174.0
26 19 53.0 32.0
23 18 199.0 105.0
18 40 79.0 186.0
5 41 105.0 154.0
62 55 43.0 24.0
23 19 177.0 44.0
38 6 97.0 86.0
36 8 89.0 59.0
52 44 3.0 142.0
47 9 7.0 154.0
48 37 147.0 38.0
29 15 34.0 53.0
48 6 117.0 29.0
26 34 65.0 94.0
38 45 123.0 114.0
26 18 116.0 12.0
17 26 38.0 71.0
11 50 146.0 45.0
23 28 91.0 45.0
21 19 107.0 125.0
40 2 193.0 24.0
45 39 33.0 58.0
2 37 147.0 108.0
32 13 113.0 15.0
60 55 37.0 103.0
41 21 134.0 183.0
48 46 11.0 177.0
64 15 111.0 70.0
13 29 190.0 56.0
54 19 72.0 175.0
14 26 87.0 171.0
61 12 87.0 0.0
28 14 89.0 77.0
1 45 138.0 175.0
4 39 25.0 102.0
28 17 16.0 88.0
60 9 88.0 158.0
24 19 0.0 160.0
1 40 78.0 87.0
33 9 48.0 118.0
8 35 97.0 89.0
64 42 1.0 35.0
30 16 128.0 178.0
31 12 81.0 97.0
3 42 172.0 169.0
14 33 63.0 124.0
61 60 187.0 94.0
42 2 48.0 187.0
40 45 14.0 145.0
22 61 63.0 167.0
31 34 84.0 143.0
52 9 125.0 165.0
57 47 141.0 49.0
7 38 83.0 5.0
33 36 42.0 22.0
30 13 70.0 42.0
4 33 131.0 36.0
9 37 94.0 146.0
6 51 17.0 178.0
59 8 82.0 94.0
54 9 52.0 24.0
30 17 110.0 135.0
33 12 95.0 104.0
56 60 109.0 117.0
23 20 158.0 193.0
62 60 115.0 52.0
46 7 64.0 84.0
18 19 58.0 146.0
21 14 144.0 110.0
48 7 135.0 6.0
12 35 131.0 182.0
50 28 96.0 193.0
27 21 18.0 54.0
46 60 59.0 85.0
2 50 167.0 123.0
53 30 174.0 177.0
33 41 47.0 70.0
47 61 50.0 135.0
52 38 148.0 133.0
5 18 126.0 196.0
57 36 142.0 96.0
26 20 151.0 1.0
2 39 155.0 70.0
36 9 89.0 130.0
41 57 30.0 89.0
2 45 168.0 32.0
32 12 62.0 68.0
31 16 12.0 140.0
40 6 178.0 106.0
4 60 178.0 81.0
64 57 33.0 134.0
43 5 192.0 74.0
28 19 197.0 174.0
20 31 81.0 165.0
52 59 71.0 95.0
36 29 167.0 84.0
35 10 100.0 97.0
42 5 185.0 78.0
27 45 34.0 170.0
30 15 149.0 178.0
17 41 100.0 146.0
27 13 186.0 181.0
31 14 149.0 57.0
27 22 41.0 116.0
13 46 134.0 141.0
21 24 178.0 119.0
1 59 117.0 12.0
24 48 199.0 18.0
24 53 110.0 99.0
61 9 78.0 48.0
38 34 77.0 179.0
30 18 35.0 119.0
37 21 108.0 169.0
34 12 121.0 86.0
38 11 121.0 190.0
24 18 41.0 121.0
61 5 57.0 103.0
44 2 18.0 87.0
57 28 159.0 95.0
19 39 79.0 194.0
19 30 11.0 187.0
11 35 142.0 84.0
16 33 21.0 16.0
15 31 63.0 14.0
46 14 66.0 120.0
28 21 28.0 84.0
11 61 93.0 188.0
21 25 173.0 172.0
43 64 110.0 137.0
33 11 115.0 4.0
22 24 34.0 88.0
20 27 171.0 97.0
52 2 191.0 189.0
50 27 155.0 20.0
47 1 104.0 0.0
31 45 48.0 30.0
37 12 75.0 110.0
34 13 140.0 191.0
46 4 197.0 175.0
20 25 9.0 168.0
1 28 171.0 1.0
36 13 93.0 78.0
54 8 131.0 150.0
47 2 191.0 132.0
47 3 191.0 66.0
54 50 197.0 132.0
42 36 127.0 194.0
36 19 77.0 136.0
27 18 111.0 0.0
8 39 99.0 156.0
33 15 113.0 183.0
22 25 137.0 104.0
54 52 19.0 81.0
39 11 173.0 168.0
9 59 155.0 100.0
24 25 155.0 185.0
8 42 45.0 18.0
49 8 126.0 96.0
34 8 24.0 40.0
6 42 8.0 113.0
33 17 152.0 27.0
38 12 183.0 77.0
44 6 41.0 91.0
29 19 149.0 148.0
17 32 78.0 194.0
24 27 79.0 4.0
11 40 21.0 55.0
22 18 112.0 29.0
14 34 75.0 16.0
12 39 168.0 58.0
4 10 95.0 9.0
34 54 87.0 196.0
15 37 122.0 165.0
35 18 60.0 154.0
5 39 59.0 33.0
18 33 94.0 123.0
23 37 177.0 121.0
11 52 114.0 145.0
44 9 106.0 161.0
41 14 44.0 145.0
13 31 190.0 119.0
49 26 150.0 51.0
35 61 13.0 9.0
52 21 121.0 59.0
57 21 66.0 51.0
8 61 40.0 180.0
48 30 23.0 99.0
32 19 7.0 19.0
60 11 139.0 198.0
41 10 46.0 41.0
2 49 184.0 59.0
34 15 15.0 58.0
21 29 161.0 81.0
22 23 16.0 2.0
26 25 62.0 191.0
50 44 4.0 22.0
54 53 113.0 143.0
22 30 58.0 159.0
12 40 177.0 43.0
46 3 42.0 192.0
47 6 123.0 3.0
64 38 51.0 92.0
41 12 156.0 113.0
9 38 148.0 160.0
4 49 80.0 61.0
15 38 83.0 139.0
8 41 86.0 60.0
44 53 53.0 80.0
19 34 21.0 176.0
35 14 51.0 72.0
2 48 102.0 159.0
34 25 84.0 50.0
9 56 72.0 165.0
35 16 33.0 155.0
31 18 129.0 119.0
60 32 1.0 182.0
20 63 28.0 22.0
3 45 187.0 79.0
40 64 160.0 41.0
48 5 39.0 45.0
36 43 95.0 111.0
39 14 160.0 128.0
50 3 54.0 89.0
4 45 186.0 7.0
22 62 168.0 14.0
43 6 10.0 107.0
28 15 196.0 171.0
50 49 100.0 187.0
10 40 52.0 147.0
35 19 152.0 12.0
29 30 179.0 158.0
51 2 113.0 118.0
33 5 21.0 34.0
22 29 15.0 183.0
52 1 35.0 163.0
5 46 108.0 136.0
53 1 118.0 112.0
51 5 91.0 70.0
11 41 109.0 23.0
26 62 91.0 175.0
51 3 156.0 64.0
20 29 193.0 123.0
30 20 181.0 28.0
46 53 142.0 41.0
22 28 167.0 61.0
10 44 64.0 11.0
51 1 161.0 173.0
30 23 152.0 53.0
29 25 164.0 60.0
21 32 24.0 157.0
46 8 164.0 157.0
43 9 110.0 107.0
8 43 39.0 29.0
26 30 19.0 103.0
19 37 153.0 181.0
58 27 142.0 58.0
43 11 77.0 106.0
42 12 181.0 53.0
53 2 111.0 98.0
17 54 169.0 21.0
44 11 32.0 160.0
22 26 69.0 4.0
16 38 124.0 23.0
17 34 82.0 67.0
40 30 110.0 159.0
9 45 94.0 43.0
52 3 39.0 157.0
10 43 127.0 160.0
46 6 175.0 112.0
47 7 130.0 45.0
22 53 80.0 7.0
54 35 108.0 162.0
27 30 92.0 170.0
55 39 165.0 186.0
50 4 6.0 156.0
50 13 6.0 85.0
9 41 75.0 133.0
53 3 70.0 157.0
30 24 155.0 150.0
47 58 142.0 16.0
23 32 129.0 34.0
39 17 108.0 46.0
34 22 142.0 66.0
39 48 10.0 100.0
38 19 166.0 37.0
50 8 66.0 37.0
10 48 102.0 22.0
53 7 143.0 196.0
25 39 129.0 73.0
52 24 24.0 37.0
51 32 48.0 118.0
15 43 107.0 11.0
7 45 119.0 74.0
40 16 59.0 138.0
13 45 103.0 113.0
4 54 78.0 46.0
28 56 47.0 7.0
1 54 121.0 71.0
5 50 58.0 121.0
45 11 66.0 117.0
62 16 32.0 138.0
50 6 153.0 91.0
55 1 90.0 56.0
18 63 157.0 120.0
9 46 21.0 4.0
45 44 80.0 142.0
42 14 79.0 90.0
4 52 185.0 97.0
33 22 53.0 17.0
57 1 51.0 158.0
17 38 83.0 93.0
38 18 147.0 40.0
41 15 122.0 168.0
64 23 191.0 2.0
54 21 25.0 22.0
27 26 51.0 162.0
11 48 170.0 56.0
11 46 10.0 22.0
30 44 2.0 93.0
28 26 175.0 149.0
29 28 104.0 50.0
36 53 57.0 95.0
36 11 197.0 34.0
34 21 0.0 0.0
8 45 74.0 170.0
40 19 53.0 84.0
2 55 93.0 7.0
42 17 97.0 21.0
34 24 6.0 1.0
18 42 172.0 15.0
63 2 11.0 121.0
11 37 79.0 11.0
30 28 1.0 105.0
31 28 42.0 6.0
36 3 87.0 88.0
9 48 197.0 184.0
50 9 7.0 155.0
44 35 105.0 180.0
24 35 74.0 117.0
47 12 105.0 106.0
63 36 45.0 106.0
48 3 25.0 87.0
51 4 50.0 65.0
21 38 168.0 199.0
21 36 126.0 128.0
21 39 153.0 32.0
26 54 136.0 180.0
33 21 196.0 41.0
3 56 155.0 193.0
15 42 92.0 180.0
12 43 196.0 94.0
56 38 138.0 165.0
46 15 30.0 17.0
33 27 66.0 135.0
7 51 83.0 3.0
55 6 155.0 31.0
43 16 13.0 110.0
34 11 65.0 105.0
17 48 191.0 61.0
22 51 45.0 81.0
32 27 176.0 27.0
44 36 49.0 43.0
55 23 88.0 85.0
6 52 195.0 195.0
38 22 150.0 8.0
22 39 139.0 167.0
42 45 62.0 82.0
7 52 134.0 60.0
2 56 10.0 63.0
10 51 137.0 11.0
5 54 154.0 177.0
19 27 58.0 101.0
49 11 176.0 160.0
1 56 97.0 68.0
44 17 18.0 160.0
29 33 177.0 105.0
35 25 14.0 139.0
50 10 34.0 151.0
5 40 68.0 140.0
47 13 129.0 78.0
9 63 136.0 57.0
2 57 176.0 33.0
53 34 94.0 147.0
2 59 177.0 23.0
43 18 150.0 191.0
58 31 120.0 184.0
24 38 26.0 140.0
4 55 174.0 107.0
36 18 29.0 62.0
13 49 22.0 5.0
13 44 111.0 116.0
53 13 32.0 88.0
47 24 175.0 182.0
59 5 51.0 47.0
28 35 113.0 29.0
62 49 21.0 40.0
57 7 46.0 50.0
51 11 144.0 68.0
41 50 173.0 55.0
42 21 187.0 5.0
55 29 3.0 115.0
61 2 53.0 6.0
24 39 163.0 119.0
58 4 127.0 185.0
32 26 116.0 174.0
5 57 60.0 60.0
28 32 112.0 33.0
58 3 88.0 52.0
22 40 37.0 43.0
37 22 135.0 90.0
53 42 63.0 51.0
9 51 86.0 190.0
40 37 171.0 2.0
24 63 42.0 183.0
26 35 91.0 107.0
47 40 185.0 179.0
7 63 111.0 174.0
58 6 115.0 199.0
26 33 146.0 178.0
63 57 165.0 32.0
30 43 44.0 136.0
52 12 129.0 86.0
20 40 94.0 20.0
19 43 86.0 31.0
55 7 52.0 150.0
30 35 199.0 167.0
58 1 189.0 98.0
43 21 199.0 154.0
52 10 117.0 43.0
55 9 2.0 47.0
60 2 35.0 48.0
15 47 48.0 74.0
28 34 161.0 101.0
33 32 124.0 113.0
14 50 80.0 65.0
42 20 162.0 31.0
26 29 129.0 32.0
41 16 86.0 83.0
51 52 173.0 74.0
46 19 6.0 22.0
25 37 49.0 119.0
48 57 61.0 125.0
44 20 89.0 93.0
13 18 176.0 3.0
3 60 10.0 57.0
7 58 21.0 48.0
49 14 41.0 146.0
59 6 98.0 47.0
44 18 139.0 99.0
64 49 146.0 152.0
35 29 80.0 187.0
51 64 25.0 8.0
43 58 149.0 35.0
61 4 180.0 122.0
63 29 84.0 21.0
47 19 184.0 135.0
31 24 89.0 75.0
60 5 81.0 188.0
13 52 148.0 161.0
1 64 97.0 173.0
43 57 191.0 198.0
49 15 58.0 123.0
23 40 129.0 142.0
61 38 7.0 114.0
16 48 179.0 48.0
37 27 43.0 60.0
58 5 130.0 144.0
64 14 82.0 27.0
36 26 26.0 25.0
42 46 38.0 84.0
3 62 18.0 167.0
34 30 176.0 25.0
56 42 192.0 107.0
33 30 74.0 188.0
29 37 141.0 4.0
7 5 31.0 23.0
13 48 11.0 9.0
41 26 51.0 49.0
51 14 184.0 69.0
59 47 177.0 112.0
59 3 181.0 121.0
29 34 32.0 7.0
29 38 195.0 125.0
45 53 61.0 178.0
21 46 154.0 72.0
16 50 9.0 157.0
50 15 196.0 145.0
23 43 95.0 125.0
49 16 15.0 77.0
29 53 149.0 199.0
40 26 148.0 96.0
53 11 124.0 10.0
10 53 0.0 30.0
61 36 150.0 10.0
42 23 189.0 98.0
10 57 41.0 85.0
23 38 25.0 56.0
17 51 151.0 127.0
55 5 155.0 99.0
35 62 169.0 32.0
43 25 100.0 170.0
13 54 167.0 2.0
48 29 4.0 109.0
20 59 192.0 46.0
10 56 162.0 170.0
24 41 193.0 113.0
59 7 179.0 101.0
47 16 18.0 148.0
10 49 149.0 70.0
51 57 194.0 69.0
38 28 47.0 198.0
4 63 184.0 192.0
44 19 17.0 98.0
28 53 91.0 10.0
54 12 51.0 22.0
47 21 96.0 70.0
53 15 148.0 45.0
23 44 41.0 142.0
45 29 168.0 89.0
39 28 92.0 104.0
52 28 62.0 109.0
33 35 192.0 153.0
28 40 83.0 195.0
40 17 92.0 131.0
48 21 27.0 192.0
41 28 88.0 68.0
52 22 116.0 56.0
13 56 41.0 160.0
57 12 83.0 103.0
53 58 179.0 27.0
42 55 84.0 15.0
20 47 102.0 128.0
64 5 119.0 81.0
63 6 82.0 7.0
42 27 105.0 150.0
54 16 148.0 147.0
21 45 24.0 31.0
50 20 44.0 3.0
58 13 177.0 128.0
64 7 192.0 79.0
38 31 185.0 111.0
30 36 176.0 68.0
62 7 118.0 82.0
7 60 12.0 67.0
40 27 43.0 188.0
51 18 46.0 87.0
27 57 79.0 23.0
50 23 3.0 72.0
47 56 179.0 188.0
57 13 44.0 156.0
23 47 12.0 162.0
52 62 106.0 24.0
50 19 93.0 149.0
37 34 71.0 139.0
45 25 182.0 103.0
46 20 86.0 137.0
23 54 20.0 17.0
10 61 65.0 64.0
32 36 190.0 29.0
45 19 40.0 97.0
51 23 127.0 85.0
41 31 144.0 199.0
35 39 10.0 126.0
61 3 195.0 48.0
41 29 27.0 168.0
15 54 11.0 44.0
14 53 124.0 153.0
25 47 49.0 116.0
20 49 36.0 176.0
37 33 69.0 181.0
12 49 114.0 31.0
36 35 64.0 62.0
43 39 193.0 43.0
6 64 130.0 156.0
59 12 190.0 54.0
16 39 161.0 191.0
45 49 7.0 198.0
26 38 181.0 28.0
46 24 161.0 47.0
9 57 189.0 25.0
18 53 106.0 135.0
52 36 19.0 36.0
42 43 114.0 162.0
53 50 193.0 75.0
44 27 121.0 152.0
64 8 43.0 102.0
63 8 131.0 4.0
52 20 102.0 72.0
42 32 110.0 160.0
58 14 4.0 129.0
25 46 59.0 70.0
38 51 22.0 4.0
3 63 128.0 95.0
25 49 127.0 123.0
36 40 62.0 10.0
41 23 64.0 116.0
3 64 45.0 174.0
31 40 72.0 2.0
46 28 0.0 131.0
35 40 94.0 174.0
52 31 83.0 174.0
33 39 70.0 10.0
8 62 190.0 84.0
20 53 2.0 6.0
63 5 111.0 0.0
51 19 190.0 183.0
42 30 197.0 142.0
12 58 100.0 91.0
47 27 158.0 183.0
49 24 42.0 181.0
31 37 127.0 32.0
46 23 104.0 81.0
32 37 62.0 168.0
60 13 62.0 4.0
39 32 75.0 59.0
55 19 155.0 176.0
32 48 81.0 113.0
50 22 24.0 123.0
54 20 138.0 151.0
11 64 21.0 195.0
17 57 54.0 35.0
20 55 36.0 116.0
32 41 2.0 112.0
54 49 44.0 157.0
45 30 153.0 77.0
35 38 37.0 177.0
33 40 159.0 128.0
38 33 84.0 180.0
12 62 152.0 138.0
43 24 145.0 141.0
15 58 10.0 147.0
40 29 92.0 6.0
43 33 101.0 45.0
16 55 96.0 91.0
24 51 74.0 55.0
28 47 180.0 110.0
25 48 161.0 84.0
64 26 189.0 106.0
26 50 75.0 151.0
21 55 94.0 168.0
29 47 29.0 148.0
35 41 100.0 126.0
42 35 104.0 126.0
51 21 123.0 36.0
39 37 93.0 84.0
14 62 32.0 34.0
15 60 162.0 108.0
61 14 89.0 57.0
43 32 86.0 119.0
14 59 158.0 138.0
12 60 99.0 14.0
19 57 140.0 23.0
41 36 76.0 33.0
19 61 102.0 109.0
47 34 150.0 16.0
60 18 142.0 39.0
27 49 26.0 180.0
60 16 38.0 136.0
57 31 190.0 137.0
60 10 27.0 130.0
46 33 126.0 103.0
16 59 189.0 180.0
17 58 34.0 91.0
12 64 52.0 129.0
51 25 53.0 31.0
18 58 68.0 91.0
34 39 22.0 58.0
44 34 65.0 1.0
10 64 39.0 191.0
57 16 107.0 181.0
32 45 93.0 93.0
12 63 53.0 146.0
56 22 16.0 58.0
11 63 166.0 85.0
60 14 22.0 141.0
62 15 140.0 39.0
56 15 173.0 131.0
39 40 177.0 32.0
58 38 44.0 70.0
26 53 184.0 49.0
49 30 146.0 0.0
15 61 138.0 112.0
48 31 121.0 112.0
57 4 51.0 13.0
53 19 144.0 24.0
58 41 146.0 121.0
41 34 186.0 190.0
48 28 161.0 170.0
30 39 156.0 107.0
49 29 197.0 46.0
16 63 77.0 70.0
58 21 53.0 129.0
17 60 36.0 197.0
54 25 0.0 182.0
37 42 29.0 186.0
48 33 64.0 191.0
52 26 94.0 172.0
23 56 48.0 43.0
64 19 199.0 77.0
21 56 176.0 52.0
24 56 130.0 12.0
62 13 189.0 130.0
49 37 189.0 18.0
63 14 158.0 5.0
44 38 178.0 5.0
64 16 85.0 178.0
35 57 110.0 85.0
50 29 78.0 86.0
23 53 66.0 8.0
36 45 70.0 55.0
32 34 86.0 59.0
19 60 95.0 45.0
64 17 199.0 74.0
27 53 12.0 84.0
55 26 75.0 123.0
62 20 102.0 153.0
56 18 58.0 168.0
52 29 115.0 128.0
26 46 189.0 1.0
43 37 54.0 85.0
13 64 51.0 53.0
54 27 176.0 63.0
60 35 118.0 51.0
40 42 112.0 172.0
30 47 75.0 123.0
61 16 71.0 142.0
41 30 3.0 60.0
33 51 142.0 57.0
46 37 124.0 193.0
54 28 60.0 100.0
44 64 151.0 179.0
33 49 130.0 16.0
54 29 113.0 157.0
47 38 37.0 136.0
25 52 136.0 40.0
25 53 103.0 31.0
20 48 162.0 179.0
24 59 37.0 174.0
55 58 41.0 140.0
35 49 53.0 171.0
32 55 190.0 119.0
50 38 174.0 179.0
45 37 3.0 62.0
34 52 183.0 58.0
63 46 7.0 97.0
30 52 50.0 196.0
62 9 186.0 43.0
33 52 141.0 191.0
61 18 179.0 83.0
53 32 26.0 153.0
49 34 56.0 181.0
32 50 131.0 39.0
61 33 144.0 90.0
45 41 89.0 194.0
29 56 69.0 27.0
62 27 4.0 162.0
36 51 103.0 183.0
53 33 142.0 81.0
46 30 117.0 151.0
39 47 131.0 0.0
31 51 143.0 75.0
58 63 105.0 184.0
63 22 121.0 127.0
53 37 166.0 77.0
30 54 147.0 21.0
64 21 157.0 41.0
54 32 124.0 26.0
15 55 118.0 55.0
48 40 198.0 13.0
40 46 69.0 56.0
40 50 45.0 190.0
33 50 15.0 12.0
28 61 134.0 162.0
36 14 110.0 91.0
48 43 35.0 35.0
51 12 165.0 105.0
33 58 182.0 116.0
49 36 179.0 51.0
56 25 83.0 25.0
48 35 45.0 99.0
49 38 15.0 179.0
57 33 70.0 77.0
31 54 189.0 57.0
48 38 184.0 155.0
64 24 101.0 167.0
24 61 102.0 80.0
47 37 81.0 137.0
39 53 21.0 126.0
35 56 123.0 188.0
43 47 174.0 145.0
17 62 189.0 163.0
53 35 151.0 125.0
47 45 88.0 52.0
41 51 83.0 142.0
55 57 37.0 164.0
33 59 22.0 10.0
40 49 133.0 146.0
64 20 145.0 59.0
63 30 116.0 86.0
34 57 91.0 68.0
45 48 23.0 179.0
49 43 148.0 58.0
44 46 126.0 185.0
50 52 21.0 149.0
32 58 8.0 155.0
28 55 89.0 106.0
58 34 91.0 5.0
36 46 165.0 182.0
29 61 103.0 140.0
30 62 93.0 51.0
35 55 94.0 20.0
33 60 80.0 116.0
27 61 162.0 89.0
57 32 83.0 3.0
64 29 48.0 174.0
56 39 84.0 13.0
55 30 161.0 140.0
37 56 182.0 6.0
46 39 67.0 76.0
32 64 171.0 148.0
34 63 157.0 134.0
48 44 27.0 40.0
51 44 85.0 75.0
23 58 47.0 121.0
37 58 2.0 8.0
52 43 137.0 184.0
50 46 45.0 156.0
40 54 173.0 16.0
28 64 181.0 130.0
57 59 90.0 9.0
64 34 162.0 175.0
64 30 23.0 9.0
48 47 115.0 177.0
38 57 178.0 4.0
60 29 132.0 23.0
42 57 63.0 105.0
17 59 134.0 44.0
55 41 45.0 177.0
41 59 167.0 159.0
49 46 64.0 142.0
60 20 124.0 131.0
20 58 160.0 102.0
35 52 66.0 45.0
43 55 116.0 129.0
61 31 47.0 3.0
28 60 21.0 93.0
45 50 38.0 188.0
50 51 112.0 102.0
52 46 187.0 188.0
39 60 74.0 148.0
50 42 143.0 141.0
56 55 185.0 11.0
61 55 32.0 33.0
43 56 79.0 53.0
51 49 8.0 117.0
59 38 30.0 72.0
41 63 182.0 18.0
60 34 177.0 56.0
43 61 62.0 72.0
53 52 24.0 48.0
45 56 44.0 56.0
53 48 97.0 75.0
40 52 84.0 105.0
52 48 24.0 115.0
61 41 95.0 6.0
33 64 170.0 24.0
41 62 40.0 32.0
47 53 181.0 16.0
46 54 80.0 178.0
57 39 143.0 178.0
52 49 113.0 27.0
48 56 156.0 89.0
63 43 134.0 3.0
42 60 130.0 104.0
63 44 159.0 170.0
38 55 187.0 92.0
31 64 98.0 67.0
39 58 74.0 193.0
62 43 198.0 139.0
45 57 95.0 107.0
45 51 90.0 29.0
63 27 165.0 20.0
64 39 192.0 124.0
48 60 44.0 179.0
64 56 67.0 95.0
64 41 181.0 93.0
62 44 177.0 132.0
49 58 42.0 72.0
55 52 39.0 85.0
62 42 162.0 5.0
52 45 33.0 155.0
46 56 42.0 29.0
49 57 186.0 61.0
51 43 74.0 167.0
45 63 106.0 51.0
50 58 40.0 148.0
51 61 116.0 31.0
55 49 147.0 31.0
51 53 72.0 180.0
59 51 62.0 66.0
64 47 51.0 48.0
53 62 175.0 77.0
48 59 109.0 81.0
50 61 85.0 101.0
60 51 162.0 154.0
52 60 143.0 109.0
63 47 99.0 168.0
58 44 40.0 113.0
50 63 197.0 91.0
54 37 100.0 172.0
54 57 110.0 161.0
62 51 154.0 196.0
60 44 21.0 68.0
64 45 162.0 165.0
53 60 124.0 13.0
60 38 82.0 165.0
46 34 121.0 79.0
56 53 83.0 173.0
56 40 44.0 146.0
58 57 146.0 198.0
64 53 187.0 119.0
59 62 117.0 101.0
23 60 41.0 194.0
55 46 34.0 75.0
54 64 153.0 155.0
38 54 168.0 188.0
56 59 166.0 164.0
49 63 176.0 64.0
63 55 129.0 163.0
62 56 141.0 198.0
52 63 172.0 134.0
61 46 127.0 158.0
58 52 178.0 32.0
32 63 115.0 98.0
63 62 135.0 81.0
62 64 111.0 64.0
22 49 52.0 40.0
49 61 127.0 146.0
44 49 191.0 51.0
56 58 62.0 118.0
63 51 23.0 192.0
40 55 29.0 138.0
1 48 188.0 117.0
18 48 52.0 99.0
36 23 156.0 105.0
62 58 18.0 35.0
8 4 181.0 9.0
54 45 173.0 195.0
59 60 104.0 148.0
30 59 193.0 133.0
1 3 29.0 181.0
28 62 48.0 81.0
62 61 55.0 156.0
36 64 81.0 26.0
42 13 176.0 62.0
63 64 144.0 101.0
55 64 133.0 48.0
40 57 96.0 126.0
50 60 72.0 125.0
57 61 64.0 72.0
55 44 190.0 71.0
53 59 99.0 23.0
28 44 48.0 27.0
60 21 198.0 144.0
35 15 64.0 83.0
63 59 167.0 160.0
42 63 159.0 191.0
48 61 197.0 175.0
56 63 112.0 139.0
35 64 29.0 164.0
55 53 49.0 29.0
0
