64 2016 40 7 273916
42 54 124.0 133.0
6 10 52.0 16.0
40 22 40.0 79.0
6 60 88.0 61.0
51 25 6.0 73.0
16 2 147.0 198.0
24 53 90.0 101.0
3 44 187.0 70.0
33 28 54.0 64.0
38 17 132.0 106.0
38 50 2.0 172.0
45 51 102.0 91.0
11 53 186.0 61.0
54 36 101.0 85.0
24 4 65.0 191.0
47 6 30.0 53.0
34 62 46.0 84.0
14 7 19.0 178.0
56 15 43.0 21.0
1 25 163.0 98.0
14 16 82.0 101.0
11 5 137.0 183.0
54 47 147.0 2.0
53 40 109.0 178.0
37 39 82.0 107.0
6 9 188.0 101.0
60 3 132.0 184.0
28 11 176.0 95.0
26 45 115.0 10.0
31 59 12.0 4.0
41 55 116.0 159.0
31 42 98.0 177.0
17 13 165.0 180.0
58 26 165.0 153.0
29 42 103.0 97.0
52 57 116.0 79.0
37 10 178.0 31.0
4 44 60.0 142.0
35 15 16.0 176.0
56 59 151.0 114.0
7 56 112.0 116.0
17 39 140.0 29.0
16 39 83.0 195.0
31 3 162.0 199.0
13 40 151.0 92.0
19 28 68.0 11.0
42 5 184.0 84.0
63 56 84.0 88.0
47 45 78.0 148.0
19 58 138.0 171.0
32 15 125.0 21.0
18 53 157.0 87.0
28 5 126.0 108.0
32 41 8.0 194.0
45 24 106.0 192.0
15 17 28.0 190.0
62 52 63.0 106.0
45 38 172.0 153.0
53 23 189.0 97.0
12 10 150.0 146.0
14 15 188.0 76.0
55 56 90.0 196.0
15 29 84.0 196.0
46 60 58.0 112.0
47 19 194.0 73.0
57 44 148.0 166.0
2 49 148.0 89.0
58 20 174.0 51.0
34 8 24.0 162.0
63 39 4.0 114.0
3 8 119.0 88.0
3 1 176.0 129.0
7 4 27.0 170.0
63 50 135.0 127.0
34 41 10.0 36.0
60 64 148.0 184.0
7 19 69.0 172.0
57 48 106.0 73.0
55 59 48.0 26.0
59 4 141.0 176.0
23 51 44.0 168.0
36 16 44.0 180.0
56 33 66.0 54.0
32 63 173.0 167.0
17 4 96.0 42.0
51 61 128.0 3.0
55 46 48.0 128.0
49 9 151.0 190.0
60 23 142.0 195.0
39 48 69.0 187.0
5 3 54.0 88.0
1 32 176.0 28.0
35 63 125.0 25.0
59 29 72.0 5.0
10 31 1.0 121.0
39 32 97.0 152.0
54 29 179.0 192.0
12 36 27.0 49.0
5 7 12.0 81.0
41 30 90.0 189.0
9 3 126.0 167.0
43 30 107.0 199.0
60 41 153.0 108.0
8 46 156.0 3.0
10 4 44.0 136.0
39 18 154.0 71.0
27 58 170.0 167.0
23 37 2.0 12.0
12 5 68.0 129.0
10 17 68.0 175.0
57 60 87.0 173.0
15 1 113.0 43.0
44 20 153.0 110.0
37 54 94.0 108.0
47 12 157.0 16.0
48 14 57.0 159.0
58 1 18.0 125.0
7 3 72.0 38.0
8 44 136.0 111.0
21 4 167.0 1.0
23 40 59.0 73.0
30 46 83.0 153.0
57 59 143.0 192.0
8 9 112.0 0.0
1 6 113.0 82.0
18 9 64.0 137.0
52 42 127.0 0.0
45 43 146.0 47.0
18 25 110.0 5.0
6 56 61.0 146.0
50 11 32.0 4.0
19 45 35.0 96.0
50 59 10.0 148.0
3 22 85.0 74.0
63 36 42.0 165.0
14 5 94.0 189.0
29 43 137.0 5.0
2 10 138.0 150.0
18 3 84.0 122.0
47 3 95.0 119.0
61 52 150.0 57.0
9 60 191.0 188.0
31 50 91.0 185.0
54 31 153.0 186.0
10 24 178.0 42.0
31 17 39.0 69.0
19 8 112.0 123.0
11 19 14.0 159.0
4 2 118.0 165.0
60 58 162.0 61.0
43 7 127.0 53.0
38 16 46.0 80.0
39 35 84.0 176.0
51 22 164.0 124.0
30 8 55.0 76.0
27 36 7.0 21.0
36 51 54.0 77.0
5 8 101.0 16.0
10 63 110.0 28.0
14 37 52.0 156.0
7 53 96.0 136.0
11 45 71.0 12.0
53 1 110.0 78.0
36 60 78.0 69.0
47 28 185.0 133.0
14 1 174.0 39.0
28 36 89.0 84.0
2 12 62.0 93.0
38 22 7.0 111.0
3 4 110.0 78.0
5 37 39.0 20.0
32 50 101.0 70.0
13 20 26.0 39.0
49 23 180.0 0.0
58 38 177.0 21.0
22 19 154.0 40.0
40 24 193.0 161.0
27 64 142.0 103.0
3 13 163.0 182.0
22 53 1.0 16.0
8 56 63.0 27.0
14 29 31.0 195.0
2 57 46.0 160.0
11 25 34.0 1.0
48 59 82.0 27.0
59 60 109.0 176.0
31 47 19.0 72.0
35 50 121.0 173.0
41 33 182.0 137.0
61 37 101.0 165.0
30 6 39.0 148.0
31 38 133.0 73.0
32 54 73.0 167.0
49 1 190.0 135.0
47 24 169.0 162.0
9 24 97.0 90.0
56 28 76.0 31.0
1 37 117.0 177.0
42 6 199.0 108.0
43 31 42.0 133.0
20 45 171.0 67.0
45 27 51.0 161.0
51 20 162.0 20.0
43 39 154.0 11.0
3 19 106.0 30.0
55 8 112.0 175.0
14 36 111.0 111.0
2 61 4.0 105.0
42 38 45.0 175.0
64 42 89.0 96.0
61 29 79.0 4.0
10 1 173.0 33.0
43 32 0.0 79.0
4 13 59.0 64.0
10 41 11.0 171.0
37 45 173.0 167.0
18 56 129.0 19.0
33 20 100.0 170.0
49 47 115.0 179.0
7 13 152.0 88.0
44 64 154.0 104.0
38 18 118.0 13.0
58 49 173.0 129.0
30 26 166.0 99.0
11 1 80.0 47.0
34 3 121.0 132.0
49 17 134.0 188.0
3 15 8.0 86.0
60 56 24.0 114.0
9 32 161.0 143.0
17 9 29.0 134.0
34 10 169.0 195.0
24 28 41.0 49.0
30 47 5.0 114.0
63 16 74.0 92.0
12 43 79.0 34.0
34 61 185.0 55.0
29 55 92.0 146.0
64 10 48.0 121.0
19 53 122.0 170.0
16 52 76.0 163.0
34 46 199.0 34.0
61 63 64.0 26.0
41 29 130.0 95.0
26 55 189.0 67.0
46 31 28.0 81.0
40 59 17.0 28.0
17 1 86.0 139.0
2 8 171.0 162.0
53 37 64.0 123.0
35 14 131.0 80.0
42 8 74.0 61.0
63 9 83.0 15.0
39 25 45.0 111.0
19 36 25.0 15.0
3 43 60.0 63.0
50 42 141.0 183.0
15 27 48.0 157.0
40 15 121.0 179.0
22 17 147.0 195.0
26 12 71.0 182.0
36 22 62.0 69.0
58 21 27.0 39.0
63 55 47.0 87.0
32 23 53.0 188.0
50 43 136.0 54.0
57 26 53.0 57.0
43 62 155.0 153.0
1 12 27.0 26.0
54 16 70.0 89.0
36 25 18.0 49.0
15 57 14.0 17.0
15 39 39.0 67.0
17 58 192.0 176.0
20 2 141.0 45.0
16 5 6.0 96.0
23 3 171.0 34.0
19 20 149.0 193.0
45 35 90.0 119.0
27 42 40.0 104.0
1 8 199.0 80.0
62 1 8.0 191.0
15 2 136.0 149.0
52 14 129.0 94.0
17 57 90.0 52.0
13 14 64.0 191.0
19 1 169.0 106.0
25 28 95.0 9.0
32 26 188.0 46.0
26 46 195.0 149.0
42 59 68.0 83.0
9 34 168.0 149.0
12 7 166.0 10.0
7 18 85.0 182.0
3 6 64.0 6.0
44 49 42.0 159.0
4 5 59.0 183.0
51 21 124.0 6.0
15 26 30.0 192.0
18 2 76.0 150.0
24 41 94.0 42.0
59 25 178.0 131.0
42 19 20.0 195.0
5 6 115.0 15.0
25 7 58.0 126.0
5 13 64.0 182.0
6 32 144.0 95.0
62 46 68.0 20.0
23 16 24.0 114.0
40 7 160.0 154.0
25 30 194.0 181.0
49 5 168.0 61.0
11 21 28.0 26.0
10 7 150.0 44.0
25 12 109.0 46.0
16 4 47.0 177.0
17 2 129.0 71.0
35 42 178.0 89.0
8 7 31.0 124.0
11 58 20.0 151.0
14 18 102.0 0.0
11 6 178.0 52.0
17 27 73.0 87.0
53 34 54.0 120.0
62 56 103.0 135.0
34 17 144.0 81.0
24 46 121.0 127.0
39 31 20.0 142.0
48 47 98.0 122.0
52 23 124.0 28.0
49 21 196.0 197.0
54 39 146.0 2.0
30 50 78.0 49.0
3 12 113.0 22.0
24 6 181.0 34.0
36 49 139.0 153.0
32 52 58.0 189.0
10 42 129.0 182.0
62 37 170.0 126.0
11 33 159.0 116.0
19 54 132.0 38.0
32 13 38.0 45.0
19 40 45.0 20.0
25 38 79.0 184.0
26 22 154.0 137.0
64 33 28.0 84.0
5 59 102.0 151.0
27 20 12.0 61.0
10 28 184.0 144.0
41 46 130.0 23.0
22 20 133.0 175.0
20 3 73.0 164.0
14 46 132.0 28.0
14 17 177.0 113.0
11 57 172.0 79.0
12 22 68.0 185.0
49 18 8.0 53.0
64 29 100.0 138.0
48 3 95.0 33.0
59 38 15.0 169.0
19 46 128.0 148.0
62 30 143.0 105.0
22 18 160.0 115.0
39 61 22.0 29.0
15 51 61.0 31.0
6 4 37.0 113.0
4 35 13.0 84.0
13 2 49.0 29.0
11 26 119.0 177.0
55 44 67.0 62.0
61 59 50.0 27.0
55 33 68.0 72.0
4 14 56.0 81.0
42 51 12.0 45.0
21 3 139.0 26.0
32 48 90.0 189.0
9 47 78.0 9.0
26 1 173.0 145.0
59 53 136.0 23.0
22 49 175.0 157.0
24 7 80.0 184.0
15 7 29.0 93.0
9 10 47.0 169.0
7 31 166.0 137.0
13 35 182.0 44.0
35 22 124.0 155.0
10 52 198.0 13.0
36 3 82.0 126.0
9 15 49.0 115.0
52 41 155.0 79.0
64 57 109.0 154.0
23 20 90.0 27.0
8 13 64.0 24.0
53 5 77.0 140.0
56 2 194.0 28.0
10 5 140.0 28.0
49 16 59.0 189.0
56 29 134.0 166.0
21 33 82.0 43.0
52 15 57.0 125.0
46 22 57.0 121.0
26 54 48.0 87.0
2 21 146.0 42.0
30 64 37.0 86.0
15 21 118.0 48.0
49 48 21.0 52.0
16 57 3.0 55.0
7 61 116.0 60.0
1 18 19.0 173.0
35 53 65.0 68.0
16 6 196.0 12.0
38 27 148.0 185.0
47 11 31.0 18.0
58 55 40.0 4.0
47 20 93.0 43.0
17 56 130.0 161.0
37 63 87.0 149.0
4 15 74.0 152.0
49 53 13.0 23.0
16 9 149.0 113.0
19 4 99.0 180.0
59 1 128.0 140.0
21 32 92.0 173.0
11 3 131.0 22.0
6 20 120.0 18.0
30 36 173.0 146.0
5 9 158.0 138.0
8 12 28.0 108.0
48 1 145.0 80.0
2 5 173.0 26.0
36 48 146.0 65.0
55 64 11.0 78.0
19 57 55.0 131.0
28 14 11.0 180.0
24 32 185.0 121.0
12 62 114.0 165.0
63 62 199.0 60.0
2 55 173.0 124.0
38 14 27.0 119.0
13 22 142.0 38.0
15 10 169.0 198.0
24 11 54.0 180.0
42 55 76.0 39.0
52 37 105.0 191.0
35 20 19.0 56.0
1 9 30.0 192.0
18 41 101.0 58.0
62 33 59.0 44.0
43 11 121.0 181.0
21 18 174.0 175.0
2 9 51.0 50.0
43 34 172.0 108.0
53 30 37.0 144.0
34 57 19.0 68.0
11 12 62.0 120.0
23 13 192.0 73.0
23 31 187.0 113.0
18 6 135.0 113.0
55 28 177.0 186.0
62 32 153.0 101.0
61 30 109.0 143.0
23 28 182.0 128.0
18 34 63.0 196.0
46 63 132.0 8.0
18 4 196.0 119.0
27 25 168.0 132.0
52 55 56.0 97.0
22 32 129.0 162.0
61 18 178.0 39.0
45 64 157.0 113.0
33 30 142.0 20.0
28 13 160.0 26.0
6 14 16.0 108.0
26 9 28.0 184.0
64 19 28.0 37.0
13 10 29.0 158.0
13 9 172.0 160.0
21 10 45.0 129.0
39 62 18.0 139.0
11 22 184.0 130.0
23 63 143.0 0.0
8 49 94.0 123.0
3 57 3.0 74.0
24 1 15.0 33.0
22 34 106.0 139.0
43 61 104.0 151.0
59 35 156.0 74.0
56 13 69.0 140.0
12 21 130.0 164.0
5 56 151.0 24.0
49 51 63.0 154.0
52 28 168.0 79.0
5 20 102.0 74.0
48 18 65.0 159.0
11 10 74.0 21.0
23 50 89.0 95.0
6 52 137.0 19.0
44 12 3.0 40.0
17 6 176.0 66.0
39 50 171.0 97.0
37 44 11.0 25.0
6 15 168.0 28.0
11 42 112.0 43.0
27 19 23.0 153.0
12 9 153.0 112.0
64 58 60.0 108.0
5 47 138.0 189.0
33 39 196.0 61.0
18 24 110.0 7.0
24 20 49.0 79.0
61 27 102.0 113.0
45 3 18.0 77.0
55 30 157.0 123.0
23 48 146.0 170.0
31 32 86.0 37.0
6 19 158.0 82.0
42 26 169.0 21.0
17 7 16.0 18.0
24 2 42.0 118.0
39 52 189.0 13.0
9 4 31.0 146.0
5 15 182.0 129.0
36 7 176.0 68.0
8 10 58.0 135.0
40 37 171.0 27.0
9 39 86.0 187.0
7 16 80.0 80.0
45 14 92.0 69.0
15 33 54.0 75.0
37 38 64.0 36.0
44 25 92.0 40.0
13 12 101.0 151.0
20 11 195.0 24.0
49 28 10.0 33.0
21 19 176.0 91.0
32 57 141.0 68.0
25 33 117.0 195.0
22 1 176.0 133.0
20 4 197.0 69.0
38 61 40.0 50.0
7 35 183.0 188.0
62 54 57.0 145.0
8 29 199.0 185.0
22 15 181.0 140.0
47 1 155.0 98.0
56 48 63.0 131.0
15 8 114.0 12.0
21 64 179.0 106.0
34 23 175.0 114.0
10 3 107.0 184.0
33 3 149.0 106.0
17 16 182.0 130.0
4 12 62.0 89.0
61 21 25.0 125.0
46 11 49.0 139.0
10 47 90.0 180.0
21 1 112.0 65.0
51 59 106.0 172.0
61 31 4.0 55.0
46 42 116.0 186.0
55 60 35.0 179.0
1 16 124.0 60.0
27 1 147.0 126.0
47 27 42.0 38.0
7 11 11.0 107.0
18 40 85.0 69.0
6 21 187.0 89.0
62 36 84.0 55.0
31 51 54.0 71.0
4 60 189.0 130.0
25 3 33.0 89.0
13 1 68.0 28.0
2 23 96.0 31.0
7 21 123.0 181.0
16 10 189.0 62.0
18 5 57.0 25.0
33 1 51.0 63.0
61 58 63.0 41.0
35 3 165.0 49.0
18 62 199.0 185.0
29 57 130.0 95.0
13 54 44.0 5.0
21 45 54.0 185.0
27 52 146.0 111.0
52 7 39.0 198.0
13 6 170.0 55.0
1 20 138.0 87.0
6 57 1.0 137.0
49 26 108.0 131.0
15 49 66.0 104.0
29 10 150.0 72.0
61 49 16.0 97.0
55 16 182.0 7.0
47 7 15.0 152.0
9 14 155.0 105.0
24 43 103.0 156.0
4 56 41.0 11.0
16 12 140.0 59.0
62 45 65.0 91.0
29 45 130.0 33.0
60 10 129.0 113.0
16 34 126.0 96.0
2 58 72.0 33.0
36 39 23.0 176.0
14 12 61.0 64.0
4 22 20.0 2.0
25 6 28.0 37.0
50 56 124.0 158.0
7 6 119.0 5.0
50 14 50.0 197.0
7 32 153.0 74.0
6 43 154.0 176.0
2 14 101.0 16.0
54 51 29.0 121.0
5 21 0.0 57.0
62 8 45.0 124.0
24 42 184.0 117.0
4 25 92.0 186.0
26 5 70.0 45.0
48 55 5.0 25.0
11 18 188.0 106.0
11 14 26.0 169.0
2 19 119.0 26.0
3 14 136.0 116.0
56 42 21.0 72.0
37 35 45.0 65.0
8 18 182.0 116.0
5 30 107.0 139.0
7 54 97.0 47.0
17 11 65.0 75.0
59 46 188.0 136.0
27 3 42.0 76.0
23 14 186.0 15.0
48 9 78.0 184.0
23 21 83.0 12.0
50 64 79.0 190.0
10 18 76.0 128.0
15 12 49.0 142.0
57 7 163.0 189.0
52 50 122.0 157.0
63 5 174.0 60.0
13 61 98.0 4.0
17 50 41.0 181.0
49 29 21.0 72.0
51 17 168.0 49.0
28 32 163.0 17.0
39 23 9.0 78.0
9 44 142.0 131.0
48 41 11.0 116.0
37 58 85.0 110.0
43 28 114.0 78.0
23 7 129.0 87.0
20 10 59.0 98.0
9 52 6.0 22.0
11 54 2.0 16.0
33 44 48.0 144.0
20 14 32.0 11.0
7 42 80.0 69.0
6 36 132.0 194.0
17 3 106.0 62.0
52 17 3.0 117.0
4 28 5.0 10.0
19 9 33.0 159.0
30 57 73.0 81.0
6 8 59.0 57.0
55 23 35.0 139.0
58 6 180.0 167.0
16 30 90.0 86.0
46 12 25.0 94.0
39 41 191.0 182.0
27 31 63.0 24.0
23 42 171.0 136.0
54 18 19.0 30.0
40 34 49.0 54.0
5 23 126.0 29.0
60 12 153.0 168.0
19 10 68.0 178.0
31 25 56.0 59.0
8 21 4.0 72.0
5 25 146.0 175.0
43 14 177.0 165.0
47 13 85.0 178.0
22 7 5.0 11.0
43 4 48.0 158.0
59 41 16.0 117.0
24 3 7.0 25.0
4 8 56.0 164.0
26 44 163.0 154.0
8 23 175.0 141.0
61 8 142.0 12.0
40 8 57.0 147.0
12 27 101.0 106.0
3 16 51.0 69.0
64 47 67.0 11.0
48 64 49.0 76.0
26 4 67.0 12.0
22 6 98.0 195.0
16 11 8.0 192.0
6 12 90.0 65.0
31 52 0.0 143.0
3 61 154.0 4.0
44 32 50.0 173.0
1 28 160.0 51.0
12 17 86.0 28.0
18 12 98.0 137.0
1 31 165.0 106.0
54 45 123.0 55.0
1 23 98.0 124.0
19 5 22.0 4.0
3 29 37.0 72.0
28 45 163.0 149.0
11 15 61.0 1.0
7 2 87.0 112.0
14 19 41.0 52.0
31 53 94.0 165.0
59 58 125.0 144.0
14 8 16.0 147.0
54 53 56.0 5.0
33 59 36.0 19.0
8 11 140.0 49.0
15 13 131.0 27.0
5 17 130.0 125.0
9 7 54.0 24.0
4 1 52.0 180.0
5 40 146.0 20.0
28 58 195.0 2.0
29 2 167.0 31.0
20 34 58.0 108.0
51 64 30.0 190.0
11 13 11.0 161.0
14 58 40.0 18.0
59 15 126.0 44.0
54 1 177.0 72.0
58 4 172.0 172.0
9 11 196.0 92.0
38 33 87.0 54.0
32 5 159.0 70.0
22 8 172.0 122.0
27 4 130.0 164.0
35 9 168.0 57.0
5 22 17.0 145.0
21 54 109.0 142.0
2 30 118.0 57.0
51 1 177.0 6.0
11 2 76.0 88.0
30 1 131.0 0.0
27 2 146.0 14.0
14 64 102.0 114.0
17 60 165.0 71.0
49 6 58.0 26.0
24 61 89.0 176.0
14 21 160.0 19.0
3 28 173.0 188.0
10 23 126.0 57.0
51 32 31.0 72.0
16 13 150.0 85.0
27 8 181.0 67.0
8 25 26.0 191.0
19 33 78.0 115.0
32 2 169.0 38.0
28 2 16.0 94.0
2 22 122.0 142.0
19 13 20.0 105.0
6 23 157.0 123.0
3 30 174.0 139.0
29 19 62.0 152.0
51 13 161.0 140.0
59 12 100.0 82.0
39 1 126.0 69.0
7 20 6.0 0.0
27 34 186.0 27.0
49 39 100.0 144.0
45 52 177.0 27.0
26 3 24.0 191.0
32 53 58.0 137.0
8 28 173.0 110.0
19 15 27.0 51.0
24 60 25.0 186.0
29 38 109.0 163.0
12 20 7.0 161.0
9 20 164.0 184.0
41 57 23.0 140.0
2 31 75.0 81.0
11 4 195.0 0.0
29 4 18.0 175.0
31 58 66.0 43.0
31 48 193.0 127.0
3 2 113.0 0.0
26 8 101.0 29.0
30 4 77.0 125.0
16 19 198.0 104.0
22 10 26.0 145.0
36 57 65.0 44.0
50 41 111.0 131.0
22 9 169.0 104.0
15 16 81.0 34.0
16 21 11.0 183.0
17 29 86.0 40.0
17 8 121.0 36.0
9 23 59.0 99.0
15 48 192.0 76.0
20 15 86.0 55.0
43 9 70.0 8.0
31 5 115.0 152.0
35 32 194.0 78.0
60 7 165.0 81.0
12 19 166.0 38.0
36 2 10.0 25.0
50 46 120.0 2.0
21 9 183.0 159.0
27 9 90.0 53.0
20 17 67.0 157.0
21 52 191.0 14.0
58 40 71.0 109.0
53 52 120.0 37.0
4 32 70.0 82.0
12 61 80.0 190.0
62 38 15.0 63.0
37 13 30.0 57.0
3 56 70.0 97.0
3 32 12.0 62.0
63 52 27.0 35.0
39 10 107.0 99.0
10 25 59.0 177.0
34 2 62.0 139.0
17 19 138.0 29.0
63 8 0.0 120.0
63 34 160.0 71.0
58 62 191.0 172.0
49 57 78.0 170.0
2 54 24.0 186.0
11 52 171.0 83.0
36 47 105.0 186.0
33 5 55.0 195.0
29 7 12.0 55.0
19 18 117.0 173.0
52 58 123.0 61.0
13 25 90.0 154.0
46 45 7.0 115.0
32 55 43.0 179.0
18 20 5.0 100.0
61 48 91.0 60.0
43 5 46.0 55.0
26 13 14.0 116.0
47 42 183.0 89.0
33 12 13.0 74.0
56 46 47.0 21.0
7 28 64.0 42.0
22 23 105.0 22.0
6 51 103.0 196.0
9 28 1.0 101.0
17 18 110.0 15.0
59 49 155.0 94.0
9 30 139.0 120.0
30 7 0.0 186.0
6 37 66.0 65.0
59 24 111.0 172.0
8 16 176.0 14.0
29 37 157.0 177.0
54 17 32.0 67.0
23 4 52.0 187.0
36 4 142.0 192.0
34 59 198.0 143.0
32 33 81.0 65.0
14 25 72.0 145.0
6 29 34.0 48.0
44 50 17.0 191.0
2 35 122.0 49.0
4 33 5.0 174.0
16 47 48.0 100.0
42 20 8.0 47.0
52 25 154.0 41.0
6 59 162.0 26.0
5 29 181.0 196.0
29 52 174.0 198.0
26 10 122.0 48.0
60 31 131.0 79.0
12 23 190.0 179.0
55 19 81.0 198.0
17 21 47.0 187.0
27 63 180.0 10.0
22 16 93.0 113.0
19 25 48.0 19.0
36 1 147.0 122.0
35 18 135.0 30.0
54 58 11.0 125.0
13 36 134.0 45.0
3 41 148.0 182.0
31 4 39.0 80.0
39 3 152.0 85.0
27 57 169.0 152.0
61 11 118.0 68.0
7 26 65.0 53.0
3 37 152.0 28.0
11 23 175.0 86.0
59 37 56.0 76.0
28 12 171.0 48.0
1 35 160.0 75.0
39 2 65.0 130.0
55 31 34.0 135.0
34 37 61.0 51.0
23 33 179.0 13.0
50 36 67.0 107.0
9 56 140.0 124.0
36 61 194.0 63.0
27 5 198.0 154.0
64 53 125.0 16.0
20 16 188.0 112.0
53 44 114.0 49.0
12 55 157.0 46.0
27 13 41.0 24.0
37 4 179.0 134.0
49 30 81.0 173.0
24 13 159.0 80.0
53 41 103.0 85.0
34 7 91.0 43.0
7 27 12.0 158.0
10 27 76.0 169.0
38 10 197.0 69.0
63 20 118.0 128.0
50 15 193.0 0.0
21 13 50.0 153.0
57 55 31.0 106.0
14 22 51.0 75.0
33 2 52.0 63.0
1 38 50.0 128.0
8 31 24.0 199.0
9 25 58.0 142.0
46 23 115.0 52.0
39 38 110.0 118.0
12 24 86.0 142.0
14 42 71.0 137.0
59 26 143.0 124.0
26 37 19.0 193.0
31 6 60.0 43.0
48 35 53.0 118.0
29 12 111.0 120.0
64 23 178.0 173.0
31 12 92.0 64.0
9 31 86.0 163.0
23 19 148.0 181.0
38 4 150.0 168.0
1 34 38.0 10.0
5 35 134.0 43.0
44 52 35.0 197.0
26 6 120.0 13.0
30 10 122.0 12.0
49 33 43.0 9.0
11 29 115.0 191.0
14 24 35.0 66.0
29 9 24.0 73.0
6 27 65.0 158.0
57 12 138.0 52.0
17 24 164.0 58.0
16 64 79.0 86.0
41 1 22.0 122.0
11 30 107.0 138.0
35 6 100.0 142.0
5 1 198.0 77.0
5 44 172.0 15.0
36 5 69.0 62.0
53 42 132.0 185.0
41 2 151.0 11.0
23 18 13.0 125.0
4 34 129.0 120.0
4 47 60.0 182.0
2 40 75.0 58.0
8 33 37.0 47.0
53 47 80.0 58.0
15 24 31.0 12.0
60 49 90.0 134.0
6 28 166.0 103.0
20 32 198.0 95.0
14 54 28.0 10.0
25 53 135.0 103.0
17 25 41.0 124.0
13 64 147.0 122.0
16 25 149.0 130.0
31 41 124.0 191.0
53 39 103.0 42.0
16 18 115.0 53.0
8 57 8.0 95.0
45 63 130.0 143.0
24 19 17.0 171.0
51 46 133.0 164.0
29 48 194.0 34.0
24 35 91.0 71.0
9 58 198.0 194.0
12 49 123.0 65.0
41 49 196.0 131.0
47 59 114.0 78.0
13 29 48.0 131.0
64 1 27.0 133.0
21 22 110.0 22.0
2 62 122.0 2.0
55 37 162.0 72.0
17 26 60.0 85.0
42 9 63.0 57.0
32 10 39.0 177.0
5 34 185.0 39.0
22 45 156.0 164.0
13 59 189.0 18.0
42 2 142.0 63.0
2 48 117.0 104.0
41 6 25.0 130.0
27 14 7.0 40.0
27 11 116.0 198.0
38 3 140.0 53.0
59 18 6.0 48.0
29 1 91.0 148.0
43 1 160.0 33.0
28 34 75.0 29.0
39 8 43.0 101.0
34 11 77.0 2.0
26 2 94.0 145.0
7 33 105.0 34.0
30 13 75.0 112.0
22 37 92.0 119.0
16 41 74.0 52.0
15 23 176.0 102.0
6 33 195.0 172.0
33 9 160.0 24.0
40 42 118.0 54.0
18 26 39.0 24.0
28 17 80.0 114.0
30 14 27.0 172.0
40 6 84.0 54.0
14 26 107.0 60.0
32 25 159.0 54.0
42 3 86.0 71.0
57 23 72.0 157.0
32 30 98.0 111.0
46 58 73.0 179.0
17 23 101.0 52.0
15 25 42.0 185.0
47 62 77.0 149.0
23 44 93.0 37.0
59 21 187.0 131.0
43 25 57.0 59.0
28 16 90.0 156.0
4 48 62.0 115.0
63 41 118.0 163.0
20 25 41.0 112.0
27 46 184.0 118.0
26 36 155.0 77.0
57 1 154.0 142.0
26 50 118.0 12.0
34 12 175.0 161.0
24 21 93.0 37.0
29 34 23.0 164.0
62 53 7.0 64.0
35 55 59.0 191.0
42 1 10.0 14.0
26 16 30.0 164.0
38 5 90.0 100.0
37 7 151.0 65.0
32 11 86.0 197.0
48 50 165.0 109.0
38 6 79.0 172.0
18 15 54.0 90.0
15 28 117.0 64.0
8 37 180.0 99.0
10 14 101.0 22.0
38 48 103.0 5.0
63 19 53.0 190.0
20 8 56.0 170.0
18 32 189.0 88.0
44 51 147.0 43.0
4 39 153.0 17.0
8 53 44.0 86.0
30 15 82.0 98.0
14 32 42.0 185.0
58 16 124.0 47.0
20 59 108.0 180.0
26 21 124.0 49.0
8 45 186.0 23.0
10 35 142.0 92.0
38 11 81.0 187.0
8 32 138.0 163.0
18 27 197.0 132.0
29 21 159.0 73.0
2 38 15.0 19.0
31 13 25.0 91.0
57 51 119.0 163.0
36 32 72.0 62.0
44 1 80.0 153.0
35 8 178.0 170.0
7 39 150.0 175.0
4 57 89.0 62.0
36 10 31.0 104.0
15 36 118.0 56.0
44 2 72.0 190.0
4 45 69.0 96.0
46 35 43.0 149.0
56 32 41.0 21.0
15 61 113.0 143.0
53 6 153.0 2.0
39 5 93.0 137.0
28 18 171.0 163.0
38 9 49.0 195.0
36 8 162.0 70.0
47 60 117.0 5.0
45 1 17.0 158.0
26 19 74.0 82.0
28 30 98.0 180.0
22 24 53.0 191.0
12 30 132.0 24.0
61 20 17.0 133.0
29 18 109.0 132.0
2 43 16.0 26.0
37 49 146.0 185.0
9 36 49.0 173.0
2 6 152.0 99.0
7 59 188.0 5.0
33 14 8.0 72.0
40 3 168.0 178.0
57 47 182.0 78.0
56 41 171.0 151.0
31 14 183.0 118.0
11 36 109.0 32.0
39 6 170.0 14.0
62 20 73.0 158.0
10 40 106.0 82.0
53 45 197.0 74.0
27 49 25.0 131.0
26 43 2.0 197.0
52 4 175.0 185.0
31 18 106.0 37.0
41 7 177.0 76.0
40 1 175.0 2.0
50 45 6.0 81.0
25 29 122.0 3.0
25 21 173.0 148.0
10 50 140.0 175.0
28 21 74.0 115.0
58 41 181.0 180.0
28 41 26.0 110.0
51 58 12.0 1.0
38 20 198.0 18.0
48 30 107.0 120.0
60 53 180.0 33.0
38 57 33.0 72.0
16 31 50.0 107.0
17 30 0.0 184.0
37 9 90.0 178.0
64 52 61.0 102.0
7 1 13.0 11.0
30 20 56.0 73.0
41 4 173.0 189.0
13 33 35.0 159.0
24 26 46.0 38.0
43 47 105.0 198.0
53 33 84.0 147.0
20 26 26.0 145.0
29 20 118.0 39.0
20 21 95.0 127.0
19 37 37.0 21.0
6 34 131.0 24.0
63 15 56.0 129.0
12 37 113.0 114.0
56 14 162.0 197.0
31 19 136.0 140.0
39 12 193.0 7.0
39 11 167.0 89.0
46 2 27.0 4.0
17 33 40.0 110.0
11 40 135.0 49.0
8 38 173.0 48.0
34 13 39.0 136.0
22 27 141.0 176.0
16 32 5.0 135.0
46 49 167.0 124.0
24 23 32.0 146.0
61 10 103.0 24.0
7 38 119.0 191.0
29 24 117.0 92.0
34 14 176.0 156.0
4 40 17.0 70.0
35 12 184.0 174.0
54 3 75.0 103.0
29 16 87.0 107.0
35 11 11.0 142.0
30 54 49.0 82.0
41 8 10.0 118.0
44 6 164.0 138.0
48 25 27.0 134.0
30 45 50.0 11.0
48 20 137.0 125.0
9 41 32.0 24.0
26 25 129.0 195.0
13 39 129.0 130.0
24 8 160.0 91.0
29 47 83.0 77.0
46 3 108.0 110.0
16 43 30.0 158.0
62 21 162.0 168.0
31 15 88.0 194.0
40 38 20.0 169.0
12 45 24.0 101.0
35 16 25.0 185.0
27 16 69.0 60.0
42 44 48.0 177.0
22 41 138.0 79.0
61 56 144.0 52.0
27 21 159.0 185.0
60 27 111.0 131.0
7 49 107.0 135.0
1 46 8.0 132.0
25 24 63.0 30.0
61 16 113.0 112.0
52 1 171.0 3.0
2 47 37.0 116.0
41 11 144.0 148.0
50 2 166.0 55.0
49 56 97.0 73.0
10 33 54.0 58.0
27 24 67.0 117.0
56 22 95.0 132.0
11 31 18.0 66.0
17 32 147.0 56.0
12 53 147.0 43.0
53 36 4.0 65.0
27 59 161.0 53.0
45 5 199.0 15.0
12 38 151.0 18.0
5 46 191.0 46.0
22 25 179.0 161.0
48 58 186.0 126.0
45 7 162.0 133.0
7 44 15.0 118.0
46 4 89.0 128.0
46 6 138.0 89.0
45 2 95.0 89.0
38 13 47.0 38.0
49 25 47.0 179.0
32 19 95.0 185.0
44 48 48.0 9.0
54 40 62.0 15.0
30 21 38.0 152.0
9 40 69.0 176.0
43 8 14.0 116.0
51 2 153.0 14.0
37 16 28.0 152.0
51 19 78.0 76.0
16 33 30.0 78.0
23 29 120.0 93.0
15 38 30.0 110.0
7 46 42.0 51.0
34 19 58.0 57.0
43 64 181.0 11.0
25 37 18.0 10.0
55 15 63.0 96.0
44 40 144.0 93.0
35 17 163.0 64.0
64 39 173.0 145.0
62 61 117.0 168.0
20 50 38.0 175.0
37 17 168.0 19.0
49 3 109.0 186.0
52 60 47.0 172.0
35 34 183.0 191.0
61 17 91.0 146.0
36 18 147.0 17.0
24 50 2.0 65.0
15 37 114.0 192.0
27 28 186.0 82.0
34 45 117.0 47.0
26 28 65.0 116.0
37 11 97.0 48.0
22 30 2.0 140.0
22 33 76.0 149.0
14 39 160.0 79.0
40 32 42.0 74.0
28 53 85.0 181.0
12 40 184.0 2.0
52 2 93.0 50.0
15 34 45.0 142.0
45 9 34.0 47.0
48 5 38.0 111.0
60 39 178.0 151.0
30 19 153.0 20.0
23 26 15.0 38.0
31 49 38.0 199.0
50 4 191.0 131.0
21 42 49.0 36.0
24 30 51.0 83.0
41 19 3.0 42.0
57 42 54.0 181.0
59 2 104.0 7.0
34 21 145.0 71.0
53 2 3.0 183.0
25 35 28.0 194.0
12 64 198.0 77.0
23 25 106.0 2.0
50 6 196.0 61.0
38 19 159.0 50.0
31 24 7.0 16.0
13 41 147.0 152.0
10 44 87.0 150.0
31 22 44.0 115.0
14 40 50.0 194.0
35 29 165.0 156.0
52 3 133.0 113.0
33 24 160.0 93.0
29 28 82.0 167.0
12 32 59.0 181.0
39 20 63.0 98.0
1 56 107.0 59.0
23 27 16.0 157.0
13 42 99.0 134.0
5 24 48.0 32.0
12 41 191.0 9.0
19 49 183.0 74.0
43 15 158.0 194.0
10 43 167.0 174.0
18 58 16.0 74.0
9 46 194.0 32.0
51 3 134.0 93.0
44 11 81.0 182.0
21 35 189.0 72.0
17 43 72.0 124.0
14 41 197.0 182.0
3 53 20.0 116.0
51 7 181.0 188.0
55 3 176.0 175.0
52 5 57.0 62.0
4 53 101.0 90.0
5 51 12.0 90.0
30 56 71.0 84.0
42 4 0.0 20.0
48 17 117.0 172.0
41 15 5.0 99.0
20 31 175.0 181.0
42 16 97.0 184.0
49 4 181.0 150.0
54 41 154.0 146.0
37 18 197.0 177.0
18 30 129.0 149.0
39 19 11.0 46.0
45 10 69.0 16.0
21 55 123.0 45.0
43 54 187.0 20.0
57 35 45.0 120.0
26 27 74.0 151.0
34 25 2.0 71.0
41 17 162.0 131.0
45 6 78.0 125.0
28 39 151.0 147.0
21 37 190.0 74.0
20 36 30.0 129.0
41 42 83.0 75.0
61 19 117.0 157.0
55 4 87.0 119.0
20 28 45.0 1.0
48 8 160.0 123.0
5 55 168.0 112.0
13 43 189.0 110.0
10 48 57.0 19.0
16 40 157.0 140.0
4 51 34.0 26.0
50 7 181.0 121.0
26 31 33.0 26.0
17 46 125.0 194.0
20 37 35.0 45.0
40 17 85.0 176.0
12 52 188.0 143.0
24 34 17.0 97.0
54 44 66.0 51.0
46 53 169.0 48.0
39 27 198.0 3.0
9 62 196.0 75.0
18 33 155.0 183.0
29 30 176.0 193.0
15 42 147.0 117.0
5 41 160.0 164.0
9 50 159.0 27.0
20 52 137.0 80.0
26 29 77.0 135.0
13 46 191.0 25.0
61 1 113.0 147.0
23 35 177.0 41.0
55 1 103.0 76.0
50 8 15.0 16.0
56 44 98.0 174.0
33 27 123.0 35.0
28 31 74.0 1.0
13 45 170.0 18.0
4 62 58.0 35.0
2 37 37.0 36.0
3 50 64.0 92.0
26 61 16.0 79.0
11 48 77.0 115.0
44 14 53.0 153.0
18 51 63.0 80.0
53 43 71.0 185.0
40 45 72.0 82.0
50 47 36.0 61.0
58 3 191.0 52.0
45 15 173.0 8.0
49 52 99.0 3.0
19 35 155.0 153.0
10 49 146.0 170.0
44 13 146.0 170.0
57 13 177.0 170.0
59 3 8.0 165.0
33 26 6.0 0.0
53 9 188.0 180.0
60 40 12.0 88.0
31 30 105.0 119.0
20 40 109.0 51.0
55 6 78.0 7.0
58 42 99.0 8.0
33 46 0.0 60.0
42 12 43.0 159.0
15 44 55.0 32.0
18 13 69.0 67.0
50 12 43.0 174.0
36 24 131.0 104.0
34 26 80.0 161.0
23 36 104.0 132.0
64 17 190.0 56.0
1 60 24.0 185.0
9 51 36.0 79.0
6 54 58.0 105.0
38 24 66.0 101.0
50 54 64.0 149.0
29 31 12.0 144.0
33 45 127.0 116.0
61 46 72.0 69.0
10 51 103.0 96.0
17 36 170.0 139.0
13 48 111.0 180.0
47 14 141.0 130.0
42 18 108.0 5.0
37 24 23.0 72.0
19 62 151.0 102.0
53 10 110.0 23.0
41 21 107.0 13.0
41 20 25.0 29.0
22 39 130.0 89.0
21 39 83.0 72.0
49 13 41.0 143.0
26 35 14.0 64.0
62 23 23.0 165.0
46 10 21.0 133.0
16 46 116.0 129.0
5 57 106.0 93.0
11 49 12.0 188.0
29 32 52.0 96.0
42 22 125.0 93.0
54 8 164.0 91.0
36 33 118.0 187.0
18 43 65.0 139.0
60 2 128.0 181.0
48 6 51.0 34.0
27 35 11.0 16.0
7 55 29.0 15.0
12 51 63.0 154.0
34 39 196.0 27.0
7 48 155.0 66.0
44 16 164.0 21.0
51 11 109.0 92.0
51 8 191.0 161.0
17 44 39.0 2.0
50 13 48.0 68.0
44 19 150.0 111.0
30 35 27.0 146.0
45 16 50.0 183.0
60 5 149.0 14.0
63 3 92.0 11.0
38 21 140.0 83.0
46 38 46.0 180.0
55 25 187.0 94.0
48 16 196.0 137.0
58 5 107.0 176.0
49 32 171.0 109.0
33 29 177.0 73.0
15 46 69.0 21.0
52 8 13.0 9.0
21 43 99.0 59.0
28 37 13.0 86.0
56 24 112.0 162.0
23 30 11.0 171.0
14 51 116.0 183.0
27 32 136.0 45.0
10 54 4.0 157.0
52 24 17.0 169.0
3 62 50.0 116.0
28 35 45.0 16.0
28 22 93.0 109.0
46 18 117.0 105.0
49 14 117.0 185.0
17 63 44.0 5.0
50 60 173.0 0.0
39 24 94.0 142.0
62 51 82.0 145.0
22 43 48.0 79.0
54 12 159.0 93.0
44 21 183.0 76.0
25 40 38.0 52.0
36 35 93.0 34.0
30 51 7.0 18.0
47 18 56.0 53.0
47 17 88.0 139.0
56 11 2.0 88.0
54 4 29.0 161.0
2 63 122.0 165.0
31 33 46.0 113.0
9 55 0.0 139.0
23 54 193.0 159.0
34 31 143.0 2.0
43 23 75.0 183.0
64 8 71.0 77.0
22 48 137.0 52.0
1 63 31.0 11.0
52 13 14.0 77.0
30 34 110.0 167.0
38 63 50.0 103.0
61 4 7.0 145.0
45 17 62.0 34.0
23 41 157.0 85.0
44 18 35.0 46.0
8 59 46.0 18.0
55 10 158.0 12.0
58 7 196.0 68.0
26 40 53.0 198.0
64 2 132.0 60.0
64 3 177.0 194.0
22 44 164.0 134.0
58 8 27.0 151.0
48 12 77.0 73.0
16 51 87.0 36.0
26 41 179.0 35.0
32 34 162.0 33.0
34 54 105.0 94.0
29 36 2.0 82.0
9 57 39.0 118.0
33 34 197.0 67.0
31 36 112.0 74.0
27 37 52.0 199.0
55 14 99.0 31.0
19 48 53.0 13.0
45 18 154.0 159.0
28 38 170.0 108.0
27 43 168.0 10.0
26 38 144.0 165.0
30 37 156.0 56.0
39 40 173.0 8.0
62 5 167.0 73.0
64 4 70.0 20.0
43 19 45.0 176.0
9 54 39.0 16.0
63 11 63.0 160.0
25 42 80.0 7.0
46 40 124.0 36.0
27 30 121.0 97.0
47 21 44.0 88.0
58 29 155.0 114.0
63 4 69.0 152.0
39 57 188.0 108.0
59 9 105.0 3.0
43 20 15.0 186.0
5 61 152.0 91.0
56 10 159.0 73.0
16 53 72.0 155.0
50 16 117.0 27.0
48 37 141.0 186.0
29 40 199.0 81.0
36 46 13.0 56.0
48 51 25.0 181.0
58 33 92.0 129.0
54 59 77.0 3.0
24 44 144.0 149.0
41 27 194.0 62.0
39 29 113.0 135.0
1 50 115.0 64.0
12 56 101.0 80.0
45 23 36.0 78.0
38 23 3.0 80.0
53 15 84.0 32.0
26 39 124.0 28.0
18 50 76.0 70.0
60 22 90.0 189.0
53 14 179.0 157.0
59 10 194.0 32.0
53 13 41.0 183.0
32 38 86.0 197.0
39 30 44.0 170.0
22 47 26.0 121.0
7 63 36.0 102.0
42 17 27.0 79.0
62 6 177.0 6.0
13 55 30.0 123.0
7 62 123.0 23.0
49 20 173.0 161.0
64 6 13.0 169.0
50 19 180.0 192.0
21 48 183.0 17.0
27 44 188.0 162.0
17 53 63.0 117.0
58 13 61.0 45.0
57 10 173.0 136.0
54 15 43.0 98.0
56 16 120.0 8.0
61 9 144.0 101.0
56 39 33.0 79.0
34 36 154.0 22.0
15 47 121.0 17.0
34 38 184.0 182.0
30 42 76.0 109.0
23 47 5.0 119.0
53 48 90.0 126.0
10 62 175.0 187.0
33 37 167.0 8.0
30 40 70.0 121.0
31 40 158.0 191.0
35 33 92.0 142.0
22 50 20.0 168.0
44 28 144.0 26.0
28 42 199.0 186.0
21 46 180.0 174.0
41 25 100.0 147.0
9 64 95.0 122.0
52 18 121.0 53.0
32 37 140.0 165.0
38 35 164.0 160.0
25 45 196.0 108.0
40 28 173.0 195.0
61 42 12.0 153.0
47 25 77.0 64.0
21 40 136.0 172.0
44 29 195.0 9.0
64 7 125.0 87.0
22 52 138.0 89.0
54 20 180.0 135.0
52 19 168.0 154.0
25 50 12.0 180.0
26 47 33.0 41.0
53 21 137.0 121.0
40 27 68.0 132.0
46 25 71.0 193.0
59 14 61.0 161.0
55 17 132.0 41.0
53 20 135.0 100.0
40 33 15.0 99.0
10 58 162.0 0.0
50 58 199.0 100.0
61 41 118.0 67.0
63 12 79.0 189.0
8 60 184.0 140.0
46 28 130.0 117.0
60 16 184.0 65.0
59 45 30.0 151.0
49 24 113.0 145.0
31 35 85.0 65.0
62 13 89.0 3.0
42 34 145.0 120.0
59 17 199.0 130.0
59 16 123.0 130.0
57 20 122.0 59.0
55 11 72.0 105.0
55 20 193.0 186.0
32 60 132.0 78.0
57 18 33.0 174.0
33 42 131.0 178.0
61 14 149.0 130.0
36 40 180.0 24.0
11 62 24.0 102.0
62 24 110.0 96.0
14 60 8.0 103.0
58 15 173.0 93.0
57 14 51.0 158.0
47 8 68.0 182.0
58 12 160.0 169.0
22 55 37.0 92.0
19 56 73.0 13.0
11 64 116.0 183.0
50 21 85.0 76.0
54 24 93.0 58.0
45 49 102.0 96.0
58 39 158.0 170.0
39 45 171.0 118.0
22 54 162.0 160.0
15 60 16.0 35.0
41 36 35.0 84.0
55 18 135.0 120.0
27 50 71.0 180.0
11 60 156.0 173.0
35 40 0.0 66.0
56 21 121.0 124.0
45 31 10.0 35.0
59 23 197.0 178.0
43 33 107.0 32.0
31 44 10.0 42.0
28 51 87.0 33.0
37 41 108.0 195.0
63 14 41.0 109.0
28 48 99.0 114.0
63 13 79.0 61.0
16 62 69.0 28.0
45 32 134.0 177.0
27 48 104.0 145.0
48 26 148.0 191.0
36 21 95.0 57.0
18 63 48.0 88.0
48 33 172.0 147.0
57 21 132.0 4.0
35 41 158.0 2.0
32 46 114.0 92.0
18 60 0.0 18.0
49 35 161.0 149.0
47 32 198.0 56.0
26 53 179.0 46.0
60 19 108.0 103.0
59 19 8.0 40.0
27 51 137.0 166.0
38 60 180.0 51.0
36 38 72.0 132.0
37 42 28.0 33.0
55 24 19.0 26.0
62 14 189.0 150.0
46 29 178.0 97.0
27 29 53.0 187.0
20 60 10.0 142.0
26 52 69.0 142.0
50 29 94.0 141.0
57 24 3.0 123.0
24 51 106.0 175.0
47 34 47.0 96.0
43 35 45.0 26.0
57 25 168.0 50.0
51 26 187.0 178.0
44 36 1.0 8.0
58 25 158.0 48.0
36 43 149.0 162.0
58 24 150.0 55.0
42 39 98.0 198.0
11 59 84.0 95.0
62 26 11.0 52.0
33 47 181.0 198.0
47 55 105.0 134.0
26 56 40.0 63.0
31 37 130.0 189.0
44 35 81.0 80.0
61 23 149.0 131.0
58 23 195.0 186.0
44 39 166.0 7.0
33 51 179.0 99.0
40 41 128.0 84.0
50 28 73.0 168.0
15 64 144.0 3.0
33 50 7.0 177.0
45 36 121.0 109.0
55 27 57.0 116.0
30 60 58.0 175.0
22 61 101.0 38.0
48 24 180.0 29.0
47 38 52.0 53.0
53 29 118.0 148.0
64 5 111.0 126.0
58 44 119.0 32.0
59 22 167.0 128.0
38 30 9.0 178.0
46 37 142.0 110.0
27 56 17.0 122.0
34 44 52.0 21.0
33 52 86.0 171.0
36 42 79.0 197.0
60 13 118.0 198.0
48 34 107.0 37.0
44 41 65.0 117.0
38 43 26.0 7.0
48 43 64.0 195.0
37 43 51.0 68.0
41 38 135.0 137.0
34 50 28.0 14.0
51 35 199.0 146.0
44 43 177.0 107.0
21 60 87.0 42.0
44 30 26.0 113.0
41 43 45.0 90.0
45 41 69.0 96.0
47 35 143.0 4.0
62 22 36.0 171.0
31 56 128.0 36.0
54 28 109.0 105.0
37 36 178.0 196.0
42 32 136.0 5.0
64 18 53.0 134.0
60 26 61.0 122.0
27 54 88.0 156.0
57 22 182.0 76.0
62 49 107.0 111.0
24 63 182.0 169.0
52 35 121.0 161.0
36 55 52.0 9.0
52 30 76.0 106.0
47 41 46.0 89.0
44 38 3.0 134.0
49 38 178.0 186.0
21 63 34.0 37.0
21 31 85.0 169.0
62 25 103.0 158.0
37 47 13.0 155.0
33 54 93.0 41.0
64 24 197.0 139.0
40 49 4.0 152.0
54 25 111.0 134.0
28 60 5.0 97.0
52 34 54.0 42.0
39 47 196.0 157.0
22 63 40.0 162.0
40 47 16.0 134.0
42 45 13.0 165.0
63 25 87.0 169.0
25 60 195.0 150.0
45 44 157.0 152.0
34 55 14.0 163.0
58 32 77.0 11.0
40 50 110.0 117.0
39 46 14.0 126.0
38 51 80.0 180.0
52 36 169.0 119.0
54 38 184.0 116.0
28 64 38.0 93.0
40 48 172.0 53.0
56 20 112.0 49.0
54 63 21.0 23.0
47 44 151.0 188.0
35 54 106.0 183.0
61 28 26.0 27.0
27 53 47.0 162.0
46 43 188.0 86.0
51 37 143.0 112.0
28 62 152.0 56.0
34 49 154.0 125.0
6 61 29.0 105.0
42 43 7.0 87.0
54 5 121.0 185.0
37 50 30.0 168.0
20 46 171.0 171.0
56 34 156.0 114.0
30 58 181.0 108.0
28 59 38.0 135.0
38 53 37.0 67.0
62 29 78.0 44.0
29 60 135.0 199.0
25 61 37.0 118.0
46 44 71.0 8.0
60 34 25.0 28.0
25 56 102.0 6.0
29 63 174.0 140.0
56 36 21.0 11.0
63 28 192.0 51.0
26 63 70.0 80.0
63 30 96.0 59.0
64 32 67.0 119.0
62 31 42.0 45.0
37 60 110.0 145.0
62 35 86.0 84.0
62 40 168.0 108.0
48 46 195.0 113.0
16 24 36.0 17.0
48 45 134.0 84.0
43 40 140.0 153.0
60 33 139.0 135.0
64 26 51.0 49.0
62 55 19.0 137.0
35 60 92.0 139.0
37 56 23.0 39.0
57 37 188.0 11.0
56 35 83.0 74.0
35 58 153.0 23.0
52 48 180.0 44.0
64 37 60.0 31.0
40 56 169.0 31.0
58 36 27.0 61.0
33 63 20.0 2.0
55 39 96.0 161.0
59 36 111.0 179.0
43 51 194.0 16.0
40 52 56.0 126.0
60 63 191.0 68.0
57 40 197.0 112.0
55 40 196.0 25.0
42 49 39.0 17.0
52 38 53.0 135.0
59 32 133.0 116.0
59 39 87.0 79.0
47 52 53.0 95.0
43 56 194.0 196.0
64 35 188.0 144.0
46 47 13.0 184.0
46 52 93.0 52.0
39 51 1.0 99.0
38 56 76.0 134.0
31 64 94.0 116.0
47 51 38.0 99.0
43 58 141.0 184.0
43 55 38.0 81.0
34 64 150.0 51.0
36 64 7.0 195.0
22 58 1.0 8.0
45 56 114.0 30.0
55 38 181.0 161.0
43 59 84.0 171.0
50 51 112.0 178.0
45 60 86.0 102.0
51 41 1.0 188.0
57 33 108.0 8.0
51 52 196.0 62.0
42 60 73.0 110.0
52 54 99.0 6.0
44 62 192.0 184.0
56 51 122.0 104.0
44 60 51.0 8.0
64 40 178.0 52.0
61 35 18.0 38.0
41 62 194.0 166.0
59 30 134.0 19.0
43 57 136.0 34.0
43 52 41.0 128.0
34 51 105.0 164.0
55 50 7.0 108.0
20 64 109.0 137.0
32 61 56.0 79.0
63 47 20.0 2.0
64 38 125.0 107.0
54 55 106.0 61.0
64 46 147.0 100.0
43 63 68.0 4.0
31 57 165.0 27.0
47 61 102.0 74.0
57 46 15.0 110.0
50 53 176.0 188.0
58 47 189.0 101.0
41 64 3.0 48.0
57 53 182.0 150.0
60 48 104.0 2.0
46 54 45.0 70.0
40 61 132.0 99.0
53 58 152.0 100.0
53 51 65.0 80.0
59 52 75.0 6.0
25 64 57.0 30.0
51 29 166.0 191.0
63 58 106.0 23.0
58 45 167.0 103.0
57 50 191.0 100.0
61 57 38.0 96.0
50 61 79.0 55.0
56 47 111.0 106.0
63 42 70.0 121.0
61 44 106.0 189.0
56 53 32.0 164.0
49 54 46.0 0.0
49 50 185.0 190.0
57 63 148.0 175.0
63 31 29.0 27.0
64 59 159.0 92.0
60 61 89.0 182.0
54 48 88.0 195.0
45 55 192.0 120.0
57 56 1.0 190.0
64 22 80.0 186.0
56 54 89.0 28.0
64 49 34.0 118.0
63 51 161.0 146.0
51 60 158.0 50.0
22 29 186.0 46.0
57 28 89.0 178.0
54 64 163.0 90.0
54 61 175.0 44.0
27 62 180.0 64.0
64 62 20.0 167.0
62 57 177.0 182.0
60 43 44.0 135.0
45 61 92.0 30.0
1 2 138.0 182.0
25 2 85.0 102.0
44 63 90.0 13.0
40 63 2.0 23.0
53 55 13.0 175.0
54 57 48.0 142.0
51 40 124.0 92.0
50 5 61.0 168.0
64 63 66.0 0.0
42 62 124.0 152.0
62 50 74.0 14.0
48 62 110.0 29.0
49 55 34.0 75.0
62 15 54.0 82.0
48 42 8.0 130.0
59 62 82.0 70.0
51 55 24.0 149.0
61 55 28.0 100.0
61 64 116.0 54.0
49 43 36.0 27.0
45 57 152.0 22.0
49 63 118.0 159.0
59 44 32.0 127.0
53 63 142.0 66.0
58 56 95.0 118.0
33 61 142.0 75.0
52 56 94.0 11.0
56 23 156.0 82.0
48 63 116.0 109.0
58 57 97.0 35.0
53 61 154.0 81.0
54 60 82.0 48.0
56 64 192.0 177.0
34 58 127.0 86.0
63 6 2.0 174.0
59 63 132.0 111.0
60 62 179.0 48.0
17 62 53.0 77.0
0
