61 1830 30 55 298808
49 17 9.0 73.0
35 6 82.0 109.0
7 50 72.0 123.0
3 31 161.0 197.0
2 32 60.0 54.0
44 51 10.0 122.0
37 43 160.0 100.0
36 22 132.0 43.0
38 17 45.0 142.0
22 6 39.0 79.0
55 43 95.0 111.0
13 33 157.0 56.0
4 58 16.0 169.0
49 8 185.0 178.0
52 42 15.0 146.0
2 29 38.0 147.0
47 16 191.0 35.0
23 10 133.0 30.0
52 60 6.0 28.0
32 22 63.0 163.0
21 52 10.0 31.0
1 27 105.0 196.0
9 6 51.0 120.0
36 13 198.0 41.0
30 41 106.0 141.0
50 5 61.0 39.0
5 28 171.0 67.0
49 6 107.0 186.0
59 40 99.0 70.0
7 53 169.0 5.0
60 13 51.0 172.0
27 14 7.0 49.0
57 26 33.0 113.0
30 3 84.0 46.0
30 16 181.0 56.0
21 27 68.0 40.0
6 46 190.0 168.0
37 12 96.0 160.0
24 54 148.0 148.0
9 5 140.0 107.0
30 44 159.0 125.0
46 17 1.0 44.0
32 50 39.0 182.0
15 60 106.0 59.0
47 31 69.0 97.0
42 5 107.0 166.0
60 9 191.0 7.0
15 51 60.0 83.0
33 1 162.0 171.0
19 22 123.0 163.0
10 3 66.0 162.0
4 55 13.0 172.0
27 24 57.0 34.0
30 11 28.0 164.0
19 12 138.0 19.0
3 51 123.0 198.0
51 5 197.0 38.0
27 23 60.0 72.0
28 43 75.0 126.0
38 53 160.0 40.0
17 32 7.0 18.0
43 24 197.0 35.0
38 54 95.0 135.0
43 57 77.0 171.0
1 8 48.0 26.0
32 42 165.0 108.0
6 4 92.0 192.0
1 52 62.0 52.0
25 15 86.0 21.0
39 21 167.0 35.0
14 46 28.0 14.0
41 14 15.0 106.0
23 14 13.0 63.0
56 17 67.0 178.0
26 27 101.0 159.0
19 26 14.0 115.0
40 50 95.0 52.0
9 59 112.0 14.0
43 34 67.0 141.0
47 53 17.0 83.0
7 17 18.0 30.0
35 61 37.0 38.0
28 41 39.0 138.0
7 13 100.0 53.0
3 21 40.0 147.0
18 43 157.0 153.0
17 59 61.0 24.0
52 31 32.0 78.0
50 19 84.0 51.0
8 3 0.0 74.0
61 53 152.0 39.0
6 1 113.0 4.0
26 1 1.0 154.0
43 59 8.0 158.0
58 7 102.0 70.0
40 17 104.0 134.0
36 43 78.0 140.0
2 16 169.0 78.0
10 18 197.0 73.0
25 5 122.0 63.0
5 49 198.0 123.0
48 18 181.0 158.0
26 52 9.0 83.0
8 14 42.0 65.0
57 24 85.0 120.0
41 21 151.0 6.0
40 13 39.0 101.0
3 9 89.0 161.0
19 29 9.0 39.0
46 3 85.0 190.0
55 20 163.0 46.0
35 51 5.0 5.0
15 24 42.0 43.0
44 32 0.0 146.0
45 51 37.0 39.0
23 22 144.0 78.0
6 10 107.0 105.0
43 39 149.0 144.0
58 5 170.0 112.0
55 27 124.0 176.0
50 34 21.0 167.0
4 49 149.0 21.0
40 26 75.0 187.0
47 17 107.0 171.0
57 30 2.0 166.0
7 60 147.0 103.0
4 57 155.0 69.0
24 42 30.0 80.0
16 12 37.0 3.0
1 46 176.0 186.0
12 61 108.0 3.0
17 25 174.0 15.0
56 45 77.0 128.0
45 11 145.0 24.0
8 47 34.0 101.0
28 55 59.0 16.0
7 31 44.0 96.0
17 15 42.0 20.0
14 32 47.0 150.0
58 59 151.0 173.0
44 42 96.0 28.0
8 5 34.0 42.0
47 1 92.0 20.0
55 16 8.0 152.0
47 3 60.0 52.0
19 61 92.0 103.0
33 55 148.0 139.0
17 1 127.0 51.0
34 13 155.0 176.0
2 8 36.0 189.0
19 60 93.0 129.0
14 17 110.0 101.0
21 24 117.0 123.0
25 34 128.0 9.0
27 19 59.0 76.0
11 44 36.0 138.0
58 60 145.0 191.0
17 37 149.0 181.0
35 32 93.0 194.0
50 3 81.0 155.0
28 53 129.0 150.0
25 4 192.0 57.0
24 11 129.0 3.0
56 9 74.0 165.0
10 33 44.0 19.0
8 21 183.0 146.0
54 51 15.0 28.0
56 21 188.0 48.0
15 45 174.0 70.0
48 61 24.0 118.0
13 44 81.0 105.0
53 6 127.0 156.0
38 8 171.0 123.0
30 29 0.0 154.0
21 5 150.0 167.0
27 59 35.0 138.0
44 50 178.0 10.0
52 49 5.0 154.0
32 26 121.0 86.0
33 16 117.0 48.0
15 1 106.0 88.0
22 30 155.0 58.0
10 4 197.0 105.0
24 32 61.0 185.0
23 60 196.0 39.0
12 3 29.0 1.0
44 33 192.0 150.0
51 8 60.0 109.0
1 25 115.0 118.0
54 30 23.0 22.0
54 61 51.0 21.0
2 9 182.0 64.0
7 61 28.0 178.0
16 28 160.0 10.0
2 61 61.0 104.0
10 42 33.0 73.0
5 20 11.0 100.0
49 36 131.0 34.0
35 55 27.0 134.0
2 24 118.0 10.0
23 9 56.0 99.0
39 20 99.0 168.0
21 53 132.0 160.0
33 42 58.0 117.0
13 3 1.0 69.0
47 6 92.0 132.0
60 33 29.0 120.0
58 29 71.0 99.0
39 13 150.0 79.0
34 37 81.0 1.0
28 33 168.0 13.0
15 5 75.0 178.0
16 20 192.0 76.0
25 40 119.0 84.0
13 54 194.0 100.0
23 35 117.0 17.0
49 28 10.0 67.0
4 5 26.0 43.0
54 41 81.0 194.0
45 13 192.0 156.0
34 33 180.0 136.0
11 29 74.0 100.0
24 46 71.0 68.0
19 2 103.0 188.0
31 9 184.0 65.0
30 46 11.0 10.0
25 42 160.0 92.0
56 58 5.0 152.0
29 16 128.0 185.0
44 46 141.0 2.0
31 37 94.0 13.0
40 44 196.0 149.0
54 27 38.0 132.0
13 55 143.0 50.0
35 19 82.0 103.0
16 61 175.0 39.0
15 27 59.0 104.0
5 7 156.0 153.0
6 3 190.0 3.0
48 32 81.0 138.0
61 44 193.0 119.0
37 52 166.0 88.0
12 41 55.0 49.0
4 13 149.0 182.0
9 38 184.0 9.0
8 6 26.0 140.0
10 37 151.0 169.0
10 61 167.0 184.0
44 45 94.0 112.0
37 14 41.0 61.0
56 16 47.0 96.0
59 30 120.0 196.0
6 32 14.0 104.0
37 32 103.0 193.0
10 34 140.0 7.0
33 22 199.0 59.0
7 52 25.0 94.0
6 11 21.0 66.0
26 51 23.0 20.0
19 14 15.0 143.0
48 60 197.0 182.0
2 11 40.0 53.0
48 53 110.0 132.0
15 31 51.0 62.0
21 16 143.0 28.0
2 14 184.0 116.0
32 8 59.0 7.0
23 49 30.0 75.0
49 61 2.0 180.0
14 45 25.0 194.0
36 2 0.0 87.0
34 61 88.0 3.0
17 21 72.0 183.0
13 2 39.0 56.0
59 53 91.0 51.0
42 45 125.0 74.0
44 5 23.0 80.0
7 12 188.0 0.0
56 18 174.0 188.0
18 29 94.0 62.0
49 44 53.0 167.0
32 53 83.0 45.0
46 54 14.0 127.0
37 22 13.0 92.0
26 48 102.0 36.0
38 14 103.0 90.0
31 55 64.0 78.0
1 12 198.0 111.0
6 41 138.0 51.0
34 32 149.0 174.0
24 59 70.0 115.0
21 43 117.0 83.0
31 38 186.0 19.0
51 41 135.0 89.0
14 4 66.0 151.0
7 35 102.0 64.0
10 1 50.0 192.0
44 60 12.0 151.0
59 56 25.0 83.0
40 31 13.0 142.0
3 4 49.0 199.0
48 2 18.0 136.0
10 8 172.0 84.0
5 26 195.0 26.0
37 56 35.0 45.0
54 21 5.0 0.0
17 39 144.0 182.0
8 16 191.0 110.0
7 8 69.0 193.0
28 32 63.0 87.0
4 11 72.0 35.0
12 9 142.0 67.0
3 39 170.0 178.0
61 42 178.0 127.0
15 4 166.0 123.0
16 22 81.0 110.0
48 58 149.0 150.0
30 17 154.0 12.0
3 33 87.0 26.0
41 5 198.0 30.0
45 16 73.0 169.0
57 32 55.0 51.0
32 16 49.0 21.0
37 28 6.0 83.0
26 11 123.0 155.0
12 2 87.0 29.0
43 6 84.0 175.0
10 54 65.0 82.0
9 8 7.0 90.0
22 41 114.0 62.0
57 1 131.0 164.0
6 7 9.0 89.0
17 43 7.0 84.0
53 18 186.0 47.0
23 7 124.0 70.0
3 15 48.0 141.0
60 8 112.0 7.0
49 29 97.0 26.0
31 57 79.0 28.0
2 20 126.0 89.0
11 5 134.0 85.0
11 1 159.0 120.0
33 30 189.0 36.0
11 8 154.0 189.0
39 47 86.0 66.0
14 15 178.0 183.0
10 31 81.0 57.0
50 42 52.0 7.0
29 40 63.0 186.0
6 16 35.0 174.0
16 1 142.0 177.0
34 47 149.0 49.0
14 7 132.0 187.0
13 53 100.0 62.0
22 20 71.0 181.0
1 18 42.0 123.0
53 50 161.0 57.0
1 4 15.0 149.0
3 48 134.0 109.0
10 7 159.0 35.0
15 26 186.0 44.0
17 29 182.0 86.0
48 31 197.0 53.0
42 58 144.0 39.0
46 19 4.0 57.0
19 9 27.0 171.0
56 57 81.0 162.0
12 47 65.0 192.0
14 29 68.0 51.0
58 50 121.0 2.0
19 4 21.0 118.0
61 52 124.0 117.0
9 7 192.0 128.0
16 17 121.0 19.0
15 50 171.0 154.0
36 15 7.0 36.0
43 49 126.0 27.0
39 32 143.0 0.0
35 59 125.0 164.0
51 36 91.0 49.0
12 10 140.0 83.0
15 20 113.0 14.0
8 52 23.0 84.0
5 47 99.0 30.0
37 53 145.0 177.0
23 52 133.0 88.0
52 11 28.0 58.0
48 54 93.0 72.0
50 9 171.0 185.0
16 4 151.0 37.0
10 9 83.0 174.0
14 55 162.0 134.0
48 51 63.0 107.0
43 16 41.0 196.0
28 40 86.0 22.0
34 59 57.0 179.0
8 15 12.0 180.0
56 61 84.0 115.0
28 36 141.0 119.0
29 26 69.0 103.0
5 13 111.0 132.0
53 35 111.0 105.0
15 53 3.0 149.0
18 3 174.0 12.0
20 1 112.0 138.0
37 48 157.0 148.0
4 17 45.0 50.0
26 18 192.0 67.0
55 37 26.0 55.0
12 18 168.0 137.0
9 48 60.0 123.0
9 27 114.0 187.0
3 11 146.0 27.0
20 11 26.0 55.0
11 28 69.0 23.0
20 3 77.0 61.0
25 59 74.0 103.0
6 13 69.0 43.0
25 20 148.0 81.0
47 26 38.0 15.0
59 33 125.0 136.0
19 1 165.0 103.0
42 41 10.0 34.0
27 48 163.0 87.0
47 38 146.0 37.0
15 33 118.0 15.0
55 57 5.0 18.0
21 33 111.0 195.0
4 2 197.0 188.0
15 42 26.0 114.0
4 12 91.0 36.0
3 29 65.0 6.0
5 10 106.0 12.0
45 20 27.0 176.0
15 18 194.0 184.0
53 54 7.0 57.0
56 38 88.0 156.0
20 34 11.0 114.0
51 25 119.0 54.0
53 16 148.0 137.0
8 12 84.0 6.0
53 25 109.0 63.0
42 12 108.0 103.0
4 45 40.0 116.0
23 19 152.0 128.0
55 12 18.0 115.0
36 61 25.0 89.0
17 20 190.0 173.0
15 9 8.0 26.0
6 14 42.0 117.0
55 39 114.0 150.0
24 61 147.0 106.0
21 7 138.0 99.0
20 57 76.0 156.0
58 40 71.0 102.0
60 51 103.0 13.0
38 52 72.0 111.0
34 29 170.0 114.0
5 6 141.0 36.0
15 30 174.0 88.0
38 48 110.0 112.0
45 53 194.0 186.0
14 5 194.0 65.0
4 54 27.0 97.0
44 59 56.0 99.0
28 19 46.0 26.0
36 18 162.0 139.0
1 21 39.0 89.0
12 20 175.0 149.0
12 13 144.0 169.0
29 35 100.0 138.0
30 37 39.0 127.0
5 18 90.0 47.0
8 18 175.0 136.0
38 49 197.0 90.0
1 7 124.0 36.0
21 10 10.0 99.0
23 1 57.0 154.0
35 31 24.0 157.0
9 41 76.0 64.0
28 50 111.0 166.0
9 28 129.0 38.0
16 7 39.0 78.0
17 9 48.0 115.0
7 15 181.0 58.0
15 10 195.0 38.0
40 46 89.0 20.0
25 13 198.0 166.0
10 2 188.0 61.0
51 55 124.0 117.0
52 2 47.0 116.0
60 29 19.0 47.0
43 60 138.0 153.0
8 61 80.0 134.0
48 43 122.0 170.0
55 11 41.0 72.0
6 17 167.0 30.0
38 60 173.0 44.0
14 9 110.0 172.0
35 25 142.0 82.0
23 48 149.0 80.0
10 11 69.0 29.0
47 58 62.0 144.0
11 12 116.0 104.0
19 6 143.0 83.0
42 35 33.0 68.0
41 2 31.0 95.0
26 53 138.0 125.0
3 22 95.0 87.0
59 41 196.0 164.0
39 59 164.0 11.0
59 7 35.0 80.0
50 31 90.0 130.0
7 45 82.0 123.0
48 59 51.0 113.0
2 23 113.0 141.0
9 13 24.0 8.0
7 2 174.0 172.0
6 50 14.0 138.0
14 13 107.0 49.0
31 41 129.0 198.0
26 30 119.0 11.0
3 19 41.0 122.0
12 29 119.0 154.0
55 53 199.0 143.0
60 42 23.0 173.0
30 13 6.0 189.0
12 50 72.0 65.0
29 27 98.0 1.0
25 2 181.0 18.0
13 32 13.0 22.0
1 38 153.0 133.0
29 32 33.0 152.0
12 36 52.0 56.0
50 41 80.0 10.0
31 19 6.0 153.0
18 9 28.0 104.0
41 1 17.0 9.0
35 60 171.0 31.0
22 2 107.0 77.0
59 22 41.0 140.0
59 6 105.0 93.0
13 8 31.0 186.0
22 31 21.0 37.0
2 17 21.0 1.0
4 7 31.0 38.0
4 23 59.0 154.0
50 54 130.0 166.0
7 11 72.0 123.0
25 58 1.0 178.0
59 52 153.0 32.0
21 49 156.0 175.0
2 21 131.0 129.0
26 8 86.0 114.0
30 28 79.0 98.0
23 54 65.0 9.0
14 1 82.0 89.0
8 57 75.0 83.0
47 19 94.0 28.0
8 55 4.0 3.0
8 4 23.0 87.0
8 30 146.0 62.0
60 22 74.0 25.0
16 9 3.0 139.0
20 53 122.0 85.0
49 55 87.0 149.0
14 61 78.0 182.0
26 2 17.0 83.0
45 55 74.0 40.0
26 9 146.0 20.0
32 31 143.0 20.0
41 43 53.0 98.0
13 11 91.0 127.0
13 61 46.0 179.0
18 4 90.0 124.0
24 16 119.0 107.0
1 9 54.0 145.0
17 34 17.0 152.0
19 5 145.0 160.0
24 3 126.0 150.0
14 3 3.0 170.0
13 17 63.0 49.0
57 33 64.0 153.0
48 22 167.0 135.0
1 24 163.0 173.0
1 32 161.0 132.0
14 10 84.0 58.0
61 38 1.0 11.0
51 56 48.0 5.0
11 15 48.0 111.0
47 28 170.0 64.0
51 52 142.0 137.0
6 12 79.0 106.0
39 42 38.0 192.0
10 17 90.0 122.0
2 3 2.0 91.0
4 24 4.0 50.0
44 10 91.0 52.0
37 40 111.0 61.0
33 40 148.0 53.0
9 20 50.0 179.0
15 13 137.0 40.0
8 17 185.0 27.0
49 14 171.0 187.0
43 50 30.0 175.0
5 22 32.0 121.0
53 3 164.0 95.0
42 54 100.0 65.0
49 30 162.0 102.0
13 1 142.0 51.0
10 16 58.0 127.0
21 23 123.0 181.0
13 22 159.0 153.0
35 28 185.0 143.0
30 56 48.0 102.0
48 8 198.0 100.0
39 26 83.0 112.0
29 52 3.0 177.0
3 26 46.0 14.0
8 20 180.0 169.0
27 3 41.0 91.0
22 10 64.0 27.0
4 33 11.0 64.0
42 38 163.0 161.0
22 1 112.0 199.0
24 19 135.0 67.0
52 40 61.0 181.0
6 21 133.0 194.0
5 12 79.0 175.0
19 8 144.0 143.0
15 2 131.0 155.0
23 8 42.0 46.0
18 7 132.0 106.0
30 12 111.0 67.0
9 22 188.0 173.0
2 5 128.0 121.0
21 18 124.0 160.0
16 14 85.0 21.0
54 40 90.0 168.0
16 13 188.0 132.0
44 2 186.0 121.0
16 59 123.0 98.0
13 18 44.0 111.0
51 30 98.0 124.0
48 24 35.0 175.0
3 16 155.0 121.0
19 13 18.0 45.0
27 16 69.0 158.0
4 20 84.0 55.0
4 9 113.0 7.0
48 47 174.0 157.0
26 4 40.0 73.0
29 1 58.0 75.0
3 60 168.0 13.0
54 57 198.0 138.0
11 54 109.0 67.0
7 22 100.0 193.0
25 8 13.0 165.0
38 21 30.0 187.0
18 16 26.0 70.0
3 36 56.0 84.0
11 17 188.0 25.0
12 31 0.0 187.0
20 7 189.0 109.0
18 2 14.0 41.0
54 8 31.0 27.0
2 27 141.0 13.0
46 25 191.0 167.0
1 30 132.0 48.0
39 61 64.0 121.0
32 51 49.0 64.0
13 10 148.0 190.0
18 6 187.0 162.0
18 50 24.0 170.0
11 14 190.0 165.0
28 58 105.0 182.0
21 51 93.0 38.0
1 28 43.0 109.0
51 9 189.0 44.0
20 40 181.0 137.0
51 13 160.0 120.0
17 5 4.0 184.0
23 30 149.0 194.0
28 22 179.0 55.0
7 19 165.0 24.0
15 39 79.0 9.0
24 9 60.0 68.0
24 36 58.0 194.0
31 1 154.0 18.0
41 18 135.0 158.0
49 39 148.0 84.0
2 6 191.0 127.0
20 51 44.0 157.0
7 25 0.0 123.0
32 49 163.0 60.0
12 15 111.0 173.0
25 6 78.0 17.0
48 11 108.0 165.0
4 30 113.0 8.0
16 15 29.0 104.0
42 31 181.0 74.0
20 44 7.0 181.0
31 53 147.0 170.0
60 53 73.0 11.0
22 4 139.0 103.0
17 48 36.0 47.0
49 33 10.0 149.0
26 10 86.0 192.0
43 23 54.0 19.0
5 48 61.0 61.0
41 38 49.0 160.0
29 37 168.0 122.0
43 45 108.0 107.0
31 43 163.0 96.0
12 14 55.0 125.0
16 34 125.0 93.0
58 6 103.0 180.0
32 3 114.0 164.0
21 9 57.0 163.0
51 22 152.0 25.0
7 48 109.0 12.0
2 30 151.0 24.0
3 28 59.0 159.0
5 27 154.0 185.0
25 61 85.0 9.0
52 27 88.0 199.0
43 9 2.0 145.0
32 7 16.0 154.0
11 23 46.0 125.0
24 5 131.0 197.0
27 41 22.0 190.0
60 56 30.0 128.0
27 8 155.0 115.0
24 7 65.0 195.0
45 24 135.0 67.0
26 7 71.0 151.0
9 11 165.0 69.0
23 6 181.0 48.0
6 27 88.0 3.0
4 21 11.0 118.0
47 51 85.0 118.0
28 7 82.0 151.0
32 15 21.0 17.0
19 15 131.0 44.0
34 19 80.0 49.0
20 43 106.0 62.0
3 55 55.0 194.0
17 19 123.0 18.0
5 29 198.0 9.0
24 10 54.0 33.0
44 57 74.0 27.0
19 39 73.0 6.0
57 49 116.0 154.0
30 42 193.0 22.0
14 18 39.0 0.0
10 19 131.0 114.0
5 31 59.0 82.0
23 38 70.0 113.0
10 25 41.0 144.0
30 6 149.0 114.0
28 8 166.0 65.0
3 25 78.0 111.0
16 52 42.0 117.0
20 14 43.0 173.0
7 27 46.0 102.0
24 6 40.0 68.0
16 49 25.0 33.0
56 23 129.0 174.0
2 54 60.0 95.0
17 18 143.0 138.0
4 29 6.0 185.0
36 58 2.0 49.0
24 8 40.0 48.0
39 28 131.0 32.0
15 43 101.0 156.0
21 13 189.0 30.0
6 28 7.0 49.0
22 14 8.0 150.0
43 38 90.0 14.0
37 19 68.0 92.0
33 50 141.0 60.0
18 38 148.0 72.0
14 21 131.0 49.0
34 44 87.0 120.0
58 1 193.0 46.0
54 58 161.0 1.0
36 44 138.0 4.0
11 18 6.0 158.0
33 2 55.0 147.0
17 57 78.0 3.0
41 49 13.0 10.0
5 30 194.0 52.0
1 34 66.0 139.0
27 47 140.0 28.0
25 12 196.0 30.0
20 13 174.0 2.0
5 60 24.0 181.0
23 13 23.0 54.0
59 2 179.0 188.0
23 12 151.0 173.0
49 51 146.0 18.0
38 39 67.0 38.0
24 12 62.0 15.0
56 52 18.0 36.0
13 24 144.0 194.0
43 26 49.0 119.0
4 27 116.0 28.0
11 19 199.0 19.0
56 48 72.0 146.0
25 45 169.0 91.0
6 26 167.0 184.0
28 2 148.0 137.0
29 9 49.0 44.0
3 5 53.0 50.0
10 20 180.0 169.0
24 47 2.0 180.0
29 7 69.0 75.0
59 32 124.0 191.0
51 50 54.0 91.0
4 39 194.0 155.0
31 6 196.0 195.0
46 32 43.0 49.0
51 29 12.0 176.0
31 2 145.0 15.0
27 25 104.0 14.0
56 49 138.0 28.0
39 1 136.0 192.0
41 48 13.0 82.0
1 37 118.0 10.0
19 16 152.0 114.0
15 23 197.0 116.0
52 6 88.0 142.0
30 38 38.0 192.0
32 4 54.0 128.0
5 23 194.0 142.0
53 24 23.0 7.0
25 9 177.0 141.0
23 53 67.0 129.0
31 44 47.0 16.0
49 48 159.0 135.0
24 18 36.0 149.0
35 1 146.0 91.0
3 45 73.0 92.0
10 43 112.0 96.0
55 1 106.0 89.0
55 32 95.0 125.0
31 4 50.0 94.0
6 29 69.0 9.0
44 6 115.0 106.0
21 12 89.0 13.0
18 20 192.0 162.0
35 4 81.0 104.0
35 2 46.0 187.0
15 22 86.0 93.0
29 10 8.0 88.0
22 8 184.0 78.0
27 11 148.0 51.0
22 17 115.0 189.0
14 50 29.0 60.0
12 17 115.0 111.0
4 28 179.0 114.0
30 7 24.0 17.0
50 27 69.0 33.0
40 42 116.0 5.0
15 55 132.0 16.0
11 21 193.0 199.0
34 2 23.0 175.0
6 33 38.0 139.0
34 3 155.0 170.0
35 49 112.0 180.0
35 5 1.0 181.0
35 8 27.0 70.0
3 23 68.0 111.0
28 10 105.0 61.0
10 30 98.0 128.0
40 6 163.0 88.0
33 36 189.0 118.0
19 20 43.0 101.0
22 56 195.0 197.0
1 36 169.0 22.0
55 41 101.0 37.0
3 38 166.0 6.0
13 26 113.0 16.0
8 29 83.0 28.0
61 21 113.0 72.0
49 24 117.0 156.0
18 44 133.0 112.0
18 22 30.0 54.0
34 49 168.0 83.0
17 24 180.0 86.0
46 37 35.0 46.0
21 15 122.0 118.0
14 26 75.0 35.0
47 35 179.0 192.0
18 52 173.0 64.0
45 58 116.0 155.0
47 21 102.0 84.0
11 16 58.0 35.0
49 19 32.0 93.0
40 16 33.0 106.0
23 17 174.0 108.0
57 37 86.0 153.0
27 60 4.0 59.0
9 32 48.0 120.0
21 19 135.0 102.0
24 22 153.0 145.0
40 22 182.0 137.0
37 59 157.0 15.0
33 7 174.0 83.0
5 32 187.0 60.0
35 3 44.0 191.0
37 24 45.0 92.0
36 8 147.0 132.0
30 52 110.0 52.0
14 24 118.0 92.0
34 4 171.0 27.0
37 6 61.0 98.0
25 11 55.0 1.0
25 33 21.0 99.0
13 29 28.0 18.0
4 37 77.0 127.0
26 45 47.0 188.0
1 48 108.0 117.0
61 40 26.0 31.0
7 34 56.0 40.0
14 28 174.0 111.0
23 16 145.0 148.0
3 42 146.0 125.0
17 60 0.0 24.0
43 5 11.0 47.0
54 52 40.0 119.0
6 36 18.0 19.0
31 29 176.0 74.0
58 37 189.0 150.0
10 60 4.0 87.0
13 28 86.0 103.0
20 41 154.0 86.0
47 2 143.0 165.0
55 46 63.0 184.0
40 1 75.0 33.0
6 34 66.0 51.0
25 16 49.0 7.0
11 31 69.0 53.0
20 24 28.0 107.0
9 33 30.0 135.0
8 31 82.0 174.0
7 36 132.0 97.0
53 22 79.0 159.0
5 34 92.0 97.0
19 51 119.0 141.0
37 2 162.0 188.0
6 20 42.0 142.0
45 49 72.0 73.0
52 12 171.0 154.0
52 43 126.0 103.0
8 33 76.0 157.0
50 29 91.0 168.0
38 5 165.0 11.0
49 2 63.0 79.0
20 21 40.0 105.0
10 32 181.0 112.0
51 6 142.0 152.0
50 57 108.0 68.0
43 1 45.0 137.0
27 10 94.0 137.0
57 15 127.0 11.0
5 33 98.0 142.0
38 6 116.0 90.0
46 50 163.0 98.0
55 52 148.0 58.0
17 27 79.0 57.0
9 30 87.0 77.0
40 3 170.0 133.0
8 34 165.0 49.0
9 35 5.0 16.0
4 38 25.0 121.0
17 28 187.0 188.0
21 22 32.0 88.0
56 14 181.0 63.0
23 47 190.0 20.0
18 33 20.0 113.0
2 38 191.0 186.0
39 41 49.0 196.0
47 11 74.0 74.0
4 41 15.0 13.0
16 5 90.0 199.0
17 54 137.0 23.0
10 35 61.0 80.0
18 25 104.0 34.0
40 2 13.0 47.0
50 11 34.0 14.0
5 36 106.0 60.0
9 34 172.0 121.0
53 56 126.0 14.0
2 42 89.0 63.0
39 2 86.0 103.0
43 30 148.0 142.0
15 29 83.0 161.0
30 50 2.0 69.0
25 14 175.0 108.0
3 17 83.0 99.0
57 18 140.0 9.0
9 37 87.0 181.0
16 41 161.0 125.0
12 28 82.0 109.0
34 11 147.0 165.0
11 32 71.0 149.0
39 5 25.0 198.0
13 31 149.0 108.0
58 51 114.0 89.0
38 7 167.0 153.0
49 7 32.0 80.0
1 42 11.0 115.0
37 8 66.0 158.0
42 4 88.0 137.0
59 11 13.0 113.0
51 17 197.0 162.0
12 22 91.0 63.0
10 59 84.0 10.0
27 12 0.0 117.0
21 25 196.0 163.0
6 39 188.0 63.0
20 23 50.0 76.0
28 18 74.0 63.0
40 7 8.0 72.0
7 39 5.0 51.0
42 6 6.0 42.0
7 37 185.0 158.0
43 2 63.0 181.0
45 46 175.0 51.0
10 36 85.0 25.0
28 15 34.0 112.0
1 45 197.0 194.0
33 14 31.0 154.0
32 12 59.0 38.0
41 3 2.0 44.0
26 23 64.0 66.0
47 14 19.0 39.0
10 41 67.0 56.0
55 44 25.0 53.0
6 15 80.0 174.0
11 37 199.0 111.0
7 3 185.0 10.0
34 26 168.0 187.0
26 37 53.0 32.0
31 18 72.0 24.0
35 43 49.0 92.0
27 32 58.0 74.0
39 52 37.0 138.0
27 20 55.0 188.0
25 36 1.0 40.0
26 21 36.0 121.0
34 48 60.0 41.0
42 46 122.0 85.0
4 40 148.0 171.0
39 54 19.0 158.0
34 12 176.0 9.0
36 9 1.0 184.0
46 2 152.0 154.0
12 33 142.0 140.0
8 59 14.0 154.0
7 41 99.0 88.0
9 40 43.0 199.0
18 30 55.0 62.0
10 38 104.0 31.0
60 26 169.0 57.0
46 33 148.0 73.0
42 8 123.0 42.0
11 36 100.0 89.0
50 4 5.0 151.0
45 2 196.0 0.0
12 49 115.0 51.0
44 3 107.0 171.0
39 9 194.0 28.0
20 30 183.0 95.0
48 13 119.0 58.0
22 50 123.0 171.0
29 21 64.0 80.0
8 41 133.0 12.0
46 8 180.0 0.0
11 33 53.0 87.0
4 43 49.0 0.0
31 16 188.0 184.0
46 21 71.0 108.0
11 51 169.0 146.0
43 8 27.0 33.0
44 4 152.0 112.0
54 44 65.0 133.0
39 10 94.0 118.0
1 44 161.0 143.0
15 34 150.0 149.0
57 22 16.0 173.0
14 54 43.0 185.0
21 28 155.0 22.0
61 27 31.0 107.0
3 37 188.0 96.0
26 16 157.0 82.0
13 52 2.0 70.0
43 3 180.0 152.0
17 33 118.0 196.0
52 44 93.0 113.0
58 57 122.0 48.0
22 52 69.0 105.0
25 26 17.0 9.0
55 23 156.0 126.0
26 20 80.0 159.0
25 28 197.0 60.0
27 33 137.0 67.0
27 18 96.0 183.0
4 36 136.0 18.0
60 59 40.0 157.0
40 11 99.0 9.0
18 23 33.0 56.0
10 40 52.0 113.0
39 8 75.0 1.0
38 11 125.0 165.0
27 22 115.0 21.0
28 20 119.0 52.0
26 17 46.0 111.0
54 37 187.0 146.0
44 35 45.0 20.0
33 24 55.0 49.0
13 37 193.0 131.0
45 5 72.0 71.0
22 54 175.0 187.0
11 22 54.0 94.0
11 42 177.0 101.0
47 4 190.0 165.0
38 12 26.0 187.0
15 35 82.0 33.0
48 45 15.0 75.0
4 46 56.0 87.0
13 27 179.0 32.0
40 5 115.0 33.0
58 39 18.0 93.0
30 24 190.0 160.0
19 32 18.0 16.0
33 48 33.0 52.0
33 32 179.0 48.0
48 6 169.0 187.0
25 23 125.0 100.0
39 45 190.0 41.0
39 12 10.0 8.0
26 12 91.0 0.0
9 42 109.0 62.0
29 53 137.0 142.0
32 18 173.0 116.0
48 4 90.0 94.0
20 29 29.0 15.0
14 31 157.0 19.0
42 17 190.0 167.0
14 35 120.0 34.0
19 33 60.0 182.0
30 19 157.0 197.0
11 41 146.0 82.0
39 11 149.0 36.0
40 21 108.0 131.0
42 7 11.0 66.0
25 56 182.0 1.0
31 20 42.0 102.0
25 24 198.0 102.0
44 9 180.0 107.0
31 21 40.0 127.0
31 17 193.0 141.0
26 24 84.0 53.0
44 7 57.0 47.0
28 24 58.0 39.0
43 7 23.0 101.0
37 15 91.0 173.0
27 57 77.0 71.0
5 37 91.0 69.0
21 30 137.0 36.0
40 15 162.0 173.0
36 21 114.0 171.0
22 25 9.0 172.0
16 60 186.0 32.0
18 46 92.0 77.0
43 54 12.0 122.0
35 12 21.0 103.0
43 33 46.0 158.0
39 14 93.0 160.0
16 35 125.0 7.0
34 18 198.0 86.0
16 36 194.0 184.0
61 33 67.0 39.0
40 14 69.0 79.0
49 3 115.0 42.0
51 1 110.0 161.0
43 11 141.0 3.0
53 1 148.0 18.0
50 2 108.0 98.0
18 35 157.0 103.0
5 46 66.0 24.0
27 45 63.0 87.0
16 37 72.0 130.0
1 50 166.0 134.0
1 60 170.0 59.0
20 33 51.0 118.0
37 23 111.0 160.0
12 43 4.0 68.0
34 21 68.0 23.0
46 20 147.0 83.0
58 41 74.0 19.0
38 13 22.0 192.0
49 1 47.0 145.0
28 27 65.0 50.0
53 2 140.0 128.0
44 12 38.0 97.0
20 35 149.0 106.0
26 28 126.0 96.0
35 21 165.0 152.0
22 34 166.0 140.0
7 46 31.0 13.0
35 11 37.0 48.0
52 4 156.0 177.0
25 38 172.0 194.0
29 24 33.0 121.0
7 47 151.0 111.0
9 45 160.0 116.0
41 15 62.0 127.0
8 44 194.0 45.0
51 2 87.0 31.0
44 27 1.0 43.0
13 41 85.0 125.0
16 39 85.0 118.0
38 24 157.0 36.0
42 34 159.0 69.0
61 57 55.0 21.0
36 17 101.0 1.0
25 32 36.0 140.0
46 10 131.0 189.0
52 3 15.0 17.0
33 23 34.0 101.0
51 10 67.0 143.0
38 19 156.0 26.0
53 4 106.0 11.0
32 20 128.0 159.0
22 26 140.0 116.0
57 16 8.0 72.0
27 34 37.0 24.0
61 32 150.0 23.0
43 13 9.0 17.0
16 38 148.0 165.0
42 13 61.0 6.0
50 52 88.0 141.0
56 1 101.0 180.0
54 3 39.0 61.0
35 17 126.0 29.0
44 14 129.0 28.0
54 1 110.0 138.0
61 15 37.0 10.0
46 12 27.0 50.0
43 14 199.0 115.0
44 15 21.0 52.0
7 51 97.0 12.0
31 23 113.0 175.0
46 9 73.0 42.0
51 34 42.0 135.0
48 14 170.0 31.0
37 20 46.0 149.0
30 27 178.0 45.0
31 28 116.0 199.0
27 31 114.0 13.0
29 22 155.0 27.0
43 42 145.0 180.0
14 53 142.0 140.0
51 4 77.0 64.0
33 39 30.0 124.0
36 20 94.0 8.0
30 40 182.0 10.0
23 28 129.0 96.0
34 23 13.0 37.0
55 2 52.0 159.0
8 45 49.0 194.0
31 24 179.0 127.0
19 40 55.0 161.0
9 47 191.0 101.0
57 2 6.0 125.0
9 49 109.0 87.0
47 10 146.0 122.0
60 40 179.0 198.0
41 45 59.0 28.0
49 59 131.0 190.0
49 10 131.0 186.0
55 5 156.0 74.0
15 47 144.0 162.0
16 42 174.0 5.0
48 12 20.0 121.0
8 40 197.0 151.0
35 24 123.0 8.0
38 20 197.0 54.0
19 41 177.0 128.0
52 5 137.0 85.0
23 32 80.0 33.0
24 23 78.0 55.0
3 56 30.0 98.0
39 35 167.0 28.0
6 45 20.0 42.0
53 5 42.0 17.0
50 8 27.0 171.0
10 50 8.0 116.0
11 46 8.0 40.0
45 10 8.0 38.0
19 42 127.0 191.0
36 60 71.0 46.0
8 53 99.0 91.0
26 35 84.0 93.0
40 18 12.0 63.0
54 5 33.0 172.0
14 59 123.0 193.0
19 25 187.0 83.0
41 17 59.0 114.0
38 55 157.0 130.0
48 57 44.0 56.0
35 13 194.0 128.0
10 48 144.0 6.0
29 28 106.0 177.0
15 38 2.0 181.0
1 59 74.0 190.0
12 45 136.0 85.0
42 20 123.0 93.0
56 5 176.0 167.0
49 11 73.0 170.0
46 16 16.0 169.0
30 25 1.0 122.0
33 56 126.0 3.0
22 39 59.0 152.0
38 22 123.0 147.0
22 35 98.0 199.0
6 54 1.0 74.0
58 3 60.0 27.0
26 36 184.0 77.0
56 8 115.0 185.0
47 13 175.0 41.0
33 26 144.0 186.0
52 10 187.0 19.0
57 3 125.0 85.0
36 19 55.0 78.0
15 46 186.0 67.0
59 3 197.0 122.0
42 18 103.0 112.0
33 29 141.0 78.0
21 37 82.0 85.0
26 31 180.0 21.0
30 32 12.0 105.0
56 4 30.0 19.0
39 18 143.0 168.0
25 29 31.0 140.0
54 47 4.0 134.0
45 17 10.0 146.0
57 5 130.0 92.0
56 6 116.0 110.0
44 16 92.0 80.0
61 58 143.0 74.0
9 52 74.0 38.0
37 44 89.0 58.0
13 46 45.0 46.0
37 25 185.0 55.0
50 56 120.0 115.0
2 58 135.0 36.0
39 24 199.0 28.0
13 49 59.0 94.0
40 24 85.0 86.0
7 55 198.0 127.0
59 5 93.0 44.0
27 35 196.0 31.0
43 19 163.0 68.0
39 23 172.0 99.0
47 36 141.0 171.0
48 19 30.0 153.0
55 9 14.0 68.0
13 50 23.0 13.0
40 12 37.0 117.0
57 7 107.0 185.0
21 42 74.0 23.0
2 60 83.0 47.0
61 3 134.0 177.0
1 61 187.0 117.0
7 54 8.0 2.0
6 57 100.0 31.0
22 47 132.0 89.0
27 37 151.0 192.0
41 24 143.0 25.0
30 31 42.0 178.0
18 45 183.0 176.0
40 23 62.0 171.0
39 57 10.0 70.0
17 44 68.0 110.0
9 54 59.0 0.0
22 42 58.0 10.0
26 38 152.0 1.0
27 39 159.0 194.0
16 48 77.0 142.0
49 15 151.0 91.0
30 34 34.0 161.0
18 37 26.0 102.0
18 47 153.0 37.0
34 14 63.0 12.0
53 12 151.0 167.0
12 51 137.0 62.0
60 49 157.0 166.0
55 6 116.0 108.0
60 4 91.0 151.0
22 44 21.0 118.0
19 44 164.0 175.0
41 23 94.0 179.0
34 31 154.0 197.0
9 53 97.0 43.0
16 50 189.0 55.0
54 59 190.0 106.0
4 59 183.0 81.0
46 53 131.0 5.0
61 4 166.0 95.0
30 36 127.0 60.0
36 27 185.0 81.0
56 2 35.0 82.0
56 11 104.0 177.0
7 56 142.0 46.0
36 14 114.0 78.0
22 45 42.0 45.0
41 25 38.0 8.0
23 42 43.0 117.0
29 23 49.0 28.0
50 17 113.0 36.0
21 45 61.0 169.0
48 46 196.0 155.0
46 22 29.0 111.0
29 36 35.0 71.0
44 21 119.0 73.0
12 54 32.0 114.0
57 9 121.0 33.0
57 25 13.0 186.0
15 48 36.0 74.0
6 60 121.0 184.0
61 6 131.0 150.0
8 58 157.0 119.0
48 39 161.0 28.0
55 10 181.0 145.0
52 14 146.0 103.0
61 5 188.0 159.0
29 46 71.0 176.0
18 49 30.0 192.0
16 51 116.0 113.0
11 53 26.0 25.0
42 26 16.0 187.0
21 48 138.0 198.0
57 10 17.0 37.0
11 57 91.0 5.0
10 58 101.0 163.0
35 30 7.0 83.0
41 26 23.0 124.0
41 29 62.0 2.0
59 50 56.0 78.0
48 44 42.0 147.0
39 29 176.0 59.0
12 57 18.0 67.0
33 35 198.0 71.0
28 34 92.0 5.0
50 61 188.0 116.0
44 24 138.0 50.0
38 32 86.0 147.0
38 28 142.0 128.0
57 13 114.0 118.0
23 36 12.0 85.0
16 58 106.0 162.0
25 39 70.0 199.0
20 48 184.0 58.0
34 35 44.0 74.0
58 11 153.0 82.0
56 10 97.0 96.0
27 42 164.0 12.0
46 23 169.0 128.0
30 39 172.0 27.0
52 17 162.0 42.0
23 45 30.0 98.0
49 22 157.0 27.0
23 44 166.0 110.0
25 31 79.0 63.0
54 55 125.0 195.0
57 14 34.0 46.0
50 20 175.0 6.0
43 22 98.0 137.0
42 53 118.0 128.0
14 51 59.0 75.0
53 17 41.0 177.0
54 18 69.0 73.0
54 16 49.0 146.0
19 52 109.0 83.0
20 49 23.0 84.0
40 55 96.0 73.0
12 59 123.0 166.0
34 39 78.0 134.0
51 18 26.0 72.0
58 14 77.0 47.0
11 61 157.0 126.0
56 13 110.0 67.0
44 28 197.0 133.0
29 38 191.0 45.0
55 18 22.0 66.0
50 21 87.0 53.0
54 19 122.0 113.0
31 39 35.0 199.0
35 37 198.0 145.0
54 15 42.0 108.0
56 12 49.0 40.0
40 32 113.0 40.0
17 55 53.0 88.0
36 34 77.0 92.0
28 42 40.0 199.0
38 33 130.0 27.0
36 35 164.0 128.0
57 60 108.0 158.0
42 29 86.0 157.0
25 49 37.0 151.0
9 61 68.0 42.0
58 15 102.0 145.0
13 58 164.0 142.0
30 61 171.0 94.0
15 56 135.0 135.0
53 19 47.0 43.0
60 14 184.0 85.0
28 48 110.0 21.0
55 26 113.0 130.0
35 38 196.0 167.0
43 32 67.0 160.0
25 47 78.0 39.0
38 34 46.0 13.0
32 41 169.0 45.0
26 44 14.0 105.0
36 37 100.0 124.0
24 34 198.0 165.0
38 27 7.0 194.0
50 25 179.0 26.0
38 36 196.0 9.0
20 47 68.0 194.0
13 59 48.0 189.0
58 12 146.0 62.0
24 51 21.0 199.0
45 40 179.0 171.0
15 59 196.0 186.0
14 42 87.0 127.0
50 24 126.0 35.0
35 40 199.0 146.0
27 49 199.0 47.0
20 54 109.0 97.0
25 48 96.0 82.0
45 60 166.0 75.0
29 56 145.0 115.0
29 45 7.0 184.0
58 17 147.0 85.0
34 40 124.0 99.0
46 28 55.0 75.0
43 25 159.0 164.0
43 29 138.0 55.0
11 60 173.0 105.0
27 43 121.0 118.0
12 60 2.0 128.0
36 42 177.0 101.0
27 46 118.0 101.0
55 19 59.0 125.0
41 53 123.0 170.0
31 36 42.0 62.0
23 50 156.0 15.0
27 51 161.0 77.0
45 19 164.0 115.0
59 19 121.0 93.0
48 30 68.0 191.0
44 25 177.0 79.0
50 26 196.0 53.0
57 46 88.0 38.0
41 33 181.0 44.0
56 19 181.0 94.0
55 21 154.0 97.0
56 20 148.0 28.0
58 18 12.0 169.0
52 25 197.0 142.0
41 34 30.0 194.0
24 52 152.0 71.0
52 20 32.0 133.0
39 36 124.0 166.0
45 31 120.0 78.0
37 33 191.0 69.0
47 30 70.0 155.0
32 45 41.0 67.0
56 24 106.0 71.0
51 38 140.0 10.0
46 59 103.0 124.0
28 45 16.0 27.0
55 24 160.0 137.0
31 46 98.0 151.0
21 32 138.0 168.0
28 59 0.0 131.0
45 35 151.0 59.0
33 45 59.0 43.0
46 56 40.0 162.0
21 57 164.0 56.0
26 46 115.0 76.0
61 17 51.0 13.0
45 36 193.0 142.0
54 25 169.0 146.0
57 23 78.0 72.0
29 47 191.0 137.0
38 40 45.0 183.0
59 21 40.0 161.0
32 47 41.0 155.0
56 26 53.0 44.0
31 49 70.0 199.0
58 21 192.0 191.0
55 22 128.0 70.0
46 36 166.0 72.0
52 28 53.0 163.0
36 40 89.0 46.0
21 60 177.0 82.0
39 37 23.0 183.0
40 39 181.0 45.0
60 18 181.0 173.0
27 53 88.0 61.0
41 36 168.0 7.0
30 53 44.0 173.0
28 51 8.0 133.0
18 61 95.0 138.0
57 29 63.0 70.0
42 37 134.0 44.0
47 33 14.0 67.0
30 14 121.0 54.0
20 61 59.0 41.0
61 22 183.0 103.0
58 22 111.0 191.0
20 58 50.0 158.0
37 41 161.0 113.0
37 45 58.0 95.0
28 54 44.0 24.0
37 38 9.0 118.0
50 38 28.0 20.0
56 28 17.0 163.0
52 32 69.0 128.0
44 39 94.0 119.0
59 18 69.0 56.0
51 33 125.0 127.0
54 29 61.0 170.0
61 23 177.0 22.0
46 38 182.0 5.0
45 34 182.0 199.0
61 26 15.0 51.0
44 56 138.0 109.0
38 44 154.0 159.0
26 54 39.0 31.0
47 40 75.0 100.0
36 48 97.0 52.0
58 19 185.0 79.0
40 43 157.0 167.0
41 44 28.0 124.0
55 30 152.0 166.0
58 23 124.0 58.0
58 27 58.0 163.0
41 40 189.0 133.0
26 49 109.0 86.0
26 59 78.0 95.0
37 47 104.0 187.0
25 60 30.0 132.0
34 46 1.0 134.0
49 37 93.0 126.0
19 18 30.0 151.0
52 33 146.0 171.0
59 20 121.0 56.0
35 52 73.0 151.0
51 31 6.0 130.0
57 28 53.0 188.0
50 37 194.0 54.0
50 39 55.0 88.0
53 34 31.0 37.0
50 36 154.0 177.0
59 29 97.0 27.0
57 19 110.0 170.0
25 55 177.0 116.0
41 47 132.0 182.0
55 36 48.0 127.0
33 53 95.0 55.0
40 27 90.0 78.0
40 48 72.0 196.0
45 38 185.0 169.0
46 41 129.0 95.0
53 36 163.0 58.0
26 58 1.0 95.0
28 60 101.0 1.0
31 56 4.0 148.0
29 55 154.0 94.0
55 34 179.0 178.0
55 58 174.0 164.0
30 58 86.0 55.0
35 46 149.0 1.0
47 44 37.0 102.0
48 42 117.0 139.0
33 31 163.0 121.0
60 31 52.0 117.0
50 35 29.0 31.0
15 52 137.0 155.0
47 49 87.0 175.0
23 59 36.0 188.0
58 32 49.0 74.0
1 5 56.0 166.0
32 54 70.0 172.0
54 33 169.0 122.0
32 56 83.0 151.0
43 44 116.0 172.0
35 57 0.0 156.0
57 34 103.0 37.0
30 60 180.0 152.0
33 58 128.0 189.0
36 32 117.0 151.0
39 53 91.0 39.0
49 42 184.0 127.0
39 56 69.0 52.0
47 43 76.0 70.0
46 52 140.0 179.0
54 31 46.0 120.0
60 32 17.0 126.0
40 49 177.0 87.0
58 31 34.0 20.0
51 37 164.0 18.0
43 51 198.0 186.0
60 24 184.0 27.0
41 52 85.0 124.0
27 56 149.0 131.0
35 56 32.0 167.0
34 58 142.0 161.0
44 53 0.0 176.0
53 40 80.0 116.0
47 46 199.0 31.0
60 34 73.0 135.0
52 45 11.0 110.0
34 56 18.0 112.0
40 51 194.0 50.0
49 50 169.0 136.0
35 58 179.0 169.0
40 57 130.0 60.0
43 46 99.0 82.0
47 42 69.0 124.0
37 61 189.0 32.0
42 51 183.0 7.0
56 41 14.0 177.0
29 48 119.0 183.0
45 54 91.0 99.0
43 56 179.0 22.0
50 48 7.0 30.0
56 42 54.0 28.0
42 57 170.0 43.0
51 39 134.0 154.0
58 38 185.0 100.0
3 1 30.0 57.0
52 48 180.0 122.0
37 60 77.0 111.0
41 61 177.0 84.0
47 59 191.0 184.0
47 55 35.0 161.0
51 46 146.0 170.0
44 58 52.0 131.0
53 43 95.0 82.0
42 59 19.0 27.0
54 36 108.0 96.0
28 61 34.0 38.0
56 36 74.0 25.0
52 34 135.0 110.0
55 50 61.0 81.0
41 57 161.0 65.0
58 43 154.0 8.0
36 52 12.0 173.0
39 60 64.0 121.0
55 42 103.0 98.0
55 60 134.0 178.0
36 59 171.0 22.0
49 53 126.0 32.0
57 51 126.0 39.0
45 30 53.0 80.0
53 52 19.0 17.0
45 59 134.0 83.0
47 61 182.0 37.0
47 60 117.0 69.0
41 60 79.0 89.0
35 41 167.0 158.0
50 47 168.0 93.0
45 50 41.0 173.0
29 44 62.0 60.0
36 57 130.0 148.0
55 56 132.0 113.0
47 57 112.0 2.0
56 54 171.0 144.0
49 46 39.0 138.0
57 52 105.0 159.0
45 47 143.0 146.0
31 59 108.0 5.0
57 59 131.0 190.0
40 56 195.0 63.0
35 54 14.0 108.0
51 61 129.0 138.0
61 59 109.0 120.0
38 57 120.0 14.0
60 20 191.0 63.0
59 55 174.0 51.0
61 29 64.0 105.0
31 61 191.0 59.0
58 53 151.0 157.0
38 59 29.0 32.0
60 50 136.0 91.0
55 61 149.0 8.0
2 1 90.0 92.0
55 48 18.0 65.0
54 60 139.0 34.0
56 47 182.0 130.0
45 57 40.0 85.0
60 61 59.0 70.0
10 53 6.0 195.0
58 49 189.0 107.0
34 54 24.0 79.0
45 61 33.0 42.0
24 58 110.0 125.0
53 57 191.0 44.0
48 35 183.0 31.0
23 51 124.0 194.0
53 51 137.0 82.0
46 39 126.0 126.0
52 47 84.0 102.0
58 9 73.0 69.0
46 60 199.0 135.0
51 59 1.0 142.0
49 54 116.0 184.0
61 46 146.0 40.0
58 52 171.0 83.0
58 46 3.0 49.0
43 61 124.0 87.0
0
