66 2145 62 11 23388
50 48 105.0 139.0
7 27 179.0 142.0
23 60 118.0 12.0
19 32 47.0 130.0
46 24 37.0 41.0
5 56 99.0 122.0
35 24 160.0 181.0
44 42 192.0 176.0
23 42 99.0 49.0
2 48 128.0 30.0
41 62 99.0 198.0
27 61 129.0 98.0
16 60 107.0 118.0
47 9 68.0 7.0
33 45 39.0 28.0
18 21 118.0 183.0
63 33 47.0 169.0
15 46 178.0 175.0
39 60 148.0 77.0
54 58 78.0 78.0
49 65 166.0 138.0
6 64 129.0 187.0
42 22 90.0 168.0
41 8 100.0 160.0
38 30 63.0 147.0
8 46 131.0 42.0
39 14 6.0 32.0
6 41 17.0 84.0
37 45 151.0 136.0
42 54 60.0 80.0
7 51 14.0 151.0
56 34 39.0 114.0
62 43 26.0 102.0
22 47 89.0 109.0
61 20 167.0 95.0
58 43 14.0 184.0
19 65 130.0 117.0
50 13 86.0 190.0
63 14 54.0 100.0
15 1 198.0 93.0
26 20 70.0 176.0
65 20 12.0 111.0
38 56 134.0 179.0
30 36 149.0 100.0
33 55 183.0 31.0
12 5 166.0 69.0
60 41 120.0 172.0
24 54 70.0 118.0
6 53 9.0 92.0
5 64 63.0 21.0
51 47 53.0 197.0
16 53 55.0 155.0
41 33 84.0 39.0
13 1 76.0 2.0
1 10 71.0 196.0
59 56 157.0 141.0
42 2 45.0 166.0
66 58 151.0 108.0
36 17 159.0 157.0
1 53 24.0 14.0
19 24 11.0 60.0
23 37 96.0 39.0
42 12 134.0 168.0
1 32 168.0 43.0
34 29 36.0 13.0
20 33 193.0 139.0
47 7 88.0 152.0
59 1 163.0 64.0
23 25 86.0 126.0
61 8 80.0 182.0
19 29 159.0 166.0
59 30 11.0 79.0
58 9 177.0 199.0
39 3 50.0 122.0
10 35 51.0 90.0
33 13 164.0 166.0
37 49 17.0 2.0
54 4 66.0 49.0
30 66 51.0 25.0
29 15 4.0 14.0
21 34 19.0 181.0
11 2 43.0 69.0
56 9 73.0 94.0
21 50 145.0 38.0
30 39 67.0 114.0
40 18 17.0 133.0
15 47 162.0 68.0
61 2 66.0 166.0
33 18 152.0 37.0
39 18 35.0 195.0
24 17 133.0 109.0
64 54 8.0 78.0
24 51 69.0 75.0
66 65 141.0 86.0
43 17 188.0 104.0
18 45 190.0 7.0
61 55 76.0 142.0
4 23 122.0 64.0
37 36 35.0 8.0
21 33 163.0 43.0
16 36 42.0 32.0
32 33 6.0 184.0
50 11 166.0 146.0
53 26 184.0 108.0
13 28 53.0 61.0
50 66 73.0 128.0
35 43 122.0 60.0
7 42 109.0 85.0
11 1 110.0 152.0
31 57 165.0 68.0
1 25 38.0 84.0
49 53 70.0 23.0
12 39 88.0 75.0
38 48 163.0 161.0
22 60 18.0 37.0
36 21 107.0 79.0
19 14 133.0 17.0
4 66 199.0 98.0
25 65 172.0 38.0
52 14 122.0 194.0
52 6 114.0 11.0
52 65 116.0 77.0
59 17 79.0 86.0
35 13 133.0 186.0
26 21 125.0 66.0
20 23 45.0 124.0
22 13 178.0 169.0
26 46 176.0 52.0
50 56 10.0 42.0
53 54 190.0 78.0
2 4 126.0 69.0
14 4 88.0 59.0
24 52 5.0 13.0
8 29 44.0 2.0
39 65 132.0 22.0
42 32 24.0 60.0
19 36 182.0 186.0
21 28 112.0 124.0
29 46 73.0 38.0
48 8 164.0 161.0
57 12 167.0 121.0
38 63 21.0 12.0
59 53 39.0 105.0
18 13 8.0 16.0
46 47 195.0 142.0
6 16 57.0 107.0
59 6 13.0 82.0
11 19 120.0 178.0
30 20 92.0 40.0
14 15 175.0 65.0
1 12 156.0 167.0
24 28 158.0 116.0
6 19 109.0 105.0
34 18 138.0 118.0
23 50 9.0 103.0
66 40 72.0 81.0
58 24 60.0 116.0
5 9 68.0 188.0
41 44 41.0 176.0
5 35 75.0 151.0
53 60 28.0 136.0
11 62 188.0 118.0
43 40 157.0 197.0
12 28 140.0 181.0
51 26 182.0 0.0
53 9 135.0 2.0
52 43 33.0 176.0
9 15 124.0 61.0
8 14 63.0 104.0
7 53 12.0 51.0
25 44 51.0 121.0
3 23 88.0 191.0
46 38 182.0 22.0
45 65 27.0 117.0
39 10 80.0 13.0
24 9 14.0 5.0
20 50 28.0 29.0
35 26 32.0 192.0
1 29 170.0 83.0
51 61 168.0 10.0
30 60 53.0 102.0
4 13 116.0 81.0
59 47 94.0 196.0
53 48 143.0 108.0
32 23 51.0 171.0
48 39 61.0 35.0
65 15 46.0 31.0
9 34 65.0 166.0
27 3 36.0 71.0
52 9 160.0 152.0
53 51 118.0 54.0
33 35 69.0 13.0
55 6 79.0 72.0
44 48 83.0 140.0
62 60 25.0 129.0
26 31 191.0 42.0
33 12 12.0 27.0
20 38 15.0 172.0
23 49 134.0 133.0
15 18 145.0 155.0
21 38 89.0 176.0
17 48 15.0 172.0
39 56 5.0 40.0
18 47 122.0 149.0
59 43 13.0 134.0
13 55 140.0 29.0
37 53 176.0 26.0
2 64 49.0 73.0
33 19 46.0 138.0
66 51 7.0 61.0
39 2 17.0 165.0
46 13 83.0 139.0
53 32 102.0 49.0
20 57 167.0 194.0
41 49 110.0 96.0
44 20 113.0 111.0
38 11 186.0 159.0
2 15 28.0 146.0
46 40 161.0 46.0
9 8 171.0 196.0
3 9 46.0 26.0
24 59 172.0 166.0
42 59 98.0 82.0
12 30 51.0 12.0
38 16 60.0 189.0
63 24 121.0 88.0
61 5 127.0 34.0
55 58 187.0 51.0
25 38 104.0 185.0
30 58 194.0 76.0
48 13 197.0 45.0
40 44 51.0 0.0
59 58 28.0 63.0
14 28 27.0 102.0
31 25 166.0 107.0
14 53 100.0 153.0
22 53 188.0 156.0
45 61 7.0 135.0
5 1 149.0 156.0
44 57 169.0 152.0
47 24 127.0 150.0
50 45 109.0 154.0
1 42 12.0 75.0
26 47 158.0 112.0
33 65 64.0 147.0
57 11 146.0 24.0
11 49 3.0 47.0
38 23 139.0 172.0
46 35 86.0 66.0
7 1 67.0 195.0
43 1 157.0 79.0
47 6 25.0 116.0
4 8 15.0 89.0
16 52 15.0 113.0
4 9 87.0 18.0
39 27 80.0 26.0
62 23 95.0 166.0
23 17 50.0 162.0
17 42 139.0 8.0
47 41 99.0 164.0
2 13 44.0 114.0
10 22 117.0 11.0
41 28 100.0 4.0
52 57 92.0 132.0
11 4 138.0 188.0
20 1 197.0 141.0
41 22 184.0 136.0
62 35 172.0 84.0
59 39 177.0 16.0
61 50 118.0 46.0
9 11 83.0 170.0
65 4 58.0 128.0
7 19 63.0 148.0
17 64 18.0 12.0
19 20 119.0 155.0
52 12 107.0 91.0
50 14 119.0 36.0
63 11 46.0 37.0
19 51 116.0 130.0
52 29 65.0 126.0
45 58 48.0 80.0
55 5 155.0 67.0
22 59 195.0 26.0
2 1 154.0 54.0
14 24 16.0 26.0
34 30 10.0 62.0
12 3 86.0 78.0
31 20 80.0 151.0
11 66 44.0 129.0
5 49 69.0 151.0
39 21 135.0 16.0
8 3 25.0 41.0
37 40 87.0 193.0
4 49 106.0 97.0
14 5 155.0 145.0
4 59 61.0 35.0
59 19 60.0 57.0
65 14 82.0 81.0
32 49 187.0 169.0
62 24 131.0 164.0
63 51 161.0 18.0
31 17 166.0 20.0
1 16 177.0 121.0
3 11 45.0 38.0
64 22 138.0 57.0
6 7 195.0 172.0
58 35 6.0 134.0
56 60 135.0 89.0
42 46 175.0 49.0
62 54 123.0 93.0
1 44 199.0 100.0
23 7 101.0 197.0
29 63 146.0 39.0
10 4 182.0 94.0
7 39 11.0 188.0
30 62 88.0 146.0
42 24 16.0 15.0
9 26 2.0 140.0
3 21 104.0 154.0
28 20 173.0 5.0
5 11 103.0 71.0
24 38 115.0 85.0
9 57 25.0 126.0
52 1 192.0 66.0
25 46 188.0 161.0
5 20 170.0 191.0
40 54 128.0 74.0
6 1 157.0 53.0
50 30 86.0 60.0
12 2 188.0 153.0
33 58 179.0 14.0
58 17 75.0 124.0
11 8 160.0 16.0
49 16 31.0 82.0
1 28 104.0 112.0
26 64 18.0 13.0
27 49 85.0 56.0
3 14 48.0 73.0
33 8 95.0 27.0
11 6 41.0 123.0
5 10 174.0 153.0
23 12 154.0 158.0
37 17 85.0 58.0
14 36 134.0 55.0
18 8 21.0 19.0
51 27 112.0 69.0
33 30 59.0 8.0
3 4 189.0 52.0
13 12 120.0 115.0
22 56 89.0 74.0
7 2 139.0 127.0
42 45 157.0 73.0
19 2 166.0 178.0
7 11 76.0 79.0
10 3 153.0 136.0
21 27 192.0 94.0
39 13 91.0 64.0
2 47 187.0 180.0
53 28 81.0 126.0
1 8 136.0 38.0
60 46 83.0 54.0
34 4 122.0 112.0
21 5 46.0 75.0
31 27 86.0 190.0
39 61 71.0 129.0
39 37 118.0 58.0
62 1 163.0 0.0
10 65 130.0 99.0
42 9 80.0 166.0
12 47 68.0 2.0
49 61 18.0 66.0
21 66 36.0 57.0
58 65 160.0 59.0
33 7 170.0 78.0
5 33 142.0 133.0
30 10 180.0 24.0
18 17 34.0 61.0
63 6 50.0 54.0
17 5 197.0 69.0
53 63 97.0 185.0
59 36 113.0 57.0
15 6 73.0 83.0
25 7 139.0 167.0
16 5 196.0 120.0
21 4 107.0 31.0
9 44 42.0 157.0
31 45 192.0 191.0
17 2 121.0 42.0
65 64 193.0 186.0
2 18 10.0 66.0
44 7 143.0 101.0
11 54 16.0 91.0
18 1 55.0 75.0
55 38 174.0 49.0
14 23 172.0 119.0
50 24 95.0 45.0
7 4 104.0 88.0
41 32 41.0 66.0
17 1 175.0 136.0
2 31 199.0 143.0
41 52 166.0 6.0
23 54 71.0 141.0
7 3 17.0 195.0
32 35 185.0 65.0
38 52 123.0 41.0
15 8 57.0 117.0
22 36 72.0 32.0
64 35 136.0 23.0
20 63 55.0 102.0
50 42 85.0 78.0
48 29 28.0 55.0
61 15 138.0 14.0
64 48 38.0 13.0
54 3 94.0 95.0
3 15 169.0 118.0
57 36 107.0 57.0
6 8 9.0 162.0
42 57 163.0 94.0
6 13 85.0 191.0
60 26 47.0 175.0
1 9 32.0 85.0
18 65 159.0 78.0
19 25 20.0 80.0
60 21 109.0 127.0
7 14 157.0 70.0
57 37 52.0 120.0
17 45 39.0 89.0
4 55 186.0 86.0
5 2 28.0 18.0
65 63 68.0 139.0
21 20 30.0 89.0
38 41 159.0 91.0
13 5 196.0 69.0
42 64 199.0 0.0
42 49 75.0 39.0
37 64 63.0 61.0
64 49 9.0 43.0
18 5 21.0 29.0
16 2 63.0 3.0
8 47 49.0 175.0
17 4 188.0 45.0
18 42 191.0 140.0
6 9 146.0 66.0
7 16 113.0 9.0
62 20 40.0 74.0
2 8 45.0 13.0
37 43 165.0 109.0
23 43 69.0 14.0
65 30 65.0 9.0
4 40 96.0 56.0
49 39 41.0 42.0
53 43 17.0 106.0
62 48 100.0 9.0
50 51 163.0 146.0
27 30 100.0 129.0
6 14 123.0 121.0
42 10 68.0 140.0
11 10 65.0 116.0
60 14 129.0 58.0
54 65 28.0 99.0
46 43 134.0 128.0
28 11 121.0 98.0
40 38 76.0 174.0
51 14 133.0 151.0
23 61 163.0 153.0
16 3 64.0 180.0
14 43 0.0 146.0
41 12 156.0 28.0
3 19 188.0 42.0
40 25 16.0 110.0
60 25 146.0 45.0
38 29 62.0 31.0
8 7 81.0 177.0
4 22 92.0 98.0
64 29 157.0 92.0
38 59 146.0 113.0
13 7 115.0 135.0
55 28 72.0 84.0
10 14 116.0 170.0
10 7 14.0 130.0
25 4 97.0 95.0
25 48 67.0 189.0
8 52 30.0 177.0
44 39 86.0 129.0
3 31 199.0 153.0
56 54 150.0 23.0
39 58 92.0 66.0
15 4 85.0 58.0
5 24 25.0 182.0
4 37 192.0 92.0
22 32 63.0 23.0
5 51 14.0 101.0
21 1 37.0 165.0
35 31 58.0 187.0
22 30 128.0 102.0
33 9 11.0 13.0
33 66 21.0 36.0
36 41 77.0 13.0
6 10 166.0 92.0
11 44 164.0 132.0
22 11 91.0 153.0
2 22 172.0 102.0
25 49 100.0 100.0
58 32 39.0 111.0
29 20 132.0 12.0
61 28 82.0 161.0
53 34 10.0 0.0
11 21 197.0 127.0
29 37 173.0 41.0
32 12 119.0 145.0
60 18 72.0 19.0
47 64 122.0 63.0
17 54 10.0 6.0
14 54 19.0 92.0
21 13 74.0 29.0
32 7 159.0 24.0
44 12 162.0 132.0
19 4 163.0 81.0
24 1 136.0 188.0
8 16 118.0 59.0
50 54 132.0 80.0
42 58 61.0 151.0
4 51 194.0 88.0
58 15 182.0 154.0
26 17 89.0 144.0
1 23 142.0 4.0
60 51 69.0 79.0
45 23 75.0 139.0
10 48 44.0 7.0
39 11 10.0 58.0
61 1 35.0 4.0
15 31 187.0 169.0
16 9 17.0 28.0
6 4 176.0 111.0
54 13 173.0 197.0
35 21 140.0 48.0
6 3 148.0 136.0
18 3 111.0 110.0
1 19 102.0 99.0
50 5 126.0 41.0
53 62 80.0 143.0
65 47 183.0 8.0
58 22 29.0 108.0
42 3 49.0 169.0
8 25 32.0 149.0
25 26 145.0 143.0
42 25 102.0 199.0
28 18 149.0 28.0
13 56 116.0 181.0
35 7 79.0 99.0
26 2 41.0 108.0
12 9 182.0 90.0
7 15 188.0 14.0
11 65 175.0 85.0
12 8 167.0 30.0
37 55 188.0 68.0
45 1 16.0 105.0
7 45 187.0 95.0
47 14 135.0 28.0
58 3 121.0 118.0
56 21 111.0 110.0
19 66 147.0 87.0
19 54 110.0 66.0
4 18 165.0 99.0
12 21 177.0 181.0
63 59 132.0 116.0
2 9 17.0 68.0
1 14 77.0 139.0
27 4 113.0 188.0
3 44 133.0 12.0
18 6 128.0 43.0
2 23 150.0 93.0
57 48 115.0 79.0
40 47 39.0 47.0
54 48 60.0 57.0
56 25 172.0 137.0
26 57 1.0 37.0
32 8 154.0 134.0
40 51 197.0 82.0
3 17 123.0 99.0
5 3 10.0 38.0
7 18 20.0 49.0
19 5 6.0 80.0
11 29 11.0 178.0
17 66 105.0 13.0
7 38 0.0 11.0
20 40 102.0 149.0
60 65 127.0 25.0
2 46 106.0 89.0
3 48 5.0 126.0
36 54 60.0 12.0
4 12 25.0 71.0
7 5 30.0 130.0
41 53 13.0 182.0
26 50 112.0 115.0
49 13 111.0 40.0
56 40 160.0 18.0
21 53 74.0 117.0
40 62 128.0 134.0
17 6 86.0 153.0
45 27 130.0 68.0
5 8 117.0 143.0
53 38 114.0 30.0
48 59 59.0 26.0
32 45 76.0 171.0
7 17 92.0 102.0
8 10 146.0 20.0
44 5 91.0 184.0
29 39 140.0 21.0
15 12 190.0 9.0
14 12 79.0 56.0
46 3 165.0 138.0
45 54 171.0 193.0
11 34 24.0 15.0
34 2 180.0 122.0
2 6 75.0 72.0
39 64 118.0 167.0
1 22 138.0 108.0
59 25 30.0 18.0
26 3 29.0 147.0
57 39 24.0 0.0
4 24 174.0 48.0
8 13 68.0 154.0
7 9 42.0 144.0
7 56 186.0 112.0
2 25 9.0 125.0
48 6 88.0 191.0
6 65 173.0 117.0
37 19 169.0 197.0
15 11 192.0 143.0
20 54 3.0 61.0
17 10 156.0 198.0
8 21 13.0 94.0
12 6 172.0 174.0
21 6 118.0 60.0
54 66 37.0 43.0
18 64 189.0 158.0
13 66 14.0 133.0
51 65 186.0 169.0
6 54 76.0 142.0
41 16 113.0 41.0
13 11 123.0 37.0
13 34 91.0 193.0
33 37 178.0 80.0
34 7 76.0 119.0
4 16 49.0 42.0
14 62 54.0 36.0
2 24 9.0 82.0
15 5 176.0 74.0
23 46 30.0 51.0
10 13 138.0 121.0
7 22 118.0 68.0
22 8 138.0 194.0
3 13 143.0 188.0
2 3 130.0 149.0
13 14 74.0 91.0
3 24 6.0 50.0
53 44 140.0 188.0
64 63 33.0 79.0
25 5 159.0 151.0
44 8 31.0 49.0
14 46 85.0 126.0
48 28 72.0 167.0
8 66 23.0 98.0
7 63 5.0 181.0
40 26 2.0 97.0
22 21 199.0 35.0
9 30 115.0 110.0
35 22 26.0 146.0
12 11 66.0 111.0
48 55 111.0 138.0
54 39 66.0 86.0
16 12 89.0 23.0
24 6 124.0 91.0
56 58 125.0 123.0
19 16 110.0 192.0
9 17 93.0 136.0
27 24 61.0 160.0
13 47 119.0 124.0
18 35 127.0 185.0
66 43 122.0 169.0
14 11 130.0 198.0
10 62 13.0 7.0
1 26 50.0 124.0
46 41 51.0 96.0
16 14 90.0 112.0
2 10 49.0 161.0
40 2 133.0 129.0
44 49 140.0 7.0
2 20 2.0 70.0
11 52 136.0 167.0
27 44 117.0 138.0
14 9 164.0 120.0
25 20 157.0 54.0
25 32 125.0 6.0
31 44 174.0 10.0
26 58 144.0 114.0
9 50 156.0 98.0
33 2 147.0 44.0
44 26 61.0 16.0
8 17 20.0 177.0
9 19 48.0 177.0
1 30 65.0 125.0
18 9 56.0 39.0
66 22 136.0 152.0
5 39 113.0 44.0
16 15 129.0 12.0
15 23 49.0 142.0
24 16 143.0 69.0
10 19 100.0 191.0
5 66 5.0 165.0
8 23 14.0 13.0
45 13 56.0 102.0
51 34 140.0 169.0
12 17 116.0 21.0
63 44 31.0 117.0
57 22 136.0 175.0
9 20 119.0 189.0
4 20 144.0 76.0
24 11 125.0 111.0
26 4 80.0 181.0
7 60 4.0 173.0
35 61 46.0 120.0
37 63 144.0 30.0
16 48 114.0 33.0
2 65 63.0 186.0
63 35 191.0 159.0
43 15 112.0 116.0
57 61 4.0 193.0
54 27 37.0 9.0
21 14 174.0 36.0
10 31 0.0 71.0
9 13 50.0 67.0
7 21 158.0 65.0
10 16 172.0 150.0
28 29 139.0 36.0
23 52 173.0 144.0
13 15 12.0 163.0
43 10 58.0 138.0
40 32 144.0 58.0
36 24 143.0 146.0
20 6 198.0 102.0
36 47 140.0 170.0
9 49 43.0 32.0
35 17 39.0 168.0
46 62 171.0 3.0
3 29 3.0 29.0
17 14 169.0 99.0
38 13 48.0 64.0
26 5 199.0 46.0
20 10 97.0 91.0
29 66 18.0 140.0
20 7 140.0 58.0
7 48 26.0 112.0
22 5 11.0 182.0
30 4 99.0 180.0
16 23 137.0 147.0
10 21 85.0 88.0
23 10 143.0 182.0
38 51 163.0 162.0
25 9 31.0 103.0
34 50 93.0 9.0
66 52 42.0 56.0
54 63 152.0 93.0
17 57 147.0 42.0
4 29 154.0 185.0
1 66 22.0 98.0
49 31 33.0 137.0
26 6 169.0 64.0
14 18 21.0 14.0
26 59 42.0 15.0
27 5 195.0 146.0
10 59 143.0 142.0
22 62 85.0 49.0
2 30 97.0 59.0
52 7 143.0 82.0
66 53 149.0 113.0
26 66 140.0 122.0
57 10 112.0 134.0
18 10 52.0 107.0
62 49 196.0 147.0
44 55 32.0 82.0
13 20 7.0 129.0
27 26 31.0 151.0
10 41 33.0 132.0
38 9 149.0 125.0
3 22 142.0 62.0
22 9 66.0 146.0
29 5 157.0 63.0
50 52 89.0 189.0
3 52 184.0 49.0
9 51 96.0 15.0
23 44 15.0 81.0
32 3 49.0 165.0
8 19 111.0 191.0
3 56 176.0 178.0
51 30 127.0 133.0
27 1 184.0 169.0
60 17 84.0 169.0
65 23 138.0 180.0
1 64 141.0 105.0
58 31 86.0 190.0
27 6 54.0 197.0
10 15 108.0 182.0
35 56 66.0 36.0
35 1 191.0 51.0
16 13 97.0 75.0
23 9 96.0 187.0
27 2 87.0 190.0
60 15 68.0 125.0
20 14 40.0 74.0
15 20 27.0 149.0
29 2 169.0 93.0
57 51 173.0 112.0
17 16 129.0 70.0
20 8 166.0 25.0
32 24 168.0 53.0
7 28 166.0 37.0
33 34 8.0 158.0
19 30 195.0 35.0
28 4 42.0 116.0
4 53 198.0 15.0
2 62 113.0 127.0
65 9 148.0 79.0
31 52 172.0 68.0
5 30 70.0 90.0
18 61 89.0 78.0
25 45 56.0 36.0
64 52 76.0 99.0
24 8 101.0 74.0
13 36 150.0 166.0
43 31 34.0 50.0
9 21 99.0 158.0
12 10 145.0 169.0
7 12 108.0 186.0
56 14 164.0 165.0
63 19 13.0 193.0
33 62 138.0 66.0
31 5 135.0 41.0
22 24 66.0 121.0
28 5 139.0 165.0
18 12 79.0 36.0
28 64 103.0 140.0
3 30 30.0 19.0
60 45 59.0 195.0
41 37 157.0 150.0
28 56 78.0 92.0
18 11 149.0 144.0
23 11 27.0 40.0
52 51 184.0 58.0
15 19 153.0 39.0
54 22 32.0 183.0
66 32 103.0 44.0
2 14 88.0 60.0
60 49 123.0 118.0
62 17 65.0 72.0
52 35 174.0 44.0
12 20 144.0 110.0
36 1 13.0 98.0
22 48 80.0 45.0
17 11 5.0 184.0
7 26 172.0 45.0
34 1 170.0 96.0
56 65 4.0 188.0
34 5 78.0 130.0
30 48 93.0 22.0
46 37 152.0 106.0
19 18 118.0 184.0
12 19 180.0 76.0
2 32 18.0 153.0
9 27 166.0 140.0
36 31 58.0 171.0
36 8 104.0 136.0
3 33 189.0 197.0
3 20 137.0 93.0
28 47 104.0 56.0
15 21 19.0 84.0
24 44 194.0 189.0
15 35 112.0 161.0
65 37 75.0 170.0
44 34 136.0 132.0
17 13 1.0 125.0
27 8 48.0 139.0
22 14 103.0 104.0
12 45 188.0 123.0
23 51 120.0 183.0
5 23 157.0 184.0
35 2 69.0 184.0
22 12 136.0 5.0
25 11 135.0 137.0
35 3 7.0 135.0
32 4 6.0 110.0
7 31 109.0 147.0
45 51 44.0 182.0
12 26 6.0 153.0
11 27 95.0 27.0
37 2 4.0 183.0
1 33 122.0 91.0
66 41 77.0 129.0
50 28 45.0 35.0
22 43 75.0 106.0
25 21 42.0 71.0
14 58 40.0 0.0
38 43 121.0 88.0
38 18 129.0 126.0
35 34 198.0 3.0
10 26 13.0 27.0
12 31 100.0 10.0
21 2 165.0 127.0
24 10 172.0 8.0
3 51 91.0 13.0
27 66 49.0 12.0
30 6 173.0 130.0
65 50 56.0 171.0
12 24 93.0 21.0
49 19 17.0 193.0
20 32 10.0 183.0
22 16 0.0 183.0
28 43 140.0 91.0
40 14 77.0 189.0
43 33 6.0 50.0
30 7 127.0 14.0
64 38 192.0 20.0
29 9 168.0 9.0
59 45 62.0 131.0
9 28 87.0 62.0
33 4 167.0 27.0
42 15 155.0 44.0
45 16 102.0 113.0
61 34 96.0 29.0
25 12 182.0 40.0
25 6 5.0 102.0
45 46 81.0 19.0
30 53 17.0 168.0
17 15 148.0 184.0
27 38 12.0 55.0
53 57 0.0 114.0
34 3 114.0 96.0
7 24 111.0 48.0
28 3 84.0 116.0
57 16 187.0 165.0
26 8 61.0 157.0
36 62 53.0 161.0
31 4 54.0 18.0
60 55 89.0 55.0
15 28 172.0 3.0
33 54 130.0 83.0
34 6 41.0 14.0
40 1 160.0 181.0
6 29 3.0 173.0
10 9 106.0 8.0
6 31 193.0 112.0
34 40 139.0 34.0
27 14 15.0 63.0
37 6 194.0 145.0
10 28 41.0 187.0
19 21 12.0 154.0
31 16 90.0 15.0
28 8 118.0 148.0
57 45 65.0 64.0
17 33 3.0 156.0
6 28 128.0 18.0
15 48 73.0 74.0
1 37 20.0 114.0
55 29 89.0 184.0
36 3 162.0 179.0
4 35 129.0 33.0
26 36 119.0 146.0
22 19 187.0 122.0
50 35 96.0 116.0
19 17 137.0 121.0
51 2 139.0 110.0
31 19 156.0 180.0
1 38 21.0 70.0
24 13 129.0 102.0
47 53 100.0 49.0
27 10 31.0 39.0
43 56 127.0 127.0
7 57 158.0 65.0
57 32 44.0 97.0
50 18 67.0 152.0
57 21 178.0 40.0
33 25 30.0 60.0
11 20 100.0 82.0
15 49 104.0 132.0
4 36 31.0 184.0
13 27 48.0 190.0
11 56 149.0 44.0
6 61 9.0 169.0
15 22 48.0 140.0
47 57 198.0 31.0
23 19 149.0 51.0
28 66 17.0 54.0
45 43 6.0 0.0
10 25 119.0 6.0
8 31 51.0 20.0
20 17 73.0 12.0
54 55 55.0 73.0
43 49 117.0 5.0
2 38 5.0 67.0
12 29 186.0 174.0
22 28 6.0 144.0
28 62 99.0 77.0
37 5 160.0 102.0
56 64 190.0 33.0
50 3 124.0 45.0
50 25 181.0 41.0
10 32 50.0 138.0
30 11 148.0 188.0
26 11 109.0 154.0
7 29 197.0 161.0
42 66 120.0 157.0
61 17 102.0 62.0
16 20 12.0 178.0
30 64 120.0 145.0
12 27 117.0 123.0
6 33 92.0 66.0
1 47 136.0 154.0
32 11 37.0 134.0
36 5 165.0 109.0
8 30 83.0 19.0
16 18 91.0 47.0
13 63 152.0 164.0
8 56 80.0 70.0
41 13 147.0 124.0
25 16 16.0 83.0
5 38 180.0 5.0
16 21 47.0 97.0
5 32 19.0 82.0
20 22 185.0 63.0
18 48 100.0 90.0
27 16 112.0 180.0
1 48 108.0 11.0
52 28 33.0 125.0
23 63 29.0 165.0
3 38 186.0 28.0
51 55 99.0 158.0
10 46 64.0 36.0
27 41 162.0 165.0
17 22 86.0 26.0
55 53 90.0 195.0
14 61 53.0 123.0
57 59 103.0 35.0
39 24 88.0 42.0
13 29 69.0 187.0
8 50 21.0 134.0
23 26 188.0 183.0
38 4 151.0 75.0
16 33 84.0 41.0
25 61 0.0 138.0
10 34 162.0 56.0
21 55 66.0 2.0
40 3 23.0 136.0
43 29 66.0 44.0
34 8 69.0 55.0
41 65 92.0 20.0
29 24 102.0 128.0
32 6 189.0 54.0
1 31 132.0 103.0
3 60 114.0 198.0
55 39 11.0 137.0
65 22 29.0 77.0
31 11 157.0 99.0
37 3 174.0 49.0
56 6 166.0 28.0
24 15 139.0 108.0
41 1 10.0 23.0
14 33 115.0 124.0
21 17 169.0 126.0
40 57 164.0 198.0
1 50 7.0 121.0
16 63 158.0 133.0
2 59 95.0 124.0
6 23 94.0 35.0
9 31 65.0 104.0
7 37 45.0 180.0
5 4 142.0 14.0
9 35 103.0 106.0
17 46 87.0 62.0
42 35 97.0 45.0
25 36 107.0 144.0
14 29 54.0 153.0
18 22 22.0 71.0
4 39 34.0 19.0
15 32 125.0 128.0
63 66 116.0 181.0
24 21 116.0 3.0
2 36 101.0 165.0
38 50 179.0 160.0
3 25 31.0 33.0
7 55 163.0 5.0
10 29 170.0 149.0
51 64 112.0 48.0
11 33 135.0 28.0
65 26 16.0 3.0
28 51 57.0 69.0
23 18 22.0 36.0
25 15 20.0 5.0
7 36 186.0 135.0
9 36 150.0 109.0
36 42 34.0 63.0
27 17 162.0 169.0
14 31 162.0 130.0
43 63 177.0 19.0
61 59 78.0 152.0
18 25 60.0 50.0
2 28 12.0 199.0
42 47 190.0 115.0
20 45 107.0 24.0
48 40 152.0 21.0
32 59 65.0 115.0
55 47 86.0 195.0
5 40 76.0 116.0
39 6 177.0 137.0
27 18 180.0 189.0
13 30 165.0 170.0
32 9 160.0 24.0
16 28 114.0 112.0
25 13 157.0 131.0
55 19 160.0 195.0
64 14 130.0 189.0
62 5 188.0 59.0
25 51 162.0 120.0
30 32 91.0 79.0
6 40 34.0 51.0
9 63 106.0 100.0
1 39 57.0 63.0
37 42 88.0 170.0
55 18 56.0 170.0
8 35 51.0 196.0
26 16 86.0 165.0
9 37 54.0 178.0
32 64 151.0 40.0
58 38 41.0 57.0
19 28 91.0 50.0
29 57 6.0 179.0
8 42 168.0 14.0
30 16 160.0 171.0
23 24 96.0 46.0
33 39 31.0 102.0
41 3 7.0 135.0
38 19 168.0 0.0
6 62 101.0 60.0
52 46 107.0 60.0
20 37 119.0 27.0
35 11 173.0 31.0
16 35 20.0 21.0
17 25 116.0 3.0
21 23 61.0 124.0
14 30 4.0 30.0
13 26 55.0 106.0
56 41 70.0 114.0
13 23 134.0 142.0
26 19 28.0 59.0
60 6 162.0 0.0
31 60 78.0 78.0
20 24 129.0 140.0
44 13 62.0 133.0
27 20 141.0 117.0
29 17 6.0 164.0
28 35 65.0 92.0
6 42 139.0 93.0
1 46 141.0 101.0
43 2 95.0 171.0
45 4 69.0 176.0
16 56 45.0 131.0
45 3 114.0 139.0
1 58 157.0 120.0
19 27 96.0 23.0
15 30 100.0 35.0
32 16 115.0 193.0
40 7 58.0 10.0
15 27 14.0 127.0
4 57 52.0 11.0
43 4 44.0 167.0
39 9 70.0 1.0
31 61 168.0 119.0
8 39 111.0 68.0
48 5 167.0 26.0
18 26 159.0 25.0
8 37 125.0 125.0
61 26 126.0 130.0
33 15 197.0 170.0
18 29 92.0 67.0
43 6 97.0 12.0
46 4 40.0 8.0
62 39 26.0 7.0
59 21 4.0 137.0
40 8 50.0 81.0
16 29 191.0 176.0
55 27 101.0 188.0
16 11 26.0 145.0
53 33 191.0 123.0
38 6 190.0 31.0
40 9 147.0 16.0
29 36 110.0 103.0
23 59 120.0 113.0
42 5 8.0 64.0
59 41 114.0 61.0
32 14 159.0 140.0
40 10 108.0 150.0
34 17 71.0 98.0
22 23 99.0 170.0
62 58 92.0 161.0
11 36 5.0 164.0
41 11 56.0 14.0
18 30 197.0 170.0
49 1 151.0 156.0
24 26 127.0 59.0
36 58 69.0 150.0
4 42 99.0 120.0
38 8 154.0 143.0
4 41 72.0 160.0
18 24 73.0 80.0
43 7 140.0 70.0
57 60 93.0 91.0
36 12 183.0 172.0
36 6 140.0 4.0
15 34 91.0 39.0
31 18 163.0 46.0
2 45 81.0 188.0
49 59 37.0 154.0
29 21 39.0 177.0
10 37 42.0 85.0
46 6 88.0 177.0
63 18 126.0 28.0
63 8 113.0 170.0
8 43 147.0 29.0
19 48 106.0 28.0
40 42 164.0 143.0
4 44 12.0 4.0
12 34 18.0 6.0
11 46 30.0 106.0
63 34 71.0 109.0
41 30 12.0 184.0
26 14 69.0 159.0
55 20 124.0 175.0
61 21 178.0 88.0
10 45 189.0 142.0
62 15 184.0 7.0
60 27 96.0 14.0
60 40 11.0 167.0
30 17 1.0 23.0
14 34 155.0 70.0
37 13 92.0 79.0
63 41 163.0 71.0
22 26 50.0 153.0
39 51 45.0 34.0
3 43 83.0 141.0
65 3 30.0 47.0
29 22 185.0 32.0
6 44 127.0 92.0
35 12 120.0 19.0
17 28 8.0 35.0
45 21 122.0 10.0
45 5 183.0 167.0
19 13 73.0 19.0
17 32 37.0 103.0
48 4 45.0 174.0
12 37 42.0 172.0
56 1 35.0 162.0
10 36 194.0 195.0
4 47 95.0 116.0
25 63 151.0 30.0
52 2 18.0 24.0
28 27 60.0 8.0
41 9 5.0 105.0
50 2 144.0 47.0
37 11 112.0 179.0
27 23 105.0 107.0
12 58 191.0 152.0
45 8 156.0 95.0
16 34 3.0 127.0
47 5 167.0 15.0
32 62 71.0 124.0
49 3 29.0 167.0
48 60 100.0 141.0
29 65 63.0 5.0
23 29 35.0 6.0
28 23 28.0 192.0
15 38 124.0 31.0
26 15 75.0 43.0
65 7 175.0 98.0
49 17 81.0 156.0
5 41 143.0 182.0
11 42 122.0 158.0
58 13 93.0 157.0
17 52 191.0 121.0
14 38 178.0 115.0
32 18 175.0 6.0
16 65 75.0 150.0
15 36 87.0 156.0
47 45 54.0 30.0
50 4 31.0 128.0
7 41 171.0 124.0
10 38 63.0 162.0
46 56 53.0 194.0
26 29 123.0 180.0
49 8 27.0 198.0
45 9 97.0 114.0
44 2 179.0 151.0
2 58 38.0 162.0
38 12 160.0 161.0
42 30 185.0 175.0
5 46 197.0 190.0
8 55 26.0 73.0
37 18 43.0 53.0
9 66 176.0 140.0
5 57 150.0 107.0
43 11 96.0 140.0
49 6 192.0 8.0
10 63 34.0 177.0
18 62 27.0 184.0
50 6 191.0 53.0
30 25 59.0 186.0
56 57 42.0 187.0
20 35 150.0 144.0
25 24 73.0 46.0
29 25 68.0 65.0
14 45 96.0 102.0
38 65 50.0 75.0
2 63 128.0 193.0
53 2 116.0 139.0
59 33 84.0 110.0
23 33 137.0 34.0
43 12 29.0 10.0
23 30 31.0 97.0
12 54 134.0 79.0
51 56 189.0 136.0
40 16 174.0 69.0
62 55 175.0 90.0
19 47 59.0 12.0
22 27 96.0 196.0
26 33 23.0 77.0
66 47 6.0 6.0
35 29 172.0 92.0
28 26 180.0 113.0
10 44 76.0 154.0
31 22 182.0 3.0
21 48 154.0 41.0
19 35 197.0 3.0
42 33 132.0 21.0
31 21 37.0 90.0
42 14 58.0 9.0
9 46 25.0 39.0
37 16 1.0 53.0
25 22 90.0 183.0
61 65 38.0 197.0
33 10 64.0 35.0
28 25 39.0 148.0
9 43 149.0 28.0
37 22 86.0 8.0
7 46 169.0 111.0
1 55 86.0 122.0
66 60 197.0 129.0
56 27 150.0 35.0
31 51 110.0 166.0
64 59 115.0 102.0
33 22 28.0 64.0
31 24 184.0 115.0
45 6 120.0 153.0
2 41 116.0 158.0
62 44 23.0 65.0
36 18 43.0 125.0
31 23 153.0 106.0
21 30 63.0 68.0
11 45 10.0 91.0
30 45 85.0 194.0
17 40 80.0 157.0
22 34 117.0 196.0
37 15 72.0 140.0
32 26 187.0 68.0
27 25 68.0 93.0
1 54 24.0 131.0
41 15 108.0 187.0
34 23 166.0 145.0
18 43 113.0 46.0
20 39 28.0 31.0
29 27 72.0 101.0
52 4 99.0 12.0
20 18 133.0 168.0
47 10 65.0 157.0
29 59 8.0 173.0
51 6 63.0 174.0
59 28 93.0 177.0
30 29 127.0 122.0
40 15 25.0 151.0
2 55 95.0 76.0
16 42 87.0 28.0
36 20 74.0 152.0
19 46 64.0 82.0
64 40 119.0 127.0
39 16 101.0 12.0
29 45 52.0 180.0
22 49 157.0 29.0
39 19 116.0 4.0
20 34 102.0 3.0
39 42 4.0 128.0
30 24 131.0 20.0
57 54 106.0 50.0
31 65 124.0 159.0
56 2 58.0 128.0
7 54 119.0 168.0
36 53 69.0 35.0
64 43 127.0 123.0
26 30 81.0 83.0
49 12 138.0 12.0
63 55 158.0 196.0
9 48 26.0 83.0
33 40 120.0 36.0
28 63 184.0 39.0
51 8 86.0 5.0
24 33 115.0 13.0
13 42 98.0 148.0
44 52 105.0 188.0
38 54 4.0 64.0
3 55 189.0 30.0
46 12 31.0 61.0
64 61 152.0 167.0
34 19 145.0 38.0
43 34 184.0 12.0
6 35 154.0 82.0
58 5 153.0 12.0
48 11 100.0 157.0
17 41 37.0 41.0
38 17 182.0 69.0
27 33 34.0 135.0
46 30 165.0 179.0
64 8 132.0 149.0
21 37 81.0 39.0
53 56 165.0 34.0
14 37 6.0 66.0
51 32 91.0 43.0
30 28 69.0 25.0
1 57 166.0 103.0
21 46 167.0 131.0
24 34 186.0 51.0
51 49 174.0 68.0
19 40 124.0 140.0
55 35 82.0 130.0
19 42 83.0 125.0
35 23 147.0 104.0
5 53 101.0 65.0
6 58 125.0 20.0
32 27 150.0 64.0
39 22 160.0 125.0
2 54 89.0 84.0
52 54 96.0 123.0
26 34 187.0 180.0
7 59 167.0 135.0
49 2 191.0 69.0
58 64 83.0 117.0
41 21 28.0 34.0
50 36 107.0 140.0
53 39 7.0 196.0
24 65 36.0 103.0
34 28 25.0 176.0
10 50 116.0 192.0
48 12 13.0 108.0
22 6 168.0 96.0
23 39 127.0 148.0
34 25 25.0 34.0
62 66 8.0 32.0
44 16 176.0 45.0
47 11 195.0 153.0
11 64 147.0 112.0
5 43 166.0 112.0
57 2 59.0 134.0
38 22 141.0 138.0
60 35 36.0 166.0
32 56 162.0 45.0
24 37 114.0 90.0
17 44 51.0 110.0
3 57 52.0 150.0
35 44 95.0 18.0
16 43 123.0 154.0
14 35 111.0 64.0
14 41 76.0 147.0
27 34 77.0 38.0
33 28 105.0 191.0
31 29 65.0 108.0
8 53 21.0 69.0
61 32 154.0 68.0
15 45 131.0 77.0
17 51 187.0 42.0
15 39 115.0 63.0
51 10 177.0 192.0
41 20 107.0 82.0
60 2 64.0 124.0
10 49 28.0 86.0
52 10 177.0 182.0
57 6 99.0 109.0
22 52 134.0 86.0
31 13 132.0 1.0
44 56 185.0 109.0
56 4 166.0 92.0
44 15 136.0 30.0
54 21 196.0 116.0
26 41 8.0 174.0
49 7 119.0 107.0
61 33 32.0 54.0
36 28 98.0 164.0
21 32 82.0 36.0
17 47 103.0 48.0
13 40 60.0 191.0
48 14 178.0 57.0
49 14 20.0 186.0
31 30 4.0 140.0
18 44 87.0 36.0
48 33 106.0 137.0
34 32 98.0 188.0
54 8 151.0 1.0
58 63 70.0 164.0
50 12 11.0 48.0
42 21 174.0 183.0
34 42 71.0 178.0
62 3 175.0 110.0
26 52 1.0 81.0
50 7 27.0 99.0
43 21 29.0 130.0
31 32 49.0 51.0
66 14 23.0 12.0
32 29 117.0 149.0
52 45 140.0 140.0
23 40 70.0 67.0
16 47 22.0 71.0
64 25 133.0 49.0
18 41 171.0 115.0
59 15 46.0 172.0
27 47 7.0 21.0
13 51 2.0 124.0
39 25 50.0 95.0
35 39 116.0 72.0
26 43 138.0 138.0
65 17 145.0 24.0
19 43 98.0 116.0
3 59 179.0 96.0
10 53 107.0 187.0
55 9 92.0 110.0
18 46 146.0 142.0
28 45 135.0 62.0
28 31 81.0 25.0
32 28 13.0 26.0
54 5 150.0 63.0
35 49 110.0 129.0
20 43 71.0 169.0
19 44 60.0 163.0
53 11 156.0 158.0
25 37 86.0 43.0
25 35 67.0 167.0
36 27 10.0 32.0
35 30 173.0 160.0
22 40 141.0 35.0
44 14 138.0 12.0
31 33 72.0 150.0
57 8 160.0 28.0
31 50 8.0 198.0
5 52 162.0 27.0
47 38 101.0 172.0
31 38 170.0 26.0
38 42 133.0 111.0
41 25 53.0 24.0
34 65 140.0 126.0
44 21 21.0 52.0
33 47 174.0 29.0
51 15 181.0 136.0
4 1 78.0 34.0
58 8 120.0 48.0
65 1 42.0 6.0
48 43 39.0 96.0
39 17 96.0 131.0
24 43 114.0 117.0
60 4 104.0 88.0
10 56 127.0 37.0
18 49 30.0 157.0
59 8 156.0 103.0
19 45 104.0 198.0
58 27 199.0 95.0
43 61 5.0 47.0
61 4 146.0 119.0
41 19 75.0 50.0
57 62 125.0 154.0
59 54 193.0 156.0
50 15 89.0 149.0
5 59 11.0 193.0
28 39 118.0 10.0
28 38 27.0 123.0
64 3 143.0 125.0
45 22 43.0 18.0
58 7 76.0 169.0
51 11 57.0 69.0
30 37 56.0 146.0
36 23 167.0 19.0
63 3 149.0 86.0
60 5 166.0 128.0
41 24 111.0 109.0
12 40 98.0 155.0
9 54 89.0 126.0
16 46 89.0 98.0
62 59 138.0 97.0
4 58 18.0 58.0
24 40 137.0 119.0
22 46 62.0 55.0
39 26 136.0 173.0
40 21 50.0 186.0
50 17 157.0 91.0
40 28 80.0 46.0
10 55 122.0 171.0
38 26 109.0 92.0
52 63 182.0 198.0
16 50 120.0 196.0
27 40 167.0 8.0
51 16 159.0 17.0
12 56 23.0 116.0
16 54 37.0 55.0
60 1 174.0 111.0
52 13 84.0 35.0
63 26 35.0 67.0
1 63 161.0 155.0
44 47 92.0 128.0
4 63 122.0 51.0
42 27 162.0 145.0
36 32 197.0 199.0
65 5 187.0 123.0
62 27 91.0 71.0
50 47 133.0 126.0
53 65 195.0 94.0
12 55 61.0 87.0
31 37 32.0 183.0
45 24 148.0 146.0
37 54 165.0 145.0
47 37 179.0 104.0
55 14 73.0 22.0
61 7 76.0 7.0
30 40 133.0 24.0
20 42 149.0 146.0
37 32 116.0 133.0
33 60 148.0 64.0
62 7 137.0 114.0
32 13 113.0 69.0
47 20 117.0 186.0
15 52 127.0 145.0
59 9 123.0 12.0
53 15 187.0 25.0
66 3 154.0 103.0
52 18 15.0 55.0
58 52 64.0 104.0
59 12 190.0 129.0
20 48 161.0 59.0
10 60 108.0 89.0
9 60 159.0 183.0
4 64 156.0 146.0
62 8 157.0 110.0
37 28 2.0 124.0
51 18 82.0 18.0
51 54 123.0 24.0
43 25 75.0 84.0
41 23 165.0 135.0
42 48 95.0 124.0
34 37 198.0 51.0
32 44 96.0 107.0
64 7 21.0 98.0
60 8 166.0 55.0
18 58 29.0 89.0
11 58 106.0 57.0
46 20 182.0 23.0
63 5 47.0 77.0
26 42 98.0 197.0
35 27 24.0 146.0
21 49 52.0 198.0
29 33 31.0 18.0
14 57 103.0 12.0
28 42 188.0 161.0
41 29 133.0 122.0
43 27 159.0 132.0
54 10 72.0 9.0
23 47 179.0 97.0
26 45 15.0 32.0
54 18 137.0 46.0
33 38 199.0 193.0
52 19 198.0 187.0
55 16 176.0 132.0
41 43 43.0 136.0
13 57 37.0 67.0
56 15 4.0 17.0
55 15 64.0 20.0
62 31 65.0 153.0
55 11 62.0 16.0
51 21 192.0 60.0
37 35 28.0 169.0
42 29 59.0 23.0
59 13 55.0 97.0
53 18 171.0 60.0
3 61 118.0 187.0
38 32 32.0 136.0
6 5 92.0 94.0
60 13 124.0 84.0
62 9 164.0 105.0
31 42 65.0 23.0
15 54 131.0 120.0
60 12 53.0 54.0
9 64 167.0 124.0
54 35 172.0 199.0
37 48 24.0 64.0
41 31 106.0 101.0
36 34 169.0 70.0
61 10 162.0 34.0
11 59 57.0 93.0
35 36 155.0 110.0
11 61 25.0 74.0
59 14 163.0 150.0
48 23 174.0 187.0
34 31 174.0 80.0
47 25 85.0 95.0
52 20 19.0 47.0
60 61 178.0 76.0
34 38 83.0 86.0
27 46 124.0 60.0
32 39 56.0 87.0
17 55 196.0 182.0
53 19 161.0 170.0
31 40 171.0 198.0
56 17 86.0 142.0
26 54 184.0 64.0
20 51 35.0 19.0
43 32 1.0 111.0
52 21 19.0 57.0
4 62 92.0 16.0
2 66 77.0 5.0
50 22 54.0 48.0
52 49 147.0 92.0
36 52 23.0 131.0
30 43 26.0 11.0
31 39 25.0 27.0
44 29 2.0 197.0
61 12 36.0 94.0
66 6 163.0 113.0
48 46 113.0 18.0
48 26 169.0 60.0
53 20 183.0 144.0
57 18 181.0 9.0
63 56 7.0 159.0
57 15 103.0 9.0
44 30 128.0 139.0
37 27 114.0 92.0
13 61 124.0 179.0
28 46 96.0 45.0
27 59 181.0 79.0
62 12 31.0 162.0
53 24 103.0 38.0
16 58 102.0 158.0
36 38 9.0 183.0
39 36 122.0 75.0
34 41 13.0 199.0
12 63 179.0 61.0
8 65 188.0 160.0
28 44 10.0 19.0
49 28 26.0 66.0
56 33 160.0 80.0
27 48 79.0 121.0
26 49 179.0 154.0
10 66 47.0 145.0
29 47 40.0 26.0
49 24 32.0 28.0
11 60 58.0 42.0
10 58 19.0 84.0
29 49 159.0 131.0
31 53 23.0 190.0
26 37 2.0 2.0
36 56 151.0 49.0
40 35 157.0 191.0
49 20 76.0 189.0
20 56 132.0 87.0
13 62 129.0 103.0
48 24 21.0 40.0
61 16 38.0 44.0
14 25 24.0 192.0
22 55 156.0 175.0
34 45 35.0 113.0
19 50 60.0 63.0
50 27 81.0 144.0
23 53 114.0 10.0
20 58 71.0 87.0
38 37 8.0 61.0
40 36 84.0 32.0
51 12 18.0 40.0
59 20 16.0 5.0
46 31 148.0 28.0
35 41 197.0 30.0
18 59 4.0 64.0
59 16 124.0 27.0
36 33 173.0 132.0
54 49 195.0 57.0
60 20 155.0 165.0
32 47 17.0 171.0
30 47 67.0 165.0
24 64 198.0 17.0
64 13 31.0 2.0
60 19 27.0 107.0
27 52 18.0 0.0
55 23 184.0 13.0
35 38 68.0 139.0
62 16 197.0 85.0
40 39 40.0 65.0
19 58 138.0 38.0
63 17 155.0 169.0
40 55 146.0 183.0
46 33 127.0 116.0
63 15 107.0 63.0
33 44 65.0 176.0
41 54 181.0 62.0
61 19 167.0 173.0
65 12 180.0 105.0
56 24 80.0 136.0
38 39 75.0 178.0
32 48 151.0 2.0
41 40 138.0 11.0
66 64 35.0 155.0
37 44 169.0 168.0
23 57 163.0 136.0
30 49 59.0 143.0
25 66 76.0 91.0
12 53 157.0 151.0
45 36 42.0 60.0
25 53 189.0 132.0
47 21 115.0 176.0
64 19 107.0 84.0
23 58 93.0 70.0
24 61 138.0 104.0
29 51 148.0 14.0
57 19 131.0 57.0
3 53 192.0 125.0
17 53 55.0 181.0
64 15 107.0 170.0
62 19 42.0 15.0
44 36 96.0 135.0
58 21 97.0 34.0
56 23 154.0 45.0
47 35 187.0 85.0
19 56 64.0 179.0
36 43 173.0 120.0
27 53 26.0 80.0
39 34 27.0 20.0
48 34 184.0 123.0
49 34 36.0 33.0
49 33 26.0 190.0
34 46 8.0 165.0
32 50 64.0 24.0
28 54 181.0 37.0
64 53 188.0 7.0
66 12 50.0 15.0
51 46 184.0 187.0
27 63 62.0 20.0
16 64 135.0 88.0
64 20 130.0 95.0
55 26 159.0 195.0
25 57 155.0 92.0
46 39 20.0 95.0
64 12 118.0 22.0
21 62 58.0 54.0
35 48 33.0 120.0
24 57 131.0 120.0
30 55 13.0 61.0
64 10 104.0 124.0
46 36 95.0 12.0
31 48 52.0 67.0
33 52 28.0 122.0
66 16 33.0 87.0
18 56 145.0 66.0
47 34 31.0 28.0
22 61 195.0 197.0
56 29 91.0 51.0
26 56 111.0 187.0
18 66 149.0 116.0
38 45 148.0 178.0
57 27 123.0 181.0
51 36 193.0 21.0
45 39 198.0 176.0
51 33 190.0 193.0
54 29 137.0 81.0
57 28 39.0 1.0
31 47 123.0 188.0
29 53 27.0 71.0
58 25 160.0 150.0
45 40 96.0 105.0
40 52 16.0 94.0
66 20 54.0 6.0
62 29 199.0 143.0
51 35 87.0 38.0
65 21 73.0 163.0
49 38 81.0 100.0
7 66 148.0 193.0
45 41 51.0 196.0
31 54 90.0 67.0
30 52 69.0 144.0
59 31 30.0 20.0
44 43 150.0 70.0
34 52 87.0 23.0
30 57 163.0 168.0
28 60 3.0 111.0
43 47 47.0 6.0
53 61 184.0 89.0
42 43 22.0 53.0
42 41 10.0 52.0
34 54 26.0 160.0
64 21 79.0 114.0
41 39 40.0 194.0
56 31 63.0 195.0
26 62 116.0 62.0
50 37 32.0 100.0
30 54 164.0 54.0
58 29 119.0 126.0
53 40 144.0 97.0
25 55 89.0 175.0
21 63 98.0 129.0
22 63 40.0 113.0
48 36 58.0 108.0
37 52 170.0 90.0
35 45 100.0 86.0
34 55 192.0 19.0
54 61 130.0 136.0
66 23 30.0 19.0
62 25 108.0 128.0
55 36 55.0 101.0
53 35 1.0 65.0
39 52 139.0 123.0
9 61 111.0 39.0
39 43 81.0 55.0
15 66 159.0 11.0
55 31 41.0 189.0
33 50 11.0 150.0
29 40 32.0 18.0
32 54 38.0 185.0
51 42 196.0 130.0
34 57 52.0 59.0
48 47 11.0 134.0
45 48 67.0 170.0
56 30 114.0 108.0
41 48 42.0 77.0
64 23 130.0 26.0
28 58 122.0 120.0
57 35 151.0 118.0
44 50 56.0 156.0
24 60 104.0 67.0
34 60 19.0 171.0
63 30 32.0 134.0
13 53 7.0 26.0
50 41 190.0 89.0
50 40 50.0 112.0
32 52 88.0 1.0
29 61 6.0 144.0
64 27 139.0 62.0
61 52 4.0 158.0
64 33 58.0 188.0
25 52 67.0 18.0
28 65 45.0 9.0
53 42 186.0 47.0
37 56 17.0 74.0
45 44 109.0 175.0
57 38 87.0 48.0
34 62 191.0 43.0
34 59 11.0 1.0
25 54 27.0 30.0
55 32 100.0 24.0
60 58 169.0 86.0
61 36 181.0 139.0
31 63 66.0 43.0
49 45 78.0 105.0
37 51 6.0 21.0
32 60 140.0 169.0
58 37 25.0 119.0
61 38 104.0 78.0
54 43 189.0 74.0
55 41 161.0 123.0
24 55 183.0 28.0
49 36 164.0 14.0
27 65 175.0 122.0
48 49 109.0 115.0
40 49 83.0 86.0
44 46 47.0 187.0
51 48 158.0 37.0
59 40 106.0 120.0
60 38 39.0 41.0
52 47 76.0 3.0
32 46 109.0 3.0
64 34 60.0 170.0
42 55 139.0 143.0
37 59 102.0 186.0
47 56 171.0 13.0
49 47 165.0 77.0
52 42 74.0 5.0
55 43 73.0 102.0
54 44 103.0 182.0
43 51 34.0 163.0
37 66 135.0 125.0
40 58 134.0 190.0
52 48 175.0 105.0
57 43 177.0 140.0
66 31 131.0 51.0
46 54 192.0 156.0
41 51 141.0 95.0
24 66 157.0 175.0
65 32 59.0 45.0
55 45 4.0 146.0
37 60 30.0 179.0
66 35 143.0 159.0
53 46 75.0 26.0
32 63 80.0 67.0
40 61 68.0 21.0
39 63 194.0 25.0
38 62 167.0 6.0
43 60 199.0 123.0
35 65 45.0 181.0
56 45 96.0 140.0
57 41 171.0 124.0
58 46 21.0 4.0
61 41 183.0 89.0
44 22 80.0 129.0
42 61 98.0 199.0
61 30 147.0 98.0
41 58 57.0 192.0
44 58 27.0 105.0
61 44 0.0 150.0
55 50 31.0 21.0
50 49 10.0 166.0
62 37 169.0 43.0
56 42 70.0 20.0
43 50 95.0 17.0
60 47 121.0 104.0
64 36 98.0 100.0
54 47 164.0 98.0
59 46 89.0 147.0
60 44 166.0 52.0
42 62 40.0 87.0
49 57 7.0 110.0
56 49 127.0 54.0
55 52 89.0 0.0
66 38 112.0 139.0
49 55 109.0 77.0
61 47 99.0 151.0
39 47 99.0 65.0
50 53 91.0 139.0
36 65 37.0 50.0
61 46 75.0 116.0
57 50 137.0 164.0
61 48 122.0 1.0
44 59 107.0 183.0
46 49 145.0 6.0
45 53 91.0 44.0
58 50 188.0 135.0
49 58 170.0 177.0
42 60 58.0 45.0
58 51 181.0 147.0
64 44 64.0 103.0
65 40 186.0 171.0
50 39 14.0 83.0
65 42 81.0 58.0
44 66 103.0 69.0
49 66 21.0 73.0
50 60 104.0 31.0
64 41 2.0 85.0
44 51 11.0 66.0
65 43 151.0 150.0
45 62 25.0 118.0
50 59 31.0 107.0
36 63 147.0 134.0
63 46 68.0 120.0
56 48 14.0 124.0
46 57 115.0 17.0
58 34 80.0 78.0
51 59 49.0 183.0
50 62 183.0 75.0
48 63 198.0 14.0
63 47 142.0 98.0
57 63 90.0 162.0
44 65 157.0 105.0
55 57 198.0 72.0
53 58 39.0 30.0
58 47 1.0 88.0
59 52 144.0 184.0
66 39 64.0 143.0
29 60 160.0 6.0
59 60 86.0 3.0
48 65 104.0 43.0
51 62 195.0 54.0
55 64 6.0 34.0
57 65 116.0 160.0
64 46 40.0 13.0
53 52 195.0 56.0
45 64 112.0 108.0
57 58 190.0 198.0
1 51 105.0 46.0
56 55 185.0 100.0
64 57 89.0 143.0
61 63 152.0 6.0
63 49 95.0 192.0
37 61 28.0 91.0
48 66 45.0 140.0
57 66 33.0 187.0
62 56 99.0 138.0
45 66 125.0 36.0
66 56 191.0 166.0
62 52 187.0 144.0
36 66 70.0 34.0
66 46 199.0 50.0
22 51 90.0 196.0
13 43 71.0 123.0
50 46 157.0 122.0
3 1 185.0 34.0
62 47 180.0 129.0
66 61 69.0 167.0
40 63 50.0 139.0
33 57 108.0 2.0
3 47 119.0 150.0
63 45 54.0 190.0
52 60 195.0 12.0
58 48 15.0 133.0
60 63 125.0 196.0
62 63 0.0 194.0
40 11 149.0 51.0
59 35 112.0 9.0
61 56 89.0 31.0
65 59 177.0 144.0
50 63 59.0 124.0
58 61 58.0 75.0
44 38 110.0 183.0
52 56 8.0 111.0
50 29 194.0 109.0
50 64 122.0 58.0
46 65 119.0 12.0
55 66 101.0 48.0
60 36 74.0 160.0
62 64 109.0 132.0
13 65 101.0 20.0
42 63 115.0 61.0
59 55 116.0 61.0
62 65 125.0 38.0
61 62 25.0 196.0
66 34 126.0 78.0
31 64 159.0 1.0
55 65 92.0 20.0
46 55 53.0 145.0
60 64 24.0 168.0
54 60 24.0 92.0
66 59 110.0 102.0
0
