70 2415 44 47 158472
15 39 70.0 42.0
13 2 2.0 122.0
37 67 19.0 165.0
10 32 10.0 145.0
46 12 106.0 199.0
14 51 177.0 58.0
37 62 9.0 23.0
46 42 189.0 14.0
10 39 84.0 11.0
40 16 47.0 38.0
12 34 42.0 66.0
8 4 182.0 52.0
27 14 21.0 41.0
65 60 142.0 150.0
51 34 6.0 151.0
6 8 16.0 147.0
46 60 66.0 52.0
17 62 148.0 113.0
25 42 141.0 190.0
45 26 172.0 76.0
39 38 154.0 194.0
39 55 161.0 96.0
31 8 115.0 167.0
15 27 41.0 83.0
28 7 174.0 59.0
68 13 73.0 74.0
54 17 149.0 15.0
54 34 114.0 74.0
3 1 80.0 68.0
67 26 186.0 41.0
45 11 81.0 53.0
38 8 156.0 122.0
26 43 4.0 82.0
67 7 162.0 77.0
36 5 88.0 63.0
2 12 199.0 154.0
38 4 74.0 80.0
41 42 104.0 12.0
53 7 61.0 185.0
14 31 180.0 17.0
15 31 100.0 184.0
49 12 133.0 62.0
29 47 145.0 174.0
26 51 125.0 145.0
66 18 195.0 151.0
59 54 132.0 52.0
60 20 184.0 193.0
62 64 195.0 164.0
24 21 23.0 96.0
45 31 172.0 109.0
19 26 156.0 117.0
6 55 123.0 81.0
2 43 42.0 70.0
38 53 177.0 174.0
15 69 65.0 113.0
4 61 98.0 13.0
11 52 44.0 121.0
24 33 112.0 168.0
58 67 85.0 20.0
63 32 196.0 8.0
16 9 32.0 38.0
4 63 17.0 161.0
3 6 167.0 34.0
8 58 139.0 65.0
10 5 32.0 184.0
70 13 139.0 96.0
21 17 195.0 24.0
60 23 6.0 191.0
31 40 63.0 38.0
44 33 78.0 32.0
38 28 36.0 45.0
27 62 127.0 175.0
1 14 171.0 111.0
3 15 6.0 110.0
16 55 196.0 153.0
19 15 29.0 2.0
66 43 71.0 44.0
5 18 123.0 101.0
45 69 10.0 159.0
60 56 11.0 89.0
27 31 62.0 183.0
18 16 34.0 21.0
1 47 98.0 30.0
62 35 148.0 79.0
8 35 121.0 171.0
64 43 97.0 45.0
42 35 132.0 59.0
32 70 90.0 144.0
30 50 109.0 104.0
65 28 56.0 95.0
5 49 27.0 107.0
13 59 39.0 175.0
23 10 15.0 161.0
52 27 142.0 64.0
3 57 54.0 27.0
68 22 78.0 144.0
13 11 78.0 139.0
39 16 82.0 87.0
64 5 175.0 109.0
63 67 147.0 167.0
18 69 59.0 114.0
13 4 48.0 153.0
48 41 136.0 54.0
1 12 105.0 14.0
2 65 29.0 136.0
22 14 6.0 63.0
30 15 101.0 133.0
23 11 0.0 0.0
21 46 66.0 59.0
37 15 5.0 115.0
56 52 48.0 141.0
43 48 175.0 106.0
54 63 106.0 156.0
18 60 186.0 112.0
4 17 7.0 87.0
39 1 79.0 7.0
58 59 153.0 145.0
6 2 128.0 110.0
65 14 158.0 128.0
61 5 76.0 133.0
9 70 45.0 182.0
1 58 155.0 31.0
4 12 143.0 162.0
12 3 170.0 22.0
61 31 123.0 75.0
43 36 18.0 3.0
49 65 50.0 128.0
11 14 99.0 78.0
13 52 114.0 96.0
4 7 153.0 69.0
12 35 14.0 48.0
37 22 46.0 184.0
52 20 75.0 122.0
67 38 136.0 46.0
32 65 32.0 138.0
9 28 42.0 83.0
21 60 90.0 157.0
60 39 162.0 195.0
3 44 68.0 128.0
65 33 57.0 67.0
64 52 71.0 85.0
19 62 132.0 7.0
56 37 45.0 164.0
6 50 145.0 88.0
11 5 190.0 187.0
6 33 90.0 152.0
6 42 92.0 158.0
16 8 21.0 101.0
59 47 137.0 92.0
50 11 127.0 69.0
59 46 65.0 172.0
25 33 114.0 10.0
70 10 137.0 104.0
42 28 108.0 27.0
11 38 187.0 152.0
58 25 185.0 8.0
13 12 62.0 74.0
34 6 103.0 189.0
63 34 16.0 168.0
67 11 87.0 83.0
20 8 10.0 24.0
47 4 38.0 70.0
54 4 160.0 26.0
28 25 21.0 97.0
48 23 40.0 35.0
28 37 100.0 95.0
1 24 16.0 68.0
5 7 72.0 55.0
32 41 39.0 34.0
44 46 128.0 78.0
49 55 157.0 88.0
21 37 178.0 130.0
1 67 129.0 170.0
33 7 184.0 29.0
30 51 75.0 152.0
4 69 44.0 99.0
2 15 123.0 36.0
42 15 71.0 4.0
2 7 60.0 180.0
61 1 140.0 38.0
67 62 171.0 70.0
68 32 108.0 155.0
24 69 7.0 183.0
9 44 156.0 3.0
40 70 112.0 31.0
26 16 75.0 135.0
41 56 110.0 88.0
16 2 54.0 3.0
40 6 66.0 25.0
49 51 82.0 175.0
19 1 108.0 41.0
46 45 66.0 16.0
57 69 141.0 178.0
26 44 115.0 169.0
41 68 6.0 178.0
46 14 175.0 60.0
31 56 138.0 41.0
48 69 10.0 172.0
2 64 176.0 118.0
51 48 46.0 43.0
58 64 122.0 139.0
50 49 171.0 190.0
9 5 53.0 177.0
26 20 115.0 180.0
17 42 44.0 5.0
53 29 173.0 6.0
22 35 153.0 101.0
24 57 50.0 199.0
63 52 13.0 125.0
42 56 69.0 184.0
68 3 192.0 74.0
34 65 130.0 59.0
48 25 169.0 126.0
65 43 138.0 94.0
7 9 172.0 91.0
65 22 66.0 22.0
15 18 85.0 79.0
15 55 1.0 154.0
69 19 81.0 193.0
25 53 62.0 11.0
20 68 63.0 183.0
52 69 78.0 1.0
19 14 22.0 2.0
47 25 70.0 41.0
43 63 186.0 155.0
59 3 18.0 140.0
14 3 77.0 100.0
39 54 159.0 139.0
64 33 174.0 174.0
43 67 130.0 4.0
22 17 109.0 105.0
54 27 107.0 179.0
31 57 59.0 93.0
59 34 143.0 77.0
9 8 9.0 20.0
56 10 50.0 168.0
54 23 138.0 24.0
31 22 43.0 20.0
50 56 122.0 152.0
24 2 194.0 29.0
1 36 70.0 5.0
13 1 131.0 13.0
35 54 61.0 140.0
5 51 130.0 111.0
16 68 177.0 68.0
31 9 160.0 21.0
7 54 189.0 34.0
68 67 27.0 135.0
44 41 103.0 97.0
16 44 91.0 35.0
27 8 193.0 152.0
1 56 47.0 75.0
53 24 123.0 24.0
44 66 149.0 35.0
62 20 28.0 91.0
16 47 128.0 55.0
30 65 46.0 184.0
38 22 16.0 137.0
29 12 190.0 161.0
67 47 158.0 37.0
8 2 114.0 33.0
20 39 30.0 16.0
59 68 175.0 58.0
56 66 4.0 56.0
3 13 41.0 50.0
34 60 13.0 57.0
6 9 188.0 4.0
37 54 137.0 99.0
66 3 67.0 4.0
42 21 91.0 97.0
18 49 164.0 18.0
44 27 47.0 169.0
39 42 181.0 89.0
32 27 43.0 147.0
18 62 75.0 32.0
57 52 152.0 13.0
6 12 16.0 19.0
50 59 68.0 59.0
37 31 102.0 32.0
57 64 75.0 149.0
36 49 188.0 8.0
18 56 6.0 183.0
17 3 155.0 81.0
39 27 114.0 59.0
56 61 4.0 82.0
49 45 27.0 24.0
5 8 132.0 129.0
4 1 87.0 159.0
62 9 158.0 75.0
7 8 86.0 116.0
37 50 77.0 193.0
7 45 163.0 143.0
35 6 84.0 120.0
1 18 147.0 111.0
42 43 164.0 80.0
44 50 44.0 51.0
70 30 187.0 154.0
21 51 68.0 25.0
30 29 167.0 145.0
3 9 8.0 83.0
11 7 137.0 92.0
8 55 101.0 37.0
27 48 171.0 17.0
39 19 20.0 167.0
60 42 189.0 7.0
34 33 163.0 58.0
3 36 176.0 82.0
2 17 110.0 184.0
31 67 20.0 199.0
13 9 181.0 121.0
56 29 14.0 152.0
59 31 58.0 186.0
10 1 137.0 199.0
58 20 131.0 52.0
56 35 161.0 107.0
23 24 124.0 23.0
20 25 104.0 144.0
34 16 68.0 85.0
56 40 114.0 34.0
1 6 55.0 124.0
26 46 94.0 192.0
66 55 2.0 177.0
4 16 134.0 115.0
20 29 151.0 59.0
19 2 27.0 55.0
62 3 176.0 96.0
3 16 143.0 42.0
56 9 20.0 198.0
55 23 79.0 67.0
2 10 20.0 33.0
24 29 112.0 107.0
2 20 102.0 15.0
12 7 94.0 82.0
43 21 196.0 23.0
63 56 67.0 139.0
15 6 130.0 40.0
64 60 121.0 161.0
16 35 88.0 93.0
8 1 84.0 153.0
67 59 40.0 138.0
13 7 153.0 86.0
1 40 163.0 149.0
38 61 63.0 182.0
32 53 64.0 193.0
54 15 89.0 137.0
61 62 146.0 177.0
2 61 150.0 30.0
50 39 90.0 142.0
20 9 91.0 43.0
61 16 169.0 6.0
18 20 19.0 32.0
14 58 197.0 35.0
14 6 183.0 86.0
9 34 139.0 129.0
37 42 45.0 41.0
10 36 20.0 135.0
57 11 158.0 64.0
38 51 165.0 127.0
7 15 23.0 136.0
39 4 171.0 172.0
9 19 156.0 106.0
64 18 19.0 48.0
59 12 129.0 16.0
48 34 45.0 102.0
16 1 13.0 3.0
57 61 48.0 178.0
42 67 129.0 71.0
1 34 38.0 52.0
64 69 126.0 195.0
16 6 195.0 146.0
6 4 13.0 124.0
37 29 52.0 10.0
35 14 181.0 65.0
16 67 136.0 29.0
5 43 4.0 17.0
18 22 100.0 43.0
32 51 76.0 178.0
56 25 173.0 23.0
40 41 57.0 187.0
69 58 23.0 61.0
14 39 58.0 156.0
35 28 89.0 147.0
12 47 188.0 45.0
69 11 69.0 40.0
61 59 167.0 98.0
26 22 86.0 141.0
62 21 52.0 143.0
20 5 144.0 75.0
55 44 109.0 3.0
1 43 13.0 150.0
19 68 156.0 1.0
7 10 170.0 26.0
32 7 58.0 90.0
28 24 171.0 144.0
44 28 44.0 23.0
44 11 78.0 189.0
54 65 105.0 139.0
37 2 64.0 118.0
11 12 128.0 173.0
55 2 27.0 99.0
8 52 176.0 86.0
2 14 187.0 147.0
13 53 17.0 183.0
20 3 157.0 47.0
49 39 66.0 62.0
3 11 72.0 83.0
24 37 67.0 0.0
38 52 186.0 47.0
33 16 116.0 162.0
58 53 41.0 55.0
35 20 109.0 59.0
14 4 184.0 66.0
16 22 176.0 50.0
34 44 17.0 48.0
22 12 100.0 36.0
63 66 197.0 86.0
11 32 140.0 113.0
14 42 199.0 181.0
3 43 75.0 60.0
20 10 96.0 11.0
31 33 173.0 24.0
18 44 89.0 142.0
67 70 78.0 189.0
65 27 87.0 27.0
58 42 92.0 179.0
25 3 126.0 43.0
46 55 156.0 153.0
6 56 95.0 52.0
30 37 126.0 20.0
22 34 127.0 15.0
45 56 60.0 158.0
24 56 62.0 99.0
21 1 92.0 154.0
52 60 96.0 18.0
56 5 140.0 4.0
60 27 68.0 35.0
3 5 138.0 194.0
42 23 17.0 17.0
3 8 152.0 77.0
14 18 191.0 14.0
8 41 198.0 36.0
30 17 75.0 46.0
5 6 19.0 167.0
39 56 95.0 39.0
64 35 86.0 33.0
57 21 115.0 103.0
49 23 91.0 67.0
52 54 69.0 34.0
24 41 22.0 19.0
58 17 7.0 49.0
29 40 79.0 179.0
25 69 39.0 174.0
45 18 152.0 125.0
50 21 187.0 19.0
6 17 126.0 30.0
32 16 24.0 147.0
56 27 164.0 199.0
55 1 53.0 124.0
40 34 93.0 132.0
44 29 30.0 84.0
58 40 26.0 182.0
2 63 6.0 166.0
41 49 64.0 84.0
5 15 101.0 88.0
40 48 134.0 65.0
22 3 9.0 139.0
25 2 70.0 55.0
7 16 98.0 100.0
52 55 42.0 124.0
11 10 181.0 48.0
2 18 4.0 45.0
16 54 65.0 57.0
14 9 13.0 151.0
37 1 13.0 174.0
14 40 194.0 83.0
52 66 22.0 92.0
50 19 158.0 16.0
32 66 2.0 139.0
7 3 17.0 158.0
60 19 194.0 34.0
64 56 11.0 7.0
68 25 140.0 24.0
64 70 36.0 134.0
7 19 68.0 10.0
37 58 109.0 26.0
65 58 193.0 111.0
6 63 74.0 162.0
23 17 185.0 21.0
4 5 160.0 148.0
3 19 30.0 100.0
67 27 83.0 66.0
57 48 15.0 151.0
35 50 100.0 124.0
49 19 3.0 45.0
11 39 152.0 29.0
67 41 90.0 89.0
42 70 145.0 50.0
55 54 51.0 175.0
22 55 110.0 86.0
44 10 127.0 125.0
1 30 68.0 179.0
48 45 199.0 23.0
13 33 141.0 103.0
16 45 38.0 31.0
45 64 48.0 135.0
59 44 82.0 51.0
28 18 80.0 192.0
39 28 148.0 159.0
57 9 156.0 16.0
53 2 147.0 155.0
47 20 51.0 88.0
6 60 89.0 41.0
65 7 193.0 90.0
50 42 96.0 75.0
2 60 61.0 128.0
17 38 54.0 10.0
46 49 140.0 162.0
9 15 166.0 39.0
10 18 36.0 169.0
19 31 54.0 126.0
49 27 178.0 47.0
10 25 92.0 26.0
14 66 181.0 154.0
9 11 20.0 188.0
5 1 64.0 112.0
14 12 101.0 182.0
4 19 28.0 138.0
34 57 52.0 82.0
25 13 93.0 30.0
49 29 2.0 138.0
24 3 158.0 135.0
5 19 102.0 130.0
57 33 198.0 167.0
13 6 175.0 52.0
1 20 166.0 155.0
49 40 142.0 18.0
52 41 180.0 35.0
11 8 124.0 134.0
48 22 25.0 34.0
1 9 75.0 128.0
49 58 55.0 25.0
67 18 49.0 30.0
10 46 177.0 168.0
28 69 198.0 119.0
23 2 52.0 130.0
13 27 50.0 128.0
49 14 87.0 75.0
30 16 38.0 162.0
1 7 151.0 93.0
38 57 36.0 152.0
44 31 140.0 14.0
30 24 150.0 91.0
3 2 25.0 154.0
41 53 28.0 75.0
66 23 77.0 115.0
6 18 12.0 67.0
49 33 185.0 163.0
14 8 154.0 22.0
69 39 199.0 46.0
5 14 66.0 101.0
52 6 101.0 91.0
59 39 135.0 81.0
61 9 30.0 164.0
38 32 97.0 195.0
65 41 84.0 83.0
9 48 119.0 38.0
16 46 118.0 118.0
25 51 85.0 184.0
68 58 117.0 138.0
14 7 118.0 5.0
28 50 96.0 100.0
22 1 145.0 146.0
8 13 136.0 181.0
10 14 83.0 55.0
58 45 31.0 1.0
37 9 173.0 117.0
27 1 63.0 91.0
18 37 146.0 181.0
28 2 18.0 195.0
12 15 87.0 115.0
1 28 8.0 23.0
40 52 126.0 43.0
38 15 103.0 157.0
35 55 100.0 28.0
53 22 109.0 163.0
26 3 137.0 55.0
68 61 106.0 155.0
54 64 113.0 193.0
21 70 189.0 73.0
51 47 157.0 115.0
4 53 47.0 12.0
50 23 181.0 99.0
45 15 183.0 42.0
11 28 40.0 120.0
9 10 43.0 146.0
10 6 123.0 109.0
22 25 13.0 64.0
14 50 116.0 122.0
44 17 102.0 115.0
39 18 142.0 35.0
18 7 44.0 78.0
2 11 179.0 84.0
31 23 133.0 22.0
45 14 87.0 56.0
39 41 21.0 52.0
32 5 7.0 89.0
18 3 91.0 61.0
10 16 57.0 185.0
27 24 53.0 101.0
47 8 96.0 32.0
30 18 146.0 30.0
26 1 60.0 33.0
40 57 162.0 81.0
4 9 73.0 169.0
30 12 154.0 116.0
1 62 6.0 11.0
16 15 83.0 12.0
22 27 73.0 179.0
6 22 46.0 19.0
59 33 159.0 106.0
21 4 103.0 121.0
43 24 93.0 128.0
22 4 106.0 48.0
26 42 62.0 64.0
57 17 29.0 145.0
17 12 180.0 54.0
67 34 86.0 178.0
9 38 168.0 197.0
10 42 143.0 71.0
65 70 140.0 37.0
34 38 141.0 46.0
21 31 28.0 3.0
60 40 116.0 58.0
47 63 64.0 48.0
8 18 16.0 151.0
17 41 145.0 184.0
17 5 85.0 40.0
23 4 3.0 25.0
1 15 67.0 96.0
35 70 25.0 95.0
51 36 178.0 141.0
41 2 60.0 43.0
39 17 136.0 76.0
17 9 18.0 33.0
51 65 180.0 103.0
56 62 122.0 183.0
65 52 190.0 141.0
63 49 83.0 167.0
27 51 168.0 61.0
53 47 122.0 28.0
63 25 49.0 59.0
47 5 137.0 19.0
10 4 126.0 117.0
66 13 12.0 0.0
11 1 117.0 154.0
52 3 79.0 0.0
17 13 136.0 47.0
5 23 25.0 59.0
22 51 48.0 74.0
12 16 137.0 137.0
30 27 27.0 63.0
14 13 45.0 191.0
29 36 189.0 162.0
50 36 154.0 69.0
30 69 151.0 42.0
7 22 27.0 176.0
46 23 142.0 27.0
48 65 167.0 79.0
21 8 132.0 146.0
22 5 169.0 177.0
15 63 54.0 110.0
28 52 88.0 160.0
11 16 96.0 39.0
9 67 83.0 123.0
1 23 18.0 177.0
28 29 190.0 137.0
35 26 115.0 122.0
63 13 6.0 84.0
5 66 103.0 12.0
19 6 126.0 191.0
13 15 39.0 174.0
59 9 169.0 122.0
42 13 68.0 139.0
41 9 115.0 10.0
34 4 187.0 30.0
28 56 33.0 193.0
63 69 140.0 136.0
3 58 113.0 67.0
50 34 60.0 152.0
54 68 44.0 29.0
10 51 91.0 65.0
59 36 163.0 6.0
11 15 97.0 150.0
7 56 118.0 82.0
66 9 40.0 58.0
8 68 159.0 153.0
44 19 66.0 19.0
28 61 68.0 111.0
41 29 20.0 159.0
64 49 116.0 135.0
58 16 115.0 13.0
13 69 138.0 33.0
7 64 116.0 178.0
6 11 96.0 75.0
32 17 130.0 114.0
4 11 118.0 198.0
36 19 61.0 138.0
67 56 135.0 177.0
13 21 194.0 50.0
31 16 9.0 84.0
21 63 103.0 125.0
19 43 191.0 151.0
59 27 196.0 122.0
34 41 101.0 114.0
1 35 106.0 162.0
18 4 91.0 193.0
42 4 72.0 37.0
31 43 61.0 81.0
47 57 34.0 116.0
21 7 60.0 26.0
67 61 81.0 56.0
31 41 51.0 182.0
17 35 155.0 109.0
4 25 165.0 198.0
59 6 81.0 37.0
22 9 94.0 142.0
67 29 186.0 80.0
69 29 164.0 46.0
19 65 179.0 46.0
35 19 102.0 182.0
54 62 56.0 57.0
47 48 197.0 173.0
53 1 152.0 78.0
69 21 156.0 198.0
61 39 109.0 142.0
6 25 47.0 25.0
14 16 170.0 26.0
63 41 177.0 24.0
33 62 150.0 185.0
8 17 83.0 147.0
17 1 50.0 35.0
38 14 28.0 6.0
64 12 152.0 89.0
14 25 140.0 0.0
69 49 142.0 62.0
20 4 143.0 71.0
9 27 9.0 45.0
48 24 89.0 44.0
2 27 120.0 139.0
30 2 127.0 100.0
11 20 144.0 32.0
56 33 145.0 84.0
3 21 101.0 39.0
34 11 154.0 196.0
38 3 134.0 115.0
38 20 109.0 23.0
1 45 54.0 29.0
45 30 114.0 133.0
61 66 78.0 58.0
40 55 112.0 23.0
14 64 26.0 165.0
4 35 92.0 132.0
49 28 95.0 179.0
59 35 148.0 156.0
10 29 185.0 2.0
70 59 90.0 99.0
66 1 155.0 120.0
67 44 149.0 19.0
49 15 84.0 176.0
9 21 158.0 176.0
11 68 18.0 5.0
33 43 83.0 119.0
1 64 71.0 68.0
5 25 167.0 161.0
52 4 138.0 122.0
48 52 87.0 87.0
8 56 128.0 171.0
22 2 88.0 86.0
10 15 69.0 106.0
27 3 58.0 152.0
52 23 12.0 129.0
21 11 73.0 131.0
57 46 53.0 11.0
18 9 176.0 93.0
7 20 142.0 56.0
65 35 172.0 182.0
8 22 144.0 41.0
69 37 69.0 2.0
12 19 10.0 82.0
18 46 3.0 36.0
22 58 69.0 9.0
9 63 165.0 197.0
49 34 83.0 59.0
29 2 86.0 55.0
24 59 101.0 183.0
25 38 113.0 171.0
2 26 148.0 75.0
1 42 93.0 104.0
24 5 161.0 163.0
5 13 85.0 126.0
35 9 114.0 168.0
33 36 15.0 152.0
37 48 170.0 68.0
8 19 46.0 35.0
29 3 119.0 147.0
5 12 37.0 12.0
37 68 35.0 199.0
69 68 54.0 120.0
11 17 99.0 120.0
7 35 192.0 114.0
13 18 137.0 115.0
8 15 75.0 135.0
36 45 140.0 146.0
5 26 105.0 129.0
10 13 78.0 140.0
14 15 173.0 132.0
15 35 22.0 73.0
69 60 140.0 167.0
27 7 153.0 29.0
12 21 150.0 180.0
34 27 141.0 42.0
37 52 26.0 46.0
1 60 58.0 104.0
25 1 6.0 183.0
43 29 173.0 28.0
31 26 126.0 113.0
31 1 14.0 79.0
45 40 67.0 116.0
4 15 174.0 8.0
2 58 133.0 0.0
29 4 98.0 191.0
56 58 190.0 104.0
28 63 187.0 163.0
31 29 157.0 114.0
9 12 87.0 123.0
58 10 94.0 155.0
30 46 31.0 68.0
45 12 20.0 164.0
59 29 75.0 70.0
16 25 122.0 65.0
30 49 139.0 62.0
20 57 132.0 48.0
62 63 78.0 172.0
7 23 113.0 125.0
12 18 21.0 144.0
47 61 196.0 193.0
17 7 155.0 72.0
29 70 49.0 30.0
61 3 79.0 188.0
1 50 93.0 163.0
54 28 76.0 124.0
67 50 65.0 141.0
15 68 161.0 86.0
30 5 18.0 109.0
4 24 134.0 126.0
3 28 93.0 183.0
51 45 172.0 124.0
36 18 178.0 65.0
29 5 93.0 6.0
12 20 185.0 158.0
24 9 187.0 146.0
67 48 171.0 158.0
8 23 164.0 57.0
33 54 144.0 9.0
28 14 134.0 116.0
31 24 147.0 112.0
26 61 65.0 41.0
17 10 108.0 50.0
17 69 24.0 47.0
47 36 97.0 147.0
20 46 81.0 61.0
29 63 67.0 177.0
29 1 127.0 1.0
58 36 102.0 75.0
32 2 106.0 167.0
28 31 15.0 166.0
29 64 74.0 191.0
26 9 60.0 123.0
57 7 94.0 94.0
69 2 113.0 161.0
48 13 144.0 193.0
48 59 114.0 198.0
8 25 155.0 172.0
17 18 158.0 123.0
5 55 75.0 184.0
66 29 101.0 87.0
35 44 155.0 195.0
58 19 74.0 20.0
43 54 1.0 170.0
42 11 169.0 116.0
8 24 125.0 77.0
50 61 35.0 35.0
57 70 72.0 62.0
28 30 124.0 173.0
16 42 192.0 79.0
20 15 4.0 18.0
11 18 98.0 5.0
9 23 97.0 68.0
33 26 141.0 174.0
28 20 163.0 176.0
20 59 108.0 35.0
30 42 174.0 184.0
25 66 15.0 118.0
48 49 132.0 19.0
49 6 88.0 182.0
69 41 60.0 186.0
6 21 196.0 1.0
43 60 103.0 160.0
48 68 59.0 163.0
17 16 46.0 185.0
16 65 134.0 62.0
55 42 173.0 18.0
47 2 5.0 61.0
54 60 103.0 17.0
6 20 186.0 99.0
61 52 20.0 41.0
8 26 123.0 79.0
47 17 172.0 170.0
23 43 17.0 58.0
22 10 172.0 190.0
17 14 33.0 129.0
21 5 19.0 136.0
20 17 170.0 157.0
10 61 110.0 190.0
5 16 163.0 34.0
18 55 110.0 87.0
39 6 53.0 127.0
55 30 4.0 25.0
45 67 131.0 38.0
6 26 74.0 102.0
63 70 114.0 196.0
2 59 68.0 24.0
3 10 149.0 183.0
28 4 106.0 11.0
31 5 94.0 160.0
32 58 135.0 98.0
55 67 1.0 19.0
32 42 25.0 27.0
54 57 94.0 139.0
27 6 26.0 162.0
29 38 45.0 127.0
4 31 39.0 151.0
13 16 91.0 133.0
12 8 197.0 178.0
21 68 183.0 198.0
30 4 4.0 8.0
64 21 20.0 98.0
25 9 94.0 46.0
1 46 30.0 91.0
8 29 147.0 21.0
12 10 59.0 190.0
28 59 57.0 56.0
69 27 189.0 192.0
24 10 89.0 193.0
24 12 69.0 61.0
7 70 167.0 115.0
28 8 151.0 149.0
35 11 164.0 98.0
10 26 165.0 176.0
30 6 79.0 23.0
52 26 127.0 20.0
49 26 173.0 168.0
19 18 65.0 42.0
33 3 26.0 184.0
29 6 175.0 177.0
2 21 83.0 139.0
2 33 125.0 48.0
3 23 43.0 4.0
52 25 111.0 122.0
50 41 150.0 85.0
32 4 162.0 167.0
20 32 10.0 140.0
14 21 195.0 185.0
19 16 62.0 78.0
65 39 196.0 187.0
53 55 45.0 191.0
21 44 62.0 156.0
24 11 28.0 12.0
27 4 14.0 142.0
25 11 70.0 25.0
63 53 97.0 65.0
2 56 88.0 159.0
7 25 27.0 84.0
64 39 115.0 24.0
2 31 97.0 177.0
67 52 151.0 78.0
10 21 154.0 166.0
33 4 159.0 176.0
15 22 49.0 56.0
49 9 14.0 137.0
18 54 62.0 193.0
22 49 95.0 177.0
12 28 29.0 144.0
21 53 73.0 133.0
16 21 154.0 179.0
22 13 3.0 65.0
24 7 190.0 4.0
12 44 60.0 4.0
40 68 20.0 122.0
27 12 70.0 67.0
19 13 111.0 52.0
23 15 133.0 184.0
17 27 182.0 39.0
53 65 173.0 137.0
16 23 171.0 163.0
18 48 6.0 32.0
26 14 84.0 179.0
49 37 21.0 107.0
51 40 197.0 133.0
25 15 132.0 82.0
1 32 9.0 66.0
29 34 108.0 183.0
8 59 37.0 32.0
5 34 135.0 43.0
61 25 81.0 171.0
4 26 183.0 54.0
70 58 133.0 180.0
19 20 194.0 17.0
10 34 67.0 156.0
68 50 136.0 128.0
12 25 7.0 173.0
27 20 98.0 142.0
10 27 116.0 179.0
57 15 86.0 100.0
6 23 182.0 171.0
48 20 136.0 129.0
53 46 111.0 156.0
37 55 165.0 48.0
28 10 172.0 173.0
2 35 86.0 70.0
6 28 182.0 154.0
26 12 113.0 68.0
8 30 38.0 96.0
69 38 53.0 127.0
25 54 190.0 164.0
50 63 115.0 107.0
67 3 80.0 39.0
37 4 137.0 166.0
26 7 51.0 119.0
50 10 70.0 165.0
24 6 111.0 61.0
51 69 4.0 164.0
31 10 142.0 146.0
64 36 31.0 57.0
51 17 42.0 112.0
2 9 21.0 179.0
5 28 135.0 72.0
1 33 73.0 157.0
21 29 192.0 185.0
18 21 29.0 196.0
41 35 76.0 171.0
13 41 42.0 107.0
69 22 138.0 84.0
23 26 105.0 159.0
39 52 113.0 192.0
2 51 71.0 186.0
3 30 127.0 64.0
2 39 7.0 108.0
40 13 111.0 35.0
65 4 145.0 153.0
31 6 68.0 83.0
45 63 175.0 126.0
56 49 46.0 88.0
18 23 141.0 70.0
3 35 127.0 20.0
33 9 157.0 86.0
27 5 77.0 20.0
21 19 83.0 174.0
9 29 119.0 152.0
52 19 28.0 94.0
9 65 169.0 27.0
1 41 110.0 62.0
20 21 33.0 189.0
28 13 75.0 143.0
3 54 119.0 104.0
48 31 51.0 154.0
8 57 90.0 170.0
17 37 85.0 118.0
24 14 111.0 6.0
35 69 129.0 173.0
11 29 64.0 163.0
24 67 45.0 91.0
3 39 158.0 116.0
3 32 16.0 10.0
70 53 17.0 58.0
32 50 3.0 102.0
34 2 21.0 114.0
21 61 182.0 102.0
38 66 2.0 199.0
4 3 193.0 47.0
11 26 119.0 103.0
38 16 66.0 136.0
11 27 51.0 84.0
30 10 102.0 54.0
23 12 31.0 75.0
14 48 20.0 166.0
56 46 118.0 22.0
46 22 197.0 63.0
59 18 25.0 117.0
35 5 134.0 44.0
24 15 27.0 185.0
29 7 121.0 81.0
36 27 178.0 105.0
38 1 80.0 150.0
15 21 43.0 151.0
56 55 33.0 41.0
32 8 118.0 10.0
9 32 114.0 52.0
37 11 57.0 93.0
23 25 47.0 130.0
7 34 120.0 177.0
4 36 142.0 152.0
23 19 196.0 138.0
19 40 51.0 29.0
32 6 52.0 169.0
59 5 84.0 166.0
15 53 146.0 93.0
19 25 173.0 145.0
30 11 118.0 93.0
7 30 100.0 12.0
36 7 19.0 96.0
23 20 18.0 22.0
19 24 66.0 22.0
38 5 82.0 103.0
64 9 91.0 180.0
20 22 184.0 64.0
30 13 48.0 54.0
26 29 56.0 100.0
13 23 2.0 27.0
26 60 93.0 173.0
64 46 111.0 112.0
24 18 89.0 193.0
16 24 40.0 133.0
22 19 1.0 176.0
70 43 166.0 1.0
1 2 73.0 174.0
36 2 74.0 76.0
2 40 44.0 120.0
34 8 85.0 155.0
7 31 18.0 126.0
16 28 29.0 58.0
11 31 20.0 30.0
3 37 169.0 138.0
8 36 135.0 42.0
64 41 115.0 9.0
42 40 20.0 111.0
56 48 16.0 105.0
5 37 146.0 35.0
13 24 4.0 175.0
53 67 48.0 176.0
33 11 123.0 169.0
27 63 91.0 10.0
27 16 106.0 6.0
62 31 167.0 78.0
20 64 9.0 135.0
47 33 161.0 155.0
14 30 152.0 117.0
30 34 79.0 0.0
68 53 185.0 154.0
20 24 168.0 76.0
38 7 190.0 26.0
66 35 194.0 109.0
3 41 158.0 155.0
3 31 191.0 71.0
29 17 34.0 143.0
23 67 42.0 65.0
49 53 104.0 27.0
26 15 178.0 24.0
54 42 100.0 168.0
5 33 99.0 46.0
6 37 98.0 57.0
2 38 9.0 90.0
14 29 104.0 195.0
42 2 99.0 146.0
56 16 74.0 3.0
22 59 176.0 4.0
42 3 90.0 76.0
22 21 181.0 189.0
24 39 187.0 80.0
22 24 148.0 148.0
28 34 189.0 52.0
37 61 93.0 88.0
19 45 9.0 119.0
45 44 7.0 138.0
18 26 2.0 97.0
28 40 12.0 184.0
12 32 116.0 199.0
4 40 197.0 17.0
14 62 199.0 186.0
33 14 0.0 93.0
25 18 47.0 161.0
32 15 136.0 54.0
67 14 3.0 138.0
40 5 180.0 15.0
13 32 180.0 48.0
47 18 109.0 178.0
10 67 163.0 61.0
7 37 166.0 115.0
13 26 158.0 165.0
24 17 146.0 94.0
4 43 17.0 101.0
10 47 150.0 149.0
56 51 54.0 130.0
15 33 158.0 115.0
58 27 120.0 121.0
45 37 57.0 39.0
46 65 145.0 15.0
37 13 51.0 43.0
25 21 106.0 20.0
15 28 48.0 8.0
33 52 39.0 102.0
42 8 80.0 198.0
36 9 132.0 1.0
5 41 125.0 189.0
27 68 172.0 70.0
10 64 18.0 175.0
38 6 21.0 76.0
67 6 38.0 21.0
57 66 79.0 29.0
16 60 191.0 160.0
13 29 159.0 75.0
66 6 53.0 36.0
17 26 193.0 178.0
42 64 132.0 11.0
30 9 67.0 153.0
13 46 100.0 57.0
21 27 95.0 180.0
69 61 69.0 38.0
24 25 110.0 180.0
5 39 153.0 163.0
41 7 197.0 146.0
26 38 196.0 129.0
57 4 121.0 64.0
61 24 12.0 21.0
41 4 131.0 108.0
6 36 98.0 0.0
34 13 143.0 8.0
44 5 24.0 96.0
21 23 160.0 21.0
54 14 100.0 109.0
29 16 148.0 21.0
8 37 111.0 160.0
7 39 41.0 42.0
60 5 83.0 92.0
38 23 77.0 179.0
27 28 42.0 53.0
33 37 125.0 154.0
50 54 67.0 177.0
13 36 187.0 15.0
14 34 93.0 50.0
18 29 19.0 86.0
29 19 166.0 55.0
42 5 7.0 195.0
32 29 83.0 49.0
65 67 156.0 161.0
19 28 160.0 23.0
44 1 82.0 147.0
17 19 171.0 175.0
32 54 31.0 191.0
3 47 175.0 197.0
63 35 93.0 182.0
63 55 19.0 177.0
15 34 111.0 127.0
69 3 117.0 71.0
3 40 116.0 151.0
20 69 112.0 88.0
53 40 36.0 144.0
12 31 109.0 11.0
39 34 182.0 2.0
31 13 21.0 153.0
64 51 2.0 133.0
28 21 28.0 71.0
31 17 198.0 145.0
44 54 145.0 111.0
35 68 93.0 133.0
13 20 90.0 154.0
61 19 19.0 73.0
33 19 165.0 193.0
70 47 194.0 119.0
38 10 113.0 174.0
17 52 19.0 112.0
47 6 72.0 117.0
44 4 34.0 165.0
34 3 37.0 125.0
26 21 172.0 8.0
46 3 139.0 137.0
40 8 114.0 85.0
11 36 166.0 27.0
24 52 140.0 137.0
3 45 0.0 12.0
30 19 156.0 35.0
62 23 181.0 145.0
48 2 142.0 105.0
36 26 186.0 34.0
2 44 4.0 100.0
9 40 15.0 122.0
18 32 38.0 107.0
15 17 179.0 38.0
2 66 155.0 87.0
30 23 103.0 88.0
36 35 92.0 198.0
18 33 145.0 79.0
34 32 187.0 101.0
20 56 31.0 154.0
45 4 156.0 21.0
35 32 38.0 87.0
40 35 78.0 193.0
69 12 144.0 134.0
58 55 16.0 188.0
49 70 123.0 113.0
7 42 162.0 62.0
30 20 176.0 193.0
10 57 66.0 84.0
36 12 167.0 104.0
33 12 9.0 197.0
5 45 158.0 105.0
4 46 187.0 126.0
56 11 16.0 111.0
45 6 44.0 178.0
14 36 123.0 172.0
45 2 20.0 189.0
15 46 135.0 187.0
18 27 25.0 96.0
10 35 140.0 135.0
40 10 63.0 127.0
54 41 108.0 79.0
19 32 58.0 104.0
9 42 176.0 133.0
7 6 121.0 197.0
51 67 167.0 8.0
24 35 94.0 144.0
8 70 55.0 34.0
50 2 98.0 71.0
35 33 20.0 6.0
13 43 46.0 30.0
41 10 78.0 23.0
1 51 111.0 151.0
47 62 182.0 30.0
1 49 24.0 28.0
34 18 97.0 32.0
26 24 31.0 195.0
37 12 118.0 3.0
58 24 9.0 116.0
7 40 139.0 40.0
24 54 172.0 50.0
18 31 22.0 154.0
44 6 11.0 47.0
2 49 27.0 61.0
9 39 91.0 59.0
25 45 81.0 161.0
4 48 197.0 43.0
23 14 185.0 136.0
36 17 33.0 157.0
52 62 130.0 56.0
23 28 145.0 93.0
41 6 172.0 172.0
22 28 29.0 15.0
59 60 46.0 62.0
8 43 80.0 195.0
1 52 119.0 65.0
43 35 146.0 152.0
2 46 34.0 76.0
32 14 5.0 179.0
44 7 191.0 177.0
16 66 85.0 172.0
55 25 33.0 83.0
33 17 32.0 65.0
36 16 184.0 151.0
7 43 95.0 82.0
29 23 184.0 129.0
11 40 108.0 189.0
54 40 100.0 51.0
35 34 90.0 186.0
52 2 101.0 123.0
51 3 62.0 134.0
24 46 81.0 198.0
22 23 110.0 176.0
22 11 23.0 46.0
37 16 83.0 131.0
42 12 122.0 184.0
12 38 167.0 12.0
49 3 91.0 68.0
29 65 51.0 153.0
48 5 85.0 84.0
46 5 128.0 147.0
11 64 140.0 152.0
22 36 39.0 24.0
21 59 127.0 114.0
48 3 121.0 46.0
12 39 146.0 13.0
15 36 165.0 149.0
43 15 159.0 51.0
34 17 68.0 88.0
19 10 77.0 161.0
36 56 197.0 116.0
56 23 75.0 125.0
40 44 27.0 148.0
8 33 164.0 125.0
33 45 54.0 129.0
14 37 59.0 14.0
10 43 27.0 79.0
30 21 121.0 56.0
68 45 122.0 119.0
68 57 168.0 149.0
30 39 110.0 147.0
52 53 43.0 26.0
27 46 159.0 50.0
19 55 171.0 18.0
22 29 12.0 150.0
18 35 19.0 85.0
23 27 189.0 94.0
12 40 72.0 157.0
48 6 9.0 134.0
49 61 75.0 4.0
5 50 155.0 186.0
29 27 188.0 78.0
8 39 47.0 152.0
26 28 69.0 19.0
47 44 99.0 10.0
21 39 106.0 123.0
13 39 153.0 115.0
9 45 36.0 180.0
8 44 196.0 144.0
34 21 79.0 137.0
9 43 189.0 79.0
1 54 26.0 10.0
34 62 23.0 77.0
6 46 165.0 129.0
15 29 130.0 70.0
20 31 194.0 118.0
22 30 146.0 142.0
25 26 192.0 26.0
50 66 0.0 133.0
9 47 118.0 178.0
46 48 106.0 141.0
14 41 168.0 23.0
40 65 87.0 50.0
9 52 121.0 33.0
68 47 76.0 67.0
66 26 176.0 68.0
7 48 105.0 129.0
31 25 63.0 175.0
25 30 26.0 169.0
33 10 111.0 195.0
36 20 87.0 151.0
61 45 158.0 160.0
33 68 168.0 34.0
24 36 175.0 96.0
28 66 155.0 33.0
19 37 104.0 18.0
8 45 17.0 130.0
49 7 122.0 129.0
26 30 97.0 161.0
47 7 129.0 55.0
48 1 173.0 49.0
58 6 154.0 101.0
14 47 160.0 61.0
46 8 172.0 64.0
32 21 53.0 141.0
63 61 99.0 175.0
13 45 119.0 196.0
70 15 110.0 48.0
15 40 143.0 35.0
45 29 69.0 49.0
41 11 69.0 29.0
64 66 15.0 193.0
43 55 16.0 68.0
23 33 59.0 115.0
10 37 46.0 178.0
49 4 113.0 108.0
36 34 22.0 56.0
63 68 158.0 91.0
54 2 12.0 179.0
39 33 110.0 27.0
21 35 168.0 126.0
55 4 80.0 27.0
20 34 76.0 78.0
47 27 164.0 190.0
29 25 66.0 186.0
46 9 175.0 24.0
23 35 21.0 188.0
29 46 139.0 83.0
49 8 59.0 107.0
53 5 12.0 92.0
46 7 133.0 41.0
50 52 191.0 97.0
32 23 37.0 57.0
22 32 167.0 165.0
12 41 118.0 140.0
50 3 136.0 57.0
37 20 93.0 147.0
55 32 49.0 58.0
55 70 23.0 134.0
18 41 63.0 166.0
70 26 36.0 53.0
6 51 198.0 156.0
62 39 43.0 68.0
53 8 10.0 131.0
15 50 198.0 56.0
27 26 136.0 199.0
12 43 47.0 159.0
19 27 89.0 110.0
51 8 61.0 78.0
10 48 104.0 11.0
38 18 107.0 100.0
53 6 103.0 69.0
43 58 85.0 53.0
62 16 156.0 21.0
10 49 161.0 3.0
42 18 63.0 2.0
50 31 163.0 76.0
38 19 101.0 19.0
35 25 26.0 160.0
34 25 165.0 81.0
25 32 2.0 2.0
44 15 87.0 159.0
16 43 71.0 48.0
63 11 114.0 134.0
52 7 149.0 77.0
13 38 119.0 2.0
21 33 23.0 98.0
5 62 155.0 140.0
4 51 14.0 157.0
50 47 180.0 101.0
28 32 115.0 51.0
52 5 187.0 181.0
11 49 102.0 88.0
22 33 179.0 173.0
66 42 101.0 154.0
44 14 125.0 56.0
37 23 60.0 92.0
53 36 17.0 40.0
46 11 151.0 85.0
20 14 130.0 90.0
36 25 136.0 32.0
41 16 179.0 67.0
36 21 136.0 32.0
18 40 57.0 14.0
16 57 137.0 117.0
17 43 50.0 155.0
24 34 32.0 153.0
50 9 135.0 162.0
17 28 147.0 71.0
21 38 86.0 78.0
9 51 179.0 23.0
63 48 7.0 36.0
46 66 98.0 144.0
22 40 17.0 149.0
25 27 102.0 49.0
51 11 24.0 189.0
30 32 168.0 171.0
20 41 15.0 54.0
57 2 17.0 194.0
29 33 113.0 24.0
50 8 103.0 164.0
40 17 15.0 120.0
32 24 65.0 69.0
67 30 149.0 89.0
48 8 175.0 117.0
58 4 32.0 190.0
50 13 123.0 49.0
11 48 6.0 189.0
12 50 165.0 61.0
47 11 185.0 133.0
54 5 189.0 3.0
44 65 85.0 138.0
33 27 176.0 13.0
56 3 188.0 8.0
44 13 10.0 111.0
53 23 76.0 16.0
18 70 175.0 193.0
32 37 66.0 113.0
22 41 94.0 8.0
3 55 74.0 180.0
20 40 37.0 50.0
15 47 40.0 25.0
11 19 55.0 51.0
15 48 50.0 83.0
60 37 12.0 178.0
40 21 84.0 30.0
64 59 127.0 130.0
38 31 43.0 1.0
66 65 156.0 32.0
57 5 139.0 148.0
36 23 142.0 194.0
4 68 124.0 145.0
22 39 109.0 88.0
19 41 181.0 145.0
37 26 94.0 60.0
39 45 145.0 137.0
38 24 137.0 53.0
49 13 27.0 76.0
8 54 180.0 170.0
6 54 6.0 104.0
61 13 60.0 67.0
59 4 20.0 193.0
27 35 130.0 66.0
43 6 37.0 27.0
45 34 54.0 174.0
39 23 196.0 81.0
7 55 174.0 177.0
28 33 12.0 181.0
45 17 89.0 24.0
10 52 5.0 61.0
5 58 42.0 87.0
59 1 6.0 80.0
27 37 190.0 60.0
60 4 83.0 187.0
38 45 119.0 58.0
2 62 175.0 132.0
26 39 4.0 64.0
17 66 149.0 9.0
57 1 134.0 143.0
23 40 166.0 140.0
31 30 191.0 157.0
15 41 143.0 75.0
61 34 9.0 62.0
15 67 115.0 185.0
49 16 181.0 120.0
62 4 131.0 130.0
31 54 45.0 18.0
44 20 31.0 163.0
51 13 109.0 174.0
22 42 180.0 52.0
63 1 10.0 190.0
25 37 68.0 126.0
37 57 103.0 49.0
68 42 9.0 187.0
37 46 157.0 54.0
42 20 178.0 140.0
4 56 163.0 87.0
55 10 51.0 95.0
51 16 123.0 61.0
3 70 189.0 143.0
11 53 17.0 44.0
68 52 183.0 26.0
9 54 104.0 93.0
16 48 197.0 82.0
53 9 65.0 112.0
54 69 123.0 68.0
60 3 106.0 198.0
30 33 158.0 47.0
43 20 64.0 175.0
40 25 63.0 0.0
43 18 190.0 167.0
59 43 179.0 187.0
35 31 89.0 196.0
43 22 153.0 165.0
50 17 118.0 11.0
26 34 94.0 77.0
23 45 177.0 111.0
52 14 193.0 40.0
36 28 186.0 135.0
24 40 190.0 165.0
53 3 187.0 79.0
50 45 75.0 92.0
55 12 17.0 193.0
41 21 16.0 63.0
30 36 185.0 193.0
22 44 97.0 131.0
10 53 12.0 84.0
34 23 20.0 154.0
48 12 44.0 7.0
34 31 142.0 71.0
7 50 70.0 111.0
19 46 18.0 39.0
64 65 42.0 156.0
53 28 20.0 140.0
66 47 199.0 184.0
68 39 44.0 19.0
60 8 106.0 41.0
15 52 187.0 48.0
52 12 121.0 9.0
38 27 138.0 91.0
11 54 155.0 133.0
57 56 144.0 128.0
30 35 82.0 95.0
64 67 79.0 127.0
66 69 76.0 185.0
53 26 114.0 63.0
14 43 181.0 187.0
13 55 58.0 72.0
9 55 116.0 166.0
64 3 87.0 12.0
21 48 113.0 169.0
43 25 171.0 144.0
13 35 1.0 48.0
17 48 162.0 67.0
3 63 66.0 96.0
51 15 114.0 76.0
38 63 11.0 183.0
16 20 151.0 50.0
54 20 29.0 16.0
40 27 188.0 152.0
29 35 61.0 189.0
13 54 8.0 175.0
53 62 99.0 74.0
42 19 20.0 13.0
13 47 138.0 183.0
54 12 47.0 89.0
12 56 25.0 28.0
41 33 165.0 13.0
66 36 53.0 178.0
64 24 26.0 13.0
17 49 168.0 77.0
42 51 88.0 141.0
70 37 183.0 26.0
32 26 67.0 182.0
68 43 47.0 92.0
59 7 179.0 164.0
45 21 176.0 184.0
22 45 25.0 154.0
51 12 181.0 145.0
16 53 64.0 21.0
24 51 25.0 47.0
39 29 96.0 92.0
64 4 38.0 96.0
66 11 158.0 169.0
63 5 3.0 86.0
34 19 142.0 28.0
21 47 48.0 75.0
44 25 127.0 113.0
39 53 68.0 104.0
8 61 37.0 164.0
18 51 29.0 75.0
28 41 180.0 139.0
52 18 55.0 183.0
41 27 96.0 149.0
11 58 52.0 97.0
7 60 121.0 131.0
44 24 168.0 141.0
44 56 19.0 158.0
14 53 191.0 1.0
61 6 181.0 123.0
26 41 191.0 36.0
69 1 61.0 88.0
56 13 186.0 66.0
55 14 173.0 59.0
20 49 120.0 94.0
59 11 175.0 92.0
6 62 68.0 118.0
2 67 55.0 49.0
42 27 72.0 199.0
34 58 137.0 134.0
57 6 123.0 123.0
66 4 38.0 48.0
17 53 39.0 159.0
62 7 136.0 167.0
7 66 81.0 156.0
38 36 178.0 89.0
20 45 19.0 51.0
62 8 151.0 156.0
12 53 190.0 26.0
24 42 147.0 29.0
44 49 171.0 138.0
58 7 87.0 59.0
65 3 22.0 120.0
64 50 168.0 0.0
50 18 176.0 187.0
31 39 77.0 127.0
57 36 91.0 20.0
25 39 157.0 190.0
60 11 132.0 80.0
49 21 129.0 19.0
59 10 128.0 151.0
55 11 102.0 97.0
58 57 96.0 79.0
58 13 10.0 125.0
23 44 100.0 54.0
16 52 135.0 57.0
51 7 64.0 67.0
56 15 185.0 145.0
30 40 183.0 65.0
32 39 60.0 37.0
23 47 187.0 108.0
47 22 91.0 149.0
62 26 126.0 143.0
7 63 77.0 61.0
16 50 71.0 141.0
26 40 49.0 8.0
20 51 41.0 184.0
31 63 43.0 53.0
23 41 165.0 182.0
69 34 79.0 8.0
47 24 191.0 5.0
70 1 97.0 68.0
63 33 171.0 168.0
2 68 41.0 173.0
33 38 93.0 82.0
65 5 22.0 88.0
40 43 197.0 187.0
41 25 145.0 77.0
32 36 107.0 136.0
65 6 57.0 4.0
9 60 23.0 181.0
30 38 53.0 64.0
53 18 43.0 99.0
35 38 35.0 17.0
34 37 116.0 185.0
35 37 156.0 13.0
63 8 6.0 63.0
36 68 128.0 63.0
32 31 43.0 151.0
28 43 62.0 48.0
25 46 52.0 57.0
36 55 97.0 88.0
57 14 87.0 165.0
32 40 87.0 43.0
54 19 184.0 45.0
66 10 68.0 112.0
57 13 56.0 63.0
42 29 98.0 70.0
5 67 146.0 151.0
68 6 135.0 195.0
12 57 7.0 174.0
41 30 17.0 46.0
21 52 152.0 153.0
7 61 58.0 172.0
2 70 18.0 66.0
14 60 158.0 116.0
58 18 72.0 56.0
27 43 178.0 160.0
64 55 101.0 185.0
56 17 179.0 70.0
20 53 29.0 84.0
17 55 179.0 39.0
53 27 191.0 197.0
65 1 114.0 149.0
45 28 96.0 186.0
11 62 171.0 74.0
4 67 137.0 24.0
47 19 120.0 68.0
50 20 119.0 101.0
48 26 53.0 50.0
14 59 193.0 196.0
25 49 151.0 107.0
35 46 62.0 199.0
26 47 177.0 185.0
35 39 34.0 66.0
25 50 180.0 106.0
53 19 48.0 99.0
68 51 146.0 53.0
6 64 16.0 139.0
27 45 152.0 119.0
54 10 139.0 14.0
64 8 135.0 68.0
33 40 119.0 169.0
36 37 108.0 51.0
69 6 181.0 108.0
66 8 155.0 127.0
52 22 108.0 123.0
70 5 12.0 60.0
50 22 58.0 151.0
70 11 41.0 145.0
42 31 127.0 112.0
46 28 23.0 35.0
67 46 119.0 157.0
37 39 18.0 26.0
51 23 119.0 78.0
55 29 57.0 131.0
4 70 45.0 68.0
68 7 161.0 86.0
49 24 69.0 89.0
44 30 180.0 45.0
20 55 180.0 52.0
65 11 141.0 151.0
30 43 124.0 61.0
8 65 188.0 133.0
13 60 34.0 34.0
12 61 95.0 196.0
36 39 89.0 116.0
66 24 141.0 21.0
63 12 106.0 122.0
62 12 36.0 47.0
16 59 78.0 112.0
60 17 32.0 67.0
38 54 14.0 67.0
68 5 52.0 109.0
55 26 21.0 141.0
40 37 6.0 163.0
28 47 196.0 112.0
7 69 20.0 32.0
33 42 25.0 99.0
36 41 37.0 10.0
43 32 48.0 3.0
63 14 0.0 53.0
45 24 180.0 173.0
51 19 2.0 139.0
36 42 91.0 198.0
50 24 136.0 112.0
15 58 117.0 113.0
59 17 52.0 106.0
6 70 148.0 52.0
47 30 63.0 100.0
60 10 65.0 195.0
13 64 40.0 67.0
48 29 53.0 131.0
68 46 176.0 141.0
49 66 191.0 94.0
60 12 35.0 195.0
19 57 187.0 135.0
31 36 109.0 2.0
43 39 176.0 175.0
45 35 22.0 16.0
11 43 109.0 76.0
56 68 6.0 86.0
32 44 155.0 149.0
61 14 98.0 142.0
26 50 2.0 38.0
34 43 127.0 64.0
56 19 75.0 104.0
8 69 46.0 49.0
46 31 20.0 155.0
28 48 119.0 178.0
64 38 10.0 26.0
5 69 169.0 108.0
10 68 111.0 124.0
40 59 129.0 39.0
15 60 164.0 156.0
40 39 140.0 162.0
63 16 178.0 112.0
56 22 189.0 50.0
46 32 194.0 199.0
61 15 195.0 163.0
21 55 97.0 106.0
62 15 6.0 26.0
63 44 160.0 123.0
12 66 24.0 52.0
68 55 171.0 3.0
61 18 175.0 112.0
52 32 30.0 169.0
8 67 128.0 25.0
34 42 152.0 25.0
32 33 126.0 110.0
38 40 80.0 38.0
21 56 82.0 56.0
65 12 12.0 5.0
50 29 50.0 187.0
31 70 103.0 80.0
45 57 118.0 183.0
15 64 123.0 22.0
41 37 56.0 1.0
19 70 93.0 88.0
9 69 135.0 176.0
51 28 172.0 147.0
62 28 31.0 174.0
64 16 190.0 134.0
54 29 55.0 60.0
32 47 196.0 130.0
17 61 86.0 4.0
22 54 53.0 132.0
59 19 144.0 140.0
22 61 92.0 69.0
58 12 75.0 124.0
40 36 163.0 17.0
67 13 159.0 170.0
57 22 80.0 107.0
36 44 60.0 119.0
63 17 144.0 113.0
65 15 0.0 40.0
55 24 125.0 45.0
54 26 107.0 0.0
70 48 60.0 23.0
47 64 111.0 171.0
47 52 135.0 191.0
34 46 50.0 196.0
23 57 72.0 194.0
48 33 65.0 25.0
65 17 153.0 190.0
67 12 122.0 60.0
43 37 110.0 182.0
38 42 27.0 21.0
68 23 31.0 163.0
49 32 188.0 33.0
12 68 40.0 13.0
48 32 62.0 105.0
51 59 51.0 167.0
44 37 54.0 173.0
62 13 44.0 164.0
41 38 55.0 71.0
52 29 176.0 38.0
48 35 118.0 117.0
52 51 65.0 110.0
51 46 180.0 79.0
46 17 158.0 183.0
63 19 41.0 12.0
50 33 134.0 37.0
68 14 166.0 189.0
65 18 144.0 95.0
21 58 151.0 14.0
20 61 14.0 169.0
59 23 155.0 146.0
50 70 25.0 65.0
17 64 6.0 18.0
34 47 174.0 92.0
56 26 114.0 93.0
18 63 114.0 59.0
31 47 46.0 65.0
27 55 90.0 60.0
18 57 138.0 197.0
52 31 76.0 163.0
10 69 2.0 34.0
1 68 7.0 128.0
54 30 23.0 122.0
31 49 17.0 137.0
30 48 156.0 15.0
56 14 80.0 198.0
25 57 72.0 18.0
38 37 7.0 149.0
9 68 158.0 161.0
65 10 23.0 117.0
25 59 81.0 46.0
51 31 131.0 50.0
69 14 31.0 39.0
38 46 79.0 63.0
45 32 149.0 151.0
23 58 136.0 108.0
29 51 50.0 94.0
53 64 79.0 26.0
26 57 127.0 112.0
57 28 146.0 10.0
61 23 74.0 129.0
17 67 26.0 105.0
38 44 191.0 127.0
32 56 49.0 127.0
48 54 121.0 52.0
47 49 91.0 1.0
60 22 110.0 171.0
33 53 161.0 56.0
30 53 23.0 36.0
41 45 154.0 1.0
11 61 164.0 97.0
43 41 125.0 13.0
50 38 38.0 47.0
9 58 150.0 81.0
36 48 46.0 60.0
35 47 121.0 159.0
14 70 136.0 97.0
47 38 191.0 90.0
68 18 47.0 155.0
45 52 66.0 172.0
43 38 186.0 104.0
66 15 141.0 88.0
64 22 128.0 187.0
46 39 176.0 1.0
52 34 87.0 64.0
60 24 128.0 78.0
62 22 11.0 175.0
51 35 149.0 77.0
53 31 146.0 87.0
38 49 60.0 87.0
20 65 45.0 140.0
25 60 171.0 21.0
63 26 141.0 58.0
53 59 190.0 69.0
20 63 85.0 1.0
22 63 119.0 187.0
52 30 186.0 65.0
39 44 78.0 198.0
50 60 104.0 75.0
31 55 177.0 75.0
59 26 30.0 71.0
27 57 48.0 21.0
67 19 185.0 86.0
63 24 120.0 56.0
70 16 101.0 58.0
67 28 158.0 131.0
51 33 133.0 62.0
44 42 94.0 62.0
66 54 149.0 125.0
34 55 115.0 198.0
58 26 77.0 52.0
30 59 160.0 150.0
30 56 160.0 14.0
62 10 165.0 118.0
36 46 64.0 98.0
65 21 150.0 111.0
41 46 72.0 99.0
51 37 6.0 139.0
34 53 146.0 84.0
24 62 185.0 107.0
10 63 12.0 145.0
63 23 27.0 177.0
53 35 170.0 91.0
68 17 187.0 120.0
44 43 76.0 12.0
57 29 106.0 35.0
35 52 146.0 53.0
45 42 51.0 131.0
47 37 3.0 63.0
22 66 87.0 30.0
67 20 66.0 57.0
57 32 123.0 53.0
65 25 169.0 151.0
30 58 64.0 76.0
38 60 114.0 10.0
65 23 26.0 166.0
47 39 62.0 181.0
55 45 147.0 149.0
41 47 170.0 13.0
8 10 35.0 93.0
48 42 157.0 5.0
25 62 41.0 21.0
56 34 155.0 155.0
37 64 48.0 133.0
60 29 29.0 110.0
40 47 172.0 129.0
26 65 56.0 143.0
29 61 54.0 92.0
31 58 169.0 11.0
40 50 44.0 162.0
49 35 47.0 199.0
30 57 198.0 47.0
33 55 133.0 179.0
70 61 187.0 57.0
43 45 172.0 195.0
62 48 126.0 26.0
39 51 18.0 47.0
26 64 48.0 14.0
28 55 126.0 95.0
60 55 152.0 76.0
65 24 22.0 37.0
60 28 23.0 161.0
61 32 188.0 195.0
23 69 132.0 66.0
45 47 91.0 103.0
59 32 10.0 139.0
58 28 36.0 136.0
61 30 133.0 188.0
64 28 136.0 107.0
64 23 119.0 159.0
60 31 172.0 107.0
62 32 92.0 57.0
29 58 171.0 183.0
68 24 16.0 181.0
41 61 141.0 53.0
53 44 102.0 26.0
43 46 91.0 38.0
64 30 129.0 10.0
60 32 184.0 102.0
69 26 90.0 29.0
62 65 4.0 61.0
20 70 99.0 21.0
45 65 147.0 192.0
50 69 38.0 1.0
61 27 56.0 81.0
53 37 197.0 186.0
54 21 11.0 134.0
70 17 174.0 53.0
55 38 118.0 178.0
42 52 125.0 18.0
57 35 45.0 72.0
64 27 84.0 35.0
63 30 7.0 141.0
22 70 129.0 156.0
66 27 22.0 140.0
70 23 85.0 148.0
42 47 119.0 3.0
30 60 55.0 44.0
67 22 117.0 100.0
64 19 159.0 1.0
25 67 21.0 118.0
65 31 196.0 150.0
48 53 75.0 170.0
36 54 198.0 160.0
61 33 75.0 118.0
51 41 73.0 130.0
50 43 29.0 190.0
62 29 180.0 140.0
53 45 115.0 1.0
39 58 107.0 64.0
60 35 134.0 182.0
25 70 150.0 84.0
61 55 99.0 25.0
70 56 4.0 172.0
66 31 161.0 185.0
55 41 199.0 141.0
21 67 126.0 67.0
70 24 145.0 34.0
62 36 70.0 31.0
44 48 25.0 172.0
48 38 139.0 124.0
33 58 195.0 95.0
62 30 123.0 109.0
35 58 46.0 75.0
13 65 144.0 173.0
61 36 142.0 90.0
68 28 94.0 165.0
64 25 60.0 119.0
48 50 144.0 151.0
70 12 5.0 139.0
38 59 189.0 81.0
54 45 148.0 36.0
67 32 75.0 93.0
44 52 151.0 169.0
57 42 198.0 46.0
57 41 111.0 58.0
64 34 4.0 55.0
50 46 40.0 162.0
52 36 150.0 29.0
57 43 49.0 50.0
39 57 50.0 76.0
36 63 39.0 154.0
41 59 156.0 37.0
60 68 182.0 67.0
29 68 17.0 139.0
43 52 119.0 9.0
66 30 95.0 21.0
30 68 138.0 96.0
38 58 150.0 141.0
60 36 101.0 141.0
37 59 68.0 57.0
67 33 185.0 3.0
61 43 123.0 2.0
61 40 139.0 194.0
70 27 162.0 186.0
46 52 7.0 100.0
31 68 175.0 157.0
58 44 87.0 29.0
40 46 157.0 108.0
70 28 65.0 143.0
52 49 48.0 140.0
36 65 63.0 187.0
63 37 191.0 25.0
67 35 13.0 150.0
33 66 159.0 188.0
42 59 91.0 199.0
65 38 171.0 48.0
69 62 71.0 188.0
64 32 150.0 119.0
34 66 119.0 13.0
31 69 190.0 62.0
55 48 138.0 3.0
55 47 87.0 50.0
46 54 169.0 178.0
62 40 174.0 140.0
62 41 11.0 197.0
33 69 129.0 161.0
63 39 109.0 0.0
19 66 135.0 99.0
60 45 155.0 26.0
67 36 158.0 42.0
50 53 33.0 79.0
39 48 25.0 159.0
57 44 165.0 36.0
41 58 102.0 47.0
53 51 143.0 11.0
46 58 41.0 30.0
69 32 113.0 148.0
44 61 113.0 24.0
56 47 18.0 98.0
46 47 79.0 43.0
46 33 141.0 44.0
60 44 159.0 43.0
49 54 105.0 54.0
39 67 184.0 98.0
55 50 82.0 50.0
59 45 105.0 195.0
34 70 4.0 123.0
63 40 21.0 83.0
63 42 35.0 162.0
40 64 14.0 194.0
62 44 33.0 119.0
51 54 131.0 17.0
60 47 53.0 13.0
48 58 23.0 158.0
46 62 62.0 27.0
69 36 7.0 83.0
66 37 66.0 42.0
50 51 120.0 81.0
38 68 124.0 153.0
43 51 34.0 7.0
42 49 188.0 39.0
70 33 93.0 11.0
56 54 89.0 155.0
61 46 148.0 96.0
51 57 145.0 15.0
63 46 70.0 17.0
41 60 18.0 146.0
56 38 188.0 4.0
70 39 12.0 128.0
50 57 130.0 105.0
53 43 39.0 171.0
65 50 145.0 188.0
48 60 142.0 42.0
69 43 51.0 12.0
57 49 28.0 22.0
63 57 190.0 169.0
53 54 168.0 3.0
66 40 23.0 50.0
43 62 29.0 14.0
48 64 103.0 174.0
49 60 8.0 46.0
41 66 10.0 12.0
62 51 81.0 39.0
62 45 187.0 71.0
45 66 198.0 155.0
69 42 64.0 173.0
58 50 20.0 46.0
58 51 100.0 124.0
38 70 17.0 60.0
70 44 197.0 179.0
49 59 23.0 78.0
54 47 140.0 10.0
42 61 119.0 138.0
41 70 55.0 184.0
55 57 98.0 27.0
61 48 143.0 198.0
51 55 54.0 112.0
42 62 46.0 51.0
49 43 193.0 69.0
35 61 64.0 133.0
69 46 176.0 136.0
61 51 195.0 31.0
42 53 8.0 94.0
70 45 35.0 152.0
60 51 43.0 41.0
55 62 123.0 89.0
58 54 63.0 116.0
47 58 41.0 79.0
62 57 16.0 17.0
44 68 93.0 11.0
64 31 173.0 102.0
66 53 109.0 160.0
62 38 131.0 104.0
58 52 126.0 6.0
57 60 196.0 189.0
59 56 51.0 38.0
53 57 75.0 19.0
53 61 19.0 169.0
65 42 94.0 192.0
63 58 99.0 156.0
69 44 105.0 182.0
68 49 61.0 31.0
68 34 137.0 58.0
56 69 29.0 189.0
43 56 111.0 56.0
65 55 184.0 130.0
62 60 125.0 78.0
60 61 37.0 177.0
66 59 53.0 143.0
60 53 10.0 66.0
58 60 140.0 148.0
58 62 28.0 121.0
67 40 193.0 91.0
69 47 3.0 177.0
69 55 179.0 81.0
63 64 41.0 169.0
57 59 117.0 46.0
59 62 137.0 80.0
58 66 113.0 29.0
61 64 70.0 93.0
65 69 35.0 15.0
33 60 111.0 190.0
66 62 146.0 43.0
58 61 51.0 187.0
60 67 114.0 168.0
43 47 86.0 4.0
49 62 49.0 0.0
65 68 16.0 72.0
51 66 141.0 3.0
4 50 136.0 5.0
63 59 98.0 82.0
66 67 136.0 149.0
51 44 103.0 2.0
59 52 99.0 190.0
70 62 128.0 148.0
19 48 114.0 96.0
56 65 44.0 7.0
53 69 61.0 180.0
51 63 120.0 160.0
61 65 41.0 8.0
62 68 50.0 144.0
60 66 161.0 149.0
39 66 160.0 41.0
69 67 34.0 74.0
67 49 137.0 78.0
50 62 106.0 198.0
70 60 107.0 179.0
65 63 199.0 148.0
64 44 72.0 49.0
59 65 55.0 185.0
16 69 174.0 15.0
46 70 161.0 8.0
2 5 121.0 98.0
70 66 120.0 27.0
67 57 27.0 179.0
69 70 48.0 26.0
21 66 102.0 120.0
66 20 178.0 158.0
65 37 57.0 104.0
59 69 42.0 18.0
68 66 198.0 115.0
27 50 172.0 118.0
70 68 47.0 199.0
40 69 52.0 95.0
51 70 136.0 154.0
55 59 63.0 66.0
26 68 109.0 120.0
61 54 186.0 103.0
10 45 124.0 184.0
20 33 13.0 96.0
47 65 185.0 60.0
54 67 134.0 37.0
48 66 150.0 70.0
54 70 150.0 165.0
36 70 95.0 59.0
68 64 184.0 81.0
4 2 196.0 108.0
57 65 81.0 10.0
63 60 133.0 66.0
15 59 102.0 68.0
52 70 55.0 4.0
56 53 39.0 5.0
17 25 183.0 135.0
0
