79 3081 10 11 188606
71 31 82.0 63.0
23 28 113.0 92.0
6 17 29.0 72.0
42 32 122.0 91.0
39 12 183.0 184.0
77 21 185.0 50.0
22 61 102.0 53.0
76 22 180.0 151.0
27 70 160.0 14.0
18 75 144.0 25.0
12 72 112.0 126.0
25 26 115.0 34.0
37 65 135.0 50.0
60 42 0.0 120.0
23 8 100.0 102.0
29 26 151.0 32.0
16 74 185.0 63.0
44 43 60.0 82.0
36 1 113.0 172.0
26 59 54.0 180.0
19 35 108.0 189.0
76 18 17.0 108.0
25 55 137.0 69.0
1 28 92.0 40.0
76 4 107.0 29.0
47 29 130.0 168.0
4 23 105.0 195.0
2 8 181.0 159.0
42 9 39.0 90.0
26 73 147.0 8.0
2 9 186.0 36.0
50 2 183.0 78.0
59 67 76.0 42.0
71 51 146.0 158.0
74 18 106.0 51.0
25 69 189.0 88.0
77 63 23.0 28.0
56 9 98.0 122.0
6 20 150.0 84.0
21 41 72.0 85.0
3 33 192.0 149.0
4 7 145.0 139.0
79 70 45.0 52.0
60 67 167.0 35.0
50 67 54.0 191.0
75 22 23.0 152.0
41 26 116.0 126.0
41 2 172.0 189.0
34 40 86.0 116.0
46 29 162.0 183.0
20 36 55.0 8.0
23 33 53.0 174.0
74 6 119.0 108.0
28 22 159.0 94.0
23 25 199.0 76.0
27 10 131.0 123.0
49 14 56.0 169.0
42 61 197.0 19.0
17 3 172.0 4.0
10 66 88.0 25.0
71 4 79.0 159.0
26 43 147.0 191.0
67 61 114.0 146.0
45 8 95.0 198.0
75 20 109.0 151.0
1 66 13.0 59.0
43 28 179.0 137.0
68 42 91.0 20.0
46 53 146.0 122.0
70 10 164.0 93.0
70 48 72.0 78.0
30 19 75.0 119.0
14 1 116.0 137.0
66 5 151.0 81.0
7 41 158.0 130.0
58 7 133.0 1.0
35 3 67.0 31.0
8 10 177.0 31.0
4 53 33.0 2.0
46 64 86.0 60.0
64 44 42.0 155.0
48 3 61.0 193.0
44 60 92.0 171.0
42 54 12.0 177.0
31 42 188.0 79.0
3 9 55.0 166.0
55 66 167.0 40.0
50 42 138.0 6.0
60 23 4.0 132.0
25 14 108.0 17.0
73 57 82.0 152.0
31 62 159.0 94.0
24 31 77.0 100.0
33 53 18.0 85.0
39 30 179.0 137.0
71 57 37.0 69.0
79 2 6.0 41.0
69 62 135.0 114.0
39 56 158.0 17.0
38 3 38.0 69.0
3 7 83.0 115.0
55 53 125.0 53.0
4 24 112.0 57.0
2 69 190.0 149.0
46 79 110.0 196.0
61 71 198.0 45.0
47 15 78.0 108.0
17 67 21.0 68.0
69 48 87.0 104.0
75 5 118.0 12.0
3 30 185.0 31.0
74 43 28.0 128.0
18 62 75.0 90.0
28 42 69.0 26.0
31 35 182.0 100.0
22 19 164.0 3.0
41 28 193.0 51.0
7 13 19.0 111.0
43 3 185.0 5.0
21 50 150.0 165.0
7 74 149.0 177.0
11 33 46.0 170.0
68 32 106.0 180.0
51 52 95.0 22.0
54 55 114.0 88.0
68 58 126.0 134.0
35 60 121.0 63.0
5 17 185.0 23.0
11 28 179.0 134.0
60 78 150.0 177.0
5 74 70.0 9.0
21 57 88.0 166.0
8 39 50.0 2.0
71 48 101.0 176.0
3 21 51.0 174.0
37 73 54.0 37.0
75 66 11.0 185.0
39 5 12.0 114.0
78 6 14.0 82.0
62 10 67.0 54.0
24 73 61.0 117.0
16 68 125.0 114.0
63 22 7.0 128.0
69 46 94.0 14.0
33 9 173.0 57.0
13 12 35.0 137.0
12 3 57.0 50.0
67 47 27.0 76.0
40 32 163.0 41.0
74 70 132.0 88.0
66 48 139.0 139.0
15 68 79.0 33.0
77 28 67.0 52.0
39 77 165.0 103.0
5 12 134.0 174.0
21 51 179.0 162.0
15 3 92.0 142.0
47 60 11.0 24.0
28 2 36.0 150.0
70 77 78.0 115.0
25 51 145.0 97.0
48 75 176.0 110.0
49 76 171.0 62.0
23 41 35.0 150.0
18 66 194.0 79.0
46 55 176.0 5.0
32 6 144.0 13.0
3 73 174.0 22.0
19 63 14.0 120.0
59 57 81.0 142.0
29 77 106.0 4.0
38 76 17.0 93.0
62 51 176.0 163.0
1 13 199.0 153.0
18 32 71.0 143.0
79 40 103.0 45.0
78 11 61.0 69.0
68 43 119.0 94.0
15 31 6.0 177.0
27 66 108.0 23.0
12 22 24.0 84.0
11 1 134.0 23.0
39 47 10.0 5.0
61 47 177.0 113.0
58 11 172.0 190.0
53 45 19.0 43.0
75 53 45.0 26.0
14 46 38.0 153.0
9 7 94.0 62.0
50 56 39.0 180.0
16 5 97.0 49.0
45 79 12.0 74.0
10 24 147.0 184.0
43 4 190.0 166.0
56 68 193.0 187.0
10 15 182.0 31.0
57 2 158.0 28.0
33 25 143.0 149.0
22 58 38.0 192.0
57 22 113.0 50.0
45 30 138.0 60.0
33 78 116.0 80.0
42 3 165.0 110.0
17 71 91.0 99.0
48 74 126.0 2.0
73 60 187.0 69.0
39 14 14.0 25.0
10 44 117.0 79.0
48 6 84.0 7.0
59 5 89.0 0.0
12 1 19.0 54.0
8 68 199.0 110.0
37 16 121.0 125.0
76 59 118.0 108.0
72 26 41.0 84.0
44 61 32.0 158.0
66 15 21.0 116.0
73 2 15.0 62.0
18 31 191.0 186.0
73 44 54.0 142.0
60 29 81.0 127.0
8 31 174.0 199.0
31 14 90.0 15.0
49 11 103.0 122.0
79 50 0.0 76.0
26 16 93.0 167.0
21 46 181.0 36.0
64 16 66.0 187.0
19 5 163.0 147.0
35 9 77.0 89.0
77 36 133.0 119.0
46 42 26.0 188.0
66 7 194.0 178.0
22 36 115.0 39.0
56 72 155.0 48.0
62 54 156.0 174.0
58 28 106.0 119.0
37 8 58.0 184.0
43 62 199.0 191.0
25 6 32.0 177.0
12 18 57.0 178.0
53 3 6.0 172.0
49 5 4.0 161.0
33 22 62.0 160.0
50 13 133.0 168.0
74 1 8.0 191.0
63 18 9.0 7.0
23 55 15.0 41.0
72 74 95.0 72.0
76 40 188.0 101.0
19 40 130.0 192.0
37 61 63.0 192.0
48 65 80.0 196.0
65 6 177.0 88.0
77 26 44.0 186.0
1 27 26.0 11.0
21 20 142.0 73.0
59 38 155.0 82.0
77 10 194.0 85.0
45 10 172.0 57.0
49 6 8.0 52.0
11 6 122.0 186.0
6 36 26.0 166.0
62 61 104.0 4.0
55 42 198.0 198.0
54 4 47.0 105.0
68 33 142.0 42.0
17 24 164.0 114.0
30 76 1.0 172.0
56 25 5.0 123.0
36 30 35.0 31.0
66 17 136.0 92.0
1 16 19.0 87.0
47 5 182.0 67.0
37 67 60.0 76.0
65 63 65.0 24.0
59 7 176.0 19.0
6 56 142.0 181.0
7 37 59.0 130.0
28 29 17.0 147.0
71 7 187.0 188.0
12 74 18.0 121.0
36 64 29.0 79.0
47 59 106.0 94.0
40 15 64.0 82.0
71 32 96.0 6.0
68 40 133.0 107.0
43 55 175.0 102.0
62 14 172.0 114.0
62 15 15.0 190.0
53 37 31.0 196.0
71 79 81.0 137.0
69 6 116.0 145.0
37 58 121.0 164.0
72 54 103.0 54.0
4 66 70.0 78.0
54 37 98.0 42.0
26 49 118.0 65.0
60 18 35.0 101.0
72 67 60.0 117.0
72 53 103.0 128.0
6 26 63.0 176.0
13 8 144.0 118.0
32 78 91.0 15.0
10 25 73.0 190.0
73 45 153.0 143.0
63 56 21.0 140.0
18 56 103.0 33.0
30 55 46.0 6.0
1 44 24.0 109.0
13 3 56.0 168.0
68 48 68.0 147.0
73 67 139.0 141.0
33 21 14.0 44.0
51 69 21.0 187.0
45 5 170.0 124.0
59 14 194.0 17.0
32 41 133.0 18.0
5 3 185.0 141.0
61 58 67.0 5.0
46 59 27.0 6.0
1 34 168.0 193.0
23 37 134.0 142.0
16 66 141.0 105.0
55 45 69.0 135.0
60 10 114.0 2.0
22 5 165.0 52.0
38 32 66.0 184.0
12 50 43.0 45.0
4 48 134.0 163.0
59 51 74.0 68.0
13 28 177.0 15.0
47 45 8.0 46.0
29 75 98.0 74.0
54 53 32.0 16.0
6 37 196.0 98.0
61 20 89.0 191.0
67 14 103.0 23.0
40 56 40.0 177.0
58 57 25.0 17.0
76 65 101.0 33.0
60 20 113.0 152.0
2 13 26.0 97.0
38 36 112.0 174.0
6 12 177.0 153.0
59 72 187.0 80.0
23 78 94.0 27.0
30 8 153.0 119.0
48 57 180.0 6.0
77 50 102.0 45.0
26 58 47.0 80.0
68 7 134.0 111.0
52 11 146.0 111.0
8 12 166.0 86.0
46 44 12.0 13.0
27 30 178.0 117.0
6 4 105.0 158.0
72 34 161.0 159.0
20 1 142.0 160.0
72 10 120.0 76.0
74 2 33.0 66.0
49 48 94.0 151.0
13 55 184.0 58.0
4 8 142.0 114.0
58 29 134.0 199.0
37 44 31.0 47.0
10 4 146.0 173.0
33 43 174.0 66.0
19 13 130.0 159.0
61 54 111.0 176.0
30 69 132.0 47.0
25 68 62.0 26.0
21 1 166.0 149.0
10 49 84.0 149.0
19 77 42.0 182.0
40 28 123.0 168.0
15 2 73.0 5.0
9 8 73.0 136.0
14 78 26.0 5.0
7 10 82.0 40.0
6 47 95.0 48.0
17 7 198.0 131.0
4 16 101.0 192.0
3 14 197.0 24.0
64 19 134.0 71.0
43 20 178.0 159.0
14 4 39.0 156.0
52 60 59.0 121.0
3 47 28.0 154.0
19 1 95.0 26.0
5 4 111.0 149.0
74 24 76.0 109.0
43 64 69.0 162.0
20 2 186.0 47.0
26 27 90.0 178.0
62 17 42.0 149.0
64 26 196.0 22.0
77 34 92.0 91.0
20 72 6.0 3.0
17 51 73.0 82.0
10 16 192.0 94.0
58 76 61.0 130.0
23 69 153.0 151.0
61 36 85.0 147.0
36 74 50.0 81.0
3 79 140.0 142.0
47 8 83.0 98.0
12 4 110.0 108.0
24 30 151.0 54.0
26 45 50.0 12.0
11 3 157.0 3.0
77 46 124.0 194.0
2 12 194.0 174.0
3 6 69.0 86.0
71 1 175.0 104.0
9 10 44.0 38.0
39 23 167.0 147.0
42 19 179.0 17.0
60 11 42.0 88.0
56 78 100.0 118.0
67 7 14.0 46.0
16 77 125.0 35.0
77 30 32.0 53.0
39 78 126.0 28.0
21 75 69.0 45.0
68 75 162.0 0.0
6 52 14.0 156.0
50 46 34.0 66.0
52 65 30.0 0.0
62 26 112.0 107.0
55 4 87.0 144.0
2 25 43.0 13.0
74 54 140.0 64.0
49 18 58.0 54.0
21 2 76.0 24.0
4 9 58.0 110.0
27 40 150.0 40.0
65 38 82.0 62.0
17 30 63.0 169.0
18 3 135.0 58.0
20 24 112.0 27.0
41 13 139.0 122.0
49 57 31.0 15.0
19 71 48.0 89.0
6 40 94.0 198.0
53 21 89.0 128.0
25 40 6.0 104.0
60 51 71.0 94.0
15 4 24.0 135.0
18 33 46.0 115.0
10 35 50.0 30.0
1 37 2.0 98.0
52 27 30.0 48.0
4 17 33.0 71.0
21 49 104.0 39.0
20 19 176.0 127.0
78 16 10.0 152.0
24 69 132.0 8.0
78 43 12.0 182.0
1 5 63.0 166.0
32 5 142.0 45.0
40 14 169.0 127.0
6 9 134.0 25.0
9 65 59.0 110.0
55 49 191.0 69.0
13 53 134.0 76.0
16 42 82.0 146.0
47 41 76.0 97.0
45 17 175.0 170.0
7 12 54.0 144.0
11 26 69.0 188.0
65 68 194.0 129.0
37 76 97.0 137.0
9 12 153.0 31.0
12 42 171.0 187.0
3 76 25.0 47.0
13 60 38.0 0.0
55 72 84.0 44.0
18 27 92.0 154.0
15 9 98.0 38.0
5 11 118.0 195.0
6 28 117.0 23.0
69 47 52.0 40.0
18 29 27.0 77.0
9 70 76.0 17.0
11 10 191.0 160.0
57 7 127.0 35.0
15 55 39.0 25.0
65 40 93.0 157.0
42 40 9.0 162.0
7 11 142.0 61.0
62 40 50.0 169.0
30 2 94.0 126.0
32 57 92.0 37.0
64 24 6.0 19.0
53 74 49.0 45.0
9 69 22.0 143.0
29 68 181.0 183.0
23 26 53.0 123.0
65 14 8.0 103.0
69 29 77.0 102.0
7 48 125.0 169.0
2 17 12.0 83.0
55 11 8.0 61.0
54 63 26.0 30.0
27 8 178.0 7.0
33 52 49.0 183.0
40 53 156.0 57.0
6 2 40.0 33.0
62 27 117.0 117.0
33 70 182.0 81.0
55 51 173.0 142.0
7 14 17.0 199.0
59 49 98.0 147.0
21 7 118.0 147.0
59 17 142.0 74.0
31 7 21.0 134.0
33 45 59.0 90.0
5 9 95.0 193.0
36 66 69.0 20.0
38 74 148.0 38.0
18 9 123.0 47.0
69 12 189.0 41.0
29 32 122.0 131.0
13 76 141.0 96.0
16 65 130.0 152.0
50 57 128.0 25.0
9 13 45.0 197.0
45 29 148.0 193.0
12 79 39.0 71.0
12 19 42.0 180.0
25 57 60.0 116.0
29 44 150.0 153.0
30 38 61.0 81.0
69 52 141.0 189.0
48 8 122.0 186.0
7 1 97.0 23.0
4 20 63.0 88.0
38 75 196.0 57.0
27 77 13.0 57.0
41 51 137.0 116.0
63 13 24.0 150.0
64 2 64.0 166.0
9 16 106.0 138.0
74 44 113.0 155.0
39 66 23.0 128.0
36 71 149.0 20.0
43 57 2.0 115.0
2 11 60.0 140.0
23 71 139.0 84.0
73 71 163.0 3.0
8 63 95.0 70.0
6 13 167.0 160.0
25 17 38.0 191.0
62 49 195.0 140.0
26 9 183.0 197.0
9 1 18.0 43.0
72 52 66.0 157.0
43 40 189.0 181.0
77 11 62.0 37.0
50 30 154.0 182.0
21 54 73.0 145.0
1 15 80.0 20.0
34 5 178.0 63.0
59 64 143.0 196.0
11 13 69.0 161.0
52 2 25.0 11.0
12 29 31.0 40.0
14 2 92.0 138.0
64 39 83.0 117.0
64 33 60.0 115.0
12 28 119.0 38.0
12 60 24.0 63.0
4 21 110.0 94.0
57 52 170.0 135.0
9 11 54.0 153.0
21 34 144.0 98.0
72 42 94.0 27.0
2 18 118.0 154.0
21 16 110.0 37.0
50 70 70.0 135.0
22 3 148.0 132.0
54 25 143.0 118.0
6 18 192.0 149.0
79 76 42.0 137.0
38 25 26.0 136.0
9 14 84.0 144.0
65 15 70.0 194.0
6 22 63.0 92.0
5 8 100.0 11.0
34 46 86.0 43.0
12 41 21.0 79.0
37 60 113.0 63.0
5 30 95.0 139.0
11 16 86.0 179.0
5 78 154.0 156.0
20 47 22.0 169.0
56 15 68.0 122.0
60 21 169.0 106.0
61 78 56.0 142.0
33 34 190.0 169.0
38 70 57.0 85.0
35 14 167.0 95.0
66 70 54.0 122.0
37 13 181.0 76.0
27 44 39.0 1.0
64 31 132.0 160.0
2 4 150.0 140.0
37 2 171.0 140.0
6 16 120.0 180.0
17 55 42.0 39.0
20 41 36.0 48.0
54 36 181.0 169.0
54 47 49.0 21.0
77 9 122.0 181.0
66 72 97.0 25.0
73 8 159.0 68.0
7 8 42.0 79.0
25 1 107.0 36.0
18 41 141.0 95.0
51 46 142.0 74.0
67 3 64.0 191.0
8 15 17.0 138.0
10 54 83.0 115.0
5 14 176.0 42.0
17 58 12.0 171.0
34 52 79.0 119.0
67 44 6.0 20.0
10 63 170.0 100.0
65 23 123.0 186.0
40 52 164.0 141.0
2 48 73.0 199.0
38 45 127.0 1.0
77 3 162.0 139.0
8 14 176.0 41.0
2 24 161.0 135.0
61 41 155.0 131.0
64 48 94.0 79.0
75 70 186.0 59.0
13 77 75.0 59.0
18 17 70.0 155.0
74 20 117.0 184.0
8 16 35.0 45.0
5 13 5.0 197.0
60 30 47.0 160.0
78 48 144.0 141.0
13 14 95.0 130.0
66 56 167.0 123.0
72 49 186.0 189.0
43 72 182.0 55.0
49 79 96.0 169.0
43 21 1.0 53.0
26 10 149.0 48.0
33 8 168.0 93.0
75 39 9.0 16.0
15 69 69.0 128.0
12 11 93.0 56.0
4 3 148.0 27.0
6 53 198.0 196.0
14 12 114.0 199.0
66 37 67.0 63.0
6 8 188.0 188.0
50 58 199.0 150.0
47 63 168.0 69.0
73 68 144.0 61.0
10 14 57.0 92.0
15 13 153.0 55.0
50 19 104.0 20.0
30 64 196.0 123.0
76 43 27.0 185.0
75 7 18.0 27.0
44 26 66.0 186.0
68 30 169.0 162.0
18 5 79.0 26.0
13 4 89.0 32.0
1 4 142.0 193.0
67 41 32.0 139.0
5 38 151.0 59.0
44 38 80.0 170.0
38 66 115.0 98.0
70 57 149.0 85.0
10 74 67.0 28.0
59 44 33.0 108.0
46 17 57.0 127.0
58 70 54.0 89.0
3 78 9.0 5.0
1 8 130.0 42.0
43 77 192.0 45.0
54 32 125.0 94.0
2 40 91.0 145.0
4 28 57.0 76.0
45 6 181.0 66.0
51 27 68.0 35.0
9 17 100.0 78.0
46 27 4.0 30.0
24 53 22.0 148.0
10 5 56.0 99.0
62 4 156.0 147.0
7 2 61.0 165.0
62 46 1.0 42.0
72 27 149.0 69.0
10 3 189.0 1.0
1 18 88.0 145.0
57 64 122.0 110.0
60 66 157.0 179.0
45 27 160.0 114.0
7 6 33.0 21.0
61 15 3.0 186.0
41 27 113.0 104.0
31 45 30.0 55.0
24 35 54.0 118.0
73 39 135.0 128.0
25 3 100.0 92.0
25 22 144.0 12.0
19 4 53.0 129.0
26 34 92.0 57.0
35 15 181.0 157.0
34 8 61.0 164.0
18 58 11.0 67.0
72 68 109.0 98.0
65 30 145.0 161.0
26 52 91.0 89.0
63 28 6.0 97.0
36 57 160.0 98.0
46 15 87.0 93.0
19 9 185.0 100.0
16 13 59.0 196.0
52 39 19.0 168.0
43 29 91.0 117.0
1 62 12.0 135.0
65 62 14.0 170.0
14 69 5.0 174.0
58 72 47.0 92.0
8 11 121.0 184.0
75 44 77.0 180.0
7 5 170.0 48.0
17 29 35.0 61.0
6 10 101.0 199.0
11 19 118.0 115.0
19 7 169.0 76.0
30 1 91.0 168.0
3 36 26.0 13.0
79 39 66.0 55.0
19 2 27.0 188.0
30 53 193.0 63.0
37 64 130.0 94.0
22 4 29.0 1.0
8 19 66.0 150.0
34 79 63.0 157.0
10 22 62.0 41.0
36 7 114.0 80.0
62 59 22.0 141.0
32 66 171.0 16.0
51 68 11.0 102.0
8 18 76.0 192.0
67 4 81.0 142.0
57 28 142.0 96.0
49 20 42.0 4.0
26 33 140.0 156.0
6 15 77.0 114.0
3 24 177.0 49.0
5 23 17.0 188.0
50 59 194.0 46.0
37 62 42.0 27.0
12 17 167.0 136.0
58 23 153.0 161.0
12 16 136.0 45.0
14 11 174.0 165.0
4 68 139.0 104.0
10 18 131.0 108.0
48 60 5.0 125.0
17 1 87.0 199.0
40 21 195.0 6.0
43 23 107.0 148.0
27 64 110.0 43.0
17 41 50.0 36.0
29 2 101.0 189.0
71 28 114.0 32.0
62 79 99.0 72.0
1 40 196.0 139.0
61 65 34.0 191.0
14 15 7.0 142.0
15 24 92.0 117.0
39 3 130.0 143.0
4 61 183.0 31.0
63 39 187.0 98.0
38 2 92.0 38.0
16 75 0.0 88.0
36 8 92.0 187.0
26 4 110.0 100.0
64 8 21.0 3.0
11 4 18.0 103.0
43 75 165.0 153.0
9 20 179.0 104.0
25 7 119.0 71.0
37 36 99.0 119.0
25 5 18.0 191.0
18 69 110.0 128.0
52 10 184.0 131.0
71 66 116.0 154.0
6 21 21.0 33.0
3 19 37.0 0.0
21 10 103.0 156.0
30 23 31.0 2.0
55 60 25.0 49.0
49 1 2.0 135.0
18 11 147.0 139.0
35 55 124.0 15.0
65 46 169.0 98.0
23 49 168.0 158.0
43 6 162.0 24.0
28 60 179.0 194.0
40 37 66.0 5.0
12 44 139.0 20.0
39 11 115.0 38.0
41 62 166.0 192.0
28 48 190.0 135.0
17 10 167.0 110.0
15 49 5.0 129.0
3 16 189.0 136.0
28 69 44.0 7.0
34 37 49.0 135.0
47 7 152.0 116.0
68 53 135.0 119.0
75 28 43.0 77.0
12 15 163.0 10.0
48 23 139.0 120.0
14 64 134.0 81.0
28 73 192.0 130.0
5 64 64.0 41.0
70 18 26.0 16.0
45 46 169.0 161.0
74 39 146.0 12.0
38 49 53.0 61.0
46 23 80.0 193.0
61 49 149.0 14.0
1 23 135.0 142.0
11 15 10.0 199.0
39 31 112.0 36.0
17 14 149.0 81.0
43 47 168.0 47.0
70 30 132.0 173.0
52 38 89.0 13.0
61 39 59.0 191.0
3 27 143.0 146.0
3 71 162.0 154.0
28 3 119.0 26.0
23 2 81.0 20.0
18 7 123.0 1.0
66 78 74.0 7.0
11 51 86.0 116.0
31 2 132.0 97.0
18 68 60.0 28.0
59 32 156.0 174.0
28 56 169.0 76.0
16 33 115.0 2.0
69 64 148.0 38.0
7 23 24.0 174.0
25 8 74.0 62.0
44 33 93.0 159.0
75 47 94.0 106.0
78 12 149.0 51.0
5 27 44.0 70.0
6 50 147.0 160.0
9 76 160.0 47.0
50 66 71.0 136.0
73 1 118.0 97.0
8 40 65.0 163.0
7 49 116.0 111.0
18 13 183.0 66.0
9 63 25.0 27.0
8 60 190.0 124.0
57 62 190.0 102.0
48 22 114.0 61.0
7 15 100.0 184.0
24 7 11.0 117.0
16 14 119.0 127.0
24 40 41.0 54.0
78 1 195.0 18.0
60 5 63.0 138.0
66 31 116.0 54.0
52 64 69.0 31.0
16 15 194.0 170.0
24 6 133.0 5.0
2 22 164.0 4.0
31 55 16.0 157.0
55 73 66.0 163.0
77 5 136.0 82.0
4 25 173.0 52.0
44 71 134.0 195.0
69 32 118.0 128.0
64 28 25.0 3.0
18 73 103.0 141.0
48 51 160.0 71.0
3 29 142.0 178.0
16 17 182.0 78.0
26 8 56.0 108.0
67 12 73.0 190.0
11 22 176.0 192.0
79 26 28.0 1.0
19 60 174.0 132.0
31 11 65.0 86.0
45 70 31.0 8.0
43 39 178.0 165.0
10 34 40.0 34.0
14 18 148.0 113.0
12 21 153.0 125.0
67 20 112.0 133.0
1 79 13.0 39.0
11 59 115.0 79.0
49 40 68.0 98.0
53 62 47.0 46.0
16 56 66.0 39.0
29 37 6.0 14.0
16 18 71.0 111.0
76 11 143.0 183.0
11 66 187.0 156.0
46 6 42.0 54.0
7 20 152.0 62.0
24 9 106.0 199.0
27 4 52.0 124.0
22 59 8.0 10.0
35 16 152.0 79.0
27 50 84.0 95.0
36 33 41.0 71.0
38 27 18.0 84.0
22 1 199.0 122.0
61 56 51.0 106.0
41 63 109.0 56.0
42 8 56.0 118.0
24 36 162.0 160.0
6 59 106.0 46.0
66 13 107.0 147.0
4 18 177.0 77.0
35 56 89.0 176.0
32 62 87.0 92.0
46 57 90.0 197.0
11 23 107.0 98.0
71 37 181.0 69.0
70 43 135.0 39.0
30 4 82.0 42.0
29 6 52.0 11.0
36 23 96.0 93.0
5 61 143.0 183.0
14 68 101.0 186.0
24 66 16.0 160.0
19 15 18.0 149.0
6 55 184.0 105.0
10 47 48.0 18.0
27 60 43.0 100.0
3 1 96.0 91.0
62 64 17.0 40.0
52 14 159.0 70.0
54 58 62.0 127.0
26 5 59.0 80.0
6 5 94.0 195.0
53 7 10.0 143.0
41 77 117.0 5.0
78 36 24.0 14.0
20 12 35.0 193.0
48 27 46.0 146.0
10 1 160.0 60.0
30 12 69.0 171.0
9 23 69.0 164.0
6 23 127.0 79.0
9 25 195.0 44.0
35 76 9.0 171.0
31 20 152.0 45.0
1 24 128.0 151.0
15 18 70.0 88.0
29 52 135.0 92.0
35 23 109.0 156.0
34 54 121.0 188.0
54 2 157.0 69.0
53 39 163.0 167.0
8 20 88.0 116.0
73 77 76.0 17.0
69 77 135.0 99.0
50 60 198.0 22.0
17 8 66.0 107.0
78 37 94.0 187.0
14 21 75.0 52.0
35 48 6.0 190.0
30 46 194.0 94.0
9 21 156.0 71.0
39 40 190.0 43.0
20 14 112.0 188.0
13 75 19.0 130.0
2 10 127.0 113.0
25 48 175.0 154.0
31 6 127.0 133.0
20 63 129.0 74.0
25 52 60.0 37.0
33 1 132.0 2.0
8 21 150.0 196.0
7 33 86.0 121.0
36 19 25.0 165.0
42 18 96.0 152.0
5 20 68.0 176.0
27 9 4.0 149.0
70 67 118.0 64.0
61 79 20.0 2.0
27 6 151.0 170.0
40 45 175.0 189.0
63 67 85.0 1.0
19 6 139.0 134.0
2 32 152.0 160.0
2 35 11.0 108.0
15 17 66.0 81.0
14 22 102.0 86.0
13 21 61.0 53.0
13 22 33.0 36.0
3 23 71.0 70.0
34 58 134.0 163.0
17 11 130.0 38.0
17 21 32.0 93.0
5 29 12.0 51.0
27 7 42.0 114.0
42 24 101.0 103.0
19 16 159.0 134.0
73 35 24.0 183.0
67 10 132.0 158.0
23 13 109.0 62.0
11 56 164.0 142.0
14 27 92.0 176.0
20 11 132.0 134.0
4 74 125.0 34.0
28 18 163.0 37.0
27 31 143.0 140.0
40 60 43.0 75.0
51 75 93.0 104.0
1 31 80.0 10.0
55 59 178.0 172.0
64 58 144.0 110.0
10 19 178.0 22.0
10 13 198.0 94.0
50 72 101.0 141.0
52 3 83.0 96.0
34 2 7.0 177.0
32 63 94.0 87.0
42 71 59.0 72.0
11 21 118.0 155.0
2 27 152.0 49.0
49 25 19.0 103.0
17 22 61.0 72.0
2 26 175.0 97.0
19 14 24.0 134.0
28 9 90.0 70.0
54 17 55.0 101.0
20 17 165.0 174.0
13 54 23.0 118.0
78 4 95.0 194.0
25 62 86.0 108.0
38 18 12.0 13.0
8 29 148.0 188.0
24 13 107.0 191.0
7 22 136.0 115.0
6 1 136.0 101.0
29 33 134.0 111.0
36 63 66.0 181.0
30 7 16.0 152.0
19 18 182.0 28.0
4 34 188.0 131.0
36 35 134.0 47.0
32 56 68.0 70.0
31 44 19.0 156.0
77 64 191.0 153.0
47 21 1.0 57.0
5 33 127.0 169.0
27 39 146.0 109.0
3 8 146.0 86.0
10 20 33.0 80.0
76 39 51.0 101.0
28 5 73.0 71.0
34 6 152.0 64.0
32 4 191.0 105.0
77 74 116.0 118.0
9 75 142.0 14.0
51 14 190.0 89.0
21 5 185.0 23.0
24 75 154.0 37.0
4 41 9.0 27.0
10 23 147.0 162.0
38 64 153.0 138.0
59 63 166.0 21.0
34 27 112.0 108.0
15 34 177.0 102.0
19 61 199.0 162.0
31 60 88.0 153.0
75 19 144.0 97.0
32 3 141.0 91.0
53 47 125.0 46.0
5 36 178.0 43.0
37 77 95.0 90.0
32 1 28.0 72.0
62 74 177.0 27.0
29 4 45.0 65.0
76 52 39.0 141.0
40 7 109.0 180.0
53 48 157.0 34.0
20 15 102.0 136.0
39 32 138.0 197.0
5 31 98.0 166.0
16 20 146.0 28.0
9 30 93.0 191.0
50 55 191.0 132.0
61 25 37.0 100.0
72 71 91.0 194.0
32 55 1.0 145.0
62 76 88.0 139.0
56 53 76.0 139.0
20 3 31.0 22.0
9 72 125.0 124.0
22 18 169.0 68.0
42 45 118.0 6.0
36 50 76.0 9.0
1 67 48.0 29.0
63 72 70.0 88.0
45 59 181.0 146.0
44 9 111.0 12.0
26 13 186.0 188.0
25 12 20.0 155.0
32 9 136.0 138.0
28 8 100.0 164.0
24 8 7.0 100.0
50 74 93.0 29.0
10 30 115.0 74.0
55 44 31.0 26.0
63 55 121.0 169.0
58 3 198.0 141.0
44 28 55.0 134.0
66 51 136.0 107.0
4 33 158.0 95.0
14 24 165.0 51.0
7 28 148.0 32.0
46 18 91.0 131.0
47 76 46.0 13.0
53 70 167.0 45.0
19 26 68.0 22.0
77 35 178.0 156.0
20 42 38.0 88.0
1 29 131.0 156.0
3 26 133.0 31.0
21 18 23.0 177.0
30 11 41.0 70.0
29 39 186.0 160.0
64 18 132.0 7.0
27 13 105.0 62.0
12 26 150.0 143.0
78 25 164.0 33.0
29 9 87.0 50.0
35 6 42.0 110.0
26 55 17.0 35.0
68 57 150.0 156.0
49 77 145.0 34.0
18 23 53.0 50.0
33 66 195.0 156.0
12 68 85.0 159.0
23 17 137.0 124.0
25 13 157.0 179.0
31 52 118.0 175.0
27 11 44.0 68.0
30 59 132.0 189.0
29 70 152.0 186.0
56 44 133.0 99.0
32 35 193.0 170.0
27 12 8.0 130.0
28 10 0.0 166.0
13 57 143.0 118.0
4 35 78.0 187.0
34 9 194.0 10.0
31 32 160.0 98.0
75 17 78.0 93.0
26 30 179.0 23.0
37 4 143.0 140.0
68 39 197.0 95.0
70 5 79.0 140.0
15 26 147.0 157.0
74 52 32.0 93.0
7 16 110.0 192.0
2 16 99.0 140.0
35 8 164.0 31.0
35 50 86.0 59.0
63 57 180.0 35.0
36 17 26.0 11.0
25 18 168.0 125.0
69 45 59.0 0.0
29 27 5.0 170.0
32 49 35.0 56.0
8 32 96.0 151.0
5 35 39.0 134.0
37 38 86.0 171.0
30 16 104.0 112.0
24 5 46.0 24.0
25 67 120.0 105.0
14 42 102.0 77.0
22 9 116.0 137.0
39 2 32.0 13.0
3 68 16.0 23.0
2 47 166.0 102.0
17 19 184.0 22.0
61 28 116.0 30.0
24 11 144.0 36.0
53 11 5.0 198.0
70 2 173.0 121.0
78 7 25.0 157.0
15 25 55.0 41.0
73 51 105.0 21.0
7 34 123.0 41.0
13 29 66.0 39.0
5 37 178.0 10.0
37 74 94.0 183.0
23 20 22.0 67.0
12 31 129.0 47.0
52 42 134.0 136.0
28 15 56.0 191.0
18 24 195.0 179.0
33 14 71.0 13.0
65 58 141.0 49.0
6 30 30.0 187.0
79 53 184.0 4.0
78 70 141.0 65.0
7 52 85.0 27.0
35 1 14.0 141.0
22 8 116.0 161.0
20 52 139.0 188.0
30 48 84.0 32.0
36 52 63.0 66.0
25 20 161.0 199.0
41 1 70.0 54.0
22 21 127.0 156.0
26 50 161.0 141.0
40 3 110.0 77.0
31 4 131.0 1.0
35 33 181.0 15.0
5 73 134.0 196.0
13 59 130.0 47.0
73 50 76.0 1.0
62 33 92.0 155.0
57 53 177.0 5.0
12 59 133.0 39.0
45 37 59.0 64.0
69 58 135.0 40.0
51 72 122.0 21.0
26 1 194.0 52.0
50 29 9.0 22.0
16 28 17.0 53.0
14 29 129.0 146.0
8 54 146.0 62.0
33 2 5.0 6.0
4 38 175.0 140.0
32 11 170.0 97.0
21 23 54.0 165.0
65 33 118.0 63.0
73 43 143.0 87.0
71 56 70.0 72.0
30 57 45.0 168.0
16 22 75.0 2.0
21 68 112.0 51.0
64 40 188.0 34.0
39 7 158.0 42.0
13 17 56.0 28.0
4 36 103.0 199.0
68 63 166.0 125.0
40 17 76.0 163.0
72 77 97.0 151.0
65 70 18.0 9.0
6 64 9.0 6.0
20 22 134.0 119.0
45 16 34.0 142.0
32 12 162.0 89.0
21 24 179.0 129.0
67 16 183.0 55.0
14 43 173.0 80.0
1 38 120.0 192.0
79 30 32.0 81.0
23 19 10.0 118.0
43 35 115.0 44.0
17 26 21.0 77.0
79 19 15.0 152.0
10 78 117.0 198.0
34 11 31.0 42.0
6 72 157.0 103.0
23 77 88.0 189.0
18 20 190.0 99.0
46 70 24.0 57.0
74 19 184.0 198.0
13 20 0.0 151.0
54 60 28.0 69.0
26 14 5.0 59.0
7 77 35.0 163.0
4 40 188.0 75.0
39 1 35.0 130.0
78 74 155.0 12.0
67 39 118.0 91.0
14 54 174.0 70.0
12 24 78.0 2.0
38 7 101.0 83.0
68 74 178.0 136.0
73 78 171.0 118.0
23 14 64.0 6.0
66 29 60.0 19.0
67 69 197.0 131.0
27 16 2.0 123.0
37 75 144.0 32.0
66 73 171.0 45.0
42 58 73.0 101.0
56 48 138.0 44.0
40 72 6.0 2.0
10 29 58.0 66.0
14 6 93.0 7.0
24 56 44.0 96.0
51 57 4.0 140.0
50 15 167.0 127.0
47 58 166.0 192.0
26 60 18.0 57.0
25 19 117.0 24.0
5 40 69.0 127.0
39 18 95.0 114.0
49 12 129.0 91.0
3 41 143.0 85.0
36 2 38.0 62.0
15 22 39.0 156.0
57 1 36.0 57.0
14 28 58.0 105.0
44 2 68.0 79.0
51 45 88.0 115.0
22 24 151.0 18.0
66 21 5.0 94.0
33 10 60.0 195.0
13 32 160.0 100.0
58 59 190.0 148.0
59 40 19.0 0.0
19 21 6.0 39.0
2 43 84.0 94.0
27 15 149.0 35.0
45 21 188.0 106.0
25 16 107.0 48.0
67 21 121.0 19.0
55 34 153.0 111.0
3 44 107.0 172.0
30 13 23.0 65.0
64 66 29.0 107.0
11 79 144.0 178.0
74 41 72.0 84.0
51 39 93.0 179.0
60 2 147.0 15.0
33 13 137.0 100.0
29 11 140.0 196.0
1 45 152.0 163.0
58 32 197.0 181.0
21 15 47.0 93.0
17 27 188.0 119.0
42 2 150.0 33.0
7 42 117.0 97.0
72 24 125.0 54.0
7 29 56.0 65.0
74 25 85.0 8.0
29 16 170.0 82.0
42 36 151.0 17.0
38 8 70.0 91.0
37 25 186.0 20.0
66 8 108.0 55.0
18 26 89.0 185.0
43 1 177.0 97.0
27 20 36.0 62.0
36 11 4.0 158.0
20 70 81.0 107.0
76 48 153.0 103.0
47 38 105.0 91.0
32 7 13.0 166.0
13 31 120.0 102.0
23 61 90.0 97.0
34 12 9.0 78.0
4 39 185.0 165.0
33 6 82.0 18.0
7 35 51.0 35.0
10 32 142.0 157.0
72 70 32.0 155.0
35 12 37.0 152.0
42 22 170.0 79.0
30 75 73.0 131.0
73 31 166.0 10.0
38 56 192.0 48.0
35 38 97.0 43.0
28 68 187.0 191.0
33 48 110.0 19.0
29 72 68.0 147.0
39 10 36.0 38.0
44 17 35.0 109.0
22 49 185.0 1.0
19 29 0.0 129.0
52 61 0.0 50.0
49 17 9.0 139.0
28 17 47.0 119.0
77 44 157.0 67.0
24 19 133.0 145.0
11 72 43.0 168.0
33 15 178.0 181.0
10 31 160.0 178.0
34 13 65.0 112.0
38 10 114.0 74.0
45 4 98.0 113.0
37 11 7.0 7.0
36 9 17.0 140.0
35 11 38.0 12.0
38 6 56.0 16.0
66 59 91.0 168.0
46 2 101.0 156.0
26 21 100.0 167.0
49 64 90.0 150.0
70 19 52.0 98.0
31 33 173.0 21.0
78 20 184.0 163.0
78 41 35.0 192.0
74 75 4.0 126.0
69 79 131.0 105.0
47 1 97.0 31.0
39 9 118.0 187.0
41 11 56.0 122.0
30 15 183.0 181.0
39 37 60.0 119.0
52 47 152.0 95.0
31 9 121.0 157.0
42 4 178.0 52.0
46 1 96.0 27.0
21 71 12.0 14.0
25 24 136.0 20.0
46 35 17.0 71.0
34 14 20.0 77.0
28 65 79.0 172.0
73 7 106.0 0.0
40 63 87.0 36.0
7 76 10.0 183.0
27 21 138.0 174.0
66 42 127.0 26.0
51 30 92.0 144.0
6 39 142.0 64.0
17 31 44.0 173.0
49 4 118.0 151.0
66 77 170.0 5.0
74 55 137.0 132.0
14 63 128.0 75.0
79 20 199.0 55.0
49 44 37.0 43.0
9 38 120.0 179.0
61 21 117.0 164.0
78 31 63.0 35.0
45 3 162.0 33.0
20 29 118.0 99.0
6 42 75.0 46.0
26 20 177.0 26.0
28 78 130.0 14.0
18 53 175.0 50.0
5 44 184.0 45.0
59 70 193.0 47.0
5 68 5.0 155.0
74 67 124.0 75.0
3 37 111.0 199.0
35 13 83.0 88.0
65 18 126.0 13.0
27 22 3.0 53.0
45 2 119.0 139.0
24 41 60.0 112.0
36 10 71.0 65.0
25 21 109.0 195.0
15 32 93.0 20.0
22 65 121.0 128.0
29 22 115.0 199.0
34 38 89.0 118.0
46 20 90.0 9.0
13 36 117.0 150.0
48 1 70.0 188.0
33 19 27.0 132.0
19 28 4.0 72.0
63 62 128.0 125.0
9 37 49.0 43.0
26 78 184.0 90.0
18 50 71.0 26.0
14 36 170.0 188.0
30 21 108.0 40.0
47 4 194.0 87.0
63 74 42.0 198.0
11 38 156.0 170.0
57 23 81.0 157.0
32 17 3.0 65.0
74 32 24.0 74.0
33 17 67.0 194.0
71 54 160.0 175.0
41 5 140.0 154.0
69 65 36.0 182.0
12 10 133.0 192.0
23 24 149.0 14.0
66 62 47.0 104.0
14 45 47.0 71.0
5 42 40.0 114.0
33 72 67.0 0.0
13 67 28.0 159.0
3 46 95.0 64.0
42 77 18.0 180.0
38 12 105.0 119.0
38 15 6.0 153.0
59 34 2.0 5.0
38 17 102.0 194.0
15 29 167.0 121.0
60 59 166.0 195.0
73 75 74.0 61.0
47 55 176.0 92.0
46 4 70.0 81.0
29 21 45.0 28.0
32 20 109.0 47.0
78 27 168.0 11.0
45 22 191.0 87.0
55 2 89.0 157.0
14 37 64.0 163.0
1 42 56.0 192.0
10 40 111.0 127.0
23 15 175.0 156.0
67 78 197.0 84.0
28 20 87.0 166.0
24 26 143.0 30.0
36 16 85.0 184.0
15 36 27.0 102.0
69 74 78.0 83.0
62 35 133.0 189.0
26 22 163.0 60.0
23 22 152.0 160.0
8 41 124.0 191.0
64 35 124.0 67.0
8 58 71.0 161.0
20 62 10.0 98.0
12 36 30.0 89.0
45 34 118.0 115.0
7 43 180.0 81.0
23 76 17.0 85.0
43 5 108.0 141.0
21 31 11.0 184.0
42 49 68.0 34.0
27 25 119.0 79.0
51 54 115.0 102.0
3 34 126.0 186.0
16 32 170.0 107.0
9 40 86.0 140.0
20 34 118.0 146.0
16 34 159.0 129.0
2 75 38.0 28.0
5 46 20.0 110.0
32 14 129.0 87.0
3 49 31.0 56.0
51 40 154.0 153.0
32 19 127.0 40.0
2 49 169.0 46.0
30 20 147.0 129.0
55 77 44.0 185.0
23 27 51.0 64.0
35 18 145.0 180.0
13 68 118.0 176.0
23 16 10.0 73.0
6 41 102.0 138.0
8 44 122.0 23.0
17 35 11.0 21.0
23 12 133.0 55.0
24 27 18.0 184.0
73 56 105.0 163.0
9 41 57.0 176.0
44 6 51.0 67.0
43 9 71.0 105.0
22 31 109.0 193.0
17 53 47.0 120.0
62 70 132.0 180.0
10 42 79.0 102.0
53 10 35.0 185.0
30 14 33.0 92.0
40 46 180.0 84.0
42 11 115.0 51.0
39 13 104.0 176.0
19 52 90.0 151.0
42 65 79.0 174.0
62 77 131.0 158.0
61 45 155.0 166.0
42 13 170.0 188.0
9 49 96.0 151.0
41 30 37.0 11.0
75 27 67.0 142.0
78 79 163.0 109.0
64 21 26.0 42.0
50 5 159.0 157.0
12 33 56.0 114.0
24 29 114.0 179.0
57 34 197.0 10.0
63 76 140.0 187.0
77 78 149.0 159.0
77 40 56.0 64.0
60 14 170.0 34.0
62 58 10.0 81.0
34 66 59.0 19.0
19 34 185.0 173.0
45 7 68.0 135.0
15 5 23.0 160.0
53 1 81.0 172.0
15 43 198.0 137.0
23 31 8.0 168.0
17 74 88.0 19.0
60 56 56.0 99.0
35 45 20.0 41.0
53 16 69.0 40.0
70 21 157.0 92.0
37 18 14.0 191.0
79 74 2.0 12.0
38 16 120.0 10.0
34 18 35.0 160.0
56 19 7.0 91.0
7 44 43.0 179.0
13 40 15.0 64.0
44 78 46.0 125.0
21 28 128.0 12.0
64 55 1.0 130.0
3 54 145.0 73.0
19 27 141.0 180.0
20 33 129.0 101.0
10 73 25.0 172.0
1 50 25.0 40.0
55 1 20.0 23.0
27 28 30.0 148.0
45 76 23.0 31.0
50 76 196.0 169.0
10 71 184.0 90.0
38 19 137.0 113.0
65 12 28.0 162.0
6 76 121.0 53.0
24 28 105.0 141.0
53 2 180.0 135.0
29 25 97.0 3.0
46 9 113.0 94.0
20 37 55.0 49.0
32 22 54.0 144.0
24 32 128.0 82.0
57 3 36.0 1.0
16 31 181.0 142.0
48 34 158.0 113.0
70 1 123.0 56.0
47 9 123.0 188.0
35 22 69.0 178.0
39 35 56.0 75.0
11 40 145.0 136.0
44 13 163.0 181.0
39 15 168.0 96.0
24 48 157.0 126.0
23 52 24.0 32.0
39 17 178.0 100.0
41 10 163.0 199.0
18 36 37.0 171.0
70 51 183.0 134.0
37 15 182.0 98.0
73 13 152.0 150.0
54 1 187.0 109.0
5 48 103.0 164.0
35 21 124.0 34.0
13 38 199.0 39.0
23 34 197.0 189.0
50 4 19.0 132.0
28 46 39.0 1.0
59 16 133.0 191.0
8 49 47.0 121.0
11 73 60.0 150.0
14 41 195.0 185.0
12 46 134.0 147.0
32 67 9.0 84.0
1 52 3.0 180.0
46 7 176.0 42.0
46 11 169.0 109.0
14 44 185.0 16.0
45 9 168.0 197.0
46 10 81.0 116.0
10 43 98.0 168.0
31 19 10.0 107.0
30 25 171.0 13.0
10 65 11.0 99.0
48 9 183.0 180.0
73 27 11.0 120.0
25 28 179.0 179.0
57 42 163.0 61.0
51 2 109.0 61.0
20 55 5.0 120.0
58 1 133.0 129.0
19 37 190.0 96.0
32 21 181.0 173.0
1 56 150.0 192.0
25 71 168.0 129.0
31 26 81.0 84.0
8 51 52.0 143.0
28 51 130.0 10.0
51 24 97.0 15.0
30 42 109.0 87.0
51 7 119.0 42.0
55 71 175.0 69.0
37 72 32.0 95.0
32 25 112.0 66.0
67 33 199.0 117.0
38 14 76.0 81.0
22 41 137.0 126.0
18 40 53.0 198.0
8 69 189.0 124.0
35 58 40.0 116.0
45 13 37.0 72.0
20 38 124.0 149.0
79 36 75.0 123.0
34 29 163.0 104.0
39 20 165.0 53.0
24 63 126.0 19.0
50 3 174.0 115.0
64 4 185.0 14.0
47 12 43.0 174.0
3 55 181.0 120.0
61 32 87.0 8.0
16 39 5.0 3.0
53 5 194.0 170.0
17 37 7.0 120.0
51 1 174.0 182.0
38 21 71.0 111.0
39 19 69.0 67.0
11 25 54.0 2.0
3 51 182.0 94.0
39 72 25.0 187.0
67 75 68.0 19.0
51 4 184.0 76.0
40 12 154.0 110.0
51 6 98.0 178.0
4 52 171.0 167.0
30 22 166.0 25.0
25 34 62.0 101.0
59 1 177.0 88.0
22 34 50.0 46.0
22 37 134.0 186.0
24 16 42.0 40.0
64 71 81.0 92.0
58 2 151.0 52.0
35 40 16.0 70.0
26 28 21.0 78.0
71 11 10.0 199.0
52 5 33.0 60.0
32 23 155.0 119.0
15 44 166.0 149.0
8 52 49.0 47.0
38 22 186.0 153.0
57 4 133.0 2.0
28 30 5.0 107.0
38 50 33.0 15.0
50 11 174.0 18.0
44 16 169.0 81.0
35 25 34.0 87.0
41 16 78.0 84.0
75 64 170.0 64.0
19 41 6.0 55.0
31 25 105.0 11.0
48 11 123.0 138.0
49 24 128.0 49.0
68 11 198.0 50.0
17 43 185.0 32.0
58 19 65.0 63.0
36 25 69.0 187.0
56 75 100.0 75.0
30 29 178.0 157.0
67 5 72.0 53.0
46 13 154.0 153.0
56 5 98.0 104.0
8 46 20.0 36.0
21 37 166.0 86.0
6 62 180.0 36.0
21 39 26.0 32.0
64 20 120.0 156.0
78 15 146.0 145.0
59 2 2.0 52.0
53 8 49.0 52.0
56 59 154.0 70.0
33 27 175.0 72.0
72 4 50.0 107.0
41 68 178.0 76.0
62 12 72.0 51.0
3 31 10.0 170.0
4 58 3.0 164.0
28 49 128.0 52.0
51 10 53.0 34.0
27 32 116.0 28.0
45 41 91.0 166.0
11 43 109.0 70.0
11 45 123.0 133.0
37 12 67.0 133.0
48 15 10.0 70.0
38 23 179.0 139.0
37 24 83.0 32.0
42 25 152.0 199.0
26 35 175.0 43.0
18 43 89.0 36.0
52 24 7.0 13.0
9 52 105.0 26.0
10 48 118.0 115.0
55 7 72.0 97.0
56 2 116.0 155.0
44 19 40.0 68.0
58 43 136.0 15.0
31 28 20.0 25.0
34 24 0.0 179.0
32 26 189.0 105.0
55 5 177.0 107.0
63 60 111.0 49.0
24 33 130.0 27.0
23 29 88.0 170.0
47 77 41.0 24.0
21 36 116.0 61.0
17 63 33.0 68.0
57 67 53.0 22.0
40 16 76.0 31.0
63 5 26.0 187.0
76 74 53.0 108.0
42 21 23.0 94.0
24 38 111.0 16.0
49 13 17.0 179.0
36 27 70.0 50.0
14 48 21.0 123.0
35 28 144.0 50.0
60 3 128.0 170.0
23 51 67.0 134.0
43 66 31.0 42.0
45 15 123.0 94.0
8 50 160.0 140.0
18 30 148.0 182.0
49 52 170.0 121.0
7 54 103.0 66.0
54 5 165.0 183.0
10 37 129.0 33.0
44 39 148.0 112.0
28 74 127.0 71.0
47 14 55.0 87.0
61 51 169.0 3.0
30 31 43.0 91.0
68 22 57.0 98.0
3 56 165.0 23.0
18 44 0.0 94.0
57 6 26.0 148.0
57 45 197.0 153.0
21 59 40.0 52.0
28 32 93.0 9.0
44 11 181.0 136.0
51 9 154.0 191.0
76 8 19.0 119.0
76 73 113.0 19.0
30 33 90.0 139.0
47 17 178.0 39.0
7 56 4.0 170.0
29 67 185.0 98.0
74 42 192.0 118.0
53 19 41.0 146.0
31 29 153.0 60.0
36 55 61.0 67.0
62 3 147.0 151.0
24 39 145.0 77.0
2 61 87.0 150.0
36 28 113.0 24.0
58 6 7.0 105.0
46 16 31.0 48.0
9 54 157.0 185.0
47 50 147.0 18.0
22 39 70.0 94.0
20 76 52.0 15.0
23 40 100.0 139.0
1 60 152.0 13.0
6 54 61.0 111.0
47 16 47.0 45.0
7 70 64.0 157.0
28 33 100.0 12.0
45 68 66.0 122.0
40 61 152.0 70.0
19 67 173.0 5.0
56 4 134.0 125.0
26 37 115.0 147.0
70 64 121.0 114.0
29 49 160.0 137.0
51 12 152.0 13.0
56 8 142.0 171.0
39 26 81.0 46.0
34 30 31.0 6.0
45 75 111.0 117.0
50 69 68.0 178.0
34 28 184.0 141.0
52 41 19.0 96.0
28 70 140.0 123.0
20 45 22.0 34.0
9 50 195.0 55.0
27 35 58.0 178.0
20 44 64.0 121.0
8 55 74.0 132.0
27 37 11.0 10.0
8 57 83.0 182.0
45 18 165.0 175.0
22 40 192.0 140.0
73 6 30.0 139.0
31 63 49.0 40.0
12 45 31.0 65.0
9 74 107.0 57.0
41 76 126.0 119.0
42 23 199.0 161.0
63 70 64.0 117.0
47 68 92.0 56.0
12 53 109.0 74.0
16 43 32.0 111.0
31 38 39.0 15.0
8 74 100.0 147.0
5 58 75.0 178.0
59 79 31.0 27.0
69 73 127.0 95.0
38 26 5.0 172.0
54 11 117.0 67.0
15 51 140.0 101.0
63 35 136.0 180.0
43 19 89.0 189.0
53 63 16.0 117.0
39 25 40.0 199.0
76 77 145.0 120.0
10 50 1.0 102.0
47 11 155.0 119.0
62 28 62.0 96.0
38 58 134.0 150.0
3 63 52.0 175.0
32 30 174.0 20.0
58 9 132.0 167.0
55 9 168.0 77.0
35 29 173.0 122.0
14 50 105.0 81.0
61 1 54.0 119.0
39 49 112.0 188.0
4 59 124.0 164.0
38 28 149.0 98.0
24 62 175.0 81.0
4 60 187.0 95.0
21 44 192.0 161.0
23 68 176.0 49.0
6 60 128.0 182.0
63 2 103.0 40.0
12 48 47.0 27.0
18 47 1.0 148.0
53 15 199.0 128.0
36 29 184.0 187.0
47 70 155.0 128.0
26 40 17.0 83.0
64 1 88.0 145.0
59 3 28.0 191.0
36 26 185.0 75.0
44 23 143.0 138.0
68 20 51.0 94.0
72 78 35.0 35.0
10 57 179.0 190.0
64 25 144.0 148.0
22 43 81.0 184.0
46 19 75.0 109.0
17 34 98.0 13.0
73 46 70.0 193.0
66 65 60.0 73.0
63 7 7.0 47.0
63 23 21.0 138.0
22 44 155.0 117.0
73 52 115.0 188.0
58 66 32.0 142.0
31 36 98.0 83.0
1 65 133.0 121.0
2 62 190.0 193.0
13 64 183.0 149.0
7 79 45.0 156.0
30 35 11.0 0.0
14 71 14.0 78.0
63 1 24.0 46.0
8 59 43.0 75.0
74 58 74.0 176.0
63 69 101.0 16.0
53 22 94.0 36.0
16 49 131.0 139.0
78 49 3.0 142.0
13 43 71.0 17.0
7 50 25.0 48.0
13 48 7.0 20.0
34 35 21.0 81.0
78 52 134.0 123.0
56 10 68.0 180.0
34 32 27.0 152.0
55 12 197.0 30.0
37 28 164.0 20.0
20 66 64.0 189.0
51 16 22.0 71.0
64 23 130.0 44.0
30 37 170.0 16.0
35 66 87.0 190.0
57 39 184.0 66.0
12 54 160.0 133.0
64 3 167.0 124.0
55 19 174.0 31.0
33 32 87.0 148.0
57 9 65.0 169.0
16 50 46.0 187.0
65 43 154.0 85.0
58 10 13.0 138.0
17 50 153.0 173.0
18 51 104.0 120.0
18 48 140.0 30.0
48 16 21.0 27.0
55 39 91.0 39.0
19 48 19.0 89.0
15 54 181.0 125.0
24 43 182.0 146.0
56 17 169.0 87.0
37 31 84.0 26.0
27 79 174.0 24.0
17 48 15.0 147.0
19 45 86.0 58.0
52 13 25.0 57.0
42 26 102.0 6.0
49 19 189.0 36.0
27 42 146.0 158.0
59 74 146.0 30.0
74 21 132.0 72.0
61 7 115.0 99.0
30 62 179.0 153.0
68 52 129.0 5.0
59 25 46.0 184.0
52 16 45.0 187.0
51 5 179.0 144.0
79 52 179.0 77.0
72 79 96.0 111.0
26 67 136.0 12.0
24 60 177.0 116.0
9 59 24.0 106.0
14 56 57.0 70.0
60 9 111.0 54.0
32 36 141.0 42.0
6 63 162.0 72.0
71 43 95.0 11.0
25 41 67.0 32.0
71 8 20.0 44.0
43 8 161.0 45.0
7 60 160.0 170.0
56 13 136.0 23.0
73 33 4.0 29.0
55 10 158.0 167.0
6 61 135.0 5.0
63 4 45.0 2.0
31 34 14.0 66.0
57 11 149.0 176.0
61 27 111.0 109.0
10 59 3.0 199.0
5 65 134.0 159.0
20 50 70.0 44.0
69 35 161.0 5.0
20 40 32.0 7.0
65 2 161.0 47.0
70 17 122.0 111.0
43 61 101.0 186.0
45 24 6.0 56.0
24 44 199.0 92.0
2 66 150.0 21.0
45 23 81.0 112.0
62 7 46.0 113.0
18 52 136.0 160.0
46 24 113.0 10.0
45 63 4.0 14.0
53 14 52.0 163.0
24 79 83.0 3.0
40 29 186.0 34.0
4 65 93.0 67.0
52 15 169.0 91.0
41 29 132.0 105.0
43 25 174.0 197.0
5 62 198.0 130.0
43 36 175.0 50.0
11 63 197.0 58.0
58 12 186.0 183.0
44 25 15.0 31.0
57 33 179.0 184.0
5 57 104.0 64.0
3 65 125.0 30.0
3 66 162.0 75.0
30 40 59.0 137.0
11 61 65.0 56.0
12 43 87.0 3.0
1 69 80.0 54.0
24 47 186.0 59.0
7 64 45.0 43.0
55 14 66.0 170.0
36 34 145.0 28.0
33 40 109.0 156.0
37 33 10.0 174.0
42 17 150.0 49.0
8 62 71.0 30.0
3 61 31.0 58.0
42 37 158.0 77.0
43 27 17.0 24.0
28 39 23.0 114.0
37 35 92.0 132.0
47 13 192.0 55.0
51 20 198.0 94.0
13 51 159.0 70.0
33 38 186.0 143.0
20 35 11.0 144.0
1 72 168.0 28.0
41 33 199.0 192.0
24 50 48.0 44.0
58 14 170.0 192.0
47 22 20.0 169.0
61 8 32.0 131.0
30 43 52.0 18.0
9 62 18.0 15.0
13 78 112.0 138.0
64 9 103.0 64.0
56 12 142.0 104.0
51 19 66.0 112.0
39 70 145.0 86.0
53 73 143.0 129.0
47 26 43.0 147.0
53 32 2.0 13.0
42 29 49.0 67.0
2 67 145.0 153.0
27 47 150.0 39.0
49 50 40.0 168.0
16 69 9.0 138.0
26 48 173.0 153.0
35 51 182.0 168.0
69 4 126.0 185.0
31 41 23.0 176.0
46 26 126.0 168.0
17 73 195.0 28.0
48 20 47.0 36.0
58 16 132.0 57.0
25 70 9.0 106.0
16 72 134.0 191.0
70 14 45.0 60.0
58 13 67.0 68.0
65 7 159.0 193.0
46 25 57.0 155.0
28 54 125.0 57.0
32 43 158.0 58.0
38 57 194.0 167.0
18 54 198.0 128.0
61 14 172.0 43.0
62 11 199.0 191.0
54 19 150.0 158.0
57 15 80.0 160.0
55 48 125.0 158.0
70 3 111.0 36.0
44 32 122.0 57.0
50 22 58.0 121.0
22 51 8.0 182.0
18 57 135.0 7.0
56 70 21.0 86.0
17 72 192.0 53.0
40 55 98.0 69.0
3 69 159.0 161.0
55 18 127.0 82.0
12 61 187.0 185.0
9 53 155.0 196.0
62 29 3.0 91.0
31 40 9.0 176.0
21 52 142.0 153.0
17 57 21.0 192.0
21 55 141.0 180.0
41 55 184.0 20.0
15 42 145.0 171.0
67 6 170.0 100.0
41 35 148.0 126.0
62 13 199.0 109.0
63 12 126.0 93.0
58 44 117.0 147.0
28 52 18.0 10.0
21 48 15.0 2.0
2 71 18.0 160.0
5 69 168.0 140.0
52 22 77.0 116.0
20 53 53.0 28.0
33 59 29.0 179.0
3 72 150.0 98.0
31 43 52.0 168.0
15 60 31.0 67.0
57 14 140.0 49.0
7 26 197.0 108.0
55 22 177.0 26.0
57 19 147.0 183.0
68 6 136.0 177.0
59 15 151.0 38.0
10 64 179.0 3.0
54 20 176.0 10.0
68 71 147.0 116.0
48 29 162.0 97.0
30 44 109.0 92.0
57 20 11.0 56.0
45 25 86.0 148.0
75 1 101.0 37.0
73 4 177.0 32.0
50 25 169.0 105.0
36 39 112.0 117.0
57 37 105.0 27.0
28 47 172.0 14.0
10 61 191.0 183.0
70 4 173.0 78.0
36 40 71.0 26.0
71 30 27.0 48.0
9 67 11.0 196.0
75 54 79.0 75.0
20 56 73.0 184.0
46 31 175.0 197.0
72 22 84.0 167.0
31 79 142.0 9.0
61 16 124.0 13.0
67 8 98.0 151.0
53 77 47.0 61.0
15 58 149.0 78.0
47 31 116.0 174.0
16 60 41.0 92.0
64 12 175.0 125.0
23 53 24.0 69.0
39 42 120.0 149.0
55 65 167.0 18.0
17 60 22.0 167.0
13 74 158.0 123.0
34 41 128.0 75.0
16 57 179.0 169.0
54 24 138.0 107.0
1 76 8.0 162.0
70 8 59.0 128.0
25 47 172.0 178.0
5 71 49.0 146.0
63 15 107.0 7.0
49 27 194.0 187.0
50 23 83.0 126.0
55 56 42.0 173.0
56 21 172.0 50.0
41 36 171.0 183.0
58 20 111.0 96.0
68 9 58.0 160.0
39 34 38.0 117.0
11 65 59.0 33.0
21 58 122.0 95.0
43 34 57.0 164.0
39 38 164.0 182.0
71 47 127.0 87.0
65 8 195.0 38.0
65 13 98.0 53.0
41 40 175.0 136.0
72 30 194.0 35.0
33 46 80.0 116.0
23 56 115.0 138.0
11 64 144.0 79.0
47 23 21.0 23.0
44 47 184.0 168.0
66 9 80.0 34.0
16 54 172.0 56.0
59 18 28.0 118.0
44 36 131.0 109.0
44 35 65.0 46.0
38 40 12.0 161.0
6 70 50.0 33.0
76 2 8.0 186.0
42 35 71.0 88.0
10 68 138.0 196.0
76 14 64.0 167.0
24 55 167.0 196.0
68 19 2.0 184.0
42 34 68.0 14.0
11 67 30.0 118.0
5 72 80.0 38.0
54 30 170.0 152.0
25 53 11.0 109.0
23 75 115.0 75.0
13 79 139.0 35.0
73 20 138.0 141.0
54 50 102.0 6.0
57 12 13.0 133.0
14 66 112.0 93.0
50 28 26.0 82.0
77 1 64.0 189.0
42 38 131.0 179.0
75 52 106.0 70.0
47 30 7.0 44.0
49 31 178.0 109.0
62 55 162.0 143.0
2 72 72.0 74.0
30 49 36.0 50.0
17 52 175.0 100.0
54 22 96.0 59.0
15 64 136.0 2.0
29 38 116.0 143.0
26 54 30.0 46.0
22 46 21.0 144.0
19 59 117.0 93.0
32 46 34.0 153.0
18 61 143.0 10.0
43 63 35.0 191.0
32 47 147.0 171.0
59 23 95.0 63.0
58 51 21.0 77.0
28 45 183.0 42.0
48 31 174.0 100.0
45 49 119.0 8.0
48 32 48.0 15.0
78 2 94.0 35.0
69 11 95.0 41.0
44 34 95.0 143.0
33 63 123.0 68.0
65 47 137.0 106.0
31 68 135.0 63.0
53 28 24.0 6.0
20 59 186.0 24.0
62 19 132.0 32.0
44 68 195.0 27.0
75 4 153.0 42.0
36 45 185.0 76.0
12 66 76.0 74.0
75 6 153.0 11.0
3 75 156.0 129.0
63 73 171.0 142.0
72 35 40.0 103.0
7 72 138.0 35.0
19 69 148.0 92.0
53 61 65.0 85.0
60 32 196.0 142.0
71 9 60.0 101.0
24 57 67.0 16.0
25 72 159.0 190.0
27 53 141.0 199.0
65 72 134.0 80.0
29 51 156.0 35.0
54 29 51.0 174.0
35 78 130.0 47.0
54 23 97.0 142.0
37 43 173.0 116.0
55 28 59.0 84.0
41 38 81.0 153.0
35 61 87.0 168.0
4 79 57.0 195.0
42 33 108.0 109.0
63 37 11.0 190.0
41 39 45.0 60.0
15 41 66.0 18.0
44 41 139.0 77.0
59 69 160.0 172.0
2 77 28.0 47.0
39 33 123.0 86.0
65 17 154.0 183.0
16 63 17.0 117.0
67 15 102.0 62.0
56 26 91.0 168.0
45 54 25.0 30.0
33 49 196.0 186.0
30 52 95.0 24.0
12 70 49.0 170.0
50 31 65.0 155.0
50 33 89.0 82.0
55 27 106.0 191.0
75 78 169.0 197.0
50 32 90.0 194.0
34 47 182.0 38.0
77 8 2.0 29.0
16 62 87.0 51.0
29 53 135.0 152.0
30 74 31.0 24.0
40 58 164.0 89.0
17 64 141.0 133.0
51 31 154.0 32.0
47 33 34.0 88.0
58 78 115.0 36.0
70 11 174.0 2.0
8 72 181.0 61.0
26 51 126.0 12.0
71 6 84.0 42.0
74 3 112.0 177.0
41 66 171.0 18.0
73 58 21.0 157.0
37 47 198.0 136.0
46 37 136.0 124.0
56 69 136.0 117.0
50 34 122.0 15.0
70 15 28.0 158.0
12 71 192.0 140.0
79 5 81.0 115.0
47 74 193.0 103.0
60 22 155.0 143.0
25 76 174.0 91.0
54 31 122.0 63.0
53 26 129.0 197.0
54 43 72.0 157.0
48 36 141.0 64.0
31 57 25.0 174.0
51 34 173.0 171.0
54 27 199.0 128.0
31 53 34.0 173.0
54 68 124.0 109.0
48 37 2.0 5.0
42 41 57.0 74.0
51 33 173.0 150.0
49 35 178.0 199.0
27 57 23.0 103.0
27 59 18.0 22.0
19 65 37.0 5.0
56 30 2.0 113.0
46 36 185.0 156.0
61 24 151.0 194.0
35 47 48.0 124.0
62 42 127.0 178.0
61 17 34.0 102.0
52 32 170.0 4.0
58 27 111.0 159.0
77 6 47.0 114.0
13 71 178.0 185.0
32 37 31.0 129.0
55 29 1.0 32.0
61 34 30.0 80.0
10 76 12.0 16.0
57 26 185.0 135.0
17 68 10.0 49.0
21 65 63.0 9.0
54 40 95.0 41.0
42 64 106.0 126.0
49 37 113.0 59.0
76 5 69.0 143.0
42 43 187.0 33.0
47 56 67.0 124.0
72 13 134.0 29.0
23 62 130.0 198.0
11 74 63.0 25.0
56 29 98.0 121.0
6 79 183.0 11.0
73 14 0.0 52.0
78 51 199.0 187.0
62 22 173.0 67.0
62 73 30.0 59.0
44 40 25.0 112.0
71 15 171.0 40.0
19 47 150.0 69.0
36 68 70.0 85.0
67 18 5.0 22.0
49 34 85.0 4.0
14 72 15.0 10.0
69 13 159.0 197.0
29 57 136.0 184.0
76 69 39.0 107.0
31 56 185.0 189.0
66 22 98.0 7.0
45 39 91.0 103.0
10 69 18.0 128.0
69 17 3.0 185.0
41 37 191.0 115.0
55 16 195.0 127.0
15 72 167.0 34.0
63 21 74.0 153.0
51 36 167.0 172.0
47 36 134.0 10.0
53 34 67.0 152.0
35 52 189.0 23.0
76 19 173.0 180.0
42 44 18.0 168.0
13 70 159.0 185.0
19 66 84.0 185.0
41 46 193.0 3.0
78 8 122.0 80.0
54 35 134.0 189.0
43 51 51.0 124.0
69 27 44.0 25.0
59 24 113.0 62.0
12 73 182.0 25.0
53 65 189.0 66.0
71 18 106.0 134.0
41 53 93.0 28.0
63 25 25.0 179.0
64 22 37.0 77.0
74 14 180.0 33.0
59 53 51.0 45.0
36 49 80.0 185.0
21 62 1.0 21.0
77 4 14.0 60.0
70 16 25.0 107.0
76 12 193.0 3.0
12 52 158.0 182.0
10 75 85.0 90.0
45 43 4.0 89.0
69 20 191.0 85.0
72 18 56.0 144.0
49 41 193.0 70.0
65 20 151.0 18.0
37 51 62.0 96.0
59 28 139.0 20.0
56 27 107.0 177.0
56 51 155.0 112.0
58 24 123.0 146.0
51 49 126.0 131.0
38 46 140.0 119.0
42 67 99.0 44.0
53 36 116.0 113.0
50 37 168.0 8.0
45 44 145.0 76.0
40 47 47.0 52.0
22 56 48.0 122.0
23 67 89.0 126.0
43 46 139.0 182.0
73 15 150.0 191.0
77 12 89.0 18.0
33 55 89.0 58.0
54 33 118.0 34.0
39 48 115.0 166.0
75 14 184.0 115.0
27 63 102.0 73.0
79 10 30.0 194.0
48 43 152.0 132.0
75 11 135.0 193.0
60 25 45.0 25.0
23 66 115.0 163.0
47 42 192.0 182.0
15 74 168.0 176.0
25 65 35.0 23.0
22 67 43.0 18.0
67 46 147.0 147.0
9 79 135.0 83.0
38 43 185.0 180.0
59 31 26.0 101.0
25 66 3.0 18.0
53 35 81.0 171.0
34 56 6.0 117.0
61 29 117.0 1.0
64 54 195.0 65.0
61 75 185.0 82.0
31 58 183.0 170.0
67 24 38.0 161.0
52 77 96.0 41.0
53 38 124.0 130.0
41 48 75.0 82.0
41 50 75.0 192.0
14 77 73.0 22.0
30 58 69.0 10.0
48 63 28.0 5.0
50 39 167.0 18.0
40 50 25.0 16.0
70 23 40.0 149.0
66 26 183.0 115.0
26 65 52.0 10.0
55 37 27.0 126.0
65 24 56.0 96.0
19 72 178.0 36.0
39 54 70.0 145.0
33 58 99.0 96.0
38 54 156.0 140.0
21 69 49.0 139.0
52 37 33.0 102.0
75 15 72.0 60.0
57 35 138.0 80.0
66 28 134.0 116.0
64 29 197.0 156.0
47 78 138.0 97.0
70 22 183.0 47.0
76 17 8.0 33.0
32 51 175.0 41.0
36 58 31.0 0.0
31 61 123.0 121.0
35 59 128.0 9.0
71 20 178.0 125.0
48 42 172.0 68.0
69 53 56.0 108.0
26 61 94.0 16.0
49 43 143.0 70.0
63 26 23.0 126.0
48 40 155.0 147.0
42 51 88.0 83.0
36 56 197.0 18.0
77 18 99.0 121.0
22 71 56.0 155.0
73 16 198.0 103.0
68 26 146.0 93.0
70 24 97.0 121.0
15 76 105.0 53.0
71 35 155.0 146.0
21 72 137.0 152.0
6 66 6.0 188.0
44 57 178.0 14.0
27 68 102.0 176.0
79 17 37.0 0.0
37 56 62.0 87.0
46 48 23.0 119.0
45 48 134.0 178.0
29 79 33.0 23.0
62 56 164.0 39.0
49 46 76.0 142.0
17 77 166.0 178.0
16 76 87.0 155.0
43 53 145.0 101.0
73 21 19.0 168.0
44 50 172.0 153.0
69 26 139.0 5.0
59 36 197.0 55.0
5 2 126.0 73.0
78 17 66.0 44.0
69 44 136.0 153.0
73 19 81.0 82.0
43 41 16.0 100.0
61 30 83.0 188.0
28 67 24.0 174.0
52 44 98.0 21.0
65 29 1.0 24.0
9 61 134.0 67.0
48 47 15.0 22.0
45 74 52.0 48.0
68 24 160.0 69.0
53 44 38.0 196.0
16 71 98.0 62.0
71 24 180.0 196.0
50 45 82.0 133.0
12 75 167.0 16.0
8 75 198.0 134.0
74 35 58.0 3.0
52 43 37.0 171.0
34 62 37.0 75.0
79 15 138.0 135.0
70 36 55.0 70.0
23 74 51.0 137.0
64 32 129.0 18.0
54 41 96.0 79.0
73 22 19.0 155.0
73 23 140.0 8.0
58 39 182.0 177.0
77 20 147.0 72.0
57 40 53.0 154.0
45 52 55.0 56.0
59 39 46.0 136.0
74 22 66.0 143.0
18 78 157.0 37.0
63 66 173.0 49.0
44 54 6.0 155.0
34 60 191.0 153.0
65 35 126.0 196.0
16 79 148.0 181.0
38 48 162.0 195.0
71 70 136.0 181.0
48 50 116.0 45.0
26 71 49.0 89.0
30 67 19.0 55.0
22 69 155.0 10.0
56 33 171.0 81.0
60 41 195.0 72.0
59 29 123.0 157.0
51 38 49.0 11.0
33 60 77.0 117.0
14 79 32.0 78.0
38 55 35.0 51.0
66 30 115.0 190.0
60 39 87.0 38.0
22 77 76.0 34.0
54 57 38.0 199.0
77 48 95.0 39.0
75 25 27.0 172.0
21 79 21.0 11.0
19 78 182.0 8.0
51 44 150.0 49.0
37 59 13.0 189.0
64 34 79.0 89.0
73 25 1.0 118.0
77 71 22.0 48.0
39 46 180.0 1.0
60 36 157.0 153.0
38 63 5.0 91.0
73 29 134.0 156.0
43 56 178.0 100.0
65 34 88.0 57.0
48 54 81.0 41.0
38 68 103.0 55.0
69 31 83.0 35.0
56 42 48.0 192.0
69 7 14.0 53.0
47 49 4.0 101.0
51 50 28.0 182.0
26 74 20.0 68.0
47 51 4.0 101.0
45 78 11.0 59.0
9 78 187.0 46.0
67 27 138.0 187.0
38 61 51.0 153.0
41 57 13.0 55.0
46 47 45.0 193.0
48 52 149.0 18.0
74 27 72.0 106.0
29 71 146.0 83.0
42 59 96.0 86.0
53 51 194.0 187.0
34 63 173.0 197.0
62 38 1.0 138.0
56 41 177.0 198.0
60 43 116.0 78.0
66 47 20.0 188.0
58 45 162.0 167.0
76 26 73.0 11.0
41 58 97.0 20.0
33 71 84.0 22.0
68 34 121.0 85.0
65 74 38.0 50.0
77 24 92.0 106.0
46 52 15.0 112.0
56 46 24.0 130.0
23 79 67.0 49.0
8 79 181.0 116.0
66 44 117.0 65.0
34 67 95.0 39.0
31 74 189.0 85.0
43 50 36.0 33.0
65 36 12.0 3.0
54 46 14.0 36.0
63 42 69.0 33.0
78 22 50.0 50.0
31 70 89.0 167.0
26 75 59.0 184.0
73 30 122.0 0.0
30 78 154.0 110.0
67 35 109.0 166.0
24 78 178.0 75.0
53 42 2.0 199.0
28 72 48.0 52.0
79 28 39.0 138.0
33 69 82.0 50.0
35 68 12.0 5.0
53 49 168.0 118.0
57 47 85.0 30.0
76 27 86.0 15.0
72 31 127.0 88.0
78 21 86.0 128.0
49 58 147.0 125.0
75 57 92.0 30.0
39 65 14.0 105.0
56 49 140.0 182.0
29 78 2.0 177.0
68 37 140.0 88.0
73 34 127.0 19.0
50 52 39.0 13.0
77 32 114.0 186.0
60 38 194.0 6.0
23 72 10.0 8.0
33 75 51.0 150.0
25 79 81.0 5.0
49 54 181.0 173.0
58 46 149.0 108.0
43 59 162.0 140.0
70 35 132.0 28.0
39 62 98.0 127.0
52 54 89.0 60.0
34 70 90.0 92.0
40 66 160.0 123.0
75 32 22.0 142.0
36 72 86.0 171.0
62 44 191.0 0.0
75 34 85.0 124.0
21 76 65.0 135.0
60 45 73.0 154.0
48 58 96.0 115.0
44 48 143.0 56.0
68 2 129.0 165.0
63 44 181.0 16.0
73 74 142.0 172.0
65 44 12.0 27.0
39 71 94.0 77.0
71 34 117.0 167.0
46 60 76.0 165.0
59 48 112.0 171.0
74 29 77.0 41.0
27 65 178.0 10.0
69 40 23.0 121.0
33 76 187.0 35.0
71 63 126.0 81.0
75 35 76.0 44.0
32 70 58.0 104.0
4 44 108.0 122.0
60 64 143.0 137.0
69 39 199.0 121.0
55 52 18.0 174.0
64 45 110.0 5.0
53 50 72.0 37.0
52 56 72.0 100.0
76 55 130.0 83.0
41 59 150.0 38.0
71 58 95.0 93.0
49 60 62.0 46.0
61 48 8.0 81.0
74 33 112.0 118.0
36 67 11.0 184.0
62 47 135.0 84.0
73 36 27.0 65.0
64 41 46.0 177.0
28 76 162.0 141.0
76 29 149.0 24.0
40 67 47.0 157.0
41 69 69.0 159.0
76 31 124.0 80.0
76 32 22.0 11.0
34 74 160.0 1.0
63 30 65.0 6.0
31 77 141.0 27.0
70 41 199.0 90.0
32 72 53.0 46.0
45 62 163.0 122.0
22 79 81.0 39.0
38 69 59.0 55.0
53 58 9.0 19.0
76 24 140.0 75.0
69 34 114.0 81.0
79 32 16.0 113.0
31 65 103.0 21.0
79 33 65.0 19.0
37 70 74.0 98.0
64 78 139.0 133.0
67 31 102.0 149.0
69 36 109.0 42.0
63 49 185.0 24.0
38 71 122.0 1.0
63 50 13.0 25.0
69 42 169.0 30.0
42 70 68.0 196.0
65 32 100.0 7.0
48 62 19.0 2.0
59 65 11.0 81.0
57 55 118.0 196.0
54 56 195.0 40.0
40 71 42.0 161.0
62 52 69.0 163.0
69 37 162.0 137.0
53 60 179.0 62.0
45 66 137.0 150.0
46 68 133.0 100.0
72 38 187.0 51.0
40 70 121.0 182.0
78 34 74.0 163.0
50 61 15.0 143.0
53 76 31.0 177.0
43 69 134.0 10.0
45 65 22.0 71.0
65 51 136.0 107.0
41 73 18.0 123.0
42 73 165.0 139.0
79 38 192.0 40.0
66 46 170.0 159.0
73 40 97.0 1.0
50 62 88.0 31.0
67 43 172.0 62.0
76 34 151.0 108.0
63 52 136.0 169.0
41 71 147.0 102.0
57 56 198.0 92.0
59 52 197.0 169.0
45 56 20.0 46.0
77 25 162.0 108.0
38 77 14.0 134.0
70 44 28.0 165.0
46 71 172.0 164.0
49 66 164.0 72.0
67 49 142.0 115.0
49 69 59.0 91.0
64 50 44.0 79.0
76 36 155.0 6.0
66 52 59.0 170.0
75 40 113.0 87.0
67 52 24.0 86.0
70 26 135.0 141.0
46 72 193.0 29.0
61 59 50.0 53.0
58 52 82.0 47.0
67 51 87.0 37.0
78 38 81.0 147.0
70 49 173.0 146.0
46 63 61.0 149.0
79 42 120.0 148.0
69 55 94.0 114.0
40 74 12.0 97.0
55 58 76.0 94.0
44 76 95.0 115.0
46 61 90.0 128.0
53 64 191.0 15.0
63 51 58.0 52.0
25 58 9.0 178.0
48 72 131.0 104.0
75 42 63.0 143.0
45 72 46.0 91.0
69 54 115.0 94.0
49 65 126.0 5.0
65 50 13.0 117.0
60 57 96.0 71.0
41 75 4.0 57.0
67 45 105.0 135.0
61 55 11.0 120.0
53 67 91.0 10.0
50 68 95.0 7.0
54 66 80.0 21.0
18 79 122.0 93.0
73 38 87.0 170.0
48 73 59.0 91.0
71 50 7.0 117.0
75 49 27.0 19.0
58 63 123.0 118.0
76 46 163.0 170.0
67 56 75.0 43.0
74 49 198.0 149.0
61 63 122.0 85.0
77 45 39.0 133.0
79 41 162.0 47.0
56 65 193.0 141.0
75 46 36.0 68.0
46 74 27.0 151.0
61 57 118.0 102.0
64 56 40.0 116.0
50 78 172.0 162.0
69 60 35.0 164.0
78 46 90.0 149.0
58 75 84.0 83.0
67 55 87.0 72.0
79 35 74.0 66.0
64 63 158.0 192.0
47 72 197.0 198.0
54 73 144.0 121.0
60 61 9.0 179.0
71 27 133.0 99.0
54 65 73.0 169.0
57 65 26.0 112.0
45 71 187.0 100.0
41 72 21.0 97.0
70 54 120.0 18.0
61 64 71.0 64.0
65 60 178.0 32.0
77 51 48.0 63.0
53 71 152.0 122.0
76 54 195.0 178.0
48 67 111.0 135.0
73 47 134.0 133.0
68 49 39.0 54.0
71 49 21.0 62.0
47 64 192.0 151.0
67 54 45.0 40.0
73 59 130.0 149.0
79 47 162.0 125.0
68 55 91.0 25.0
57 77 125.0 25.0
57 74 57.0 116.0
75 55 169.0 78.0
68 62 157.0 113.0
73 49 51.0 154.0
64 67 169.0 181.0
79 48 47.0 131.0
70 55 68.0 138.0
61 70 81.0 145.0
69 57 1.0 139.0
72 60 123.0 122.0
51 64 51.0 80.0
77 56 10.0 102.0
32 73 26.0 180.0
65 64 70.0 73.0
59 54 192.0 139.0
64 68 129.0 73.0
55 78 195.0 130.0
60 68 85.0 118.0
51 76 182.0 136.0
78 57 27.0 193.0
69 61 73.0 54.0
54 79 65.0 144.0
72 57 25.0 57.0
68 67 122.0 154.0
78 53 77.0 69.0
68 66 81.0 114.0
70 60 27.0 64.0
74 51 19.0 55.0
51 79 178.0 92.0
75 31 87.0 43.0
73 64 47.0 113.0
44 79 78.0 121.0
77 54 49.0 107.0
78 40 173.0 82.0
75 60 63.0 0.0
60 62 145.0 82.0
58 67 113.0 124.0
43 79 43.0 0.0
52 70 3.0 42.0
77 58 45.0 33.0
76 56 140.0 46.0
68 70 136.0 113.0
62 71 86.0 199.0
67 65 45.0 184.0
64 72 28.0 158.0
50 75 199.0 23.0
37 79 117.0 154.0
60 76 38.0 162.0
68 61 192.0 178.0
79 55 68.0 80.0
78 42 85.0 106.0
59 68 179.0 83.0
72 61 130.0 159.0
76 66 185.0 129.0
65 41 29.0 102.0
67 38 103.0 67.0
75 65 170.0 47.0
73 70 100.0 190.0
74 66 178.0 186.0
76 68 42.0 157.0
62 78 119.0 172.0
71 60 52.0 56.0
78 59 161.0 81.0
64 76 57.0 64.0
60 74 89.0 27.0
69 75 151.0 189.0
72 76 158.0 129.0
72 62 163.0 0.0
74 64 110.0 34.0
67 79 67.0 162.0
57 76 80.0 28.0
71 65 144.0 89.0
73 72 99.0 185.0
59 71 105.0 51.0
72 69 107.0 64.0
72 44 30.0 70.0
66 61 71.0 140.0
63 79 50.0 90.0
68 77 146.0 82.0
69 70 71.0 42.0
59 75 78.0 123.0
71 78 113.0 184.0
79 77 181.0 20.0
66 53 61.0 11.0
66 79 148.0 132.0
71 69 105.0 151.0
65 78 9.0 3.0
67 71 197.0 33.0
65 77 133.0 75.0
78 76 92.0 46.0
73 61 28.0 74.0
77 75 160.0 89.0
76 70 196.0 60.0
68 69 195.0 54.0
76 75 154.0 4.0
73 9 81.0 151.0
79 64 179.0 166.0
79 75 1.0 24.0
75 62 45.0 181.0
75 72 77.0 5.0
57 79 98.0 73.0
33 77 178.0 45.0
42 76 192.0 132.0
71 74 88.0 26.0
60 77 4.0 20.0
62 36 93.0 5.0
79 65 133.0 139.0
3 2 159.0 162.0
78 54 96.0 9.0
63 75 4.0 26.0
77 59 150.0 149.0
79 68 160.0 191.0
29 63 181.0 164.0
56 74 157.0 26.0
58 60 23.0 42.0
2 1 128.0 134.0
75 71 60.0 176.0
56 79 60.0 17.0
56 58 60.0 163.0
78 63 164.0 21.0
1 68 180.0 97.0
73 65 72.0 89.0
61 13 103.0 95.0
15 77 33.0 184.0
61 76 129.0 46.0
61 74 181.0 190.0
71 76 74.0 42.0
77 61 32.0 38.0
60 79 12.0 12.0
53 52 53.0 84.0
73 79 177.0 109.0
58 79 190.0 10.0
45 32 25.0 119.0
52 71 52.0 158.0
67 62 177.0 126.0
61 33 168.0 9.0
69 66 169.0 132.0
78 69 115.0 22.0
67 76 62.0 92.0
57 66 86.0 52.0
67 66 182.0 63.0
77 67 151.0 35.0
36 75 141.0 129.0
78 68 139.0 61.0
0
