74 2701 72 73 376069
40 69 47.0 95.0
48 36 139.0 131.0
73 3 165.0 34.0
5 11 58.0 147.0
65 64 83.0 104.0
37 66 138.0 171.0
6 71 108.0 133.0
61 1 13.0 189.0
47 16 172.0 13.0
51 49 33.0 63.0
29 38 88.0 150.0
26 45 75.0 147.0
34 74 23.0 111.0
65 5 179.0 162.0
53 54 4.0 39.0
33 8 164.0 170.0
23 36 110.0 88.0
62 11 71.0 95.0
48 53 81.0 111.0
23 39 23.0 156.0
16 42 35.0 47.0
47 56 158.0 167.0
35 9 112.0 163.0
68 62 157.0 29.0
23 8 99.0 20.0
70 4 175.0 170.0
34 28 161.0 56.0
45 65 105.0 185.0
33 1 86.0 93.0
34 23 105.0 196.0
9 4 110.0 170.0
43 66 64.0 67.0
73 18 146.0 163.0
74 32 20.0 121.0
60 66 11.0 182.0
34 38 125.0 116.0
38 36 48.0 163.0
36 41 144.0 105.0
22 58 68.0 54.0
27 72 103.0 132.0
68 11 20.0 49.0
42 43 52.0 40.0
34 25 88.0 63.0
40 57 44.0 14.0
70 40 67.0 92.0
5 9 161.0 11.0
32 56 60.0 29.0
31 28 3.0 163.0
38 15 47.0 23.0
57 27 81.0 51.0
51 30 180.0 121.0
12 74 92.0 24.0
40 26 154.0 159.0
74 47 100.0 115.0
6 23 30.0 112.0
29 54 123.0 185.0
46 62 125.0 170.0
14 45 15.0 158.0
74 7 40.0 147.0
6 33 184.0 84.0
58 11 164.0 91.0
35 29 106.0 16.0
30 58 65.0 136.0
15 26 148.0 188.0
13 32 11.0 25.0
2 13 78.0 179.0
71 51 135.0 118.0
61 57 195.0 72.0
45 4 117.0 111.0
32 47 176.0 23.0
30 12 117.0 193.0
37 49 19.0 17.0
58 52 130.0 182.0
42 24 195.0 8.0
53 3 194.0 130.0
37 71 31.0 190.0
52 64 191.0 148.0
36 44 94.0 119.0
55 48 170.0 12.0
74 28 92.0 141.0
5 1 155.0 22.0
2 55 181.0 150.0
35 56 44.0 176.0
30 27 57.0 75.0
68 46 105.0 48.0
15 72 84.0 199.0
23 40 79.0 7.0
46 41 73.0 123.0
19 74 14.0 29.0
54 38 91.0 195.0
71 18 152.0 88.0
22 44 61.0 9.0
16 36 141.0 118.0
11 72 161.0 178.0
16 52 82.0 192.0
18 15 110.0 155.0
14 65 45.0 124.0
7 34 80.0 88.0
30 25 84.0 184.0
69 70 135.0 97.0
31 44 83.0 28.0
20 5 22.0 196.0
34 63 29.0 104.0
3 12 22.0 139.0
3 4 64.0 67.0
15 2 177.0 144.0
5 48 176.0 14.0
43 72 133.0 63.0
42 10 164.0 168.0
15 49 193.0 138.0
37 19 113.0 22.0
8 24 1.0 135.0
27 51 159.0 17.0
30 37 193.0 88.0
62 17 21.0 121.0
15 47 45.0 154.0
57 3 126.0 9.0
29 70 143.0 119.0
66 55 98.0 8.0
4 72 80.0 52.0
48 34 6.0 191.0
48 68 178.0 0.0
11 2 52.0 0.0
13 4 86.0 97.0
30 55 19.0 12.0
50 34 2.0 114.0
66 13 33.0 100.0
10 3 162.0 113.0
37 61 5.0 169.0
54 8 125.0 136.0
9 13 4.0 177.0
39 27 175.0 90.0
59 3 145.0 147.0
37 56 115.0 147.0
69 47 1.0 148.0
27 34 174.0 164.0
20 10 157.0 132.0
69 73 104.0 82.0
63 11 102.0 109.0
15 58 179.0 78.0
39 28 144.0 124.0
61 71 22.0 11.0
43 7 176.0 176.0
40 9 195.0 103.0
18 64 87.0 152.0
40 55 163.0 191.0
43 59 93.0 17.0
21 38 58.0 72.0
65 1 63.0 154.0
71 42 44.0 37.0
26 2 3.0 21.0
1 6 34.0 198.0
44 21 118.0 121.0
1 38 191.0 33.0
74 31 169.0 84.0
19 1 122.0 179.0
47 70 77.0 185.0
16 54 128.0 73.0
33 57 94.0 131.0
37 16 33.0 128.0
36 19 72.0 103.0
56 13 32.0 15.0
22 70 37.0 2.0
42 64 63.0 159.0
38 22 118.0 140.0
1 29 60.0 46.0
63 7 135.0 154.0
22 4 43.0 120.0
22 53 104.0 67.0
43 41 51.0 136.0
14 21 92.0 88.0
63 35 91.0 155.0
56 15 169.0 9.0
21 74 26.0 29.0
1 4 149.0 161.0
4 43 160.0 144.0
73 46 122.0 64.0
64 47 130.0 174.0
68 65 67.0 22.0
25 14 63.0 158.0
28 62 191.0 32.0
15 1 168.0 18.0
39 68 73.0 69.0
14 24 175.0 33.0
14 4 21.0 98.0
28 17 44.0 103.0
7 6 53.0 63.0
19 38 184.0 116.0
25 62 123.0 175.0
26 32 17.0 91.0
4 47 194.0 90.0
70 60 101.0 122.0
41 67 125.0 74.0
61 48 82.0 122.0
31 46 60.0 135.0
10 47 3.0 44.0
34 49 20.0 126.0
58 20 146.0 37.0
66 64 158.0 93.0
49 40 78.0 59.0
10 38 31.0 3.0
11 52 68.0 65.0
24 72 70.0 129.0
9 3 110.0 73.0
48 1 15.0 130.0
72 50 155.0 113.0
17 29 0.0 113.0
46 12 112.0 78.0
49 20 25.0 95.0
17 1 22.0 45.0
21 5 119.0 44.0
5 30 197.0 29.0
10 1 47.0 12.0
51 65 180.0 154.0
1 16 10.0 132.0
63 69 107.0 122.0
14 59 106.0 84.0
8 64 45.0 80.0
6 13 156.0 164.0
3 54 167.0 105.0
55 1 190.0 166.0
65 39 184.0 170.0
17 57 84.0 194.0
51 8 11.0 191.0
66 50 170.0 118.0
12 7 61.0 167.0
20 6 21.0 169.0
37 23 36.0 140.0
23 54 92.0 178.0
18 47 167.0 77.0
3 5 18.0 52.0
65 36 83.0 181.0
64 10 180.0 5.0
57 13 77.0 193.0
70 35 35.0 98.0
35 39 85.0 71.0
18 50 173.0 129.0
74 3 103.0 92.0
9 63 178.0 73.0
25 50 115.0 62.0
37 42 108.0 47.0
33 67 151.0 185.0
5 28 142.0 187.0
67 19 19.0 27.0
69 4 161.0 192.0
6 48 1.0 17.0
36 3 25.0 180.0
30 53 4.0 92.0
72 48 109.0 64.0
18 17 85.0 61.0
44 29 7.0 180.0
9 6 22.0 27.0
19 2 136.0 136.0
49 50 94.0 89.0
30 36 93.0 119.0
66 3 181.0 49.0
28 70 187.0 90.0
64 32 1.0 24.0
38 9 66.0 8.0
25 4 32.0 88.0
58 49 71.0 120.0
24 39 77.0 165.0
52 24 47.0 122.0
26 24 8.0 180.0
71 7 152.0 147.0
17 25 133.0 153.0
33 74 140.0 151.0
56 71 164.0 125.0
23 26 98.0 187.0
4 11 191.0 127.0
2 14 95.0 190.0
10 9 8.0 103.0
35 38 22.0 112.0
40 60 151.0 156.0
38 72 136.0 44.0
46 36 68.0 52.0
39 60 78.0 118.0
61 74 86.0 69.0
49 44 18.0 181.0
72 74 77.0 26.0
10 4 15.0 52.0
23 69 143.0 166.0
44 61 71.0 79.0
74 68 2.0 91.0
54 58 19.0 80.0
35 48 52.0 106.0
17 44 197.0 70.0
43 15 116.0 26.0
52 61 0.0 131.0
33 65 10.0 143.0
51 50 48.0 81.0
43 35 133.0 50.0
70 37 91.0 153.0
10 24 95.0 143.0
67 34 79.0 44.0
48 47 105.0 147.0
12 62 91.0 57.0
52 27 45.0 53.0
1 8 138.0 93.0
31 26 191.0 71.0
40 39 8.0 82.0
62 4 38.0 55.0
37 32 156.0 117.0
5 19 175.0 13.0
6 25 128.0 18.0
51 39 150.0 126.0
57 52 65.0 40.0
56 74 92.0 8.0
17 50 75.0 53.0
31 11 163.0 113.0
43 37 34.0 71.0
1 18 94.0 161.0
71 10 128.0 175.0
26 70 162.0 78.0
25 55 187.0 179.0
33 68 70.0 32.0
21 60 51.0 145.0
17 2 105.0 14.0
58 4 192.0 139.0
50 13 27.0 87.0
23 33 187.0 155.0
6 29 187.0 149.0
61 63 38.0 127.0
13 7 50.0 60.0
14 1 189.0 101.0
8 12 162.0 95.0
35 61 177.0 155.0
52 33 23.0 4.0
14 6 123.0 162.0
13 15 2.0 110.0
55 16 60.0 41.0
63 40 192.0 111.0
40 35 180.0 134.0
45 70 40.0 143.0
34 51 110.0 18.0
9 55 4.0 85.0
5 15 128.0 127.0
5 56 104.0 83.0
50 45 127.0 165.0
1 7 189.0 72.0
15 33 128.0 169.0
28 21 106.0 169.0
49 64 62.0 17.0
44 59 144.0 66.0
49 42 62.0 24.0
24 64 66.0 167.0
12 23 113.0 193.0
3 72 160.0 54.0
8 26 162.0 89.0
25 73 58.0 69.0
62 49 62.0 121.0
11 22 195.0 6.0
18 2 20.0 9.0
73 39 26.0 38.0
39 10 28.0 91.0
15 7 24.0 189.0
17 45 112.0 187.0
21 57 93.0 171.0
31 51 138.0 155.0
72 63 116.0 85.0
72 28 91.0 88.0
44 25 188.0 117.0
13 67 63.0 16.0
36 70 178.0 87.0
12 9 131.0 42.0
29 14 80.0 24.0
42 69 41.0 171.0
57 59 95.0 109.0
64 41 127.0 138.0
11 9 138.0 115.0
3 2 122.0 153.0
72 42 180.0 52.0
7 5 102.0 112.0
13 53 69.0 134.0
47 60 18.0 110.0
23 53 169.0 65.0
19 65 150.0 96.0
1 42 180.0 41.0
44 19 40.0 102.0
60 65 55.0 20.0
64 63 61.0 109.0
42 2 145.0 130.0
62 74 167.0 164.0
30 14 87.0 136.0
4 44 149.0 37.0
11 1 147.0 130.0
72 33 60.0 187.0
2 61 92.0 67.0
49 9 169.0 153.0
11 46 73.0 115.0
3 13 41.0 40.0
8 11 102.0 128.0
4 37 166.0 51.0
12 2 173.0 113.0
37 52 9.0 186.0
16 58 161.0 101.0
4 16 2.0 131.0
42 73 166.0 75.0
12 66 145.0 159.0
5 10 13.0 47.0
5 13 58.0 179.0
17 23 102.0 32.0
74 35 14.0 111.0
70 21 5.0 176.0
17 48 60.0 7.0
24 27 142.0 178.0
70 46 1.0 87.0
46 74 39.0 14.0
13 72 122.0 98.0
72 25 39.0 177.0
37 1 75.0 53.0
22 54 23.0 81.0
27 69 1.0 35.0
74 4 80.0 143.0
28 16 184.0 81.0
67 44 160.0 24.0
19 43 182.0 34.0
67 48 160.0 21.0
49 33 105.0 35.0
7 4 48.0 80.0
60 41 88.0 50.0
44 62 88.0 168.0
55 69 198.0 73.0
5 16 90.0 158.0
74 18 183.0 24.0
65 42 56.0 143.0
52 65 79.0 161.0
4 31 60.0 80.0
71 59 95.0 148.0
46 25 156.0 184.0
18 3 168.0 154.0
41 6 85.0 10.0
1 23 14.0 68.0
64 58 102.0 23.0
48 27 92.0 182.0
57 23 192.0 152.0
7 41 171.0 88.0
44 33 39.0 79.0
42 55 43.0 159.0
38 2 61.0 80.0
24 33 34.0 27.0
18 6 52.0 137.0
18 48 69.0 97.0
70 42 29.0 62.0
9 27 127.0 152.0
59 65 111.0 118.0
23 3 21.0 106.0
8 2 3.0 82.0
23 58 197.0 189.0
49 57 51.0 1.0
8 59 34.0 120.0
27 29 58.0 63.0
55 21 114.0 185.0
63 14 122.0 177.0
16 60 181.0 143.0
50 4 59.0 136.0
61 28 102.0 8.0
63 55 153.0 153.0
39 55 64.0 188.0
9 62 197.0 122.0
8 44 75.0 63.0
36 56 144.0 197.0
19 61 50.0 77.0
64 6 108.0 61.0
34 43 143.0 10.0
9 7 196.0 48.0
55 45 102.0 13.0
11 10 115.0 51.0
32 14 110.0 191.0
69 5 184.0 6.0
15 4 150.0 34.0
2 16 188.0 58.0
57 6 102.0 83.0
6 35 127.0 98.0
57 28 64.0 181.0
16 56 146.0 180.0
69 10 56.0 56.0
66 67 144.0 40.0
69 46 196.0 95.0
20 3 193.0 136.0
23 61 63.0 95.0
73 22 176.0 190.0
10 6 8.0 41.0
50 44 105.0 106.0
53 39 7.0 113.0
9 18 75.0 152.0
6 15 7.0 23.0
1 26 183.0 152.0
12 68 139.0 46.0
68 50 154.0 68.0
66 46 70.0 114.0
15 11 130.0 175.0
27 49 62.0 89.0
11 6 126.0 137.0
17 73 49.0 85.0
25 59 107.0 32.0
52 3 182.0 199.0
52 44 180.0 88.0
15 61 66.0 50.0
49 4 60.0 196.0
30 20 11.0 123.0
2 59 23.0 89.0
58 1 149.0 72.0
59 61 50.0 8.0
42 44 154.0 32.0
13 36 58.0 87.0
22 12 2.0 124.0
16 39 36.0 62.0
6 17 189.0 47.0
55 61 27.0 12.0
62 2 27.0 176.0
62 21 28.0 77.0
43 53 122.0 183.0
14 73 162.0 133.0
62 48 178.0 164.0
65 66 192.0 15.0
61 25 18.0 133.0
64 74 70.0 45.0
53 34 28.0 97.0
55 68 6.0 56.0
24 6 76.0 80.0
56 18 125.0 190.0
44 66 105.0 55.0
10 12 154.0 49.0
1 12 44.0 125.0
56 29 14.0 114.0
63 2 158.0 42.0
69 3 31.0 164.0
5 14 55.0 59.0
16 8 185.0 132.0
28 13 147.0 42.0
39 14 199.0 53.0
1 9 104.0 43.0
32 36 149.0 118.0
38 63 163.0 107.0
44 38 5.0 147.0
38 59 181.0 60.0
73 38 69.0 118.0
28 27 143.0 16.0
18 51 28.0 143.0
53 49 53.0 133.0
63 74 73.0 154.0
41 54 127.0 188.0
5 17 56.0 132.0
25 21 54.0 37.0
36 43 22.0 76.0
47 39 72.0 166.0
67 18 67.0 100.0
7 17 151.0 72.0
44 26 153.0 24.0
5 70 77.0 32.0
57 73 146.0 133.0
71 23 102.0 153.0
43 12 147.0 76.0
3 16 140.0 19.0
48 60 159.0 159.0
30 32 46.0 110.0
57 62 155.0 199.0
57 42 104.0 32.0
40 48 111.0 3.0
7 14 118.0 165.0
28 45 162.0 65.0
7 3 44.0 54.0
19 8 116.0 155.0
3 6 111.0 162.0
65 72 108.0 66.0
8 15 147.0 165.0
20 51 159.0 59.0
17 8 165.0 77.0
63 71 159.0 79.0
19 7 189.0 155.0
60 45 48.0 106.0
48 51 184.0 160.0
49 47 30.0 44.0
14 11 100.0 178.0
14 42 157.0 59.0
60 5 88.0 74.0
4 5 64.0 47.0
71 39 139.0 6.0
7 2 143.0 188.0
29 23 18.0 127.0
9 15 11.0 49.0
10 70 15.0 64.0
4 20 85.0 124.0
61 40 146.0 173.0
50 63 97.0 163.0
18 4 142.0 188.0
12 63 69.0 86.0
6 21 59.0 88.0
46 44 175.0 22.0
18 8 188.0 190.0
33 71 126.0 73.0
22 2 26.0 72.0
14 18 2.0 75.0
51 69 93.0 96.0
35 33 21.0 163.0
33 4 141.0 32.0
25 19 64.0 68.0
12 11 55.0 52.0
2 70 46.0 181.0
21 36 104.0 73.0
54 15 101.0 106.0
61 17 109.0 195.0
50 31 141.0 130.0
12 37 109.0 82.0
33 34 13.0 173.0
16 72 190.0 20.0
6 19 35.0 37.0
70 13 104.0 139.0
5 12 79.0 5.0
6 59 192.0 188.0
19 3 127.0 133.0
5 59 56.0 188.0
25 2 184.0 22.0
15 53 97.0 127.0
13 37 107.0 132.0
27 32 92.0 163.0
21 23 75.0 171.0
8 20 135.0 68.0
62 24 165.0 15.0
8 42 192.0 22.0
8 5 7.0 129.0
35 71 186.0 104.0
11 35 150.0 93.0
44 73 135.0 194.0
74 1 50.0 11.0
20 52 107.0 185.0
53 61 58.0 72.0
4 8 73.0 2.0
69 32 129.0 80.0
6 50 111.0 115.0
62 42 185.0 13.0
18 53 146.0 120.0
53 44 51.0 196.0
21 37 51.0 158.0
1 64 42.0 61.0
54 56 120.0 115.0
11 13 86.0 49.0
16 35 106.0 150.0
17 3 95.0 91.0
20 11 97.0 193.0
54 67 114.0 149.0
7 60 114.0 117.0
27 67 120.0 109.0
48 41 92.0 40.0
7 44 57.0 131.0
4 48 83.0 164.0
15 36 168.0 130.0
24 68 171.0 65.0
38 65 45.0 37.0
29 63 68.0 112.0
55 72 77.0 188.0
38 5 26.0 122.0
48 58 179.0 83.0
9 46 130.0 14.0
20 7 82.0 50.0
16 53 189.0 5.0
43 23 60.0 34.0
11 29 80.0 129.0
4 24 21.0 110.0
7 49 23.0 199.0
32 11 171.0 154.0
35 51 145.0 53.0
73 53 36.0 27.0
9 70 158.0 25.0
70 24 24.0 19.0
31 55 29.0 56.0
4 53 171.0 2.0
27 20 83.0 147.0
5 6 22.0 6.0
57 41 38.0 167.0
14 12 40.0 74.0
70 48 159.0 150.0
22 1 69.0 135.0
10 16 143.0 50.0
33 48 108.0 66.0
3 21 194.0 144.0
32 73 193.0 16.0
17 68 30.0 31.0
17 27 61.0 70.0
74 6 68.0 20.0
63 60 116.0 89.0
18 27 9.0 59.0
4 23 7.0 117.0
56 62 62.0 154.0
2 24 126.0 55.0
45 5 188.0 157.0
31 18 6.0 1.0
13 1 199.0 26.0
2 67 28.0 115.0
11 17 9.0 37.0
68 14 46.0 168.0
1 25 84.0 108.0
54 42 103.0 11.0
47 21 2.0 43.0
16 23 108.0 8.0
5 18 100.0 107.0
68 73 15.0 80.0
15 39 103.0 24.0
27 2 97.0 150.0
64 21 112.0 182.0
63 22 32.0 15.0
20 61 20.0 34.0
61 34 25.0 128.0
57 64 133.0 125.0
40 36 109.0 148.0
74 9 4.0 165.0
47 22 87.0 54.0
42 9 3.0 199.0
8 3 102.0 35.0
41 65 31.0 74.0
9 8 199.0 56.0
43 30 152.0 84.0
12 13 166.0 13.0
9 16 128.0 122.0
2 10 171.0 16.0
12 15 97.0 126.0
12 4 62.0 151.0
71 55 105.0 45.0
34 66 171.0 104.0
73 65 77.0 75.0
69 58 32.0 43.0
14 13 113.0 112.0
28 1 58.0 36.0
37 31 182.0 108.0
15 10 116.0 44.0
64 19 18.0 21.0
10 18 82.0 190.0
60 20 141.0 159.0
3 15 126.0 173.0
50 67 117.0 191.0
19 42 166.0 176.0
19 10 122.0 100.0
54 64 133.0 38.0
11 7 34.0 151.0
34 2 155.0 116.0
22 8 169.0 48.0
22 45 53.0 95.0
15 19 130.0 170.0
60 69 159.0 97.0
39 20 182.0 81.0
10 7 33.0 67.0
6 69 21.0 68.0
49 43 79.0 128.0
51 43 193.0 48.0
65 49 162.0 198.0
67 52 152.0 93.0
24 51 154.0 63.0
48 3 186.0 88.0
66 32 147.0 171.0
14 3 93.0 168.0
59 7 92.0 172.0
49 74 175.0 37.0
26 43 3.0 137.0
72 7 176.0 107.0
35 47 64.0 82.0
49 23 82.0 50.0
2 23 155.0 181.0
42 60 93.0 48.0
66 38 173.0 137.0
15 55 15.0 148.0
1 27 119.0 18.0
11 39 145.0 48.0
11 57 115.0 9.0
58 8 130.0 197.0
22 7 101.0 37.0
12 41 180.0 146.0
56 70 5.0 153.0
51 25 172.0 20.0
29 3 64.0 92.0
41 23 117.0 9.0
57 71 75.0 184.0
56 48 118.0 158.0
74 60 142.0 19.0
1 20 92.0 74.0
16 6 59.0 49.0
5 25 77.0 32.0
55 7 80.0 94.0
7 66 142.0 149.0
41 42 55.0 18.0
67 17 129.0 173.0
2 58 109.0 23.0
60 22 160.0 1.0
5 22 62.0 172.0
8 7 36.0 92.0
69 13 152.0 69.0
6 22 115.0 94.0
33 25 122.0 171.0
19 57 20.0 4.0
17 4 0.0 129.0
8 14 154.0 113.0
30 68 110.0 168.0
56 63 129.0 146.0
53 60 40.0 81.0
9 23 194.0 107.0
71 3 88.0 68.0
18 7 16.0 108.0
9 68 177.0 17.0
2 30 157.0 83.0
66 4 64.0 67.0
45 39 14.0 145.0
11 16 23.0 6.0
20 47 1.0 17.0
27 41 119.0 90.0
45 73 162.0 88.0
67 14 60.0 91.0
19 9 10.0 17.0
25 56 194.0 26.0
21 1 136.0 8.0
30 60 6.0 160.0
32 50 25.0 8.0
16 7 30.0 145.0
5 26 140.0 192.0
17 15 181.0 0.0
35 31 140.0 143.0
12 64 10.0 134.0
45 56 193.0 98.0
19 71 191.0 199.0
47 2 59.0 16.0
13 8 162.0 89.0
17 51 188.0 102.0
23 7 80.0 121.0
60 23 184.0 173.0
64 26 29.0 194.0
7 33 112.0 22.0
30 45 147.0 103.0
46 19 95.0 158.0
4 6 132.0 57.0
29 60 104.0 120.0
28 2 191.0 136.0
53 68 196.0 175.0
4 19 19.0 25.0
41 21 173.0 132.0
1 30 107.0 72.0
54 1 189.0 2.0
53 66 64.0 121.0
52 8 137.0 120.0
38 32 150.0 129.0
26 3 135.0 98.0
33 16 96.0 155.0
14 10 49.0 21.0
22 3 182.0 109.0
58 10 58.0 123.0
12 18 46.0 122.0
74 54 81.0 135.0
11 51 170.0 183.0
2 68 3.0 58.0
61 16 32.0 51.0
25 41 30.0 81.0
24 21 192.0 164.0
9 48 129.0 50.0
62 20 129.0 127.0
22 9 124.0 162.0
6 8 56.0 46.0
5 63 134.0 11.0
3 11 25.0 166.0
27 25 3.0 56.0
23 5 196.0 147.0
31 33 47.0 77.0
17 14 99.0 128.0
46 15 106.0 175.0
26 20 13.0 162.0
61 26 147.0 148.0
12 19 177.0 173.0
21 26 9.0 132.0
9 2 165.0 5.0
12 48 160.0 165.0
11 23 66.0 11.0
9 45 171.0 172.0
43 45 38.0 185.0
3 31 102.0 137.0
16 17 66.0 79.0
68 42 149.0 75.0
22 33 24.0 114.0
58 50 163.0 137.0
4 27 109.0 29.0
2 57 47.0 80.0
27 60 4.0 37.0
17 13 102.0 106.0
66 59 32.0 168.0
27 3 192.0 181.0
7 24 199.0 169.0
7 27 52.0 162.0
21 12 141.0 161.0
46 3 42.0 188.0
32 1 162.0 46.0
49 13 141.0 64.0
49 45 192.0 125.0
13 21 110.0 184.0
25 7 34.0 61.0
24 1 18.0 87.0
9 20 120.0 159.0
17 9 6.0 162.0
28 55 181.0 168.0
68 45 155.0 122.0
67 29 51.0 99.0
28 3 14.0 161.0
16 38 153.0 0.0
31 40 69.0 171.0
25 10 34.0 142.0
39 25 164.0 40.0
58 57 130.0 145.0
5 73 64.0 85.0
5 46 79.0 115.0
46 2 162.0 93.0
30 3 154.0 67.0
17 10 173.0 176.0
2 31 159.0 159.0
18 13 39.0 123.0
28 6 105.0 169.0
20 24 13.0 121.0
69 12 117.0 92.0
65 12 174.0 31.0
2 32 115.0 80.0
11 19 162.0 40.0
17 69 53.0 74.0
61 22 112.0 92.0
65 9 115.0 169.0
32 20 117.0 128.0
9 47 98.0 34.0
9 26 92.0 24.0
29 21 6.0 159.0
10 13 191.0 120.0
63 59 104.0 44.0
7 62 66.0 16.0
70 1 124.0 182.0
33 2 109.0 193.0
24 11 144.0 159.0
59 16 161.0 188.0
14 61 152.0 167.0
55 26 52.0 96.0
7 21 178.0 156.0
2 5 84.0 196.0
55 57 91.0 160.0
8 62 76.0 0.0
67 16 177.0 172.0
31 30 134.0 138.0
16 64 9.0 38.0
67 3 130.0 13.0
27 5 8.0 108.0
12 70 108.0 93.0
30 10 76.0 199.0
72 5 91.0 104.0
20 34 110.0 68.0
12 24 51.0 196.0
28 65 64.0 60.0
68 44 52.0 194.0
17 12 39.0 12.0
23 72 147.0 99.0
20 2 22.0 176.0
8 63 18.0 65.0
22 65 51.0 128.0
51 61 164.0 102.0
52 71 88.0 28.0
13 22 85.0 140.0
8 55 141.0 77.0
31 63 25.0 89.0
19 13 134.0 199.0
48 65 159.0 153.0
55 44 147.0 10.0
31 56 125.0 111.0
30 46 71.0 13.0
26 72 95.0 108.0
30 72 171.0 36.0
39 4 93.0 196.0
63 42 40.0 28.0
11 48 162.0 199.0
17 22 28.0 109.0
3 43 158.0 105.0
14 47 81.0 181.0
44 70 185.0 128.0
11 25 93.0 156.0
51 60 136.0 138.0
5 61 64.0 176.0
34 40 170.0 179.0
29 5 67.0 150.0
3 25 28.0 177.0
9 25 54.0 109.0
14 15 131.0 39.0
13 48 148.0 24.0
21 15 57.0 84.0
52 14 84.0 121.0
31 13 133.0 54.0
4 28 106.0 153.0
4 29 43.0 86.0
6 65 97.0 97.0
8 65 43.0 28.0
17 19 192.0 191.0
9 73 199.0 49.0
64 50 85.0 36.0
40 73 68.0 19.0
24 9 164.0 174.0
53 72 151.0 8.0
62 14 98.0 48.0
34 3 86.0 142.0
67 8 199.0 78.0
58 67 58.0 150.0
23 14 26.0 96.0
50 60 180.0 95.0
24 13 197.0 97.0
65 34 195.0 149.0
25 12 164.0 46.0
39 17 58.0 50.0
24 30 139.0 57.0
22 35 60.0 149.0
14 9 79.0 86.0
39 22 103.0 12.0
16 19 141.0 101.0
69 71 184.0 137.0
8 29 177.0 149.0
30 4 148.0 36.0
37 72 89.0 39.0
32 72 56.0 101.0
32 4 99.0 135.0
26 42 180.0 2.0
2 29 78.0 122.0
32 16 9.0 15.0
22 15 69.0 138.0
14 22 148.0 169.0
8 25 129.0 189.0
3 24 136.0 185.0
16 62 56.0 35.0
16 14 181.0 37.0
34 18 103.0 11.0
33 59 20.0 64.0
30 7 10.0 89.0
12 61 53.0 110.0
16 20 169.0 134.0
8 27 125.0 106.0
16 22 165.0 182.0
68 58 177.0 146.0
1 35 156.0 32.0
19 35 79.0 176.0
17 70 35.0 41.0
20 17 47.0 40.0
51 72 49.0 168.0
30 47 40.0 174.0
13 20 3.0 5.0
21 8 113.0 132.0
41 45 102.0 69.0
35 2 119.0 133.0
67 35 90.0 106.0
10 26 184.0 89.0
6 30 169.0 33.0
21 11 108.0 161.0
21 49 147.0 63.0
27 6 36.0 61.0
51 73 29.0 139.0
71 5 190.0 100.0
40 67 28.0 32.0
70 16 27.0 12.0
12 34 71.0 148.0
26 22 73.0 131.0
49 59 50.0 172.0
65 54 55.0 87.0
53 19 148.0 84.0
23 63 153.0 138.0
23 10 96.0 134.0
23 55 79.0 75.0
5 32 101.0 102.0
15 16 113.0 126.0
3 51 170.0 164.0
33 5 56.0 177.0
68 72 135.0 4.0
18 16 92.0 41.0
12 38 14.0 140.0
6 31 17.0 45.0
68 15 77.0 118.0
10 53 113.0 190.0
30 13 35.0 36.0
62 54 42.0 91.0
21 16 128.0 178.0
40 16 159.0 20.0
6 32 67.0 125.0
25 13 119.0 37.0
31 7 4.0 196.0
35 5 103.0 117.0
23 15 155.0 138.0
48 42 50.0 197.0
55 36 17.0 178.0
51 14 196.0 176.0
56 68 191.0 16.0
30 8 94.0 63.0
63 32 16.0 50.0
11 26 196.0 71.0
34 1 96.0 151.0
33 29 18.0 146.0
43 60 30.0 36.0
73 67 43.0 27.0
39 58 194.0 187.0
26 14 160.0 88.0
9 21 12.0 129.0
5 34 36.0 8.0
63 30 152.0 85.0
58 6 143.0 171.0
65 30 88.0 126.0
22 34 93.0 132.0
20 12 148.0 87.0
35 3 182.0 60.0
29 9 30.0 194.0
21 10 152.0 18.0
40 44 29.0 56.0
28 20 195.0 172.0
49 35 62.0 84.0
68 35 55.0 155.0
48 50 160.0 3.0
54 19 142.0 142.0
36 52 147.0 172.0
62 41 61.0 99.0
63 17 85.0 90.0
36 63 74.0 80.0
24 69 20.0 136.0
29 48 123.0 76.0
4 21 57.0 83.0
10 41 53.0 199.0
26 4 62.0 0.0
23 59 16.0 123.0
1 46 47.0 101.0
35 36 197.0 121.0
7 29 38.0 17.0
5 31 35.0 114.0
12 27 124.0 45.0
54 57 146.0 129.0
39 5 90.0 161.0
12 29 94.0 58.0
21 52 182.0 141.0
35 4 198.0 179.0
19 45 21.0 37.0
10 28 23.0 57.0
73 41 28.0 99.0
23 70 122.0 126.0
74 14 93.0 164.0
63 73 126.0 139.0
50 37 130.0 60.0
17 24 16.0 80.0
32 3 133.0 189.0
36 4 121.0 108.0
37 5 103.0 101.0
74 26 148.0 177.0
28 9 191.0 193.0
21 17 154.0 117.0
11 30 60.0 36.0
13 65 59.0 28.0
13 26 54.0 145.0
49 68 68.0 127.0
8 31 50.0 171.0
32 8 75.0 198.0
3 37 15.0 18.0
46 72 192.0 169.0
7 28 136.0 52.0
26 16 108.0 195.0
2 37 65.0 162.0
19 22 7.0 134.0
21 18 182.0 10.0
6 26 57.0 9.0
25 15 179.0 73.0
11 53 130.0 171.0
1 39 122.0 66.0
52 69 57.0 30.0
32 7 100.0 74.0
61 11 161.0 108.0
29 19 128.0 143.0
10 8 182.0 186.0
19 21 47.0 114.0
30 9 53.0 177.0
42 3 20.0 175.0
1 40 164.0 29.0
63 1 40.0 65.0
63 20 82.0 1.0
26 7 73.0 163.0
21 22 30.0 8.0
55 41 117.0 77.0
60 24 76.0 171.0
2 4 165.0 49.0
45 57 110.0 129.0
9 32 199.0 150.0
68 29 18.0 33.0
36 33 51.0 44.0
32 51 161.0 81.0
17 56 189.0 79.0
19 23 25.0 66.0
45 38 108.0 142.0
20 54 32.0 18.0
29 18 193.0 183.0
46 51 26.0 12.0
10 29 166.0 77.0
19 18 138.0 128.0
3 38 195.0 127.0
34 10 13.0 172.0
47 5 110.0 74.0
59 51 108.0 142.0
46 14 190.0 53.0
33 10 10.0 168.0
74 36 133.0 129.0
49 56 81.0 23.0
67 20 81.0 77.0
36 5 13.0 46.0
43 55 54.0 123.0
10 56 130.0 114.0
14 27 139.0 73.0
13 27 58.0 102.0
42 38 147.0 144.0
19 56 160.0 28.0
29 13 71.0 193.0
8 36 175.0 84.0
31 48 29.0 181.0
7 56 174.0 159.0
22 20 47.0 113.0
53 56 65.0 58.0
71 41 142.0 164.0
74 69 144.0 102.0
24 15 13.0 15.0
22 62 151.0 140.0
35 26 138.0 180.0
28 8 78.0 112.0
47 62 54.0 126.0
20 21 47.0 71.0
35 7 11.0 190.0
58 65 181.0 155.0
28 14 27.0 146.0
26 71 31.0 178.0
34 4 23.0 169.0
37 6 77.0 102.0
40 11 156.0 83.0
31 61 6.0 3.0
72 14 169.0 17.0
57 26 178.0 102.0
64 30 117.0 157.0
26 52 143.0 148.0
66 35 150.0 118.0
12 73 10.0 180.0
38 6 20.0 166.0
39 19 159.0 26.0
10 73 153.0 80.0
2 66 16.0 83.0
21 27 119.0 133.0
56 59 180.0 62.0
71 28 151.0 131.0
19 20 58.0 162.0
49 29 144.0 78.0
25 26 118.0 56.0
2 51 126.0 23.0
42 22 103.0 142.0
26 51 35.0 23.0
13 38 14.0 15.0
8 35 76.0 165.0
31 12 136.0 86.0
59 73 114.0 32.0
18 22 130.0 32.0
56 3 96.0 56.0
2 50 22.0 152.0
10 27 193.0 57.0
45 44 87.0 7.0
14 20 85.0 115.0
25 22 68.0 21.0
19 14 43.0 182.0
7 46 23.0 173.0
48 7 194.0 119.0
56 50 64.0 168.0
8 34 115.0 9.0
12 26 126.0 154.0
69 56 48.0 11.0
3 63 187.0 116.0
34 11 36.0 182.0
23 45 193.0 59.0
51 45 23.0 139.0
73 52 104.0 39.0
42 23 88.0 171.0
18 11 108.0 167.0
67 7 64.0 157.0
42 4 57.0 4.0
15 27 142.0 45.0
37 47 32.0 87.0
17 71 92.0 7.0
27 23 171.0 149.0
4 38 14.0 12.0
23 20 40.0 75.0
50 61 128.0 57.0
56 64 86.0 185.0
6 39 94.0 180.0
43 29 25.0 78.0
28 11 132.0 117.0
41 2 83.0 56.0
32 10 185.0 49.0
9 36 12.0 177.0
35 55 70.0 93.0
22 29 199.0 156.0
9 33 147.0 93.0
37 8 3.0 172.0
15 29 46.0 135.0
27 68 199.0 81.0
18 20 114.0 184.0
40 5 115.0 79.0
37 53 148.0 185.0
18 24 111.0 99.0
55 17 138.0 59.0
18 23 77.0 141.0
36 50 38.0 75.0
21 61 184.0 37.0
51 63 45.0 98.0
4 40 188.0 161.0
66 61 152.0 88.0
1 31 126.0 15.0
23 13 47.0 64.0
39 41 187.0 76.0
8 38 7.0 25.0
28 12 97.0 191.0
26 19 77.0 143.0
16 24 121.0 65.0
43 9 50.0 25.0
38 7 73.0 128.0
37 7 77.0 72.0
26 17 90.0 16.0
38 39 62.0 49.0
13 33 198.0 159.0
50 41 54.0 27.0
45 29 169.0 127.0
15 71 92.0 171.0
58 43 60.0 117.0
48 54 148.0 89.0
33 12 44.0 190.0
36 11 60.0 106.0
3 40 67.0 10.0
73 60 134.0 74.0
67 6 80.0 55.0
55 12 51.0 124.0
54 70 124.0 63.0
27 73 175.0 72.0
14 35 165.0 171.0
45 1 38.0 177.0
22 24 23.0 57.0
15 32 59.0 109.0
10 35 95.0 92.0
9 34 71.0 98.0
57 22 96.0 195.0
72 8 130.0 24.0
42 56 38.0 95.0
44 10 176.0 28.0
34 57 38.0 151.0
22 37 6.0 50.0
72 69 169.0 101.0
3 58 24.0 40.0
57 32 81.0 73.0
17 42 191.0 12.0
15 30 173.0 30.0
10 36 193.0 101.0
44 1 66.0 184.0
16 51 138.0 24.0
36 2 142.0 108.0
36 37 94.0 119.0
69 33 94.0 175.0
52 48 37.0 86.0
2 39 27.0 11.0
35 12 175.0 21.0
40 66 30.0 193.0
20 44 23.0 120.0
44 57 77.0 117.0
28 18 169.0 171.0
37 9 173.0 63.0
55 4 133.0 11.0
2 44 48.0 160.0
40 2 155.0 175.0
45 2 33.0 137.0
60 31 89.0 56.0
36 1 71.0 118.0
69 44 47.0 40.0
50 3 177.0 20.0
58 42 175.0 110.0
44 24 148.0 175.0
47 25 199.0 55.0
19 68 63.0 32.0
24 23 145.0 152.0
2 53 81.0 17.0
74 16 3.0 128.0
30 16 119.0 180.0
31 15 194.0 46.0
42 6 174.0 94.0
52 54 97.0 173.0
33 11 1.0 160.0
3 39 166.0 147.0
31 17 151.0 47.0
35 13 39.0 154.0
34 35 113.0 158.0
62 3 195.0 59.0
52 42 52.0 170.0
15 34 101.0 149.0
41 5 100.0 55.0
24 19 62.0 66.0
36 7 195.0 13.0
49 54 23.0 186.0
66 33 135.0 136.0
43 1 29.0 82.0
26 33 108.0 81.0
67 49 1.0 10.0
32 17 66.0 54.0
41 4 41.0 128.0
51 44 180.0 188.0
12 16 66.0 3.0
32 12 124.0 1.0
31 9 93.0 153.0
43 6 188.0 2.0
44 37 109.0 141.0
16 25 152.0 176.0
28 15 54.0 145.0
32 18 10.0 187.0
13 16 84.0 76.0
42 5 26.0 8.0
27 22 105.0 120.0
34 13 70.0 45.0
16 31 67.0 131.0
18 30 2.0 171.0
57 39 114.0 8.0
35 15 14.0 124.0
37 14 28.0 98.0
17 30 199.0 7.0
31 19 24.0 56.0
58 14 191.0 94.0
33 40 126.0 58.0
14 38 153.0 128.0
15 20 98.0 19.0
45 3 30.0 64.0
41 35 183.0 58.0
57 24 144.0 134.0
53 36 49.0 168.0
29 16 36.0 40.0
29 20 180.0 114.0
18 65 128.0 133.0
1 47 71.0 179.0
20 31 0.0 101.0
1 49 130.0 135.0
44 9 25.0 74.0
23 22 57.0 75.0
36 6 104.0 46.0
10 40 149.0 84.0
10 22 38.0 30.0
37 10 26.0 61.0
44 5 114.0 27.0
54 51 154.0 45.0
59 10 45.0 180.0
2 21 26.0 55.0
44 6 192.0 82.0
51 1 120.0 142.0
52 51 163.0 110.0
52 6 89.0 190.0
38 11 111.0 4.0
24 74 116.0 17.0
17 33 138.0 113.0
25 53 31.0 117.0
50 28 139.0 23.0
40 8 7.0 59.0
3 33 126.0 123.0
66 72 131.0 168.0
30 21 117.0 42.0
12 36 45.0 33.0
54 2 117.0 184.0
40 12 193.0 100.0
1 3 171.0 132.0
14 33 187.0 178.0
74 42 7.0 65.0
39 54 104.0 138.0
25 18 82.0 22.0
2 49 56.0 128.0
43 65 174.0 126.0
16 49 169.0 167.0
51 58 0.0 140.0
3 49 108.0 139.0
34 17 43.0 67.0
25 24 147.0 99.0
40 64 88.0 182.0
23 28 83.0 145.0
2 43 43.0 9.0
60 37 8.0 12.0
20 50 174.0 8.0
23 25 100.0 34.0
33 18 45.0 95.0
41 68 3.0 193.0
5 43 197.0 91.0
58 73 115.0 33.0
31 21 165.0 158.0
37 11 102.0 125.0
22 31 155.0 28.0
65 25 87.0 56.0
40 72 29.0 133.0
16 34 119.0 184.0
34 14 194.0 116.0
41 9 132.0 109.0
37 18 67.0 97.0
74 65 73.0 121.0
39 12 91.0 28.0
42 12 184.0 130.0
37 58 142.0 165.0
50 71 50.0 61.0
11 55 146.0 44.0
70 52 127.0 78.0
21 32 122.0 146.0
3 44 160.0 147.0
8 45 86.0 51.0
39 9 8.0 22.0
50 43 43.0 150.0
48 2 20.0 93.0
7 73 77.0 118.0
28 36 24.0 5.0
69 48 130.0 98.0
62 36 141.0 90.0
71 21 88.0 180.0
13 59 25.0 96.0
5 52 32.0 20.0
19 27 9.0 4.0
1 60 103.0 86.0
73 30 100.0 79.0
31 10 14.0 30.0
28 25 195.0 156.0
15 37 195.0 83.0
43 47 33.0 172.0
8 39 94.0 17.0
7 42 15.0 103.0
12 54 169.0 70.0
20 33 76.0 69.0
28 73 102.0 42.0
23 31 44.0 97.0
27 26 129.0 39.0
73 20 195.0 162.0
5 68 119.0 41.0
28 24 154.0 134.0
71 16 119.0 75.0
14 50 34.0 147.0
26 36 74.0 136.0
1 41 26.0 118.0
33 50 134.0 155.0
1 50 133.0 130.0
53 1 10.0 52.0
26 28 106.0 165.0
43 10 3.0 177.0
46 4 86.0 37.0
46 61 5.0 112.0
66 41 181.0 32.0
68 66 68.0 116.0
35 18 114.0 1.0
52 38 141.0 76.0
37 20 192.0 199.0
47 59 171.0 195.0
29 24 166.0 10.0
3 47 126.0 123.0
51 4 52.0 108.0
11 42 8.0 120.0
14 41 199.0 74.0
6 45 127.0 93.0
27 55 178.0 72.0
30 22 121.0 101.0
35 54 19.0 39.0
57 18 99.0 146.0
47 67 69.0 151.0
17 43 108.0 29.0
40 6 80.0 59.0
13 39 102.0 160.0
18 63 66.0 32.0
48 14 8.0 187.0
40 15 39.0 27.0
7 47 164.0 138.0
5 49 161.0 34.0
38 74 67.0 21.0
56 2 125.0 99.0
38 26 30.0 179.0
52 2 47.0 96.0
11 43 45.0 55.0
11 41 109.0 36.0
57 67 35.0 73.0
63 24 185.0 149.0
24 71 42.0 52.0
72 49 37.0 119.0
35 20 111.0 67.0
56 39 157.0 158.0
1 52 167.0 155.0
10 45 103.0 76.0
67 4 38.0 91.0
32 19 36.0 23.0
36 17 166.0 78.0
40 17 199.0 3.0
66 39 12.0 110.0
31 14 186.0 121.0
37 17 81.0 153.0
44 11 42.0 184.0
66 74 44.0 80.0
46 8 134.0 80.0
12 57 119.0 100.0
18 38 162.0 119.0
18 26 160.0 174.0
17 35 35.0 98.0
17 41 48.0 116.0
28 22 68.0 90.0
36 14 52.0 64.0
23 32 61.0 186.0
73 19 121.0 132.0
56 52 66.0 83.0
66 42 35.0 178.0
13 40 85.0 70.0
52 74 18.0 133.0
7 50 24.0 39.0
57 1 122.0 76.0
26 29 62.0 135.0
69 21 145.0 184.0
50 12 56.0 164.0
32 35 190.0 91.0
24 45 4.0 75.0
30 19 45.0 23.0
17 38 32.0 69.0
60 71 21.0 106.0
30 26 69.0 84.0
52 4 85.0 166.0
22 32 20.0 142.0
39 18 148.0 10.0
44 13 104.0 105.0
8 47 132.0 101.0
19 70 11.0 164.0
44 32 37.0 185.0
24 32 31.0 58.0
56 46 128.0 116.0
66 25 132.0 149.0
13 42 199.0 33.0
48 21 146.0 56.0
47 58 112.0 31.0
27 31 157.0 75.0
39 7 35.0 147.0
64 14 18.0 18.0
59 62 138.0 99.0
64 27 45.0 22.0
24 31 60.0 45.0
28 32 163.0 7.0
15 59 195.0 75.0
19 34 156.0 104.0
7 45 93.0 143.0
30 23 39.0 111.0
45 11 146.0 129.0
21 35 122.0 192.0
25 20 105.0 182.0
41 30 156.0 68.0
8 43 165.0 103.0
22 49 10.0 121.0
50 9 68.0 103.0
47 72 27.0 108.0
40 7 92.0 174.0
5 24 101.0 14.0
62 37 53.0 158.0
67 63 21.0 9.0
23 35 121.0 138.0
46 10 132.0 84.0
46 13 6.0 1.0
29 42 188.0 34.0
29 25 40.0 80.0
53 21 89.0 93.0
42 15 36.0 142.0
53 5 104.0 10.0
18 41 137.0 177.0
29 28 188.0 70.0
27 16 59.0 146.0
51 5 30.0 199.0
65 62 122.0 22.0
60 6 24.0 11.0
5 50 100.0 12.0
41 16 73.0 156.0
50 46 83.0 163.0
12 45 52.0 23.0
31 25 188.0 63.0
67 62 146.0 18.0
49 70 172.0 69.0
53 63 179.0 196.0
50 10 147.0 79.0
24 34 58.0 172.0
40 14 171.0 93.0
43 61 24.0 23.0
62 18 91.0 164.0
19 28 44.0 38.0
44 16 36.0 168.0
25 32 133.0 167.0
53 6 164.0 32.0
48 22 58.0 174.0
6 47 13.0 29.0
39 21 76.0 189.0
47 61 146.0 168.0
18 40 65.0 190.0
62 58 12.0 53.0
45 13 104.0 146.0
38 20 5.0 20.0
41 15 28.0 15.0
54 6 148.0 41.0
28 35 197.0 25.0
55 6 25.0 143.0
54 43 72.0 42.0
45 15 24.0 84.0
43 14 88.0 81.0
40 21 48.0 45.0
55 3 109.0 76.0
72 70 10.0 10.0
6 46 188.0 8.0
25 60 139.0 14.0
36 20 186.0 163.0
45 16 173.0 11.0
56 6 95.0 14.0
29 32 193.0 143.0
31 29 129.0 55.0
18 36 93.0 139.0
49 11 88.0 82.0
66 31 40.0 27.0
33 27 113.0 179.0
2 1 171.0 38.0
47 45 131.0 66.0
21 43 184.0 77.0
47 11 23.0 113.0
34 26 153.0 117.0
71 72 107.0 41.0
19 40 7.0 99.0
54 5 151.0 72.0
71 44 6.0 75.0
66 28 27.0 90.0
70 64 37.0 163.0
66 23 48.0 61.0
43 18 137.0 1.0
36 22 32.0 196.0
69 18 176.0 191.0
37 27 194.0 127.0
48 57 194.0 153.0
44 15 151.0 174.0
30 28 61.0 141.0
13 51 199.0 109.0
35 25 117.0 88.0
10 49 22.0 101.0
42 21 57.0 198.0
47 38 139.0 52.0
21 46 128.0 86.0
57 4 10.0 31.0
33 21 115.0 23.0
63 57 162.0 114.0
7 51 2.0 79.0
24 36 122.0 24.0
42 39 37.0 179.0
42 18 83.0 129.0
25 48 140.0 163.0
38 30 24.0 102.0
41 20 198.0 140.0
53 8 155.0 112.0
48 45 103.0 109.0
36 25 53.0 25.0
26 37 63.0 43.0
59 1 33.0 146.0
38 33 166.0 125.0
7 53 128.0 190.0
50 55 67.0 78.0
48 8 154.0 174.0
47 13 11.0 57.0
59 4 181.0 65.0
54 7 84.0 44.0
5 57 171.0 117.0
4 54 13.0 137.0
33 28 80.0 142.0
40 20 3.0 99.0
43 20 98.0 157.0
12 49 79.0 110.0
16 46 145.0 12.0
58 53 19.0 30.0
52 32 107.0 142.0
40 22 69.0 73.0
60 3 24.0 102.0
49 14 151.0 179.0
8 49 185.0 1.0
9 53 8.0 17.0
36 27 177.0 106.0
47 33 45.0 196.0
34 29 34.0 152.0
74 20 32.0 55.0
1 62 132.0 8.0
12 53 34.0 35.0
6 51 35.0 172.0
48 15 90.0 196.0
25 37 112.0 20.0
73 15 129.0 157.0
36 39 180.0 163.0
4 60 184.0 12.0
25 38 87.0 116.0
72 2 141.0 74.0
7 52 191.0 129.0
16 48 109.0 34.0
40 45 169.0 22.0
46 17 129.0 98.0
74 55 185.0 110.0
4 56 113.0 121.0
41 22 112.0 153.0
57 7 183.0 6.0
54 10 12.0 175.0
24 41 191.0 121.0
44 72 37.0 112.0
38 23 172.0 119.0
29 36 113.0 109.0
58 61 7.0 27.0
9 52 111.0 71.0
48 32 184.0 47.0
52 12 128.0 148.0
72 34 150.0 71.0
18 46 96.0 187.0
67 5 74.0 20.0
32 33 47.0 188.0
19 52 132.0 54.0
58 74 10.0 195.0
1 56 71.0 194.0
11 50 151.0 152.0
64 2 184.0 53.0
27 35 9.0 32.0
45 20 91.0 83.0
47 17 199.0 90.0
37 65 193.0 83.0
10 52 128.0 3.0
6 72 42.0 152.0
32 71 111.0 145.0
18 44 94.0 47.0
11 59 195.0 103.0
30 34 124.0 38.0
58 5 57.0 75.0
54 11 198.0 2.0
9 57 167.0 78.0
54 73 151.0 161.0
69 16 22.0 14.0
30 29 2.0 68.0
64 5 34.0 197.0
56 9 177.0 110.0
37 28 141.0 186.0
45 18 191.0 139.0
49 18 102.0 158.0
55 33 142.0 5.0
12 51 189.0 116.0
43 22 182.0 191.0
6 49 172.0 17.0
10 51 93.0 101.0
19 41 114.0 186.0
34 21 176.0 57.0
49 17 198.0 30.0
40 25 19.0 141.0
40 62 144.0 8.0
52 15 103.0 127.0
36 47 20.0 27.0
50 62 193.0 65.0
31 34 198.0 59.0
12 44 174.0 126.0
36 31 125.0 125.0
54 9 56.0 144.0
42 35 70.0 0.0
46 22 146.0 173.0
35 24 103.0 118.0
55 10 51.0 48.0
12 47 114.0 1.0
17 60 61.0 41.0
34 32 84.0 186.0
13 54 59.0 140.0
27 43 41.0 129.0
65 2 51.0 140.0
26 39 90.0 106.0
44 23 180.0 141.0
27 71 190.0 47.0
56 67 160.0 4.0
45 21 190.0 44.0
3 61 11.0 49.0
33 30 105.0 53.0
30 35 146.0 156.0
43 25 149.0 36.0
19 50 135.0 82.0
27 40 148.0 126.0
38 27 127.0 108.0
9 59 97.0 117.0
58 9 174.0 109.0
25 42 139.0 79.0
50 23 62.0 85.0
38 31 124.0 164.0
53 27 25.0 60.0
7 61 48.0 173.0
15 51 92.0 175.0
6 73 36.0 142.0
57 10 116.0 11.0
1 67 176.0 55.0
8 57 137.0 190.0
24 40 17.0 14.0
9 51 31.0 42.0
63 43 184.0 79.0
56 14 45.0 28.0
53 14 117.0 81.0
72 29 42.0 33.0
55 14 21.0 170.0
61 6 196.0 111.0
4 64 20.0 13.0
31 39 115.0 51.0
43 16 129.0 99.0
46 38 44.0 126.0
47 65 175.0 113.0
6 62 43.0 18.0
21 67 168.0 17.0
24 43 169.0 164.0
48 20 156.0 141.0
46 20 112.0 71.0
42 20 173.0 193.0
60 15 51.0 17.0
61 4 36.0 27.0
4 63 166.0 32.0
48 38 191.0 86.0
74 59 86.0 112.0
46 60 68.0 42.0
54 36 81.0 180.0
58 72 36.0 54.0
40 28 125.0 88.0
38 28 85.0 114.0
17 52 153.0 51.0
62 15 28.0 144.0
23 48 176.0 114.0
15 50 163.0 44.0
27 42 160.0 44.0
16 50 147.0 148.0
45 25 178.0 24.0
19 33 71.0 63.0
63 6 135.0 177.0
52 18 49.0 115.0
31 32 191.0 25.0
55 5 14.0 106.0
48 49 50.0 126.0
32 39 121.0 149.0
48 19 23.0 51.0
66 1 53.0 46.0
69 1 137.0 140.0
60 19 27.0 138.0
54 14 31.0 18.0
47 23 85.0 45.0
68 57 28.0 88.0
40 30 166.0 101.0
44 34 180.0 141.0
10 61 0.0 185.0
22 64 108.0 138.0
60 67 123.0 135.0
40 29 32.0 106.0
43 13 10.0 70.0
68 21 178.0 38.0
60 9 111.0 97.0
46 27 64.0 91.0
58 12 190.0 65.0
44 14 87.0 98.0
48 43 31.0 162.0
46 24 123.0 64.0
62 5 151.0 85.0
13 52 143.0 81.0
56 8 13.0 6.0
61 8 147.0 29.0
26 41 31.0 89.0
60 10 137.0 70.0
33 39 66.0 168.0
59 31 127.0 141.0
65 3 170.0 30.0
58 7 70.0 66.0
24 38 115.0 35.0
44 27 151.0 15.0
8 60 65.0 134.0
39 30 18.0 154.0
68 1 144.0 36.0
60 11 33.0 24.0
28 42 58.0 4.0
66 5 17.0 81.0
65 17 168.0 132.0
21 50 197.0 72.0
29 39 96.0 62.0
30 42 55.0 67.0
47 24 53.0 152.0
54 18 189.0 39.0
73 74 157.0 199.0
64 25 111.0 174.0
20 71 82.0 32.0
57 15 58.0 79.0
33 60 177.0 106.0
53 20 104.0 185.0
60 2 62.0 109.0
68 4 151.0 3.0
19 47 160.0 108.0
53 17 184.0 72.0
24 37 147.0 18.0
50 22 174.0 157.0
65 7 5.0 152.0
41 28 18.0 61.0
40 32 43.0 32.0
64 7 166.0 146.0
22 68 24.0 127.0
44 28 182.0 160.0
24 49 167.0 129.0
72 67 172.0 141.0
29 41 91.0 177.0
41 63 112.0 61.0
27 45 184.0 107.0
70 3 69.0 150.0
74 10 54.0 46.0
34 37 187.0 37.0
50 59 166.0 154.0
60 12 59.0 91.0
57 16 180.0 102.0
37 29 172.0 92.0
43 28 40.0 108.0
33 41 19.0 61.0
51 23 68.0 73.0
44 30 107.0 8.0
9 61 138.0 26.0
46 23 8.0 149.0
68 6 148.0 188.0
55 19 174.0 120.0
49 25 190.0 166.0
52 22 79.0 161.0
48 24 57.0 99.0
6 66 182.0 164.0
69 2 184.0 120.0
26 46 197.0 144.0
51 22 38.0 145.0
3 68 101.0 164.0
25 69 37.0 92.0
27 58 149.0 68.0
31 42 194.0 6.0
12 59 49.0 176.0
14 57 172.0 186.0
73 2 143.0 169.0
68 38 132.0 133.0
9 66 131.0 33.0
45 36 42.0 169.0
2 71 27.0 191.0
47 27 137.0 21.0
63 10 33.0 186.0
35 37 69.0 5.0
51 19 70.0 164.0
29 46 175.0 2.0
58 17 80.0 106.0
71 4 100.0 75.0
13 61 174.0 127.0
34 39 136.0 111.0
28 53 50.0 169.0
64 11 29.0 71.0
68 71 95.0 51.0
38 37 138.0 70.0
54 40 58.0 170.0
65 10 173.0 158.0
58 18 128.0 100.0
41 31 37.0 16.0
6 70 140.0 87.0
52 66 69.0 169.0
21 54 137.0 116.0
26 49 19.0 27.0
3 41 24.0 29.0
56 20 59.0 150.0
41 32 163.0 139.0
13 62 179.0 153.0
43 32 59.0 71.0
1 71 2.0 128.0
49 19 144.0 139.0
53 29 156.0 115.0
8 50 63.0 132.0
47 29 61.0 122.0
63 62 50.0 25.0
61 65 164.0 181.0
64 3 74.0 23.0
60 14 10.0 76.0
47 28 189.0 154.0
57 66 2.0 97.0
45 72 51.0 65.0
34 41 100.0 112.0
65 11 72.0 150.0
46 28 142.0 36.0
42 32 132.0 168.0
31 53 17.0 94.0
29 59 51.0 6.0
28 68 188.0 5.0
69 7 100.0 191.0
42 33 163.0 1.0
13 64 116.0 187.0
55 18 74.0 58.0
47 31 0.0 158.0
51 21 91.0 17.0
39 37 74.0 142.0
39 63 66.0 14.0
33 43 133.0 167.0
58 19 157.0 48.0
40 59 10.0 74.0
68 7 96.0 37.0
22 56 38.0 48.0
20 55 52.0 129.0
52 23 174.0 78.0
69 8 47.0 192.0
48 30 62.0 180.0
50 27 103.0 19.0
67 9 29.0 113.0
24 54 41.0 125.0
55 22 146.0 79.0
8 68 134.0 150.0
49 28 108.0 60.0
2 74 75.0 155.0
59 20 43.0 137.0
57 20 86.0 98.0
74 5 132.0 115.0
67 10 164.0 173.0
11 56 59.0 110.0
63 44 101.0 145.0
49 52 67.0 161.0
66 11 173.0 142.0
20 72 26.0 169.0
40 37 190.0 64.0
26 54 98.0 122.0
7 70 192.0 62.0
73 1 119.0 3.0
36 42 132.0 20.0
59 18 114.0 199.0
24 53 160.0 40.0
42 46 161.0 138.0
18 60 108.0 151.0
21 56 112.0 6.0
46 32 27.0 56.0
70 8 83.0 99.0
67 11 64.0 15.0
45 33 56.0 178.0
28 67 82.0 168.0
58 21 56.0 44.0
40 38 49.0 164.0
10 66 149.0 161.0
48 28 88.0 129.0
13 55 187.0 123.0
50 30 105.0 51.0
26 47 167.0 113.0
25 52 180.0 49.0
15 66 153.0 36.0
59 22 166.0 2.0
23 56 168.0 67.0
69 11 114.0 8.0
10 68 124.0 101.0
21 59 81.0 29.0
67 12 87.0 0.0
41 38 117.0 19.0
46 33 40.0 22.0
13 58 185.0 158.0
19 59 178.0 154.0
45 34 198.0 92.0
59 17 69.0 122.0
26 48 137.0 102.0
15 63 174.0 25.0
52 28 103.0 43.0
16 65 11.0 95.0
4 73 86.0 197.0
64 15 4.0 64.0
55 24 112.0 3.0
49 30 104.0 133.0
63 16 131.0 42.0
9 69 146.0 57.0
73 8 67.0 1.0
71 8 64.0 31.0
31 45 84.0 103.0
72 10 100.0 88.0
39 44 130.0 164.0
9 71 54.0 34.0
49 31 80.0 185.0
49 32 111.0 179.0
29 50 118.0 130.0
35 45 82.0 182.0
63 19 128.0 118.0
56 26 33.0 181.0
15 67 75.0 115.0
22 72 137.0 129.0
34 47 177.0 18.0
20 68 108.0 40.0
42 34 110.0 26.0
63 26 82.0 193.0
69 38 155.0 162.0
54 25 25.0 140.0
27 54 44.0 100.0
43 38 191.0 182.0
62 19 61.0 120.0
41 13 182.0 170.0
39 69 24.0 93.0
18 61 108.0 106.0
68 40 172.0 15.0
28 51 61.0 149.0
37 46 24.0 106.0
28 56 32.0 15.0
35 44 45.0 45.0
35 46 37.0 27.0
67 51 25.0 61.0
66 16 60.0 85.0
73 11 57.0 184.0
40 58 172.0 71.0
4 65 118.0 197.0
64 55 161.0 102.0
66 19 101.0 6.0
74 8 31.0 90.0
64 20 16.0 8.0
43 39 165.0 76.0
69 15 108.0 174.0
57 25 80.0 32.0
37 64 191.0 198.0
66 17 198.0 152.0
40 43 114.0 52.0
14 69 2.0 145.0
48 10 70.0 170.0
26 58 99.0 35.0
56 61 109.0 7.0
60 13 182.0 189.0
52 68 167.0 125.0
63 21 190.0 165.0
29 52 36.0 105.0
59 67 158.0 190.0
31 43 108.0 29.0
26 50 123.0 7.0
29 57 138.0 32.0
18 66 27.0 72.0
20 66 103.0 146.0
46 34 168.0 94.0
11 70 145.0 156.0
52 31 62.0 55.0
51 33 20.0 170.0
71 13 31.0 143.0
56 30 102.0 121.0
52 34 62.0 81.0
24 59 170.0 117.0
35 50 76.0 138.0
12 72 20.0 173.0
55 29 54.0 34.0
27 59 166.0 74.0
61 30 183.0 149.0
30 52 47.0 85.0
28 54 159.0 61.0
66 14 189.0 130.0
36 49 160.0 17.0
52 43 61.0 132.0
50 24 36.0 115.0
64 23 161.0 2.0
40 46 160.0 144.0
37 33 143.0 159.0
12 71 199.0 54.0
64 31 197.0 141.0
49 39 176.0 157.0
58 24 24.0 190.0
14 70 131.0 60.0
16 68 62.0 93.0
72 1 196.0 22.0
44 41 24.0 91.0
45 37 57.0 176.0
41 52 191.0 54.0
26 69 32.0 167.0
23 62 14.0 56.0
65 23 166.0 98.0
55 32 48.0 28.0
57 65 56.0 44.0
15 70 43.0 32.0
31 54 114.0 100.0
58 28 9.0 57.0
59 26 29.0 41.0
42 45 149.0 43.0
71 14 145.0 115.0
63 25 169.0 145.0
51 68 186.0 177.0
17 64 60.0 29.0
52 35 199.0 127.0
62 26 60.0 8.0
59 30 144.0 41.0
65 31 114.0 45.0
21 65 14.0 11.0
37 51 106.0 135.0
24 61 125.0 93.0
72 17 148.0 186.0
54 33 41.0 99.0
70 57 11.0 53.0
51 29 162.0 155.0
28 59 61.0 76.0
66 21 122.0 27.0
47 41 94.0 180.0
49 38 157.0 171.0
39 46 152.0 105.0
43 44 72.0 146.0
42 47 127.0 35.0
38 51 129.0 89.0
32 58 160.0 142.0
33 56 154.0 82.0
65 24 168.0 0.0
9 72 36.0 125.0
27 56 55.0 188.0
74 13 53.0 127.0
47 40 84.0 132.0
61 27 151.0 165.0
51 74 48.0 111.0
50 39 169.0 154.0
11 74 47.0 89.0
41 40 158.0 83.0
67 22 89.0 14.0
35 64 196.0 94.0
38 50 64.0 80.0
38 64 90.0 15.0
57 31 189.0 90.0
36 51 31.0 110.0
20 65 179.0 78.0
37 41 19.0 138.0
66 22 96.0 108.0
69 20 157.0 93.0
56 12 181.0 174.0
54 37 131.0 23.0
32 45 43.0 72.0
54 32 11.0 26.0
29 62 51.0 190.0
24 67 109.0 70.0
31 58 134.0 157.0
41 51 67.0 43.0
47 44 155.0 0.0
60 28 131.0 86.0
41 49 149.0 126.0
56 40 75.0 112.0
62 27 181.0 78.0
46 45 71.0 42.0
18 72 12.0 157.0
46 43 82.0 79.0
32 59 33.0 37.0
20 70 94.0 116.0
15 74 80.0 195.0
27 63 158.0 107.0
69 22 48.0 91.0
54 34 11.0 72.0
11 71 86.0 175.0
69 29 105.0 120.0
65 27 91.0 90.0
39 52 171.0 185.0
53 38 198.0 3.0
55 37 153.0 108.0
26 65 28.0 153.0
48 44 168.0 192.0
48 39 141.0 7.0
48 46 163.0 46.0
57 37 174.0 55.0
60 32 146.0 145.0
62 10 116.0 96.0
35 53 107.0 69.0
58 29 39.0 87.0
62 30 7.0 159.0
23 68 125.0 149.0
17 74 83.0 88.0
33 58 132.0 57.0
68 13 165.0 30.0
63 28 67.0 81.0
58 34 37.0 126.0
30 54 126.0 28.0
6 34 196.0 86.0
27 66 152.0 121.0
53 40 123.0 187.0
25 67 97.0 55.0
32 53 6.0 62.0
29 64 47.0 25.0
73 23 124.0 36.0
51 42 162.0 3.0
40 51 111.0 158.0
23 67 114.0 64.0
35 57 1.0 37.0
40 52 199.0 98.0
38 55 47.0 157.0
42 50 6.0 46.0
53 41 3.0 83.0
72 21 105.0 165.0
19 69 59.0 16.0
29 73 3.0 173.0
16 73 132.0 4.0
60 35 139.0 131.0
46 53 127.0 138.0
57 38 110.0 86.0
24 66 120.0 113.0
36 72 38.0 177.0
6 12 117.0 97.0
62 34 110.0 120.0
26 67 89.0 42.0
72 19 51.0 28.0
48 37 141.0 130.0
18 68 28.0 3.0
34 59 96.0 100.0
36 57 158.0 86.0
35 59 96.0 27.0
56 38 191.0 158.0
35 58 59.0 81.0
29 66 147.0 110.0
73 21 188.0 88.0
60 36 146.0 16.0
61 33 11.0 195.0
62 31 16.0 121.0
68 61 127.0 64.0
35 62 174.0 118.0
70 27 157.0 33.0
66 30 145.0 104.0
34 60 97.0 134.0
68 25 146.0 195.0
40 42 12.0 157.0
28 64 145.0 180.0
73 70 177.0 72.0
47 57 195.0 152.0
61 32 107.0 152.0
64 34 121.0 4.0
63 37 139.0 170.0
69 30 164.0 86.0
56 41 36.0 128.0
43 56 156.0 181.0
64 33 174.0 134.0
67 30 41.0 121.0
32 62 160.0 100.0
60 38 187.0 33.0
26 73 92.0 126.0
59 37 133.0 56.0
51 47 138.0 121.0
32 65 0.0 94.0
23 74 158.0 126.0
44 54 98.0 0.0
33 63 60.0 10.0
31 67 57.0 47.0
50 40 72.0 149.0
28 69 154.0 157.0
55 46 141.0 92.0
57 30 95.0 93.0
69 31 41.0 54.0
58 41 92.0 139.0
52 46 168.0 152.0
70 30 145.0 25.0
65 35 70.0 170.0
71 25 131.0 176.0
53 33 146.0 72.0
26 60 78.0 42.0
69 41 155.0 119.0
39 59 64.0 199.0
31 68 59.0 184.0
45 52 34.0 4.0
55 47 124.0 57.0
69 62 116.0 8.0
57 43 61.0 62.0
45 54 86.0 91.0
50 47 62.0 193.0
59 41 86.0 79.0
30 71 101.0 145.0
68 32 113.0 88.0
53 50 34.0 189.0
70 31 32.0 102.0
24 73 180.0 45.0
62 73 182.0 18.0
67 32 24.0 44.0
26 66 156.0 111.0
70 32 12.0 9.0
61 39 139.0 77.0
59 36 173.0 125.0
38 58 198.0 157.0
74 25 22.0 130.0
74 45 94.0 156.0
62 39 21.0 71.0
47 53 63.0 129.0
61 42 53.0 27.0
52 53 30.0 192.0
54 47 195.0 155.0
71 29 98.0 193.0
45 58 63.0 73.0
56 44 88.0 110.0
51 66 59.0 61.0
53 51 57.0 74.0
42 59 116.0 110.0
35 69 89.0 99.0
67 45 77.0 84.0
38 62 139.0 128.0
52 50 80.0 3.0
29 74 117.0 120.0
25 70 113.0 128.0
74 43 155.0 170.0
56 34 23.0 72.0
49 46 67.0 64.0
74 22 97.0 145.0
46 59 35.0 36.0
70 33 160.0 115.0
36 58 102.0 77.0
36 64 195.0 15.0
67 36 72.0 150.0
60 44 162.0 47.0
34 73 123.0 182.0
53 55 143.0 172.0
54 46 178.0 130.0
38 61 56.0 138.0
46 57 104.0 159.0
31 72 37.0 99.0
61 36 187.0 62.0
26 68 170.0 102.0
59 45 138.0 45.0
46 58 163.0 82.0
69 36 177.0 93.0
44 58 146.0 34.0
52 55 77.0 51.0
61 41 136.0 66.0
69 34 25.0 123.0
69 54 67.0 147.0
47 52 72.0 158.0
63 45 138.0 187.0
63 46 166.0 68.0
40 65 15.0 113.0
70 38 70.0 92.0
57 74 19.0 158.0
31 71 133.0 196.0
36 71 121.0 153.0
74 37 0.0 145.0
74 30 59.0 90.0
36 68 181.0 178.0
34 55 115.0 149.0
70 66 177.0 186.0
65 29 96.0 196.0
43 64 190.0 181.0
70 34 126.0 111.0
33 73 100.0 78.0
50 54 11.0 112.0
67 39 196.0 144.0
60 49 44.0 111.0
34 36 143.0 21.0
53 57 76.0 191.0
45 53 154.0 66.0
46 65 9.0 32.0
33 62 183.0 109.0
38 67 15.0 146.0
69 43 148.0 11.0
56 55 127.0 144.0
69 37 174.0 23.0
45 64 154.0 3.0
43 68 151.0 60.0
71 22 41.0 112.0
71 38 92.0 176.0
59 54 10.0 107.0
64 44 54.0 159.0
71 43 174.0 134.0
64 46 61.0 101.0
64 61 15.0 168.0
25 58 28.0 118.0
48 64 133.0 69.0
39 72 198.0 25.0
47 46 191.0 9.0
52 62 6.0 45.0
59 53 197.0 132.0
43 62 164.0 58.0
67 46 167.0 179.0
73 35 32.0 195.0
74 40 130.0 166.0
59 52 88.0 129.0
43 67 88.0 31.0
51 55 185.0 46.0
49 61 0.0 134.0
53 26 158.0 164.0
62 51 130.0 125.0
47 66 167.0 115.0
73 36 104.0 50.0
72 41 157.0 144.0
55 62 183.0 197.0
70 39 116.0 120.0
48 74 195.0 116.0
37 73 75.0 105.0
56 57 17.0 158.0
70 18 144.0 136.0
64 51 82.0 1.0
60 56 138.0 191.0
60 54 29.0 121.0
71 45 64.0 97.0
45 62 153.0 11.0
31 73 71.0 28.0
62 53 2.0 88.0
70 41 117.0 99.0
58 59 128.0 152.0
60 55 22.0 67.0
63 47 21.0 3.0
55 73 183.0 37.0
43 73 8.0 136.0
71 46 65.0 31.0
58 55 67.0 20.0
39 74 155.0 184.0
55 59 168.0 83.0
60 58 68.0 191.0
59 48 25.0 42.0
37 68 161.0 161.0
63 58 46.0 121.0
65 44 70.0 112.0
61 62 168.0 89.0
70 50 174.0 75.0
41 74 98.0 142.0
52 63 56.0 118.0
74 44 127.0 34.0
66 48 120.0 88.0
66 54 11.0 167.0
60 64 187.0 33.0
59 60 70.0 155.0
49 71 13.0 196.0
65 50 155.0 111.0
69 49 104.0 164.0
68 34 134.0 31.0
71 47 189.0 55.0
73 49 43.0 0.0
67 37 72.0 182.0
71 48 55.0 94.0
72 35 62.0 20.0
60 57 4.0 170.0
53 70 8.0 60.0
66 62 181.0 143.0
67 42 195.0 170.0
61 60 81.0 190.0
73 50 16.0 105.0
71 40 182.0 71.0
63 49 173.0 196.0
43 70 41.0 130.0
55 54 192.0 2.0
34 71 100.0 173.0
50 69 171.0 95.0
74 53 175.0 4.0
51 56 71.0 191.0
55 70 5.0 5.0
54 61 185.0 130.0
53 67 28.0 179.0
57 69 189.0 21.0
71 58 173.0 89.0
66 63 109.0 96.0
67 55 32.0 37.0
59 64 125.0 55.0
59 68 5.0 82.0
50 57 37.0 142.0
71 53 28.0 18.0
54 72 180.0 17.0
59 70 28.0 105.0
51 70 18.0 137.0
70 62 166.0 2.0
63 65 54.0 91.0
69 53 34.0 59.0
53 65 11.0 72.0
60 72 177.0 191.0
56 73 18.0 110.0
64 68 14.0 198.0
57 72 22.0 184.0
61 29 73.0 189.0
58 66 64.0 127.0
69 67 96.0 98.0
69 61 15.0 59.0
62 60 197.0 144.0
64 69 180.0 168.0
61 45 39.0 194.0
66 8 173.0 13.0
72 56 63.0 46.0
69 59 145.0 127.0
69 65 4.0 193.0
68 47 169.0 171.0
74 71 64.0 118.0
62 72 192.0 44.0
60 68 163.0 183.0
72 59 190.0 88.0
52 72 42.0 53.0
68 70 125.0 139.0
48 73 115.0 82.0
9 64 86.0 84.0
68 54 92.0 102.0
66 36 198.0 36.0
62 71 11.0 114.0
13 63 176.0 1.0
60 52 54.0 19.0
70 67 3.0 132.0
49 55 179.0 118.0
65 71 189.0 66.0
69 66 199.0 33.0
64 53 157.0 150.0
64 71 114.0 169.0
48 63 12.0 91.0
73 71 69.0 66.0
67 64 15.0 72.0
61 73 32.0 195.0
51 57 56.0 173.0
58 56 153.0 7.0
67 68 21.0 110.0
74 67 144.0 87.0
71 54 83.0 108.0
65 15 165.0 105.0
66 56 89.0 132.0
17 54 18.0 73.0
73 72 130.0 26.0
66 45 184.0 83.0
63 54 69.0 5.0
66 49 131.0 165.0
65 56 167.0 166.0
70 61 124.0 84.0
55 65 25.0 166.0
67 61 197.0 196.0
67 65 42.0 127.0
74 50 152.0 26.0
71 70 36.0 173.0
73 13 155.0 119.0
68 69 162.0 74.0
73 64 14.0 39.0
42 53 32.0 40.0
70 65 186.0 29.0
73 66 19.0 29.0
63 68 34.0 171.0
70 63 171.0 70.0
64 39 149.0 126.0
27 11 193.0 63.0
24 56 95.0 8.0
64 72 160.0 128.0
67 71 46.0 146.0
58 70 144.0 65.0
27 74 78.0 178.0
61 72 70.0 1.0
41 8 75.0 19.0
74 70 95.0 68.0
2 6 53.0 142.0
71 66 64.0 13.0
45 69 102.0 63.0
62 64 78.0 46.0
73 47 153.0 108.0
0
