74 2701 72 73 28257
43 61 142.0 53.0
15 1 19.0 30.0
63 6 194.0 121.0
4 14 186.0 59.0
53 66 90.0 130.0
39 66 46.0 31.0
11 68 105.0 27.0
23 14 102.0 146.0
52 21 101.0 45.0
73 58 101.0 121.0
41 27 53.0 95.0
18 49 1.0 192.0
18 33 148.0 43.0
3 16 40.0 194.0
61 26 159.0 97.0
39 42 113.0 13.0
40 71 66.0 167.0
33 53 176.0 167.0
57 39 169.0 30.0
14 13 116.0 123.0
23 27 198.0 64.0
20 63 10.0 38.0
14 36 119.0 121.0
56 45 78.0 33.0
20 9 183.0 96.0
61 40 178.0 159.0
5 70 151.0 99.0
8 67 164.0 67.0
20 47 182.0 114.0
13 4 78.0 144.0
17 16 123.0 197.0
2 13 49.0 2.0
65 11 78.0 184.0
29 40 48.0 8.0
14 69 104.0 151.0
17 1 119.0 20.0
10 2 101.0 54.0
73 45 80.0 179.0
13 5 168.0 4.0
22 39 197.0 17.0
27 28 178.0 76.0
5 10 133.0 26.0
39 70 27.0 38.0
35 41 106.0 98.0
58 9 185.0 7.0
54 21 167.0 66.0
8 39 178.0 135.0
55 57 92.0 175.0
10 66 1.0 71.0
37 52 136.0 135.0
48 50 183.0 115.0
16 21 33.0 41.0
29 46 69.0 18.0
44 7 54.0 36.0
45 22 142.0 184.0
4 31 28.0 35.0
74 71 155.0 30.0
26 16 38.0 44.0
43 26 129.0 21.0
24 66 44.0 114.0
15 46 3.0 113.0
52 19 180.0 10.0
40 47 197.0 122.0
55 64 22.0 25.0
38 12 75.0 129.0
5 38 70.0 113.0
42 54 162.0 152.0
45 21 14.0 6.0
44 37 121.0 169.0
33 32 143.0 53.0
57 54 32.0 140.0
22 9 156.0 54.0
72 63 154.0 31.0
26 66 98.0 176.0
45 35 134.0 61.0
34 56 98.0 100.0
5 14 113.0 171.0
6 53 127.0 57.0
33 22 45.0 159.0
8 19 97.0 1.0
7 42 115.0 3.0
33 12 18.0 14.0
25 38 159.0 104.0
19 23 138.0 9.0
70 18 26.0 3.0
70 45 13.0 153.0
45 64 181.0 58.0
8 31 85.0 30.0
17 3 79.0 0.0
62 3 129.0 97.0
18 34 40.0 88.0
56 40 134.0 130.0
35 48 140.0 161.0
71 69 60.0 153.0
58 29 114.0 193.0
59 9 125.0 151.0
58 65 78.0 156.0
45 28 64.0 7.0
61 36 115.0 56.0
2 31 127.0 49.0
56 3 169.0 67.0
50 14 64.0 29.0
20 22 17.0 131.0
8 43 160.0 142.0
33 55 9.0 39.0
8 47 61.0 73.0
9 46 143.0 128.0
54 60 138.0 70.0
63 1 73.0 108.0
14 16 152.0 89.0
37 57 111.0 121.0
26 6 41.0 72.0
38 48 16.0 50.0
20 38 59.0 29.0
9 28 23.0 2.0
13 46 130.0 162.0
46 43 130.0 155.0
58 20 176.0 34.0
2 38 120.0 39.0
43 54 131.0 162.0
5 35 140.0 99.0
73 43 196.0 199.0
48 53 75.0 20.0
2 3 46.0 158.0
45 62 19.0 128.0
59 33 128.0 147.0
70 2 87.0 48.0
33 61 177.0 170.0
74 4 119.0 69.0
46 25 138.0 67.0
55 58 105.0 13.0
60 28 129.0 103.0
68 66 99.0 101.0
24 47 62.0 27.0
26 15 38.0 101.0
53 62 21.0 167.0
65 17 193.0 92.0
19 61 31.0 131.0
44 22 21.0 136.0
27 39 9.0 150.0
30 58 169.0 109.0
31 21 191.0 31.0
13 18 59.0 29.0
57 69 49.0 80.0
11 70 193.0 194.0
56 27 132.0 24.0
48 39 195.0 153.0
5 1 80.0 5.0
60 3 63.0 49.0
1 47 71.0 55.0
42 23 74.0 130.0
18 25 121.0 75.0
20 14 20.0 114.0
40 19 74.0 105.0
36 43 59.0 70.0
23 40 78.0 139.0
42 67 199.0 141.0
18 59 90.0 70.0
60 37 122.0 164.0
40 36 50.0 195.0
50 73 160.0 23.0
69 27 3.0 35.0
47 26 157.0 63.0
43 49 81.0 35.0
20 13 68.0 80.0
50 40 166.0 158.0
54 8 18.0 40.0
43 74 79.0 21.0
50 71 98.0 40.0
1 46 166.0 53.0
49 23 120.0 123.0
50 1 118.0 1.0
2 12 20.0 138.0
49 7 136.0 138.0
66 45 142.0 106.0
22 6 15.0 173.0
54 70 199.0 65.0
19 71 124.0 166.0
20 46 10.0 196.0
47 64 143.0 128.0
74 27 63.0 163.0
33 34 142.0 151.0
56 57 52.0 36.0
40 44 61.0 19.0
18 71 15.0 12.0
68 55 190.0 92.0
27 67 124.0 0.0
16 2 117.0 67.0
7 17 116.0 180.0
28 69 122.0 58.0
51 3 31.0 126.0
25 41 31.0 44.0
37 42 185.0 198.0
22 61 159.0 175.0
32 12 17.0 35.0
44 59 57.0 86.0
53 61 175.0 126.0
55 11 196.0 97.0
66 55 39.0 28.0
73 67 152.0 70.0
12 15 69.0 138.0
54 18 42.0 180.0
30 9 152.0 11.0
45 26 59.0 162.0
64 71 170.0 34.0
59 29 7.0 118.0
61 11 182.0 46.0
56 33 4.0 86.0
26 39 0.0 25.0
35 63 187.0 194.0
49 68 44.0 91.0
71 22 121.0 103.0
18 57 70.0 43.0
63 17 186.0 29.0
27 59 135.0 168.0
17 29 137.0 140.0
46 56 25.0 137.0
44 16 97.0 12.0
61 42 94.0 94.0
64 12 154.0 168.0
68 58 117.0 176.0
74 55 42.0 103.0
39 40 34.0 177.0
1 16 61.0 172.0
46 2 62.0 86.0
70 3 33.0 112.0
22 3 14.0 128.0
14 67 147.0 121.0
50 20 89.0 64.0
74 5 193.0 131.0
44 21 21.0 28.0
11 49 69.0 82.0
28 19 6.0 83.0
73 66 76.0 40.0
68 7 109.0 90.0
73 64 27.0 8.0
62 19 172.0 68.0
23 62 88.0 118.0
9 51 142.0 109.0
3 5 111.0 163.0
23 11 35.0 70.0
55 43 147.0 111.0
27 58 198.0 56.0
26 11 34.0 177.0
30 59 185.0 158.0
24 53 57.0 73.0
29 38 24.0 151.0
42 13 95.0 88.0
2 47 59.0 82.0
67 38 154.0 6.0
74 48 120.0 152.0
58 26 72.0 154.0
62 13 77.0 10.0
44 64 115.0 86.0
5 27 49.0 92.0
17 23 169.0 97.0
47 32 14.0 28.0
70 14 176.0 168.0
3 11 81.0 48.0
36 11 185.0 106.0
1 3 159.0 62.0
44 33 122.0 27.0
37 4 43.0 123.0
4 63 197.0 12.0
73 56 29.0 11.0
69 56 30.0 157.0
66 14 108.0 63.0
2 66 129.0 93.0
46 18 141.0 41.0
29 21 194.0 15.0
24 39 46.0 189.0
6 49 63.0 195.0
30 23 127.0 92.0
4 66 92.0 109.0
57 65 117.0 152.0
15 4 83.0 198.0
52 60 161.0 176.0
6 62 102.0 156.0
5 48 145.0 100.0
22 64 150.0 160.0
12 17 142.0 77.0
60 41 11.0 186.0
10 38 157.0 128.0
20 17 90.0 40.0
9 6 129.0 52.0
35 59 146.0 32.0
32 55 109.0 91.0
45 46 185.0 59.0
40 16 60.0 128.0
34 35 138.0 71.0
50 2 142.0 95.0
12 4 100.0 33.0
34 32 121.0 29.0
16 28 6.0 68.0
9 66 78.0 67.0
38 42 18.0 63.0
57 38 195.0 79.0
51 5 15.0 86.0
7 26 36.0 158.0
12 72 182.0 136.0
7 58 129.0 104.0
12 5 77.0 135.0
70 28 198.0 107.0
69 39 2.0 169.0
3 71 28.0 149.0
1 36 156.0 195.0
62 10 94.0 192.0
7 9 180.0 77.0
45 68 177.0 61.0
72 36 92.0 54.0
41 6 138.0 91.0
22 17 53.0 140.0
13 40 114.0 33.0
4 10 102.0 23.0
1 6 135.0 196.0
67 68 94.0 115.0
61 62 15.0 71.0
23 4 134.0 60.0
9 32 177.0 72.0
48 71 127.0 183.0
36 63 186.0 41.0
32 69 132.0 40.0
53 50 80.0 67.0
21 67 125.0 174.0
54 10 93.0 140.0
13 49 64.0 27.0
6 72 170.0 193.0
46 37 173.0 97.0
4 5 142.0 159.0
8 33 139.0 26.0
60 62 155.0 19.0
17 4 43.0 80.0
61 64 16.0 137.0
38 63 181.0 80.0
39 55 183.0 151.0
69 38 99.0 156.0
51 47 199.0 194.0
57 33 161.0 139.0
73 37 46.0 116.0
15 24 150.0 41.0
13 11 47.0 167.0
52 4 15.0 180.0
58 71 28.0 198.0
9 8 129.0 79.0
22 24 147.0 80.0
35 52 64.0 60.0
67 55 42.0 62.0
4 60 199.0 144.0
49 36 81.0 199.0
40 18 136.0 96.0
14 43 4.0 116.0
18 67 32.0 133.0
68 65 171.0 131.0
20 72 171.0 35.0
53 4 149.0 13.0
64 3 187.0 101.0
16 19 84.0 20.0
14 59 151.0 21.0
5 20 172.0 155.0
64 72 11.0 156.0
40 59 144.0 182.0
56 49 55.0 116.0
52 44 172.0 5.0
24 43 13.0 111.0
39 74 141.0 97.0
8 7 170.0 92.0
7 65 149.0 142.0
40 5 96.0 112.0
41 42 74.0 40.0
16 45 84.0 129.0
15 5 181.0 9.0
25 45 102.0 146.0
45 31 59.0 44.0
17 53 130.0 181.0
21 12 129.0 32.0
13 6 16.0 25.0
68 17 56.0 90.0
61 25 68.0 93.0
8 5 51.0 50.0
65 49 34.0 153.0
5 68 163.0 46.0
25 20 78.0 45.0
10 18 29.0 8.0
45 6 13.0 197.0
74 51 34.0 22.0
1 12 118.0 102.0
32 11 47.0 121.0
60 14 149.0 82.0
59 61 166.0 112.0
10 6 10.0 45.0
6 40 161.0 191.0
23 12 98.0 127.0
40 2 41.0 132.0
13 55 185.0 111.0
66 18 144.0 32.0
9 33 188.0 45.0
71 59 54.0 155.0
25 11 7.0 16.0
50 43 51.0 121.0
32 57 130.0 101.0
58 14 13.0 123.0
69 45 63.0 198.0
40 15 31.0 159.0
26 9 43.0 20.0
45 50 134.0 49.0
60 71 188.0 94.0
39 16 127.0 39.0
72 38 164.0 9.0
29 13 50.0 129.0
57 52 42.0 65.0
44 73 6.0 25.0
60 44 47.0 2.0
19 70 155.0 182.0
44 57 47.0 143.0
72 34 162.0 126.0
49 54 106.0 78.0
66 40 194.0 157.0
69 63 195.0 188.0
62 74 132.0 154.0
22 57 39.0 179.0
30 12 181.0 195.0
19 2 88.0 28.0
4 70 5.0 2.0
49 27 166.0 112.0
66 36 77.0 112.0
24 71 146.0 25.0
70 42 28.0 78.0
24 23 150.0 68.0
34 64 17.0 131.0
34 15 83.0 105.0
10 19 13.0 40.0
45 55 84.0 131.0
68 46 73.0 161.0
42 31 9.0 171.0
72 49 108.0 189.0
49 74 135.0 59.0
41 7 130.0 152.0
73 61 177.0 165.0
57 16 162.0 191.0
15 2 35.0 46.0
47 71 13.0 60.0
27 51 16.0 174.0
3 69 46.0 124.0
46 30 198.0 181.0
15 71 36.0 80.0
35 58 166.0 14.0
51 20 112.0 128.0
42 62 53.0 100.0
58 37 33.0 19.0
13 64 178.0 1.0
36 21 83.0 176.0
50 27 43.0 33.0
1 62 140.0 80.0
23 53 112.0 106.0
72 27 186.0 177.0
66 46 48.0 40.0
8 66 86.0 34.0
13 3 66.0 64.0
54 34 79.0 149.0
60 29 147.0 122.0
16 51 157.0 87.0
29 34 155.0 21.0
38 15 45.0 94.0
38 59 17.0 45.0
28 4 101.0 103.0
16 34 180.0 167.0
67 63 15.0 59.0
17 51 1.0 162.0
27 20 41.0 110.0
31 39 182.0 148.0
53 13 158.0 27.0
12 9 177.0 127.0
47 61 171.0 31.0
20 49 166.0 151.0
38 36 173.0 133.0
64 43 137.0 175.0
2 18 52.0 130.0
8 20 100.0 34.0
10 74 106.0 10.0
42 20 189.0 83.0
6 25 172.0 160.0
74 35 36.0 90.0
48 21 28.0 9.0
63 65 25.0 117.0
14 3 143.0 77.0
54 74 56.0 195.0
73 38 162.0 162.0
2 17 165.0 103.0
7 13 177.0 90.0
1 65 11.0 165.0
63 50 132.0 39.0
18 17 189.0 110.0
51 36 139.0 85.0
36 55 79.0 148.0
19 43 36.0 41.0
53 18 173.0 2.0
6 17 145.0 150.0
7 12 85.0 156.0
4 40 10.0 17.0
56 6 164.0 152.0
20 26 22.0 55.0
6 36 163.0 101.0
57 74 126.0 0.0
5 11 57.0 99.0
67 7 174.0 2.0
7 10 65.0 59.0
52 26 64.0 27.0
8 2 127.0 180.0
37 9 142.0 101.0
22 52 9.0 105.0
29 54 194.0 136.0
30 50 161.0 51.0
56 4 11.0 136.0
16 52 76.0 28.0
8 13 37.0 92.0
34 46 108.0 116.0
9 11 4.0 50.0
10 16 175.0 14.0
70 59 176.0 169.0
34 37 31.0 138.0
18 31 196.0 42.0
8 48 54.0 24.0
3 15 18.0 91.0
28 2 2.0 126.0
34 49 102.0 7.0
43 6 49.0 29.0
64 51 116.0 177.0
65 20 3.0 147.0
50 33 67.0 151.0
8 11 148.0 121.0
25 9 185.0 118.0
10 40 53.0 188.0
14 8 161.0 107.0
3 6 147.0 162.0
54 15 114.0 63.0
12 26 101.0 117.0
36 48 174.0 168.0
67 54 40.0 74.0
62 33 80.0 26.0
72 17 115.0 85.0
24 38 185.0 28.0
1 19 73.0 132.0
34 24 90.0 139.0
4 9 119.0 191.0
3 19 26.0 45.0
41 32 109.0 19.0
65 12 53.0 190.0
28 50 28.0 120.0
65 74 6.0 13.0
19 12 175.0 80.0
3 8 59.0 17.0
15 62 58.0 130.0
49 63 177.0 37.0
72 61 159.0 86.0
72 31 168.0 165.0
59 34 28.0 196.0
33 72 78.0 35.0
61 34 6.0 53.0
29 6 19.0 17.0
4 20 56.0 29.0
61 57 123.0 33.0
43 63 31.0 35.0
19 7 156.0 199.0
40 72 24.0 137.0
47 35 70.0 102.0
46 63 181.0 77.0
68 25 163.0 0.0
23 57 174.0 19.0
17 46 75.0 50.0
14 2 129.0 106.0
30 1 26.0 38.0
13 10 66.0 2.0
52 6 90.0 88.0
68 64 96.0 71.0
15 51 62.0 59.0
33 35 54.0 37.0
58 24 64.0 129.0
47 23 65.0 146.0
23 35 3.0 43.0
22 2 58.0 21.0
32 1 20.0 100.0
42 50 143.0 68.0
10 1 153.0 158.0
54 50 49.0 8.0
51 8 110.0 113.0
8 56 27.0 175.0
16 5 154.0 31.0
31 3 71.0 12.0
55 71 46.0 43.0
47 30 135.0 141.0
49 30 52.0 89.0
57 8 32.0 101.0
67 31 168.0 142.0
65 42 173.0 195.0
47 65 56.0 128.0
68 71 1.0 80.0
68 10 145.0 47.0
18 8 177.0 80.0
5 6 191.0 181.0
10 15 157.0 23.0
6 11 179.0 77.0
16 49 27.0 152.0
18 7 186.0 84.0
56 19 34.0 139.0
28 62 26.0 179.0
47 14 72.0 156.0
4 64 151.0 15.0
1 22 125.0 60.0
48 60 144.0 104.0
18 4 165.0 124.0
32 5 70.0 103.0
7 14 115.0 56.0
4 7 13.0 94.0
21 65 131.0 38.0
32 20 15.0 35.0
19 20 1.0 140.0
18 3 51.0 98.0
14 17 150.0 16.0
1 11 58.0 172.0
42 73 47.0 125.0
6 68 13.0 60.0
4 11 65.0 97.0
31 7 196.0 80.0
26 36 20.0 150.0
24 7 174.0 71.0
23 72 52.0 76.0
6 16 128.0 62.0
17 58 91.0 127.0
30 70 132.0 57.0
13 1 94.0 197.0
9 1 25.0 42.0
18 6 68.0 46.0
65 30 110.0 195.0
8 15 123.0 114.0
5 73 148.0 51.0
35 11 27.0 192.0
7 2 108.0 111.0
32 68 1.0 2.0
70 15 142.0 26.0
74 45 29.0 162.0
1 72 155.0 92.0
36 65 53.0 78.0
42 17 107.0 1.0
3 7 178.0 134.0
15 22 53.0 38.0
10 14 149.0 54.0
42 66 178.0 91.0
36 69 151.0 159.0
5 18 96.0 58.0
9 16 153.0 101.0
11 2 79.0 60.0
16 4 195.0 10.0
40 3 50.0 48.0
30 48 30.0 151.0
39 18 145.0 160.0
15 9 116.0 49.0
40 32 189.0 165.0
47 15 15.0 142.0
30 51 170.0 95.0
17 28 91.0 165.0
30 14 98.0 93.0
1 24 60.0 128.0
37 25 193.0 6.0
47 68 187.0 109.0
25 51 111.0 176.0
2 21 62.0 126.0
13 34 124.0 184.0
61 4 136.0 167.0
18 62 87.0 34.0
7 64 50.0 148.0
14 39 67.0 195.0
10 37 179.0 54.0
66 41 24.0 42.0
55 70 28.0 38.0
2 5 125.0 152.0
10 17 191.0 13.0
11 10 95.0 31.0
1 26 22.0 97.0
8 6 102.0 41.0
31 19 79.0 33.0
59 19 35.0 55.0
66 23 91.0 15.0
2 61 145.0 168.0
55 30 77.0 89.0
48 25 47.0 172.0
72 46 40.0 21.0
62 22 61.0 142.0
13 9 93.0 141.0
19 4 0.0 128.0
7 15 167.0 44.0
15 43 8.0 65.0
19 6 127.0 85.0
7 16 77.0 126.0
39 41 143.0 117.0
40 48 26.0 4.0
63 68 94.0 71.0
23 3 144.0 46.0
9 3 64.0 112.0
24 50 49.0 72.0
32 2 109.0 128.0
17 55 100.0 138.0
73 60 69.0 43.0
11 34 108.0 47.0
28 12 143.0 154.0
66 54 119.0 87.0
17 5 98.0 183.0
3 20 163.0 99.0
4 8 186.0 24.0
37 13 140.0 86.0
72 56 91.0 162.0
15 56 25.0 152.0
45 13 151.0 120.0
5 22 55.0 70.0
2 34 192.0 105.0
14 11 80.0 107.0
1 21 170.0 66.0
33 73 72.0 63.0
54 12 66.0 115.0
45 30 67.0 43.0
43 69 89.0 18.0
31 64 187.0 96.0
23 31 59.0 131.0
25 2 143.0 139.0
6 71 25.0 66.0
24 2 0.0 49.0
37 70 140.0 66.0
25 42 14.0 7.0
14 51 101.0 56.0
15 6 17.0 41.0
35 13 17.0 28.0
1 25 94.0 161.0
29 14 92.0 120.0
17 50 62.0 44.0
23 55 23.0 154.0
1 37 149.0 189.0
7 6 63.0 3.0
13 67 8.0 32.0
5 62 140.0 26.0
20 36 11.0 34.0
4 21 26.0 55.0
67 9 114.0 40.0
13 15 38.0 137.0
71 44 152.0 140.0
51 68 26.0 167.0
5 23 11.0 187.0
28 34 194.0 151.0
18 11 22.0 5.0
7 53 120.0 48.0
24 3 27.0 187.0
20 6 143.0 65.0
8 17 32.0 47.0
16 8 39.0 58.0
14 9 28.0 3.0
35 31 114.0 174.0
73 28 89.0 88.0
58 23 104.0 161.0
39 33 163.0 131.0
50 51 132.0 58.0
16 12 54.0 164.0
13 60 39.0 46.0
9 72 183.0 19.0
28 42 104.0 97.0
47 11 116.0 193.0
11 73 3.0 172.0
32 36 80.0 118.0
11 7 109.0 12.0
23 1 106.0 116.0
61 17 76.0 145.0
66 62 22.0 59.0
7 74 35.0 78.0
9 21 73.0 103.0
27 3 33.0 28.0
31 53 37.0 113.0
69 6 4.0 99.0
12 3 110.0 110.0
34 52 44.0 187.0
17 11 35.0 66.0
10 22 154.0 22.0
61 20 146.0 28.0
10 3 138.0 179.0
16 11 77.0 175.0
14 1 80.0 33.0
4 50 170.0 191.0
28 7 179.0 14.0
6 14 188.0 14.0
7 5 98.0 142.0
74 25 121.0 45.0
1 20 86.0 11.0
21 7 95.0 115.0
14 15 55.0 175.0
14 12 99.0 25.0
41 55 129.0 79.0
70 62 155.0 117.0
43 18 3.0 53.0
43 13 17.0 77.0
24 4 0.0 55.0
1 8 41.0 95.0
22 63 68.0 48.0
25 3 189.0 167.0
24 6 42.0 118.0
35 42 30.0 149.0
60 6 133.0 33.0
7 22 32.0 102.0
29 1 178.0 184.0
11 19 103.0 171.0
3 26 43.0 171.0
66 1 166.0 32.0
48 44 133.0 161.0
11 39 137.0 115.0
44 31 119.0 22.0
12 41 162.0 103.0
16 63 17.0 92.0
42 33 173.0 72.0
23 6 32.0 16.0
54 28 174.0 199.0
71 7 194.0 59.0
12 20 136.0 84.0
8 12 38.0 7.0
60 35 72.0 152.0
1 61 174.0 89.0
19 14 144.0 147.0
67 25 194.0 176.0
19 9 21.0 120.0
10 63 110.0 15.0
7 23 181.0 46.0
39 34 45.0 19.0
46 54 18.0 117.0
41 8 76.0 144.0
73 30 133.0 20.0
5 24 76.0 79.0
15 66 116.0 97.0
32 66 38.0 178.0
11 15 178.0 19.0
26 10 48.0 23.0
63 30 178.0 18.0
25 4 28.0 55.0
19 15 13.0 113.0
5 25 5.0 90.0
41 72 75.0 73.0
63 62 73.0 65.0
54 14 160.0 51.0
19 5 38.0 8.0
39 52 76.0 17.0
20 69 195.0 104.0
38 47 180.0 9.0
21 42 106.0 137.0
15 16 147.0 134.0
28 8 144.0 20.0
24 9 112.0 104.0
47 41 74.0 151.0
70 65 33.0 102.0
59 32 147.0 28.0
56 66 91.0 79.0
33 31 31.0 198.0
27 7 95.0 178.0
40 37 72.0 39.0
52 48 80.0 136.0
3 30 51.0 154.0
44 54 103.0 84.0
63 74 145.0 3.0
65 23 47.0 36.0
54 19 85.0 78.0
51 53 58.0 181.0
67 15 187.0 82.0
29 3 76.0 67.0
8 10 17.0 127.0
68 9 199.0 73.0
60 67 83.0 96.0
15 33 17.0 130.0
30 27 93.0 103.0
57 29 30.0 103.0
21 10 124.0 170.0
35 72 166.0 0.0
2 9 194.0 135.0
63 51 73.0 193.0
43 48 51.0 156.0
59 52 197.0 68.0
17 13 72.0 42.0
12 49 64.0 54.0
36 39 143.0 188.0
4 22 25.0 61.0
26 54 65.0 20.0
2 6 146.0 138.0
28 61 133.0 197.0
38 70 189.0 130.0
1 7 44.0 61.0
55 4 58.0 60.0
21 72 58.0 1.0
73 2 115.0 35.0
55 24 169.0 132.0
10 20 132.0 115.0
11 22 106.0 17.0
53 30 167.0 95.0
30 4 46.0 163.0
25 8 171.0 104.0
20 52 71.0 181.0
24 8 132.0 138.0
65 33 149.0 102.0
5 21 112.0 33.0
13 19 60.0 18.0
28 1 125.0 27.0
4 65 53.0 123.0
10 9 95.0 24.0
2 30 5.0 118.0
12 45 199.0 137.0
3 4 170.0 101.0
4 27 139.0 83.0
4 2 38.0 151.0
25 10 44.0 115.0
53 41 143.0 49.0
20 35 102.0 38.0
57 6 7.0 59.0
50 65 44.0 6.0
47 50 197.0 166.0
55 16 131.0 88.0
21 15 126.0 121.0
29 4 193.0 122.0
16 23 197.0 88.0
57 20 30.0 99.0
3 57 153.0 37.0
47 12 46.0 149.0
24 11 97.0 43.0
52 58 172.0 180.0
13 16 195.0 50.0
29 8 70.0 141.0
26 4 143.0 19.0
8 23 96.0 173.0
18 14 38.0 2.0
11 21 108.0 85.0
4 51 89.0 157.0
35 54 190.0 13.0
2 23 81.0 138.0
7 25 182.0 103.0
15 18 121.0 125.0
31 29 124.0 169.0
9 17 65.0 163.0
40 73 46.0 126.0
13 21 44.0 135.0
74 60 12.0 35.0
56 30 2.0 45.0
3 36 16.0 136.0
3 28 168.0 137.0
54 52 123.0 92.0
71 14 9.0 188.0
64 41 136.0 8.0
30 5 171.0 180.0
73 68 161.0 183.0
2 26 48.0 163.0
18 9 105.0 65.0
29 27 127.0 25.0
3 34 148.0 50.0
34 1 132.0 109.0
22 8 7.0 68.0
24 14 161.0 130.0
37 54 61.0 75.0
61 37 127.0 61.0
12 24 106.0 184.0
23 15 150.0 186.0
60 21 156.0 98.0
8 61 189.0 88.0
12 11 194.0 148.0
47 72 78.0 108.0
51 32 142.0 91.0
10 28 119.0 70.0
42 43 16.0 26.0
15 39 95.0 167.0
59 58 84.0 3.0
22 12 159.0 73.0
67 26 110.0 105.0
10 23 149.0 189.0
55 49 178.0 91.0
16 64 169.0 97.0
11 44 136.0 185.0
60 27 192.0 183.0
63 21 3.0 76.0
32 28 182.0 114.0
16 20 79.0 44.0
32 44 38.0 28.0
14 25 3.0 16.0
64 2 105.0 172.0
11 20 28.0 193.0
13 12 40.0 172.0
1 45 95.0 196.0
50 11 176.0 29.0
16 18 20.0 7.0
74 68 181.0 10.0
67 5 195.0 137.0
58 10 32.0 52.0
3 33 138.0 61.0
31 5 87.0 130.0
47 57 135.0 135.0
18 21 71.0 63.0
31 1 154.0 91.0
20 2 68.0 135.0
62 9 171.0 15.0
71 73 105.0 3.0
1 18 39.0 195.0
15 20 188.0 126.0
33 24 41.0 75.0
28 11 168.0 113.0
30 7 171.0 74.0
17 35 137.0 191.0
21 43 168.0 60.0
31 6 140.0 26.0
35 46 186.0 131.0
22 30 152.0 174.0
32 45 49.0 193.0
17 15 54.0 169.0
21 8 73.0 177.0
15 31 40.0 162.0
27 10 153.0 9.0
25 12 175.0 45.0
63 61 108.0 162.0
69 25 57.0 60.0
69 34 183.0 58.0
41 18 31.0 38.0
72 68 181.0 104.0
3 61 167.0 174.0
6 54 184.0 120.0
36 2 130.0 112.0
67 35 80.0 38.0
59 45 5.0 89.0
19 18 72.0 188.0
10 29 6.0 103.0
39 30 186.0 140.0
68 1 75.0 153.0
7 32 171.0 11.0
60 42 38.0 53.0
2 37 112.0 70.0
7 59 102.0 117.0
3 32 194.0 126.0
45 24 182.0 1.0
31 34 22.0 120.0
4 32 8.0 97.0
14 21 42.0 131.0
57 7 181.0 32.0
43 65 27.0 93.0
27 47 130.0 129.0
39 1 56.0 124.0
6 58 82.0 190.0
69 7 81.0 56.0
38 40 185.0 41.0
32 65 197.0 179.0
50 18 41.0 179.0
61 5 32.0 68.0
3 35 159.0 114.0
2 35 99.0 15.0
9 23 191.0 181.0
12 6 2.0 72.0
21 57 156.0 187.0
25 58 99.0 153.0
53 49 196.0 141.0
54 40 48.0 181.0
9 5 21.0 7.0
24 10 155.0 121.0
27 6 198.0 146.0
5 47 186.0 152.0
7 36 123.0 142.0
71 25 189.0 22.0
73 26 193.0 137.0
14 27 140.0 193.0
33 1 52.0 114.0
2 27 57.0 7.0
35 1 85.0 7.0
51 12 8.0 72.0
26 41 61.0 83.0
43 23 99.0 2.0
48 19 50.0 44.0
4 35 128.0 143.0
6 35 117.0 181.0
16 22 37.0 126.0
30 11 122.0 123.0
13 24 96.0 82.0
6 33 32.0 110.0
35 7 45.0 83.0
11 66 15.0 96.0
22 18 108.0 143.0
47 73 44.0 177.0
38 62 15.0 81.0
28 6 35.0 89.0
74 2 169.0 83.0
46 58 161.0 153.0
51 23 110.0 7.0
21 20 185.0 77.0
3 37 46.0 45.0
72 11 18.0 90.0
50 38 67.0 185.0
27 63 31.0 54.0
65 14 135.0 152.0
19 22 141.0 97.0
38 41 161.0 3.0
27 15 61.0 98.0
63 70 55.0 107.0
33 4 42.0 26.0
1 38 48.0 61.0
57 40 36.0 32.0
36 5 40.0 171.0
18 23 87.0 133.0
63 73 91.0 48.0
62 69 23.0 104.0
24 17 6.0 79.0
3 42 81.0 1.0
35 27 106.0 81.0
45 52 87.0 94.0
73 35 92.0 127.0
26 13 19.0 179.0
37 41 166.0 62.0
13 22 120.0 141.0
33 2 91.0 78.0
20 18 98.0 172.0
37 12 72.0 156.0
31 11 169.0 159.0
6 30 59.0 61.0
53 55 198.0 30.0
21 32 3.0 116.0
31 25 142.0 123.0
23 70 60.0 33.0
29 7 175.0 110.0
37 5 82.0 199.0
56 63 138.0 51.0
28 5 150.0 150.0
73 1 29.0 100.0
22 14 37.0 32.0
44 74 161.0 180.0
21 22 141.0 173.0
6 50 134.0 116.0
41 52 19.0 16.0
31 9 77.0 110.0
2 29 139.0 27.0
59 55 18.0 120.0
74 17 28.0 55.0
13 23 72.0 189.0
48 66 172.0 165.0
19 67 100.0 58.0
44 47 79.0 72.0
42 51 176.0 156.0
25 17 138.0 115.0
39 53 17.0 156.0
40 1 56.0 45.0
68 69 152.0 128.0
38 68 100.0 76.0
38 45 181.0 0.0
69 11 53.0 12.0
11 27 104.0 181.0
59 60 24.0 43.0
32 6 129.0 41.0
70 51 19.0 185.0
46 26 126.0 123.0
72 5 190.0 26.0
27 62 47.0 171.0
50 36 114.0 100.0
15 29 112.0 18.0
66 38 120.0 89.0
12 29 32.0 49.0
22 66 146.0 3.0
5 26 163.0 72.0
58 44 165.0 106.0
19 21 137.0 164.0
20 23 21.0 51.0
4 39 134.0 133.0
18 24 0.0 54.0
72 10 178.0 185.0
53 11 95.0 124.0
64 63 146.0 10.0
8 27 133.0 64.0
59 43 111.0 71.0
37 7 48.0 132.0
8 30 132.0 182.0
16 25 1.0 84.0
27 12 134.0 131.0
5 29 125.0 181.0
66 21 107.0 24.0
33 43 158.0 192.0
26 18 18.0 21.0
30 13 138.0 66.0
10 34 67.0 70.0
27 9 81.0 20.0
17 21 34.0 168.0
17 62 65.0 112.0
4 34 58.0 124.0
41 36 148.0 16.0
26 8 174.0 118.0
8 34 18.0 113.0
67 32 127.0 37.0
1 42 19.0 161.0
13 27 118.0 53.0
26 19 132.0 184.0
8 35 133.0 190.0
42 63 62.0 34.0
10 33 44.0 188.0
12 36 179.0 14.0
68 35 183.0 107.0
32 61 118.0 2.0
68 61 187.0 36.0
42 15 131.0 119.0
11 29 10.0 16.0
7 45 120.0 24.0
34 20 44.0 116.0
33 28 7.0 176.0
2 42 92.0 143.0
28 38 60.0 162.0
24 64 183.0 47.0
4 6 156.0 66.0
23 61 152.0 119.0
3 38 40.0 73.0
20 24 79.0 36.0
5 69 55.0 38.0
36 64 54.0 148.0
14 28 136.0 114.0
29 9 137.0 119.0
8 40 13.0 45.0
5 65 105.0 166.0
31 74 72.0 145.0
29 24 53.0 151.0
19 39 145.0 108.0
39 3 2.0 152.0
48 15 84.0 139.0
69 37 165.0 21.0
34 7 16.0 131.0
6 46 195.0 121.0
27 17 172.0 68.0
33 7 49.0 177.0
62 43 85.0 147.0
11 58 69.0 87.0
35 10 50.0 154.0
32 10 185.0 15.0
2 43 178.0 153.0
38 6 187.0 173.0
41 58 147.0 160.0
60 20 174.0 197.0
41 3 126.0 59.0
45 2 112.0 195.0
10 30 66.0 114.0
32 29 71.0 3.0
43 1 176.0 1.0
28 18 178.0 163.0
12 18 181.0 126.0
34 9 44.0 108.0
24 68 118.0 122.0
45 29 144.0 182.0
20 56 48.0 10.0
21 23 7.0 72.0
3 68 105.0 135.0
2 39 121.0 35.0
34 6 43.0 54.0
1 55 159.0 40.0
49 5 148.0 77.0
31 12 52.0 44.0
42 32 88.0 52.0
34 55 95.0 95.0
27 48 150.0 152.0
65 55 160.0 71.0
29 16 90.0 156.0
19 73 170.0 1.0
16 24 191.0 71.0
32 13 152.0 195.0
15 58 95.0 40.0
39 58 122.0 143.0
18 27 104.0 24.0
21 25 89.0 17.0
13 72 14.0 179.0
48 9 31.0 185.0
43 3 6.0 174.0
34 62 198.0 110.0
24 73 141.0 45.0
35 39 60.0 15.0
28 13 23.0 117.0
14 33 13.0 64.0
26 70 36.0 28.0
25 19 91.0 67.0
24 67 96.0 50.0
40 7 132.0 46.0
30 15 53.0 25.0
31 16 68.0 65.0
16 32 23.0 44.0
23 73 135.0 189.0
18 30 184.0 171.0
12 35 107.0 75.0
21 26 100.0 155.0
71 63 5.0 185.0
27 21 126.0 10.0
48 42 43.0 147.0
27 16 134.0 18.0
74 42 107.0 22.0
13 56 158.0 91.0
15 28 121.0 65.0
41 4 138.0 174.0
62 72 21.0 95.0
18 42 180.0 147.0
38 4 47.0 175.0
19 27 193.0 181.0
22 70 178.0 52.0
30 25 37.0 88.0
15 32 163.0 111.0
62 2 54.0 54.0
73 6 21.0 75.0
2 41 140.0 154.0
38 26 162.0 187.0
5 39 77.0 107.0
39 43 177.0 55.0
14 32 23.0 166.0
42 5 80.0 138.0
67 51 62.0 86.0
35 26 101.0 84.0
41 73 61.0 193.0
26 17 43.0 23.0
25 13 80.0 120.0
4 43 99.0 9.0
37 71 176.0 122.0
5 34 120.0 8.0
60 32 51.0 182.0
57 59 48.0 104.0
35 32 128.0 61.0
26 22 185.0 123.0
69 12 163.0 18.0
25 15 48.0 14.0
50 37 113.0 24.0
39 10 57.0 185.0
44 4 192.0 108.0
47 17 98.0 193.0
39 9 194.0 26.0
40 20 11.0 180.0
31 27 170.0 126.0
9 36 85.0 19.0
31 13 33.0 150.0
19 58 12.0 90.0
45 20 144.0 5.0
8 38 81.0 43.0
15 52 96.0 27.0
72 22 171.0 59.0
26 33 87.0 94.0
24 21 163.0 124.0
45 61 41.0 148.0
6 37 167.0 5.0
28 31 161.0 64.0
44 6 117.0 42.0
46 3 3.0 165.0
68 23 138.0 127.0
33 38 145.0 177.0
55 26 146.0 60.0
64 69 40.0 139.0
3 74 92.0 8.0
8 36 172.0 53.0
11 37 163.0 89.0
23 25 97.0 119.0
23 29 145.0 188.0
66 60 105.0 42.0
11 38 98.0 51.0
5 41 60.0 139.0
69 30 99.0 104.0
49 1 6.0 71.0
45 37 73.0 169.0
44 5 149.0 122.0
33 13 105.0 46.0
73 13 95.0 10.0
59 51 156.0 193.0
68 15 149.0 168.0
23 26 58.0 48.0
44 2 187.0 64.0
49 39 103.0 60.0
43 71 113.0 52.0
6 42 121.0 170.0
6 21 80.0 168.0
48 1 104.0 188.0
35 65 133.0 53.0
42 10 60.0 144.0
7 38 62.0 199.0
28 22 173.0 165.0
68 56 190.0 38.0
26 24 5.0 111.0
6 39 88.0 85.0
18 60 47.0 192.0
43 7 11.0 180.0
58 47 128.0 23.0
44 29 183.0 190.0
36 10 178.0 108.0
49 71 191.0 169.0
34 25 0.0 196.0
31 17 113.0 89.0
3 45 40.0 160.0
30 20 34.0 51.0
38 9 54.0 114.0
69 44 33.0 189.0
59 47 89.0 163.0
16 30 55.0 80.0
22 23 133.0 8.0
25 72 121.0 46.0
63 59 113.0 113.0
30 19 67.0 147.0
65 19 190.0 73.0
62 12 83.0 175.0
12 34 61.0 124.0
14 37 140.0 69.0
10 12 96.0 73.0
73 54 104.0 169.0
38 61 127.0 170.0
32 17 92.0 147.0
45 5 2.0 34.0
72 70 100.0 38.0
47 4 123.0 162.0
26 14 153.0 15.0
7 63 34.0 2.0
42 24 140.0 138.0
35 9 60.0 67.0
41 23 61.0 153.0
29 19 174.0 16.0
62 49 1.0 75.0
65 62 88.0 76.0
67 52 80.0 193.0
40 58 42.0 114.0
8 53 181.0 182.0
14 34 43.0 41.0
27 45 107.0 56.0
23 28 187.0 33.0
16 35 47.0 140.0
24 41 69.0 87.0
70 27 190.0 149.0
11 54 51.0 184.0
32 19 85.0 32.0
15 35 39.0 80.0
7 61 10.0 98.0
39 7 39.0 197.0
39 54 42.0 86.0
72 2 116.0 111.0
29 56 186.0 58.0
29 18 0.0 37.0
59 54 183.0 37.0
15 64 170.0 175.0
29 72 119.0 180.0
74 32 150.0 158.0
5 33 27.0 192.0
1 41 80.0 143.0
30 21 1.0 66.0
25 24 59.0 153.0
45 34 27.0 43.0
8 32 170.0 197.0
4 36 1.0 89.0
11 33 30.0 103.0
24 19 71.0 57.0
27 22 75.0 152.0
47 6 54.0 76.0
63 24 6.0 65.0
57 45 185.0 33.0
4 45 74.0 107.0
64 54 172.0 27.0
39 13 146.0 2.0
15 37 183.0 17.0
22 29 71.0 58.0
47 31 22.0 125.0
55 40 192.0 180.0
62 41 82.0 129.0
28 40 62.0 108.0
20 31 183.0 186.0
66 70 50.0 129.0
34 23 166.0 33.0
21 69 64.0 37.0
25 54 198.0 38.0
31 22 109.0 191.0
15 69 133.0 143.0
16 33 143.0 195.0
37 31 163.0 126.0
40 9 124.0 165.0
24 27 126.0 42.0
51 1 125.0 142.0
45 23 52.0 76.0
71 36 183.0 114.0
32 18 49.0 116.0
33 17 7.0 192.0
53 36 121.0 123.0
9 43 32.0 197.0
20 74 186.0 110.0
34 19 17.0 64.0
9 57 31.0 69.0
70 12 98.0 14.0
50 55 110.0 99.0
3 49 144.0 69.0
5 43 41.0 65.0
9 41 24.0 26.0
68 13 76.0 163.0
74 18 173.0 93.0
49 4 78.0 4.0
49 37 147.0 128.0
2 48 151.0 9.0
11 40 187.0 96.0
6 74 8.0 180.0
29 20 133.0 184.0
47 3 36.0 161.0
12 39 45.0 9.0
34 17 171.0 75.0
69 9 141.0 118.0
42 11 8.0 93.0
52 18 132.0 147.0
69 74 134.0 92.0
15 74 133.0 20.0
37 16 151.0 121.0
29 65 157.0 148.0
36 15 185.0 80.0
41 11 68.0 126.0
70 46 138.0 28.0
33 19 167.0 23.0
69 50 92.0 101.0
49 52 169.0 177.0
3 50 43.0 72.0
28 39 29.0 152.0
11 43 80.0 14.0
63 60 11.0 100.0
9 47 177.0 149.0
64 37 110.0 144.0
9 44 184.0 2.0
50 7 126.0 105.0
65 48 11.0 121.0
44 8 50.0 41.0
28 46 87.0 131.0
4 46 165.0 50.0
3 58 15.0 142.0
29 26 116.0 125.0
37 8 106.0 52.0
17 30 90.0 32.0
46 8 37.0 102.0
50 5 83.0 88.0
33 21 3.0 122.0
22 25 66.0 168.0
25 27 152.0 82.0
40 12 135.0 20.0
25 26 51.0 42.0
13 41 118.0 142.0
49 2 158.0 155.0
66 44 193.0 194.0
28 20 73.0 196.0
45 8 69.0 139.0
8 42 78.0 173.0
10 43 172.0 14.0
28 26 48.0 24.0
53 1 166.0 166.0
41 10 157.0 77.0
12 43 187.0 150.0
16 38 36.0 60.0
2 1 90.0 57.0
28 37 106.0 168.0
28 24 41.0 31.0
19 66 177.0 89.0
32 23 143.0 143.0
63 55 149.0 100.0
6 67 135.0 89.0
42 26 61.0 171.0
13 38 27.0 103.0
40 26 187.0 85.0
32 22 52.0 180.0
72 28 104.0 29.0
53 72 156.0 47.0
30 72 141.0 58.0
43 28 147.0 28.0
18 35 102.0 160.0
21 40 96.0 129.0
24 31 149.0 83.0
27 26 14.0 153.0
45 9 160.0 119.0
29 25 157.0 68.0
29 39 16.0 50.0
7 47 122.0 115.0
71 67 66.0 176.0
14 38 34.0 114.0
17 36 10.0 183.0
35 38 96.0 25.0
14 42 84.0 8.0
10 46 128.0 193.0
35 19 181.0 96.0
2 51 112.0 55.0
17 38 83.0 131.0
41 20 63.0 118.0
54 2 7.0 74.0
1 58 166.0 104.0
14 40 161.0 2.0
28 47 1.0 42.0
65 71 122.0 182.0
48 6 190.0 35.0
61 41 60.0 74.0
60 53 6.0 123.0
52 1 140.0 14.0
7 48 51.0 106.0
45 44 180.0 165.0
16 48 153.0 181.0
22 58 0.0 27.0
59 23 124.0 142.0
41 31 144.0 136.0
51 7 62.0 102.0
31 26 113.0 2.0
18 38 73.0 165.0
49 8 82.0 53.0
21 35 90.0 35.0
4 48 5.0 42.0
51 6 10.0 81.0
30 36 122.0 154.0
56 1 37.0 184.0
33 20 63.0 103.0
51 11 72.0 88.0
5 52 95.0 154.0
2 52 180.0 137.0
37 18 186.0 185.0
72 19 78.0 148.0
32 37 64.0 0.0
28 25 140.0 101.0
53 3 25.0 155.0
39 65 30.0 49.0
20 66 121.0 125.0
40 17 158.0 53.0
25 32 16.0 97.0
24 44 45.0 46.0
7 62 163.0 109.0
21 34 10.0 55.0
44 12 95.0 35.0
28 29 96.0 78.0
30 62 193.0 17.0
73 55 117.0 151.0
1 44 71.0 85.0
14 44 146.0 116.0
28 44 66.0 61.0
18 51 58.0 76.0
36 19 133.0 106.0
4 59 43.0 181.0
24 37 62.0 188.0
33 23 186.0 131.0
56 2 186.0 9.0
37 17 184.0 84.0
53 28 41.0 2.0
56 60 139.0 52.0
41 14 194.0 24.0
46 5 185.0 189.0
38 19 32.0 47.0
53 14 8.0 170.0
73 20 105.0 146.0
19 37 110.0 41.0
56 70 188.0 103.0
32 26 17.0 80.0
41 15 7.0 11.0
45 15 25.0 193.0
30 28 197.0 57.0
50 10 175.0 158.0
46 7 166.0 32.0
32 27 110.0 76.0
56 59 191.0 51.0
3 54 153.0 160.0
34 22 57.0 112.0
38 21 4.0 83.0
35 22 125.0 2.0
69 31 182.0 53.0
53 12 151.0 101.0
3 55 28.0 14.0
57 2 149.0 171.0
21 49 191.0 102.0
47 13 131.0 1.0
7 52 26.0 135.0
1 27 152.0 151.0
10 61 18.0 87.0
73 51 153.0 169.0
19 41 179.0 133.0
35 55 100.0 128.0
36 13 196.0 44.0
57 26 124.0 79.0
47 10 161.0 150.0
24 30 57.0 66.0
10 49 52.0 27.0
14 45 10.0 157.0
46 12 181.0 189.0
10 48 39.0 33.0
60 1 152.0 187.0
54 5 107.0 76.0
12 68 41.0 69.0
36 24 43.0 50.0
11 48 133.0 48.0
44 26 7.0 95.0
46 11 99.0 140.0
26 30 158.0 90.0
44 15 30.0 62.0
53 5 33.0 137.0
12 48 102.0 26.0
72 60 85.0 146.0
74 61 134.0 170.0
64 5 151.0 93.0
1 54 9.0 2.0
36 22 115.0 167.0
56 10 123.0 97.0
21 37 93.0 157.0
12 42 39.0 196.0
50 9 119.0 76.0
21 39 191.0 5.0
56 16 16.0 95.0
55 5 197.0 25.0
8 52 17.0 64.0
61 51 150.0 141.0
57 5 94.0 196.0
74 1 46.0 133.0
55 29 78.0 165.0
45 11 122.0 21.0
45 71 59.0 138.0
27 52 108.0 56.0
17 43 187.0 78.0
35 24 135.0 89.0
58 4 6.0 30.0
33 25 67.0 52.0
31 30 134.0 145.0
16 50 67.0 56.0
46 61 1.0 126.0
18 36 170.0 62.0
69 13 193.0 157.0
9 49 36.0 128.0
61 65 114.0 42.0
1 4 151.0 181.0
25 35 62.0 38.0
59 21 81.0 129.0
29 33 103.0 83.0
22 38 99.0 73.0
68 70 100.0 44.0
44 13 66.0 136.0
1 57 61.0 180.0
18 69 42.0 13.0
9 52 39.0 104.0
47 16 42.0 120.0
53 52 85.0 145.0
2 55 137.0 137.0
55 72 136.0 37.0
52 3 142.0 2.0
59 3 81.0 3.0
44 3 42.0 76.0
20 43 173.0 33.0
65 6 62.0 15.0
36 68 9.0 148.0
53 70 86.0 147.0
67 29 125.0 174.0
23 38 118.0 19.0
51 10 64.0 199.0
36 27 66.0 58.0
67 2 30.0 39.0
46 14 106.0 44.0
19 57 52.0 115.0
52 11 0.0 90.0
18 44 13.0 77.0
30 29 8.0 131.0
15 49 165.0 24.0
55 7 22.0 184.0
16 43 123.0 4.0
28 35 150.0 29.0
26 34 174.0 154.0
50 8 62.0 126.0
23 37 5.0 27.0
26 37 26.0 165.0
36 25 7.0 143.0
53 74 151.0 29.0
53 10 37.0 26.0
51 13 26.0 140.0
14 35 16.0 153.0
41 22 151.0 79.0
32 24 190.0 108.0
14 74 114.0 16.0
30 32 191.0 121.0
5 58 142.0 94.0
34 68 72.0 180.0
45 19 82.0 51.0
54 9 57.0 98.0
44 17 174.0 9.0
34 27 109.0 165.0
54 16 158.0 175.0
1 59 181.0 101.0
67 37 189.0 123.0
58 2 46.0 61.0
58 61 94.0 128.0
39 20 56.0 151.0
34 30 48.0 30.0
57 58 125.0 157.0
39 23 70.0 35.0
48 14 186.0 51.0
39 44 1.0 175.0
57 41 110.0 47.0
6 66 73.0 4.0
10 52 166.0 81.0
8 55 2.0 14.0
2 63 188.0 127.0
4 42 91.0 11.0
44 10 183.0 77.0
52 25 76.0 184.0
59 5 197.0 138.0
31 32 169.0 71.0
1 64 21.0 135.0
46 16 28.0 23.0
44 20 31.0 168.0
17 48 115.0 122.0
4 54 39.0 98.0
54 33 100.0 67.0
40 24 82.0 97.0
27 38 53.0 51.0
53 2 193.0 26.0
9 53 113.0 173.0
60 5 121.0 96.0
59 6 171.0 188.0
57 10 78.0 11.0
18 45 43.0 178.0
48 18 87.0 125.0
37 30 125.0 92.0
47 18 60.0 70.0
22 40 129.0 173.0
52 12 11.0 50.0
9 42 115.0 183.0
33 30 101.0 193.0
25 39 60.0 144.0
59 62 50.0 148.0
47 19 121.0 127.0
55 10 184.0 181.0
13 48 132.0 114.0
7 54 120.0 143.0
62 39 135.0 35.0
43 47 1.0 36.0
13 54 53.0 13.0
40 42 55.0 56.0
36 28 17.0 128.0
30 74 127.0 154.0
8 65 142.0 59.0
73 36 195.0 62.0
53 15 10.0 131.0
20 48 180.0 163.0
27 33 5.0 186.0
20 37 196.0 12.0
56 35 111.0 165.0
45 17 16.0 38.0
61 6 28.0 111.0
3 65 190.0 23.0
48 47 52.0 152.0
7 56 126.0 185.0
42 22 86.0 83.0
30 71 190.0 82.0
52 14 190.0 101.0
46 19 10.0 6.0
2 65 99.0 38.0
74 67 170.0 89.0
4 62 146.0 22.0
50 22 153.0 24.0
41 21 95.0 39.0
49 19 144.0 86.0
12 56 192.0 134.0
8 59 125.0 154.0
46 21 157.0 24.0
44 35 31.0 127.0
19 17 169.0 130.0
25 40 192.0 75.0
27 61 170.0 87.0
22 37 165.0 67.0
27 37 48.0 109.0
5 56 161.0 126.0
14 49 167.0 118.0
16 53 28.0 151.0
52 13 161.0 150.0
58 12 2.0 105.0
56 9 31.0 124.0
50 12 87.0 196.0
38 31 143.0 88.0
23 36 129.0 56.0
51 58 189.0 49.0
12 59 73.0 169.0
46 23 68.0 186.0
4 57 36.0 70.0
29 41 11.0 19.0
12 57 35.0 99.0
60 2 146.0 131.0
50 13 77.0 76.0
71 28 135.0 66.0
37 29 110.0 160.0
23 44 52.0 178.0
42 19 180.0 88.0
73 34 86.0 191.0
48 73 101.0 122.0
55 9 190.0 47.0
29 36 155.0 68.0
39 45 181.0 90.0
1 67 30.0 43.0
27 40 141.0 34.0
47 21 171.0 121.0
64 67 9.0 9.0
48 22 88.0 62.0
43 56 177.0 79.0
46 52 193.0 132.0
74 29 108.0 175.0
12 55 79.0 138.0
73 69 167.0 172.0
47 42 131.0 90.0
13 71 17.0 92.0
38 30 168.0 105.0
14 55 57.0 145.0
46 64 21.0 50.0
35 29 181.0 129.0
73 10 140.0 60.0
6 55 141.0 60.0
11 56 140.0 24.0
66 5 186.0 157.0
19 51 191.0 106.0
14 56 139.0 0.0
68 2 83.0 160.0
3 66 128.0 64.0
5 63 3.0 21.0
39 68 92.0 96.0
70 31 138.0 33.0
70 69 61.0 76.0
48 59 61.0 4.0
59 2 17.0 152.0
48 23 188.0 100.0
64 42 165.0 117.0
69 1 56.0 168.0
10 60 106.0 100.0
40 31 174.0 196.0
22 49 185.0 187.0
8 60 143.0 198.0
67 3 156.0 160.0
17 52 119.0 97.0
46 24 124.0 84.0
31 36 27.0 132.0
39 51 5.0 85.0
57 13 146.0 131.0
9 63 17.0 83.0
70 35 114.0 160.0
19 44 151.0 22.0
47 22 112.0 22.0
50 56 141.0 188.0
58 69 132.0 168.0
45 33 22.0 89.0
2 69 50.0 120.0
30 42 7.0 67.0
25 55 126.0 121.0
68 4 35.0 77.0
21 28 101.0 99.0
14 57 22.0 42.0
50 21 111.0 106.0
8 62 161.0 134.0
32 73 161.0 163.0
49 24 152.0 169.0
37 33 112.0 31.0
70 1 2.0 147.0
67 4 23.0 103.0
30 40 92.0 46.0
58 13 29.0 3.0
19 50 19.0 142.0
54 17 10.0 133.0
26 53 100.0 163.0
71 1 35.0 12.0
35 36 119.0 189.0
16 61 194.0 142.0
11 57 50.0 38.0
38 64 97.0 31.0
28 57 131.0 116.0
58 8 169.0 141.0
66 37 104.0 69.0
29 52 161.0 139.0
37 35 5.0 80.0
63 8 113.0 151.0
53 21 112.0 115.0
48 26 17.0 9.0
44 25 153.0 148.0
47 25 86.0 74.0
3 63 53.0 190.0
44 27 24.0 14.0
48 69 85.0 29.0
60 7 39.0 151.0
55 15 103.0 151.0
15 50 190.0 121.0
35 30 69.0 143.0
58 56 114.0 155.0
9 64 40.0 119.0
23 50 141.0 16.0
59 11 55.0 178.0
17 41 50.0 95.0
21 73 17.0 106.0
64 60 149.0 8.0
57 15 64.0 18.0
12 60 185.0 130.0
52 38 51.0 26.0
64 8 17.0 144.0
32 38 121.0 24.0
53 19 56.0 124.0
10 59 77.0 73.0
29 43 9.0 26.0
50 49 58.0 73.0
60 11 145.0 43.0
58 16 42.0 148.0
73 49 160.0 11.0
33 40 122.0 81.0
48 32 73.0 178.0
52 43 44.0 102.0
64 10 70.0 54.0
27 43 150.0 80.0
32 39 191.0 95.0
14 62 113.0 186.0
36 58 5.0 73.0
34 41 141.0 80.0
65 27 100.0 166.0
13 59 148.0 96.0
69 4 130.0 170.0
17 49 169.0 32.0
53 20 176.0 112.0
61 13 113.0 42.0
10 65 81.0 70.0
56 18 39.0 22.0
36 34 23.0 91.0
46 27 15.0 123.0
59 16 72.0 97.0
15 60 128.0 41.0
11 62 34.0 104.0
71 5 100.0 99.0
67 43 140.0 181.0
71 2 33.0 179.0
64 49 11.0 57.0
4 71 100.0 178.0
72 3 27.0 124.0
24 48 166.0 155.0
65 9 122.0 152.0
32 43 172.0 174.0
44 30 198.0 113.0
18 55 65.0 184.0
52 28 77.0 28.0
55 20 152.0 177.0
28 41 40.0 131.0
35 50 88.0 158.0
26 69 105.0 163.0
25 50 144.0 78.0
68 30 13.0 143.0
9 61 102.0 30.0
60 9 45.0 131.0
31 43 99.0 149.0
63 13 131.0 139.0
43 25 67.0 172.0
55 19 130.0 172.0
71 39 22.0 75.0
46 49 133.0 187.0
51 22 121.0 35.0
61 12 93.0 166.0
67 10 141.0 145.0
8 73 69.0 24.0
57 17 150.0 88.0
20 67 108.0 80.0
52 23 112.0 82.0
30 41 126.0 45.0
61 14 68.0 47.0
55 22 131.0 113.0
49 26 135.0 24.0
22 54 85.0 156.0
52 24 129.0 35.0
59 15 175.0 189.0
52 42 100.0 88.0
35 40 84.0 27.0
24 51 22.0 104.0
60 16 74.0 154.0
21 55 27.0 9.0
48 28 25.0 112.0
46 31 170.0 106.0
41 33 37.0 97.0
11 63 10.0 138.0
54 20 93.0 94.0
23 54 32.0 116.0
48 29 148.0 106.0
38 39 180.0 127.0
74 26 147.0 157.0
11 64 104.0 69.0
63 12 76.0 94.0
41 65 79.0 38.0
60 17 140.0 124.0
14 31 3.0 124.0
68 8 167.0 103.0
48 61 36.0 99.0
8 70 111.0 135.0
70 7 29.0 16.0
62 71 131.0 57.0
47 29 195.0 162.0
49 45 16.0 135.0
38 37 197.0 171.0
18 58 46.0 116.0
72 4 79.0 34.0
36 33 94.0 190.0
46 33 153.0 75.0
55 61 162.0 84.0
61 31 160.0 157.0
45 10 20.0 176.0
69 8 4.0 17.0
51 26 32.0 2.0
58 63 77.0 63.0
63 15 85.0 171.0
59 36 185.0 190.0
74 36 63.0 147.0
65 13 14.0 176.0
29 49 63.0 34.0
53 22 131.0 19.0
66 12 191.0 116.0
36 44 16.0 68.0
63 14 102.0 53.0
33 47 26.0 87.0
19 60 48.0 42.0
26 50 1.0 62.0
21 58 31.0 64.0
20 59 191.0 162.0
65 15 66.0 182.0
16 62 147.0 34.0
49 28 186.0 1.0
34 40 105.0 164.0
24 56 22.0 153.0
15 61 51.0 176.0
14 64 69.0 82.0
59 17 84.0 60.0
46 32 37.0 102.0
61 18 145.0 136.0
11 67 10.0 83.0
10 71 109.0 67.0
37 39 182.0 84.0
56 21 156.0 185.0
23 56 80.0 25.0
48 31 43.0 117.0
37 43 135.0 32.0
17 56 35.0 80.0
50 29 93.0 197.0
65 37 168.0 2.0
43 38 128.0 103.0
6 70 151.0 36.0
33 48 124.0 31.0
71 8 140.0 167.0
22 46 180.0 27.0
72 7 82.0 167.0
46 36 137.0 175.0
34 43 122.0 57.0
31 50 114.0 2.0
66 13 109.0 17.0
48 70 159.0 33.0
21 51 21.0 99.0
34 42 22.0 153.0
51 31 161.0 56.0
4 73 171.0 50.0
42 29 81.0 93.0
9 71 21.0 147.0
32 72 41.0 130.0
68 14 67.0 152.0
50 66 18.0 89.0
65 16 117.0 192.0
50 52 105.0 30.0
43 45 49.0 77.0
9 70 111.0 82.0
19 63 159.0 132.0
28 59 65.0 0.0
28 51 196.0 132.0
25 56 86.0 166.0
48 34 83.0 155.0
16 42 0.0 141.0
10 69 109.0 50.0
64 18 14.0 20.0
19 74 117.0 174.0
52 30 1.0 182.0
64 17 187.0 197.0
37 36 56.0 25.0
56 26 91.0 92.0
32 49 88.0 91.0
34 44 47.0 197.0
71 20 148.0 62.0
71 11 194.0 66.0
74 8 145.0 147.0
36 42 156.0 84.0
55 28 39.0 12.0
32 50 65.0 82.0
59 24 44.0 153.0
42 49 149.0 44.0
38 44 194.0 98.0
39 17 160.0 140.0
25 49 32.0 106.0
70 10 196.0 188.0
41 40 151.0 188.0
60 25 2.0 169.0
49 33 16.0 47.0
74 11 145.0 165.0
72 44 195.0 91.0
60 33 48.0 155.0
34 38 159.0 32.0
18 65 64.0 108.0
16 67 85.0 168.0
51 62 163.0 88.0
16 66 84.0 179.0
63 18 79.0 181.0
71 52 195.0 74.0
37 48 184.0 195.0
57 25 103.0 96.0
16 36 124.0 167.0
36 45 18.0 9.0
69 17 36.0 133.0
68 16 114.0 120.0
7 66 25.0 193.0
46 38 192.0 172.0
21 61 196.0 128.0
47 37 147.0 51.0
74 9 32.0 23.0
34 47 82.0 3.0
51 33 18.0 118.0
49 31 114.0 85.0
68 41 28.0 91.0
27 54 51.0 172.0
24 60 131.0 199.0
57 27 9.0 30.0
29 53 78.0 42.0
66 17 23.0 113.0
48 46 86.0 194.0
30 54 19.0 152.0
64 19 111.0 199.0
46 74 42.0 114.0
27 53 53.0 125.0
41 43 88.0 62.0
36 47 54.0 118.0
34 50 187.0 29.0
62 21 37.0 25.0
24 61 116.0 9.0
64 23 32.0 179.0
46 40 108.0 75.0
52 31 27.0 113.0
6 64 124.0 115.0
72 14 37.0 130.0
31 54 80.0 176.0
43 40 190.0 69.0
42 27 153.0 58.0
39 46 123.0 138.0
72 15 195.0 31.0
52 51 129.0 22.0
60 50 7.0 6.0
52 32 43.0 197.0
53 46 32.0 75.0
58 28 59.0 22.0
41 44 14.0 165.0
45 41 153.0 137.0
74 12 137.0 148.0
53 25 40.0 67.0
59 25 37.0 199.0
31 56 58.0 33.0
69 65 1.0 42.0
12 67 29.0 13.0
27 55 117.0 43.0
20 62 53.0 70.0
44 63 70.0 190.0
35 43 55.0 110.0
41 46 44.0 45.0
73 17 84.0 54.0
35 51 192.0 37.0
54 32 112.0 21.0
39 63 13.0 29.0
36 52 51.0 66.0
25 62 67.0 121.0
16 70 149.0 74.0
30 57 6.0 193.0
68 20 40.0 42.0
69 16 159.0 32.0
22 59 63.0 71.0
42 46 19.0 76.0
24 57 79.0 22.0
68 22 18.0 98.0
74 13 74.0 119.0
64 25 49.0 33.0
73 14 110.0 41.0
73 15 190.0 69.0
53 45 4.0 53.0
68 19 49.0 23.0
18 68 128.0 80.0
35 53 170.0 99.0
39 47 3.0 196.0
31 55 98.0 4.0
65 24 164.0 9.0
22 56 6.0 154.0
60 38 68.0 10.0
21 64 65.0 69.0
21 68 74.0 146.0
12 71 87.0 196.0
52 33 50.0 42.0
51 34 31.0 101.0
63 25 20.0 147.0
44 43 167.0 178.0
38 49 54.0 187.0
56 28 107.0 120.0
16 72 143.0 181.0
8 72 30.0 31.0
23 63 48.0 33.0
73 16 69.0 31.0
31 10 144.0 42.0
65 22 198.0 64.0
18 72 134.0 52.0
37 51 75.0 194.0
22 67 157.0 19.0
61 29 131.0 140.0
71 17 100.0 131.0
60 26 159.0 121.0
41 49 77.0 55.0
17 67 97.0 75.0
63 28 87.0 183.0
49 58 50.0 163.0
3 48 114.0 160.0
29 63 11.0 197.0
44 46 84.0 63.0
58 33 182.0 195.0
32 58 36.0 11.0
30 61 45.0 85.0
23 67 74.0 84.0
34 57 55.0 76.0
25 65 165.0 121.0
41 69 161.0 129.0
47 45 88.0 197.0
54 36 134.0 23.0
58 31 21.0 122.0
42 71 191.0 66.0
24 54 179.0 17.0
58 34 131.0 35.0
53 73 18.0 49.0
26 64 25.0 180.0
9 73 108.0 66.0
16 71 173.0 42.0
62 67 196.0 194.0
44 49 153.0 187.0
63 31 64.0 133.0
29 51 84.0 196.0
12 73 55.0 102.0
57 35 1.0 33.0
73 62 190.0 109.0
39 50 63.0 163.0
34 60 192.0 60.0
56 42 35.0 146.0
66 27 158.0 52.0
65 28 179.0 42.0
38 53 172.0 187.0
64 27 47.0 125.0
50 41 11.0 189.0
53 37 158.0 74.0
31 60 86.0 151.0
19 69 42.0 73.0
37 56 31.0 152.0
53 34 122.0 162.0
43 60 77.0 46.0
70 20 144.0 76.0
38 54 1.0 107.0
62 29 86.0 160.0
71 56 154.0 172.0
69 22 192.0 148.0
53 40 1.0 23.0
57 36 193.0 75.0
45 42 112.0 70.0
56 36 109.0 57.0
74 21 38.0 62.0
45 40 119.0 124.0
60 40 45.0 73.0
24 62 122.0 37.0
47 67 25.0 75.0
72 24 189.0 170.0
13 70 127.0 101.0
60 30 8.0 188.0
65 26 77.0 46.0
70 21 158.0 196.0
40 49 170.0 156.0
64 29 174.0 93.0
47 46 60.0 151.0
64 28 0.0 1.0
25 66 109.0 79.0
50 44 96.0 117.0
53 32 143.0 173.0
56 38 161.0 53.0
17 70 44.0 132.0
55 37 17.0 18.0
32 71 169.0 77.0
68 28 61.0 121.0
26 62 153.0 123.0
64 30 90.0 49.0
56 32 146.0 185.0
40 68 193.0 107.0
39 56 107.0 189.0
51 41 162.0 124.0
69 24 77.0 83.0
59 37 20.0 90.0
64 58 130.0 173.0
32 62 162.0 20.0
24 70 47.0 60.0
71 23 45.0 192.0
23 69 23.0 105.0
61 44 174.0 137.0
53 42 118.0 3.0
74 52 86.0 90.0
31 57 65.0 16.0
73 18 189.0 179.0
26 71 192.0 188.0
66 29 165.0 37.0
54 41 5.0 141.0
60 22 59.0 131.0
66 30 180.0 177.0
36 60 191.0 18.0
65 31 75.0 56.0
33 64 171.0 16.0
35 61 136.0 163.0
53 44 49.0 102.0
28 74 123.0 6.0
54 47 124.0 182.0
45 48 4.0 56.0
25 70 15.0 195.0
65 34 38.0 90.0
50 46 168.0 161.0
27 68 46.0 105.0
29 69 27.0 47.0
29 68 27.0 150.0
74 24 16.0 104.0
71 21 127.0 21.0
27 73 49.0 143.0
72 26 162.0 39.0
38 55 154.0 83.0
28 67 57.0 1.0
51 45 5.0 84.0
36 62 198.0 184.0
29 70 67.0 15.0
39 59 140.0 195.0
53 43 128.0 142.0
68 42 15.0 43.0
27 71 162.0 170.0
57 43 69.0 19.0
31 68 130.0 26.0
42 58 114.0 128.0
68 48 156.0 182.0
66 35 192.0 48.0
35 62 142.0 72.0
42 57 10.0 110.0
16 74 115.0 124.0
23 60 30.0 136.0
62 37 195.0 112.0
66 28 80.0 61.0
25 73 124.0 36.0
71 41 143.0 68.0
31 59 103.0 38.0
70 34 105.0 65.0
23 74 87.0 21.0
64 50 189.0 69.0
38 58 149.0 136.0
34 63 15.0 29.0
51 46 22.0 91.0
62 40 32.0 165.0
69 72 164.0 135.0
42 59 35.0 69.0
56 41 131.0 74.0
47 52 24.0 73.0
51 43 157.0 173.0
22 74 57.0 124.0
44 51 24.0 79.0
55 44 131.0 57.0
48 56 7.0 95.0
33 69 191.0 195.0
51 49 159.0 122.0
35 64 147.0 183.0
63 32 116.0 104.0
22 73 33.0 125.0
40 52 124.0 58.0
54 48 105.0 8.0
63 40 108.0 112.0
71 31 180.0 99.0
33 66 198.0 91.0
46 57 126.0 98.0
67 34 198.0 195.0
70 32 132.0 31.0
71 29 78.0 9.0
67 58 72.0 183.0
56 44 45.0 180.0
41 63 188.0 177.0
36 67 127.0 186.0
70 73 135.0 6.0
63 37 126.0 85.0
64 40 150.0 59.0
45 58 122.0 180.0
54 51 61.0 194.0
41 59 70.0 58.0
66 52 117.0 10.0
43 58 7.0 44.0
60 45 24.0 94.0
55 42 29.0 150.0
51 38 14.0 131.0
33 67 170.0 136.0
49 48 142.0 184.0
52 55 17.0 164.0
57 48 190.0 134.0
39 67 156.0 197.0
51 55 136.0 132.0
48 51 175.0 117.0
57 49 81.0 141.0
29 73 92.0 4.0
70 36 19.0 187.0
39 60 116.0 36.0
49 47 1.0 106.0
46 59 185.0 109.0
68 37 75.0 74.0
43 66 127.0 3.0
71 34 57.0 9.0
58 48 183.0 150.0
64 39 39.0 2.0
46 55 118.0 108.0
60 46 117.0 119.0
53 56 74.0 54.0
57 50 49.0 150.0
57 53 168.0 128.0
45 65 24.0 26.0
51 56 159.0 159.0
33 68 57.0 151.0
62 44 169.0 176.0
71 35 0.0 38.0
74 33 97.0 26.0
63 48 101.0 146.0
56 47 35.0 21.0
47 53 19.0 11.0
31 73 144.0 130.0
33 70 93.0 154.0
59 26 118.0 14.0
30 67 5.0 70.0
69 40 125.0 103.0
46 62 58.0 26.0
49 59 193.0 45.0
34 66 127.0 164.0
62 47 167.0 71.0
41 70 68.0 12.0
55 54 189.0 138.0
39 72 79.0 194.0
57 51 82.0 4.0
41 67 79.0 92.0
67 46 30.0 24.0
63 57 77.0 109.0
54 56 115.0 45.0
48 64 122.0 183.0
57 71 66.0 111.0
55 56 91.0 145.0
69 35 110.0 173.0
73 39 68.0 189.0
54 45 150.0 50.0
47 60 45.0 28.0
74 41 155.0 160.0
65 44 22.0 77.0
55 47 4.0 41.0
65 40 57.0 96.0
62 50 125.0 167.0
67 44 43.0 193.0
62 31 85.0 194.0
38 71 1.0 130.0
44 68 137.0 108.0
40 70 61.0 112.0
53 58 76.0 17.0
74 38 132.0 85.0
61 54 126.0 9.0
50 58 91.0 170.0
45 67 59.0 176.0
62 48 145.0 12.0
42 72 193.0 82.0
69 49 185.0 6.0
46 69 191.0 13.0
54 58 80.0 75.0
66 47 168.0 6.0
37 74 142.0 60.0
60 51 38.0 1.0
49 67 53.0 183.0
53 63 192.0 198.0
64 53 64.0 177.0
49 66 173.0 7.0
62 58 145.0 5.0
65 51 110.0 66.0
57 60 88.0 52.0
55 62 66.0 127.0
46 65 105.0 119.0
49 61 45.0 98.0
47 63 158.0 61.0
69 47 164.0 83.0
70 43 124.0 62.0
54 62 48.0 34.0
60 58 120.0 136.0
53 54 16.0 138.0
50 70 158.0 122.0
56 61 106.0 155.0
46 73 122.0 65.0
62 56 42.0 86.0
74 59 145.0 167.0
52 68 82.0 193.0
49 70 189.0 155.0
63 54 127.0 158.0
53 59 183.0 85.0
55 48 3.0 42.0
51 69 198.0 125.0
54 68 52.0 40.0
67 48 141.0 149.0
67 50 9.0 23.0
72 45 25.0 151.0
68 43 127.0 152.0
52 63 145.0 63.0
51 66 192.0 100.0
57 62 75.0 190.0
72 43 6.0 80.0
38 65 7.0 147.0
40 67 100.0 16.0
74 40 125.0 125.0
42 44 169.0 5.0
72 51 49.0 66.0
74 34 41.0 41.0
70 57 191.0 68.0
52 64 107.0 149.0
67 53 54.0 66.0
70 47 73.0 154.0
65 53 31.0 199.0
68 50 126.0 152.0
57 64 53.0 127.0
51 71 187.0 46.0
70 52 69.0 178.0
59 64 97.0 176.0
57 66 148.0 151.0
69 52 80.0 22.0
61 50 196.0 63.0
42 69 57.0 74.0
66 59 125.0 110.0
73 52 26.0 112.0
68 60 189.0 95.0
72 58 50.0 86.0
44 70 96.0 198.0
60 69 30.0 129.0
7 73 74.0 178.0
47 74 195.0 131.0
68 53 177.0 72.0
54 72 124.0 155.0
58 66 52.0 113.0
61 66 92.0 102.0
30 43 36.0 141.0
61 60 18.0 18.0
60 65 175.0 93.0
74 58 57.0 122.0
64 56 119.0 186.0
71 61 62.0 43.0
26 63 18.0 114.0
54 69 154.0 63.0
55 69 45.0 190.0
46 71 144.0 64.0
56 65 160.0 71.0
56 74 7.0 169.0
60 55 176.0 127.0
64 66 194.0 38.0
50 74 196.0 164.0
70 60 45.0 151.0
73 57 113.0 90.0
59 65 12.0 10.0
53 69 53.0 172.0
67 57 72.0 60.0
65 67 50.0 49.0
73 74 45.0 44.0
59 72 168.0 42.0
39 61 124.0 165.0
52 56 141.0 189.0
71 66 130.0 153.0
3 73 164.0 183.0
48 41 20.0 189.0
69 59 197.0 23.0
65 64 77.0 42.0
72 57 169.0 46.0
66 31 68.0 45.0
67 61 134.0 9.0
20 7 123.0 64.0
56 67 164.0 39.0
70 64 177.0 136.0
54 65 152.0 174.0
74 64 7.0 29.0
65 52 187.0 128.0
74 66 162.0 7.0
72 50 146.0 96.0
72 65 27.0 21.0
60 49 154.0 143.0
35 49 163.0 83.0
52 72 122.0 67.0
71 53 184.0 81.0
71 33 19.0 171.0
68 62 143.0 182.0
63 45 133.0 41.0
72 73 6.0 160.0
70 58 164.0 112.0
62 52 77.0 79.0
67 70 33.0 199.0
70 74 72.0 17.0
69 61 26.0 92.0
32 64 122.0 122.0
16 41 103.0 55.0
67 69 101.0 110.0
72 71 156.0 65.0
68 59 176.0 186.0
51 40 39.0 161.0
59 50 13.0 112.0
62 64 95.0 192.0
72 37 142.0 169.0
61 70 55.0 198.0
59 73 165.0 156.0
65 73 5.0 74.0
67 59 113.0 133.0
63 33 120.0 153.0
66 69 50.0 133.0
64 20 11.0 97.0
74 72 21.0 105.0
57 68 187.0 76.0
66 65 150.0 152.0
67 66 28.0 155.0
72 48 140.0 94.0
71 70 161.0 60.0
26 68 93.0 163.0
43 22 166.0 56.0
52 61 171.0 139.0
3 21 132.0 110.0
72 67 159.0 82.0
71 54 184.0 140.0
72 66 165.0 76.0
63 66 153.0 79.0
0
