77 2926 51 33 365924
44 54 44.0 37.0
46 4 93.0 15.0
33 57 78.0 78.0
45 36 187.0 146.0
43 37 74.0 34.0
47 9 59.0 161.0
38 57 2.0 150.0
31 39 35.0 170.0
16 30 127.0 79.0
33 41 164.0 172.0
18 60 182.0 194.0
18 70 178.0 121.0
28 10 194.0 4.0
16 50 24.0 5.0
27 76 188.0 178.0
37 52 109.0 23.0
2 23 41.0 188.0
61 42 86.0 157.0
24 2 24.0 20.0
72 12 27.0 2.0
19 24 98.0 173.0
71 45 133.0 74.0
43 34 48.0 121.0
6 47 61.0 110.0
67 76 98.0 54.0
41 52 29.0 136.0
53 28 62.0 54.0
39 42 155.0 89.0
66 75 90.0 53.0
42 17 77.0 23.0
50 69 131.0 78.0
38 50 190.0 144.0
48 18 153.0 88.0
69 41 132.0 183.0
66 17 40.0 194.0
58 72 12.0 195.0
69 13 195.0 55.0
29 17 154.0 72.0
9 38 167.0 38.0
8 34 129.0 110.0
52 63 150.0 34.0
24 55 61.0 82.0
69 14 52.0 102.0
6 37 67.0 16.0
50 35 73.0 14.0
52 62 181.0 180.0
20 51 80.0 148.0
7 17 141.0 161.0
1 65 136.0 44.0
41 21 171.0 150.0
34 66 76.0 175.0
25 16 151.0 96.0
48 57 69.0 177.0
41 72 139.0 50.0
43 24 183.0 19.0
38 10 122.0 77.0
74 43 92.0 59.0
63 12 59.0 16.0
77 68 18.0 87.0
4 6 103.0 170.0
63 14 43.0 124.0
6 65 135.0 182.0
2 6 191.0 70.0
20 42 165.0 114.0
5 62 172.0 57.0
71 38 99.0 183.0
29 55 104.0 117.0
59 28 100.0 7.0
39 67 194.0 95.0
54 68 89.0 81.0
1 27 69.0 32.0
68 34 24.0 34.0
16 6 5.0 148.0
44 60 38.0 56.0
37 7 159.0 94.0
34 20 104.0 59.0
9 45 149.0 50.0
35 49 120.0 190.0
8 11 39.0 189.0
30 10 192.0 15.0
14 33 40.0 150.0
15 48 48.0 30.0
54 66 98.0 7.0
8 45 68.0 154.0
12 40 15.0 169.0
9 41 76.0 135.0
37 54 55.0 116.0
61 41 175.0 47.0
74 7 141.0 15.0
53 20 88.0 141.0
7 44 4.0 138.0
11 38 198.0 73.0
76 21 89.0 13.0
60 61 88.0 166.0
35 75 134.0 143.0
38 37 116.0 109.0
44 66 48.0 10.0
6 21 100.0 136.0
64 3 124.0 105.0
38 47 24.0 74.0
67 72 78.0 114.0
56 51 69.0 166.0
46 69 87.0 155.0
29 44 144.0 4.0
30 76 120.0 192.0
17 53 122.0 21.0
53 70 83.0 46.0
39 6 180.0 107.0
77 12 52.0 59.0
60 58 175.0 74.0
50 17 43.0 63.0
58 67 140.0 139.0
2 11 150.0 61.0
51 14 127.0 72.0
4 74 168.0 162.0
2 5 56.0 100.0
17 56 152.0 61.0
37 42 80.0 128.0
8 9 163.0 123.0
45 74 43.0 103.0
74 13 164.0 193.0
24 34 158.0 91.0
30 27 33.0 78.0
32 50 22.0 89.0
28 3 131.0 126.0
42 66 106.0 11.0
44 72 111.0 21.0
68 23 149.0 154.0
34 67 191.0 114.0
21 19 7.0 102.0
10 7 190.0 40.0
36 25 2.0 164.0
3 7 173.0 85.0
67 37 198.0 31.0
31 64 84.0 110.0
8 77 122.0 185.0
7 9 186.0 113.0
48 16 124.0 193.0
5 50 59.0 66.0
73 43 3.0 13.0
45 70 121.0 128.0
27 20 131.0 72.0
4 27 45.0 167.0
26 3 19.0 167.0
33 63 165.0 157.0
1 69 100.0 41.0
41 18 59.0 112.0
60 62 66.0 62.0
8 10 76.0 139.0
6 44 123.0 8.0
70 56 48.0 169.0
56 66 85.0 19.0
49 41 26.0 2.0
32 24 72.0 126.0
41 11 97.0 131.0
73 4 196.0 163.0
67 28 48.0 73.0
70 26 163.0 171.0
4 20 41.0 11.0
9 23 6.0 126.0
64 1 94.0 32.0
24 73 132.0 118.0
6 34 121.0 181.0
35 57 189.0 70.0
5 14 64.0 189.0
39 18 136.0 28.0
38 53 186.0 177.0
74 9 189.0 144.0
10 42 164.0 83.0
37 1 93.0 48.0
5 8 104.0 167.0
1 3 124.0 45.0
10 2 108.0 140.0
40 54 199.0 196.0
30 32 190.0 137.0
38 58 117.0 179.0
22 74 155.0 34.0
74 14 124.0 48.0
36 52 189.0 28.0
54 25 136.0 65.0
49 37 54.0 44.0
13 53 142.0 5.0
5 48 148.0 132.0
28 64 44.0 18.0
61 8 46.0 199.0
19 40 150.0 171.0
15 23 171.0 92.0
46 47 84.0 108.0
6 19 98.0 138.0
71 33 112.0 192.0
1 40 24.0 61.0
26 47 66.0 68.0
54 19 169.0 65.0
58 71 33.0 72.0
14 57 12.0 157.0
24 41 93.0 97.0
59 20 67.0 143.0
52 20 178.0 131.0
59 6 1.0 2.0
52 69 58.0 19.0
8 75 156.0 180.0
66 67 60.0 141.0
44 39 193.0 72.0
2 55 37.0 38.0
75 60 144.0 56.0
1 75 81.0 123.0
4 17 107.0 82.0
7 72 37.0 118.0
67 22 163.0 145.0
11 56 22.0 23.0
17 39 157.0 167.0
17 54 78.0 194.0
34 27 160.0 174.0
22 77 121.0 42.0
15 73 75.0 181.0
67 4 21.0 112.0
25 30 3.0 136.0
8 13 90.0 177.0
4 12 127.0 47.0
17 33 146.0 157.0
4 14 185.0 58.0
54 18 156.0 106.0
12 24 59.0 31.0
27 39 39.0 32.0
66 8 59.0 194.0
20 6 38.0 149.0
47 51 74.0 117.0
6 53 90.0 20.0
30 39 140.0 75.0
54 8 60.0 49.0
32 1 63.0 72.0
37 39 138.0 55.0
47 27 8.0 197.0
6 8 193.0 46.0
2 30 94.0 67.0
3 13 102.0 184.0
2 15 2.0 194.0
6 10 70.0 15.0
28 74 108.0 133.0
35 10 120.0 199.0
35 25 115.0 81.0
53 43 199.0 108.0
70 38 138.0 94.0
50 46 38.0 192.0
16 59 35.0 193.0
4 10 162.0 105.0
50 58 190.0 71.0
66 27 73.0 63.0
51 72 170.0 188.0
35 65 171.0 169.0
23 59 143.0 109.0
28 42 184.0 133.0
23 57 175.0 171.0
33 29 181.0 138.0
7 1 101.0 124.0
27 10 153.0 174.0
4 18 58.0 75.0
3 25 138.0 29.0
2 4 106.0 33.0
43 32 138.0 42.0
12 26 179.0 113.0
52 73 116.0 113.0
73 48 147.0 17.0
57 66 11.0 53.0
4 41 173.0 69.0
65 75 90.0 111.0
76 50 87.0 196.0
2 18 155.0 25.0
43 36 54.0 87.0
30 18 106.0 170.0
63 49 165.0 6.0
35 60 94.0 128.0
23 33 65.0 19.0
30 74 94.0 155.0
44 21 88.0 181.0
38 12 3.0 196.0
46 31 95.0 57.0
46 13 24.0 1.0
59 62 2.0 141.0
44 12 6.0 48.0
42 16 171.0 23.0
10 72 127.0 65.0
15 7 128.0 167.0
16 71 110.0 83.0
22 64 33.0 5.0
74 1 37.0 57.0
62 12 137.0 191.0
21 38 190.0 95.0
53 11 159.0 113.0
3 72 129.0 86.0
1 49 191.0 9.0
40 37 168.0 101.0
23 54 55.0 1.0
13 7 40.0 45.0
1 59 133.0 129.0
20 75 38.0 75.0
6 57 142.0 198.0
51 8 0.0 72.0
56 12 12.0 191.0
47 59 62.0 180.0
33 49 25.0 118.0
38 1 58.0 18.0
59 21 83.0 143.0
19 58 66.0 74.0
37 46 76.0 9.0
53 54 103.0 76.0
63 41 192.0 115.0
23 44 71.0 55.0
15 28 29.0 49.0
28 19 95.0 87.0
13 6 138.0 131.0
47 76 6.0 5.0
44 31 41.0 82.0
7 68 17.0 96.0
29 10 194.0 162.0
53 39 143.0 18.0
64 5 86.0 172.0
23 48 100.0 133.0
35 23 193.0 39.0
19 38 2.0 151.0
66 13 113.0 44.0
1 41 75.0 130.0
51 76 18.0 21.0
37 25 59.0 113.0
29 46 192.0 97.0
14 52 193.0 93.0
6 15 69.0 138.0
25 49 42.0 71.0
60 70 19.0 155.0
34 59 168.0 46.0
58 11 47.0 186.0
35 36 166.0 107.0
4 69 90.0 110.0
41 59 187.0 35.0
46 33 119.0 8.0
2 42 90.0 161.0
35 3 107.0 110.0
60 53 140.0 75.0
61 20 36.0 187.0
55 10 107.0 154.0
77 29 94.0 197.0
11 57 59.0 33.0
13 1 126.0 179.0
7 45 20.0 16.0
46 36 67.0 127.0
10 21 163.0 159.0
5 11 137.0 199.0
12 2 100.0 44.0
34 64 142.0 146.0
41 77 40.0 153.0
41 62 94.0 166.0
30 54 138.0 114.0
13 32 0.0 157.0
50 8 19.0 115.0
42 19 159.0 156.0
25 14 142.0 11.0
75 54 26.0 84.0
51 38 63.0 66.0
22 70 51.0 158.0
47 60 132.0 189.0
15 68 117.0 84.0
73 12 29.0 88.0
9 4 39.0 140.0
29 15 197.0 181.0
66 49 104.0 24.0
7 70 130.0 119.0
63 27 146.0 182.0
8 43 72.0 30.0
32 9 36.0 141.0
20 1 84.0 17.0
16 27 127.0 123.0
39 51 180.0 124.0
20 48 34.0 36.0
39 33 122.0 117.0
58 51 39.0 20.0
14 61 196.0 63.0
69 12 133.0 185.0
12 52 13.0 169.0
16 7 182.0 92.0
48 54 79.0 162.0
1 15 164.0 114.0
2 67 91.0 38.0
15 4 8.0 82.0
5 13 80.0 5.0
59 7 88.0 165.0
58 16 113.0 101.0
3 6 32.0 95.0
56 77 182.0 64.0
45 62 66.0 146.0
51 61 195.0 109.0
38 68 158.0 3.0
4 16 190.0 38.0
77 63 151.0 78.0
76 25 70.0 16.0
4 13 37.0 55.0
45 40 34.0 172.0
24 58 114.0 52.0
42 4 153.0 109.0
71 57 194.0 112.0
3 14 79.0 184.0
8 57 197.0 182.0
4 56 21.0 20.0
23 7 87.0 10.0
7 11 51.0 73.0
14 56 60.0 165.0
57 61 145.0 13.0
1 18 19.0 139.0
76 48 86.0 51.0
6 5 34.0 84.0
55 25 198.0 55.0
31 12 133.0 37.0
44 62 53.0 184.0
40 46 29.0 113.0
27 9 169.0 174.0
61 64 136.0 189.0
12 7 79.0 175.0
50 74 9.0 65.0
19 64 150.0 7.0
73 9 139.0 83.0
70 28 1.0 193.0
71 46 47.0 182.0
52 32 94.0 16.0
1 8 116.0 182.0
48 77 23.0 147.0
71 35 35.0 32.0
19 65 176.0 137.0
71 23 1.0 116.0
50 63 111.0 2.0
29 60 105.0 110.0
14 66 19.0 151.0
64 49 34.0 135.0
47 30 115.0 57.0
62 14 132.0 103.0
76 28 126.0 60.0
49 61 108.0 127.0
46 66 5.0 172.0
46 42 110.0 62.0
28 33 46.0 81.0
3 5 45.0 80.0
38 18 48.0 161.0
31 56 116.0 132.0
4 34 21.0 194.0
17 73 7.0 82.0
12 10 21.0 12.0
13 52 50.0 83.0
5 17 89.0 96.0
27 22 134.0 87.0
37 60 99.0 182.0
2 14 120.0 167.0
56 36 29.0 94.0
29 3 191.0 188.0
51 29 70.0 12.0
1 46 17.0 120.0
62 1 47.0 59.0
20 60 17.0 133.0
40 70 162.0 117.0
15 60 195.0 82.0
16 43 186.0 24.0
43 38 38.0 178.0
2 17 96.0 61.0
57 25 57.0 113.0
24 77 150.0 57.0
57 36 120.0 168.0
28 65 193.0 82.0
14 7 176.0 188.0
9 19 102.0 162.0
56 1 47.0 92.0
14 64 129.0 143.0
10 25 141.0 186.0
24 74 108.0 91.0
33 15 44.0 28.0
5 7 74.0 38.0
73 54 73.0 50.0
70 54 25.0 127.0
55 39 44.0 25.0
23 45 164.0 173.0
67 5 15.0 57.0
2 54 141.0 123.0
68 28 113.0 137.0
57 30 42.0 139.0
7 62 153.0 68.0
38 27 114.0 179.0
65 57 197.0 110.0
22 54 6.0 113.0
12 8 54.0 21.0
76 31 136.0 147.0
58 17 14.0 49.0
47 11 70.0 8.0
70 61 187.0 23.0
11 12 47.0 53.0
66 40 187.0 44.0
14 46 146.0 193.0
66 36 153.0 0.0
66 53 61.0 89.0
70 25 148.0 27.0
35 12 113.0 18.0
23 1 96.0 100.0
64 17 10.0 144.0
54 77 21.0 149.0
45 75 179.0 119.0
31 27 122.0 84.0
2 65 155.0 136.0
12 64 48.0 55.0
73 35 24.0 161.0
12 45 119.0 72.0
62 58 140.0 81.0
58 28 7.0 113.0
8 4 186.0 139.0
31 72 28.0 60.0
59 55 118.0 136.0
40 51 119.0 167.0
9 26 188.0 95.0
71 8 13.0 59.0
22 2 45.0 153.0
5 37 1.0 5.0
43 44 109.0 139.0
38 69 21.0 89.0
2 19 164.0 139.0
17 1 138.0 83.0
66 60 81.0 78.0
67 53 187.0 94.0
32 42 105.0 185.0
1 6 22.0 58.0
6 17 109.0 83.0
52 59 0.0 130.0
6 11 71.0 164.0
69 64 19.0 161.0
46 30 182.0 100.0
3 65 110.0 121.0
30 22 164.0 15.0
27 51 38.0 187.0
32 25 26.0 148.0
4 26 98.0 179.0
53 45 133.0 121.0
31 60 178.0 104.0
10 54 3.0 160.0
41 34 145.0 113.0
53 34 141.0 110.0
2 7 183.0 179.0
32 75 67.0 161.0
22 59 10.0 165.0
27 54 83.0 95.0
1 21 196.0 62.0
33 3 156.0 151.0
34 19 149.0 54.0
52 1 105.0 90.0
8 3 36.0 40.0
3 12 107.0 103.0
28 54 34.0 69.0
29 53 28.0 69.0
32 7 26.0 24.0
9 1 66.0 134.0
20 41 39.0 167.0
10 13 21.0 96.0
58 54 132.0 10.0
21 71 88.0 39.0
48 13 41.0 122.0
65 54 198.0 21.0
59 9 133.0 24.0
10 60 117.0 151.0
21 73 156.0 108.0
48 64 63.0 129.0
38 29 87.0 195.0
23 3 91.0 175.0
9 11 128.0 84.0
26 44 116.0 127.0
50 18 29.0 1.0
75 17 162.0 98.0
9 6 8.0 70.0
11 4 161.0 23.0
51 12 48.0 0.0
10 11 108.0 139.0
27 45 66.0 37.0
9 39 136.0 134.0
8 16 130.0 117.0
63 44 119.0 44.0
69 66 41.0 79.0
12 60 4.0 2.0
20 2 135.0 4.0
54 36 156.0 44.0
1 51 103.0 174.0
10 32 16.0 191.0
77 25 188.0 146.0
19 5 48.0 108.0
11 29 122.0 89.0
2 13 68.0 78.0
28 56 128.0 4.0
12 30 49.0 36.0
1 58 30.0 152.0
11 1 68.0 46.0
34 26 126.0 9.0
10 14 96.0 174.0
74 57 51.0 170.0
1 22 57.0 71.0
53 9 62.0 138.0
36 39 12.0 111.0
16 1 161.0 194.0
12 9 113.0 30.0
59 26 177.0 39.0
71 76 68.0 25.0
53 1 193.0 119.0
76 77 79.0 2.0
6 50 102.0 141.0
10 9 108.0 114.0
53 41 81.0 70.0
9 15 144.0 194.0
32 53 151.0 73.0
50 4 36.0 19.0
1 5 194.0 181.0
7 6 108.0 74.0
69 7 199.0 162.0
42 44 143.0 108.0
8 2 144.0 25.0
11 66 25.0 40.0
42 52 12.0 128.0
53 73 163.0 48.0
75 42 128.0 157.0
61 21 146.0 189.0
28 47 171.0 146.0
13 77 174.0 66.0
77 15 70.0 70.0
18 6 124.0 47.0
44 35 188.0 136.0
3 15 121.0 103.0
51 42 84.0 1.0
62 23 43.0 183.0
68 51 178.0 166.0
50 3 175.0 105.0
17 34 43.0 197.0
26 27 62.0 167.0
1 24 149.0 2.0
44 75 110.0 70.0
39 50 11.0 195.0
70 47 60.0 55.0
20 29 98.0 191.0
29 1 35.0 25.0
34 14 157.0 78.0
38 42 93.0 19.0
5 22 45.0 42.0
49 53 47.0 156.0
3 17 151.0 58.0
69 60 44.0 164.0
10 56 93.0 94.0
56 35 74.0 128.0
48 63 15.0 184.0
27 35 10.0 60.0
9 44 9.0 56.0
17 41 104.0 56.0
63 19 52.0 8.0
9 18 67.0 96.0
25 59 130.0 113.0
14 47 10.0 156.0
32 74 157.0 177.0
14 6 25.0 120.0
51 65 59.0 35.0
28 6 111.0 115.0
3 11 91.0 163.0
45 44 126.0 110.0
23 69 70.0 56.0
39 75 17.0 32.0
69 5 1.0 127.0
12 47 41.0 179.0
34 1 171.0 100.0
6 75 120.0 82.0
75 51 91.0 11.0
18 8 113.0 17.0
65 20 162.0 135.0
15 11 96.0 131.0
15 56 126.0 50.0
25 8 136.0 167.0
3 20 4.0 107.0
51 28 31.0 124.0
4 5 146.0 122.0
4 39 106.0 11.0
56 47 157.0 20.0
57 21 41.0 53.0
77 18 123.0 119.0
23 17 31.0 60.0
70 39 199.0 36.0
67 1 199.0 182.0
10 5 161.0 98.0
52 55 163.0 19.0
23 5 25.0 72.0
23 11 56.0 19.0
27 2 17.0 180.0
21 3 140.0 49.0
3 38 172.0 139.0
36 53 101.0 124.0
66 59 176.0 14.0
36 44 147.0 91.0
46 7 167.0 173.0
17 45 21.0 175.0
44 50 164.0 39.0
14 8 11.0 104.0
43 30 74.0 135.0
3 60 49.0 128.0
41 12 21.0 25.0
5 20 104.0 168.0
25 31 119.0 71.0
73 20 120.0 93.0
67 11 54.0 84.0
16 3 97.0 65.0
30 19 6.0 123.0
77 17 45.0 55.0
27 49 26.0 18.0
65 11 131.0 130.0
4 21 118.0 3.0
48 47 59.0 38.0
55 8 152.0 113.0
16 9 151.0 1.0
68 24 143.0 157.0
2 21 178.0 140.0
24 5 50.0 156.0
70 9 130.0 133.0
37 22 49.0 48.0
25 4 164.0 109.0
58 73 79.0 68.0
47 1 36.0 30.0
25 13 130.0 179.0
24 50 6.0 60.0
32 39 128.0 56.0
21 5 103.0 11.0
1 25 62.0 152.0
6 46 162.0 27.0
42 29 141.0 193.0
22 6 167.0 177.0
4 64 19.0 49.0
34 7 162.0 177.0
19 10 35.0 42.0
18 58 53.0 138.0
15 17 115.0 115.0
60 7 92.0 29.0
34 48 11.0 33.0
4 24 161.0 130.0
54 67 2.0 133.0
71 17 117.0 164.0
9 3 71.0 152.0
18 11 77.0 76.0
67 21 38.0 192.0
28 12 180.0 131.0
17 10 43.0 191.0
12 74 53.0 156.0
61 50 92.0 7.0
65 67 0.0 9.0
1 28 94.0 23.0
14 11 90.0 171.0
49 54 80.0 81.0
65 52 133.0 60.0
70 19 63.0 176.0
8 17 176.0 69.0
17 62 78.0 68.0
15 14 34.0 78.0
33 18 51.0 80.0
23 6 146.0 94.0
30 50 6.0 27.0
22 66 123.0 139.0
6 45 167.0 187.0
5 9 174.0 96.0
9 21 36.0 4.0
39 24 41.0 22.0
39 8 39.0 92.0
61 35 127.0 137.0
5 34 156.0 134.0
19 1 151.0 80.0
50 53 93.0 70.0
57 52 111.0 19.0
26 1 29.0 100.0
23 8 144.0 22.0
8 28 138.0 135.0
61 43 118.0 66.0
77 23 145.0 75.0
15 12 70.0 48.0
20 8 105.0 163.0
60 59 120.0 168.0
14 42 166.0 101.0
42 63 24.0 110.0
11 22 42.0 162.0
63 32 59.0 113.0
54 64 62.0 156.0
29 48 125.0 132.0
55 51 159.0 30.0
32 3 92.0 31.0
43 48 114.0 58.0
25 2 45.0 138.0
52 6 36.0 39.0
15 10 165.0 47.0
73 22 91.0 27.0
18 10 34.0 16.0
59 29 94.0 193.0
30 45 168.0 186.0
5 12 117.0 82.0
40 47 84.0 114.0
28 2 57.0 121.0
22 9 102.0 175.0
10 36 35.0 194.0
44 56 130.0 69.0
4 19 110.0 177.0
3 10 101.0 78.0
21 25 78.0 18.0
71 64 60.0 163.0
8 19 96.0 70.0
26 76 32.0 198.0
11 16 170.0 68.0
11 68 116.0 52.0
27 56 144.0 26.0
68 76 105.0 198.0
13 11 4.0 136.0
4 59 91.0 64.0
18 31 195.0 139.0
27 68 83.0 28.0
23 24 141.0 5.0
25 5 42.0 9.0
17 11 136.0 138.0
14 9 163.0 41.0
41 37 158.0 167.0
16 23 67.0 1.0
52 15 49.0 63.0
5 68 15.0 84.0
14 32 180.0 156.0
28 21 42.0 22.0
34 44 147.0 178.0
65 9 154.0 110.0
46 41 81.0 64.0
62 56 179.0 101.0
7 22 187.0 180.0
76 14 50.0 154.0
27 5 109.0 30.0
5 16 133.0 151.0
57 28 15.0 80.0
37 8 154.0 122.0
46 59 33.0 187.0
36 77 161.0 12.0
18 3 163.0 100.0
29 37 20.0 165.0
20 10 146.0 130.0
22 10 71.0 79.0
15 5 120.0 38.0
27 70 75.0 74.0
50 25 103.0 109.0
15 8 106.0 64.0
21 50 180.0 22.0
9 50 90.0 153.0
19 25 40.0 188.0
75 10 87.0 111.0
29 36 187.0 7.0
26 75 161.0 62.0
23 63 149.0 16.0
67 36 167.0 7.0
8 32 122.0 100.0
5 18 56.0 164.0
40 49 60.0 97.0
58 52 56.0 148.0
10 71 125.0 43.0
69 25 188.0 86.0
10 34 130.0 89.0
30 3 86.0 98.0
9 57 199.0 160.0
74 54 195.0 55.0
25 48 1.0 55.0
23 28 127.0 57.0
20 69 52.0 52.0
18 7 92.0 40.0
46 75 34.0 23.0
49 22 7.0 72.0
1 30 178.0 6.0
2 16 184.0 173.0
64 20 135.0 137.0
46 39 95.0 15.0
28 18 159.0 147.0
7 20 8.0 3.0
1 10 45.0 42.0
24 54 74.0 53.0
3 22 54.0 52.0
16 15 96.0 39.0
61 63 190.0 31.0
24 60 123.0 37.0
9 2 128.0 34.0
19 71 95.0 89.0
33 1 68.0 140.0
26 5 96.0 142.0
58 53 86.0 151.0
6 12 178.0 182.0
63 62 146.0 168.0
44 38 182.0 21.0
44 64 168.0 63.0
57 24 62.0 63.0
1 14 33.0 130.0
50 23 162.0 130.0
73 31 144.0 1.0
24 3 149.0 123.0
60 32 18.0 95.0
70 73 46.0 0.0
31 3 19.0 15.0
6 26 155.0 81.0
37 69 192.0 140.0
12 23 9.0 106.0
51 2 134.0 153.0
12 13 144.0 84.0
48 30 25.0 114.0
28 5 173.0 71.0
55 12 2.0 144.0
36 41 159.0 109.0
30 21 131.0 103.0
18 14 31.0 140.0
29 4 112.0 118.0
71 30 98.0 9.0
21 11 86.0 75.0
1 31 25.0 11.0
12 17 110.0 179.0
2 35 28.0 69.0
55 33 65.0 159.0
71 34 156.0 49.0
7 52 170.0 21.0
4 3 6.0 20.0
26 36 48.0 92.0
30 64 35.0 25.0
23 4 98.0 97.0
33 22 37.0 126.0
54 47 130.0 103.0
12 19 32.0 87.0
38 61 192.0 155.0
64 42 147.0 198.0
1 77 121.0 147.0
63 73 159.0 108.0
73 47 124.0 57.0
27 6 71.0 114.0
55 66 60.0 1.0
6 24 144.0 92.0
62 61 190.0 88.0
24 64 102.0 90.0
15 18 28.0 23.0
19 27 194.0 139.0
73 8 67.0 119.0
18 73 55.0 138.0
30 4 27.0 67.0
37 27 33.0 171.0
22 4 38.0 175.0
69 43 179.0 140.0
66 21 121.0 7.0
22 13 190.0 115.0
4 55 131.0 10.0
50 45 125.0 138.0
1 57 77.0 152.0
13 14 29.0 110.0
28 44 184.0 68.0
26 2 62.0 163.0
33 11 178.0 135.0
21 7 69.0 169.0
74 59 160.0 0.0
26 35 24.0 86.0
14 58 166.0 101.0
2 39 0.0 196.0
31 2 7.0 136.0
76 32 156.0 21.0
17 14 147.0 135.0
12 22 196.0 168.0
49 72 18.0 156.0
30 61 59.0 194.0
40 3 99.0 26.0
41 2 163.0 51.0
66 28 118.0 122.0
5 30 165.0 75.0
65 48 59.0 65.0
17 16 5.0 7.0
31 19 117.0 175.0
31 4 143.0 176.0
24 76 180.0 194.0
77 59 118.0 95.0
1 12 177.0 189.0
59 65 166.0 143.0
33 70 44.0 25.0
28 13 99.0 1.0
29 72 59.0 16.0
14 55 68.0 155.0
11 24 28.0 48.0
39 47 133.0 146.0
11 20 26.0 111.0
19 16 129.0 192.0
26 54 111.0 125.0
66 1 55.0 11.0
71 63 153.0 67.0
40 28 24.0 21.0
8 60 119.0 4.0
3 27 29.0 52.0
12 20 189.0 55.0
33 2 135.0 71.0
70 29 123.0 199.0
6 25 130.0 130.0
8 22 18.0 35.0
29 8 143.0 194.0
47 34 147.0 62.0
14 21 138.0 176.0
12 14 199.0 80.0
13 18 150.0 87.0
25 7 174.0 25.0
21 72 141.0 104.0
32 34 125.0 111.0
21 35 131.0 68.0
66 48 156.0 78.0
15 50 26.0 46.0
59 8 123.0 178.0
26 7 81.0 26.0
33 25 55.0 55.0
19 52 161.0 148.0
20 14 153.0 38.0
12 76 125.0 84.0
31 6 184.0 33.0
25 11 167.0 163.0
57 13 91.0 90.0
42 56 117.0 124.0
15 13 127.0 124.0
33 4 96.0 40.0
2 32 154.0 1.0
54 31 124.0 79.0
8 27 178.0 109.0
25 72 5.0 145.0
5 36 131.0 49.0
13 49 176.0 48.0
65 5 149.0 103.0
42 22 81.0 45.0
77 70 111.0 187.0
24 28 188.0 35.0
4 65 177.0 118.0
57 39 141.0 135.0
75 28 59.0 72.0
76 62 63.0 187.0
16 21 193.0 164.0
72 14 113.0 74.0
10 16 196.0 24.0
40 35 113.0 137.0
12 21 180.0 42.0
67 20 26.0 74.0
47 10 71.0 37.0
22 14 15.0 86.0
62 66 5.0 8.0
77 16 173.0 118.0
28 17 78.0 169.0
51 25 165.0 143.0
51 21 137.0 146.0
38 56 77.0 163.0
63 13 89.0 148.0
8 21 90.0 105.0
18 19 97.0 47.0
58 35 99.0 22.0
49 19 69.0 130.0
42 23 164.0 34.0
41 7 127.0 53.0
60 71 23.0 156.0
15 19 192.0 112.0
55 56 126.0 34.0
21 15 87.0 175.0
47 16 163.0 186.0
33 72 191.0 32.0
18 52 105.0 107.0
57 58 55.0 184.0
7 30 96.0 78.0
38 28 38.0 40.0
4 28 99.0 117.0
42 1 12.0 138.0
15 22 183.0 175.0
16 66 39.0 126.0
6 30 128.0 97.0
27 62 25.0 184.0
46 60 170.0 121.0
25 9 174.0 9.0
70 68 152.0 25.0
11 27 12.0 164.0
72 71 138.0 147.0
15 20 179.0 130.0
54 46 107.0 60.0
30 8 82.0 132.0
67 40 120.0 5.0
7 19 10.0 46.0
19 14 14.0 162.0
34 3 180.0 179.0
1 36 123.0 71.0
5 32 114.0 54.0
16 14 40.0 22.0
11 19 73.0 123.0
51 36 30.0 145.0
10 24 138.0 192.0
22 17 2.0 104.0
64 21 105.0 182.0
11 28 66.0 28.0
41 60 186.0 132.0
24 15 12.0 27.0
59 64 173.0 37.0
22 71 28.0 155.0
71 55 91.0 118.0
50 66 39.0 93.0
17 19 172.0 96.0
46 10 192.0 190.0
16 22 109.0 130.0
9 28 90.0 121.0
70 48 145.0 15.0
39 13 169.0 125.0
35 4 77.0 61.0
32 6 180.0 68.0
37 72 72.0 104.0
4 7 49.0 64.0
32 71 149.0 111.0
13 16 171.0 191.0
63 9 187.0 69.0
24 8 151.0 109.0
17 20 112.0 28.0
12 32 115.0 44.0
6 29 102.0 139.0
37 2 66.0 104.0
51 62 109.0 168.0
76 10 94.0 81.0
17 48 47.0 34.0
39 1 38.0 198.0
8 7 93.0 102.0
13 21 136.0 160.0
4 32 144.0 39.0
12 27 108.0 163.0
26 10 109.0 17.0
48 75 8.0 156.0
43 63 49.0 55.0
36 60 150.0 39.0
31 8 60.0 195.0
23 30 39.0 149.0
59 76 14.0 135.0
5 33 145.0 74.0
13 17 120.0 6.0
23 10 198.0 80.0
6 64 141.0 199.0
25 12 31.0 43.0
24 46 173.0 91.0
75 29 106.0 164.0
27 32 167.0 72.0
24 9 180.0 112.0
18 20 188.0 52.0
55 38 90.0 186.0
13 26 18.0 183.0
54 15 110.0 49.0
60 52 165.0 35.0
3 57 170.0 23.0
11 76 154.0 137.0
17 76 40.0 86.0
33 21 58.0 28.0
59 54 147.0 148.0
24 7 82.0 166.0
16 18 129.0 192.0
26 15 146.0 94.0
20 13 183.0 116.0
77 7 16.0 138.0
5 63 80.0 8.0
7 40 42.0 139.0
14 31 61.0 189.0
30 11 34.0 143.0
70 32 183.0 163.0
70 24 198.0 81.0
26 41 100.0 181.0
31 11 162.0 68.0
3 36 67.0 43.0
14 27 22.0 109.0
5 31 97.0 83.0
20 57 33.0 83.0
9 64 83.0 168.0
2 29 39.0 33.0
49 39 154.0 140.0
36 2 190.0 117.0
31 74 55.0 57.0
48 31 19.0 77.0
9 31 79.0 68.0
67 25 107.0 64.0
4 36 159.0 143.0
2 3 34.0 199.0
25 15 86.0 188.0
40 2 193.0 76.0
49 57 15.0 48.0
14 26 125.0 187.0
70 1 81.0 156.0
24 13 62.0 140.0
5 49 39.0 22.0
16 24 59.0 73.0
40 41 171.0 145.0
4 37 41.0 164.0
50 65 64.0 8.0
45 72 33.0 142.0
17 26 114.0 114.0
68 72 124.0 177.0
37 3 158.0 163.0
12 29 44.0 18.0
2 34 26.0 15.0
17 59 149.0 19.0
44 14 188.0 14.0
35 1 82.0 21.0
75 64 125.0 197.0
56 63 41.0 1.0
76 54 57.0 0.0
36 6 61.0 101.0
76 1 23.0 39.0
57 70 193.0 172.0
6 43 118.0 133.0
21 23 53.0 1.0
27 15 194.0 178.0
29 7 9.0 187.0
72 8 155.0 66.0
60 39 91.0 16.0
18 23 84.0 66.0
24 69 161.0 77.0
33 68 175.0 80.0
66 45 169.0 180.0
66 38 163.0 163.0
56 59 140.0 124.0
65 21 47.0 95.0
59 36 192.0 90.0
65 18 193.0 76.0
28 14 76.0 154.0
61 71 91.0 3.0
36 49 106.0 12.0
5 29 138.0 21.0
20 22 119.0 78.0
30 14 44.0 167.0
21 22 162.0 37.0
70 58 113.0 155.0
51 77 192.0 141.0
70 11 20.0 35.0
59 11 127.0 78.0
26 66 4.0 65.0
73 72 133.0 123.0
24 14 112.0 177.0
3 58 18.0 75.0
38 5 155.0 83.0
46 26 45.0 148.0
36 40 105.0 17.0
51 37 157.0 32.0
10 31 97.0 161.0
38 17 118.0 30.0
44 73 83.0 30.0
52 24 62.0 101.0
71 27 188.0 17.0
52 61 185.0 33.0
24 62 132.0 42.0
20 24 149.0 89.0
67 6 22.0 46.0
22 18 71.0 140.0
7 27 18.0 155.0
31 65 124.0 80.0
14 23 9.0 112.0
76 58 164.0 194.0
42 18 102.0 48.0
42 77 139.0 52.0
5 77 84.0 161.0
17 24 19.0 156.0
14 29 108.0 37.0
29 9 16.0 32.0
7 28 181.0 26.0
59 19 47.0 97.0
25 18 176.0 149.0
43 22 79.0 115.0
23 13 83.0 164.0
44 76 10.0 102.0
37 70 54.0 118.0
74 33 126.0 23.0
23 20 193.0 108.0
25 20 38.0 40.0
25 38 90.0 14.0
59 37 99.0 169.0
36 21 97.0 134.0
20 19 92.0 108.0
18 21 39.0 99.0
60 50 128.0 166.0
13 44 152.0 73.0
17 27 38.0 191.0
27 13 103.0 128.0
47 64 54.0 155.0
20 21 45.0 152.0
51 16 109.0 89.0
40 30 71.0 149.0
6 40 41.0 199.0
42 3 28.0 194.0
23 19 147.0 19.0
10 33 38.0 2.0
25 17 85.0 44.0
42 62 29.0 82.0
77 67 151.0 138.0
36 7 126.0 22.0
34 16 151.0 168.0
31 7 90.0 132.0
24 71 49.0 189.0
50 51 0.0 39.0
20 26 100.0 37.0
52 56 145.0 81.0
43 18 154.0 48.0
60 68 117.0 33.0
21 17 99.0 21.0
43 45 22.0 189.0
36 23 58.0 71.0
72 28 175.0 58.0
33 6 131.0 27.0
61 19 9.0 28.0
33 12 138.0 115.0
33 9 199.0 8.0
21 29 24.0 99.0
19 26 94.0 46.0
44 67 197.0 152.0
17 57 176.0 172.0
62 74 129.0 59.0
13 64 186.0 90.0
36 74 167.0 77.0
30 15 63.0 119.0
40 10 0.0 88.0
30 51 181.0 46.0
38 15 185.0 178.0
38 8 76.0 113.0
28 29 112.0 157.0
16 20 129.0 51.0
2 70 62.0 97.0
18 12 79.0 126.0
22 19 44.0 31.0
1 45 57.0 178.0
66 64 93.0 42.0
35 5 16.0 121.0
30 49 94.0 129.0
43 2 129.0 23.0
9 58 73.0 144.0
10 37 74.0 104.0
7 35 40.0 71.0
17 18 95.0 97.0
69 6 72.0 140.0
9 20 33.0 89.0
54 62 16.0 127.0
16 12 10.0 98.0
67 60 159.0 35.0
41 6 52.0 186.0
40 4 94.0 44.0
31 40 167.0 141.0
45 76 138.0 192.0
26 8 35.0 171.0
69 2 153.0 3.0
6 35 71.0 163.0
39 7 159.0 183.0
65 27 171.0 11.0
50 41 36.0 17.0
3 55 88.0 155.0
53 51 136.0 178.0
56 18 183.0 171.0
17 36 199.0 136.0
44 2 123.0 71.0
33 67 194.0 83.0
26 16 153.0 165.0
47 53 156.0 141.0
39 5 133.0 44.0
60 25 176.0 69.0
42 11 74.0 160.0
47 37 99.0 74.0
62 21 101.0 22.0
10 58 30.0 96.0
32 16 158.0 183.0
30 72 89.0 115.0
7 33 168.0 22.0
13 33 9.0 145.0
5 40 107.0 36.0
56 60 53.0 6.0
19 13 62.0 107.0
66 10 190.0 92.0
63 39 116.0 149.0
31 13 27.0 5.0
27 52 61.0 148.0
16 28 164.0 23.0
49 46 55.0 24.0
26 28 32.0 61.0
45 2 50.0 46.0
49 62 195.0 192.0
35 8 124.0 112.0
15 35 85.0 151.0
34 9 177.0 98.0
48 14 198.0 142.0
59 73 109.0 6.0
22 23 112.0 141.0
41 8 14.0 114.0
44 70 98.0 161.0
27 21 109.0 22.0
64 43 48.0 194.0
59 71 122.0 26.0
9 30 107.0 120.0
9 17 138.0 16.0
1 44 84.0 2.0
2 47 79.0 50.0
17 31 175.0 177.0
73 66 188.0 84.0
15 31 103.0 37.0
20 58 98.0 177.0
63 75 77.0 5.0
18 29 26.0 15.0
11 73 133.0 62.0
22 26 109.0 12.0
73 3 170.0 84.0
66 2 20.0 159.0
16 29 132.0 123.0
12 37 50.0 182.0
9 40 31.0 127.0
68 40 198.0 9.0
12 36 199.0 131.0
16 60 166.0 60.0
60 1 180.0 136.0
18 27 74.0 0.0
57 2 158.0 6.0
54 63 183.0 160.0
1 48 42.0 15.0
18 26 198.0 40.0
5 44 185.0 149.0
3 45 58.0 151.0
60 4 125.0 38.0
43 41 131.0 151.0
41 5 146.0 41.0
28 20 178.0 129.0
7 38 127.0 172.0
39 59 121.0 78.0
37 14 109.0 107.0
73 29 144.0 119.0
30 68 186.0 21.0
29 43 164.0 69.0
34 12 131.0 62.0
20 47 106.0 109.0
26 11 161.0 185.0
59 69 87.0 83.0
29 13 80.0 148.0
25 22 51.0 177.0
38 4 75.0 37.0
49 70 156.0 192.0
69 30 81.0 39.0
74 29 87.0 139.0
11 35 180.0 0.0
24 21 183.0 20.0
38 36 178.0 15.0
42 8 116.0 181.0
57 41 170.0 144.0
31 28 196.0 78.0
55 77 93.0 29.0
26 64 0.0 180.0
16 33 185.0 133.0
46 11 193.0 168.0
49 2 13.0 123.0
47 61 23.0 82.0
45 5 6.0 193.0
43 3 160.0 3.0
22 24 160.0 53.0
9 37 198.0 112.0
38 73 86.0 135.0
23 26 128.0 79.0
24 25 118.0 93.0
69 54 190.0 141.0
3 46 67.0 196.0
50 1 3.0 180.0
13 34 41.0 163.0
61 24 89.0 191.0
42 5 80.0 175.0
15 32 171.0 8.0
36 58 125.0 90.0
19 29 182.0 67.0
32 18 132.0 50.0
6 62 55.0 135.0
36 11 138.0 96.0
35 42 8.0 179.0
32 19 146.0 40.0
74 63 26.0 117.0
36 14 83.0 103.0
37 13 165.0 65.0
42 70 105.0 49.0
10 41 17.0 112.0
70 74 170.0 107.0
38 24 164.0 131.0
21 31 58.0 62.0
39 10 178.0 37.0
46 70 34.0 13.0
32 11 1.0 151.0
77 45 99.0 58.0
40 11 76.0 68.0
58 46 81.0 198.0
69 39 160.0 197.0
29 45 129.0 171.0
16 35 185.0 59.0
39 28 115.0 171.0
34 29 152.0 68.0
71 25 11.0 4.0
9 49 82.0 39.0
43 1 167.0 163.0
24 26 76.0 80.0
8 36 18.0 5.0
66 7 15.0 3.0
32 41 142.0 131.0
67 9 124.0 47.0
2 46 30.0 135.0
65 36 76.0 65.0
43 7 186.0 195.0
70 67 168.0 62.0
7 48 41.0 138.0
54 45 75.0 57.0
6 38 118.0 170.0
17 30 25.0 42.0
26 55 95.0 8.0
13 36 123.0 123.0
75 23 98.0 109.0
31 16 25.0 19.0
47 5 131.0 18.0
33 19 120.0 158.0
41 38 163.0 39.0
50 2 117.0 188.0
21 53 122.0 165.0
40 8 75.0 45.0
40 34 106.0 125.0
51 57 126.0 131.0
8 70 153.0 57.0
19 43 0.0 74.0
46 5 194.0 115.0
43 5 165.0 63.0
34 18 74.0 40.0
55 76 76.0 101.0
25 23 175.0 182.0
61 48 25.0 102.0
20 31 0.0 178.0
2 48 72.0 152.0
15 34 72.0 18.0
19 3 128.0 189.0
23 29 131.0 154.0
15 37 11.0 159.0
27 24 5.0 187.0
61 36 30.0 30.0
71 3 176.0 182.0
33 20 138.0 0.0
31 36 183.0 162.0
36 68 113.0 111.0
36 16 152.0 44.0
23 27 107.0 164.0
58 66 161.0 64.0
14 35 40.0 144.0
22 57 124.0 168.0
10 73 24.0 14.0
4 48 190.0 7.0
41 68 14.0 55.0
47 7 162.0 167.0
16 37 10.0 22.0
12 39 26.0 171.0
32 20 92.0 18.0
9 36 15.0 168.0
33 8 46.0 40.0
29 25 192.0 188.0
41 75 159.0 159.0
40 13 55.0 122.0
19 35 147.0 65.0
57 16 67.0 125.0
51 26 106.0 111.0
34 39 190.0 122.0
45 68 77.0 36.0
39 11 136.0 22.0
39 16 115.0 47.0
10 43 172.0 170.0
64 52 0.0 71.0
67 27 185.0 19.0
52 39 22.0 92.0
77 28 128.0 12.0
47 3 97.0 158.0
4 47 195.0 185.0
12 48 124.0 62.0
70 17 172.0 48.0
68 49 150.0 124.0
12 43 158.0 135.0
34 37 189.0 132.0
64 11 177.0 69.0
32 62 72.0 75.0
42 9 24.0 68.0
52 4 152.0 148.0
21 32 40.0 124.0
31 67 86.0 142.0
62 75 18.0 45.0
32 40 155.0 159.0
51 41 122.0 84.0
18 36 167.0 195.0
26 50 169.0 192.0
25 26 165.0 121.0
64 57 60.0 5.0
46 45 189.0 99.0
22 31 187.0 159.0
71 11 51.0 94.0
43 11 154.0 174.0
29 22 62.0 74.0
71 15 33.0 184.0
34 11 103.0 198.0
18 35 100.0 116.0
40 15 34.0 41.0
42 6 88.0 173.0
28 22 17.0 140.0
27 25 137.0 123.0
8 44 171.0 152.0
9 43 30.0 156.0
21 26 48.0 85.0
13 61 167.0 149.0
27 28 31.0 1.0
6 48 13.0 120.0
41 3 41.0 182.0
11 37 113.0 179.0
33 56 79.0 36.0
71 41 12.0 61.0
14 39 10.0 61.0
65 16 68.0 129.0
49 3 199.0 52.0
29 27 51.0 165.0
41 14 14.0 93.0
67 35 69.0 79.0
11 52 174.0 148.0
24 30 111.0 186.0
51 4 7.0 73.0
23 32 18.0 28.0
24 44 142.0 169.0
68 61 92.0 146.0
38 14 95.0 106.0
10 45 18.0 164.0
42 13 15.0 192.0
26 61 133.0 126.0
65 43 43.0 92.0
46 8 40.0 13.0
55 50 60.0 135.0
31 38 55.0 152.0
31 24 135.0 151.0
76 64 199.0 105.0
43 47 109.0 167.0
30 55 61.0 194.0
29 24 0.0 105.0
35 20 16.0 193.0
49 6 123.0 28.0
40 14 33.0 178.0
62 47 139.0 120.0
15 41 185.0 90.0
39 41 5.0 46.0
47 8 148.0 19.0
70 20 191.0 101.0
58 34 48.0 159.0
13 35 135.0 123.0
40 62 112.0 168.0
30 13 36.0 3.0
3 76 91.0 173.0
2 53 6.0 48.0
28 25 92.0 107.0
45 13 138.0 36.0
44 59 28.0 138.0
66 43 56.0 115.0
51 3 49.0 121.0
48 8 188.0 85.0
50 12 74.0 31.0
51 9 42.0 80.0
48 9 90.0 135.0
22 34 153.0 28.0
50 7 54.0 133.0
54 3 94.0 110.0
37 19 158.0 143.0
37 18 126.0 146.0
45 56 173.0 0.0
65 61 156.0 16.0
20 37 72.0 198.0
22 35 192.0 177.0
74 23 77.0 46.0
52 3 147.0 171.0
16 40 48.0 105.0
49 7 191.0 127.0
3 44 142.0 116.0
68 20 37.0 50.0
48 10 109.0 61.0
51 6 125.0 54.0
31 41 165.0 2.0
48 11 54.0 112.0
18 24 143.0 54.0
40 18 107.0 86.0
2 72 29.0 1.0
34 21 123.0 18.0
38 20 33.0 184.0
10 44 123.0 158.0
50 29 4.0 88.0
15 39 134.0 10.0
35 63 143.0 78.0
15 42 115.0 2.0
25 58 55.0 97.0
20 74 165.0 178.0
29 30 17.0 198.0
17 40 196.0 140.0
54 5 164.0 0.0
26 32 103.0 98.0
4 49 82.0 199.0
42 34 12.0 150.0
52 2 117.0 67.0
8 49 109.0 34.0
1 54 65.0 126.0
42 7 18.0 61.0
45 14 181.0 134.0
48 42 156.0 37.0
24 35 6.0 191.0
29 26 99.0 19.0
5 52 102.0 168.0
30 20 100.0 12.0
54 6 184.0 117.0
38 22 109.0 3.0
28 32 72.0 43.0
3 53 36.0 180.0
4 43 161.0 42.0
9 46 100.0 12.0
44 11 40.0 155.0
26 30 75.0 140.0
34 23 71.0 12.0
32 22 82.0 132.0
69 11 27.0 154.0
45 49 179.0 63.0
49 16 19.0 93.0
25 34 123.0 71.0
41 16 174.0 163.0
30 60 107.0 2.0
12 42 99.0 178.0
15 51 85.0 181.0
60 77 149.0 64.0
46 27 129.0 81.0
59 2 8.0 100.0
33 32 118.0 131.0
44 15 96.0 92.0
1 55 109.0 3.0
49 10 193.0 160.0
15 58 185.0 79.0
46 15 4.0 135.0
45 11 160.0 134.0
24 59 173.0 168.0
47 13 109.0 91.0
36 22 142.0 157.0
16 44 147.0 3.0
14 43 192.0 140.0
38 13 190.0 178.0
68 47 138.0 194.0
22 39 79.0 50.0
53 4 73.0 52.0
13 43 166.0 134.0
51 10 166.0 60.0
19 36 152.0 113.0
53 65 138.0 97.0
15 47 140.0 128.0
24 37 29.0 30.0
38 30 118.0 108.0
43 17 71.0 144.0
17 44 40.0 37.0
2 63 29.0 7.0
31 26 42.0 134.0
23 31 56.0 181.0
17 35 102.0 148.0
28 30 188.0 131.0
69 51 62.0 58.0
5 59 8.0 85.0
20 45 107.0 48.0
28 55 37.0 136.0
9 61 62.0 79.0
56 6 63.0 118.0
23 37 58.0 165.0
54 50 9.0 198.0
21 45 191.0 23.0
24 53 44.0 199.0
45 16 60.0 151.0
55 5 191.0 97.0
10 50 68.0 53.0
49 28 167.0 83.0
40 25 141.0 26.0
74 26 89.0 150.0
68 52 45.0 32.0
27 61 123.0 89.0
23 38 141.0 135.0
41 19 199.0 84.0
29 32 7.0 19.0
20 77 109.0 127.0
5 53 105.0 50.0
48 52 115.0 146.0
26 73 17.0 160.0
30 31 96.0 92.0
64 29 131.0 189.0
40 43 127.0 131.0
4 54 82.0 86.0
20 40 61.0 191.0
41 13 152.0 167.0
50 11 176.0 67.0
33 30 109.0 145.0
3 39 127.0 5.0
61 1 79.0 58.0
20 36 89.0 158.0
12 46 1.0 171.0
49 14 32.0 63.0
22 40 4.0 184.0
33 40 195.0 180.0
8 53 163.0 105.0
61 75 134.0 42.0
7 54 30.0 165.0
3 59 190.0 71.0
63 26 185.0 191.0
49 12 167.0 170.0
36 27 188.0 172.0
49 11 44.0 183.0
52 10 98.0 159.0
34 28 160.0 32.0
23 65 0.0 143.0
57 5 96.0 142.0
59 63 69.0 33.0
64 33 80.0 37.0
56 5 124.0 20.0
29 31 48.0 168.0
26 33 147.0 98.0
20 56 87.0 60.0
45 15 57.0 39.0
10 53 178.0 105.0
54 9 111.0 48.0
39 25 108.0 143.0
56 7 111.0 32.0
21 42 164.0 111.0
30 34 66.0 64.0
6 55 125.0 105.0
7 53 48.0 134.0
44 47 49.0 27.0
69 26 24.0 160.0
55 7 62.0 132.0
39 23 188.0 125.0
61 2 53.0 104.0
8 52 140.0 119.0
48 38 171.0 17.0
21 37 152.0 172.0
7 57 121.0 153.0
3 63 194.0 97.0
31 66 190.0 8.0
22 46 118.0 130.0
58 5 169.0 171.0
49 15 199.0 61.0
76 35 92.0 123.0
51 11 126.0 196.0
1 63 176.0 0.0
62 2 137.0 122.0
4 57 176.0 79.0
73 40 186.0 94.0
50 70 55.0 107.0
29 66 78.0 6.0
44 18 135.0 170.0
60 2 126.0 61.0
46 16 35.0 102.0
44 19 190.0 124.0
37 17 122.0 166.0
59 33 17.0 60.0
18 46 138.0 24.0
17 46 40.0 16.0
42 36 193.0 175.0
56 30 75.0 119.0
23 40 65.0 62.0
33 77 57.0 55.0
58 2 164.0 131.0
51 71 161.0 134.0
62 71 151.0 51.0
50 13 158.0 191.0
39 20 13.0 103.0
60 38 62.0 41.0
22 65 51.0 80.0
62 13 193.0 108.0
31 34 192.0 158.0
45 18 44.0 106.0
28 35 48.0 195.0
4 45 134.0 158.0
47 17 118.0 100.0
19 45 88.0 132.0
31 33 47.0 139.0
74 58 9.0 40.0
8 56 124.0 154.0
56 2 101.0 120.0
20 44 98.0 101.0
33 27 17.0 185.0
33 52 163.0 87.0
69 75 30.0 51.0
59 58 36.0 77.0
36 50 83.0 45.0
29 35 167.0 159.0
43 51 133.0 20.0
63 7 155.0 183.0
11 54 60.0 124.0
42 57 135.0 175.0
17 49 70.0 166.0
51 13 15.0 106.0
62 3 38.0 50.0
60 6 67.0 157.0
50 14 190.0 152.0
22 41 38.0 97.0
9 72 157.0 50.0
51 73 166.0 45.0
58 8 78.0 37.0
34 65 176.0 93.0
74 72 103.0 166.0
50 71 147.0 122.0
9 55 158.0 137.0
61 23 113.0 148.0
43 20 191.0 23.0
56 9 180.0 158.0
6 61 189.0 58.0
53 48 42.0 165.0
20 46 104.0 97.0
62 4 162.0 3.0
70 21 54.0 120.0
54 12 135.0 168.0
30 35 194.0 126.0
19 47 42.0 174.0
35 32 178.0 31.0
4 44 133.0 172.0
52 16 87.0 189.0
6 66 37.0 49.0
60 5 165.0 91.0
7 51 161.0 100.0
19 62 117.0 155.0
26 37 103.0 111.0
41 66 0.0 33.0
74 52 124.0 85.0
31 58 170.0 163.0
44 41 58.0 159.0
15 36 181.0 23.0
61 4 120.0 94.0
40 24 174.0 190.0
19 46 147.0 77.0
26 38 40.0 99.0
32 31 197.0 117.0
24 33 184.0 119.0
49 18 36.0 42.0
64 2 47.0 170.0
55 13 148.0 119.0
57 12 148.0 123.0
23 41 159.0 96.0
30 36 186.0 152.0
10 57 96.0 136.0
47 66 51.0 80.0
44 22 71.0 39.0
35 9 33.0 70.0
48 19 92.0 182.0
27 41 62.0 40.0
28 41 128.0 173.0
53 14 120.0 115.0
52 9 48.0 17.0
37 32 96.0 51.0
4 58 112.0 167.0
21 46 126.0 145.0
40 26 30.0 18.0
39 21 50.0 44.0
76 61 39.0 178.0
49 32 89.0 159.0
31 68 107.0 89.0
43 68 198.0 155.0
66 3 187.0 62.0
12 53 43.0 65.0
57 53 127.0 73.0
70 59 48.0 177.0
23 43 30.0 87.0
54 14 154.0 71.0
25 43 153.0 13.0
55 16 140.0 103.0
35 55 108.0 127.0
11 74 164.0 103.0
27 40 25.0 91.0
45 24 133.0 73.0
31 35 186.0 115.0
60 9 87.0 92.0
31 70 57.0 193.0
9 69 69.0 198.0
47 22 139.0 129.0
43 26 97.0 103.0
56 3 8.0 122.0
37 53 0.0 94.0
37 33 21.0 139.0
21 47 152.0 60.0
40 21 163.0 10.0
37 30 164.0 32.0
26 42 107.0 55.0
42 27 157.0 5.0
16 38 128.0 117.0
55 32 40.0 128.0
42 24 25.0 13.0
20 50 188.0 130.0
48 21 181.0 151.0
41 25 137.0 145.0
36 28 44.0 45.0
50 19 71.0 153.0
63 37 13.0 199.0
68 13 63.0 53.0
31 63 198.0 41.0
34 36 172.0 186.0
32 38 115.0 154.0
36 32 74.0 52.0
30 41 66.0 70.0
61 5 85.0 89.0
33 36 137.0 98.0
37 50 67.0 153.0
33 34 15.0 65.0
72 46 132.0 188.0
59 10 68.0 47.0
62 9 101.0 94.0
44 25 152.0 120.0
19 51 196.0 37.0
49 75 170.0 85.0
46 34 161.0 37.0
41 74 53.0 177.0
35 33 101.0 137.0
54 16 60.0 169.0
46 23 89.0 162.0
45 26 178.0 193.0
69 34 45.0 174.0
42 25 61.0 15.0
48 22 186.0 23.0
29 63 163.0 192.0
71 1 184.0 64.0
71 29 6.0 44.0
13 54 39.0 47.0
64 7 36.0 169.0
66 74 94.0 33.0
52 17 156.0 155.0
36 24 8.0 95.0
71 4 55.0 123.0
52 53 186.0 39.0
34 35 32.0 192.0
68 4 187.0 71.0
6 58 55.0 175.0
61 7 41.0 149.0
44 27 111.0 150.0
1 68 70.0 119.0
58 13 4.0 125.0
49 21 164.0 143.0
27 43 147.0 148.0
4 63 111.0 134.0
33 38 98.0 118.0
59 13 127.0 92.0
61 10 64.0 38.0
28 43 27.0 134.0
71 12 142.0 31.0
46 55 34.0 59.0
6 63 93.0 181.0
29 40 190.0 4.0
64 8 151.0 41.0
24 48 171.0 79.0
46 25 118.0 36.0
64 67 139.0 145.0
53 15 15.0 33.0
67 3 69.0 49.0
14 59 79.0 162.0
28 37 132.0 21.0
37 31 39.0 84.0
21 52 122.0 10.0
29 41 19.0 192.0
57 15 159.0 158.0
66 5 73.0 175.0
15 43 136.0 142.0
73 69 162.0 15.0
37 35 118.0 47.0
75 70 47.0 157.0
41 70 134.0 169.0
69 3 143.0 106.0
4 66 21.0 103.0
60 11 45.0 94.0
56 16 70.0 133.0
26 39 18.0 32.0
8 62 189.0 137.0
35 38 112.0 36.0
8 63 189.0 199.0
48 32 75.0 84.0
36 37 82.0 97.0
75 50 128.0 79.0
67 16 24.0 198.0
61 12 51.0 195.0
22 51 128.0 193.0
53 19 49.0 193.0
12 58 163.0 190.0
49 50 74.0 39.0
77 71 183.0 108.0
43 31 163.0 63.0
45 55 65.0 140.0
50 22 162.0 69.0
55 17 101.0 42.0
6 72 135.0 102.0
34 38 132.0 98.0
56 13 133.0 7.0
55 15 9.0 68.0
69 57 159.0 124.0
24 47 93.0 176.0
59 15 122.0 55.0
30 59 7.0 24.0
63 11 169.0 142.0
55 11 42.0 101.0
3 70 107.0 127.0
18 61 135.0 68.0
30 44 177.0 46.0
70 63 113.0 70.0
68 3 31.0 35.0
64 65 13.0 38.0
53 16 61.0 182.0
67 7 103.0 103.0
31 42 176.0 10.0
7 65 57.0 111.0
18 53 137.0 186.0
3 48 152.0 50.0
72 1 62.0 135.0
8 65 35.0 28.0
45 47 183.0 48.0
19 55 95.0 86.0
39 19 111.0 71.0
39 35 8.0 120.0
10 62 176.0 145.0
26 48 49.0 80.0
49 20 131.0 63.0
55 53 56.0 119.0
23 70 100.0 40.0
45 33 4.0 147.0
40 69 111.0 67.0
25 47 102.0 119.0
60 14 160.0 79.0
60 17 199.0 161.0
30 42 77.0 130.0
61 11 170.0 134.0
12 59 40.0 70.0
67 8 36.0 196.0
18 51 47.0 147.0
65 10 1.0 149.0
21 55 153.0 161.0
71 6 123.0 152.0
19 56 14.0 1.0
27 53 157.0 184.0
62 35 121.0 197.0
56 21 118.0 157.0
75 47 165.0 117.0
18 57 16.0 166.0
75 9 43.0 121.0
23 53 99.0 166.0
10 63 199.0 66.0
59 18 123.0 156.0
49 26 34.0 45.0
27 48 12.0 152.0
72 4 191.0 177.0
52 22 87.0 7.0
73 2 175.0 82.0
15 61 117.0 75.0
47 29 126.0 116.0
2 68 1.0 50.0
77 73 181.0 187.0
74 3 13.0 146.0
18 47 153.0 4.0
4 70 41.0 192.0
70 6 150.0 17.0
22 55 43.0 67.0
38 39 32.0 121.0
48 67 139.0 185.0
62 30 172.0 72.0
6 68 130.0 137.0
55 18 113.0 84.0
64 10 54.0 106.0
22 56 26.0 4.0
9 66 160.0 21.0
56 72 167.0 193.0
60 43 140.0 58.0
8 68 120.0 64.0
68 9 147.0 3.0
50 27 56.0 12.0
59 31 18.0 110.0
5 70 17.0 44.0
19 57 0.0 178.0
11 62 178.0 119.0
13 65 5.0 70.0
73 5 64.0 77.0
42 53 135.0 163.0
52 23 187.0 144.0
40 38 40.0 5.0
52 26 66.0 9.0
33 42 179.0 18.0
31 62 12.0 109.0
35 70 182.0 169.0
72 5 155.0 198.0
52 25 150.0 43.0
54 35 183.0 137.0
62 15 18.0 175.0
43 35 116.0 37.0
64 23 35.0 48.0
45 25 163.0 47.0
74 2 156.0 145.0
23 55 45.0 112.0
5 71 195.0 196.0
2 75 39.0 131.0
67 15 77.0 10.0
26 53 16.0 194.0
17 51 47.0 3.0
33 43 41.0 163.0
31 47 136.0 149.0
12 65 62.0 182.0
7 58 166.0 10.0
76 60 196.0 6.0
72 59 43.0 25.0
3 75 117.0 11.0
15 63 165.0 117.0
74 69 186.0 158.0
28 48 145.0 122.0
29 49 193.0 159.0
50 28 2.0 160.0
24 51 62.0 150.0
67 32 101.0 105.0
67 63 112.0 18.0
68 10 98.0 29.0
41 35 108.0 84.0
51 49 72.0 5.0
61 16 1.0 65.0
45 32 196.0 155.0
44 33 133.0 58.0
32 46 132.0 34.0
45 22 113.0 44.0
65 15 12.0 11.0
66 12 60.0 72.0
77 3 69.0 132.0
39 40 79.0 22.0
28 52 79.0 28.0
58 22 68.0 12.0
59 35 137.0 0.0
19 60 0.0 3.0
56 23 84.0 164.0
16 63 20.0 97.0
52 30 163.0 41.0
50 31 115.0 194.0
40 53 29.0 194.0
25 53 119.0 97.0
67 10 113.0 8.0
65 14 70.0 66.0
16 64 144.0 106.0
69 10 188.0 116.0
70 10 172.0 151.0
75 5 166.0 87.0
46 28 85.0 195.0
2 76 197.0 156.0
64 15 45.0 63.0
49 31 58.0 115.0
39 29 34.0 154.0
68 12 66.0 23.0
34 45 152.0 39.0
61 17 193.0 118.0
33 60 0.0 30.0
75 7 108.0 149.0
71 9 32.0 153.0
13 60 61.0 43.0
12 67 124.0 95.0
63 17 47.0 143.0
23 58 69.0 199.0
71 7 172.0 14.0
44 32 148.0 124.0
54 21 136.0 56.0
5 74 140.0 120.0
40 72 177.0 1.0
2 77 181.0 54.0
54 20 116.0 28.0
8 69 95.0 137.0
62 34 88.0 20.0
61 31 133.0 36.0
13 67 17.0 69.0
56 24 188.0 109.0
22 53 66.0 117.0
7 73 181.0 47.0
25 56 155.0 49.0
72 23 161.0 3.0
60 22 192.0 1.0
51 31 146.0 125.0
29 69 190.0 115.0
23 51 40.0 130.0
28 45 148.0 58.0
61 22 148.0 130.0
44 37 44.0 103.0
72 11 113.0 157.0
70 14 105.0 105.0
55 27 36.0 3.0
30 53 64.0 179.0
58 37 132.0 56.0
6 76 185.0 80.0
49 52 9.0 133.0
73 56 116.0 6.0
62 20 32.0 182.0
52 29 29.0 89.0
18 62 198.0 18.0
64 56 8.0 14.0
13 71 120.0 140.0
74 10 14.0 57.0
46 35 181.0 176.0
65 58 81.0 98.0
77 6 179.0 114.0
64 18 141.0 161.0
35 48 162.0 92.0
75 4 138.0 171.0
48 33 123.0 10.0
63 20 20.0 138.0
68 14 92.0 1.0
53 31 1.0 173.0
4 76 3.0 133.0
70 36 195.0 96.0
54 29 105.0 157.0
21 60 128.0 43.0
69 15 124.0 52.0
27 58 35.0 144.0
49 34 160.0 79.0
37 55 33.0 113.0
67 14 191.0 36.0
33 47 69.0 186.0
44 58 120.0 126.0
73 6 64.0 48.0
26 57 1.0 188.0
13 70 154.0 36.0
34 51 180.0 114.0
50 33 116.0 165.0
23 60 23.0 107.0
47 35 159.0 44.0
59 57 12.0 31.0
47 32 69.0 76.0
32 51 78.0 22.0
42 41 133.0 33.0
76 57 150.0 65.0
73 28 10.0 66.0
40 60 22.0 33.0
36 48 111.0 133.0
45 35 141.0 123.0
66 18 80.0 162.0
44 40 119.0 158.0
50 34 26.0 52.0
68 65 74.0 177.0
68 16 189.0 84.0
18 63 43.0 163.0
76 5 99.0 154.0
43 39 161.0 193.0
45 31 47.0 41.0
73 32 192.0 166.0
14 71 138.0 171.0
56 26 196.0 165.0
54 51 16.0 185.0
58 26 122.0 60.0
73 1 163.0 173.0
56 29 26.0 124.0
38 45 22.0 73.0
43 21 117.0 167.0
22 63 57.0 8.0
58 21 181.0 53.0
75 11 149.0 198.0
27 57 88.0 23.0
27 59 21.0 3.0
17 67 45.0 47.0
55 54 19.0 68.0
13 72 130.0 137.0
39 45 163.0 187.0
34 52 196.0 96.0
46 38 120.0 146.0
70 76 129.0 8.0
61 25 186.0 102.0
23 73 40.0 183.0
58 29 39.0 60.0
69 17 115.0 121.0
70 16 68.0 30.0
19 67 82.0 64.0
71 2 78.0 154.0
16 62 2.0 7.0
37 48 121.0 140.0
66 20 185.0 162.0
67 18 118.0 176.0
17 65 121.0 185.0
71 68 161.0 189.0
13 73 68.0 195.0
69 18 52.0 146.0
30 58 143.0 6.0
42 45 129.0 16.0
41 45 54.0 114.0
57 31 179.0 124.0
55 34 152.0 52.0
66 37 125.0 113.0
42 40 167.0 193.0
63 34 26.0 171.0
33 54 164.0 121.0
75 12 3.0 93.0
56 49 124.0 10.0
74 8 44.0 104.0
63 24 26.0 148.0
32 68 101.0 151.0
69 19 82.0 68.0
16 69 138.0 60.0
38 49 101.0 102.0
77 10 139.0 56.0
39 48 11.0 63.0
68 67 149.0 7.0
52 35 130.0 176.0
9 77 41.0 31.0
67 42 117.0 76.0
41 48 114.0 56.0
48 40 141.0 167.0
36 47 20.0 32.0
76 8 43.0 32.0
31 52 195.0 193.0
60 28 19.0 77.0
16 72 129.0 61.0
26 62 153.0 198.0
76 13 47.0 19.0
75 25 79.0 140.0
73 14 53.0 51.0
76 9 187.0 49.0
25 62 126.0 134.0
77 11 67.0 145.0
73 16 30.0 148.0
74 15 177.0 135.0
73 19 126.0 24.0
43 50 56.0 157.0
35 53 61.0 62.0
54 34 71.0 48.0
54 32 124.0 197.0
55 20 168.0 143.0
57 34 53.0 150.0
26 60 0.0 30.0
33 53 189.0 79.0
19 68 165.0 46.0
43 42 42.0 26.0
74 35 180.0 113.0
65 76 11.0 104.0
41 47 11.0 179.0
75 13 138.0 16.0
57 29 15.0 91.0
37 45 80.0 5.0
42 47 156.0 45.0
26 65 138.0 198.0
67 23 12.0 118.0
76 15 132.0 23.0
33 51 169.0 96.0
75 14 60.0 107.0
68 22 20.0 28.0
34 56 31.0 100.0
24 66 3.0 187.0
15 72 173.0 141.0
66 23 23.0 185.0
59 32 110.0 107.0
38 62 57.0 79.0
17 68 83.0 69.0
16 76 162.0 55.0
50 40 22.0 193.0
75 15 127.0 25.0
77 65 165.0 52.0
7 76 66.0 188.0
32 56 19.0 177.0
74 16 71.0 28.0
21 69 189.0 106.0
66 19 181.0 151.0
25 63 26.0 4.0
25 65 145.0 106.0
52 38 29.0 110.0
33 58 99.0 96.0
17 74 150.0 70.0
33 61 181.0 174.0
63 28 47.0 170.0
27 60 15.0 28.0
47 77 149.0 193.0
49 24 114.0 46.0
64 68 110.0 95.0
71 20 106.0 162.0
43 46 2.0 9.0
66 25 183.0 135.0
16 75 9.0 30.0
22 69 3.0 176.0
32 58 57.0 152.0
28 62 135.0 123.0
66 15 18.0 198.0
62 33 82.0 76.0
37 56 131.0 84.0
39 74 84.0 114.0
42 49 110.0 93.0
44 46 102.0 113.0
75 18 165.0 159.0
54 39 26.0 101.0
43 49 118.0 44.0
24 67 59.0 1.0
19 72 178.0 191.0
17 72 37.0 62.0
38 54 165.0 100.0
74 18 122.0 67.0
62 22 198.0 87.0
48 46 16.0 176.0
45 48 154.0 135.0
64 32 155.0 166.0
70 15 86.0 133.0
42 50 72.0 76.0
63 55 34.0 37.0
54 61 172.0 156.0
47 50 46.0 123.0
37 57 79.0 15.0
75 67 21.0 186.0
44 48 67.0 176.0
52 43 27.0 154.0
75 19 113.0 52.0
51 35 51.0 99.0
63 51 132.0 176.0
68 26 91.0 131.0
30 66 126.0 122.0
22 72 38.0 147.0
43 54 73.0 57.0
44 49 194.0 53.0
18 72 55.0 60.0
61 32 148.0 59.0
76 20 122.0 33.0
61 34 36.0 165.0
29 67 62.0 163.0
77 4 160.0 52.0
29 65 123.0 34.0
19 76 18.0 69.0
64 27 146.0 26.0
69 27 8.0 95.0
37 68 6.0 82.0
54 41 58.0 194.0
72 42 34.0 120.0
40 55 62.0 195.0
68 25 154.0 185.0
69 28 68.0 125.0
49 47 177.0 14.0
63 30 60.0 137.0
68 18 185.0 18.0
44 51 104.0 43.0
50 48 46.0 139.0
19 74 169.0 108.0
74 25 87.0 123.0
21 75 91.0 107.0
71 28 43.0 68.0
76 49 172.0 103.0
55 44 146.0 158.0
77 75 112.0 51.0
72 27 52.0 110.0
23 49 143.0 173.0
74 6 170.0 182.0
67 52 105.0 62.0
33 66 193.0 148.0
21 74 168.0 118.0
56 41 115.0 115.0
52 44 98.0 27.0
48 49 136.0 103.0
58 39 74.0 79.0
53 71 127.0 197.0
20 72 112.0 32.0
73 25 133.0 58.0
43 58 166.0 54.0
53 44 89.0 81.0
65 32 99.0 140.0
47 52 58.0 35.0
40 56 101.0 84.0
18 76 181.0 28.0
40 57 186.0 93.0
68 21 185.0 71.0
74 68 91.0 151.0
18 71 189.0 181.0
56 43 44.0 40.0
37 61 91.0 102.0
33 65 124.0 192.0
70 12 64.0 105.0
64 38 33.0 2.0
41 58 190.0 18.0
63 36 54.0 81.0
62 69 199.0 195.0
19 77 3.0 43.0
29 68 61.0 47.0
69 31 7.0 137.0
30 65 148.0 24.0
35 64 152.0 133.0
41 55 60.0 142.0
61 28 178.0 114.0
74 46 78.0 177.0
53 77 65.0 33.0
64 25 104.0 78.0
54 42 84.0 64.0
51 45 156.0 184.0
70 30 23.0 61.0
46 56 46.0 83.0
76 23 122.0 24.0
51 46 60.0 152.0
32 17 42.0 77.0
24 65 138.0 98.0
23 47 133.0 22.0
64 37 21.0 41.0
45 58 98.0 44.0
58 42 141.0 96.0
13 9 38.0 63.0
39 56 198.0 50.0
22 75 171.0 40.0
55 43 157.0 61.0
27 74 55.0 42.0
58 40 70.0 76.0
57 44 148.0 120.0
55 49 179.0 89.0
64 39 113.0 170.0
42 59 25.0 111.0
30 67 134.0 148.0
40 61 94.0 91.0
53 46 38.0 102.0
24 75 11.0 60.0
72 24 154.0 159.0
66 32 188.0 134.0
62 36 26.0 101.0
63 38 24.0 3.0
43 72 60.0 111.0
39 62 158.0 107.0
38 65 161.0 148.0
35 66 190.0 172.0
51 52 192.0 145.0
37 62 85.0 180.0
72 26 163.0 63.0
51 48 64.0 140.0
50 56 84.0 124.0
42 60 45.0 42.0
39 66 180.0 158.0
47 55 194.0 122.0
57 45 97.0 186.0
45 59 185.0 134.0
33 69 148.0 101.0
64 63 186.0 164.0
40 64 97.0 70.0
27 75 16.0 143.0
69 45 60.0 148.0
52 46 53.0 6.0
47 65 141.0 150.0
61 58 13.0 78.0
69 36 153.0 113.0
41 64 64.0 139.0
30 73 45.0 162.0
77 31 135.0 14.0
38 67 198.0 195.0
40 59 28.0 52.0
62 29 159.0 169.0
48 59 80.0 124.0
69 32 103.0 33.0
50 57 191.0 168.0
45 52 62.0 37.0
39 65 153.0 197.0
43 59 151.0 104.0
45 61 146.0 131.0
34 72 157.0 57.0
52 54 134.0 38.0
75 34 92.0 38.0
61 46 33.0 84.0
42 55 83.0 96.0
65 44 193.0 36.0
63 40 191.0 96.0
44 61 15.0 138.0
30 75 131.0 124.0
65 37 3.0 17.0
75 33 134.0 96.0
30 77 157.0 167.0
61 53 185.0 40.0
62 43 3.0 178.0
43 57 74.0 194.0
39 68 182.0 89.0
35 72 113.0 65.0
71 37 114.0 116.0
63 47 7.0 0.0
71 36 5.0 165.0
75 31 44.0 190.0
76 42 12.0 199.0
27 73 98.0 86.0
77 21 14.0 80.0
29 76 68.0 127.0
77 32 22.0 134.0
61 29 104.0 29.0
72 38 37.0 62.0
26 71 194.0 81.0
59 49 17.0 6.0
67 41 7.0 116.0
36 64 160.0 173.0
42 65 130.0 28.0
48 60 104.0 152.0
36 72 103.0 160.0
70 34 136.0 140.0
71 39 48.0 130.0
63 46 183.0 18.0
45 60 49.0 142.0
73 39 32.0 9.0
73 37 112.0 162.0
39 61 154.0 16.0
64 45 32.0 9.0
50 52 26.0 168.0
62 46 81.0 27.0
56 48 169.0 64.0
56 54 117.0 170.0
67 26 43.0 102.0
46 65 177.0 155.0
46 64 35.0 83.0
58 56 4.0 67.0
69 35 70.0 183.0
76 38 177.0 151.0
73 41 138.0 98.0
77 34 152.0 55.0
71 40 23.0 195.0
21 63 9.0 0.0
37 75 183.0 44.0
40 52 122.0 188.0
54 57 191.0 144.0
72 54 140.0 120.0
42 68 92.0 30.0
71 31 141.0 196.0
34 76 73.0 165.0
53 56 176.0 82.0
77 27 81.0 111.0
43 71 47.0 3.0
37 74 107.0 38.0
74 38 162.0 199.0
77 35 120.0 6.0
64 50 166.0 61.0
62 50 94.0 39.0
73 36 97.0 70.0
49 60 148.0 178.0
57 55 8.0 195.0
35 68 181.0 67.0
75 36 178.0 143.0
57 46 67.0 98.0
65 49 0.0 185.0
43 70 138.0 94.0
67 45 104.0 187.0
76 39 36.0 52.0
64 55 36.0 44.0
56 57 81.0 17.0
71 42 131.0 59.0
60 51 116.0 151.0
65 40 15.0 116.0
60 55 162.0 153.0
77 69 130.0 19.0
68 46 11.0 167.0
75 40 56.0 47.0
60 54 110.0 89.0
71 44 37.0 194.0
38 75 183.0 153.0
53 59 194.0 198.0
76 33 63.0 109.0
73 42 156.0 194.0
68 48 174.0 168.0
67 50 56.0 182.0
41 65 8.0 166.0
76 37 183.0 198.0
58 48 139.0 167.0
60 57 157.0 133.0
63 53 120.0 172.0
34 60 74.0 77.0
72 60 108.0 48.0
67 43 148.0 164.0
51 66 76.0 109.0
47 69 52.0 59.0
71 48 135.0 191.0
40 74 69.0 44.0
64 62 42.0 189.0
69 63 167.0 116.0
46 67 132.0 75.0
42 69 50.0 80.0
22 76 68.0 78.0
37 77 59.0 121.0
63 45 164.0 146.0
57 75 13.0 185.0
55 65 95.0 7.0
62 57 113.0 62.0
48 74 187.0 197.0
59 50 154.0 189.0
57 63 19.0 22.0
53 62 178.0 30.0
72 47 5.0 143.0
75 43 80.0 18.0
72 75 153.0 175.0
61 59 92.0 18.0
71 47 160.0 31.0
55 48 15.0 114.0
48 69 102.0 187.0
64 53 48.0 81.0
68 55 114.0 53.0
68 50 64.0 146.0
47 74 102.0 17.0
55 31 143.0 146.0
56 61 46.0 103.0
77 43 94.0 62.0
51 67 194.0 196.0
42 74 13.0 42.0
45 73 14.0 79.0
53 68 73.0 78.0
65 56 164.0 127.0
70 51 84.0 59.0
58 63 103.0 130.0
49 67 142.0 197.0
63 60 164.0 136.0
64 51 85.0 129.0
39 72 1.0 99.0
39 77 38.0 74.0
52 71 58.0 154.0
72 50 28.0 142.0
46 76 165.0 84.0
46 73 114.0 108.0
67 59 107.0 30.0
76 41 57.0 144.0
68 56 58.0 58.0
49 69 100.0 49.0
49 74 65.0 158.0
65 63 98.0 93.0
55 58 93.0 64.0
58 64 142.0 160.0
71 56 199.0 1.0
65 62 174.0 56.0
71 49 16.0 184.0
60 64 38.0 116.0
55 62 158.0 55.0
54 71 3.0 9.0
55 67 41.0 96.0
60 65 21.0 184.0
76 53 53.0 21.0
75 52 175.0 179.0
55 70 48.0 192.0
33 73 90.0 39.0
72 52 165.0 48.0
57 32 26.0 168.0
52 77 31.0 67.0
69 53 24.0 53.0
77 44 24.0 77.0
56 67 104.0 151.0
49 77 25.0 152.0
74 64 195.0 115.0
73 34 185.0 160.0
44 68 7.0 11.0
46 77 171.0 191.0
53 72 127.0 148.0
62 70 29.0 103.0
55 72 110.0 133.0
62 67 10.0 135.0
52 76 123.0 5.0
67 61 90.0 109.0
58 47 49.0 50.0
55 73 138.0 172.0
63 66 11.0 65.0
43 76 84.0 192.0
57 67 78.0 194.0
57 68 1.0 89.0
74 55 48.0 125.0
75 56 67.0 91.0
77 14 10.0 68.0
58 69 171.0 100.0
76 40 11.0 134.0
65 71 14.0 95.0
50 73 72.0 93.0
48 72 53.0 74.0
62 68 1.0 54.0
65 72 43.0 20.0
72 61 172.0 53.0
65 73 43.0 143.0
38 77 109.0 7.0
57 73 112.0 124.0
48 62 66.0 136.0
61 74 139.0 72.0
72 57 50.0 140.0
75 59 109.0 94.0
66 72 84.0 81.0
53 74 76.0 79.0
77 61 64.0 185.0
69 71 37.0 176.0
73 60 37.0 103.0
66 68 141.0 177.0
65 74 124.0 191.0
69 55 136.0 185.0
69 67 142.0 172.0
69 72 103.0 170.0
77 62 183.0 168.0
67 71 151.0 20.0
75 58 189.0 141.0
73 71 57.0 130.0
74 60 74.0 133.0
74 67 0.0 10.0
58 68 36.0 94.0
44 74 181.0 139.0
61 73 92.0 117.0
67 47 117.0 196.0
64 72 169.0 106.0
66 71 98.0 178.0
69 68 125.0 172.0
66 76 72.0 125.0
65 66 9.0 108.0
65 45 158.0 142.0
76 74 167.0 3.0
55 61 66.0 84.0
56 74 47.0 35.0
66 61 145.0 97.0
64 73 59.0 70.0
69 76 27.0 131.0
58 49 57.0 188.0
51 59 2.0 16.0
75 68 43.0 169.0
64 70 162.0 109.0
70 52 32.0 161.0
63 68 91.0 177.0
74 71 189.0 151.0
61 3 170.0 168.0
73 67 17.0 27.0
76 56 85.0 171.0
63 76 40.0 80.0
26 77 94.0 2.0
57 77 53.0 126.0
61 69 158.0 96.0
69 65 155.0 148.0
47 57 12.0 125.0
34 74 16.0 181.0
76 73 66.0 53.0
77 50 37.0 107.0
52 66 65.0 83.0
75 71 55.0 70.0
2 1 72.0 13.0
70 66 104.0 179.0
70 71 55.0 68.0
44 69 61.0 23.0
68 73 45.0 127.0
62 72 187.0 34.0
76 72 129.0 4.0
72 77 0.0 136.0
75 73 63.0 25.0
74 51 93.0 119.0
72 70 22.0 148.0
70 65 141.0 35.0
69 70 112.0 138.0
38 2 53.0 99.0
38 59 178.0 134.0
55 75 75.0 178.0
74 77 186.0 90.0
32 72 21.0 79.0
58 77 136.0 195.0
49 73 53.0 77.0
63 72 197.0 165.0
77 64 134.0 2.0
69 56 3.0 112.0
4 1 82.0 79.0
62 73 6.0 68.0
74 73 31.0 27.0
76 75 134.0 168.0
51 5 101.0 187.0
36 55 105.0 50.0
53 75 195.0 191.0
66 77 100.0 150.0
74 75 145.0 182.0
77 40 34.0 152.0
76 36 182.0 65.0
59 68 62.0 68.0
0
