75 2775 59 62 491116
16 40 112.0 141.0
15 72 67.0 71.0
47 24 16.0 98.0
41 51 66.0 43.0
20 25 68.0 121.0
66 36 52.0 98.0
60 61 73.0 190.0
44 52 161.0 74.0
69 66 57.0 73.0
39 47 184.0 124.0
47 23 163.0 152.0
50 72 193.0 29.0
21 26 137.0 61.0
38 62 46.0 190.0
47 56 167.0 71.0
9 74 176.0 80.0
64 56 179.0 185.0
4 35 174.0 115.0
34 44 82.0 137.0
40 67 34.0 27.0
70 17 131.0 172.0
3 63 1.0 130.0
20 52 29.0 168.0
50 1 165.0 158.0
56 44 58.0 144.0
56 10 88.0 32.0
53 47 143.0 123.0
38 51 156.0 178.0
67 3 96.0 40.0
42 48 62.0 97.0
24 68 175.0 91.0
68 25 122.0 140.0
46 62 150.0 132.0
48 40 127.0 38.0
11 14 124.0 70.0
65 26 7.0 33.0
28 74 70.0 103.0
46 1 70.0 132.0
45 50 186.0 45.0
51 63 170.0 60.0
26 45 173.0 120.0
9 62 145.0 52.0
75 25 40.0 22.0
51 31 129.0 48.0
6 2 27.0 0.0
55 10 73.0 49.0
59 48 86.0 12.0
12 75 62.0 56.0
45 55 29.0 187.0
18 65 168.0 127.0
14 75 140.0 9.0
7 33 188.0 70.0
11 23 64.0 15.0
32 42 167.0 90.0
14 5 0.0 5.0
6 11 151.0 14.0
43 29 86.0 181.0
70 11 9.0 55.0
62 65 117.0 150.0
74 23 33.0 105.0
22 48 52.0 50.0
66 18 104.0 171.0
74 2 80.0 56.0
43 46 36.0 32.0
74 41 167.0 123.0
51 54 186.0 176.0
20 54 67.0 55.0
1 61 196.0 52.0
10 30 24.0 1.0
47 50 196.0 80.0
29 39 195.0 77.0
9 10 133.0 31.0
27 5 51.0 52.0
35 57 30.0 189.0
12 20 62.0 97.0
57 28 92.0 10.0
57 39 55.0 68.0
7 8 93.0 51.0
38 4 148.0 88.0
65 70 15.0 33.0
52 64 62.0 18.0
45 8 30.0 93.0
4 43 159.0 44.0
70 33 153.0 51.0
71 46 10.0 8.0
22 60 10.0 103.0
41 69 81.0 158.0
41 20 41.0 97.0
8 16 153.0 55.0
1 74 78.0 135.0
42 31 87.0 190.0
1 15 61.0 40.0
14 74 86.0 72.0
36 53 152.0 97.0
47 8 86.0 33.0
27 58 85.0 79.0
51 60 25.0 38.0
59 25 126.0 55.0
32 71 197.0 13.0
40 32 104.0 58.0
8 3 18.0 191.0
11 66 33.0 170.0
73 32 151.0 71.0
14 26 140.0 36.0
62 51 119.0 165.0
52 24 59.0 197.0
19 14 57.0 56.0
45 15 175.0 162.0
48 31 159.0 194.0
21 42 144.0 192.0
73 66 63.0 95.0
16 60 1.0 3.0
12 22 112.0 73.0
45 46 64.0 171.0
59 3 154.0 122.0
69 12 90.0 130.0
19 50 38.0 1.0
68 21 65.0 134.0
1 6 125.0 80.0
42 36 177.0 79.0
57 5 2.0 89.0
50 63 160.0 19.0
42 19 84.0 114.0
30 47 174.0 127.0
73 29 65.0 12.0
11 7 186.0 82.0
54 63 194.0 112.0
23 44 106.0 123.0
48 13 173.0 60.0
52 55 167.0 85.0
73 53 53.0 4.0
24 7 173.0 27.0
12 67 37.0 38.0
41 21 170.0 24.0
60 39 183.0 117.0
7 41 30.0 89.0
31 1 181.0 3.0
32 15 106.0 149.0
67 54 141.0 159.0
37 15 47.0 114.0
6 53 20.0 37.0
50 62 10.0 143.0
2 11 132.0 194.0
51 34 105.0 162.0
11 43 119.0 87.0
57 14 199.0 25.0
44 35 129.0 141.0
49 6 6.0 128.0
36 68 184.0 178.0
54 72 31.0 195.0
7 67 82.0 115.0
25 53 162.0 139.0
14 3 105.0 81.0
42 57 11.0 105.0
68 72 118.0 92.0
54 49 13.0 124.0
41 28 21.0 150.0
25 73 157.0 52.0
64 44 14.0 191.0
73 7 144.0 128.0
35 10 28.0 2.0
43 58 110.0 39.0
31 60 158.0 28.0
33 5 147.0 124.0
32 75 182.0 168.0
49 74 113.0 140.0
19 7 90.0 127.0
65 57 124.0 187.0
43 65 37.0 104.0
47 71 153.0 99.0
55 53 36.0 111.0
34 38 189.0 136.0
14 55 136.0 124.0
30 40 122.0 1.0
23 55 162.0 165.0
13 28 106.0 38.0
17 68 189.0 143.0
63 18 169.0 94.0
47 33 104.0 5.0
71 17 158.0 46.0
49 23 27.0 47.0
62 24 133.0 102.0
55 68 18.0 47.0
20 11 112.0 125.0
55 71 17.0 53.0
14 23 136.0 138.0
55 69 1.0 193.0
63 42 35.0 160.0
64 60 51.0 14.0
60 42 89.0 184.0
11 10 106.0 107.0
20 60 49.0 18.0
56 24 20.0 18.0
46 57 27.0 108.0
27 2 88.0 28.0
4 9 157.0 75.0
25 41 59.0 8.0
59 46 46.0 100.0
55 33 150.0 152.0
70 49 149.0 199.0
72 45 69.0 121.0
3 55 129.0 96.0
34 50 127.0 17.0
68 46 116.0 85.0
11 71 45.0 127.0
5 9 71.0 91.0
38 47 131.0 22.0
20 22 65.0 80.0
44 2 20.0 134.0
8 6 65.0 149.0
2 13 76.0 193.0
65 6 51.0 144.0
1 48 66.0 48.0
75 68 38.0 89.0
39 62 7.0 169.0
61 50 28.0 24.0
28 62 185.0 48.0
19 51 104.0 50.0
70 71 185.0 180.0
1 53 101.0 36.0
25 10 0.0 119.0
54 34 16.0 39.0
73 59 157.0 175.0
11 26 12.0 185.0
12 61 156.0 149.0
36 28 156.0 61.0
23 69 173.0 141.0
46 30 171.0 26.0
17 21 94.0 172.0
31 39 177.0 63.0
74 39 133.0 86.0
41 49 53.0 98.0
35 23 96.0 10.0
50 74 147.0 5.0
44 49 39.0 72.0
4 74 146.0 162.0
71 62 100.0 192.0
25 31 173.0 30.0
6 10 84.0 106.0
66 32 101.0 138.0
55 1 155.0 149.0
51 55 43.0 102.0
6 52 185.0 34.0
50 48 171.0 131.0
34 24 85.0 24.0
6 12 25.0 58.0
48 67 14.0 61.0
24 25 77.0 67.0
2 18 126.0 32.0
49 63 128.0 170.0
16 5 190.0 113.0
29 72 37.0 161.0
73 36 51.0 122.0
67 58 66.0 28.0
49 15 73.0 80.0
17 1 92.0 102.0
70 13 192.0 19.0
52 42 91.0 73.0
46 14 51.0 81.0
11 46 7.0 40.0
58 15 76.0 10.0
72 66 46.0 142.0
5 50 72.0 120.0
27 75 95.0 165.0
12 62 187.0 88.0
28 39 174.0 79.0
29 13 138.0 25.0
35 41 192.0 97.0
55 35 177.0 20.0
2 63 33.0 24.0
14 22 115.0 105.0
21 71 132.0 10.0
57 26 35.0 71.0
13 4 119.0 10.0
64 61 122.0 9.0
4 10 32.0 66.0
21 37 72.0 162.0
1 37 41.0 105.0
35 61 56.0 156.0
34 69 191.0 140.0
72 38 36.0 27.0
65 13 129.0 155.0
50 41 77.0 4.0
27 46 46.0 62.0
60 75 61.0 118.0
13 74 148.0 102.0
37 36 19.0 4.0
30 21 50.0 162.0
6 9 23.0 38.0
4 70 3.0 153.0
12 8 87.0 32.0
30 20 88.0 85.0
11 9 32.0 150.0
30 55 165.0 180.0
16 63 144.0 136.0
8 52 191.0 146.0
66 10 171.0 14.0
56 43 193.0 126.0
50 9 104.0 32.0
6 44 75.0 144.0
75 22 53.0 60.0
2 68 66.0 171.0
12 5 163.0 162.0
61 9 151.0 154.0
70 47 127.0 74.0
14 1 165.0 72.0
61 31 67.0 21.0
51 68 49.0 95.0
15 6 15.0 54.0
50 51 29.0 33.0
61 46 195.0 144.0
31 50 99.0 98.0
21 50 60.0 178.0
8 2 187.0 177.0
9 49 35.0 54.0
42 75 32.0 36.0
57 41 108.0 199.0
69 33 153.0 89.0
11 3 34.0 100.0
33 52 104.0 85.0
26 40 152.0 117.0
18 45 175.0 91.0
19 73 161.0 10.0
2 16 7.0 193.0
64 18 156.0 115.0
27 30 155.0 61.0
14 13 122.0 189.0
10 5 140.0 27.0
41 70 157.0 44.0
16 61 83.0 84.0
36 22 184.0 196.0
45 17 133.0 191.0
11 33 61.0 89.0
62 4 101.0 16.0
68 33 82.0 24.0
58 29 74.0 174.0
75 20 89.0 184.0
57 19 91.0 125.0
41 72 159.0 27.0
66 20 100.0 44.0
29 12 141.0 162.0
15 56 6.0 43.0
14 43 72.0 40.0
71 15 169.0 146.0
5 3 44.0 58.0
4 3 18.0 87.0
8 41 72.0 177.0
37 25 164.0 124.0
36 64 49.0 105.0
45 24 9.0 7.0
43 48 37.0 33.0
39 7 199.0 158.0
14 4 165.0 195.0
11 1 161.0 183.0
50 13 35.0 185.0
37 13 98.0 151.0
1 33 21.0 147.0
33 32 125.0 182.0
56 16 119.0 114.0
23 24 113.0 70.0
18 41 146.0 78.0
50 39 49.0 60.0
28 48 116.0 36.0
2 19 160.0 14.0
73 15 154.0 133.0
46 17 78.0 31.0
32 22 30.0 197.0
13 6 13.0 143.0
62 49 135.0 159.0
64 70 168.0 136.0
20 49 28.0 84.0
37 49 110.0 140.0
40 25 137.0 64.0
18 24 25.0 15.0
45 65 165.0 56.0
34 52 171.0 130.0
3 65 167.0 58.0
37 46 182.0 135.0
7 14 33.0 10.0
73 54 186.0 143.0
3 35 119.0 123.0
35 66 105.0 144.0
12 3 189.0 22.0
32 28 85.0 112.0
1 20 7.0 52.0
1 21 190.0 189.0
37 75 133.0 23.0
30 44 31.0 120.0
9 13 189.0 102.0
9 12 92.0 94.0
29 18 111.0 34.0
45 22 15.0 196.0
45 25 139.0 22.0
67 62 52.0 129.0
39 5 17.0 186.0
25 34 4.0 1.0
29 6 91.0 145.0
55 65 110.0 184.0
4 16 130.0 21.0
67 69 138.0 145.0
70 21 160.0 77.0
1 7 46.0 12.0
12 51 86.0 16.0
9 45 62.0 42.0
7 9 31.0 105.0
54 15 87.0 141.0
60 65 128.0 169.0
35 17 103.0 66.0
37 69 70.0 15.0
53 56 14.0 116.0
31 10 139.0 52.0
20 3 30.0 153.0
61 59 163.0 61.0
4 17 111.0 2.0
21 72 105.0 191.0
14 58 176.0 8.0
29 52 55.0 46.0
6 14 86.0 21.0
75 26 5.0 177.0
22 33 8.0 35.0
69 24 193.0 172.0
55 75 174.0 56.0
3 17 88.0 79.0
31 41 10.0 64.0
17 14 172.0 18.0
4 65 129.0 10.0
68 66 40.0 134.0
1 19 67.0 49.0
22 49 27.0 12.0
8 9 197.0 2.0
18 9 174.0 37.0
49 55 89.0 185.0
68 56 95.0 13.0
22 2 163.0 176.0
44 14 42.0 156.0
2 7 58.0 62.0
56 25 29.0 85.0
69 40 12.0 179.0
49 67 146.0 139.0
23 27 139.0 188.0
7 54 177.0 186.0
32 14 149.0 93.0
14 8 162.0 144.0
7 32 136.0 172.0
56 36 176.0 117.0
19 3 74.0 140.0
1 16 87.0 173.0
6 64 186.0 27.0
42 66 148.0 116.0
56 35 106.0 49.0
11 69 16.0 21.0
25 46 32.0 104.0
6 22 157.0 160.0
44 51 183.0 31.0
6 3 87.0 70.0
70 50 136.0 26.0
4 12 95.0 36.0
52 61 161.0 154.0
32 3 182.0 129.0
48 34 180.0 14.0
32 52 76.0 137.0
28 71 159.0 11.0
3 10 146.0 198.0
18 3 50.0 34.0
42 73 117.0 98.0
36 55 91.0 30.0
10 12 155.0 73.0
45 16 103.0 135.0
67 25 145.0 179.0
73 69 174.0 56.0
3 31 12.0 72.0
15 7 198.0 15.0
13 1 141.0 115.0
45 49 0.0 184.0
60 36 154.0 107.0
51 21 168.0 57.0
45 14 116.0 114.0
7 21 60.0 42.0
51 66 57.0 73.0
2 39 7.0 55.0
11 12 22.0 101.0
46 36 30.0 174.0
4 19 97.0 136.0
4 21 48.0 66.0
34 33 17.0 116.0
53 62 80.0 29.0
29 3 104.0 137.0
18 70 47.0 111.0
1 22 39.0 21.0
53 48 49.0 21.0
32 35 9.0 147.0
55 66 139.0 9.0
75 29 151.0 108.0
15 39 167.0 183.0
18 23 87.0 71.0
11 5 35.0 86.0
75 9 101.0 26.0
33 73 188.0 102.0
9 2 162.0 150.0
67 60 15.0 53.0
13 8 178.0 119.0
51 53 44.0 145.0
6 4 143.0 131.0
54 69 154.0 178.0
54 30 85.0 7.0
6 7 111.0 74.0
37 52 29.0 25.0
36 5 77.0 45.0
17 67 93.0 55.0
21 29 145.0 137.0
5 18 24.0 41.0
40 45 117.0 130.0
52 13 131.0 154.0
48 4 158.0 43.0
11 13 44.0 187.0
20 6 140.0 121.0
28 52 23.0 185.0
5 49 51.0 120.0
72 37 135.0 27.0
12 13 109.0 4.0
73 34 46.0 40.0
15 11 95.0 4.0
7 20 107.0 139.0
56 61 133.0 0.0
4 7 70.0 156.0
36 27 156.0 73.0
64 54 171.0 43.0
7 16 10.0 32.0
61 25 49.0 57.0
13 64 20.0 96.0
60 14 190.0 127.0
51 5 141.0 123.0
6 5 77.0 12.0
33 61 97.0 186.0
10 14 53.0 20.0
1 12 91.0 64.0
16 3 41.0 92.0
14 66 148.0 13.0
56 41 81.0 138.0
23 64 37.0 174.0
70 12 103.0 66.0
50 55 162.0 1.0
37 22 119.0 168.0
2 58 55.0 10.0
8 30 95.0 48.0
72 62 27.0 43.0
4 34 125.0 60.0
22 35 142.0 114.0
24 59 197.0 46.0
38 73 75.0 111.0
71 30 46.0 194.0
64 57 120.0 53.0
11 29 109.0 168.0
10 13 172.0 88.0
23 2 43.0 49.0
10 67 59.0 186.0
50 33 138.0 56.0
7 46 51.0 14.0
52 59 15.0 50.0
18 6 79.0 87.0
9 1 127.0 188.0
70 2 116.0 51.0
52 2 63.0 111.0
68 50 18.0 122.0
59 32 64.0 156.0
7 5 2.0 68.0
59 71 0.0 169.0
53 8 90.0 79.0
13 69 83.0 18.0
18 7 73.0 199.0
48 37 91.0 136.0
10 2 146.0 109.0
18 4 192.0 10.0
5 20 175.0 147.0
28 67 130.0 175.0
74 58 38.0 20.0
25 2 123.0 121.0
1 23 86.0 148.0
17 10 96.0 178.0
48 38 188.0 42.0
33 31 198.0 181.0
63 31 40.0 173.0
22 52 170.0 122.0
34 20 135.0 160.0
63 32 1.0 58.0
3 58 138.0 39.0
19 43 90.0 187.0
58 5 114.0 31.0
12 38 174.0 64.0
68 41 40.0 166.0
17 64 199.0 162.0
60 48 123.0 86.0
5 70 158.0 124.0
29 65 99.0 97.0
3 7 142.0 141.0
66 48 52.0 57.0
62 47 180.0 178.0
12 45 154.0 21.0
1 10 70.0 153.0
5 22 110.0 194.0
37 71 191.0 20.0
37 20 120.0 90.0
6 58 171.0 62.0
5 19 93.0 175.0
71 6 8.0 73.0
27 45 185.0 163.0
31 19 136.0 7.0
61 29 148.0 198.0
25 69 162.0 139.0
14 31 193.0 34.0
65 50 170.0 116.0
21 19 17.0 63.0
24 13 149.0 26.0
34 17 13.0 86.0
17 5 21.0 149.0
50 25 175.0 169.0
19 35 158.0 138.0
8 19 105.0 103.0
24 71 46.0 27.0
14 67 12.0 63.0
56 42 163.0 113.0
58 51 144.0 177.0
17 11 45.0 117.0
18 1 96.0 21.0
49 12 191.0 6.0
8 4 57.0 96.0
5 1 193.0 55.0
67 44 146.0 157.0
11 21 94.0 62.0
71 40 68.0 190.0
18 59 95.0 114.0
73 13 47.0 143.0
5 15 33.0 38.0
14 2 140.0 42.0
12 48 80.0 85.0
17 20 128.0 26.0
41 64 87.0 174.0
5 41 149.0 156.0
2 20 124.0 44.0
25 1 59.0 171.0
10 7 52.0 92.0
73 11 8.0 193.0
35 31 0.0 88.0
3 25 90.0 80.0
33 56 139.0 129.0
13 15 149.0 88.0
10 33 120.0 73.0
25 72 66.0 179.0
58 75 4.0 118.0
62 14 95.0 12.0
45 29 71.0 48.0
73 4 179.0 113.0
24 4 59.0 118.0
31 34 91.0 8.0
24 2 67.0 164.0
3 46 34.0 133.0
45 5 30.0 190.0
70 56 65.0 78.0
2 5 80.0 136.0
57 75 142.0 11.0
45 33 124.0 1.0
66 63 83.0 167.0
69 32 73.0 103.0
3 37 146.0 59.0
4 11 12.0 129.0
58 8 117.0 77.0
61 17 91.0 197.0
16 36 59.0 33.0
45 63 187.0 135.0
50 29 144.0 70.0
37 26 13.0 169.0
1 26 106.0 112.0
34 42 92.0 70.0
26 51 85.0 9.0
67 59 33.0 176.0
19 13 65.0 93.0
52 56 2.0 52.0
61 75 22.0 98.0
26 44 114.0 35.0
52 25 136.0 20.0
28 2 92.0 28.0
44 13 9.0 129.0
71 9 65.0 42.0
24 5 73.0 130.0
71 60 55.0 27.0
15 10 161.0 77.0
46 41 146.0 27.0
17 12 57.0 82.0
43 38 185.0 101.0
50 57 46.0 146.0
42 17 13.0 64.0
31 20 0.0 38.0
57 16 42.0 56.0
41 61 136.0 155.0
5 4 19.0 34.0
57 70 24.0 28.0
32 55 183.0 161.0
13 34 153.0 181.0
12 14 181.0 166.0
43 5 73.0 182.0
4 23 12.0 67.0
28 73 130.0 100.0
5 35 185.0 101.0
6 30 39.0 161.0
11 16 171.0 174.0
9 31 184.0 76.0
2 69 193.0 165.0
50 75 21.0 18.0
65 61 69.0 33.0
58 11 63.0 151.0
22 53 127.0 0.0
7 63 191.0 118.0
38 68 172.0 114.0
23 42 48.0 156.0
9 16 185.0 193.0
6 19 14.0 158.0
72 69 155.0 83.0
8 5 152.0 18.0
39 70 19.0 79.0
19 9 170.0 163.0
15 3 88.0 142.0
15 12 6.0 89.0
24 60 48.0 144.0
72 3 94.0 63.0
72 49 26.0 2.0
4 25 171.0 178.0
17 60 124.0 143.0
9 57 199.0 94.0
36 39 156.0 40.0
2 15 114.0 162.0
64 59 161.0 162.0
19 11 159.0 8.0
25 36 9.0 137.0
11 8 174.0 132.0
2 3 188.0 98.0
23 8 69.0 187.0
34 30 124.0 177.0
8 20 24.0 38.0
26 3 63.0 137.0
31 71 6.0 174.0
31 62 138.0 15.0
16 14 9.0 112.0
53 61 12.0 149.0
33 14 41.0 33.0
44 61 128.0 117.0
28 8 52.0 152.0
2 26 189.0 67.0
38 17 143.0 195.0
55 63 36.0 33.0
38 71 141.0 197.0
33 74 15.0 153.0
2 17 54.0 8.0
50 3 51.0 183.0
10 63 195.0 55.0
30 48 117.0 137.0
41 60 172.0 12.0
48 21 61.0 160.0
68 8 49.0 154.0
6 33 193.0 16.0
22 25 196.0 48.0
3 9 37.0 199.0
69 6 48.0 185.0
30 73 45.0 117.0
57 30 5.0 17.0
27 3 68.0 18.0
62 73 93.0 117.0
7 12 78.0 86.0
36 62 164.0 26.0
68 52 188.0 153.0
23 6 162.0 188.0
18 12 19.0 7.0
37 27 112.0 176.0
15 14 143.0 180.0
68 48 199.0 188.0
36 3 46.0 30.0
64 7 183.0 162.0
58 18 115.0 171.0
10 18 170.0 78.0
42 38 2.0 189.0
42 67 23.0 114.0
18 13 80.0 167.0
19 33 79.0 32.0
35 65 0.0 77.0
21 9 105.0 183.0
16 12 16.0 172.0
41 3 33.0 187.0
41 54 158.0 35.0
1 29 159.0 181.0
16 13 90.0 40.0
17 13 94.0 121.0
64 74 60.0 94.0
15 53 0.0 117.0
59 43 0.0 16.0
45 6 36.0 33.0
60 44 130.0 194.0
70 29 116.0 90.0
4 58 188.0 7.0
57 54 96.0 35.0
6 24 20.0 108.0
35 2 94.0 20.0
44 15 64.0 95.0
16 10 28.0 101.0
75 73 70.0 111.0
26 52 156.0 139.0
34 74 141.0 96.0
29 32 57.0 37.0
7 17 124.0 78.0
24 26 143.0 18.0
17 66 136.0 8.0
22 10 47.0 116.0
28 1 84.0 69.0
19 10 15.0 40.0
25 5 37.0 156.0
6 25 33.0 94.0
44 75 118.0 157.0
3 28 118.0 62.0
71 23 43.0 6.0
27 1 191.0 90.0
2 29 35.0 75.0
73 68 130.0 50.0
32 10 176.0 167.0
7 40 51.0 161.0
39 21 17.0 170.0
30 3 94.0 136.0
7 45 89.0 137.0
18 55 72.0 80.0
42 59 163.0 107.0
28 5 83.0 93.0
29 4 125.0 59.0
28 21 117.0 176.0
22 11 40.0 135.0
31 2 88.0 134.0
20 23 87.0 129.0
2 36 94.0 111.0
71 19 45.0 9.0
25 8 196.0 129.0
44 16 47.0 73.0
14 50 155.0 164.0
30 1 30.0 195.0
27 8 96.0 119.0
7 26 109.0 135.0
61 74 80.0 4.0
69 39 95.0 78.0
8 15 88.0 43.0
4 15 164.0 135.0
44 3 66.0 120.0
31 43 82.0 48.0
50 20 55.0 130.0
23 9 130.0 165.0
41 22 183.0 163.0
18 15 155.0 30.0
53 2 155.0 195.0
70 7 12.0 120.0
61 68 190.0 30.0
35 30 9.0 24.0
17 16 118.0 16.0
22 7 138.0 1.0
2 30 189.0 121.0
35 53 13.0 96.0
54 17 72.0 168.0
75 41 109.0 37.0
12 21 92.0 52.0
74 27 97.0 53.0
59 20 106.0 167.0
4 46 57.0 45.0
9 15 49.0 198.0
46 70 0.0 62.0
6 16 160.0 25.0
26 13 160.0 22.0
57 25 180.0 4.0
20 14 133.0 29.0
54 24 33.0 192.0
17 15 57.0 91.0
17 6 178.0 107.0
3 22 122.0 178.0
7 31 184.0 34.0
20 32 51.0 144.0
33 49 185.0 183.0
31 15 35.0 70.0
38 63 133.0 69.0
75 38 55.0 143.0
23 3 89.0 185.0
24 39 132.0 11.0
47 49 40.0 116.0
57 61 89.0 43.0
11 54 165.0 74.0
68 70 7.0 152.0
35 74 58.0 140.0
9 14 191.0 65.0
4 22 161.0 80.0
42 45 37.0 45.0
2 33 0.0 29.0
22 8 85.0 41.0
21 2 146.0 2.0
15 20 123.0 153.0
31 46 117.0 181.0
2 32 166.0 108.0
16 18 119.0 79.0
26 6 131.0 108.0
65 39 114.0 83.0
14 21 14.0 199.0
68 27 156.0 160.0
59 41 188.0 79.0
12 39 192.0 105.0
23 13 165.0 110.0
24 1 44.0 37.0
19 15 8.0 175.0
34 59 46.0 122.0
11 48 128.0 61.0
51 24 183.0 36.0
65 19 102.0 123.0
34 5 197.0 94.0
46 5 54.0 114.0
72 52 165.0 98.0
48 51 132.0 173.0
12 19 171.0 179.0
2 34 197.0 51.0
16 38 156.0 132.0
56 57 188.0 10.0
38 30 184.0 137.0
12 53 159.0 38.0
6 37 4.0 124.0
10 24 148.0 137.0
46 44 66.0 119.0
5 30 177.0 63.0
36 49 117.0 134.0
27 4 193.0 58.0
27 71 14.0 177.0
25 18 107.0 173.0
31 26 168.0 111.0
25 26 196.0 116.0
69 14 128.0 63.0
10 8 72.0 106.0
52 43 182.0 142.0
39 51 41.0 175.0
23 30 99.0 55.0
24 32 78.0 6.0
34 45 82.0 46.0
71 66 90.0 79.0
5 31 117.0 171.0
11 24 199.0 142.0
47 35 61.0 133.0
30 4 135.0 103.0
35 1 189.0 34.0
69 18 26.0 19.0
40 17 36.0 61.0
59 68 188.0 126.0
62 23 158.0 57.0
27 25 99.0 109.0
59 19 71.0 161.0
30 42 21.0 7.0
27 69 122.0 162.0
64 33 152.0 100.0
19 17 133.0 140.0
54 44 39.0 73.0
67 6 194.0 150.0
8 21 165.0 94.0
27 6 158.0 37.0
24 72 149.0 132.0
8 29 127.0 23.0
9 22 76.0 31.0
11 49 91.0 9.0
18 8 10.0 130.0
66 6 47.0 4.0
68 1 146.0 12.0
58 52 80.0 57.0
48 65 187.0 182.0
59 56 112.0 66.0
5 26 167.0 188.0
5 29 115.0 58.0
28 7 149.0 125.0
34 3 65.0 196.0
33 12 142.0 11.0
63 46 160.0 22.0
35 7 93.0 147.0
63 41 43.0 5.0
66 21 141.0 162.0
73 23 32.0 56.0
39 35 86.0 133.0
44 33 52.0 103.0
44 65 5.0 194.0
13 20 96.0 165.0
21 13 39.0 141.0
58 24 149.0 35.0
45 23 91.0 90.0
31 4 35.0 75.0
36 10 153.0 121.0
42 25 86.0 5.0
66 3 177.0 91.0
33 3 46.0 26.0
6 28 159.0 86.0
17 24 62.0 109.0
46 50 192.0 105.0
74 57 83.0 27.0
43 51 185.0 188.0
52 70 119.0 71.0
72 40 19.0 96.0
25 7 53.0 65.0
18 54 108.0 12.0
2 72 199.0 170.0
47 51 171.0 143.0
9 47 150.0 7.0
74 46 100.0 87.0
17 59 87.0 19.0
22 13 100.0 106.0
4 26 184.0 153.0
24 8 156.0 44.0
16 20 112.0 107.0
67 51 2.0 84.0
74 42 197.0 104.0
10 26 180.0 49.0
53 71 127.0 67.0
19 16 29.0 180.0
13 3 181.0 165.0
29 60 43.0 137.0
8 17 17.0 155.0
16 21 20.0 171.0
60 26 73.0 17.0
43 44 170.0 53.0
39 48 78.0 49.0
18 11 152.0 59.0
66 1 118.0 134.0
37 24 162.0 161.0
21 45 67.0 131.0
63 28 199.0 87.0
53 58 197.0 72.0
26 28 66.0 119.0
30 9 52.0 144.0
26 29 65.0 4.0
9 17 167.0 135.0
40 75 86.0 129.0
10 20 82.0 153.0
15 43 43.0 81.0
7 23 77.0 40.0
26 8 84.0 95.0
33 15 182.0 136.0
21 15 175.0 199.0
34 60 49.0 94.0
1 36 5.0 135.0
18 19 149.0 40.0
58 72 82.0 144.0
20 18 161.0 111.0
27 9 80.0 197.0
25 9 143.0 14.0
27 64 9.0 70.0
26 15 35.0 58.0
40 21 174.0 193.0
2 37 17.0 75.0
55 21 85.0 51.0
33 13 157.0 47.0
23 72 21.0 38.0
28 4 108.0 165.0
69 38 70.0 117.0
53 3 43.0 105.0
28 11 57.0 170.0
57 48 38.0 74.0
10 27 126.0 75.0
66 75 113.0 36.0
24 15 1.0 134.0
23 15 48.0 109.0
9 28 143.0 118.0
33 27 81.0 186.0
15 16 158.0 138.0
12 28 123.0 148.0
43 49 35.0 2.0
49 14 121.0 100.0
15 60 142.0 122.0
21 6 29.0 143.0
24 12 170.0 172.0
38 61 64.0 51.0
7 30 125.0 22.0
6 48 100.0 0.0
73 55 147.0 135.0
25 15 8.0 68.0
72 43 11.0 103.0
28 22 190.0 40.0
32 4 145.0 160.0
1 64 46.0 9.0
7 27 162.0 171.0
58 22 154.0 62.0
9 20 70.0 54.0
60 23 157.0 79.0
43 10 94.0 169.0
12 23 87.0 85.0
25 23 1.0 184.0
12 46 17.0 199.0
5 23 137.0 131.0
19 44 171.0 92.0
24 16 30.0 194.0
71 26 37.0 188.0
35 58 91.0 132.0
44 70 44.0 178.0
17 41 79.0 45.0
11 45 141.0 97.0
42 29 12.0 78.0
50 23 20.0 135.0
4 36 193.0 51.0
29 10 17.0 30.0
74 15 66.0 108.0
21 10 2.0 111.0
55 34 166.0 81.0
16 25 23.0 59.0
35 6 37.0 35.0
38 24 185.0 57.0
25 11 111.0 178.0
48 36 95.0 128.0
28 15 62.0 114.0
9 24 134.0 64.0
9 32 38.0 100.0
31 13 91.0 14.0
51 25 14.0 128.0
48 14 177.0 199.0
16 23 146.0 40.0
11 27 117.0 193.0
60 58 137.0 179.0
35 45 170.0 23.0
14 25 74.0 160.0
64 25 38.0 166.0
16 26 148.0 4.0
7 13 183.0 77.0
34 18 23.0 129.0
34 7 147.0 140.0
39 4 18.0 37.0
34 1 10.0 188.0
62 25 124.0 84.0
49 1 99.0 114.0
4 37 33.0 48.0
51 28 160.0 16.0
46 23 185.0 184.0
23 17 58.0 84.0
3 38 112.0 76.0
60 68 22.0 122.0
69 8 41.0 99.0
32 1 106.0 93.0
62 69 63.0 92.0
21 61 117.0 24.0
36 7 34.0 54.0
30 12 81.0 92.0
38 21 98.0 193.0
65 17 7.0 73.0
16 22 132.0 1.0
40 20 78.0 191.0
65 59 109.0 93.0
39 1 5.0 179.0
30 59 114.0 39.0
48 9 137.0 147.0
10 23 197.0 187.0
34 36 83.0 5.0
60 9 26.0 168.0
28 60 143.0 104.0
13 27 89.0 4.0
7 29 48.0 47.0
68 14 141.0 114.0
32 11 30.0 30.0
32 19 114.0 27.0
27 15 15.0 150.0
68 71 146.0 41.0
41 2 175.0 89.0
47 45 17.0 16.0
30 66 198.0 66.0
5 32 128.0 92.0
45 48 100.0 110.0
40 2 123.0 166.0
75 19 16.0 90.0
14 59 119.0 115.0
56 7 178.0 46.0
33 8 32.0 148.0
8 40 36.0 30.0
47 25 92.0 164.0
73 52 41.0 192.0
39 3 190.0 164.0
4 33 70.0 158.0
63 74 69.0 141.0
58 16 184.0 0.0
32 6 89.0 168.0
10 28 12.0 78.0
26 43 174.0 105.0
29 14 137.0 16.0
27 12 44.0 127.0
26 9 76.0 114.0
62 58 45.0 98.0
50 26 6.0 29.0
26 74 16.0 48.0
75 52 126.0 180.0
71 61 141.0 101.0
9 33 199.0 78.0
26 12 188.0 43.0
71 35 58.0 65.0
70 16 168.0 103.0
18 60 67.0 127.0
58 28 183.0 35.0
4 66 173.0 110.0
19 20 140.0 67.0
31 73 81.0 91.0
6 63 50.0 70.0
27 16 17.0 108.0
28 64 119.0 138.0
48 18 82.0 138.0
12 31 197.0 65.0
39 53 193.0 122.0
29 15 122.0 133.0
40 28 94.0 4.0
15 75 164.0 96.0
12 32 115.0 182.0
20 48 166.0 34.0
65 25 33.0 48.0
73 17 37.0 30.0
8 32 188.0 31.0
47 17 85.0 110.0
44 17 109.0 131.0
16 30 53.0 74.0
8 36 6.0 168.0
31 55 121.0 172.0
22 15 127.0 154.0
6 31 88.0 117.0
3 21 38.0 76.0
37 5 62.0 75.0
56 34 98.0 123.0
4 40 72.0 151.0
33 48 189.0 30.0
4 54 57.0 110.0
54 42 71.0 136.0
53 4 145.0 159.0
18 22 122.0 135.0
4 20 132.0 136.0
3 40 59.0 30.0
35 60 118.0 83.0
24 19 184.0 60.0
24 20 149.0 193.0
40 33 91.0 20.0
13 57 193.0 188.0
22 19 198.0 115.0
5 21 8.0 131.0
38 64 23.0 19.0
25 54 157.0 94.0
70 55 38.0 94.0
52 63 15.0 187.0
72 60 9.0 59.0
41 48 162.0 2.0
10 34 10.0 160.0
14 30 134.0 171.0
35 16 108.0 110.0
69 5 62.0 66.0
36 61 138.0 52.0
25 17 73.0 154.0
21 22 41.0 82.0
36 9 88.0 155.0
31 16 177.0 50.0
18 21 68.0 63.0
38 1 57.0 128.0
57 20 191.0 72.0
27 19 58.0 130.0
17 62 18.0 131.0
52 41 165.0 11.0
27 67 58.0 5.0
8 57 41.0 187.0
42 1 41.0 61.0
54 40 9.0 99.0
44 1 42.0 153.0
40 1 115.0 52.0
72 11 24.0 86.0
51 23 53.0 141.0
21 20 146.0 111.0
7 37 32.0 139.0
52 51 181.0 74.0
18 14 125.0 142.0
49 46 199.0 120.0
56 23 153.0 67.0
41 1 160.0 177.0
16 28 114.0 166.0
16 29 21.0 12.0
4 52 181.0 53.0
6 34 93.0 114.0
34 8 4.0 170.0
12 25 34.0 4.0
16 72 75.0 140.0
52 18 26.0 187.0
35 8 6.0 93.0
9 56 63.0 179.0
33 59 160.0 44.0
63 34 69.0 53.0
42 2 118.0 25.0
17 32 33.0 105.0
5 38 180.0 60.0
4 41 55.0 7.0
54 1 136.0 13.0
26 20 62.0 199.0
35 9 90.0 23.0
56 4 72.0 111.0
5 63 23.0 142.0
19 23 123.0 8.0
20 70 159.0 103.0
45 38 174.0 14.0
30 13 120.0 63.0
28 14 150.0 134.0
25 19 115.0 193.0
25 13 94.0 139.0
44 58 64.0 69.0
57 29 126.0 187.0
75 43 120.0 85.0
27 18 171.0 94.0
56 58 3.0 91.0
48 29 182.0 153.0
38 74 177.0 49.0
24 14 148.0 24.0
72 44 104.0 12.0
72 27 70.0 30.0
47 43 3.0 142.0
28 17 101.0 174.0
70 69 118.0 56.0
22 62 35.0 100.0
61 26 15.0 13.0
17 63 114.0 163.0
31 52 54.0 18.0
28 19 25.0 76.0
69 45 139.0 180.0
7 38 154.0 40.0
26 72 73.0 73.0
58 26 117.0 108.0
38 9 118.0 132.0
21 24 193.0 32.0
32 13 55.0 47.0
24 22 120.0 33.0
3 43 54.0 59.0
43 2 197.0 9.0
73 58 5.0 70.0
8 55 35.0 74.0
3 60 163.0 153.0
33 37 183.0 156.0
65 31 41.0 190.0
11 31 77.0 161.0
17 72 13.0 131.0
43 6 20.0 11.0
41 6 134.0 177.0
9 29 17.0 121.0
35 11 121.0 180.0
15 30 153.0 56.0
29 20 73.0 194.0
75 34 115.0 150.0
18 26 1.0 129.0
39 9 53.0 173.0
8 37 42.0 187.0
30 61 68.0 59.0
39 42 3.0 190.0
45 1 74.0 108.0
6 36 172.0 147.0
39 26 92.0 87.0
42 4 162.0 45.0
36 70 186.0 15.0
72 5 75.0 180.0
65 15 5.0 96.0
33 39 61.0 8.0
2 45 34.0 135.0
6 42 38.0 6.0
18 31 120.0 82.0
65 54 74.0 83.0
14 27 20.0 12.0
3 42 171.0 48.0
46 2 13.0 176.0
58 12 170.0 26.0
17 22 80.0 4.0
49 38 184.0 119.0
23 22 174.0 57.0
26 17 132.0 48.0
21 23 147.0 105.0
54 29 37.0 71.0
18 28 183.0 2.0
5 42 141.0 153.0
36 11 42.0 173.0
25 43 184.0 179.0
19 30 79.0 158.0
37 11 22.0 164.0
45 4 25.0 122.0
32 16 23.0 62.0
41 16 176.0 158.0
10 38 140.0 117.0
49 19 198.0 183.0
16 34 133.0 134.0
17 29 30.0 165.0
55 7 24.0 4.0
12 37 76.0 49.0
47 15 112.0 51.0
40 6 175.0 40.0
45 3 46.0 115.0
12 35 40.0 196.0
14 34 66.0 174.0
18 30 131.0 48.0
40 11 74.0 107.0
7 60 3.0 150.0
42 7 102.0 67.0
63 8 34.0 29.0
2 48 122.0 32.0
73 6 63.0 163.0
64 15 190.0 130.0
58 54 104.0 74.0
18 17 67.0 130.0
35 15 15.0 22.0
36 65 147.0 69.0
49 24 118.0 133.0
44 7 94.0 40.0
72 56 161.0 157.0
70 15 176.0 152.0
46 29 105.0 32.0
35 63 2.0 172.0
17 31 131.0 169.0
11 65 136.0 30.0
26 23 36.0 54.0
58 47 180.0 82.0
28 68 198.0 142.0
7 72 153.0 175.0
25 58 135.0 59.0
40 5 20.0 89.0
29 35 165.0 152.0
38 8 91.0 101.0
26 33 84.0 80.0
37 10 108.0 65.0
39 10 138.0 106.0
32 18 181.0 43.0
69 3 115.0 68.0
33 16 16.0 87.0
20 67 171.0 181.0
1 47 128.0 62.0
22 30 48.0 13.0
33 29 163.0 108.0
34 11 194.0 53.0
37 14 193.0 127.0
50 71 37.0 60.0
56 49 26.0 53.0
40 10 17.0 149.0
23 40 116.0 146.0
17 30 115.0 165.0
15 51 178.0 31.0
68 12 145.0 124.0
59 27 85.0 90.0
42 8 56.0 74.0
26 19 142.0 34.0
36 14 137.0 112.0
43 8 6.0 5.0
45 73 110.0 74.0
49 2 92.0 88.0
44 40 179.0 37.0
5 44 165.0 64.0
57 66 82.0 173.0
47 5 85.0 176.0
43 66 92.0 174.0
37 9 171.0 50.0
6 38 50.0 81.0
34 22 27.0 143.0
61 8 52.0 6.0
28 23 91.0 18.0
31 21 83.0 125.0
52 3 143.0 168.0
45 19 145.0 187.0
11 38 177.0 116.0
41 9 48.0 180.0
19 29 157.0 75.0
8 59 68.0 161.0
35 13 119.0 159.0
26 38 26.0 2.0
27 21 185.0 122.0
11 41 141.0 130.0
23 75 14.0 70.0
22 29 20.0 62.0
48 3 133.0 129.0
24 28 129.0 1.0
25 63 49.0 0.0
2 56 192.0 76.0
4 49 96.0 178.0
47 2 7.0 189.0
8 44 8.0 173.0
36 13 35.0 181.0
44 4 198.0 120.0
31 47 80.0 79.0
20 28 87.0 81.0
17 36 64.0 32.0
2 38 167.0 112.0
46 6 82.0 126.0
1 51 23.0 90.0
10 49 10.0 58.0
62 5 191.0 160.0
28 42 190.0 23.0
48 56 9.0 30.0
34 12 122.0 25.0
75 64 94.0 41.0
36 15 152.0 176.0
42 11 152.0 175.0
10 42 80.0 114.0
32 21 169.0 72.0
27 22 39.0 160.0
36 18 71.0 48.0
55 25 28.0 193.0
27 17 3.0 74.0
26 22 19.0 156.0
25 32 16.0 123.0
68 13 34.0 97.0
42 12 32.0 4.0
29 24 25.0 71.0
50 4 62.0 96.0
72 67 110.0 42.0
53 67 180.0 113.0
19 34 45.0 151.0
56 27 174.0 62.0
16 37 30.0 9.0
48 5 104.0 62.0
7 61 91.0 81.0
33 30 103.0 105.0
13 39 149.0 165.0
47 4 87.0 81.0
29 23 157.0 132.0
22 31 25.0 132.0
27 20 193.0 55.0
8 39 91.0 50.0
39 11 112.0 182.0
62 13 183.0 168.0
31 23 49.0 133.0
19 36 169.0 88.0
25 30 161.0 78.0
47 11 81.0 139.0
9 42 113.0 26.0
27 26 123.0 4.0
61 37 173.0 187.0
34 15 59.0 108.0
17 69 157.0 61.0
7 43 111.0 78.0
75 8 98.0 72.0
70 62 175.0 179.0
24 27 126.0 88.0
44 12 98.0 49.0
9 34 9.0 23.0
44 10 185.0 20.0
1 59 37.0 94.0
61 49 161.0 148.0
56 21 1.0 59.0
39 16 94.0 176.0
13 42 86.0 20.0
13 45 45.0 136.0
56 60 1.0 54.0
43 1 119.0 186.0
54 2 195.0 156.0
10 41 88.0 157.0
2 50 13.0 41.0
60 19 59.0 107.0
9 44 97.0 145.0
72 32 53.0 142.0
43 13 34.0 55.0
48 69 132.0 154.0
40 12 136.0 128.0
3 51 196.0 176.0
17 37 164.0 9.0
25 28 71.0 23.0
69 71 191.0 168.0
3 24 145.0 196.0
14 38 83.0 132.0
30 26 127.0 16.0
14 42 115.0 64.0
50 6 138.0 111.0
36 20 94.0 55.0
8 46 183.0 117.0
8 31 56.0 126.0
51 7 159.0 154.0
54 62 27.0 43.0
21 34 72.0 155.0
29 27 192.0 188.0
35 52 118.0 82.0
55 2 64.0 164.0
71 8 23.0 48.0
44 11 19.0 79.0
75 36 128.0 179.0
20 33 195.0 107.0
61 13 44.0 68.0
51 2 93.0 36.0
5 52 135.0 163.0
13 41 128.0 0.0
36 21 81.0 103.0
4 51 128.0 100.0
69 57 191.0 8.0
14 39 142.0 187.0
54 6 11.0 186.0
35 21 122.0 104.0
71 43 5.0 10.0
23 61 108.0 133.0
47 7 88.0 189.0
10 47 90.0 16.0
49 75 31.0 82.0
41 45 70.0 173.0
40 15 139.0 81.0
12 64 131.0 13.0
8 74 104.0 136.0
48 7 147.0 13.0
41 12 180.0 36.0
49 30 22.0 22.0
43 9 121.0 5.0
45 10 1.0 191.0
41 73 177.0 140.0
12 43 168.0 60.0
5 73 67.0 24.0
48 10 180.0 14.0
35 14 92.0 112.0
1 52 36.0 66.0
67 22 68.0 157.0
57 1 92.0 70.0
39 18 135.0 21.0
42 16 150.0 55.0
27 31 49.0 169.0
70 9 13.0 181.0
54 3 193.0 57.0
56 50 171.0 29.0
33 24 149.0 39.0
15 41 10.0 194.0
2 66 196.0 145.0
33 25 128.0 98.0
17 39 101.0 130.0
52 12 37.0 114.0
16 43 137.0 182.0
35 18 195.0 60.0
28 27 91.0 144.0
41 39 41.0 101.0
7 75 3.0 37.0
6 47 183.0 84.0
24 35 6.0 84.0
53 49 186.0 195.0
23 53 121.0 75.0
1 58 193.0 116.0
65 64 156.0 36.0
4 64 9.0 197.0
24 31 40.0 13.0
13 47 30.0 24.0
55 4 92.0 36.0
25 21 133.0 31.0
37 32 54.0 54.0
20 47 85.0 199.0
35 37 87.0 41.0
24 30 15.0 97.0
6 39 3.0 55.0
64 55 78.0 185.0
16 47 199.0 122.0
31 29 167.0 132.0
38 39 6.0 21.0
10 71 45.0 43.0
32 62 182.0 85.0
54 60 106.0 197.0
72 6 11.0 61.0
7 49 176.0 89.0
71 12 25.0 127.0
18 62 129.0 144.0
26 66 59.0 87.0
62 8 194.0 57.0
69 68 96.0 177.0
33 23 24.0 154.0
18 33 168.0 35.0
7 50 138.0 96.0
38 50 4.0 116.0
38 13 137.0 85.0
54 23 116.0 149.0
41 14 124.0 110.0
53 5 176.0 172.0
17 33 49.0 152.0
75 13 117.0 169.0
29 28 102.0 8.0
37 19 29.0 59.0
64 20 66.0 119.0
20 44 75.0 182.0
56 3 126.0 0.0
60 25 2.0 54.0
40 18 2.0 4.0
2 57 8.0 72.0
47 12 33.0 110.0
23 34 196.0 15.0
42 35 135.0 63.0
34 27 180.0 10.0
6 51 79.0 58.0
24 36 90.0 33.0
71 63 15.0 45.0
14 70 106.0 23.0
5 13 9.0 140.0
51 10 73.0 5.0
69 44 147.0 8.0
42 46 60.0 79.0
59 13 172.0 91.0
1 56 71.0 14.0
50 8 77.0 86.0
18 38 181.0 184.0
47 27 153.0 190.0
53 9 128.0 26.0
42 37 34.0 75.0
39 20 42.0 47.0
46 15 196.0 14.0
14 47 130.0 19.0
68 58 72.0 7.0
36 23 16.0 6.0
5 55 106.0 122.0
8 51 65.0 34.0
39 19 196.0 51.0
5 54 10.0 38.0
49 3 4.0 158.0
19 40 128.0 134.0
31 28 56.0 1.0
63 60 161.0 73.0
33 21 156.0 67.0
20 38 134.0 173.0
33 28 83.0 130.0
53 21 16.0 45.0
60 1 61.0 20.0
38 19 120.0 189.0
30 28 190.0 176.0
4 1 161.0 151.0
74 22 196.0 69.0
18 44 140.0 130.0
20 35 45.0 175.0
39 23 58.0 13.0
6 55 110.0 119.0
35 27 46.0 182.0
29 37 104.0 36.0
38 41 61.0 17.0
52 11 88.0 57.0
31 40 51.0 180.0
8 48 134.0 48.0
55 38 58.0 144.0
9 40 93.0 120.0
30 31 78.0 91.0
40 14 78.0 183.0
45 53 82.0 91.0
17 51 71.0 170.0
29 25 192.0 74.0
57 6 140.0 78.0
63 73 137.0 198.0
63 44 113.0 30.0
25 39 139.0 191.0
23 37 172.0 18.0
30 37 70.0 6.0
53 7 2.0 93.0
2 59 43.0 146.0
69 51 180.0 135.0
56 5 37.0 117.0
4 75 129.0 150.0
21 43 124.0 68.0
46 39 99.0 48.0
10 50 14.0 121.0
62 15 168.0 168.0
35 40 177.0 163.0
9 54 91.0 157.0
52 9 138.0 128.0
32 26 97.0 19.0
9 55 143.0 22.0
10 46 130.0 194.0
55 41 165.0 144.0
22 38 16.0 133.0
20 43 22.0 146.0
74 56 33.0 113.0
31 44 7.0 172.0
49 13 99.0 105.0
60 2 62.0 194.0
34 26 131.0 144.0
28 34 90.0 96.0
52 10 36.0 59.0
8 56 81.0 59.0
18 43 142.0 114.0
11 50 93.0 150.0
11 53 165.0 144.0
8 49 187.0 179.0
31 32 40.0 70.0
42 20 22.0 131.0
17 43 35.0 59.0
35 25 7.0 116.0
28 35 112.0 150.0
7 57 155.0 6.0
57 3 193.0 73.0
4 57 25.0 132.0
54 56 45.0 18.0
2 62 127.0 68.0
40 55 86.0 114.0
50 32 191.0 93.0
67 46 139.0 56.0
23 38 106.0 47.0
61 2 62.0 51.0
62 1 5.0 87.0
60 5 165.0 2.0
42 22 145.0 92.0
18 46 50.0 183.0
40 53 107.0 194.0
75 1 72.0 47.0
7 52 132.0 178.0
59 5 42.0 194.0
15 42 57.0 199.0
17 55 98.0 22.0
54 10 182.0 195.0
50 30 166.0 184.0
59 54 32.0 73.0
12 50 196.0 104.0
6 56 36.0 129.0
38 27 183.0 31.0
58 33 49.0 192.0
64 42 17.0 99.0
60 45 8.0 199.0
74 59 33.0 126.0
48 16 46.0 66.0
65 2 95.0 43.0
48 17 126.0 131.0
75 63 157.0 109.0
7 58 185.0 158.0
3 62 3.0 2.0
48 15 177.0 164.0
38 66 3.0 10.0
18 37 19.0 49.0
61 4 60.0 66.0
23 41 168.0 187.0
58 9 161.0 77.0
51 11 73.0 146.0
22 40 147.0 77.0
55 19 143.0 76.0
61 63 30.0 146.0
66 49 18.0 1.0
20 68 65.0 79.0
34 32 128.0 185.0
61 3 120.0 41.0
52 14 197.0 194.0
59 6 95.0 144.0
11 55 51.0 39.0
34 29 127.0 81.0
16 46 182.0 98.0
51 9 118.0 47.0
24 40 61.0 198.0
63 4 199.0 182.0
31 54 21.0 196.0
53 10 167.0 116.0
66 31 77.0 170.0
13 51 82.0 157.0
38 25 140.0 64.0
60 12 179.0 10.0
45 20 93.0 192.0
1 65 180.0 92.0
30 39 5.0 1.0
34 71 198.0 124.0
46 13 22.0 28.0
19 46 89.0 105.0
43 45 176.0 181.0
34 67 80.0 107.0
42 18 104.0 126.0
54 19 32.0 85.0
44 22 192.0 38.0
29 30 38.0 142.0
41 26 60.0 60.0
33 66 51.0 102.0
43 23 72.0 179.0
64 3 179.0 104.0
64 31 68.0 83.0
50 17 60.0 100.0
12 66 171.0 4.0
6 74 166.0 9.0
47 73 80.0 27.0
47 19 178.0 132.0
47 21 191.0 50.0
21 44 40.0 122.0
36 30 138.0 108.0
31 36 141.0 150.0
16 49 56.0 65.0
64 2 26.0 22.0
29 36 140.0 106.0
37 28 47.0 118.0
30 70 156.0 190.0
52 66 13.0 148.0
49 59 53.0 104.0
32 27 19.0 147.0
61 5 166.0 27.0
51 14 191.0 192.0
2 4 86.0 131.0
57 10 47.0 85.0
59 7 46.0 155.0
51 16 115.0 12.0
27 40 79.0 121.0
46 69 83.0 51.0
12 54 174.0 49.0
56 19 36.0 117.0
72 74 189.0 122.0
63 1 20.0 188.0
4 59 31.0 19.0
38 31 61.0 98.0
75 45 21.0 92.0
50 15 23.0 105.0
75 30 6.0 150.0
26 68 96.0 42.0
54 13 118.0 37.0
17 49 166.0 138.0
71 58 70.0 197.0
24 41 191.0 83.0
15 52 58.0 13.0
22 69 197.0 34.0
75 10 76.0 155.0
58 10 71.0 172.0
54 14 94.0 189.0
24 44 58.0 12.0
6 62 130.0 80.0
27 39 75.0 121.0
65 5 114.0 86.0
32 46 133.0 111.0
55 44 107.0 9.0
61 6 35.0 131.0
21 46 34.0 129.0
1 67 190.0 92.0
53 14 110.0 72.0
12 55 131.0 138.0
36 12 188.0 197.0
47 36 152.0 121.0
57 11 95.0 11.0
12 57 160.0 130.0
66 37 15.0 146.0
36 32 6.0 157.0
39 22 156.0 69.0
26 35 7.0 40.0
36 63 183.0 147.0
1 72 129.0 87.0
10 59 169.0 176.0
69 60 8.0 81.0
21 54 175.0 175.0
64 5 135.0 133.0
31 37 89.0 43.0
24 43 0.0 48.0
48 19 75.0 135.0
17 52 121.0 4.0
74 31 66.0 42.0
18 50 62.0 26.0
34 35 74.0 189.0
13 56 1.0 161.0
50 16 46.0 90.0
43 40 17.0 47.0
32 38 56.0 92.0
22 43 182.0 129.0
32 47 172.0 0.0
36 33 102.0 34.0
18 47 66.0 176.0
56 11 31.0 67.0
53 13 87.0 77.0
26 42 87.0 57.0
62 27 120.0 95.0
60 11 83.0 102.0
16 55 194.0 55.0
32 30 11.0 48.0
27 44 19.0 29.0
65 24 9.0 50.0
27 42 158.0 49.0
34 57 119.0 198.0
13 55 109.0 191.0
13 58 17.0 192.0
75 24 179.0 163.0
8 60 59.0 143.0
6 60 150.0 79.0
47 57 131.0 112.0
64 37 22.0 89.0
22 50 178.0 93.0
11 61 155.0 88.0
7 62 30.0 172.0
46 24 122.0 161.0
70 1 87.0 182.0
55 39 2.0 190.0
17 53 160.0 133.0
16 75 34.0 134.0
49 21 99.0 12.0
35 36 147.0 6.0
52 16 165.0 129.0
69 43 118.0 88.0
38 35 128.0 157.0
41 30 33.0 130.0
52 39 16.0 145.0
29 41 3.0 2.0
46 20 123.0 54.0
53 19 104.0 22.0
67 52 9.0 70.0
16 53 93.0 79.0
33 63 119.0 173.0
14 56 138.0 104.0
9 59 107.0 106.0
22 46 92.0 111.0
65 7 95.0 168.0
23 32 169.0 152.0
9 64 88.0 178.0
40 29 16.0 181.0
1 71 135.0 87.0
23 48 127.0 73.0
69 58 27.0 34.0
53 18 69.0 119.0
14 63 41.0 116.0
4 69 172.0 10.0
66 41 174.0 60.0
37 34 149.0 190.0
66 7 108.0 37.0
41 27 14.0 35.0
28 45 35.0 193.0
56 12 134.0 104.0
53 24 182.0 127.0
48 24 84.0 154.0
55 15 132.0 58.0
51 18 58.0 33.0
57 15 3.0 166.0
61 27 79.0 18.0
62 11 46.0 67.0
64 8 181.0 132.0
61 10 138.0 163.0
63 9 81.0 22.0
37 58 196.0 13.0
59 23 16.0 6.0
70 24 154.0 19.0
5 66 101.0 34.0
39 32 181.0 99.0
15 59 121.0 162.0
43 54 142.0 11.0
9 65 184.0 24.0
51 20 51.0 132.0
14 65 58.0 19.0
10 64 190.0 164.0
38 33 133.0 44.0
16 54 180.0 66.0
49 25 169.0 53.0
65 8 7.0 64.0
25 48 66.0 143.0
28 43 66.0 117.0
32 41 31.0 76.0
70 3 59.0 173.0
25 44 146.0 192.0
68 3 192.0 126.0
44 29 98.0 161.0
36 38 196.0 105.0
50 24 95.0 63.0
10 62 196.0 113.0
72 65 100.0 179.0
32 53 124.0 159.0
68 4 139.0 23.0
34 40 153.0 131.0
59 45 180.0 3.0
48 35 87.0 177.0
67 5 139.0 134.0
67 4 97.0 135.0
24 42 170.0 197.0
57 18 44.0 46.0
62 45 125.0 183.0
72 4 156.0 30.0
20 53 181.0 136.0
17 57 4.0 20.0
60 10 182.0 95.0
53 33 191.0 79.0
45 30 19.0 113.0
46 26 101.0 15.0
18 56 152.0 26.0
48 27 176.0 108.0
20 55 136.0 109.0
58 17 119.0 140.0
34 41 191.0 53.0
35 33 171.0 134.0
61 14 3.0 142.0
67 9 188.0 56.0
9 46 174.0 140.0
19 52 84.0 150.0
45 36 106.0 20.0
43 61 179.0 26.0
2 67 23.0 122.0
1 73 182.0 194.0
33 41 63.0 138.0
71 20 154.0 51.0
43 30 23.0 128.0
3 71 84.0 107.0
71 2 32.0 142.0
16 59 140.0 11.0
10 65 68.0 163.0
54 22 47.0 3.0
6 68 91.0 111.0
40 65 20.0 45.0
59 11 97.0 44.0
12 2 94.0 133.0
57 52 71.0 126.0
67 8 100.0 11.0
46 28 119.0 169.0
70 6 34.0 166.0
28 47 8.0 77.0
33 42 2.0 29.0
4 71 2.0 99.0
43 32 159.0 48.0
19 41 9.0 30.0
38 37 193.0 110.0
43 27 109.0 64.0
34 39 76.0 143.0
63 21 108.0 84.0
20 56 93.0 62.0
16 64 19.0 48.0
66 8 111.0 178.0
38 15 192.0 73.0
63 13 28.0 137.0
63 11 73.0 137.0
36 40 148.0 149.0
26 47 148.0 8.0
75 2 189.0 41.0
73 3 186.0 160.0
50 28 113.0 49.0
7 69 7.0 58.0
12 59 71.0 35.0
22 47 37.0 96.0
39 37 59.0 137.0
61 15 130.0 7.0
70 26 6.0 71.0
68 35 132.0 144.0
45 31 175.0 197.0
5 71 174.0 182.0
12 63 56.0 197.0
44 32 147.0 45.0
42 58 122.0 158.0
38 29 150.0 4.0
69 1 111.0 108.0
38 54 87.0 43.0
75 69 67.0 62.0
51 72 155.0 41.0
16 67 58.0 11.0
36 41 128.0 5.0
66 64 21.0 51.0
74 5 150.0 123.0
43 35 47.0 61.0
38 40 188.0 134.0
26 49 50.0 55.0
21 57 13.0 158.0
53 27 29.0 72.0
58 19 120.0 157.0
64 14 25.0 94.0
50 27 155.0 127.0
28 49 38.0 155.0
22 57 0.0 178.0
27 49 38.0 2.0
2 73 75.0 52.0
20 58 12.0 104.0
57 23 98.0 84.0
17 56 94.0 76.0
21 59 149.0 1.0
22 56 46.0 140.0
68 10 140.0 46.0
55 27 187.0 178.0
62 16 43.0 14.0
7 71 164.0 7.0
8 70 10.0 14.0
73 43 170.0 56.0
37 40 94.0 72.0
67 65 164.0 93.0
68 11 139.0 104.0
55 22 6.0 78.0
68 44 27.0 1.0
52 21 199.0 191.0
23 52 27.0 161.0
74 20 198.0 150.0
12 65 145.0 45.0
64 39 172.0 61.0
58 21 74.0 63.0
61 18 120.0 80.0
55 24 102.0 148.0
66 9 95.0 54.0
23 68 146.0 123.0
43 33 116.0 144.0
66 13 137.0 13.0
61 20 109.0 109.0
39 40 142.0 135.0
70 66 158.0 63.0
74 62 91.0 60.0
32 49 0.0 186.0
69 9 123.0 98.0
37 43 85.0 191.0
45 32 15.0 22.0
74 7 21.0 76.0
35 62 28.0 115.0
52 54 75.0 186.0
17 74 44.0 118.0
63 15 3.0 44.0
42 40 4.0 78.0
45 37 72.0 90.0
70 10 7.0 40.0
68 9 157.0 180.0
11 67 106.0 137.0
13 60 119.0 133.0
52 27 43.0 163.0
34 46 178.0 198.0
26 53 142.0 182.0
5 75 74.0 166.0
68 5 189.0 33.0
29 51 3.0 99.0
59 22 190.0 61.0
52 30 90.0 110.0
8 73 58.0 85.0
49 18 190.0 36.0
35 72 8.0 132.0
57 24 188.0 34.0
54 27 180.0 178.0
16 65 148.0 135.0
15 66 81.0 139.0
53 28 94.0 171.0
3 47 163.0 153.0
47 29 50.0 154.0
11 64 60.0 58.0
13 67 195.0 48.0
36 43 47.0 127.0
32 48 25.0 196.0
65 63 108.0 106.0
39 56 66.0 154.0
62 33 178.0 182.0
37 44 161.0 180.0
23 58 16.0 21.0
38 44 147.0 163.0
28 44 8.0 146.0
43 41 21.0 33.0
8 72 21.0 81.0
72 12 8.0 88.0
36 44 96.0 138.0
61 69 188.0 10.0
22 51 145.0 156.0
20 62 6.0 92.0
9 73 171.0 166.0
51 32 114.0 145.0
28 56 164.0 136.0
26 54 62.0 124.0
49 31 12.0 158.0
63 20 42.0 152.0
8 54 109.0 187.0
43 39 94.0 115.0
72 10 106.0 18.0
75 3 27.0 173.0
67 15 156.0 143.0
65 68 139.0 18.0
26 36 165.0 151.0
19 64 153.0 7.0
60 21 145.0 62.0
55 56 103.0 191.0
41 37 148.0 9.0
19 61 114.0 127.0
29 56 184.0 22.0
15 68 122.0 123.0
71 52 121.0 87.0
58 48 46.0 74.0
49 34 75.0 143.0
45 39 134.0 178.0
40 46 21.0 34.0
22 63 69.0 87.0
43 34 72.0 54.0
55 28 173.0 146.0
68 16 190.0 47.0
32 74 178.0 188.0
27 51 133.0 53.0
72 59 67.0 20.0
61 22 149.0 88.0
47 37 151.0 18.0
74 10 89.0 176.0
74 11 62.0 63.0
33 51 189.0 4.0
72 14 50.0 120.0
29 74 199.0 183.0
35 54 184.0 67.0
36 58 178.0 133.0
43 42 71.0 129.0
71 13 82.0 161.0
39 44 88.0 96.0
64 26 125.0 30.0
53 29 73.0 175.0
51 35 184.0 72.0
41 44 124.0 168.0
36 50 34.0 102.0
33 60 85.0 57.0
67 19 173.0 167.0
34 47 184.0 62.0
65 22 111.0 110.0
24 61 21.0 136.0
19 66 111.0 6.0
10 73 51.0 187.0
53 30 89.0 37.0
62 21 67.0 174.0
41 67 12.0 193.0
69 16 23.0 196.0
56 30 45.0 86.0
68 19 92.0 66.0
31 57 36.0 155.0
54 71 35.0 40.0
59 26 163.0 124.0
25 74 142.0 182.0
42 51 99.0 154.0
26 55 33.0 74.0
46 33 57.0 78.0
9 72 119.0 101.0
35 46 176.0 108.0
3 74 89.0 11.0
51 37 54.0 4.0
32 54 176.0 196.0
49 29 48.0 27.0
28 54 165.0 82.0
63 24 149.0 174.0
38 28 83.0 21.0
68 7 37.0 59.0
54 33 6.0 78.0
64 24 96.0 12.0
42 41 86.0 24.0
63 53 67.0 87.0
56 45 119.0 184.0
32 60 43.0 21.0
23 65 72.0 126.0
72 63 0.0 109.0
47 40 23.0 158.0
11 75 193.0 71.0
14 71 194.0 32.0
56 31 157.0 61.0
64 48 121.0 76.0
66 22 95.0 164.0
42 44 14.0 167.0
31 58 44.0 166.0
67 18 188.0 67.0
72 64 27.0 134.0
62 19 85.0 21.0
14 73 77.0 42.0
39 49 92.0 150.0
67 23 116.0 188.0
69 20 41.0 130.0
35 49 151.0 86.0
22 64 22.0 92.0
45 54 30.0 49.0
37 54 85.0 67.0
56 32 193.0 114.0
61 40 157.0 86.0
13 40 41.0 73.0
64 21 117.0 34.0
71 18 131.0 21.0
31 59 22.0 105.0
21 65 91.0 4.0
59 28 91.0 176.0
63 26 170.0 36.0
44 45 38.0 80.0
11 30 82.0 31.0
64 43 170.0 151.0
72 18 116.0 53.0
19 63 80.0 90.0
52 36 146.0 171.0
27 65 3.0 37.0
54 36 48.0 173.0
67 21 1.0 86.0
68 22 124.0 83.0
62 60 176.0 47.0
41 47 196.0 44.0
47 42 124.0 77.0
44 47 146.0 70.0
51 36 41.0 101.0
12 73 186.0 89.0
32 58 143.0 187.0
47 48 35.0 19.0
38 46 168.0 163.0
68 34 178.0 164.0
52 40 123.0 54.0
45 52 94.0 21.0
66 23 174.0 135.0
52 38 132.0 113.0
65 20 101.0 27.0
62 26 84.0 88.0
60 30 184.0 4.0
30 62 154.0 162.0
57 32 108.0 29.0
59 29 133.0 2.0
40 50 24.0 108.0
18 73 171.0 109.0
74 12 148.0 24.0
66 25 49.0 184.0
65 28 127.0 33.0
23 63 175.0 33.0
75 17 161.0 35.0
70 22 92.0 95.0
57 33 145.0 68.0
55 37 1.0 116.0
74 16 97.0 102.0
53 64 167.0 98.0
27 60 192.0 46.0
70 23 100.0 119.0
63 29 109.0 14.0
13 72 173.0 1.0
49 42 96.0 118.0
72 19 113.0 49.0
63 27 178.0 163.0
68 39 73.0 98.0
48 44 33.0 17.0
74 18 69.0 86.0
70 51 89.0 179.0
49 40 81.0 14.0
50 42 154.0 177.0
64 29 198.0 67.0
16 71 24.0 128.0
53 41 45.0 49.0
19 69 51.0 79.0
50 43 52.0 120.0
16 73 130.0 141.0
63 30 138.0 163.0
58 34 64.0 44.0
69 15 48.0 62.0
47 66 42.0 72.0
70 72 44.0 40.0
50 44 45.0 95.0
66 28 5.0 49.0
67 30 155.0 87.0
20 73 194.0 45.0
48 46 60.0 58.0
73 21 0.0 61.0
22 71 136.0 195.0
37 56 98.0 180.0
69 26 46.0 96.0
72 46 117.0 3.0
30 64 138.0 72.0
40 57 186.0 132.0
24 67 66.0 46.0
57 37 182.0 18.0
57 38 152.0 118.0
73 22 10.0 50.0
22 72 176.0 56.0
70 60 132.0 93.0
53 37 145.0 22.0
18 75 148.0 83.0
50 37 169.0 14.0
32 64 134.0 151.0
51 71 102.0 38.0
73 67 150.0 113.0
30 58 183.0 78.0
65 32 34.0 67.0
25 70 125.0 132.0
35 59 101.0 73.0
43 53 39.0 22.0
58 40 174.0 173.0
40 56 68.0 76.0
72 20 144.0 170.0
38 56 44.0 80.0
38 53 109.0 30.0
28 69 193.0 35.0
53 42 27.0 46.0
71 25 76.0 66.0
59 36 191.0 50.0
28 61 161.0 11.0
58 39 35.0 57.0
66 27 154.0 31.0
21 75 130.0 16.0
27 57 154.0 75.0
64 47 163.0 181.0
45 51 137.0 39.0
29 66 100.0 80.0
58 41 44.0 13.0
37 62 160.0 79.0
53 44 197.0 67.0
68 31 99.0 79.0
29 67 149.0 53.0
41 40 18.0 65.0
31 67 83.0 155.0
34 62 122.0 183.0
74 24 58.0 118.0
55 42 178.0 170.0
29 68 134.0 127.0
35 64 110.0 34.0
37 63 140.0 12.0
21 74 117.0 158.0
65 30 135.0 0.0
54 61 133.0 57.0
21 69 102.0 143.0
49 51 135.0 32.0
37 60 128.0 70.0
44 57 31.0 38.0
46 51 74.0 171.0
29 62 165.0 143.0
74 47 104.0 100.0
39 54 67.0 37.0
38 60 114.0 121.0
69 30 102.0 49.0
65 33 184.0 30.0
67 32 175.0 167.0
64 34 103.0 1.0
28 70 21.0 68.0
57 36 176.0 125.0
49 50 20.0 43.0
46 54 199.0 134.0
34 53 135.0 101.0
32 68 86.0 119.0
58 38 128.0 13.0
47 52 3.0 31.0
33 67 55.0 24.0
65 37 154.0 31.0
37 59 169.0 126.0
27 70 108.0 168.0
69 31 107.0 43.0
66 34 10.0 193.0
53 46 32.0 139.0
50 35 188.0 35.0
31 70 146.0 44.0
61 39 34.0 100.0
46 55 92.0 155.0
71 29 187.0 0.0
38 59 154.0 94.0
67 35 165.0 117.0
40 59 76.0 197.0
30 72 104.0 65.0
50 52 13.0 50.0
66 16 38.0 0.0
65 38 73.0 131.0
59 44 32.0 13.0
60 43 92.0 138.0
50 58 50.0 58.0
62 40 98.0 127.0
68 45 140.0 2.0
60 40 141.0 105.0
6 75 142.0 180.0
39 63 196.0 15.0
75 28 177.0 180.0
19 74 91.0 70.0
48 52 93.0 94.0
40 63 31.0 191.0
53 52 122.0 123.0
72 28 59.0 63.0
10 69 99.0 153.0
57 43 5.0 95.0
32 61 93.0 182.0
47 55 24.0 184.0
62 41 76.0 117.0
55 29 168.0 59.0
53 50 158.0 90.0
74 30 50.0 17.0
54 47 8.0 150.0
45 58 95.0 165.0
51 75 123.0 188.0
62 44 92.0 147.0
67 37 55.0 168.0
32 70 36.0 175.0
72 31 127.0 194.0
36 69 25.0 129.0
39 59 80.0 185.0
46 56 102.0 175.0
65 34 106.0 25.0
59 47 44.0 198.0
68 18 122.0 99.0
70 37 110.0 158.0
33 75 169.0 189.0
58 46 154.0 194.0
49 58 27.0 34.0
68 37 84.0 81.0
50 54 118.0 190.0
55 48 26.0 115.0
73 37 7.0 100.0
60 46 38.0 117.0
47 60 32.0 7.0
64 40 126.0 138.0
62 48 120.0 153.0
68 42 163.0 5.0
48 61 178.0 34.0
72 33 196.0 157.0
47 61 109.0 3.0
35 70 136.0 147.0
62 43 107.0 169.0
49 52 99.0 185.0
39 71 118.0 19.0
50 59 74.0 81.0
50 60 60.0 4.0
42 62 84.0 9.0
43 55 143.0 145.0
39 66 167.0 80.0
34 70 164.0 26.0
61 42 92.0 63.0
26 56 180.0 10.0
66 40 31.0 6.0
70 42 80.0 44.0
24 73 47.0 164.0
49 48 102.0 191.0
61 45 57.0 22.0
75 74 132.0 173.0
72 34 115.0 177.0
57 45 131.0 48.0
70 19 95.0 115.0
66 60 142.0 127.0
66 44 29.0 189.0
72 36 9.0 84.0
59 53 179.0 66.0
63 48 167.0 64.0
55 54 53.0 82.0
51 61 164.0 184.0
57 51 2.0 11.0
39 67 174.0 96.0
39 72 37.0 4.0
35 75 126.0 46.0
65 46 52.0 57.0
46 64 86.0 171.0
67 43 95.0 139.0
64 51 25.0 11.0
71 44 41.0 180.0
60 49 149.0 16.0
40 68 85.0 186.0
47 63 158.0 163.0
73 40 106.0 162.0
47 68 8.0 144.0
46 52 28.0 55.0
66 46 142.0 6.0
36 71 8.0 183.0
64 49 129.0 109.0
53 60 135.0 14.0
67 36 81.0 45.0
54 48 91.0 140.0
49 65 34.0 52.0
52 60 135.0 14.0
37 74 70.0 29.0
67 45 173.0 31.0
66 50 39.0 102.0
55 58 20.0 127.0
47 67 194.0 53.0
51 56 74.0 38.0
54 53 102.0 108.0
45 70 75.0 189.0
60 55 54.0 98.0
42 69 50.0 27.0
64 50 161.0 42.0
41 71 146.0 133.0
69 63 26.0 140.0
53 31 10.0 100.0
42 72 170.0 64.0
60 4 179.0 45.0
49 71 110.0 33.0
47 46 150.0 112.0
58 57 194.0 63.0
57 53 73.0 92.0
64 45 116.0 99.0
70 38 136.0 79.0
67 38 196.0 106.0
69 35 172.0 176.0
61 58 127.0 34.0
50 73 19.0 77.0
69 49 81.0 166.0
73 39 26.0 106.0
45 71 111.0 142.0
60 59 69.0 47.0
73 26 114.0 17.0
60 57 159.0 38.0
50 69 81.0 39.0
65 53 73.0 100.0
46 73 51.0 106.0
57 59 24.0 77.0
61 55 78.0 135.0
58 59 158.0 99.0
73 48 48.0 72.0
54 66 17.0 159.0
46 75 108.0 98.0
67 50 28.0 133.0
53 70 150.0 80.0
67 55 126.0 174.0
56 63 123.0 156.0
71 33 132.0 81.0
44 74 185.0 132.0
45 74 57.0 154.0
71 42 13.0 165.0
66 53 76.0 193.0
34 61 47.0 26.0
75 48 16.0 125.0
43 68 155.0 139.0
65 58 11.0 39.0
56 66 0.0 149.0
68 54 112.0 57.0
65 56 167.0 77.0
62 63 115.0 43.0
69 59 183.0 114.0
68 49 84.0 0.0
59 62 8.0 191.0
55 57 143.0 171.0
43 63 71.0 143.0
74 36 140.0 184.0
49 73 103.0 107.0
43 74 133.0 170.0
74 60 144.0 116.0
70 54 147.0 180.0
64 58 24.0 155.0
74 48 106.0 168.0
58 66 31.0 178.0
63 59 46.0 123.0
67 56 12.0 149.0
53 68 55.0 97.0
75 31 30.0 151.0
58 70 194.0 177.0
66 62 105.0 18.0
70 40 18.0 163.0
69 52 170.0 1.0
45 66 87.0 16.0
65 52 38.0 99.0
72 48 145.0 45.0
74 52 147.0 175.0
43 70 184.0 93.0
74 55 8.0 41.0
51 74 4.0 26.0
72 47 105.0 126.0
66 59 161.0 192.0
57 62 98.0 151.0
62 61 105.0 195.0
68 64 25.0 4.0
54 74 121.0 9.0
53 75 164.0 130.0
69 47 105.0 121.0
73 60 143.0 162.0
63 67 3.0 57.0
74 40 94.0 54.0
67 61 54.0 151.0
56 71 152.0 79.0
57 49 167.0 26.0
55 72 50.0 84.0
63 64 104.0 107.0
57 63 99.0 0.0
68 67 79.0 54.0
65 74 22.0 173.0
75 56 34.0 76.0
26 67 37.0 139.0
73 27 144.0 5.0
67 71 89.0 147.0
71 65 2.0 194.0
73 35 53.0 53.0
24 66 68.0 85.0
70 61 30.0 43.0
51 65 15.0 65.0
75 54 32.0 52.0
75 72 194.0 129.0
73 44 48.0 35.0
75 47 111.0 3.0
62 56 178.0 116.0
42 65 85.0 47.0
48 70 195.0 115.0
65 75 45.0 162.0
70 59 161.0 29.0
40 51 178.0 107.0
73 57 21.0 27.0
68 62 148.0 84.0
64 62 107.0 78.0
53 69 166.0 192.0
64 73 185.0 113.0
61 66 128.0 182.0
58 63 169.0 90.0
71 57 60.0 148.0
68 63 65.0 81.0
1 3 99.0 165.0
73 56 176.0 6.0
39 75 192.0 94.0
48 71 50.0 177.0
26 48 179.0 130.0
68 57 45.0 101.0
69 65 62.0 105.0
55 62 141.0 79.0
53 74 78.0 40.0
74 70 65.0 54.0
67 57 159.0 57.0
75 62 197.0 9.0
59 51 69.0 177.0
72 53 34.0 114.0
72 71 63.0 49.0
64 71 167.0 4.0
68 30 69.0 46.0
65 41 97.0 134.0
70 73 164.0 8.0
70 63 77.0 162.0
74 68 22.0 146.0
71 75 104.0 9.0
67 64 144.0 119.0
73 65 167.0 63.0
1 8 67.0 36.0
56 69 171.0 164.0
71 74 196.0 87.0
70 67 52.0 25.0
30 51 165.0 27.0
55 59 122.0 21.0
59 75 136.0 18.0
70 75 135.0 104.0
74 67 9.0 2.0
75 67 81.0 132.0
74 66 185.0 29.0
64 69 65.0 189.0
65 66 116.0 183.0
72 57 2.0 38.0
51 73 64.0 139.0
74 69 184.0 199.0
2 1 102.0 145.0
52 62 162.0 135.0
61 73 70.0 147.0
72 61 151.0 87.0
73 72 61.0 19.0
66 67 180.0 64.0
73 74 106.0 44.0
47 65 37.0 91.0
69 29 69.0 92.0
71 73 163.0 31.0
0
