71 2485 38 3 447818
54 6 24.0 14.0
33 11 171.0 173.0
61 25 56.0 188.0
14 25 15.0 83.0
13 37 73.0 27.0
28 61 165.0 7.0
14 34 78.0 36.0
19 26 161.0 75.0
63 13 134.0 185.0
55 19 43.0 105.0
3 50 128.0 99.0
4 64 131.0 143.0
29 48 142.0 157.0
37 63 62.0 108.0
57 17 144.0 141.0
43 56 54.0 57.0
69 63 171.0 140.0
10 50 198.0 166.0
28 25 4.0 126.0
48 40 139.0 88.0
16 10 23.0 33.0
1 65 66.0 85.0
11 14 195.0 10.0
70 15 157.0 1.0
6 22 169.0 80.0
71 21 132.0 119.0
5 34 169.0 89.0
33 6 161.0 60.0
15 67 135.0 136.0
60 42 177.0 2.0
15 42 195.0 124.0
9 1 199.0 104.0
37 36 60.0 120.0
17 33 199.0 145.0
26 31 54.0 169.0
36 17 89.0 168.0
43 14 63.0 176.0
55 46 127.0 192.0
48 1 79.0 74.0
16 41 165.0 79.0
36 60 98.0 177.0
22 70 27.0 50.0
29 65 23.0 34.0
41 59 28.0 64.0
1 57 185.0 91.0
62 33 18.0 64.0
64 46 99.0 98.0
16 1 137.0 16.0
52 28 23.0 187.0
58 14 176.0 51.0
7 33 113.0 152.0
20 71 97.0 141.0
16 63 133.0 34.0
55 30 172.0 151.0
5 24 114.0 23.0
16 27 163.0 3.0
14 2 52.0 186.0
46 28 93.0 181.0
60 44 17.0 158.0
43 8 15.0 67.0
70 35 54.0 100.0
65 59 197.0 178.0
12 66 87.0 111.0
52 18 129.0 2.0
50 34 190.0 133.0
21 30 109.0 35.0
33 24 157.0 78.0
31 17 79.0 124.0
52 7 103.0 86.0
65 61 136.0 100.0
56 70 114.0 176.0
5 6 136.0 195.0
20 46 2.0 127.0
35 53 3.0 111.0
37 8 152.0 112.0
56 14 38.0 184.0
20 57 95.0 93.0
46 32 160.0 184.0
30 22 187.0 27.0
8 46 10.0 123.0
51 16 155.0 12.0
29 28 25.0 158.0
66 2 103.0 129.0
15 4 174.0 93.0
60 4 126.0 21.0
35 5 40.0 86.0
26 71 56.0 179.0
6 68 95.0 18.0
13 8 126.0 2.0
35 40 73.0 151.0
1 44 144.0 129.0
5 7 33.0 70.0
47 45 92.0 111.0
49 36 15.0 132.0
35 63 55.0 23.0
60 48 127.0 151.0
55 14 32.0 53.0
54 56 152.0 105.0
28 4 86.0 97.0
7 36 122.0 72.0
9 42 109.0 14.0
6 47 101.0 124.0
38 8 80.0 108.0
15 24 163.0 159.0
38 48 135.0 147.0
63 42 109.0 87.0
46 21 152.0 147.0
57 35 163.0 74.0
1 5 192.0 72.0
51 53 54.0 45.0
20 11 187.0 134.0
34 20 34.0 102.0
27 67 179.0 169.0
38 43 197.0 40.0
23 42 97.0 101.0
4 3 170.0 61.0
10 65 107.0 114.0
47 23 33.0 113.0
33 71 135.0 21.0
2 11 104.0 170.0
6 35 131.0 35.0
37 12 94.0 128.0
53 27 77.0 191.0
32 50 75.0 47.0
44 71 76.0 134.0
53 18 92.0 109.0
49 23 140.0 27.0
33 55 35.0 196.0
19 37 141.0 166.0
8 4 25.0 187.0
4 14 135.0 102.0
39 57 177.0 10.0
16 2 90.0 5.0
19 15 39.0 182.0
68 70 59.0 132.0
54 5 104.0 46.0
2 56 122.0 197.0
19 49 37.0 147.0
69 58 3.0 172.0
3 71 72.0 133.0
10 3 72.0 162.0
62 14 59.0 64.0
43 28 120.0 70.0
63 33 140.0 176.0
48 62 44.0 63.0
70 52 179.0 81.0
69 53 20.0 134.0
2 13 173.0 44.0
36 21 67.0 45.0
34 4 16.0 78.0
62 51 134.0 88.0
9 4 51.0 26.0
27 29 150.0 95.0
41 39 16.0 81.0
51 41 28.0 189.0
69 45 193.0 1.0
66 31 198.0 12.0
66 22 69.0 14.0
1 45 114.0 155.0
41 66 111.0 165.0
23 66 123.0 13.0
33 61 29.0 92.0
30 58 144.0 9.0
62 43 10.0 89.0
33 28 172.0 9.0
49 58 193.0 42.0
62 31 150.0 107.0
25 71 51.0 61.0
65 27 179.0 126.0
16 59 182.0 8.0
5 69 70.0 126.0
71 2 92.0 80.0
29 45 71.0 64.0
63 52 47.0 16.0
12 55 187.0 150.0
54 60 137.0 38.0
2 6 62.0 116.0
20 30 91.0 44.0
27 19 178.0 161.0
20 52 65.0 22.0
57 68 100.0 88.0
49 8 105.0 99.0
22 32 126.0 92.0
21 18 155.0 63.0
19 4 39.0 17.0
64 53 7.0 130.0
31 63 180.0 137.0
4 54 168.0 197.0
11 51 199.0 20.0
18 55 120.0 56.0
47 52 86.0 198.0
29 44 183.0 41.0
47 7 107.0 23.0
1 11 161.0 66.0
49 53 82.0 141.0
35 65 169.0 2.0
4 66 116.0 120.0
9 60 166.0 188.0
41 21 60.0 52.0
64 62 99.0 196.0
29 9 128.0 158.0
65 13 73.0 90.0
25 64 152.0 107.0
5 10 49.0 73.0
10 4 177.0 118.0
35 20 103.0 143.0
40 30 46.0 116.0
51 68 49.0 145.0
9 5 111.0 178.0
12 2 164.0 137.0
13 12 29.0 116.0
24 57 189.0 31.0
32 43 10.0 166.0
3 11 53.0 66.0
21 53 155.0 99.0
9 34 81.0 5.0
50 13 84.0 144.0
64 22 110.0 49.0
5 8 184.0 140.0
30 67 195.0 173.0
69 17 79.0 158.0
8 36 68.0 132.0
17 13 52.0 23.0
46 25 185.0 85.0
68 19 70.0 70.0
41 35 45.0 181.0
8 10 96.0 29.0
36 63 68.0 43.0
39 64 104.0 147.0
28 51 31.0 124.0
63 20 149.0 35.0
44 15 196.0 134.0
34 33 69.0 66.0
67 13 16.0 114.0
53 14 20.0 64.0
36 18 152.0 88.0
11 60 86.0 8.0
39 2 188.0 118.0
21 29 113.0 137.0
44 36 32.0 109.0
29 22 7.0 53.0
65 34 104.0 175.0
7 18 167.0 76.0
67 1 160.0 119.0
20 45 77.0 46.0
6 4 46.0 65.0
64 63 152.0 111.0
58 11 5.0 136.0
63 70 180.0 165.0
32 56 26.0 36.0
6 8 135.0 145.0
45 4 87.0 47.0
48 27 110.0 164.0
62 47 88.0 156.0
69 15 160.0 192.0
56 9 93.0 118.0
7 59 33.0 74.0
3 13 59.0 11.0
57 33 109.0 194.0
67 17 22.0 196.0
44 13 153.0 132.0
19 52 76.0 41.0
27 64 148.0 189.0
32 51 86.0 194.0
38 71 165.0 71.0
12 60 162.0 177.0
52 59 116.0 71.0
5 31 156.0 138.0
43 25 74.0 109.0
5 56 171.0 102.0
8 27 152.0 72.0
6 10 140.0 190.0
9 30 168.0 58.0
18 38 85.0 130.0
25 26 27.0 153.0
56 15 154.0 135.0
39 36 178.0 180.0
20 5 185.0 102.0
62 57 77.0 89.0
66 60 78.0 169.0
18 32 35.0 198.0
69 61 173.0 121.0
46 59 9.0 152.0
33 69 185.0 163.0
33 15 135.0 116.0
50 18 161.0 72.0
3 24 184.0 38.0
3 14 134.0 62.0
26 2 50.0 169.0
22 38 176.0 175.0
26 69 187.0 185.0
66 63 52.0 125.0
37 2 32.0 187.0
19 69 3.0 193.0
21 50 15.0 187.0
8 3 131.0 149.0
29 36 155.0 181.0
34 70 182.0 83.0
68 22 3.0 169.0
16 3 71.0 7.0
45 39 146.0 55.0
68 36 179.0 101.0
14 41 176.0 194.0
28 21 55.0 60.0
17 8 79.0 10.0
38 63 138.0 61.0
44 63 188.0 93.0
67 55 164.0 11.0
53 68 53.0 63.0
64 16 51.0 33.0
17 25 46.0 180.0
6 50 89.0 101.0
17 46 135.0 120.0
69 18 175.0 25.0
40 62 40.0 116.0
5 22 19.0 157.0
50 48 13.0 25.0
63 51 189.0 64.0
4 51 64.0 188.0
29 31 70.0 105.0
37 51 166.0 5.0
68 4 170.0 93.0
25 1 74.0 162.0
54 25 35.0 45.0
32 39 76.0 48.0
18 39 70.0 17.0
19 33 97.0 86.0
64 51 56.0 119.0
8 9 176.0 174.0
43 46 162.0 146.0
7 13 70.0 36.0
69 59 23.0 105.0
27 52 136.0 51.0
19 34 182.0 158.0
66 46 129.0 32.0
25 55 54.0 137.0
54 27 88.0 30.0
33 22 64.0 50.0
66 65 73.0 134.0
53 6 128.0 48.0
57 63 17.0 64.0
56 58 51.0 152.0
32 66 9.0 133.0
9 33 68.0 15.0
20 29 17.0 108.0
10 58 19.0 81.0
51 5 173.0 44.0
3 5 54.0 101.0
28 32 18.0 23.0
18 51 65.0 69.0
45 17 199.0 74.0
10 52 159.0 67.0
40 11 118.0 176.0
68 27 188.0 137.0
62 8 134.0 161.0
15 3 172.0 140.0
60 13 178.0 190.0
24 31 2.0 43.0
8 28 191.0 1.0
39 5 150.0 150.0
16 53 186.0 68.0
39 69 111.0 126.0
36 58 118.0 45.0
46 12 188.0 90.0
55 48 143.0 166.0
5 2 10.0 146.0
30 4 140.0 1.0
6 12 68.0 42.0
16 20 164.0 6.0
49 45 63.0 27.0
62 29 28.0 182.0
40 18 13.0 168.0
26 58 53.0 109.0
60 24 29.0 15.0
58 68 74.0 169.0
31 9 52.0 94.0
59 26 46.0 168.0
70 60 111.0 110.0
48 51 132.0 139.0
13 5 29.0 97.0
29 58 192.0 34.0
41 11 168.0 21.0
7 69 192.0 194.0
3 12 133.0 44.0
38 20 32.0 179.0
39 19 130.0 143.0
29 69 106.0 14.0
40 59 38.0 87.0
5 43 36.0 30.0
13 68 45.0 156.0
25 36 4.0 189.0
48 49 189.0 137.0
28 56 158.0 21.0
35 54 195.0 88.0
11 71 139.0 53.0
18 6 189.0 129.0
8 40 90.0 177.0
36 10 164.0 87.0
12 8 131.0 168.0
54 16 61.0 121.0
3 17 187.0 19.0
9 46 57.0 135.0
4 7 34.0 149.0
60 65 48.0 23.0
34 52 56.0 91.0
13 4 122.0 20.0
41 19 22.0 6.0
15 6 27.0 84.0
59 68 80.0 166.0
2 65 182.0 138.0
49 3 123.0 16.0
67 52 59.0 124.0
63 30 31.0 116.0
21 2 105.0 106.0
5 15 178.0 79.0
38 9 12.0 157.0
6 71 38.0 45.0
24 26 19.0 21.0
28 30 43.0 95.0
10 21 126.0 103.0
10 60 83.0 110.0
1 15 88.0 188.0
14 45 71.0 19.0
53 37 106.0 35.0
16 4 30.0 97.0
40 68 189.0 49.0
26 48 193.0 185.0
68 52 53.0 71.0
71 30 118.0 137.0
70 27 181.0 7.0
5 14 33.0 4.0
42 57 55.0 91.0
31 54 88.0 37.0
50 36 22.0 29.0
13 35 50.0 167.0
11 7 113.0 104.0
47 5 73.0 32.0
9 10 168.0 7.0
44 38 171.0 153.0
54 1 28.0 26.0
55 27 147.0 68.0
23 29 37.0 121.0
24 49 70.0 39.0
26 30 51.0 184.0
65 51 159.0 76.0
1 13 176.0 127.0
19 48 2.0 147.0
1 7 13.0 30.0
19 1 195.0 113.0
68 33 164.0 184.0
7 15 154.0 34.0
13 6 8.0 5.0
20 31 97.0 167.0
12 4 116.0 25.0
2 10 106.0 70.0
55 57 192.0 120.0
3 9 3.0 140.0
37 46 94.0 167.0
37 69 20.0 0.0
69 28 15.0 28.0
19 61 60.0 64.0
64 71 23.0 128.0
50 39 66.0 129.0
55 10 107.0 10.0
12 1 6.0 62.0
20 48 175.0 52.0
5 4 12.0 195.0
68 64 1.0 179.0
22 2 67.0 13.0
23 22 101.0 42.0
21 9 95.0 119.0
49 60 160.0 154.0
34 60 11.0 166.0
67 40 87.0 138.0
49 30 186.0 99.0
22 42 136.0 139.0
65 55 113.0 155.0
5 68 138.0 166.0
5 70 95.0 186.0
58 21 54.0 55.0
9 67 60.0 17.0
67 60 119.0 147.0
49 57 7.0 105.0
58 60 9.0 95.0
3 23 196.0 122.0
50 1 123.0 135.0
70 2 147.0 18.0
22 61 27.0 2.0
16 18 191.0 39.0
37 10 73.0 63.0
26 54 72.0 81.0
2 67 67.0 81.0
49 16 180.0 64.0
16 55 72.0 55.0
56 26 141.0 171.0
46 15 147.0 120.0
33 43 176.0 91.0
52 37 189.0 50.0
7 14 192.0 61.0
10 38 39.0 59.0
53 47 44.0 19.0
61 14 2.0 68.0
70 29 1.0 96.0
44 28 62.0 100.0
70 55 27.0 38.0
20 44 76.0 16.0
58 62 183.0 20.0
28 55 172.0 22.0
31 28 85.0 16.0
2 3 73.0 40.0
34 66 41.0 74.0
53 26 81.0 55.0
9 2 120.0 60.0
46 36 161.0 148.0
26 67 182.0 144.0
50 2 106.0 154.0
61 58 36.0 144.0
62 44 35.0 110.0
38 12 128.0 28.0
37 60 134.0 161.0
62 11 119.0 6.0
46 51 157.0 80.0
46 6 73.0 139.0
38 26 111.0 132.0
14 1 80.0 148.0
9 13 188.0 68.0
38 36 10.0 116.0
25 20 165.0 96.0
30 2 151.0 36.0
12 10 34.0 60.0
63 29 93.0 59.0
54 32 119.0 4.0
3 63 135.0 151.0
49 33 61.0 123.0
69 67 152.0 71.0
46 49 122.0 69.0
12 7 181.0 73.0
18 1 19.0 167.0
1 8 35.0 112.0
4 21 141.0 106.0
10 64 191.0 77.0
56 52 97.0 52.0
17 1 14.0 1.0
41 29 167.0 136.0
64 43 149.0 100.0
19 2 84.0 168.0
31 30 16.0 72.0
47 63 177.0 157.0
55 71 18.0 169.0
52 26 35.0 67.0
59 15 195.0 50.0
43 44 67.0 163.0
47 58 99.0 168.0
4 18 129.0 135.0
57 9 172.0 145.0
1 4 30.0 102.0
35 10 180.0 0.0
35 66 197.0 15.0
9 61 28.0 193.0
65 69 160.0 47.0
9 6 6.0 11.0
4 17 175.0 87.0
31 70 100.0 100.0
34 17 80.0 130.0
57 19 173.0 60.0
13 33 88.0 123.0
54 2 105.0 68.0
30 59 99.0 17.0
24 4 187.0 58.0
7 9 88.0 114.0
31 34 169.0 188.0
11 4 145.0 1.0
59 21 153.0 71.0
8 7 189.0 41.0
39 63 38.0 46.0
10 1 13.0 89.0
40 21 26.0 152.0
22 43 79.0 114.0
37 4 1.0 0.0
13 54 128.0 99.0
34 46 54.0 81.0
12 31 178.0 196.0
22 63 65.0 168.0
15 8 53.0 30.0
57 3 106.0 79.0
6 11 33.0 137.0
23 21 127.0 187.0
3 47 152.0 55.0
52 45 76.0 158.0
2 4 97.0 54.0
64 37 55.0 114.0
1 40 44.0 60.0
2 29 79.0 102.0
8 71 191.0 64.0
20 53 66.0 70.0
28 39 97.0 170.0
43 18 79.0 173.0
49 21 184.0 128.0
12 11 89.0 191.0
17 7 170.0 85.0
17 48 86.0 49.0
47 19 156.0 29.0
32 27 6.0 22.0
65 56 45.0 104.0
9 12 109.0 76.0
28 70 114.0 94.0
4 62 91.0 155.0
50 15 185.0 61.0
22 58 8.0 71.0
36 61 44.0 116.0
16 62 31.0 51.0
9 15 6.0 28.0
24 1 145.0 67.0
13 10 60.0 12.0
17 6 88.0 151.0
23 59 93.0 26.0
5 19 154.0 54.0
50 54 5.0 198.0
44 19 193.0 189.0
50 37 45.0 151.0
41 62 87.0 190.0
23 2 131.0 147.0
4 22 186.0 172.0
40 42 194.0 80.0
6 14 149.0 148.0
1 23 118.0 155.0
68 35 56.0 111.0
31 11 139.0 53.0
17 2 118.0 26.0
51 1 24.0 2.0
13 42 96.0 163.0
19 8 171.0 90.0
57 69 137.0 73.0
5 18 189.0 55.0
35 23 189.0 197.0
33 70 120.0 129.0
52 48 197.0 38.0
48 41 114.0 174.0
42 71 90.0 11.0
15 47 165.0 14.0
45 13 133.0 54.0
13 57 143.0 122.0
8 47 67.0 132.0
45 46 121.0 187.0
23 52 106.0 119.0
53 63 136.0 21.0
22 41 18.0 179.0
16 40 81.0 135.0
12 64 51.0 14.0
49 7 184.0 194.0
14 51 34.0 51.0
57 37 165.0 156.0
3 18 138.0 23.0
6 7 158.0 26.0
46 47 18.0 176.0
46 19 134.0 51.0
42 18 56.0 185.0
55 20 170.0 192.0
71 41 54.0 5.0
17 10 154.0 171.0
7 19 116.0 44.0
56 64 75.0 74.0
2 24 131.0 45.0
64 21 165.0 65.0
69 52 125.0 173.0
71 70 96.0 96.0
70 32 148.0 102.0
17 9 58.0 55.0
6 20 67.0 174.0
43 1 103.0 142.0
46 52 115.0 34.0
32 26 56.0 80.0
6 16 141.0 181.0
9 18 134.0 37.0
11 16 96.0 34.0
20 1 89.0 106.0
22 34 15.0 108.0
6 21 82.0 70.0
9 19 132.0 197.0
25 27 114.0 188.0
25 3 160.0 55.0
12 16 129.0 46.0
51 67 54.0 178.0
29 68 15.0 96.0
31 6 149.0 30.0
57 27 102.0 184.0
25 58 169.0 34.0
44 18 151.0 36.0
2 15 95.0 111.0
66 16 177.0 24.0
43 3 112.0 32.0
5 17 108.0 127.0
2 25 92.0 57.0
67 66 24.0 194.0
5 11 90.0 145.0
21 1 3.0 42.0
24 13 17.0 98.0
60 63 157.0 195.0
25 23 68.0 69.0
10 15 143.0 176.0
69 8 172.0 35.0
33 16 106.0 148.0
17 15 70.0 197.0
11 17 108.0 74.0
1 42 63.0 125.0
14 15 29.0 20.0
19 30 110.0 49.0
58 5 199.0 54.0
1 27 143.0 123.0
59 66 138.0 50.0
9 14 199.0 161.0
48 70 38.0 59.0
40 13 111.0 102.0
29 1 61.0 92.0
58 19 57.0 123.0
28 2 83.0 8.0
27 49 194.0 179.0
43 68 127.0 133.0
56 69 18.0 78.0
67 63 144.0 56.0
35 26 84.0 7.0
23 45 53.0 145.0
24 44 64.0 62.0
26 62 169.0 100.0
39 10 165.0 164.0
6 65 136.0 44.0
22 46 176.0 154.0
21 5 135.0 72.0
20 8 10.0 20.0
33 23 124.0 63.0
66 6 89.0 141.0
67 3 159.0 58.0
12 48 28.0 76.0
2 7 166.0 116.0
53 17 103.0 94.0
35 62 9.0 190.0
19 51 178.0 19.0
34 28 170.0 55.0
65 48 12.0 59.0
50 62 157.0 123.0
3 21 116.0 137.0
18 2 162.0 82.0
49 40 11.0 17.0
30 24 191.0 21.0
35 4 2.0 121.0
32 53 139.0 172.0
60 14 161.0 151.0
10 11 146.0 70.0
26 23 98.0 62.0
55 50 39.0 60.0
19 3 170.0 3.0
28 14 158.0 113.0
17 71 195.0 160.0
10 14 87.0 134.0
22 7 123.0 1.0
13 56 91.0 21.0
16 13 43.0 189.0
17 68 159.0 35.0
32 17 19.0 129.0
30 13 134.0 129.0
43 19 143.0 130.0
42 5 196.0 183.0
71 45 167.0 119.0
60 45 190.0 11.0
23 4 61.0 186.0
5 53 136.0 20.0
29 11 177.0 107.0
23 56 124.0 111.0
34 36 6.0 67.0
41 15 8.0 154.0
59 6 194.0 176.0
1 22 94.0 184.0
28 64 197.0 107.0
45 12 154.0 86.0
28 1 125.0 131.0
5 25 165.0 49.0
23 8 142.0 123.0
13 53 105.0 151.0
18 57 68.0 99.0
6 63 109.0 114.0
26 6 54.0 59.0
10 43 35.0 8.0
44 40 25.0 112.0
41 65 123.0 190.0
62 30 52.0 18.0
7 16 94.0 158.0
6 24 170.0 114.0
53 15 156.0 31.0
13 15 159.0 10.0
16 5 126.0 146.0
14 16 101.0 151.0
33 65 56.0 177.0
54 52 199.0 61.0
28 41 116.0 45.0
31 68 26.0 38.0
8 11 44.0 182.0
51 24 147.0 3.0
28 40 177.0 73.0
6 23 186.0 78.0
4 20 77.0 195.0
24 61 118.0 28.0
61 3 55.0 186.0
28 3 123.0 33.0
52 62 6.0 168.0
14 18 122.0 153.0
24 7 88.0 99.0
20 67 177.0 75.0
40 38 139.0 55.0
27 14 153.0 10.0
20 2 141.0 160.0
47 18 19.0 17.0
39 68 121.0 177.0
23 5 37.0 43.0
61 46 169.0 126.0
41 40 160.0 146.0
37 27 101.0 100.0
1 34 146.0 6.0
65 63 31.0 87.0
19 13 26.0 2.0
2 27 54.0 147.0
3 64 123.0 43.0
69 24 107.0 92.0
23 67 97.0 68.0
53 29 181.0 198.0
62 7 40.0 127.0
30 42 187.0 24.0
9 23 17.0 13.0
11 46 20.0 23.0
38 15 186.0 143.0
39 27 62.0 94.0
53 30 171.0 160.0
58 18 64.0 105.0
56 66 190.0 56.0
10 23 175.0 129.0
6 27 17.0 144.0
3 40 158.0 37.0
54 43 21.0 144.0
15 16 147.0 36.0
47 50 186.0 71.0
67 50 125.0 2.0
4 44 112.0 67.0
27 5 150.0 39.0
20 7 99.0 119.0
64 38 183.0 57.0
10 42 57.0 157.0
8 25 49.0 157.0
21 11 151.0 187.0
29 49 68.0 29.0
52 66 44.0 180.0
51 13 41.0 147.0
37 42 104.0 93.0
40 55 112.0 88.0
56 21 1.0 121.0
48 53 35.0 50.0
32 55 118.0 186.0
63 24 132.0 187.0
19 10 165.0 129.0
46 65 93.0 159.0
66 21 21.0 198.0
35 25 11.0 85.0
23 7 177.0 12.0
29 60 0.0 12.0
9 11 135.0 70.0
38 11 86.0 67.0
44 49 20.0 51.0
42 56 23.0 65.0
7 10 121.0 44.0
64 41 40.0 132.0
17 41 78.0 169.0
16 17 65.0 30.0
23 34 154.0 0.0
22 10 191.0 40.0
52 38 49.0 11.0
6 19 172.0 72.0
42 48 146.0 93.0
48 35 191.0 138.0
35 39 87.0 22.0
47 22 125.0 105.0
15 60 168.0 79.0
2 31 150.0 159.0
22 11 121.0 199.0
26 4 44.0 45.0
14 8 194.0 142.0
68 37 94.0 185.0
4 70 30.0 181.0
29 3 69.0 108.0
47 24 173.0 37.0
35 69 174.0 123.0
6 57 176.0 47.0
20 58 189.0 20.0
9 16 52.0 183.0
4 25 137.0 98.0
6 25 92.0 119.0
14 17 62.0 161.0
1 49 26.0 187.0
6 52 76.0 0.0
68 47 131.0 4.0
33 52 27.0 72.0
13 46 39.0 31.0
2 32 55.0 176.0
56 51 78.0 99.0
67 7 42.0 92.0
29 4 168.0 20.0
36 35 128.0 196.0
41 46 63.0 11.0
57 45 68.0 42.0
12 18 66.0 107.0
28 5 162.0 73.0
28 18 111.0 41.0
55 9 102.0 154.0
20 14 156.0 22.0
34 6 70.0 37.0
11 67 146.0 133.0
19 14 22.0 166.0
3 33 2.0 40.0
21 13 146.0 165.0
1 31 129.0 57.0
47 59 105.0 183.0
20 10 141.0 13.0
68 55 145.0 11.0
51 9 183.0 91.0
32 3 25.0 157.0
50 41 98.0 27.0
1 26 7.0 196.0
3 55 194.0 136.0
3 56 163.0 99.0
22 3 99.0 104.0
59 2 166.0 196.0
41 10 37.0 149.0
67 36 85.0 62.0
5 62 72.0 183.0
67 37 88.0 79.0
21 14 106.0 34.0
29 5 162.0 69.0
19 71 65.0 13.0
1 63 53.0 31.0
2 41 98.0 90.0
5 40 199.0 184.0
30 64 131.0 23.0
30 6 36.0 172.0
50 51 109.0 142.0
26 33 42.0 71.0
29 7 128.0 107.0
57 2 95.0 181.0
1 6 12.0 146.0
4 27 121.0 11.0
22 12 100.0 52.0
3 60 112.0 136.0
71 37 75.0 173.0
29 39 33.0 117.0
33 27 80.0 162.0
23 11 88.0 128.0
29 50 94.0 52.0
65 71 5.0 15.0
68 28 141.0 58.0
47 43 179.0 5.0
9 69 122.0 6.0
13 18 162.0 156.0
3 59 117.0 194.0
9 22 84.0 157.0
18 34 104.0 179.0
64 42 77.0 62.0
11 18 11.0 18.0
51 27 195.0 190.0
12 20 82.0 118.0
3 7 76.0 196.0
19 11 13.0 193.0
50 70 62.0 50.0
26 9 139.0 166.0
54 40 190.0 168.0
8 29 167.0 153.0
15 12 68.0 162.0
37 21 117.0 102.0
6 28 58.0 193.0
64 33 155.0 72.0
62 21 106.0 169.0
33 58 78.0 197.0
57 47 169.0 20.0
4 31 17.0 88.0
2 34 113.0 37.0
10 25 45.0 30.0
2 8 184.0 56.0
65 37 59.0 92.0
17 59 57.0 118.0
8 24 122.0 135.0
12 14 88.0 43.0
22 14 198.0 57.0
32 4 72.0 64.0
42 21 184.0 118.0
31 3 88.0 169.0
42 35 8.0 147.0
53 65 80.0 65.0
66 8 118.0 154.0
17 18 190.0 158.0
8 21 165.0 140.0
31 27 56.0 38.0
8 67 73.0 193.0
1 3 40.0 161.0
37 22 105.0 48.0
47 4 163.0 137.0
42 51 30.0 33.0
1 66 120.0 20.0
12 19 30.0 86.0
14 52 120.0 38.0
14 23 66.0 193.0
15 20 24.0 106.0
26 10 196.0 130.0
60 47 92.0 159.0
27 9 103.0 122.0
16 70 199.0 24.0
7 28 76.0 181.0
28 11 18.0 148.0
7 58 197.0 36.0
59 56 69.0 21.0
27 7 123.0 66.0
13 22 138.0 15.0
39 34 162.0 193.0
63 46 191.0 113.0
22 48 169.0 19.0
27 10 118.0 139.0
19 50 11.0 115.0
21 16 117.0 33.0
62 27 19.0 192.0
4 49 102.0 109.0
28 9 82.0 64.0
53 11 160.0 26.0
58 55 140.0 129.0
48 45 129.0 58.0
23 16 66.0 93.0
17 12 111.0 135.0
6 41 5.0 83.0
18 19 186.0 60.0
36 1 128.0 20.0
26 51 79.0 88.0
35 44 113.0 19.0
33 1 139.0 194.0
48 18 123.0 5.0
37 25 142.0 34.0
65 19 108.0 148.0
26 8 165.0 46.0
23 12 91.0 93.0
10 71 13.0 122.0
4 61 197.0 78.0
2 33 80.0 136.0
18 25 126.0 3.0
10 24 158.0 68.0
21 26 25.0 67.0
68 24 117.0 190.0
54 39 150.0 160.0
3 34 176.0 163.0
13 11 52.0 174.0
1 61 179.0 84.0
20 13 94.0 105.0
22 15 40.0 52.0
25 7 127.0 65.0
54 62 21.0 44.0
60 17 165.0 171.0
35 46 167.0 93.0
6 69 196.0 171.0
21 15 190.0 175.0
22 55 124.0 36.0
31 32 109.0 116.0
62 56 1.0 36.0
7 42 32.0 174.0
3 35 179.0 149.0
54 30 114.0 98.0
17 21 144.0 110.0
3 6 21.0 86.0
20 3 133.0 97.0
2 36 75.0 195.0
49 62 136.0 28.0
64 17 156.0 169.0
25 21 85.0 87.0
16 19 176.0 199.0
8 18 132.0 120.0
30 8 121.0 105.0
30 5 44.0 7.0
33 4 116.0 71.0
25 67 153.0 53.0
44 25 154.0 110.0
7 21 158.0 40.0
4 50 142.0 134.0
27 11 152.0 74.0
1 37 95.0 25.0
24 14 104.0 139.0
50 23 124.0 20.0
49 70 116.0 29.0
38 1 44.0 23.0
27 43 176.0 2.0
21 12 59.0 118.0
22 20 108.0 163.0
29 6 11.0 155.0
48 14 112.0 67.0
25 15 72.0 36.0
11 26 65.0 140.0
10 33 150.0 61.0
35 14 89.0 126.0
19 17 45.0 148.0
36 41 17.0 105.0
3 27 26.0 28.0
39 1 116.0 138.0
35 1 153.0 188.0
37 6 53.0 18.0
69 11 175.0 155.0
55 34 197.0 16.0
50 60 169.0 43.0
60 21 33.0 186.0
38 39 20.0 60.0
24 64 103.0 136.0
9 25 173.0 56.0
36 4 50.0 178.0
35 49 153.0 177.0
11 57 43.0 150.0
15 18 138.0 12.0
42 27 159.0 124.0
65 44 133.0 131.0
11 30 115.0 36.0
44 14 150.0 88.0
38 45 178.0 153.0
28 10 165.0 83.0
15 58 34.0 160.0
13 26 177.0 124.0
32 5 194.0 88.0
21 63 71.0 79.0
51 49 183.0 186.0
19 20 31.0 85.0
20 26 45.0 161.0
55 53 93.0 162.0
70 66 8.0 79.0
25 12 76.0 137.0
38 51 188.0 22.0
16 8 35.0 11.0
10 44 79.0 18.0
19 42 70.0 110.0
41 1 63.0 67.0
33 54 97.0 108.0
24 9 105.0 57.0
20 17 194.0 133.0
12 26 121.0 183.0
70 42 176.0 156.0
45 21 121.0 55.0
22 39 123.0 144.0
24 12 161.0 186.0
5 33 50.0 10.0
40 70 24.0 155.0
31 41 91.0 18.0
23 15 3.0 12.0
3 26 196.0 179.0
26 14 123.0 70.0
70 41 150.0 47.0
1 30 123.0 111.0
13 28 113.0 173.0
12 27 59.0 137.0
18 23 117.0 150.0
49 67 65.0 120.0
13 25 128.0 62.0
65 7 48.0 4.0
7 55 75.0 198.0
24 17 20.0 150.0
35 2 28.0 134.0
49 69 126.0 88.0
46 7 97.0 195.0
3 37 139.0 114.0
56 11 111.0 68.0
48 58 158.0 111.0
1 69 15.0 186.0
24 19 59.0 36.0
48 69 169.0 39.0
30 7 181.0 48.0
40 53 175.0 30.0
44 48 31.0 66.0
10 31 133.0 142.0
47 35 185.0 44.0
33 38 190.0 1.0
65 12 83.0 1.0
8 22 8.0 52.0
3 36 190.0 141.0
22 19 55.0 117.0
56 44 141.0 87.0
33 46 181.0 74.0
41 5 54.0 118.0
32 6 171.0 44.0
38 2 123.0 54.0
39 44 159.0 84.0
51 61 55.0 102.0
32 8 17.0 62.0
45 31 178.0 158.0
16 26 22.0 111.0
16 42 3.0 76.0
26 5 65.0 174.0
40 2 109.0 189.0
13 23 198.0 21.0
7 26 47.0 5.0
39 62 154.0 64.0
53 71 108.0 132.0
51 6 110.0 82.0
7 51 29.0 65.0
55 45 53.0 95.0
14 13 11.0 114.0
52 30 159.0 9.0
26 17 57.0 159.0
49 71 11.0 11.0
71 47 157.0 71.0
52 60 66.0 19.0
12 28 45.0 48.0
10 32 1.0 50.0
4 40 40.0 12.0
29 10 63.0 199.0
59 4 30.0 120.0
35 51 36.0 193.0
7 34 20.0 145.0
31 8 80.0 38.0
33 8 181.0 78.0
21 43 160.0 134.0
68 54 98.0 0.0
55 66 165.0 161.0
21 19 148.0 195.0
54 63 94.0 136.0
22 27 23.0 66.0
43 2 102.0 103.0
3 39 124.0 35.0
29 14 59.0 37.0
71 14 188.0 157.0
22 18 156.0 153.0
25 16 19.0 104.0
9 20 95.0 65.0
30 50 176.0 118.0
28 15 131.0 78.0
25 19 121.0 55.0
12 30 101.0 132.0
24 20 175.0 41.0
43 30 16.0 131.0
44 46 88.0 35.0
22 17 55.0 183.0
32 9 172.0 183.0
45 32 86.0 55.0
44 2 112.0 159.0
71 50 37.0 14.0
29 64 198.0 13.0
23 31 1.0 14.0
36 27 113.0 89.0
71 58 39.0 121.0
68 20 57.0 163.0
12 52 196.0 95.0
42 24 85.0 109.0
23 19 135.0 75.0
70 59 84.0 133.0
36 9 117.0 85.0
38 70 51.0 182.0
56 18 182.0 90.0
38 50 30.0 192.0
21 22 155.0 26.0
26 15 48.0 192.0
18 20 93.0 135.0
23 41 92.0 177.0
7 38 117.0 161.0
59 61 46.0 121.0
21 24 111.0 180.0
23 20 42.0 93.0
12 29 162.0 149.0
54 42 17.0 162.0
46 3 69.0 110.0
43 23 87.0 113.0
15 27 149.0 4.0
5 36 120.0 147.0
4 67 58.0 183.0
3 41 120.0 53.0
42 44 155.0 34.0
27 17 162.0 124.0
54 49 12.0 31.0
12 34 34.0 99.0
9 35 139.0 135.0
9 53 22.0 60.0
48 39 69.0 32.0
35 30 68.0 189.0
34 38 192.0 175.0
18 37 65.0 154.0
45 42 65.0 77.0
38 3 3.0 51.0
11 35 116.0 143.0
16 22 38.0 90.0
60 18 118.0 107.0
47 14 56.0 138.0
32 12 44.0 1.0
24 11 3.0 61.0
12 67 78.0 21.0
10 54 153.0 82.0
15 29 87.0 22.0
4 42 26.0 125.0
18 27 52.0 145.0
28 17 106.0 60.0
8 48 66.0 102.0
13 29 14.0 21.0
13 32 23.0 44.0
46 10 30.0 177.0
52 53 131.0 69.0
22 62 3.0 158.0
9 41 166.0 7.0
6 36 143.0 24.0
33 40 2.0 9.0
30 10 48.0 168.0
31 14 92.0 23.0
14 32 90.0 74.0
15 34 119.0 174.0
4 38 175.0 122.0
8 35 181.0 93.0
12 71 29.0 125.0
39 49 143.0 183.0
49 10 95.0 191.0
39 6 55.0 187.0
40 7 174.0 97.0
41 7 153.0 93.0
19 45 94.0 128.0
32 35 197.0 28.0
3 42 39.0 178.0
50 20 109.0 182.0
38 6 181.0 4.0
4 41 114.0 188.0
43 45 19.0 89.0
14 33 17.0 172.0
53 28 102.0 111.0
62 61 116.0 51.0
62 23 36.0 155.0
29 16 161.0 97.0
12 36 105.0 95.0
33 60 58.0 172.0
24 23 183.0 77.0
32 30 153.0 0.0
57 56 80.0 8.0
39 8 151.0 196.0
29 18 89.0 139.0
30 3 54.0 3.0
7 31 142.0 111.0
31 47 7.0 0.0
5 38 196.0 190.0
12 35 38.0 149.0
15 30 112.0 118.0
25 11 162.0 64.0
40 10 57.0 52.0
23 17 185.0 111.0
46 1 38.0 127.0
54 53 154.0 197.0
56 47 92.0 150.0
31 61 39.0 130.0
13 34 178.0 151.0
45 44 131.0 93.0
71 48 115.0 188.0
60 55 105.0 100.0
41 8 36.0 95.0
44 3 120.0 142.0
50 42 18.0 165.0
31 13 58.0 57.0
12 33 10.0 189.0
7 71 147.0 142.0
47 51 179.0 14.0
35 17 112.0 36.0
63 12 58.0 100.0
15 65 113.0 130.0
35 31 136.0 131.0
3 45 87.0 195.0
26 68 124.0 49.0
67 28 197.0 23.0
8 63 160.0 176.0
9 63 102.0 24.0
34 35 72.0 112.0
30 18 158.0 185.0
13 66 33.0 46.0
17 30 4.0 72.0
36 11 147.0 81.0
70 62 139.0 144.0
14 70 102.0 51.0
61 54 28.0 4.0
48 13 22.0 52.0
66 64 154.0 132.0
18 46 113.0 188.0
26 18 149.0 69.0
47 2 0.0 97.0
22 71 5.0 91.0
70 21 198.0 107.0
34 58 74.0 178.0
70 64 196.0 48.0
27 20 28.0 103.0
31 18 130.0 93.0
16 32 190.0 32.0
37 14 24.0 142.0
6 42 188.0 181.0
28 19 51.0 139.0
27 13 84.0 125.0
67 29 71.0 33.0
43 7 63.0 52.0
27 21 34.0 146.0
71 36 78.0 24.0
61 30 133.0 102.0
45 5 80.0 122.0
23 69 76.0 131.0
1 47 182.0 113.0
34 59 190.0 54.0
23 27 165.0 6.0
22 25 16.0 199.0
38 53 141.0 94.0
42 32 46.0 74.0
20 28 109.0 79.0
64 67 92.0 137.0
7 37 56.0 74.0
19 32 86.0 199.0
31 48 94.0 51.0
43 6 87.0 62.0
39 9 25.0 180.0
6 40 89.0 24.0
13 36 116.0 198.0
69 10 140.0 160.0
13 52 190.0 149.0
9 40 158.0 29.0
12 54 110.0 4.0
8 42 166.0 149.0
7 44 78.0 192.0
59 49 138.0 167.0
40 12 88.0 7.0
30 14 143.0 181.0
28 16 174.0 85.0
15 31 183.0 132.0
22 26 182.0 45.0
28 22 128.0 149.0
39 25 162.0 158.0
17 29 132.0 53.0
29 57 48.0 20.0
16 34 182.0 143.0
6 62 113.0 156.0
5 37 194.0 48.0
22 56 34.0 177.0
58 44 18.0 114.0
68 1 32.0 181.0
45 2 146.0 164.0
48 5 73.0 146.0
15 32 125.0 55.0
43 9 70.0 191.0
13 39 83.0 65.0
16 31 76.0 69.0
31 56 195.0 95.0
57 26 62.0 27.0
58 54 156.0 8.0
36 14 121.0 29.0
10 34 124.0 47.0
42 39 156.0 194.0
6 45 66.0 191.0
2 49 29.0 143.0
56 55 108.0 176.0
30 23 80.0 171.0
21 32 130.0 188.0
38 61 139.0 51.0
30 16 159.0 15.0
29 51 70.0 67.0
37 11 179.0 136.0
38 14 20.0 160.0
28 24 39.0 80.0
35 55 95.0 71.0
9 37 77.0 25.0
4 39 187.0 169.0
16 37 71.0 98.0
44 41 120.0 93.0
7 35 151.0 51.0
16 35 35.0 171.0
34 24 97.0 26.0
2 48 94.0 192.0
18 33 138.0 124.0
68 2 180.0 78.0
27 26 176.0 52.0
64 32 126.0 48.0
66 11 141.0 77.0
4 43 115.0 128.0
29 19 12.0 164.0
28 42 114.0 59.0
44 5 26.0 4.0
33 45 9.0 7.0
4 48 9.0 185.0
23 28 84.0 87.0
25 29 147.0 177.0
31 60 170.0 14.0
24 29 64.0 135.0
38 17 163.0 130.0
42 11 109.0 189.0
45 7 132.0 118.0
4 57 164.0 93.0
11 39 126.0 0.0
42 12 110.0 25.0
39 7 93.0 80.0
27 28 55.0 109.0
8 51 42.0 170.0
20 32 143.0 151.0
62 36 115.0 75.0
2 46 119.0 31.0
46 4 44.0 197.0
49 11 90.0 154.0
6 44 134.0 184.0
13 41 164.0 189.0
36 16 59.0 158.0
71 69 179.0 154.0
39 15 162.0 46.0
12 5 1.0 81.0
52 1 118.0 45.0
71 54 19.0 8.0
41 12 141.0 153.0
37 15 75.0 57.0
50 28 77.0 134.0
25 50 10.0 8.0
38 13 170.0 172.0
35 19 42.0 171.0
43 60 90.0 112.0
52 2 107.0 109.0
37 61 7.0 49.0
69 27 116.0 82.0
54 47 0.0 145.0
28 26 29.0 162.0
25 42 46.0 151.0
46 5 176.0 40.0
17 39 163.0 18.0
35 18 195.0 71.0
34 57 3.0 155.0
27 24 53.0 71.0
70 54 118.0 5.0
55 1 188.0 148.0
20 33 194.0 186.0
51 3 169.0 123.0
11 43 109.0 84.0
19 66 67.0 105.0
51 44 110.0 22.0
66 9 111.0 115.0
53 1 42.0 182.0
39 16 143.0 30.0
12 43 59.0 89.0
69 31 126.0 180.0
51 2 31.0 35.0
61 10 104.0 98.0
53 45 58.0 14.0
44 9 181.0 121.0
59 19 42.0 23.0
42 14 71.0 185.0
31 59 168.0 130.0
22 31 49.0 94.0
21 33 4.0 32.0
16 38 30.0 108.0
24 18 169.0 40.0
30 44 109.0 150.0
21 35 107.0 151.0
13 43 105.0 178.0
54 15 57.0 73.0
40 39 3.0 58.0
11 45 126.0 160.0
61 8 175.0 157.0
3 52 2.0 144.0
44 11 33.0 111.0
38 67 8.0 92.0
62 71 17.0 113.0
45 9 158.0 74.0
70 11 161.0 113.0
50 5 148.0 88.0
61 47 189.0 123.0
35 15 162.0 191.0
40 14 94.0 147.0
18 62 20.0 102.0
21 38 95.0 37.0
2 55 66.0 53.0
47 11 124.0 27.0
31 19 134.0 24.0
20 43 115.0 75.0
11 34 87.0 77.0
28 59 191.0 181.0
6 49 28.0 11.0
39 14 59.0 123.0
55 11 12.0 125.0
25 31 136.0 88.0
39 59 141.0 23.0
61 63 33.0 56.0
30 27 143.0 73.0
34 8 76.0 87.0
48 10 44.0 56.0
5 52 67.0 104.0
20 39 52.0 31.0
22 53 115.0 141.0
71 18 100.0 56.0
3 48 84.0 133.0
15 36 10.0 179.0
43 16 7.0 38.0
62 3 72.0 51.0
31 21 134.0 139.0
59 1 127.0 186.0
52 4 179.0 194.0
20 37 58.0 79.0
10 45 15.0 142.0
21 39 88.0 177.0
8 44 9.0 95.0
35 38 39.0 33.0
2 53 143.0 173.0
58 40 41.0 22.0
7 48 186.0 172.0
24 25 38.0 44.0
46 57 90.0 53.0
42 2 0.0 130.0
49 9 116.0 9.0
71 13 178.0 107.0
41 18 12.0 73.0
12 59 38.0 5.0
8 50 188.0 25.0
9 47 148.0 26.0
44 12 116.0 190.0
36 23 69.0 68.0
44 22 22.0 185.0
34 56 189.0 0.0
55 6 171.0 153.0
6 48 89.0 162.0
50 7 69.0 77.0
41 38 64.0 169.0
49 12 101.0 132.0
36 19 131.0 170.0
26 34 52.0 153.0
50 9 179.0 193.0
35 24 52.0 103.0
40 15 98.0 94.0
34 25 60.0 167.0
47 32 162.0 77.0
55 36 80.0 15.0
60 39 143.0 163.0
15 43 197.0 148.0
56 1 154.0 176.0
23 37 2.0 7.0
16 45 148.0 53.0
35 52 3.0 9.0
50 11 109.0 117.0
30 25 161.0 141.0
47 13 164.0 57.0
4 53 197.0 161.0
27 58 195.0 151.0
57 5 114.0 149.0
11 48 140.0 62.0
16 44 188.0 143.0
30 38 109.0 49.0
40 17 65.0 22.0
34 42 173.0 181.0
58 67 39.0 122.0
4 56 2.0 186.0
3 54 52.0 68.0
25 41 17.0 192.0
22 24 16.0 5.0
18 10 46.0 77.0
71 60 196.0 63.0
62 59 71.0 169.0
41 20 125.0 62.0
47 12 6.0 79.0
21 34 26.0 58.0
26 29 137.0 43.0
51 36 94.0 153.0
62 1 2.0 93.0
44 50 117.0 150.0
29 33 197.0 188.0
4 55 34.0 122.0
41 57 187.0 40.0
26 61 85.0 165.0
5 49 95.0 22.0
36 22 14.0 190.0
55 5 144.0 17.0
50 43 97.0 61.0
1 58 155.0 94.0
66 51 56.0 189.0
36 59 177.0 196.0
48 68 38.0 14.0
46 68 130.0 86.0
33 25 75.0 145.0
17 50 54.0 19.0
52 9 73.0 151.0
47 17 88.0 28.0
60 2 42.0 144.0
53 10 137.0 19.0
15 48 128.0 127.0
12 51 186.0 58.0
32 24 152.0 13.0
59 37 103.0 7.0
39 47 148.0 176.0
9 54 27.0 36.0
37 40 30.0 69.0
14 46 183.0 167.0
51 10 47.0 111.0
61 2 150.0 185.0
16 46 99.0 54.0
62 2 0.0 154.0
13 49 32.0 100.0
33 30 13.0 12.0
12 50 151.0 43.0
16 47 99.0 135.0
49 14 70.0 98.0
51 58 150.0 172.0
57 8 120.0 1.0
17 44 164.0 72.0
37 17 123.0 149.0
30 34 187.0 136.0
52 8 68.0 139.0
54 66 105.0 168.0
65 38 145.0 127.0
15 45 191.0 95.0
31 44 119.0 63.0
17 43 40.0 84.0
54 7 25.0 163.0
25 38 92.0 13.0
32 33 79.0 161.0
39 23 106.0 136.0
2 58 105.0 3.0
10 47 194.0 97.0
61 53 101.0 114.0
37 26 12.0 141.0
38 24 33.0 37.0
47 38 141.0 125.0
60 25 140.0 172.0
48 16 171.0 47.0
35 28 191.0 76.0
12 39 151.0 185.0
45 18 38.0 53.0
40 19 184.0 2.0
38 68 160.0 17.0
22 40 100.0 53.0
12 69 53.0 193.0
28 36 161.0 24.0
38 23 47.0 104.0
29 35 168.0 151.0
25 53 190.0 158.0
24 36 106.0 127.0
20 40 193.0 18.0
44 21 125.0 46.0
17 65 87.0 130.0
26 64 129.0 0.0
30 29 88.0 177.0
31 33 86.0 56.0
7 57 186.0 77.0
63 2 30.0 44.0
57 58 44.0 23.0
6 56 88.0 121.0
3 58 147.0 175.0
36 30 67.0 77.0
27 34 177.0 156.0
11 54 170.0 63.0
56 7 9.0 108.0
64 2 101.0 39.0
54 55 7.0 97.0
33 39 1.0 95.0
70 46 130.0 100.0
28 38 182.0 149.0
40 24 69.0 159.0
28 37 1.0 39.0
30 57 115.0 10.0
40 26 125.0 168.0
26 36 5.0 132.0
53 8 8.0 158.0
34 32 1.0 138.0
29 32 172.0 135.0
42 59 15.0 41.0
38 19 39.0 168.0
24 71 90.0 107.0
5 61 102.0 15.0
24 39 128.0 107.0
47 20 129.0 137.0
27 35 113.0 82.0
1 64 13.0 37.0
27 40 35.0 28.0
52 15 101.0 75.0
16 60 13.0 143.0
50 14 102.0 115.0
21 68 87.0 31.0
1 71 69.0 168.0
8 56 63.0 135.0
22 45 82.0 76.0
67 14 171.0 70.0
55 8 85.0 72.0
18 49 88.0 98.0
60 8 86.0 143.0
57 61 84.0 126.0
50 16 89.0 154.0
24 41 164.0 104.0
24 37 169.0 199.0
32 25 194.0 92.0
43 24 197.0 80.0
37 29 162.0 37.0
52 17 188.0 0.0
9 48 0.0 72.0
58 41 70.0 42.0
12 56 33.0 186.0
6 58 20.0 154.0
10 56 124.0 166.0
15 51 48.0 73.0
12 53 177.0 10.0
59 5 198.0 117.0
60 1 14.0 150.0
23 44 187.0 84.0
60 6 122.0 172.0
17 49 166.0 94.0
52 16 136.0 43.0
5 60 92.0 184.0
60 68 71.0 69.0
10 57 102.0 21.0
51 17 199.0 68.0
54 14 7.0 139.0
7 53 134.0 129.0
39 26 11.0 53.0
58 8 198.0 99.0
27 41 192.0 90.0
70 61 43.0 15.0
54 8 129.0 145.0
41 26 75.0 128.0
24 16 44.0 82.0
20 42 169.0 130.0
11 52 126.0 132.0
6 61 196.0 76.0
42 68 2.0 140.0
17 70 80.0 45.0
13 55 150.0 161.0
36 33 26.0 26.0
60 62 40.0 22.0
32 36 162.0 161.0
44 26 23.0 40.0
21 48 96.0 19.0
5 63 18.0 98.0
31 37 57.0 98.0
43 26 147.0 8.0
38 32 162.0 125.0
30 37 70.0 154.0
65 22 43.0 185.0
54 17 140.0 67.0
6 64 82.0 188.0
47 21 64.0 101.0
59 11 172.0 122.0
58 4 16.0 119.0
5 64 114.0 178.0
7 60 147.0 137.0
55 15 63.0 190.0
6 70 146.0 3.0
29 38 94.0 28.0
30 39 164.0 158.0
39 31 148.0 89.0
29 42 134.0 164.0
29 34 148.0 1.0
45 26 129.0 95.0
62 20 63.0 192.0
35 22 191.0 9.0
40 31 122.0 37.0
4 65 56.0 38.0
47 25 95.0 156.0
42 31 93.0 29.0
51 20 96.0 193.0
4 63 84.0 177.0
38 31 126.0 148.0
12 57 160.0 118.0
37 33 171.0 34.0
45 8 36.0 179.0
7 64 88.0 83.0
58 12 79.0 181.0
51 21 119.0 175.0
45 27 47.0 4.0
5 66 95.0 173.0
61 7 161.0 8.0
37 34 158.0 84.0
57 15 68.0 146.0
38 27 64.0 108.0
29 40 45.0 143.0
56 16 137.0 116.0
40 66 2.0 184.0
14 57 38.0 49.0
69 2 56.0 199.0
32 40 119.0 14.0
45 24 2.0 139.0
61 48 140.0 66.0
62 9 59.0 137.0
37 35 159.0 196.0
23 40 103.0 113.0
18 54 146.0 141.0
10 59 176.0 2.0
34 62 25.0 47.0
30 41 24.0 27.0
59 8 125.0 117.0
1 70 190.0 184.0
70 3 35.0 101.0
42 26 57.0 138.0
64 40 156.0 4.0
40 25 98.0 132.0
61 11 57.0 123.0
49 22 154.0 34.0
68 3 155.0 31.0
59 9 66.0 97.0
55 17 115.0 53.0
64 8 148.0 172.0
3 69 97.0 105.0
21 52 62.0 147.0
62 10 192.0 72.0
41 32 74.0 98.0
47 67 166.0 181.0
66 3 147.0 32.0
52 22 48.0 62.0
24 46 2.0 148.0
44 70 98.0 51.0
29 43 68.0 161.0
49 31 98.0 13.0
51 23 52.0 124.0
44 27 89.0 18.0
40 34 19.0 189.0
49 25 69.0 19.0
13 59 50.0 23.0
69 30 72.0 100.0
20 49 198.0 93.0
65 8 89.0 49.0
46 26 162.0 141.0
66 62 22.0 4.0
11 63 155.0 194.0
24 48 83.0 24.0
22 50 59.0 85.0
19 54 4.0 83.0
59 14 197.0 155.0
47 26 52.0 39.0
27 46 16.0 14.0
38 37 159.0 39.0
71 4 8.0 67.0
65 58 36.0 43.0
53 23 70.0 47.0
21 61 64.0 75.0
66 7 141.0 14.0
48 54 19.0 193.0
56 17 182.0 36.0
29 46 94.0 93.0
57 23 114.0 54.0
48 25 47.0 150.0
16 58 42.0 70.0
9 64 187.0 107.0
35 33 65.0 128.0
13 61 15.0 84.0
40 36 116.0 149.0
22 54 111.0 162.0
32 7 111.0 26.0
41 33 42.0 111.0
43 31 6.0 85.0
38 49 5.0 193.0
37 32 95.0 22.0
63 26 85.0 110.0
47 29 78.0 2.0
38 62 162.0 142.0
3 65 198.0 26.0
26 49 174.0 41.0
62 12 148.0 180.0
30 47 39.0 105.0
5 67 50.0 134.0
63 34 164.0 136.0
46 30 15.0 195.0
54 23 139.0 130.0
47 27 153.0 138.0
45 25 163.0 80.0
68 7 183.0 111.0
17 58 89.0 174.0
58 9 80.0 139.0
66 10 17.0 45.0
64 11 20.0 32.0
69 4 186.0 111.0
10 63 163.0 91.0
61 15 93.0 78.0
24 52 122.0 28.0
39 37 4.0 11.0
70 58 71.0 85.0
34 43 143.0 40.0
53 3 3.0 115.0
53 19 57.0 141.0
20 56 113.0 173.0
44 32 188.0 158.0
55 21 6.0 110.0
30 45 156.0 11.0
5 65 153.0 179.0
68 18 156.0 49.0
8 68 182.0 111.0
62 15 124.0 40.0
35 43 40.0 37.0
63 14 65.0 28.0
65 11 28.0 24.0
68 12 139.0 184.0
65 14 165.0 92.0
45 62 177.0 73.0
70 20 105.0 112.0
51 25 72.0 29.0
20 54 189.0 113.0
59 18 52.0 7.0
10 67 99.0 80.0
48 23 53.0 38.0
25 52 65.0 170.0
28 45 138.0 195.0
71 5 15.0 44.0
33 44 80.0 39.0
65 36 162.0 21.0
50 40 134.0 166.0
68 11 29.0 185.0
63 17 195.0 82.0
53 24 139.0 60.0
41 37 26.0 30.0
41 34 77.0 41.0
63 15 199.0 157.0
68 10 135.0 161.0
61 18 123.0 21.0
36 45 142.0 152.0
48 30 146.0 137.0
58 13 39.0 37.0
32 23 24.0 65.0
39 53 97.0 101.0
67 21 29.0 96.0
38 42 53.0 117.0
64 15 169.0 176.0
31 46 184.0 111.0
62 13 59.0 82.0
68 41 108.0 98.0
60 19 185.0 84.0
62 17 19.0 34.0
40 71 43.0 48.0
70 9 86.0 48.0
71 9 57.0 55.0
63 25 126.0 194.0
61 16 71.0 185.0
23 55 192.0 131.0
63 18 79.0 177.0
61 27 55.0 98.0
57 43 42.0 98.0
25 56 24.0 80.0
30 51 181.0 81.0
45 34 127.0 59.0
61 20 4.0 198.0
57 16 137.0 196.0
33 42 51.0 168.0
6 67 38.0 106.0
21 57 132.0 32.0
20 59 178.0 156.0
29 52 7.0 112.0
49 15 121.0 134.0
19 62 153.0 126.0
47 28 111.0 42.0
61 17 192.0 115.0
34 44 145.0 182.0
24 54 33.0 29.0
23 46 79.0 163.0
70 13 193.0 87.0
21 54 167.0 115.0
65 16 72.0 73.0
57 25 171.0 183.0
10 70 106.0 164.0
20 60 154.0 51.0
37 43 144.0 139.0
23 60 147.0 23.0
44 37 177.0 140.0
36 43 94.0 96.0
9 65 20.0 166.0
24 58 163.0 191.0
17 42 176.0 69.0
31 50 71.0 130.0
60 22 125.0 15.0
63 19 53.0 72.0
24 56 89.0 30.0
59 24 20.0 183.0
12 70 133.0 40.0
26 55 154.0 96.0
60 30 49.0 82.0
65 30 97.0 120.0
28 54 109.0 22.0
31 53 131.0 162.0
47 33 78.0 20.0
17 66 72.0 51.0
47 36 58.0 158.0
52 31 71.0 13.0
55 24 115.0 120.0
41 43 197.0 164.0
69 13 110.0 58.0
65 18 91.0 41.0
22 57 142.0 121.0
31 51 24.0 166.0
39 46 195.0 83.0
70 7 7.0 66.0
23 58 59.0 75.0
26 50 12.0 57.0
69 14 10.0 123.0
48 34 6.0 101.0
32 48 50.0 100.0
42 49 115.0 27.0
51 22 26.0 111.0
54 44 109.0 186.0
66 14 48.0 169.0
33 50 182.0 61.0
35 45 182.0 145.0
19 64 134.0 140.0
42 41 73.0 137.0
25 59 3.0 188.0
55 29 192.0 182.0
27 56 97.0 101.0
16 68 89.0 98.0
34 49 142.0 24.0
46 38 51.0 76.0
56 30 93.0 138.0
23 61 117.0 166.0
13 64 121.0 73.0
15 66 139.0 113.0
31 55 108.0 188.0
51 34 85.0 149.0
67 16 196.0 179.0
64 18 14.0 48.0
37 55 33.0 107.0
20 65 156.0 103.0
58 50 193.0 29.0
71 16 6.0 84.0
31 57 49.0 66.0
37 48 61.0 87.0
47 37 35.0 9.0
62 24 50.0 49.0
24 50 112.0 83.0
56 29 169.0 68.0
45 41 145.0 162.0
32 61 156.0 103.0
39 43 135.0 5.0
70 19 30.0 148.0
27 50 137.0 65.0
56 33 67.0 187.0
70 18 109.0 179.0
28 57 75.0 78.0
59 27 145.0 173.0
9 68 63.0 53.0
52 36 191.0 151.0
64 20 118.0 21.0
60 56 129.0 55.0
7 63 129.0 148.0
37 49 129.0 190.0
53 34 81.0 157.0
66 20 156.0 178.0
68 71 60.0 171.0
64 23 96.0 51.0
40 46 135.0 14.0
28 58 120.0 64.0
43 66 136.0 1.0
64 61 75.0 17.0
61 40 128.0 108.0
53 56 167.0 84.0
15 71 111.0 179.0
18 67 56.0 159.0
34 54 174.0 191.0
68 14 67.0 95.0
42 47 168.0 155.0
15 68 3.0 44.0
69 22 107.0 83.0
54 36 12.0 26.0
49 41 9.0 75.0
65 25 52.0 65.0
48 57 12.0 27.0
40 47 189.0 79.0
54 29 10.0 157.0
51 33 10.0 166.0
59 29 153.0 69.0
58 31 48.0 165.0
67 19 147.0 57.0
32 57 141.0 151.0
65 23 147.0 105.0
51 40 23.0 88.0
50 46 82.0 185.0
65 26 113.0 44.0
42 43 74.0 66.0
39 51 16.0 122.0
23 63 52.0 115.0
34 47 87.0 145.0
71 43 49.0 186.0
67 24 63.0 72.0
65 24 127.0 98.0
47 44 66.0 40.0
59 22 18.0 140.0
21 69 66.0 34.0
55 62 102.0 70.0
66 25 165.0 190.0
33 59 63.0 166.0
37 54 27.0 126.0
61 45 114.0 106.0
60 27 175.0 181.0
32 52 197.0 194.0
48 28 137.0 15.0
36 56 2.0 40.0
61 29 129.0 119.0
36 53 65.0 192.0
25 69 29.0 44.0
56 35 118.0 144.0
25 68 4.0 93.0
62 25 142.0 154.0
70 23 6.0 80.0
22 67 165.0 8.0
66 26 164.0 46.0
47 64 193.0 182.0
60 46 60.0 22.0
52 40 25.0 178.0
36 42 50.0 182.0
63 28 187.0 144.0
38 56 169.0 193.0
23 68 102.0 86.0
52 39 148.0 19.0
66 27 136.0 93.0
28 60 156.0 196.0
58 32 86.0 134.0
16 69 117.0 88.0
47 48 165.0 104.0
41 53 9.0 134.0
66 28 186.0 64.0
52 41 181.0 86.0
56 40 15.0 118.0
46 48 186.0 172.0
69 20 143.0 72.0
37 45 82.0 12.0
48 43 106.0 47.0
42 46 71.0 115.0
36 57 13.0 9.0
60 32 2.0 146.0
28 65 27.0 18.0
56 37 124.0 166.0
58 35 126.0 19.0
56 48 48.0 160.0
57 64 168.0 106.0
47 41 0.0 191.0
38 57 71.0 165.0
51 43 27.0 74.0
43 52 59.0 6.0
58 39 138.0 135.0
44 53 66.0 16.0
63 27 188.0 66.0
34 61 29.0 108.0
35 61 2.0 181.0
38 55 51.0 74.0
31 64 187.0 30.0
38 59 130.0 199.0
33 48 124.0 68.0
40 43 130.0 142.0
71 28 51.0 71.0
50 45 77.0 80.0
58 38 130.0 80.0
55 42 172.0 133.0
40 57 46.0 111.0
35 50 113.0 128.0
53 43 86.0 189.0
41 56 148.0 16.0
71 27 71.0 199.0
71 52 98.0 148.0
60 26 159.0 180.0
24 66 140.0 131.0
41 54 181.0 138.0
32 49 150.0 46.0
44 52 150.0 188.0
39 55 57.0 50.0
51 45 15.0 80.0
45 40 32.0 65.0
63 32 48.0 143.0
59 35 93.0 140.0
62 37 125.0 26.0
52 42 64.0 75.0
26 70 131.0 14.0
18 66 168.0 140.0
66 29 5.0 135.0
36 64 163.0 189.0
30 70 61.0 163.0
49 47 178.0 106.0
61 42 184.0 56.0
39 61 170.0 0.0
60 38 71.0 101.0
61 49 155.0 191.0
62 32 16.0 160.0
30 66 27.0 180.0
35 64 143.0 40.0
49 50 38.0 73.0
34 64 188.0 175.0
69 32 64.0 110.0
68 30 30.0 87.0
42 53 67.0 185.0
32 65 34.0 84.0
40 63 135.0 13.0
58 42 167.0 30.0
55 41 183.0 157.0
43 55 102.0 124.0
57 44 106.0 118.0
36 66 3.0 89.0
49 63 191.0 70.0
54 45 74.0 177.0
61 41 138.0 10.0
58 43 197.0 105.0
66 39 34.0 133.0
8 70 159.0 88.0
71 23 41.0 17.0
59 44 0.0 44.0
31 65 57.0 191.0
71 31 0.0 131.0
44 61 109.0 138.0
68 32 30.0 58.0
54 46 4.0 16.0
48 36 44.0 163.0
49 52 28.0 85.0
32 71 172.0 28.0
69 36 26.0 29.0
46 58 5.0 26.0
52 50 140.0 66.0
31 67 17.0 171.0
49 55 116.0 173.0
66 37 60.0 160.0
69 40 61.0 89.0
51 52 85.0 34.0
45 66 134.0 111.0
57 51 183.0 91.0
68 34 166.0 123.0
45 59 150.0 135.0
69 34 182.0 66.0
40 60 123.0 195.0
46 56 161.0 185.0
55 52 99.0 46.0
65 40 115.0 185.0
33 66 6.0 98.0
69 38 68.0 172.0
67 43 6.0 18.0
12 61 69.0 140.0
59 32 145.0 144.0
53 46 181.0 58.0
61 43 191.0 80.0
67 34 165.0 106.0
45 64 129.0 171.0
58 53 197.0 149.0
51 55 73.0 155.0
50 59 21.0 94.0
71 63 59.0 166.0
62 42 125.0 192.0
67 32 197.0 116.0
56 49 184.0 162.0
47 55 11.0 65.0
44 55 134.0 9.0
70 37 91.0 160.0
65 45 148.0 112.0
57 67 166.0 159.0
39 70 38.0 43.0
53 50 64.0 36.0
67 39 119.0 0.0
41 63 168.0 130.0
57 52 70.0 103.0
71 34 172.0 162.0
50 57 115.0 72.0
41 60 15.0 33.0
44 64 109.0 6.0
56 19 176.0 126.0
70 36 132.0 95.0
48 63 32.0 101.0
60 35 77.0 54.0
58 52 192.0 49.0
39 65 4.0 59.0
63 45 40.0 171.0
53 57 11.0 101.0
48 59 68.0 187.0
61 52 154.0 152.0
69 43 177.0 138.0
44 66 36.0 54.0
59 51 108.0 29.0
70 43 35.0 64.0
65 47 157.0 27.0
50 61 88.0 169.0
47 66 166.0 108.0
51 60 51.0 120.0
65 43 84.0 28.0
55 59 115.0 120.0
58 37 19.0 175.0
35 71 27.0 6.0
57 54 144.0 136.0
62 53 21.0 184.0
50 65 5.0 187.0
41 69 28.0 8.0
70 47 24.0 64.0
42 69 111.0 91.0
64 48 28.0 130.0
68 44 37.0 7.0
51 54 187.0 133.0
54 59 15.0 8.0
60 53 77.0 172.0
70 45 29.0 57.0
38 66 190.0 5.0
58 59 145.0 102.0
65 42 174.0 126.0
45 67 194.0 163.0
64 50 183.0 181.0
67 44 138.0 150.0
49 64 1.0 15.0
69 47 24.0 182.0
65 52 53.0 166.0
64 65 199.0 151.0
64 55 78.0 125.0
67 41 144.0 24.0
55 63 161.0 127.0
63 50 94.0 51.0
52 64 160.0 47.0
58 64 37.0 184.0
62 46 5.0 42.0
56 61 128.0 157.0
51 69 185.0 6.0
65 21 117.0 81.0
31 36 144.0 30.0
56 50 142.0 38.0
57 65 142.0 102.0
60 57 141.0 179.0
68 45 63.0 99.0
67 56 189.0 191.0
48 66 118.0 126.0
50 68 72.0 35.0
59 53 109.0 17.0
60 59 199.0 51.0
54 67 17.0 93.0
71 46 35.0 111.0
71 39 164.0 99.0
66 61 60.0 106.0
58 63 172.0 178.0
54 65 63.0 44.0
59 57 83.0 172.0
68 66 18.0 34.0
57 70 127.0 188.0
63 68 149.0 163.0
42 66 31.0 65.0
69 64 144.0 91.0
67 53 100.0 68.0
54 64 172.0 115.0
58 45 99.0 7.0
70 51 48.0 70.0
66 58 25.0 175.0
70 53 74.0 174.0
59 43 9.0 105.0
67 46 71.0 105.0
56 45 110.0 171.0
69 70 117.0 34.0
53 66 142.0 169.0
63 62 109.0 142.0
71 51 14.0 134.0
59 64 112.0 88.0
71 67 167.0 73.0
48 67 16.0 38.0
70 25 144.0 126.0
54 69 126.0 13.0
71 59 191.0 20.0
39 56 78.0 52.0
69 62 191.0 92.0
20 21 51.0 104.0
71 56 123.0 18.0
68 62 13.0 139.0
57 71 169.0 109.0
43 63 85.0 47.0
33 53 87.0 28.0
50 69 164.0 165.0
67 65 19.0 156.0
56 68 172.0 71.0
69 44 98.0 47.0
66 57 171.0 63.0
67 42 134.0 92.0
59 67 57.0 19.0
32 11 91.0 96.0
49 28 101.0 56.0
69 66 118.0 120.0
29 71 13.0 42.0
69 46 139.0 63.0
49 66 183.0 110.0
69 60 100.0 69.0
49 65 53.0 109.0
61 55 169.0 144.0
62 65 44.0 22.0
66 50 36.0 114.0
67 68 175.0 2.0
33 67 130.0 114.0
61 67 44.0 65.0
36 20 74.0 144.0
56 63 15.0 79.0
49 68 32.0 136.0
61 68 141.0 28.0
28 62 140.0 129.0
49 43 58.0 68.0
71 61 93.0 188.0
1 2 139.0 138.0
1 32 17.0 166.0
61 60 52.0 184.0
70 67 198.0 84.0
71 66 86.0 91.0
69 55 162.0 178.0
62 67 53.0 20.0
63 59 188.0 146.0
11 15 8.0 80.0
14 64 111.0 26.0
35 67 17.0 164.0
38 54 115.0 167.0
70 24 120.0 1.0
60 64 134.0 34.0
69 68 7.0 139.0
68 65 133.0 148.0
65 70 145.0 93.0
0
