72 2556 56 71 102829
35 2 102.0 42.0
31 51 127.0 196.0
22 3 98.0 161.0
64 17 77.0 134.0
53 70 88.0 132.0
57 22 37.0 93.0
20 42 191.0 105.0
18 33 187.0 120.0
50 12 103.0 41.0
6 31 186.0 30.0
6 7 95.0 36.0
65 43 141.0 124.0
41 9 112.0 181.0
46 35 161.0 149.0
5 71 13.0 152.0
47 65 32.0 152.0
20 3 136.0 135.0
33 55 32.0 74.0
31 15 30.0 127.0
58 28 73.0 123.0
36 66 24.0 137.0
28 7 199.0 185.0
6 66 123.0 12.0
59 30 5.0 107.0
32 68 199.0 142.0
66 1 127.0 31.0
16 63 64.0 109.0
18 2 76.0 89.0
67 11 125.0 100.0
17 23 61.0 125.0
16 26 193.0 185.0
55 69 69.0 199.0
8 30 152.0 20.0
30 20 92.0 79.0
10 30 26.0 156.0
47 22 64.0 102.0
32 60 40.0 141.0
10 35 72.0 101.0
61 7 114.0 66.0
10 3 122.0 184.0
15 21 123.0 75.0
57 43 121.0 168.0
16 53 21.0 148.0
3 35 97.0 37.0
22 68 150.0 137.0
46 16 105.0 175.0
22 2 64.0 20.0
59 53 72.0 139.0
17 31 120.0 147.0
17 36 120.0 194.0
33 7 66.0 141.0
57 12 54.0 163.0
23 14 59.0 156.0
29 68 25.0 165.0
13 26 134.0 42.0
6 38 5.0 158.0
12 19 19.0 126.0
54 49 165.0 139.0
71 26 62.0 183.0
53 52 178.0 68.0
65 2 148.0 189.0
13 59 33.0 173.0
12 40 184.0 119.0
4 10 95.0 142.0
17 5 61.0 67.0
69 63 106.0 179.0
16 51 59.0 120.0
30 46 165.0 37.0
47 28 122.0 65.0
30 48 177.0 107.0
15 12 59.0 113.0
10 72 97.0 106.0
20 54 167.0 110.0
45 66 75.0 25.0
61 11 169.0 135.0
56 45 149.0 87.0
16 57 189.0 23.0
32 4 54.0 166.0
15 8 71.0 113.0
8 20 114.0 120.0
18 31 77.0 82.0
41 60 28.0 104.0
70 40 188.0 197.0
13 45 171.0 89.0
30 58 84.0 160.0
13 1 10.0 90.0
15 36 197.0 81.0
72 34 120.0 111.0
8 10 55.0 149.0
14 30 106.0 35.0
70 10 113.0 95.0
54 33 162.0 84.0
18 30 197.0 199.0
52 58 33.0 159.0
38 25 20.0 30.0
2 55 129.0 92.0
8 34 140.0 136.0
63 37 43.0 47.0
46 39 130.0 108.0
15 42 184.0 93.0
15 45 113.0 181.0
30 54 178.0 147.0
22 50 79.0 198.0
48 59 159.0 8.0
20 25 34.0 51.0
61 67 177.0 29.0
49 19 79.0 108.0
4 34 73.0 63.0
22 53 130.0 186.0
50 14 175.0 109.0
8 68 86.0 54.0
55 63 89.0 197.0
15 18 131.0 123.0
12 34 148.0 108.0
52 33 126.0 27.0
10 51 22.0 199.0
31 26 128.0 153.0
56 63 86.0 103.0
58 22 127.0 172.0
12 59 185.0 17.0
20 61 22.0 68.0
38 2 192.0 170.0
50 62 123.0 70.0
40 30 30.0 145.0
56 35 134.0 110.0
25 46 90.0 20.0
11 49 149.0 169.0
51 43 37.0 134.0
48 12 132.0 60.0
29 39 181.0 77.0
29 60 123.0 56.0
34 35 32.0 153.0
69 32 21.0 166.0
5 3 102.0 63.0
51 33 149.0 3.0
4 3 154.0 138.0
30 31 177.0 86.0
70 36 65.0 158.0
40 8 136.0 188.0
42 31 77.0 168.0
5 2 90.0 98.0
9 42 58.0 144.0
3 37 69.0 159.0
55 19 83.0 175.0
49 22 133.0 60.0
2 67 192.0 198.0
2 52 58.0 80.0
26 49 46.0 136.0
71 59 62.0 88.0
29 42 198.0 120.0
6 1 123.0 19.0
35 27 130.0 6.0
5 12 136.0 64.0
53 47 126.0 80.0
26 33 90.0 184.0
25 9 46.0 137.0
12 26 63.0 108.0
67 14 47.0 61.0
14 41 143.0 170.0
11 65 33.0 25.0
67 50 135.0 170.0
41 67 9.0 61.0
28 46 123.0 52.0
71 30 33.0 170.0
71 7 81.0 96.0
20 38 24.0 128.0
22 44 167.0 119.0
36 18 78.0 152.0
8 11 90.0 13.0
6 43 88.0 52.0
16 49 45.0 11.0
22 6 163.0 30.0
13 47 127.0 196.0
28 38 32.0 104.0
25 24 59.0 199.0
41 57 155.0 137.0
67 15 151.0 197.0
57 2 152.0 191.0
9 8 102.0 149.0
57 13 4.0 18.0
3 23 102.0 132.0
4 29 171.0 134.0
68 63 180.0 31.0
63 25 16.0 135.0
10 7 47.0 120.0
63 8 191.0 151.0
59 46 155.0 94.0
2 41 43.0 159.0
63 60 122.0 145.0
32 33 43.0 93.0
14 1 156.0 23.0
70 23 116.0 124.0
9 6 128.0 163.0
69 20 22.0 120.0
9 31 1.0 177.0
15 26 60.0 196.0
13 23 116.0 182.0
55 29 44.0 159.0
1 23 149.0 152.0
45 37 38.0 65.0
26 14 77.0 119.0
49 72 16.0 51.0
46 62 35.0 17.0
15 22 154.0 95.0
44 55 185.0 70.0
27 46 114.0 29.0
12 54 111.0 64.0
19 18 179.0 102.0
31 70 110.0 8.0
13 44 17.0 78.0
33 72 14.0 4.0
38 12 120.0 169.0
10 64 43.0 106.0
54 56 136.0 158.0
54 31 127.0 0.0
48 7 70.0 58.0
4 11 135.0 132.0
54 52 174.0 104.0
51 21 119.0 188.0
48 54 97.0 40.0
62 51 122.0 92.0
50 27 102.0 10.0
1 3 184.0 181.0
9 48 35.0 54.0
2 59 191.0 122.0
38 3 56.0 117.0
23 50 102.0 175.0
2 15 116.0 151.0
42 36 99.0 38.0
11 1 22.0 153.0
36 56 123.0 6.0
47 29 40.0 159.0
16 58 148.0 183.0
61 5 2.0 4.0
70 21 124.0 104.0
5 8 61.0 40.0
4 23 97.0 112.0
56 42 90.0 119.0
41 31 31.0 13.0
59 37 41.0 71.0
39 55 122.0 190.0
59 43 15.0 76.0
63 38 122.0 140.0
5 45 191.0 135.0
6 12 194.0 88.0
17 49 17.0 36.0
23 10 32.0 48.0
14 2 188.0 74.0
6 57 135.0 62.0
43 67 185.0 102.0
32 67 12.0 59.0
56 67 90.0 155.0
42 21 9.0 36.0
13 33 98.0 178.0
42 3 103.0 130.0
10 29 30.0 91.0
29 18 31.0 117.0
6 8 67.0 168.0
1 17 141.0 31.0
3 12 22.0 183.0
64 20 43.0 183.0
68 11 69.0 141.0
13 24 142.0 172.0
69 33 48.0 172.0
50 35 165.0 31.0
7 16 76.0 185.0
59 49 55.0 18.0
20 18 42.0 29.0
38 30 168.0 85.0
40 11 115.0 37.0
51 59 30.0 57.0
35 31 147.0 30.0
65 55 134.0 113.0
14 59 144.0 10.0
51 5 126.0 151.0
39 6 11.0 168.0
35 71 169.0 179.0
9 26 34.0 36.0
3 7 53.0 16.0
61 8 100.0 0.0
6 50 26.0 186.0
36 45 86.0 170.0
66 35 167.0 12.0
56 13 49.0 130.0
27 62 171.0 18.0
12 1 105.0 157.0
45 47 80.0 110.0
6 13 138.0 132.0
41 55 148.0 164.0
44 56 100.0 34.0
34 39 16.0 19.0
51 6 117.0 17.0
67 68 137.0 88.0
26 70 94.0 194.0
44 58 48.0 126.0
49 52 152.0 138.0
34 48 196.0 52.0
15 1 55.0 48.0
69 68 15.0 23.0
4 7 27.0 84.0
28 45 20.0 116.0
42 7 197.0 66.0
3 9 143.0 45.0
13 9 181.0 48.0
56 69 133.0 178.0
28 67 23.0 140.0
63 20 14.0 190.0
52 3 182.0 193.0
47 30 72.0 154.0
53 46 147.0 69.0
7 59 18.0 91.0
67 60 41.0 199.0
56 34 178.0 126.0
29 19 106.0 154.0
54 1 88.0 72.0
4 19 121.0 22.0
64 18 155.0 193.0
7 15 116.0 55.0
2 19 131.0 134.0
22 30 28.0 125.0
64 60 75.0 159.0
23 18 3.0 181.0
18 54 132.0 44.0
16 11 151.0 54.0
19 1 145.0 58.0
2 13 143.0 13.0
4 12 0.0 26.0
42 64 0.0 29.0
6 16 177.0 75.0
14 9 166.0 132.0
7 2 133.0 51.0
20 10 190.0 36.0
9 39 70.0 88.0
25 22 123.0 165.0
34 25 34.0 124.0
32 18 2.0 34.0
14 22 50.0 179.0
30 17 178.0 16.0
25 52 35.0 63.0
5 44 133.0 26.0
27 67 106.0 3.0
16 50 16.0 29.0
18 50 112.0 50.0
67 21 55.0 115.0
42 55 166.0 57.0
71 51 151.0 145.0
46 65 122.0 186.0
37 21 6.0 55.0
15 19 46.0 64.0
4 15 196.0 62.0
16 66 113.0 109.0
14 57 151.0 121.0
39 11 85.0 117.0
5 7 2.0 188.0
72 47 187.0 124.0
18 5 121.0 145.0
30 42 73.0 119.0
18 1 109.0 21.0
64 3 52.0 175.0
59 9 33.0 3.0
5 14 135.0 70.0
72 59 14.0 137.0
33 22 27.0 153.0
3 16 85.0 101.0
36 29 18.0 110.0
27 13 153.0 79.0
15 71 25.0 158.0
2 11 81.0 10.0
7 14 26.0 16.0
43 18 26.0 192.0
3 15 62.0 54.0
13 4 8.0 99.0
32 51 130.0 178.0
63 2 108.0 35.0
1 2 14.0 85.0
36 72 45.0 95.0
40 24 169.0 23.0
57 65 86.0 196.0
11 35 14.0 100.0
54 17 132.0 174.0
67 65 104.0 14.0
11 51 74.0 164.0
68 19 6.0 40.0
34 17 177.0 4.0
40 60 120.0 98.0
52 15 165.0 6.0
65 60 53.0 132.0
1 9 69.0 138.0
12 33 125.0 125.0
11 66 6.0 199.0
28 24 141.0 164.0
40 1 31.0 70.0
5 49 199.0 103.0
8 38 111.0 165.0
41 66 27.0 165.0
16 2 22.0 48.0
8 46 66.0 147.0
56 19 58.0 72.0
43 69 121.0 151.0
70 38 9.0 152.0
31 24 109.0 8.0
62 38 37.0 20.0
16 4 186.0 17.0
17 66 0.0 8.0
18 6 6.0 18.0
8 2 48.0 16.0
71 41 187.0 170.0
3 8 35.0 196.0
9 12 151.0 144.0
27 30 9.0 188.0
15 54 95.0 195.0
64 12 14.0 47.0
13 3 70.0 172.0
52 37 137.0 118.0
5 65 50.0 77.0
68 66 197.0 85.0
55 15 17.0 100.0
60 1 1.0 26.0
3 19 21.0 48.0
41 8 192.0 35.0
57 24 171.0 62.0
60 37 56.0 61.0
30 67 40.0 106.0
10 1 98.0 189.0
46 2 72.0 115.0
7 13 175.0 26.0
11 43 194.0 148.0
67 16 138.0 186.0
2 20 42.0 110.0
22 4 10.0 50.0
14 61 128.0 50.0
20 40 25.0 178.0
57 30 9.0 97.0
27 36 4.0 137.0
8 14 24.0 151.0
21 1 115.0 114.0
43 41 175.0 109.0
44 64 112.0 185.0
52 36 119.0 41.0
19 36 58.0 96.0
9 16 155.0 67.0
6 17 123.0 160.0
6 15 63.0 99.0
12 10 90.0 178.0
23 33 89.0 17.0
1 16 19.0 154.0
46 12 119.0 90.0
47 59 135.0 177.0
68 14 56.0 91.0
11 13 147.0 179.0
11 23 66.0 10.0
5 30 34.0 109.0
62 71 132.0 75.0
26 46 174.0 103.0
57 42 95.0 46.0
44 16 71.0 30.0
29 50 78.0 127.0
1 8 142.0 25.0
42 37 133.0 161.0
66 15 62.0 167.0
29 12 133.0 146.0
57 51 1.0 108.0
36 59 135.0 48.0
18 47 54.0 6.0
41 70 132.0 84.0
18 3 186.0 75.0
34 45 178.0 71.0
3 24 62.0 192.0
51 28 58.0 148.0
6 25 144.0 59.0
27 68 195.0 79.0
59 54 42.0 49.0
68 62 171.0 126.0
60 2 196.0 109.0
46 6 55.0 127.0
45 32 6.0 118.0
3 51 7.0 64.0
3 53 140.0 152.0
48 72 73.0 135.0
70 50 96.0 67.0
39 59 169.0 19.0
60 50 41.0 166.0
71 38 186.0 96.0
5 6 127.0 144.0
57 9 58.0 134.0
61 47 20.0 198.0
63 7 43.0 45.0
56 66 45.0 91.0
68 47 6.0 15.0
24 38 157.0 47.0
3 17 142.0 95.0
23 16 47.0 69.0
25 29 84.0 105.0
19 17 64.0 56.0
23 71 117.0 59.0
8 39 26.0 162.0
14 34 108.0 184.0
71 49 40.0 18.0
65 26 142.0 183.0
21 2 153.0 189.0
65 8 155.0 189.0
40 7 149.0 171.0
21 64 67.0 66.0
46 13 146.0 45.0
63 46 124.0 7.0
6 10 45.0 117.0
27 69 43.0 140.0
33 42 65.0 196.0
65 3 87.0 172.0
25 16 36.0 36.0
7 23 60.0 103.0
52 5 49.0 6.0
66 54 47.0 125.0
55 67 81.0 92.0
63 65 199.0 124.0
9 7 146.0 16.0
20 4 195.0 34.0
20 71 58.0 183.0
38 7 168.0 70.0
11 21 19.0 17.0
19 47 184.0 66.0
58 40 31.0 17.0
32 7 113.0 30.0
24 55 178.0 12.0
43 71 22.0 125.0
13 5 1.0 32.0
11 15 36.0 121.0
35 43 124.0 55.0
5 11 122.0 109.0
5 15 184.0 153.0
5 57 139.0 98.0
14 11 73.0 117.0
53 43 32.0 95.0
47 8 0.0 186.0
22 12 159.0 36.0
55 21 183.0 84.0
55 10 7.0 57.0
64 59 196.0 143.0
43 50 33.0 87.0
32 54 115.0 58.0
24 26 6.0 100.0
49 23 13.0 6.0
50 68 95.0 172.0
32 25 61.0 30.0
50 40 81.0 68.0
43 60 148.0 29.0
38 37 12.0 133.0
8 16 25.0 80.0
33 45 128.0 183.0
6 19 115.0 141.0
25 51 127.0 163.0
19 26 132.0 140.0
10 9 187.0 165.0
13 67 81.0 135.0
47 38 136.0 93.0
29 70 109.0 113.0
58 49 75.0 189.0
22 52 78.0 191.0
46 3 127.0 157.0
44 3 140.0 11.0
27 1 182.0 127.0
11 32 185.0 63.0
69 62 48.0 73.0
3 43 140.0 109.0
35 44 23.0 15.0
5 20 35.0 53.0
57 52 20.0 114.0
54 23 167.0 160.0
39 33 129.0 102.0
64 6 91.0 114.0
11 60 109.0 139.0
30 2 111.0 49.0
61 33 186.0 86.0
16 69 39.0 173.0
64 72 12.0 59.0
38 29 172.0 131.0
5 58 115.0 101.0
6 4 25.0 6.0
67 58 183.0 134.0
59 8 150.0 46.0
41 69 23.0 88.0
9 70 127.0 62.0
70 19 66.0 91.0
17 10 106.0 38.0
57 28 159.0 21.0
51 36 68.0 185.0
21 72 175.0 3.0
17 2 55.0 77.0
47 15 158.0 78.0
12 21 128.0 38.0
39 58 12.0 147.0
57 18 113.0 118.0
62 44 39.0 72.0
23 58 99.0 108.0
58 72 88.0 26.0
50 64 47.0 143.0
3 11 1.0 157.0
26 20 32.0 129.0
22 21 181.0 196.0
55 4 195.0 46.0
47 40 133.0 34.0
25 71 113.0 32.0
13 12 23.0 1.0
2 49 87.0 70.0
54 68 87.0 40.0
16 5 4.0 71.0
55 68 164.0 137.0
71 65 45.0 159.0
48 10 87.0 178.0
25 59 150.0 1.0
69 3 37.0 173.0
52 20 72.0 76.0
15 53 101.0 159.0
8 12 188.0 57.0
27 44 184.0 152.0
52 48 138.0 29.0
57 32 152.0 177.0
34 11 141.0 54.0
14 52 88.0 179.0
15 64 101.0 160.0
61 1 162.0 154.0
31 5 152.0 150.0
64 23 42.0 137.0
70 71 77.0 132.0
1 25 143.0 30.0
18 4 29.0 85.0
25 65 190.0 117.0
72 62 147.0 91.0
62 63 156.0 109.0
11 20 169.0 108.0
42 22 134.0 163.0
21 32 90.0 12.0
45 19 148.0 185.0
63 39 46.0 177.0
31 39 62.0 37.0
45 57 177.0 161.0
63 40 88.0 133.0
6 21 52.0 9.0
8 18 155.0 186.0
68 23 176.0 197.0
41 32 127.0 124.0
18 9 196.0 173.0
69 19 176.0 58.0
4 52 121.0 154.0
19 32 181.0 10.0
10 44 25.0 33.0
65 20 163.0 132.0
20 1 66.0 91.0
34 9 70.0 145.0
39 24 170.0 66.0
58 37 124.0 147.0
17 70 194.0 46.0
12 11 126.0 175.0
68 65 123.0 103.0
3 21 150.0 39.0
54 51 182.0 168.0
2 4 120.0 53.0
26 40 18.0 43.0
7 11 148.0 143.0
44 46 39.0 142.0
14 31 176.0 117.0
23 61 58.0 52.0
25 68 77.0 160.0
9 19 24.0 60.0
15 9 132.0 96.0
18 10 36.0 150.0
5 9 180.0 184.0
51 56 183.0 172.0
10 2 27.0 112.0
63 21 174.0 38.0
13 8 132.0 51.0
72 32 178.0 108.0
12 14 65.0 110.0
9 46 34.0 101.0
67 31 45.0 14.0
30 51 66.0 180.0
53 61 146.0 45.0
9 52 167.0 120.0
2 9 113.0 52.0
60 17 115.0 92.0
38 27 70.0 132.0
2 12 130.0 104.0
49 7 189.0 127.0
8 4 93.0 7.0
9 4 64.0 39.0
65 16 170.0 32.0
28 1 173.0 35.0
29 56 170.0 89.0
12 16 105.0 192.0
8 33 31.0 35.0
55 11 79.0 20.0
23 12 78.0 172.0
25 36 168.0 142.0
27 3 61.0 90.0
51 14 63.0 34.0
14 60 39.0 185.0
66 34 56.0 144.0
10 37 95.0 88.0
47 37 20.0 175.0
49 28 72.0 50.0
14 3 185.0 192.0
5 4 34.0 46.0
22 5 12.0 49.0
19 10 5.0 3.0
4 53 92.0 14.0
17 9 30.0 139.0
59 67 2.0 3.0
39 54 77.0 74.0
14 4 70.0 14.0
13 62 60.0 56.0
39 42 154.0 24.0
12 45 110.0 112.0
25 15 16.0 154.0
37 6 142.0 46.0
17 42 174.0 145.0
40 52 157.0 51.0
63 66 42.0 179.0
55 36 76.0 102.0
21 24 39.0 183.0
68 64 91.0 149.0
7 8 1.0 107.0
21 7 61.0 143.0
28 41 114.0 187.0
21 31 154.0 23.0
24 20 38.0 196.0
71 52 35.0 66.0
3 26 189.0 74.0
7 17 117.0 32.0
24 12 132.0 70.0
17 14 151.0 193.0
31 69 18.0 17.0
27 34 178.0 124.0
69 10 186.0 168.0
5 43 6.0 21.0
17 4 180.0 147.0
25 12 55.0 50.0
5 23 162.0 188.0
55 14 93.0 114.0
27 20 188.0 111.0
69 61 72.0 118.0
14 63 185.0 11.0
50 17 109.0 191.0
41 19 104.0 41.0
30 44 35.0 112.0
37 5 50.0 197.0
18 56 51.0 95.0
20 32 127.0 40.0
36 47 56.0 0.0
38 44 70.0 41.0
5 10 28.0 179.0
27 37 39.0 84.0
25 13 180.0 26.0
16 13 186.0 30.0
64 31 90.0 189.0
62 22 184.0 17.0
18 11 89.0 192.0
53 26 80.0 111.0
50 11 91.0 60.0
63 57 78.0 82.0
14 53 93.0 58.0
13 17 74.0 31.0
16 62 108.0 116.0
27 31 46.0 92.0
56 61 188.0 87.0
30 63 38.0 20.0
6 3 55.0 81.0
9 28 173.0 85.0
8 57 106.0 19.0
42 19 8.0 181.0
24 34 178.0 68.0
64 9 191.0 24.0
14 6 65.0 131.0
9 11 103.0 55.0
32 17 111.0 110.0
60 52 74.0 85.0
36 1 132.0 180.0
19 50 130.0 92.0
7 12 98.0 108.0
25 37 68.0 89.0
37 53 11.0 85.0
19 11 106.0 114.0
61 25 31.0 170.0
4 24 119.0 105.0
24 63 169.0 3.0
40 57 114.0 51.0
57 64 81.0 13.0
29 23 144.0 149.0
10 13 46.0 155.0
56 6 60.0 105.0
46 4 25.0 91.0
27 22 145.0 144.0
12 68 186.0 66.0
68 7 4.0 101.0
9 21 177.0 85.0
41 11 43.0 74.0
38 46 101.0 42.0
7 25 152.0 161.0
15 29 8.0 177.0
50 26 140.0 105.0
2 25 168.0 127.0
18 7 175.0 172.0
39 50 166.0 104.0
61 51 65.0 162.0
41 37 163.0 118.0
9 22 29.0 67.0
45 70 189.0 37.0
7 20 43.0 130.0
50 42 107.0 12.0
62 49 139.0 34.0
2 28 38.0 57.0
22 60 77.0 103.0
24 23 30.0 192.0
38 60 89.0 11.0
57 49 79.0 79.0
71 2 56.0 122.0
43 47 111.0 115.0
4 25 17.0 2.0
16 52 156.0 55.0
40 15 6.0 185.0
53 10 138.0 189.0
14 25 197.0 179.0
23 2 191.0 76.0
28 3 93.0 199.0
38 11 12.0 156.0
56 55 7.0 181.0
35 45 49.0 115.0
30 1 135.0 7.0
31 61 19.0 25.0
30 62 150.0 17.0
9 20 91.0 141.0
29 14 34.0 184.0
40 62 31.0 46.0
60 21 21.0 38.0
65 18 19.0 22.0
55 23 37.0 155.0
31 1 127.0 56.0
24 1 105.0 77.0
4 27 163.0 196.0
49 21 127.0 149.0
26 29 181.0 158.0
49 53 96.0 154.0
71 34 60.0 116.0
72 16 137.0 97.0
28 43 141.0 65.0
60 39 146.0 46.0
10 11 129.0 62.0
47 12 56.0 57.0
25 5 87.0 189.0
1 22 18.0 136.0
57 37 31.0 30.0
68 57 78.0 169.0
43 19 13.0 171.0
57 66 42.0 160.0
10 16 194.0 171.0
18 37 97.0 2.0
5 40 64.0 136.0
63 33 159.0 34.0
26 1 151.0 190.0
2 26 26.0 182.0
2 42 74.0 40.0
52 65 190.0 116.0
15 16 63.0 136.0
53 19 120.0 112.0
19 5 168.0 184.0
58 11 150.0 127.0
27 70 27.0 101.0
33 1 174.0 5.0
54 46 16.0 48.0
54 5 27.0 6.0
21 40 128.0 43.0
2 36 115.0 48.0
45 41 30.0 83.0
27 6 84.0 132.0
8 25 60.0 111.0
46 22 162.0 187.0
11 28 16.0 178.0
32 1 60.0 43.0
26 6 113.0 140.0
27 45 54.0 180.0
29 32 174.0 84.0
26 17 8.0 58.0
4 26 23.0 69.0
16 33 105.0 185.0
4 60 147.0 121.0
36 54 131.0 159.0
44 20 101.0 196.0
2 29 11.0 156.0
6 20 168.0 185.0
17 15 115.0 128.0
22 11 109.0 90.0
28 5 1.0 166.0
47 41 193.0 148.0
38 53 112.0 76.0
16 17 151.0 166.0
9 51 143.0 162.0
25 10 131.0 63.0
33 49 14.0 198.0
16 18 99.0 75.0
18 14 57.0 100.0
1 29 38.0 51.0
24 5 172.0 103.0
57 54 104.0 123.0
21 13 17.0 0.0
28 6 33.0 149.0
48 20 53.0 199.0
69 35 55.0 152.0
21 5 149.0 65.0
18 13 65.0 140.0
60 68 99.0 37.0
23 9 63.0 156.0
7 22 191.0 80.0
12 70 35.0 176.0
18 17 69.0 88.0
67 17 70.0 76.0
8 19 96.0 172.0
2 32 5.0 161.0
68 31 171.0 56.0
63 61 68.0 186.0
17 51 148.0 59.0
49 36 129.0 183.0
68 48 118.0 150.0
64 27 107.0 140.0
33 41 129.0 155.0
41 38 83.0 86.0
15 14 186.0 6.0
12 49 132.0 54.0
26 8 59.0 80.0
37 8 64.0 188.0
55 51 53.0 134.0
14 13 36.0 112.0
2 6 115.0 166.0
57 61 156.0 151.0
9 24 7.0 94.0
23 69 161.0 139.0
54 44 113.0 20.0
2 33 24.0 177.0
19 64 118.0 77.0
11 70 29.0 107.0
5 26 145.0 144.0
38 40 177.0 53.0
14 44 107.0 184.0
8 24 108.0 68.0
7 1 80.0 21.0
28 4 2.0 56.0
71 46 104.0 120.0
59 4 34.0 133.0
53 71 82.0 179.0
38 17 82.0 59.0
4 36 26.0 189.0
71 18 164.0 86.0
18 21 1.0 196.0
44 45 25.0 3.0
18 61 115.0 130.0
20 17 108.0 149.0
62 26 123.0 190.0
42 66 197.0 157.0
45 68 114.0 23.0
29 71 62.0 30.0
19 59 133.0 63.0
30 3 71.0 158.0
72 57 150.0 186.0
2 31 53.0 58.0
41 17 34.0 128.0
26 47 45.0 31.0
58 63 197.0 111.0
61 38 190.0 59.0
19 13 101.0 123.0
23 19 141.0 124.0
19 31 34.0 91.0
47 39 118.0 88.0
71 17 152.0 104.0
7 72 143.0 149.0
17 11 114.0 141.0
6 30 26.0 105.0
68 5 73.0 79.0
7 27 193.0 166.0
9 27 168.0 27.0
8 21 62.0 39.0
37 64 90.0 14.0
10 15 125.0 186.0
34 32 131.0 39.0
2 24 163.0 109.0
13 20 195.0 188.0
2 44 163.0 188.0
24 10 125.0 132.0
44 60 71.0 187.0
4 33 97.0 162.0
63 5 47.0 174.0
36 71 162.0 130.0
15 33 43.0 125.0
5 29 78.0 39.0
7 29 186.0 41.0
52 6 31.0 111.0
9 67 115.0 102.0
53 1 26.0 164.0
3 31 47.0 25.0
66 21 71.0 10.0
53 40 33.0 115.0
18 67 126.0 63.0
62 17 177.0 112.0
3 29 30.0 8.0
3 71 134.0 145.0
72 71 195.0 161.0
66 51 58.0 43.0
8 27 146.0 129.0
33 3 198.0 179.0
31 59 132.0 124.0
20 14 33.0 61.0
21 46 142.0 63.0
60 42 162.0 77.0
56 7 176.0 158.0
22 8 23.0 34.0
23 60 2.0 121.0
41 22 62.0 152.0
24 22 98.0 194.0
51 72 182.0 131.0
61 52 112.0 77.0
21 19 83.0 74.0
41 1 72.0 59.0
42 6 143.0 47.0
32 3 24.0 146.0
7 35 21.0 87.0
9 30 97.0 120.0
17 12 69.0 32.0
1 38 10.0 181.0
24 17 159.0 93.0
33 9 26.0 183.0
30 24 14.0 121.0
4 21 78.0 190.0
55 38 149.0 99.0
24 7 104.0 47.0
24 72 125.0 125.0
61 12 3.0 88.0
44 70 107.0 114.0
7 26 91.0 85.0
49 32 136.0 57.0
51 65 48.0 14.0
28 10 92.0 198.0
7 31 164.0 148.0
37 67 16.0 42.0
22 67 152.0 171.0
64 30 53.0 59.0
55 34 71.0 145.0
27 12 34.0 7.0
35 47 32.0 83.0
49 66 29.0 124.0
31 58 58.0 146.0
29 8 136.0 74.0
15 46 133.0 88.0
19 20 120.0 139.0
53 29 52.0 191.0
15 24 193.0 87.0
3 34 69.0 177.0
12 18 185.0 50.0
7 53 81.0 195.0
4 30 6.0 17.0
27 42 100.0 92.0
22 19 153.0 20.0
44 37 57.0 6.0
23 8 144.0 2.0
8 31 170.0 165.0
21 17 15.0 107.0
45 71 100.0 97.0
52 19 189.0 59.0
5 56 129.0 89.0
22 18 153.0 82.0
18 41 44.0 162.0
3 36 148.0 140.0
14 19 33.0 118.0
66 26 85.0 49.0
40 19 154.0 137.0
53 5 184.0 143.0
2 27 33.0 113.0
55 5 175.0 138.0
45 62 170.0 172.0
27 33 114.0 70.0
51 46 43.0 148.0
28 12 150.0 80.0
5 35 107.0 104.0
34 5 65.0 92.0
15 23 182.0 51.0
58 14 94.0 158.0
20 15 108.0 16.0
11 71 116.0 23.0
34 7 98.0 159.0
33 64 167.0 0.0
50 25 127.0 26.0
49 55 193.0 144.0
10 21 85.0 175.0
18 70 179.0 131.0
10 26 162.0 88.0
19 72 69.0 78.0
3 55 10.0 167.0
37 2 142.0 129.0
41 12 184.0 69.0
67 71 6.0 129.0
19 7 50.0 43.0
26 11 158.0 182.0
67 7 116.0 120.0
11 27 23.0 186.0
45 26 122.0 185.0
25 11 153.0 64.0
30 23 199.0 89.0
21 14 117.0 157.0
37 66 18.0 120.0
28 14 106.0 176.0
21 25 161.0 23.0
39 4 91.0 184.0
6 29 43.0 13.0
44 23 160.0 148.0
61 39 120.0 160.0
66 70 85.0 37.0
63 6 198.0 103.0
4 1 87.0 105.0
24 16 183.0 48.0
18 49 107.0 75.0
17 22 44.0 151.0
31 4 34.0 5.0
58 62 98.0 106.0
3 49 105.0 183.0
13 29 17.0 103.0
40 9 103.0 104.0
57 10 129.0 87.0
58 35 147.0 37.0
27 29 121.0 143.0
48 13 129.0 107.0
1 35 100.0 27.0
29 9 115.0 157.0
11 24 73.0 84.0
54 14 61.0 128.0
23 56 87.0 191.0
30 7 132.0 186.0
4 37 159.0 53.0
63 41 96.0 40.0
27 5 36.0 196.0
64 34 185.0 152.0
62 61 138.0 10.0
8 32 175.0 0.0
43 56 35.0 15.0
28 15 43.0 167.0
28 29 162.0 2.0
70 4 59.0 58.0
16 47 198.0 48.0
8 17 28.0 183.0
5 66 118.0 167.0
15 27 37.0 45.0
55 13 137.0 25.0
3 39 145.0 132.0
62 23 50.0 107.0
26 54 96.0 61.0
24 19 34.0 94.0
34 2 2.0 63.0
37 1 106.0 72.0
6 70 19.0 95.0
11 57 192.0 156.0
14 24 182.0 137.0
31 62 8.0 184.0
34 6 38.0 104.0
21 20 120.0 72.0
20 16 3.0 122.0
38 51 26.0 109.0
65 45 194.0 45.0
30 34 94.0 186.0
42 28 120.0 76.0
17 29 187.0 128.0
50 57 164.0 25.0
48 58 164.0 37.0
13 22 158.0 119.0
16 19 170.0 185.0
49 15 13.0 164.0
65 7 177.0 107.0
37 7 2.0 49.0
14 27 5.0 189.0
3 40 97.0 121.0
38 5 152.0 13.0
31 53 176.0 63.0
40 4 1.0 98.0
71 47 166.0 166.0
53 11 45.0 96.0
12 20 109.0 47.0
36 21 37.0 66.0
67 44 18.0 86.0
5 36 168.0 170.0
32 10 1.0 96.0
58 3 16.0 154.0
65 1 76.0 182.0
6 32 108.0 121.0
30 13 3.0 169.0
6 36 112.0 40.0
27 17 72.0 82.0
13 28 171.0 192.0
47 25 23.0 172.0
43 23 194.0 39.0
23 21 97.0 22.0
10 33 84.0 5.0
10 31 126.0 87.0
66 8 87.0 190.0
25 3 192.0 160.0
46 57 67.0 163.0
26 48 27.0 90.0
10 22 164.0 174.0
17 69 164.0 61.0
27 16 109.0 49.0
28 8 9.0 188.0
41 35 126.0 96.0
52 1 32.0 118.0
2 3 106.0 99.0
66 30 87.0 85.0
48 28 183.0 51.0
35 8 100.0 148.0
40 6 130.0 162.0
4 35 5.0 139.0
27 19 35.0 83.0
37 9 157.0 67.0
11 30 157.0 63.0
33 6 187.0 44.0
65 40 168.0 171.0
45 1 49.0 20.0
43 1 9.0 131.0
61 15 117.0 15.0
14 33 6.0 104.0
5 42 40.0 163.0
32 13 6.0 198.0
21 16 38.0 194.0
51 70 57.0 158.0
12 32 160.0 107.0
17 28 198.0 169.0
14 65 71.0 67.0
10 36 87.0 77.0
56 1 42.0 128.0
9 36 0.0 48.0
57 27 114.0 191.0
40 54 99.0 172.0
36 7 42.0 59.0
35 12 130.0 192.0
36 12 48.0 1.0
39 71 30.0 88.0
18 28 192.0 24.0
15 65 166.0 193.0
36 57 178.0 81.0
31 16 14.0 78.0
1 42 105.0 8.0
22 20 84.0 36.0
40 2 97.0 84.0
29 37 90.0 79.0
61 32 82.0 83.0
41 21 195.0 49.0
6 35 97.0 125.0
34 10 75.0 63.0
46 40 163.0 180.0
29 11 90.0 199.0
14 32 74.0 140.0
2 39 45.0 164.0
5 39 3.0 79.0
19 28 191.0 198.0
25 18 153.0 41.0
32 16 76.0 28.0
26 22 159.0 191.0
41 3 183.0 50.0
9 38 83.0 57.0
10 39 36.0 80.0
54 25 153.0 39.0
25 70 59.0 144.0
38 4 48.0 12.0
23 20 26.0 76.0
4 41 83.0 185.0
1 46 37.0 19.0
66 69 91.0 121.0
51 34 176.0 79.0
28 16 58.0 129.0
37 26 125.0 117.0
27 18 157.0 125.0
51 18 180.0 135.0
13 35 31.0 16.0
37 68 189.0 69.0
22 23 66.0 32.0
21 26 9.0 194.0
48 44 43.0 67.0
34 15 15.0 169.0
20 28 92.0 172.0
49 20 69.0 72.0
61 49 40.0 100.0
13 31 91.0 181.0
48 47 159.0 109.0
55 32 61.0 168.0
5 33 30.0 104.0
68 18 36.0 46.0
49 51 120.0 128.0
29 16 10.0 141.0
25 17 21.0 2.0
41 6 130.0 112.0
28 21 27.0 41.0
37 50 54.0 88.0
13 42 167.0 36.0
3 67 194.0 156.0
62 37 35.0 66.0
70 48 183.0 197.0
66 64 20.0 4.0
23 25 84.0 102.0
30 12 165.0 111.0
6 11 102.0 171.0
42 32 171.0 21.0
43 42 47.0 118.0
31 11 3.0 34.0
65 72 49.0 186.0
32 5 116.0 21.0
7 39 99.0 0.0
43 2 125.0 16.0
4 42 65.0 179.0
30 15 189.0 36.0
7 41 144.0 188.0
60 71 187.0 99.0
70 7 187.0 188.0
30 16 39.0 103.0
24 18 152.0 138.0
17 68 88.0 77.0
39 17 41.0 105.0
65 54 138.0 30.0
41 51 139.0 34.0
36 13 197.0 78.0
36 11 0.0 184.0
28 25 159.0 39.0
25 19 168.0 63.0
30 69 83.0 8.0
1 48 157.0 125.0
39 12 54.0 47.0
63 59 22.0 145.0
16 22 92.0 20.0
34 53 20.0 92.0
4 45 92.0 132.0
23 28 155.0 12.0
19 30 36.0 38.0
14 16 92.0 145.0
44 4 5.0 146.0
13 38 147.0 27.0
45 7 13.0 39.0
8 43 0.0 33.0
47 3 85.0 93.0
45 6 153.0 192.0
1 49 163.0 141.0
37 12 73.0 55.0
17 35 11.0 78.0
34 16 169.0 110.0
66 46 109.0 182.0
21 30 104.0 110.0
6 60 102.0 141.0
29 63 42.0 7.0
13 37 15.0 6.0
69 14 172.0 41.0
47 6 69.0 135.0
58 38 35.0 39.0
14 37 130.0 96.0
70 55 131.0 186.0
58 25 126.0 185.0
43 4 83.0 168.0
41 5 34.0 50.0
53 20 11.0 158.0
13 34 92.0 33.0
5 46 36.0 79.0
23 27 43.0 166.0
23 66 48.0 126.0
18 72 151.0 174.0
23 26 150.0 186.0
50 2 65.0 136.0
32 9 43.0 76.0
6 44 29.0 135.0
22 29 35.0 65.0
56 17 77.0 78.0
2 47 26.0 125.0
39 13 76.0 129.0
67 12 119.0 178.0
64 52 31.0 184.0
10 38 53.0 74.0
44 9 111.0 82.0
1 47 72.0 98.0
53 9 125.0 149.0
45 20 104.0 151.0
71 9 176.0 180.0
20 31 98.0 47.0
27 21 187.0 130.0
53 21 174.0 40.0
63 11 47.0 85.0
47 17 58.0 71.0
5 47 149.0 135.0
48 2 30.0 53.0
21 29 65.0 7.0
32 39 17.0 116.0
63 15 186.0 156.0
17 33 73.0 160.0
23 38 197.0 72.0
20 33 198.0 7.0
54 16 69.0 147.0
43 9 52.0 99.0
32 15 176.0 69.0
66 50 55.0 145.0
43 7 138.0 41.0
40 13 24.0 11.0
29 20 36.0 21.0
60 61 48.0 34.0
20 46 57.0 117.0
31 12 118.0 61.0
27 26 44.0 46.0
53 41 51.0 99.0
8 42 47.0 189.0
8 36 100.0 71.0
25 27 167.0 136.0
22 28 52.0 16.0
51 1 188.0 109.0
6 48 186.0 58.0
61 41 72.0 182.0
9 35 142.0 76.0
63 34 172.0 141.0
51 45 158.0 72.0
14 36 32.0 125.0
24 29 89.0 36.0
7 44 89.0 29.0
44 1 24.0 27.0
48 35 40.0 96.0
69 13 18.0 134.0
47 4 112.0 142.0
64 39 47.0 70.0
42 12 160.0 31.0
24 27 76.0 1.0
35 18 185.0 165.0
54 10 61.0 9.0
44 34 47.0 101.0
14 39 172.0 17.0
31 33 101.0 36.0
11 42 5.0 148.0
37 16 150.0 117.0
50 1 13.0 26.0
41 13 19.0 150.0
22 31 92.0 32.0
65 30 198.0 91.0
57 21 134.0 122.0
4 51 99.0 187.0
3 45 22.0 56.0
2 53 18.0 172.0
21 48 146.0 183.0
34 19 32.0 117.0
37 54 60.0 124.0
35 15 106.0 59.0
34 18 48.0 192.0
22 32 108.0 147.0
43 12 36.0 82.0
35 19 173.0 54.0
39 62 101.0 119.0
25 26 14.0 85.0
27 10 123.0 27.0
39 16 155.0 181.0
15 41 63.0 3.0
49 4 74.0 172.0
66 47 34.0 110.0
54 70 19.0 7.0
20 34 29.0 72.0
19 46 3.0 195.0
11 44 150.0 78.0
17 37 32.0 106.0
8 45 40.0 95.0
12 44 117.0 114.0
45 9 87.0 103.0
1 39 152.0 59.0
38 15 54.0 181.0
33 21 63.0 9.0
8 48 11.0 14.0
19 65 82.0 43.0
7 46 97.0 74.0
50 4 136.0 167.0
38 31 10.0 24.0
8 44 121.0 162.0
47 64 63.0 176.0
50 3 23.0 127.0
58 46 75.0 34.0
37 19 2.0 158.0
10 49 79.0 100.0
30 25 90.0 16.0
54 2 22.0 100.0
60 16 97.0 144.0
45 2 134.0 161.0
3 48 186.0 157.0
22 34 2.0 62.0
63 53 191.0 4.0
36 20 129.0 70.0
20 39 165.0 171.0
43 10 57.0 139.0
32 36 101.0 155.0
23 31 117.0 36.0
11 33 145.0 103.0
47 7 159.0 147.0
58 8 198.0 150.0
27 28 187.0 79.0
52 68 90.0 152.0
49 6 66.0 99.0
10 46 35.0 167.0
11 37 134.0 104.0
10 45 86.0 79.0
54 67 118.0 198.0
30 26 194.0 116.0
58 29 133.0 181.0
33 24 26.0 23.0
15 37 57.0 92.0
35 14 155.0 44.0
24 37 116.0 90.0
13 50 137.0 154.0
61 9 30.0 55.0
11 46 174.0 24.0
56 2 71.0 107.0
20 51 173.0 97.0
43 15 38.0 183.0
52 7 167.0 145.0
28 26 188.0 35.0
18 26 105.0 125.0
15 69 195.0 135.0
24 32 128.0 170.0
33 25 64.0 151.0
51 7 21.0 37.0
38 21 94.0 59.0
55 1 32.0 13.0
65 10 149.0 20.0
43 14 133.0 54.0
15 39 38.0 81.0
13 43 24.0 118.0
57 31 96.0 88.0
23 63 164.0 117.0
40 10 2.0 58.0
54 24 29.0 186.0
49 39 63.0 178.0
49 9 37.0 149.0
14 71 81.0 75.0
10 58 17.0 57.0
45 11 38.0 114.0
47 10 26.0 2.0
35 22 149.0 181.0
42 16 156.0 178.0
71 13 133.0 171.0
34 23 169.0 170.0
55 30 135.0 2.0
36 22 110.0 153.0
30 68 133.0 100.0
18 38 66.0 112.0
11 54 102.0 167.0
69 34 138.0 10.0
62 54 97.0 72.0
47 9 52.0 18.0
36 23 87.0 140.0
1 58 141.0 149.0
56 3 66.0 75.0
17 40 171.0 133.0
57 29 44.0 73.0
48 5 3.0 183.0
1 64 118.0 53.0
66 32 145.0 123.0
44 15 28.0 184.0
8 51 172.0 121.0
57 1 40.0 38.0
35 24 119.0 11.0
65 53 22.0 164.0
72 12 136.0 177.0
38 14 59.0 54.0
56 4 50.0 157.0
19 39 100.0 30.0
20 35 11.0 72.0
37 32 187.0 52.0
27 32 10.0 107.0
18 39 123.0 184.0
51 27 180.0 59.0
57 59 198.0 191.0
21 35 140.0 48.0
47 14 165.0 40.0
37 22 82.0 129.0
25 31 114.0 69.0
53 17 48.0 125.0
56 46 25.0 172.0
72 8 16.0 157.0
10 14 149.0 166.0
52 8 139.0 89.0
14 46 179.0 57.0
32 23 26.0 61.0
24 68 163.0 141.0
28 30 115.0 164.0
50 8 199.0 140.0
44 17 73.0 167.0
48 4 48.0 174.0
29 31 98.0 188.0
36 16 43.0 77.0
11 47 150.0 69.0
31 43 185.0 65.0
5 50 4.0 100.0
39 23 189.0 3.0
52 35 42.0 14.0
56 37 156.0 90.0
68 15 147.0 54.0
6 54 10.0 142.0
20 37 196.0 112.0
32 28 3.0 134.0
45 14 77.0 159.0
28 31 174.0 18.0
69 65 139.0 168.0
35 26 175.0 47.0
19 33 69.0 74.0
16 43 159.0 31.0
6 65 59.0 108.0
59 3 33.0 14.0
61 6 112.0 110.0
32 26 123.0 86.0
2 51 36.0 15.0
67 23 59.0 163.0
34 28 53.0 80.0
24 65 44.0 12.0
57 25 130.0 103.0
48 15 95.0 163.0
29 33 131.0 7.0
1 59 19.0 54.0
57 3 118.0 7.0
30 32 152.0 130.0
34 59 72.0 5.0
51 50 130.0 116.0
38 22 4.0 12.0
34 41 133.0 51.0
38 19 60.0 64.0
33 47 60.0 31.0
61 16 128.0 179.0
2 58 75.0 80.0
17 43 146.0 147.0
55 7 96.0 76.0
19 66 76.0 53.0
7 54 123.0 9.0
46 17 123.0 135.0
25 35 139.0 183.0
18 42 72.0 19.0
17 45 199.0 147.0
52 12 143.0 145.0
46 70 95.0 39.0
35 23 183.0 123.0
57 7 16.0 106.0
54 3 157.0 91.0
10 67 71.0 48.0
6 53 68.0 143.0
12 51 56.0 19.0
18 46 197.0 199.0
33 28 152.0 44.0
16 41 184.0 136.0
22 39 162.0 152.0
37 36 101.0 71.0
30 56 162.0 172.0
12 60 107.0 183.0
10 52 45.0 163.0
49 8 57.0 194.0
65 56 187.0 9.0
24 58 11.0 123.0
21 44 32.0 125.0
24 36 140.0 134.0
37 43 55.0 102.0
8 53 35.0 114.0
23 40 159.0 81.0
29 34 96.0 16.0
61 2 177.0 35.0
60 48 119.0 189.0
18 40 57.0 151.0
48 14 83.0 197.0
6 23 70.0 138.0
14 49 81.0 57.0
5 59 26.0 40.0
50 15 136.0 74.0
66 22 164.0 114.0
69 64 159.0 83.0
62 1 136.0 16.0
36 26 168.0 19.0
57 39 57.0 190.0
13 51 197.0 90.0
35 67 8.0 175.0
55 8 28.0 145.0
56 12 131.0 192.0
20 43 35.0 42.0
3 61 39.0 124.0
21 39 144.0 160.0
12 53 168.0 153.0
60 5 193.0 118.0
63 54 169.0 153.0
72 11 6.0 149.0
50 9 23.0 89.0
14 42 88.0 11.0
9 56 70.0 80.0
25 40 84.0 166.0
21 43 101.0 4.0
54 9 146.0 46.0
14 40 15.0 115.0
27 65 7.0 173.0
70 47 183.0 31.0
30 35 41.0 23.0
37 28 159.0 63.0
72 6 46.0 195.0
29 49 168.0 99.0
6 58 146.0 66.0
33 70 194.0 113.0
10 42 58.0 154.0
70 58 47.0 193.0
20 66 12.0 40.0
62 2 24.0 171.0
58 7 185.0 22.0
30 36 97.0 105.0
23 42 162.0 196.0
13 49 53.0 157.0
43 22 49.0 63.0
56 10 131.0 48.0
51 42 2.0 143.0
35 28 29.0 26.0
34 57 56.0 14.0
44 18 187.0 106.0
51 23 50.0 150.0
45 18 63.0 55.0
50 7 122.0 112.0
59 6 105.0 53.0
28 36 50.0 60.0
44 19 0.0 79.0
33 30 8.0 8.0
41 26 62.0 148.0
25 39 132.0 112.0
6 24 31.0 195.0
55 61 117.0 153.0
6 71 79.0 175.0
3 60 72.0 129.0
10 66 112.0 72.0
31 50 75.0 73.0
6 55 164.0 89.0
10 50 180.0 96.0
58 36 111.0 11.0
9 55 76.0 181.0
25 42 84.0 107.0
72 54 168.0 156.0
11 56 108.0 33.0
18 48 9.0 135.0
56 58 150.0 125.0
4 54 52.0 82.0
41 24 168.0 116.0
52 11 187.0 197.0
2 64 100.0 23.0
62 3 147.0 68.0
16 40 174.0 56.0
56 32 190.0 136.0
36 31 99.0 92.0
36 63 4.0 152.0
44 29 180.0 124.0
54 42 26.0 119.0
63 4 175.0 126.0
28 40 186.0 75.0
56 8 63.0 113.0
42 24 43.0 6.0
53 13 1.0 142.0
66 2 44.0 5.0
13 52 39.0 177.0
52 41 133.0 65.0
16 56 17.0 109.0
59 41 194.0 3.0
25 44 93.0 9.0
68 1 132.0 88.0
67 24 139.0 133.0
32 31 0.0 135.0
34 31 24.0 39.0
4 62 152.0 158.0
33 44 194.0 121.0
23 41 22.0 188.0
32 35 14.0 67.0
41 25 31.0 98.0
21 45 120.0 170.0
45 16 96.0 120.0
27 40 131.0 120.0
66 31 121.0 83.0
30 29 4.0 116.0
42 49 178.0 178.0
61 4 124.0 144.0
43 36 141.0 155.0
39 30 102.0 13.0
38 26 154.0 150.0
23 46 167.0 86.0
19 48 150.0 40.0
47 21 63.0 155.0
14 70 123.0 193.0
8 60 133.0 47.0
26 42 7.0 26.0
23 37 65.0 61.0
43 24 124.0 171.0
9 58 87.0 43.0
66 3 113.0 189.0
13 54 157.0 176.0
60 9 113.0 80.0
26 39 39.0 199.0
68 58 164.0 198.0
12 55 95.0 181.0
48 25 161.0 171.0
65 4 149.0 48.0
64 5 42.0 62.0
47 31 116.0 199.0
72 56 169.0 30.0
48 11 146.0 160.0
63 64 176.0 62.0
28 52 146.0 71.0
27 41 14.0 60.0
58 21 59.0 163.0
5 62 185.0 101.0
40 69 30.0 101.0
69 44 99.0 199.0
49 25 23.0 198.0
59 10 194.0 151.0
43 27 156.0 92.0
50 41 179.0 170.0
62 70 111.0 190.0
39 27 29.0 96.0
45 22 84.0 59.0
43 25 2.0 184.0
63 1 193.0 177.0
62 7 2.0 187.0
16 35 24.0 158.0
52 17 45.0 155.0
30 37 27.0 157.0
8 62 38.0 8.0
60 36 141.0 122.0
48 22 152.0 143.0
2 68 139.0 146.0
51 15 102.0 141.0
22 69 150.0 78.0
4 58 98.0 195.0
43 26 120.0 125.0
21 50 65.0 158.0
34 42 183.0 158.0
50 20 84.0 88.0
45 23 173.0 175.0
38 32 37.0 28.0
49 43 53.0 187.0
68 4 23.0 151.0
8 54 101.0 143.0
36 33 20.0 166.0
32 70 26.0 155.0
51 44 104.0 62.0
2 69 149.0 29.0
6 62 26.0 138.0
13 58 112.0 31.0
24 44 154.0 135.0
37 35 77.0 55.0
32 40 19.0 97.0
30 41 181.0 198.0
52 18 78.0 37.0
4 67 108.0 179.0
7 60 96.0 86.0
58 12 109.0 8.0
70 2 15.0 64.0
23 72 58.0 45.0
10 62 96.0 78.0
16 38 148.0 78.0
10 61 138.0 26.0
39 38 163.0 198.0
67 62 20.0 11.0
18 53 7.0 129.0
41 29 193.0 23.0
26 61 62.0 52.0
35 59 62.0 111.0
38 33 46.0 10.0
19 51 143.0 137.0
50 32 67.0 106.0
63 9 127.0 87.0
70 3 61.0 87.0
47 20 131.0 6.0
4 66 44.0 145.0
16 55 50.0 58.0
46 29 54.0 97.0
23 48 1.0 197.0
66 72 46.0 68.0
69 52 70.0 125.0
21 61 190.0 131.0
19 58 156.0 121.0
29 40 40.0 1.0
55 18 120.0 91.0
67 1 192.0 126.0
47 52 199.0 194.0
67 39 159.0 197.0
60 10 198.0 29.0
33 35 162.0 188.0
72 1 101.0 118.0
64 16 2.0 94.0
64 4 67.0 75.0
23 47 155.0 59.0
22 51 111.0 154.0
56 15 46.0 22.0
3 68 114.0 44.0
68 41 117.0 28.0
29 43 124.0 170.0
62 9 5.0 127.0
54 19 30.0 72.0
17 55 136.0 185.0
38 35 13.0 0.0
47 24 23.0 11.0
67 64 141.0 89.0
48 63 36.0 58.0
69 4 187.0 161.0
8 64 47.0 193.0
25 45 101.0 77.0
37 31 95.0 38.0
13 60 103.0 60.0
63 10 38.0 78.0
64 32 71.0 180.0
1 69 54.0 59.0
3 63 65.0 194.0
69 60 6.0 64.0
21 62 10.0 108.0
33 40 15.0 57.0
1 71 100.0 70.0
24 48 21.0 139.0
53 72 57.0 44.0
36 35 129.0 64.0
29 59 88.0 146.0
5 67 105.0 47.0
72 52 164.0 115.0
69 6 93.0 179.0
28 44 183.0 145.0
40 31 170.0 4.0
66 7 65.0 180.0
68 6 180.0 146.0
34 36 3.0 20.0
62 11 61.0 60.0
24 49 131.0 25.0
29 54 94.0 176.0
69 5 61.0 78.0
72 2 114.0 184.0
22 40 139.0 131.0
57 62 118.0 71.0
66 60 31.0 73.0
15 58 141.0 92.0
39 35 114.0 73.0
32 43 90.0 8.0
44 32 186.0 103.0
50 72 60.0 100.0
57 15 19.0 151.0
63 12 37.0 137.0
24 51 32.0 68.0
26 44 157.0 174.0
30 43 65.0 71.0
65 33 28.0 155.0
67 8 47.0 14.0
59 16 158.0 59.0
64 7 165.0 177.0
37 34 58.0 2.0
70 15 21.0 42.0
23 53 21.0 179.0
36 39 72.0 38.0
67 51 57.0 52.0
24 46 7.0 104.0
70 1 37.0 165.0
9 65 167.0 2.0
48 27 87.0 25.0
71 4 16.0 109.0
21 65 155.0 189.0
14 56 77.0 27.0
71 24 131.0 134.0
58 17 133.0 90.0
63 13 137.0 170.0
41 20 113.0 104.0
6 67 10.0 0.0
36 41 136.0 27.0
15 60 192.0 92.0
43 33 122.0 69.0
22 54 0.0 53.0
20 56 4.0 86.0
45 29 55.0 141.0
72 3 61.0 168.0
62 14 26.0 72.0
55 28 131.0 115.0
62 12 168.0 75.0
57 19 133.0 90.0
37 39 149.0 86.0
54 21 144.0 105.0
64 11 161.0 199.0
52 24 73.0 175.0
26 52 69.0 51.0
70 5 21.0 1.0
42 35 108.0 189.0
34 38 176.0 41.0
41 64 120.0 125.0
18 59 32.0 16.0
11 59 175.0 193.0
40 36 125.0 0.0
40 45 169.0 195.0
68 9 48.0 191.0
72 5 197.0 156.0
66 12 92.0 174.0
70 20 128.0 164.0
64 13 14.0 112.0
24 53 137.0 142.0
19 71 146.0 63.0
49 27 117.0 115.0
34 26 30.0 117.0
39 40 155.0 28.0
55 59 99.0 0.0
22 61 143.0 180.0
55 22 100.0 110.0
62 15 129.0 38.0
35 70 93.0 27.0
16 71 117.0 162.0
69 8 144.0 147.0
40 37 126.0 99.0
60 18 191.0 26.0
48 17 65.0 134.0
65 12 153.0 165.0
45 30 147.0 34.0
57 38 119.0 40.0
26 51 108.0 188.0
34 43 137.0 52.0
51 29 97.0 63.0
70 8 19.0 40.0
40 55 154.0 36.0
68 10 123.0 107.0
21 56 118.0 70.0
27 47 109.0 189.0
61 13 1.0 18.0
59 23 81.0 90.0
71 8 130.0 130.0
9 66 51.0 149.0
24 45 172.0 5.0
61 17 1.0 47.0
60 19 111.0 71.0
9 69 101.0 172.0
40 35 161.0 54.0
23 52 91.0 194.0
57 20 102.0 173.0
59 22 48.0 105.0
40 34 153.0 172.0
30 49 35.0 106.0
69 11 22.0 98.0
40 72 134.0 75.0
21 52 130.0 47.0
46 32 30.0 174.0
71 28 118.0 84.0
31 49 35.0 118.0
17 59 131.0 188.0
36 44 153.0 166.0
31 46 16.0 127.0
34 46 5.0 102.0
55 25 160.0 88.0
38 43 13.0 142.0
63 17 32.0 131.0
1 34 21.0 19.0
53 57 3.0 152.0
32 47 32.0 156.0
38 42 79.0 0.0
13 66 172.0 85.0
17 57 97.0 84.0
46 33 196.0 110.0
53 42 173.0 180.0
52 27 135.0 194.0
59 20 167.0 91.0
63 19 8.0 199.0
56 24 74.0 87.0
13 65 160.0 198.0
62 18 36.0 9.0
33 48 169.0 185.0
64 14 60.0 142.0
62 33 29.0 148.0
28 54 106.0 148.0
14 66 26.0 114.0
63 18 103.0 52.0
18 58 32.0 15.0
53 25 98.0 68.0
50 46 162.0 67.0
34 21 192.0 175.0
50 28 187.0 174.0
43 40 56.0 93.0
39 41 120.0 82.0
41 40 144.0 176.0
51 48 23.0 128.0
70 13 113.0 121.0
27 61 77.0 28.0
39 45 102.0 22.0
62 19 192.0 89.0
31 45 140.0 48.0
31 52 9.0 13.0
9 72 108.0 105.0
61 19 101.0 131.0
64 38 137.0 166.0
10 71 47.0 167.0
33 50 179.0 101.0
34 49 7.0 171.0
69 12 21.0 148.0
42 41 177.0 30.0
26 56 138.0 85.0
20 55 56.0 191.0
43 39 119.0 146.0
65 34 110.0 118.0
52 30 191.0 89.0
35 54 88.0 198.0
56 27 144.0 109.0
44 39 17.0 121.0
26 57 52.0 108.0
71 68 100.0 109.0
68 13 122.0 171.0
46 37 174.0 32.0
12 71 71.0 117.0
55 26 23.0 111.0
52 29 81.0 167.0
51 35 91.0 51.0
55 31 125.0 144.0
49 35 76.0 177.0
45 69 180.0 198.0
4 72 49.0 106.0
67 20 190.0 72.0
32 52 112.0 13.0
56 28 69.0 146.0
44 42 172.0 161.0
61 34 70.0 49.0
60 24 122.0 98.0
56 25 67.0 102.0
47 57 134.0 68.0
20 62 81.0 124.0
48 36 186.0 146.0
38 36 196.0 55.0
50 24 101.0 168.0
72 14 183.0 123.0
52 63 25.0 105.0
71 32 149.0 44.0
48 37 158.0 83.0
19 67 186.0 40.0
65 59 71.0 124.0
44 31 71.0 19.0
53 27 174.0 124.0
50 36 7.0 109.0
41 44 140.0 32.0
41 46 150.0 89.0
34 50 50.0 108.0
58 27 131.0 188.0
71 58 116.0 2.0
44 43 145.0 139.0
26 58 172.0 119.0
48 29 132.0 179.0
27 59 26.0 24.0
22 64 132.0 176.0
37 49 120.0 182.0
59 21 72.0 52.0
40 44 32.0 188.0
22 63 44.0 130.0
48 50 158.0 17.0
72 17 130.0 43.0
62 25 199.0 157.0
72 13 122.0 83.0
60 25 156.0 195.0
38 45 175.0 28.0
48 32 89.0 8.0
48 40 96.0 134.0
26 59 26.0 54.0
18 66 11.0 156.0
38 48 2.0 163.0
24 64 73.0 124.0
54 34 4.0 29.0
21 68 28.0 179.0
60 27 130.0 117.0
38 68 73.0 178.0
36 46 110.0 99.0
53 28 151.0 121.0
45 43 128.0 105.0
31 56 51.0 1.0
38 50 76.0 55.0
59 24 74.0 104.0
30 53 59.0 157.0
59 15 35.0 84.0
17 65 107.0 145.0
42 47 168.0 10.0
30 50 42.0 96.0
42 45 103.0 93.0
28 59 177.0 179.0
24 62 117.0 3.0
57 23 186.0 128.0
20 68 120.0 21.0
46 43 91.0 27.0
70 22 193.0 11.0
53 32 156.0 36.0
37 51 141.0 59.0
31 72 21.0 70.0
22 56 83.0 90.0
27 63 186.0 21.0
38 49 132.0 107.0
34 52 100.0 175.0
25 64 134.0 93.0
33 53 107.0 90.0
38 54 193.0 1.0
70 24 119.0 166.0
61 28 36.0 155.0
69 21 10.0 22.0
48 41 85.0 94.0
60 26 196.0 185.0
33 37 159.0 131.0
33 57 171.0 18.0
60 31 120.0 116.0
29 62 92.0 192.0
56 33 69.0 128.0
61 30 199.0 31.0
60 28 152.0 84.0
59 32 107.0 101.0
58 32 61.0 18.0
23 65 137.0 33.0
40 51 107.0 9.0
61 29 178.0 151.0
30 60 176.0 47.0
66 28 119.0 127.0
27 66 102.0 24.0
66 24 134.0 161.0
33 60 170.0 196.0
48 42 31.0 107.0
47 44 18.0 138.0
55 27 171.0 149.0
55 35 9.0 99.0
48 39 182.0 128.0
58 34 23.0 36.0
67 26 42.0 109.0
48 46 48.0 13.0
58 33 73.0 79.0
24 61 12.0 43.0
68 26 86.0 183.0
38 52 120.0 47.0
49 41 49.0 102.0
33 59 13.0 24.0
66 25 17.0 56.0
45 48 182.0 17.0
28 63 35.0 7.0
28 62 182.0 199.0
46 49 136.0 20.0
22 71 180.0 8.0
52 42 179.0 181.0
46 42 42.0 144.0
34 60 187.0 11.0
69 25 19.0 121.0
36 53 47.0 54.0
63 26 126.0 29.0
71 21 107.0 14.0
49 44 16.0 39.0
55 37 38.0 195.0
69 24 22.0 32.0
54 41 18.0 10.0
29 64 51.0 37.0
45 50 143.0 98.0
46 45 139.0 69.0
51 52 103.0 198.0
52 39 141.0 120.0
68 16 36.0 131.0
35 60 4.0 58.0
39 51 133.0 174.0
57 44 164.0 185.0
28 65 6.0 107.0
62 34 101.0 145.0
52 43 68.0 5.0
59 38 189.0 161.0
22 72 56.0 25.0
25 67 119.0 12.0
28 64 160.0 4.0
48 43 155.0 124.0
61 37 196.0 161.0
44 50 122.0 98.0
54 43 133.0 190.0
36 62 76.0 122.0
46 47 5.0 84.0
63 35 144.0 76.0
56 38 183.0 105.0
39 70 151.0 138.0
68 28 124.0 148.0
40 42 62.0 47.0
52 44 33.0 195.0
62 35 90.0 109.0
72 15 58.0 96.0
72 25 77.0 2.0
53 35 28.0 60.0
40 56 54.0 131.0
29 67 64.0 178.0
72 28 178.0 78.0
66 33 60.0 11.0
26 69 18.0 103.0
53 44 13.0 76.0
61 35 81.0 90.0
35 64 179.0 61.0
29 69 56.0 33.0
63 32 101.0 72.0
72 20 12.0 80.0
52 45 177.0 72.0
56 41 135.0 195.0
71 56 154.0 149.0
70 28 39.0 35.0
52 46 196.0 170.0
26 64 16.0 5.0
47 50 12.0 118.0
48 31 13.0 24.0
53 39 158.0 190.0
64 36 54.0 93.0
65 29 110.0 8.0
47 51 80.0 101.0
10 41 36.0 29.0
41 58 146.0 4.0
29 66 100.0 110.0
55 43 162.0 65.0
65 36 63.0 120.0
70 16 106.0 69.0
65 31 98.0 168.0
49 47 21.0 178.0
40 61 73.0 9.0
29 35 161.0 171.0
72 27 8.0 13.0
45 54 7.0 122.0
48 53 136.0 70.0
33 68 72.0 42.0
69 18 51.0 122.0
59 44 77.0 24.0
20 58 5.0 150.0
61 42 87.0 118.0
68 36 124.0 47.0
27 71 152.0 131.0
42 58 76.0 88.0
43 58 72.0 148.0
47 58 76.0 123.0
30 70 135.0 153.0
42 62 84.0 92.0
35 68 180.0 123.0
65 32 160.0 56.0
31 71 9.0 113.0
54 50 43.0 38.0
45 67 128.0 115.0
67 36 36.0 4.0
55 45 72.0 171.0
22 65 37.0 157.0
67 33 177.0 169.0
48 57 48.0 137.0
47 55 162.0 10.0
69 57 192.0 5.0
51 58 147.0 72.0
16 48 3.0 183.0
45 53 151.0 27.0
34 67 52.0 140.0
58 54 124.0 181.0
56 47 2.0 173.0
49 56 181.0 164.0
40 64 169.0 173.0
59 45 107.0 69.0
65 39 165.0 62.0
65 35 185.0 116.0
65 37 147.0 189.0
70 68 3.0 71.0
65 41 115.0 158.0
43 63 162.0 97.0
57 35 39.0 84.0
29 72 199.0 98.0
40 67 68.0 165.0
42 59 180.0 53.0
33 71 111.0 79.0
49 48 160.0 67.0
55 46 78.0 27.0
53 55 144.0 193.0
69 36 71.0 183.0
61 43 139.0 23.0
58 45 148.0 8.0
63 44 167.0 80.0
68 39 78.0 79.0
63 51 161.0 38.0
54 55 22.0 191.0
71 37 193.0 118.0
34 70 195.0 17.0
48 56 82.0 135.0
61 64 105.0 31.0
47 60 21.0 25.0
45 63 37.0 51.0
52 56 77.0 150.0
60 46 2.0 51.0
59 40 91.0 148.0
70 37 112.0 39.0
53 51 89.0 146.0
72 37 33.0 194.0
61 45 168.0 6.0
68 34 29.0 157.0
46 61 160.0 58.0
45 64 30.0 162.0
61 44 8.0 74.0
39 66 136.0 72.0
38 66 12.0 25.0
40 68 93.0 197.0
62 47 19.0 61.0
67 38 114.0 48.0
48 61 133.0 74.0
52 55 105.0 116.0
68 42 30.0 65.0
69 39 46.0 167.0
53 50 55.0 58.0
45 60 108.0 148.0
72 30 177.0 127.0
53 56 112.0 43.0
37 69 107.0 198.0
39 28 61.0 164.0
42 70 111.0 91.0
43 66 74.0 157.0
63 42 71.0 129.0
55 71 138.0 179.0
61 36 75.0 67.0
49 60 124.0 139.0
61 50 190.0 184.0
48 62 107.0 51.0
38 72 96.0 170.0
66 40 12.0 170.0
60 51 125.0 84.0
64 43 73.0 15.0
65 48 12.0 148.0
62 32 126.0 136.0
57 55 181.0 116.0
56 57 151.0 40.0
60 54 72.0 47.0
72 35 41.0 85.0
28 69 56.0 166.0
44 66 162.0 129.0
72 63 9.0 126.0
55 50 47.0 87.0
42 71 108.0 180.0
48 67 42.0 59.0
62 53 74.0 115.0
39 56 3.0 115.0
52 50 161.0 11.0
67 46 30.0 76.0
69 38 144.0 191.0
71 44 57.0 144.0
26 72 13.0 165.0
58 50 129.0 7.0
63 49 169.0 156.0
69 46 51.0 124.0
43 68 23.0 13.0
67 47 102.0 53.0
52 62 165.0 198.0
72 44 164.0 174.0
54 47 116.0 129.0
72 45 8.0 46.0
68 59 37.0 177.0
64 49 34.0 89.0
49 65 16.0 58.0
54 61 42.0 70.0
66 48 190.0 159.0
58 55 182.0 154.0
62 43 45.0 50.0
60 56 135.0 6.0
63 47 28.0 124.0
49 67 25.0 62.0
60 53 66.0 193.0
64 54 196.0 61.0
72 41 47.0 186.0
44 68 35.0 181.0
52 66 4.0 80.0
49 68 82.0 139.0
55 60 11.0 110.0
59 61 1.0 36.0
57 58 133.0 19.0
58 59 129.0 81.0
70 49 63.0 128.0
70 43 145.0 98.0
54 53 125.0 150.0
41 62 143.0 7.0
42 72 87.0 154.0
69 49 192.0 88.0
69 50 170.0 78.0
53 58 145.0 51.0
50 71 44.0 8.0
59 62 86.0 142.0
51 68 109.0 11.0
60 20 143.0 52.0
50 63 36.0 182.0
48 71 73.0 28.0
64 53 21.0 195.0
47 69 197.0 166.0
50 56 172.0 194.0
61 65 125.0 59.0
69 58 17.0 34.0
58 61 82.0 160.0
66 53 146.0 118.0
42 67 46.0 172.0
55 64 175.0 67.0
56 59 145.0 125.0
49 40 49.0 70.0
53 69 139.0 126.0
43 72 97.0 156.0
72 70 197.0 131.0
61 66 128.0 143.0
70 52 10.0 126.0
65 64 1.0 186.0
67 52 44.0 99.0
56 64 93.0 45.0
46 64 105.0 32.0
65 58 35.0 154.0
57 60 173.0 184.0
67 69 141.0 101.0
55 62 182.0 151.0
54 71 104.0 183.0
65 62 38.0 148.0
72 39 5.0 131.0
70 57 151.0 111.0
69 59 65.0 186.0
66 62 191.0 38.0
38 65 197.0 84.0
67 66 43.0 131.0
66 71 182.0 147.0
70 67 104.0 20.0
50 59 60.0 62.0
60 70 75.0 163.0
42 69 46.0 141.0
54 69 74.0 37.0
71 69 45.0 23.0
72 61 139.0 88.0
60 62 122.0 121.0
71 63 178.0 178.0
72 46 65.0 190.0
67 57 108.0 93.0
55 66 80.0 154.0
62 64 92.0 107.0
50 65 79.0 138.0
64 70 162.0 19.0
72 67 152.0 36.0
45 49 80.0 83.0
54 27 124.0 98.0
66 59 187.0 32.0
7 69 46.0 20.0
71 61 51.0 139.0
65 66 102.0 131.0
64 71 173.0 64.0
57 4 77.0 78.0
70 59 74.0 109.0
55 72 22.0 198.0
56 62 79.0 161.0
34 33 155.0 78.0
42 65 126.0 7.0
70 61 53.0 28.0
51 69 82.0 27.0
60 59 164.0 111.0
34 47 12.0 190.0
44 65 35.0 34.0
50 49 197.0 66.0
63 70 94.0 153.0
1 5 7.0 20.0
67 53 90.0 13.0
48 69 191.0 124.0
56 70 123.0 107.0
61 68 93.0 135.0
69 70 163.0 128.0
57 71 151.0 160.0
68 56 5.0 45.0
72 60 27.0 164.0
68 72 111.0 69.0
58 60 18.0 54.0
71 40 95.0 141.0
65 70 99.0 140.0
68 53 173.0 14.0
59 52 59.0 124.0
64 58 169.0 64.0
68 46 5.0 197.0
63 31 176.0 117.0
63 67 50.0 146.0
69 72 145.0 145.0
51 64 172.0 196.0
58 66 27.0 97.0
55 48 129.0 86.0
15 13 35.0 50.0
48 64 90.0 192.0
0
