76 2850 60 35 148577
27 18 181.0 161.0
24 66 10.0 51.0
26 64 116.0 160.0
27 42 135.0 196.0
9 6 104.0 110.0
5 39 127.0 168.0
72 34 63.0 136.0
48 62 74.0 120.0
19 42 118.0 7.0
47 75 72.0 128.0
62 5 143.0 140.0
47 69 186.0 79.0
74 14 125.0 42.0
68 15 186.0 5.0
64 42 67.0 2.0
43 3 68.0 141.0
60 25 61.0 138.0
23 55 168.0 133.0
76 2 33.0 63.0
70 39 170.0 19.0
53 54 35.0 48.0
9 10 11.0 22.0
67 33 76.0 78.0
51 52 5.0 96.0
6 13 134.0 18.0
70 45 16.0 54.0
46 22 43.0 49.0
61 49 0.0 13.0
27 10 58.0 35.0
35 22 12.0 69.0
70 33 139.0 40.0
8 30 95.0 144.0
45 36 129.0 29.0
4 48 148.0 146.0
9 24 116.0 191.0
73 30 2.0 68.0
55 37 37.0 60.0
11 8 3.0 1.0
30 67 53.0 142.0
20 8 55.0 100.0
43 62 125.0 136.0
49 71 116.0 25.0
19 18 198.0 185.0
47 6 96.0 152.0
58 5 175.0 85.0
2 48 27.0 130.0
38 53 116.0 80.0
76 9 121.0 171.0
10 24 177.0 46.0
35 17 124.0 93.0
50 75 119.0 74.0
5 15 193.0 167.0
35 54 35.0 120.0
41 43 29.0 62.0
20 47 42.0 145.0
71 73 87.0 164.0
36 75 21.0 64.0
31 71 179.0 145.0
69 24 176.0 50.0
54 23 187.0 170.0
16 55 171.0 23.0
38 10 168.0 0.0
57 70 158.0 162.0
8 4 44.0 46.0
62 11 27.0 18.0
21 68 65.0 7.0
32 58 84.0 41.0
20 40 2.0 72.0
19 40 147.0 173.0
65 10 16.0 67.0
19 6 91.0 175.0
69 62 149.0 88.0
72 71 160.0 176.0
2 28 108.0 177.0
26 11 172.0 193.0
51 50 188.0 175.0
13 33 100.0 87.0
59 55 152.0 117.0
76 53 195.0 196.0
38 45 52.0 96.0
55 70 163.0 164.0
37 50 57.0 24.0
61 42 46.0 30.0
31 50 2.0 186.0
6 46 35.0 102.0
24 76 18.0 140.0
68 45 80.0 166.0
29 31 114.0 85.0
24 38 104.0 29.0
12 46 55.0 161.0
27 16 8.0 101.0
65 28 158.0 162.0
73 54 147.0 193.0
69 18 52.0 117.0
2 7 145.0 132.0
75 18 41.0 11.0
56 54 162.0 145.0
39 24 69.0 17.0
39 3 199.0 29.0
30 41 125.0 157.0
34 67 45.0 72.0
9 74 161.0 97.0
42 11 75.0 107.0
28 15 122.0 116.0
8 39 158.0 84.0
62 46 19.0 179.0
48 37 80.0 18.0
17 60 161.0 157.0
51 58 66.0 7.0
72 41 196.0 179.0
67 63 142.0 23.0
18 16 20.0 64.0
16 3 122.0 130.0
55 62 174.0 94.0
39 41 22.0 6.0
9 3 166.0 184.0
6 44 116.0 184.0
24 4 142.0 64.0
67 8 111.0 36.0
40 29 132.0 83.0
22 59 4.0 7.0
44 62 193.0 130.0
26 9 53.0 168.0
33 45 46.0 19.0
12 76 150.0 162.0
5 1 73.0 92.0
11 37 197.0 136.0
66 20 134.0 130.0
2 66 61.0 90.0
51 9 155.0 54.0
34 7 9.0 9.0
4 9 77.0 7.0
9 71 7.0 28.0
74 57 119.0 32.0
18 25 134.0 117.0
44 52 29.0 20.0
41 48 30.0 90.0
72 53 144.0 137.0
60 67 149.0 154.0
16 2 167.0 27.0
12 28 136.0 126.0
8 75 32.0 56.0
23 46 73.0 118.0
12 4 12.0 102.0
39 37 37.0 42.0
14 16 160.0 182.0
23 21 109.0 61.0
38 5 37.0 76.0
48 39 127.0 173.0
37 30 46.0 159.0
15 23 78.0 119.0
30 11 171.0 42.0
47 5 7.0 160.0
37 43 46.0 119.0
3 58 136.0 155.0
2 8 69.0 125.0
46 27 1.0 196.0
57 64 138.0 199.0
10 23 154.0 169.0
33 20 11.0 77.0
41 27 64.0 18.0
12 6 19.0 110.0
28 66 92.0 107.0
73 5 137.0 113.0
47 62 66.0 90.0
50 22 154.0 157.0
44 23 4.0 61.0
58 23 89.0 167.0
49 10 117.0 105.0
56 36 98.0 136.0
41 44 184.0 143.0
64 69 13.0 73.0
55 20 87.0 32.0
41 54 68.0 193.0
76 3 60.0 72.0
26 32 129.0 102.0
41 56 156.0 46.0
32 63 159.0 54.0
30 18 60.0 144.0
11 66 76.0 26.0
10 7 41.0 115.0
76 73 170.0 109.0
16 54 116.0 182.0
9 13 53.0 45.0
9 5 19.0 9.0
67 36 60.0 178.0
54 67 123.0 72.0
57 15 129.0 199.0
21 55 107.0 170.0
67 69 41.0 29.0
46 45 42.0 109.0
73 12 44.0 47.0
16 53 81.0 63.0
28 3 140.0 141.0
9 67 160.0 63.0
10 3 21.0 89.0
41 5 55.0 80.0
13 51 113.0 48.0
19 55 178.0 155.0
6 51 168.0 23.0
43 19 186.0 49.0
37 40 149.0 126.0
46 71 21.0 61.0
57 16 189.0 194.0
20 48 111.0 44.0
22 45 67.0 24.0
4 11 171.0 45.0
11 61 97.0 139.0
20 46 43.0 83.0
9 50 193.0 144.0
60 31 164.0 166.0
46 14 176.0 153.0
61 54 181.0 87.0
38 4 100.0 0.0
56 26 82.0 71.0
27 48 29.0 131.0
33 19 140.0 72.0
8 66 135.0 85.0
36 16 84.0 51.0
29 33 8.0 12.0
26 76 50.0 189.0
3 66 62.0 150.0
32 47 157.0 96.0
34 4 145.0 138.0
38 7 176.0 37.0
12 19 106.0 63.0
34 23 146.0 142.0
55 31 175.0 106.0
30 21 72.0 26.0
9 2 176.0 86.0
55 51 143.0 85.0
54 68 10.0 40.0
15 18 117.0 186.0
36 35 133.0 24.0
73 35 35.0 31.0
6 74 78.0 10.0
34 17 175.0 150.0
26 69 171.0 151.0
43 22 35.0 115.0
13 4 198.0 197.0
22 49 40.0 116.0
7 5 54.0 125.0
19 1 131.0 89.0
2 11 31.0 162.0
37 57 109.0 6.0
66 31 175.0 81.0
52 69 111.0 11.0
12 25 40.0 110.0
73 23 82.0 33.0
59 67 80.0 89.0
56 63 161.0 12.0
67 43 127.0 144.0
39 4 91.0 36.0
34 50 160.0 67.0
42 51 73.0 23.0
15 42 87.0 65.0
64 11 85.0 121.0
18 39 28.0 166.0
26 47 75.0 141.0
29 22 94.0 2.0
25 44 49.0 138.0
17 50 30.0 9.0
40 34 129.0 55.0
75 33 134.0 16.0
7 13 36.0 171.0
29 42 41.0 16.0
28 50 123.0 117.0
11 24 183.0 18.0
14 7 123.0 32.0
42 71 4.0 105.0
28 45 49.0 85.0
17 19 163.0 135.0
9 16 92.0 199.0
57 44 64.0 134.0
33 12 71.0 187.0
35 38 185.0 6.0
30 7 82.0 60.0
1 58 163.0 38.0
26 29 117.0 165.0
47 53 122.0 81.0
68 29 156.0 166.0
73 49 28.0 20.0
60 48 178.0 51.0
10 62 134.0 115.0
69 4 80.0 17.0
1 36 73.0 196.0
64 2 61.0 142.0
54 36 125.0 135.0
65 63 160.0 33.0
35 18 162.0 188.0
65 73 81.0 92.0
58 68 145.0 16.0
11 58 130.0 26.0
17 7 76.0 155.0
8 74 100.0 89.0
34 10 33.0 25.0
72 51 137.0 193.0
68 22 180.0 51.0
34 56 175.0 61.0
63 62 92.0 120.0
59 35 159.0 22.0
41 74 159.0 35.0
12 45 4.0 60.0
54 66 84.0 37.0
57 75 111.0 174.0
36 22 193.0 43.0
2 70 31.0 168.0
55 61 53.0 124.0
36 23 163.0 164.0
21 12 7.0 75.0
56 68 81.0 11.0
73 53 172.0 117.0
67 40 1.0 36.0
62 24 94.0 146.0
17 75 23.0 125.0
60 22 198.0 28.0
45 41 80.0 113.0
52 53 122.0 87.0
44 67 152.0 155.0
59 26 136.0 124.0
7 9 137.0 137.0
21 33 176.0 31.0
31 30 9.0 151.0
51 36 10.0 159.0
76 22 170.0 42.0
19 3 41.0 45.0
4 41 133.0 193.0
6 10 94.0 69.0
7 48 70.0 31.0
2 12 145.0 198.0
2 14 186.0 155.0
26 67 61.0 149.0
28 56 105.0 31.0
70 53 156.0 98.0
34 16 110.0 90.0
25 48 94.0 156.0
19 21 65.0 116.0
60 16 183.0 163.0
11 3 2.0 121.0
53 23 28.0 63.0
19 44 39.0 85.0
36 40 160.0 195.0
71 38 42.0 71.0
26 36 171.0 137.0
56 18 26.0 189.0
49 5 89.0 9.0
51 68 110.0 92.0
30 52 119.0 90.0
35 64 182.0 158.0
43 55 88.0 142.0
32 34 92.0 83.0
70 17 64.0 64.0
50 18 98.0 91.0
1 12 83.0 187.0
20 12 89.0 145.0
1 11 93.0 8.0
44 68 74.0 75.0
62 35 64.0 114.0
68 74 32.0 157.0
30 10 147.0 49.0
43 33 87.0 45.0
61 13 80.0 170.0
41 8 155.0 169.0
8 6 67.0 48.0
69 53 169.0 93.0
11 28 133.0 186.0
26 40 126.0 118.0
49 24 46.0 73.0
56 11 155.0 133.0
40 48 71.0 35.0
55 25 178.0 26.0
27 51 134.0 45.0
43 23 100.0 56.0
66 55 54.0 34.0
18 61 109.0 181.0
8 55 82.0 155.0
66 53 84.0 37.0
40 74 169.0 155.0
22 18 19.0 99.0
8 73 110.0 106.0
19 67 84.0 10.0
45 69 197.0 138.0
53 20 123.0 106.0
75 42 107.0 5.0
34 60 52.0 191.0
9 11 1.0 173.0
14 4 38.0 173.0
26 60 156.0 100.0
50 48 149.0 40.0
56 3 64.0 146.0
23 57 80.0 187.0
22 66 22.0 139.0
65 11 160.0 26.0
45 20 59.0 161.0
65 39 194.0 49.0
22 55 158.0 102.0
26 39 176.0 107.0
41 18 26.0 40.0
14 41 178.0 58.0
30 2 65.0 152.0
4 6 59.0 177.0
55 35 154.0 70.0
74 37 142.0 100.0
15 11 139.0 101.0
65 13 73.0 67.0
16 4 79.0 51.0
33 71 117.0 10.0
72 3 43.0 134.0
38 36 175.0 54.0
70 6 130.0 129.0
58 71 123.0 73.0
5 71 185.0 14.0
3 12 108.0 58.0
26 10 85.0 140.0
4 59 135.0 154.0
61 17 61.0 178.0
68 57 57.0 188.0
2 51 58.0 187.0
13 5 188.0 133.0
43 44 129.0 173.0
18 52 74.0 37.0
62 22 168.0 112.0
7 6 48.0 55.0
18 1 114.0 61.0
23 19 127.0 171.0
69 72 124.0 138.0
44 16 62.0 112.0
60 39 152.0 191.0
30 45 66.0 178.0
7 39 189.0 187.0
18 23 72.0 37.0
49 72 46.0 186.0
30 63 21.0 173.0
74 72 40.0 145.0
12 54 106.0 102.0
32 38 69.0 58.0
7 25 184.0 135.0
4 35 140.0 173.0
58 8 145.0 12.0
19 47 163.0 191.0
16 1 129.0 136.0
25 22 67.0 170.0
8 12 90.0 125.0
55 28 96.0 159.0
68 31 2.0 80.0
6 22 190.0 94.0
45 19 30.0 135.0
66 27 69.0 145.0
55 58 174.0 199.0
3 34 157.0 193.0
66 71 167.0 199.0
38 3 177.0 15.0
49 28 181.0 179.0
50 43 21.0 171.0
17 1 45.0 4.0
37 70 131.0 115.0
8 14 97.0 57.0
24 28 36.0 6.0
38 74 175.0 156.0
76 56 176.0 104.0
24 40 24.0 157.0
9 1 146.0 197.0
16 50 28.0 191.0
10 11 38.0 159.0
29 57 15.0 87.0
4 7 93.0 52.0
24 1 71.0 20.0
72 61 54.0 199.0
12 7 21.0 30.0
20 2 129.0 119.0
50 3 36.0 157.0
58 13 197.0 74.0
69 39 160.0 165.0
65 6 11.0 5.0
6 34 12.0 34.0
34 62 60.0 19.0
23 66 179.0 33.0
66 5 11.0 60.0
24 6 136.0 199.0
1 20 26.0 85.0
45 31 196.0 186.0
36 32 148.0 159.0
5 35 69.0 113.0
20 17 169.0 81.0
6 48 11.0 101.0
10 8 82.0 174.0
40 2 168.0 170.0
8 49 139.0 194.0
3 53 126.0 135.0
8 24 91.0 26.0
58 76 20.0 112.0
16 39 5.0 142.0
26 16 80.0 16.0
49 23 39.0 163.0
40 50 19.0 160.0
22 3 48.0 158.0
72 19 162.0 126.0
42 21 86.0 6.0
21 35 115.0 106.0
13 69 77.0 120.0
24 61 152.0 158.0
6 2 50.0 191.0
5 12 100.0 69.0
23 28 97.0 100.0
46 47 118.0 11.0
7 66 22.0 4.0
13 8 56.0 138.0
52 31 107.0 86.0
1 8 81.0 59.0
1 21 179.0 131.0
71 13 12.0 31.0
57 20 157.0 109.0
1 6 40.0 76.0
14 6 82.0 62.0
40 57 7.0 138.0
2 5 14.0 114.0
25 74 41.0 95.0
4 44 129.0 21.0
56 5 63.0 141.0
41 35 45.0 21.0
60 10 165.0 85.0
6 37 25.0 47.0
17 54 167.0 184.0
71 63 86.0 181.0
76 30 198.0 128.0
73 2 139.0 80.0
22 2 41.0 155.0
53 45 51.0 87.0
54 13 58.0 16.0
49 40 77.0 35.0
33 60 18.0 196.0
62 15 92.0 57.0
44 50 119.0 43.0
13 10 143.0 10.0
53 74 24.0 185.0
2 18 22.0 75.0
41 52 21.0 33.0
15 17 115.0 50.0
1 39 61.0 85.0
69 31 87.0 106.0
4 3 117.0 6.0
57 62 72.0 13.0
8 16 180.0 97.0
75 37 170.0 154.0
3 6 178.0 143.0
21 74 152.0 93.0
53 60 120.0 13.0
30 40 153.0 160.0
61 51 196.0 22.0
52 16 22.0 69.0
2 63 159.0 154.0
39 17 162.0 82.0
21 34 160.0 141.0
48 63 163.0 112.0
62 54 191.0 35.0
18 44 17.0 144.0
19 15 105.0 166.0
47 44 43.0 127.0
18 5 51.0 3.0
16 7 46.0 14.0
63 16 33.0 6.0
2 3 11.0 148.0
72 21 96.0 154.0
64 67 101.0 66.0
21 29 74.0 7.0
72 31 76.0 118.0
1 74 166.0 79.0
4 17 124.0 12.0
1 27 198.0 110.0
45 75 91.0 161.0
35 40 30.0 140.0
46 39 133.0 131.0
67 15 161.0 160.0
46 67 97.0 189.0
64 45 165.0 15.0
31 28 18.0 41.0
54 76 141.0 16.0
15 10 108.0 184.0
49 69 57.0 90.0
20 4 24.0 143.0
9 20 41.0 137.0
10 51 188.0 90.0
17 3 13.0 105.0
53 55 185.0 183.0
55 41 12.0 78.0
16 6 22.0 120.0
8 5 174.0 31.0
2 19 1.0 198.0
54 1 114.0 195.0
67 42 65.0 102.0
3 8 179.0 30.0
67 7 156.0 117.0
47 68 95.0 168.0
15 65 150.0 117.0
12 26 92.0 76.0
60 55 57.0 46.0
12 14 129.0 123.0
39 11 173.0 194.0
22 42 195.0 105.0
48 47 5.0 151.0
54 20 180.0 52.0
25 39 19.0 82.0
4 71 50.0 64.0
65 27 147.0 59.0
24 20 85.0 28.0
14 3 98.0 11.0
52 33 190.0 94.0
19 30 59.0 147.0
66 37 85.0 191.0
15 58 145.0 104.0
68 37 120.0 195.0
3 60 37.0 19.0
12 9 151.0 123.0
66 75 173.0 1.0
47 40 92.0 115.0
10 48 18.0 151.0
5 4 89.0 103.0
61 76 8.0 34.0
5 21 62.0 80.0
18 7 130.0 100.0
23 64 23.0 33.0
3 5 111.0 196.0
47 29 31.0 3.0
76 35 46.0 49.0
11 7 74.0 135.0
3 15 144.0 34.0
51 35 43.0 6.0
2 27 63.0 173.0
14 32 190.0 86.0
39 76 180.0 101.0
44 37 130.0 164.0
2 25 116.0 128.0
19 64 86.0 142.0
41 73 86.0 182.0
31 9 55.0 81.0
36 64 80.0 70.0
19 34 112.0 23.0
33 5 147.0 44.0
42 25 96.0 77.0
39 62 100.0 164.0
65 52 4.0 186.0
64 37 126.0 42.0
45 61 59.0 133.0
64 33 49.0 92.0
66 72 9.0 113.0
76 6 76.0 156.0
47 50 148.0 124.0
19 7 162.0 48.0
49 7 183.0 118.0
43 65 166.0 61.0
65 76 119.0 178.0
32 23 112.0 120.0
34 74 80.0 73.0
20 50 13.0 157.0
5 20 108.0 113.0
59 2 70.0 22.0
24 73 5.0 6.0
1 76 41.0 123.0
75 46 13.0 160.0
68 70 108.0 77.0
67 3 161.0 189.0
68 27 97.0 126.0
28 44 102.0 5.0
61 48 51.0 124.0
44 63 124.0 56.0
63 29 12.0 165.0
74 62 5.0 26.0
55 52 129.0 65.0
71 43 137.0 90.0
9 58 84.0 35.0
25 73 161.0 138.0
45 43 43.0 12.0
46 30 95.0 167.0
7 15 138.0 107.0
63 34 72.0 95.0
26 30 147.0 1.0
25 3 72.0 36.0
50 52 173.0 108.0
49 59 140.0 134.0
8 17 157.0 135.0
25 28 177.0 52.0
3 20 149.0 115.0
18 32 90.0 174.0
61 8 43.0 189.0
16 23 136.0 67.0
7 8 17.0 110.0
70 41 138.0 109.0
36 34 119.0 47.0
61 41 39.0 48.0
25 53 65.0 141.0
8 40 155.0 108.0
47 42 118.0 150.0
2 15 77.0 6.0
62 9 23.0 46.0
50 69 64.0 113.0
42 13 157.0 136.0
19 8 128.0 148.0
21 6 131.0 194.0
15 12 103.0 86.0
36 70 179.0 173.0
44 24 56.0 56.0
33 31 65.0 79.0
23 69 19.0 129.0
13 11 69.0 176.0
55 54 102.0 198.0
75 61 75.0 186.0
55 33 197.0 130.0
26 1 20.0 176.0
11 5 130.0 77.0
11 14 105.0 195.0
26 50 110.0 125.0
43 2 144.0 179.0
55 46 97.0 199.0
30 34 119.0 172.0
6 5 23.0 69.0
70 46 39.0 195.0
67 21 125.0 170.0
18 10 138.0 30.0
2 23 89.0 48.0
30 64 91.0 185.0
34 33 182.0 188.0
66 69 35.0 102.0
15 4 171.0 10.0
65 70 102.0 11.0
31 46 115.0 27.0
35 63 197.0 53.0
14 30 30.0 38.0
33 48 93.0 122.0
18 4 137.0 76.0
32 35 37.0 124.0
54 3 21.0 9.0
13 37 26.0 76.0
6 28 155.0 141.0
1 22 135.0 104.0
76 75 135.0 165.0
63 64 86.0 181.0
11 46 125.0 23.0
4 53 192.0 162.0
71 36 30.0 165.0
72 14 48.0 56.0
58 70 114.0 156.0
24 2 198.0 49.0
36 68 129.0 134.0
55 64 108.0 15.0
33 59 167.0 33.0
51 29 29.0 159.0
64 9 167.0 59.0
39 13 167.0 167.0
22 44 113.0 81.0
5 72 195.0 111.0
63 66 8.0 124.0
53 44 92.0 69.0
42 3 76.0 59.0
18 9 26.0 105.0
56 69 117.0 145.0
7 3 2.0 36.0
65 38 76.0 67.0
4 19 154.0 71.0
1 13 96.0 115.0
47 49 23.0 189.0
6 20 145.0 99.0
76 45 18.0 123.0
54 45 161.0 87.0
65 4 120.0 115.0
57 67 49.0 148.0
14 64 145.0 155.0
67 51 156.0 41.0
23 75 101.0 180.0
28 64 2.0 46.0
33 46 165.0 20.0
4 23 25.0 126.0
7 63 78.0 98.0
69 27 41.0 127.0
15 52 184.0 138.0
26 17 168.0 141.0
2 17 97.0 69.0
5 52 44.0 99.0
37 60 81.0 9.0
63 41 160.0 106.0
27 49 58.0 39.0
16 43 69.0 52.0
34 27 115.0 53.0
59 63 141.0 83.0
1 7 76.0 38.0
23 5 63.0 72.0
12 10 188.0 144.0
75 59 52.0 148.0
48 8 162.0 62.0
67 55 67.0 183.0
22 21 131.0 182.0
8 42 106.0 72.0
62 28 196.0 134.0
46 8 10.0 59.0
42 48 163.0 198.0
31 4 117.0 167.0
5 14 152.0 31.0
57 35 1.0 172.0
18 11 89.0 132.0
33 38 197.0 196.0
65 19 173.0 194.0
42 26 130.0 135.0
74 59 119.0 93.0
2 49 79.0 188.0
51 64 34.0 32.0
22 13 139.0 35.0
3 52 186.0 29.0
29 62 0.0 184.0
20 7 149.0 125.0
32 74 96.0 79.0
72 54 36.0 167.0
17 9 75.0 115.0
27 56 63.0 61.0
9 8 118.0 155.0
9 37 148.0 104.0
38 9 172.0 101.0
22 4 58.0 121.0
23 6 138.0 106.0
3 21 15.0 126.0
6 31 60.0 43.0
26 53 53.0 75.0
10 71 25.0 171.0
47 16 79.0 125.0
15 6 190.0 52.0
50 46 196.0 0.0
5 17 108.0 87.0
12 18 66.0 124.0
32 60 5.0 78.0
52 39 128.0 58.0
12 16 103.0 105.0
61 12 28.0 182.0
30 15 166.0 171.0
13 18 190.0 163.0
27 63 115.0 99.0
64 72 175.0 182.0
15 13 117.0 132.0
27 4 103.0 46.0
5 24 83.0 6.0
75 1 144.0 64.0
32 16 87.0 110.0
15 38 189.0 77.0
8 21 43.0 104.0
1 15 149.0 170.0
40 3 17.0 67.0
1 14 71.0 120.0
1 43 103.0 106.0
60 19 42.0 199.0
34 14 164.0 129.0
52 35 162.0 153.0
28 46 142.0 5.0
5 28 147.0 92.0
24 3 177.0 164.0
25 14 96.0 0.0
72 20 182.0 199.0
1 23 187.0 24.0
1 29 147.0 151.0
29 61 103.0 61.0
7 21 161.0 197.0
7 70 128.0 108.0
21 70 80.0 105.0
7 55 25.0 177.0
74 65 146.0 8.0
12 37 139.0 85.0
47 1 106.0 38.0
22 7 110.0 9.0
25 5 17.0 71.0
4 26 152.0 145.0
10 20 19.0 33.0
25 15 25.0 196.0
19 53 17.0 124.0
19 11 135.0 156.0
75 3 194.0 41.0
18 3 116.0 56.0
57 33 160.0 133.0
25 67 169.0 113.0
8 22 141.0 140.0
65 25 46.0 119.0
2 68 186.0 64.0
30 1 106.0 121.0
28 43 117.0 53.0
49 14 76.0 185.0
62 4 1.0 37.0
10 55 182.0 122.0
13 19 108.0 124.0
10 17 44.0 106.0
7 31 98.0 30.0
56 60 166.0 157.0
26 75 133.0 35.0
28 21 61.0 161.0
40 51 193.0 14.0
29 58 52.0 175.0
16 28 150.0 160.0
59 52 188.0 194.0
6 73 188.0 39.0
56 29 48.0 154.0
43 42 29.0 181.0
1 28 53.0 42.0
50 62 50.0 46.0
59 39 97.0 54.0
17 14 24.0 0.0
3 55 127.0 164.0
52 8 154.0 116.0
36 47 109.0 3.0
29 25 126.0 139.0
12 17 181.0 179.0
17 11 88.0 31.0
2 4 129.0 138.0
29 27 190.0 105.0
5 67 159.0 70.0
74 63 129.0 66.0
33 66 172.0 190.0
13 17 93.0 50.0
20 43 157.0 74.0
6 11 64.0 46.0
11 25 51.0 145.0
67 52 158.0 41.0
58 64 2.0 70.0
66 65 10.0 83.0
19 9 66.0 134.0
64 70 170.0 111.0
5 26 127.0 128.0
29 5 41.0 143.0
35 65 136.0 92.0
29 2 68.0 94.0
22 41 150.0 23.0
29 75 161.0 160.0
17 28 40.0 180.0
37 76 199.0 162.0
54 27 127.0 78.0
23 3 30.0 120.0
70 1 105.0 166.0
27 5 151.0 173.0
18 6 134.0 101.0
28 27 139.0 47.0
70 8 45.0 179.0
8 47 156.0 44.0
13 35 153.0 83.0
40 65 60.0 135.0
10 2 170.0 165.0
10 22 196.0 121.0
48 12 46.0 82.0
54 39 154.0 186.0
62 2 84.0 199.0
4 30 44.0 40.0
46 49 116.0 149.0
53 49 48.0 176.0
67 35 5.0 19.0
54 25 176.0 154.0
52 29 160.0 23.0
10 21 180.0 66.0
16 15 138.0 16.0
73 70 129.0 182.0
58 4 165.0 45.0
52 47 106.0 13.0
13 2 5.0 63.0
46 58 48.0 133.0
11 33 124.0 161.0
42 20 148.0 104.0
6 26 153.0 86.0
14 19 63.0 35.0
68 33 22.0 28.0
18 8 74.0 128.0
55 9 159.0 79.0
66 74 167.0 7.0
18 14 143.0 92.0
32 3 89.0 91.0
38 70 199.0 194.0
12 22 4.0 14.0
31 15 68.0 26.0
65 12 118.0 143.0
20 31 12.0 77.0
44 33 13.0 132.0
14 9 1.0 156.0
25 76 42.0 42.0
30 5 29.0 41.0
7 23 80.0 33.0
22 9 190.0 148.0
32 2 17.0 108.0
35 14 109.0 182.0
47 43 27.0 74.0
71 27 62.0 180.0
29 3 109.0 56.0
10 1 28.0 90.0
2 26 108.0 108.0
40 66 149.0 99.0
8 27 22.0 119.0
10 70 71.0 84.0
52 75 57.0 50.0
31 3 122.0 119.0
13 3 14.0 184.0
27 19 84.0 43.0
35 8 133.0 144.0
13 76 165.0 34.0
72 18 4.0 139.0
11 44 21.0 27.0
43 34 75.0 30.0
16 13 15.0 149.0
3 30 56.0 181.0
61 53 110.0 140.0
25 1 40.0 195.0
29 14 187.0 157.0
32 1 189.0 143.0
1 31 54.0 11.0
4 29 162.0 81.0
64 68 173.0 177.0
7 28 28.0 29.0
52 26 15.0 90.0
71 70 38.0 7.0
8 38 98.0 25.0
21 2 86.0 87.0
47 3 41.0 93.0
33 47 187.0 3.0
11 22 74.0 161.0
22 5 129.0 54.0
57 66 118.0 96.0
20 15 145.0 156.0
4 25 35.0 43.0
46 64 143.0 73.0
14 20 177.0 136.0
4 32 50.0 117.0
4 63 65.0 124.0
11 23 84.0 195.0
49 52 106.0 2.0
24 15 168.0 52.0
44 64 96.0 155.0
51 54 64.0 191.0
64 48 88.0 41.0
51 43 89.0 139.0
33 2 161.0 155.0
18 17 22.0 45.0
42 17 141.0 129.0
31 58 106.0 61.0
13 21 63.0 154.0
7 27 193.0 127.0
1 33 44.0 82.0
60 46 171.0 85.0
5 69 135.0 132.0
29 9 88.0 109.0
12 23 192.0 181.0
32 6 8.0 98.0
20 58 57.0 71.0
11 12 128.0 51.0
25 9 101.0 124.0
31 35 46.0 25.0
17 16 49.0 133.0
32 44 169.0 89.0
11 21 61.0 162.0
25 45 124.0 69.0
24 7 120.0 181.0
9 21 112.0 49.0
21 17 127.0 166.0
7 29 90.0 126.0
9 28 188.0 91.0
31 17 192.0 109.0
51 48 66.0 5.0
33 51 101.0 190.0
31 8 160.0 22.0
9 40 130.0 24.0
25 35 36.0 57.0
14 23 82.0 78.0
14 10 1.0 22.0
46 16 103.0 145.0
23 8 191.0 169.0
16 5 46.0 92.0
9 35 48.0 158.0
74 12 190.0 178.0
46 37 107.0 26.0
52 25 70.0 189.0
38 44 78.0 72.0
75 38 153.0 181.0
13 59 48.0 144.0
11 27 2.0 95.0
35 1 145.0 51.0
61 50 162.0 87.0
26 14 197.0 69.0
13 25 146.0 67.0
58 72 171.0 24.0
31 5 181.0 125.0
16 66 74.0 181.0
16 20 114.0 76.0
10 25 22.0 11.0
50 7 86.0 184.0
36 2 84.0 83.0
12 24 92.0 182.0
21 14 7.0 64.0
36 66 174.0 140.0
71 7 173.0 48.0
35 26 184.0 87.0
25 75 73.0 7.0
21 56 63.0 160.0
74 60 68.0 147.0
2 34 93.0 113.0
14 22 154.0 100.0
29 6 184.0 128.0
72 6 65.0 157.0
47 57 66.0 50.0
55 30 146.0 140.0
21 16 157.0 161.0
36 61 194.0 26.0
8 25 28.0 39.0
33 16 90.0 182.0
65 68 47.0 26.0
73 69 102.0 65.0
49 36 27.0 168.0
65 1 132.0 125.0
53 36 160.0 90.0
36 57 89.0 106.0
16 24 179.0 117.0
33 6 121.0 21.0
16 76 59.0 120.0
68 30 12.0 161.0
65 2 80.0 191.0
28 10 158.0 13.0
25 6 55.0 118.0
2 31 82.0 144.0
22 58 110.0 61.0
27 9 132.0 183.0
34 52 113.0 143.0
13 12 93.0 77.0
15 29 32.0 174.0
17 40 44.0 190.0
51 22 117.0 99.0
10 4 159.0 199.0
27 3 178.0 21.0
3 49 175.0 62.0
14 15 148.0 40.0
31 54 0.0 42.0
37 2 74.0 32.0
13 23 101.0 118.0
53 14 121.0 18.0
17 38 76.0 32.0
16 11 75.0 54.0
2 54 69.0 2.0
72 32 137.0 17.0
15 9 98.0 138.0
16 59 38.0 124.0
74 27 29.0 91.0
56 38 79.0 151.0
75 44 59.0 155.0
74 23 198.0 86.0
16 42 154.0 67.0
13 66 148.0 43.0
69 2 132.0 46.0
61 15 1.0 170.0
41 31 127.0 183.0
8 15 106.0 6.0
32 7 10.0 117.0
37 69 155.0 9.0
50 49 33.0 61.0
38 69 66.0 181.0
11 29 46.0 198.0
43 9 19.0 199.0
55 39 162.0 98.0
69 30 90.0 68.0
32 8 47.0 52.0
8 33 138.0 2.0
36 3 59.0 123.0
31 10 109.0 77.0
22 16 91.0 107.0
33 7 186.0 62.0
24 13 62.0 148.0
55 29 141.0 104.0
3 69 47.0 188.0
27 12 164.0 138.0
34 1 76.0 175.0
3 26 107.0 186.0
25 34 132.0 151.0
21 18 146.0 119.0
59 28 96.0 8.0
73 29 142.0 37.0
37 10 94.0 189.0
38 2 76.0 58.0
9 30 11.0 153.0
9 32 71.0 71.0
27 13 41.0 4.0
68 28 66.0 187.0
71 8 130.0 162.0
20 21 183.0 24.0
66 19 1.0 78.0
2 57 138.0 77.0
7 26 113.0 102.0
14 58 162.0 185.0
32 46 38.0 3.0
37 3 158.0 56.0
66 56 148.0 89.0
36 18 4.0 83.0
52 70 77.0 5.0
67 12 76.0 15.0
34 70 43.0 190.0
67 20 141.0 5.0
5 53 84.0 132.0
22 17 87.0 42.0
24 19 186.0 187.0
19 20 28.0 191.0
49 9 186.0 105.0
17 23 1.0 62.0
43 13 185.0 44.0
40 1 151.0 78.0
14 71 111.0 35.0
8 63 14.0 198.0
70 62 158.0 1.0
24 65 143.0 139.0
13 29 76.0 129.0
20 13 12.0 29.0
53 6 32.0 197.0
5 36 187.0 135.0
10 29 189.0 98.0
10 57 162.0 155.0
42 73 192.0 73.0
1 73 193.0 88.0
16 19 30.0 69.0
29 8 14.0 42.0
14 27 53.0 198.0
43 46 104.0 40.0
53 67 57.0 45.0
47 38 171.0 172.0
34 42 10.0 115.0
38 48 17.0 3.0
54 49 190.0 47.0
59 70 101.0 4.0
69 75 147.0 154.0
45 3 48.0 51.0
6 27 22.0 58.0
11 31 159.0 145.0
8 53 84.0 169.0
28 8 93.0 101.0
53 30 174.0 83.0
31 12 71.0 27.0
11 20 186.0 18.0
32 62 11.0 187.0
13 28 72.0 185.0
32 71 102.0 184.0
12 30 63.0 186.0
63 24 178.0 156.0
26 18 179.0 105.0
6 36 130.0 50.0
32 12 193.0 68.0
54 8 64.0 5.0
73 47 127.0 88.0
42 49 168.0 29.0
7 35 8.0 31.0
24 68 43.0 138.0
43 40 66.0 174.0
6 38 194.0 196.0
14 28 190.0 187.0
37 73 172.0 6.0
44 71 112.0 100.0
60 38 49.0 80.0
4 33 104.0 9.0
7 56 132.0 99.0
4 28 23.0 198.0
34 8 47.0 169.0
32 29 187.0 37.0
36 4 140.0 111.0
20 23 160.0 52.0
17 24 142.0 9.0
40 31 197.0 198.0
27 70 13.0 81.0
1 42 22.0 188.0
17 27 93.0 21.0
14 24 118.0 80.0
34 73 46.0 10.0
68 67 0.0 7.0
15 69 45.0 94.0
19 25 57.0 194.0
7 61 113.0 22.0
26 13 86.0 87.0
8 69 184.0 132.0
6 30 75.0 55.0
1 38 64.0 122.0
13 50 82.0 16.0
42 28 188.0 128.0
37 7 49.0 45.0
4 40 58.0 115.0
22 23 148.0 97.0
16 58 37.0 133.0
15 22 102.0 113.0
30 36 37.0 166.0
25 51 69.0 72.0
10 19 153.0 58.0
47 4 177.0 2.0
5 37 56.0 35.0
9 41 39.0 5.0
22 47 59.0 76.0
55 6 35.0 161.0
57 24 100.0 73.0
22 19 107.0 122.0
33 9 75.0 12.0
24 27 14.0 4.0
39 2 108.0 71.0
49 17 142.0 147.0
63 28 196.0 1.0
34 51 197.0 31.0
21 15 102.0 50.0
35 10 154.0 9.0
65 26 43.0 30.0
34 12 24.0 10.0
47 18 55.0 132.0
14 31 27.0 197.0
24 18 75.0 175.0
13 67 153.0 25.0
76 32 120.0 55.0
7 36 55.0 75.0
8 26 130.0 50.0
44 73 22.0 154.0
12 29 2.0 29.0
70 19 180.0 181.0
57 41 192.0 7.0
32 61 82.0 145.0
32 25 10.0 154.0
26 15 64.0 65.0
43 69 34.0 194.0
26 21 70.0 8.0
16 30 113.0 24.0
64 47 95.0 45.0
27 33 181.0 87.0
25 17 48.0 15.0
65 7 162.0 11.0
36 11 142.0 26.0
42 2 73.0 176.0
58 33 165.0 143.0
10 5 140.0 30.0
6 40 96.0 187.0
5 34 68.0 29.0
63 58 50.0 69.0
4 37 70.0 12.0
18 29 53.0 12.0
64 65 84.0 126.0
25 20 97.0 49.0
49 4 122.0 189.0
28 18 90.0 18.0
13 34 164.0 110.0
49 44 11.0 15.0
20 52 120.0 82.0
47 67 77.0 125.0
72 48 111.0 113.0
17 76 116.0 161.0
16 29 5.0 38.0
35 3 33.0 95.0
13 14 148.0 198.0
74 30 148.0 112.0
21 47 58.0 20.0
53 10 27.0 87.0
73 58 172.0 139.0
73 61 14.0 89.0
51 44 81.0 171.0
44 3 144.0 115.0
57 6 161.0 44.0
51 69 70.0 61.0
46 1 143.0 81.0
60 41 128.0 122.0
15 32 189.0 100.0
54 10 164.0 156.0
70 60 61.0 45.0
33 10 170.0 5.0
18 58 55.0 131.0
26 20 60.0 126.0
13 32 6.0 155.0
60 51 1.0 86.0
44 31 53.0 142.0
48 1 5.0 169.0
59 15 76.0 66.0
36 9 56.0 46.0
34 9 30.0 112.0
38 11 52.0 91.0
30 75 28.0 58.0
19 26 168.0 181.0
21 24 66.0 173.0
42 4 104.0 71.0
61 38 139.0 180.0
2 44 137.0 196.0
13 30 133.0 167.0
15 71 151.0 185.0
41 1 37.0 179.0
44 1 77.0 157.0
50 39 163.0 144.0
36 8 85.0 20.0
32 5 121.0 176.0
5 40 190.0 10.0
28 20 186.0 123.0
65 53 53.0 137.0
72 62 98.0 43.0
34 11 67.0 176.0
10 16 107.0 30.0
41 7 0.0 144.0
36 42 86.0 74.0
74 29 182.0 76.0
19 5 107.0 168.0
45 4 20.0 160.0
16 64 5.0 70.0
42 5 39.0 24.0
14 33 62.0 98.0
17 6 60.0 14.0
61 21 161.0 98.0
6 42 91.0 143.0
45 2 43.0 198.0
27 20 49.0 15.0
37 8 174.0 6.0
45 11 106.0 13.0
45 17 141.0 120.0
20 68 23.0 153.0
12 64 52.0 136.0
22 26 8.0 144.0
45 5 170.0 51.0
15 33 24.0 19.0
36 10 92.0 198.0
43 5 91.0 150.0
36 14 87.0 185.0
40 7 85.0 110.0
15 39 72.0 138.0
11 35 126.0 80.0
25 21 134.0 96.0
31 16 158.0 110.0
11 32 99.0 50.0
31 18 4.0 191.0
38 13 134.0 43.0
3 46 160.0 171.0
3 33 134.0 32.0
52 74 24.0 61.0
34 66 99.0 110.0
1 37 21.0 58.0
28 19 9.0 121.0
25 24 189.0 165.0
41 6 10.0 123.0
36 13 18.0 171.0
29 19 4.0 153.0
38 12 169.0 28.0
44 27 156.0 69.0
10 39 190.0 178.0
51 1 105.0 151.0
29 20 107.0 94.0
31 19 40.0 117.0
58 25 125.0 11.0
32 19 16.0 129.0
15 70 109.0 186.0
41 2 5.0 18.0
30 20 129.0 148.0
23 24 162.0 186.0
23 25 94.0 69.0
27 25 20.0 87.0
17 30 175.0 145.0
59 56 96.0 191.0
49 58 32.0 157.0
1 72 126.0 37.0
16 74 122.0 8.0
14 43 53.0 84.0
64 18 30.0 100.0
22 24 71.0 50.0
14 69 51.0 198.0
48 30 111.0 99.0
28 33 159.0 143.0
29 46 59.0 38.0
34 18 155.0 182.0
12 39 68.0 9.0
32 17 168.0 50.0
41 10 133.0 191.0
18 70 176.0 184.0
39 44 1.0 87.0
76 8 179.0 113.0
53 56 82.0 39.0
54 34 141.0 38.0
32 68 67.0 9.0
37 14 108.0 35.0
6 43 66.0 41.0
38 14 98.0 194.0
7 42 55.0 51.0
50 1 180.0 35.0
68 39 168.0 15.0
12 58 94.0 110.0
49 48 112.0 162.0
45 1 148.0 20.0
17 62 47.0 14.0
35 33 154.0 97.0
2 47 58.0 161.0
46 5 85.0 191.0
71 59 77.0 5.0
40 64 63.0 172.0
7 44 70.0 127.0
41 11 163.0 171.0
17 29 6.0 11.0
15 37 188.0 112.0
41 3 27.0 198.0
43 58 100.0 64.0
40 70 6.0 130.0
50 4 124.0 69.0
37 41 127.0 146.0
31 21 111.0 91.0
56 15 1.0 117.0
63 42 76.0 141.0
68 72 29.0 55.0
54 48 76.0 81.0
12 41 77.0 83.0
54 37 157.0 153.0
45 6 52.0 85.0
9 42 176.0 164.0
34 15 0.0 177.0
16 35 118.0 76.0
33 17 91.0 99.0
51 65 95.0 167.0
57 63 9.0 124.0
4 43 112.0 167.0
10 42 3.0 164.0
25 26 18.0 180.0
51 14 177.0 18.0
65 60 190.0 47.0
50 2 133.0 81.0
8 44 70.0 180.0
20 32 62.0 80.0
11 60 168.0 174.0
72 47 87.0 124.0
64 5 133.0 105.0
34 28 97.0 110.0
20 22 53.0 39.0
32 69 181.0 138.0
12 36 76.0 52.0
19 73 61.0 138.0
11 43 190.0 181.0
18 33 173.0 77.0
34 31 31.0 58.0
31 22 132.0 128.0
36 15 84.0 185.0
3 48 65.0 66.0
14 40 167.0 141.0
75 48 141.0 180.0
7 45 50.0 131.0
64 21 85.0 175.0
44 9 55.0 116.0
46 7 184.0 139.0
37 18 109.0 68.0
32 51 192.0 126.0
22 28 14.0 112.0
60 73 99.0 155.0
31 59 178.0 101.0
35 15 196.0 15.0
43 68 17.0 4.0
51 3 148.0 1.0
45 74 19.0 9.0
27 26 64.0 12.0
36 41 159.0 79.0
53 59 127.0 10.0
20 35 127.0 105.0
46 4 2.0 124.0
1 49 34.0 171.0
42 14 43.0 134.0
31 13 101.0 63.0
60 72 138.0 118.0
52 46 23.0 49.0
28 32 64.0 150.0
27 32 166.0 192.0
13 41 82.0 120.0
69 60 19.0 117.0
64 56 8.0 63.0
23 26 130.0 62.0
30 25 160.0 68.0
10 75 168.0 135.0
34 20 156.0 33.0
22 30 21.0 122.0
74 31 89.0 55.0
43 10 148.0 60.0
37 32 75.0 108.0
66 15 10.0 5.0
24 31 183.0 122.0
5 44 129.0 104.0
17 36 189.0 85.0
67 76 55.0 162.0
30 71 86.0 96.0
51 5 118.0 186.0
37 19 185.0 145.0
34 39 23.0 148.0
49 39 127.0 159.0
8 43 128.0 56.0
5 50 162.0 70.0
49 13 5.0 169.0
37 17 193.0 43.0
54 30 5.0 63.0
49 26 149.0 143.0
4 56 143.0 172.0
53 1 50.0 23.0
71 64 194.0 178.0
47 7 129.0 108.0
52 1 83.0 87.0
46 2 68.0 76.0
25 31 92.0 73.0
22 27 116.0 193.0
24 26 77.0 12.0
58 60 43.0 127.0
63 54 191.0 190.0
39 6 139.0 121.0
37 21 174.0 174.0
12 40 106.0 42.0
44 12 196.0 150.0
15 40 96.0 64.0
45 9 158.0 173.0
6 35 178.0 1.0
74 36 15.0 121.0
51 59 122.0 106.0
26 28 197.0 96.0
12 42 179.0 103.0
60 35 195.0 127.0
46 10 58.0 43.0
25 16 131.0 16.0
55 1 130.0 61.0
35 12 107.0 145.0
27 15 132.0 181.0
1 56 73.0 129.0
14 45 80.0 4.0
19 48 36.0 27.0
33 22 46.0 94.0
52 12 60.0 130.0
32 10 50.0 190.0
10 45 152.0 110.0
56 8 80.0 36.0
23 9 42.0 153.0
66 46 188.0 74.0
30 24 19.0 24.0
74 51 164.0 65.0
52 4 70.0 176.0
76 55 113.0 121.0
43 12 49.0 17.0
19 62 196.0 130.0
67 72 120.0 190.0
58 2 137.0 108.0
16 37 92.0 156.0
55 75 192.0 8.0
4 51 108.0 62.0
36 44 109.0 22.0
31 27 145.0 159.0
32 24 15.0 93.0
13 40 173.0 135.0
2 55 19.0 111.0
44 13 34.0 111.0
30 29 11.0 26.0
16 41 8.0 71.0
40 18 46.0 70.0
6 49 82.0 143.0
38 18 50.0 97.0
69 46 172.0 24.0
47 9 108.0 192.0
56 2 196.0 142.0
40 10 184.0 159.0
14 44 88.0 145.0
33 25 65.0 87.0
31 26 170.0 147.0
2 53 91.0 172.0
62 25 10.0 63.0
56 44 38.0 118.0
36 19 142.0 186.0
49 30 92.0 79.0
22 34 107.0 133.0
6 52 91.0 172.0
15 43 173.0 13.0
51 8 97.0 64.0
52 2 17.0 107.0
16 38 102.0 7.0
35 2 121.0 197.0
33 23 122.0 166.0
18 20 147.0 29.0
46 13 177.0 190.0
6 56 141.0 151.0
33 56 122.0 191.0
41 15 135.0 92.0
53 28 17.0 189.0
54 4 135.0 91.0
19 38 18.0 57.0
11 40 83.0 117.0
62 8 66.0 12.0
9 48 3.0 160.0
52 60 130.0 77.0
16 40 181.0 65.0
13 47 114.0 151.0
38 27 8.0 49.0
44 40 111.0 178.0
67 73 43.0 194.0
8 50 170.0 61.0
39 21 5.0 173.0
57 55 78.0 135.0
29 24 41.0 59.0
21 59 153.0 155.0
30 23 55.0 161.0
44 15 65.0 166.0
37 45 95.0 108.0
45 13 193.0 65.0
1 59 20.0 150.0
24 33 13.0 98.0
41 19 150.0 54.0
61 46 28.0 104.0
58 54 133.0 36.0
34 24 49.0 150.0
35 23 138.0 145.0
18 42 28.0 83.0
55 4 194.0 48.0
75 67 61.0 159.0
13 48 184.0 163.0
15 45 91.0 164.0
58 45 146.0 176.0
32 22 174.0 148.0
67 74 175.0 64.0
39 19 8.0 155.0
69 9 2.0 154.0
75 62 166.0 63.0
60 2 52.0 150.0
71 60 83.0 96.0
28 61 174.0 182.0
4 75 145.0 100.0
51 7 30.0 72.0
23 37 195.0 191.0
29 38 190.0 198.0
24 46 137.0 157.0
53 48 39.0 142.0
31 51 146.0 122.0
51 45 70.0 72.0
59 10 113.0 167.0
62 21 153.0 96.0
41 28 4.0 100.0
5 75 195.0 194.0
34 26 104.0 85.0
72 52 89.0 143.0
47 12 135.0 35.0
60 1 13.0 157.0
22 38 74.0 78.0
50 35 137.0 179.0
28 29 198.0 141.0
28 30 42.0 193.0
38 23 2.0 147.0
38 55 178.0 91.0
10 50 135.0 114.0
7 54 172.0 100.0
11 47 17.0 46.0
74 55 166.0 106.0
21 36 188.0 116.0
20 71 126.0 31.0
57 7 150.0 128.0
5 48 33.0 128.0
57 1 37.0 168.0
44 10 118.0 161.0
51 57 103.0 88.0
52 10 44.0 22.0
63 23 81.0 32.0
52 7 141.0 7.0
39 20 118.0 43.0
40 22 5.0 103.0
28 35 184.0 194.0
9 46 41.0 102.0
36 24 54.0 145.0
42 52 83.0 98.0
14 47 58.0 164.0
59 20 195.0 151.0
40 23 164.0 65.0
33 26 131.0 121.0
25 36 186.0 115.0
13 55 92.0 28.0
3 57 49.0 146.0
60 4 149.0 132.0
39 53 128.0 159.0
12 71 29.0 76.0
57 42 22.0 146.0
4 21 5.0 153.0
76 70 111.0 192.0
34 29 55.0 3.0
41 17 141.0 57.0
42 38 128.0 42.0
53 7 161.0 8.0
29 65 169.0 143.0
47 30 40.0 191.0
49 25 44.0 197.0
17 43 60.0 155.0
35 19 58.0 116.0
57 22 110.0 151.0
59 7 56.0 38.0
51 11 60.0 170.0
30 27 61.0 181.0
16 45 62.0 101.0
41 20 138.0 58.0
61 23 1.0 199.0
30 56 89.0 12.0
53 9 10.0 199.0
38 20 105.0 67.0
58 6 119.0 118.0
67 56 8.0 132.0
37 22 93.0 22.0
12 49 123.0 31.0
35 24 76.0 77.0
54 5 145.0 165.0
21 50 66.0 156.0
31 32 94.0 171.0
50 12 18.0 165.0
38 62 165.0 26.0
61 1 166.0 10.0
46 17 128.0 41.0
69 59 177.0 4.0
48 15 116.0 123.0
30 33 97.0 182.0
11 74 170.0 144.0
56 58 40.0 188.0
26 38 193.0 157.0
23 31 48.0 159.0
61 70 136.0 128.0
68 62 183.0 66.0
26 37 198.0 51.0
65 22 178.0 47.0
5 55 141.0 148.0
4 57 164.0 181.0
41 21 172.0 157.0
48 14 170.0 20.0
19 54 45.0 58.0
11 50 145.0 180.0
23 39 37.0 95.0
45 59 11.0 15.0
47 17 139.0 152.0
60 5 9.0 103.0
61 37 186.0 182.0
62 23 103.0 156.0
76 7 193.0 149.0
3 61 108.0 138.0
18 54 185.0 146.0
44 20 14.0 148.0
74 70 184.0 153.0
25 38 67.0 194.0
52 9 150.0 53.0
39 58 186.0 53.0
45 8 19.0 179.0
18 45 53.0 127.0
2 61 135.0 190.0
36 76 72.0 149.0
53 11 83.0 56.0
63 43 179.0 150.0
59 61 109.0 81.0
32 30 197.0 47.0
38 31 29.0 16.0
11 49 56.0 34.0
23 29 116.0 191.0
54 6 107.0 188.0
35 27 58.0 190.0
68 42 26.0 189.0
42 31 166.0 135.0
61 4 197.0 116.0
25 37 161.0 26.0
65 33 6.0 17.0
51 12 0.0 122.0
43 21 49.0 108.0
60 6 107.0 107.0
52 37 40.0 133.0
15 51 122.0 159.0
55 48 67.0 120.0
37 20 92.0 28.0
63 1 196.0 50.0
11 52 59.0 196.0
16 49 47.0 108.0
3 62 98.0 155.0
32 33 29.0 91.0
62 31 167.0 103.0
17 44 188.0 34.0
36 27 33.0 80.0
25 40 17.0 29.0
49 15 42.0 28.0
67 29 189.0 90.0
32 66 166.0 87.0
54 75 2.0 147.0
45 55 9.0 122.0
35 30 52.0 198.0
23 42 182.0 37.0
42 35 168.0 151.0
68 40 77.0 10.0
8 65 170.0 18.0
70 11 191.0 88.0
37 27 169.0 145.0
54 11 168.0 130.0
49 65 99.0 20.0
60 30 120.0 81.0
56 9 70.0 40.0
58 7 184.0 100.0
29 35 56.0 106.0
21 76 165.0 199.0
42 24 172.0 86.0
59 8 92.0 92.0
54 21 56.0 191.0
62 6 196.0 128.0
61 6 126.0 19.0
5 59 25.0 110.0
54 22 166.0 82.0
55 12 98.0 83.0
14 50 199.0 23.0
57 8 82.0 91.0
48 18 101.0 138.0
45 27 22.0 50.0
3 70 5.0 148.0
31 36 177.0 30.0
21 38 144.0 95.0
19 59 132.0 42.0
60 7 85.0 131.0
39 14 161.0 167.0
46 19 22.0 62.0
41 26 111.0 44.0
25 43 121.0 116.0
57 11 183.0 51.0
15 50 13.0 127.0
70 23 176.0 97.0
41 24 168.0 61.0
3 63 14.0 129.0
56 37 115.0 36.0
49 57 190.0 26.0
28 38 180.0 63.0
59 6 108.0 163.0
74 48 42.0 73.0
10 47 0.0 170.0
8 60 155.0 169.0
48 17 156.0 121.0
75 58 51.0 23.0
54 59 166.0 193.0
32 21 41.0 98.0
45 21 88.0 101.0
65 31 117.0 82.0
36 28 152.0 118.0
64 3 105.0 108.0
41 25 188.0 61.0
56 14 184.0 39.0
55 11 135.0 102.0
68 1 163.0 129.0
67 1 166.0 3.0
62 26 110.0 36.0
21 44 78.0 62.0
46 18 138.0 136.0
69 6 147.0 126.0
31 37 73.0 83.0
34 35 94.0 9.0
9 57 0.0 57.0
53 18 29.0 119.0
59 48 140.0 91.0
38 30 62.0 171.0
29 36 132.0 152.0
45 32 91.0 31.0
37 29 2.0 164.0
74 46 191.0 48.0
68 10 136.0 144.0
51 18 169.0 117.0
27 39 87.0 109.0
51 16 191.0 149.0
68 34 44.0 76.0
65 16 185.0 87.0
52 14 179.0 139.0
66 1 144.0 171.0
56 10 115.0 80.0
39 47 156.0 84.0
64 74 74.0 43.0
61 5 165.0 17.0
53 13 34.0 161.0
17 51 79.0 19.0
18 43 181.0 11.0
22 39 141.0 125.0
58 27 35.0 56.0
73 33 19.0 191.0
43 24 64.0 45.0
52 13 79.0 29.0
57 60 165.0 113.0
52 45 195.0 196.0
28 40 91.0 128.0
74 43 94.0 33.0
46 21 24.0 129.0
20 36 20.0 195.0
57 12 188.0 84.0
14 54 114.0 20.0
1 64 104.0 79.0
63 33 164.0 99.0
28 39 129.0 56.0
21 49 102.0 23.0
51 19 64.0 78.0
29 39 36.0 84.0
54 9 71.0 176.0
26 44 98.0 138.0
64 4 4.0 2.0
66 39 33.0 120.0
63 21 20.0 114.0
49 18 4.0 122.0
49 19 172.0 20.0
4 1 194.0 8.0
24 37 115.0 65.0
54 15 167.0 166.0
30 39 122.0 123.0
48 22 104.0 155.0
1 62 197.0 76.0
55 15 105.0 1.0
63 15 31.0 29.0
21 48 8.0 25.0
15 46 107.0 76.0
63 9 171.0 26.0
26 43 185.0 94.0
43 29 172.0 41.0
3 59 134.0 170.0
33 37 123.0 191.0
58 26 176.0 154.0
26 45 184.0 137.0
60 18 69.0 43.0
72 26 169.0 41.0
39 31 19.0 154.0
65 5 111.0 191.0
5 57 134.0 45.0
14 55 134.0 9.0
39 33 20.0 63.0
65 3 119.0 5.0
47 24 76.0 188.0
11 59 192.0 197.0
57 13 5.0 11.0
37 34 118.0 68.0
69 71 105.0 4.0
11 48 65.0 192.0
51 20 74.0 85.0
68 35 76.0 145.0
53 12 113.0 152.0
76 66 183.0 105.0
38 34 105.0 140.0
6 64 44.0 23.0
29 41 130.0 102.0
15 75 124.0 147.0
58 69 60.0 150.0
33 36 118.0 136.0
12 56 95.0 183.0
32 41 195.0 31.0
10 61 133.0 100.0
17 53 7.0 178.0
30 42 50.0 89.0
60 14 179.0 126.0
59 9 48.0 39.0
40 32 151.0 118.0
16 56 108.0 199.0
46 26 3.0 103.0
13 56 38.0 88.0
62 7 88.0 45.0
48 24 176.0 90.0
64 49 48.0 155.0
69 11 15.0 48.0
58 35 192.0 166.0
18 55 113.0 101.0
16 69 53.0 116.0
37 53 144.0 91.0
1 69 73.0 32.0
4 66 3.0 2.0
67 38 134.0 3.0
65 45 33.0 149.0
25 46 142.0 26.0
67 6 85.0 55.0
61 9 148.0 90.0
21 53 54.0 92.0
32 39 149.0 80.0
23 48 194.0 104.0
5 68 151.0 128.0
28 37 34.0 185.0
44 29 35.0 176.0
52 17 29.0 72.0
47 27 89.0 129.0
32 75 69.0 144.0
15 53 2.0 170.0
36 37 153.0 196.0
54 42 197.0 57.0
76 19 5.0 183.0
12 59 151.0 192.0
51 26 104.0 132.0
30 44 27.0 193.0
45 34 135.0 96.0
70 31 123.0 137.0
65 67 177.0 29.0
21 51 118.0 126.0
53 46 189.0 75.0
73 16 66.0 140.0
57 65 168.0 170.0
35 45 122.0 195.0
68 3 119.0 57.0
39 36 153.0 194.0
8 64 196.0 82.0
22 52 141.0 66.0
63 10 91.0 82.0
33 40 149.0 157.0
6 66 85.0 117.0
26 48 49.0 8.0
67 2 168.0 168.0
68 4 197.0 73.0
63 20 0.0 145.0
14 57 139.0 93.0
63 6 17.0 182.0
43 32 149.0 166.0
48 76 167.0 35.0
41 34 158.0 17.0
45 29 177.0 78.0
41 33 39.0 174.0
51 53 79.0 39.0
28 57 188.0 170.0
23 27 163.0 5.0
68 8 167.0 112.0
5 70 9.0 134.0
17 58 107.0 167.0
71 2 37.0 84.0
47 23 110.0 28.0
47 25 166.0 189.0
17 55 116.0 154.0
36 48 59.0 79.0
3 71 144.0 26.0
52 21 90.0 105.0
19 50 1.0 197.0
40 27 121.0 190.0
48 52 174.0 31.0
63 11 94.0 140.0
13 63 148.0 163.0
34 71 191.0 159.0
43 30 134.0 87.0
46 57 9.0 24.0
17 57 37.0 162.0
19 52 145.0 158.0
49 20 114.0 71.0
50 25 199.0 161.0
14 61 14.0 147.0
43 31 9.0 157.0
28 47 140.0 95.0
13 60 52.0 102.0
37 35 98.0 89.0
42 32 93.0 195.0
12 62 103.0 8.0
64 7 88.0 102.0
10 58 115.0 54.0
2 75 102.0 76.0
41 76 45.0 195.0
28 48 86.0 49.0
66 10 131.0 184.0
50 24 79.0 24.0
32 49 77.0 183.0
63 5 54.0 117.0
68 69 98.0 170.0
74 3 96.0 153.0
7 69 12.0 141.0
73 4 158.0 99.0
66 9 172.0 41.0
60 75 62.0 52.0
24 53 60.0 92.0
53 50 63.0 114.0
24 51 173.0 114.0
52 28 157.0 70.0
72 2 116.0 169.0
70 4 188.0 26.0
17 56 71.0 161.0
6 71 40.0 86.0
21 27 128.0 52.0
76 4 129.0 144.0
59 18 142.0 54.0
1 71 100.0 99.0
7 68 146.0 16.0
17 59 49.0 135.0
23 50 52.0 121.0
29 49 69.0 93.0
74 2 132.0 197.0
62 13 20.0 61.0
24 45 180.0 114.0
65 71 184.0 80.0
72 29 28.0 131.0
20 56 161.0 78.0
16 61 31.0 14.0
23 45 151.0 100.0
39 38 21.0 35.0
28 70 94.0 193.0
64 13 61.0 75.0
52 24 108.0 46.0
14 59 55.0 89.0
64 60 13.0 16.0
4 72 132.0 196.0
4 74 198.0 83.0
69 10 40.0 171.0
57 21 188.0 135.0
48 31 49.0 50.0
38 37 129.0 109.0
56 23 172.0 184.0
64 10 139.0 185.0
19 58 177.0 71.0
70 51 30.0 175.0
72 7 48.0 71.0
14 65 141.0 37.0
33 42 141.0 142.0
42 37 112.0 23.0
59 24 24.0 84.0
21 58 48.0 163.0
3 73 135.0 177.0
23 51 70.0 165.0
71 37 168.0 119.0
31 47 66.0 109.0
70 9 34.0 160.0
68 11 114.0 146.0
39 71 159.0 138.0
11 67 157.0 159.0
62 37 30.0 44.0
38 40 42.0 101.0
51 37 144.0 162.0
29 64 27.0 163.0
73 7 187.0 61.0
34 44 152.0 102.0
74 17 144.0 111.0
47 35 183.0 53.0
71 50 198.0 166.0
63 36 56.0 40.0
72 43 23.0 153.0
66 14 5.0 2.0
48 68 49.0 193.0
22 56 67.0 153.0
23 52 134.0 11.0
52 27 198.0 117.0
15 64 171.0 196.0
61 20 197.0 28.0
40 46 121.0 172.0
17 63 40.0 79.0
43 36 163.0 41.0
62 16 110.0 30.0
24 54 51.0 44.0
29 48 74.0 49.0
50 54 156.0 46.0
62 18 82.0 105.0
60 20 160.0 155.0
51 28 194.0 152.0
43 38 81.0 157.0
15 47 199.0 192.0
56 24 47.0 2.0
22 53 4.0 73.0
31 49 139.0 112.0
61 19 8.0 21.0
5 76 100.0 120.0
68 14 125.0 94.0
46 76 5.0 159.0
9 65 133.0 156.0
16 48 146.0 132.0
57 18 113.0 102.0
69 12 126.0 52.0
10 67 183.0 87.0
31 64 21.0 83.0
73 66 49.0 98.0
12 63 132.0 6.0
39 42 156.0 17.0
28 54 137.0 54.0
50 27 183.0 51.0
71 16 9.0 62.0
46 34 139.0 192.0
6 75 140.0 112.0
47 34 145.0 142.0
62 14 84.0 29.0
53 27 39.0 192.0
64 59 53.0 177.0
71 25 132.0 189.0
40 72 20.0 94.0
41 23 108.0 159.0
32 48 78.0 49.0
21 60 158.0 175.0
60 29 106.0 194.0
7 74 149.0 146.0
30 51 196.0 3.0
64 17 90.0 128.0
65 17 195.0 111.0
46 36 183.0 103.0
39 9 32.0 61.0
73 10 139.0 142.0
20 62 196.0 45.0
72 11 13.0 97.0
67 17 121.0 9.0
61 66 191.0 12.0
39 43 29.0 186.0
63 14 47.0 164.0
25 57 146.0 31.0
35 48 160.0 85.0
43 59 137.0 108.0
68 13 140.0 150.0
18 63 54.0 62.0
63 19 17.0 46.0
50 30 102.0 198.0
51 47 77.0 150.0
20 74 58.0 175.0
64 20 17.0 170.0
59 25 16.0 154.0
72 50 141.0 109.0
32 52 121.0 196.0
60 24 50.0 90.0
19 56 109.0 104.0
63 22 198.0 186.0
9 72 143.0 56.0
71 11 115.0 112.0
45 39 91.0 84.0
72 8 196.0 33.0
7 75 113.0 69.0
48 34 57.0 115.0
31 53 107.0 166.0
39 40 14.0 105.0
74 26 190.0 109.0
16 67 99.0 58.0
65 20 67.0 190.0
50 29 3.0 63.0
41 40 35.0 116.0
72 12 197.0 93.0
51 76 180.0 56.0
25 70 181.0 194.0
35 44 69.0 124.0
49 34 68.0 120.0
73 11 11.0 135.0
40 42 146.0 14.0
55 26 79.0 134.0
27 57 171.0 28.0
10 74 154.0 104.0
17 69 127.0 88.0
59 37 182.0 148.0
67 61 70.0 50.0
13 72 16.0 81.0
52 56 74.0 115.0
53 29 98.0 105.0
39 35 66.0 21.0
74 5 118.0 173.0
19 57 82.0 45.0
54 38 19.0 16.0
75 9 191.0 89.0
26 57 196.0 160.0
70 12 2.0 22.0
37 47 104.0 52.0
14 67 181.0 170.0
22 61 127.0 99.0
37 65 181.0 9.0
42 58 54.0 152.0
27 55 153.0 197.0
44 46 188.0 149.0
12 60 12.0 142.0
59 23 110.0 116.0
73 52 171.0 91.0
54 29 91.0 98.0
47 76 183.0 72.0
33 54 81.0 37.0
75 13 86.0 34.0
36 50 184.0 26.0
51 62 108.0 149.0
32 54 135.0 170.0
68 16 191.0 106.0
6 68 97.0 34.0
41 38 148.0 80.0
68 17 54.0 29.0
63 25 55.0 92.0
70 13 8.0 40.0
68 18 155.0 68.0
45 40 15.0 90.0
67 4 110.0 158.0
68 19 17.0 159.0
23 60 86.0 117.0
29 71 67.0 92.0
44 42 15.0 123.0
13 73 94.0 175.0
27 59 14.0 1.0
58 28 36.0 181.0
46 41 146.0 98.0
49 33 86.0 163.0
76 10 108.0 172.0
58 24 195.0 175.0
74 13 54.0 10.0
61 25 21.0 100.0
72 15 13.0 36.0
30 58 137.0 1.0
73 14 144.0 83.0
66 17 156.0 30.0
38 49 112.0 16.0
55 24 170.0 59.0
32 56 7.0 25.0
35 49 138.0 29.0
24 64 76.0 103.0
27 61 47.0 13.0
36 52 15.0 192.0
45 42 30.0 171.0
53 33 99.0 94.0
12 68 125.0 70.0
32 55 86.0 132.0
74 15 55.0 176.0
38 51 69.0 83.0
21 66 92.0 116.0
65 23 145.0 107.0
61 26 116.0 127.0
25 64 53.0 15.0
75 12 159.0 178.0
25 56 161.0 197.0
73 9 11.0 16.0
75 11 142.0 80.0
58 41 47.0 34.0
32 57 196.0 144.0
47 41 47.0 112.0
43 56 30.0 101.0
57 34 1.0 141.0
16 70 23.0 114.0
70 48 71.0 34.0
15 73 84.0 13.0
20 70 23.0 83.0
19 71 123.0 19.0
22 64 153.0 170.0
56 35 80.0 135.0
56 46 149.0 33.0
31 57 33.0 124.0
66 18 166.0 104.0
69 20 191.0 2.0
70 54 67.0 166.0
45 44 20.0 190.0
70 26 184.0 125.0
11 76 191.0 64.0
65 21 106.0 93.0
57 30 181.0 139.0
27 60 104.0 99.0
31 56 86.0 47.0
52 38 154.0 105.0
22 67 173.0 174.0
39 51 97.0 158.0
34 55 51.0 41.0
69 21 174.0 157.0
36 65 31.0 107.0
37 49 155.0 88.0
44 48 197.0 193.0
69 19 5.0 152.0
53 32 108.0 131.0
51 46 43.0 157.0
16 72 192.0 94.0
53 35 188.0 118.0
63 26 38.0 171.0
73 56 44.0 146.0
38 50 152.0 41.0
62 27 137.0 158.0
75 16 154.0 197.0
27 64 97.0 150.0
73 18 142.0 41.0
76 14 195.0 82.0
71 21 74.0 186.0
34 59 116.0 118.0
48 43 62.0 68.0
45 49 81.0 151.0
50 42 149.0 188.0
71 22 113.0 199.0
28 60 30.0 7.0
53 40 42.0 178.0
70 22 112.0 117.0
45 47 71.0 28.0
32 59 157.0 85.0
43 49 94.0 190.0
35 75 194.0 196.0
41 51 155.0 107.0
26 66 44.0 185.0
67 24 51.0 86.0
25 66 79.0 163.0
46 42 42.0 103.0
54 40 67.0 199.0
58 36 163.0 161.0
17 73 141.0 157.0
23 68 196.0 96.0
49 66 88.0 40.0
48 45 132.0 92.0
35 46 129.0 164.0
74 19 143.0 171.0
67 18 33.0 10.0
75 14 137.0 196.0
15 76 41.0 30.0
71 24 55.0 189.0
73 46 165.0 143.0
53 41 46.0 97.0
76 18 146.0 175.0
27 67 136.0 89.0
70 24 86.0 121.0
18 74 159.0 176.0
61 33 146.0 1.0
49 41 149.0 1.0
65 34 184.0 114.0
30 59 31.0 182.0
75 19 9.0 177.0
23 71 181.0 97.0
64 32 44.0 19.0
65 72 63.0 3.0
59 36 39.0 10.0
60 36 23.0 140.0
73 20 49.0 7.0
68 25 50.0 32.0
62 33 9.0 60.0
21 73 50.0 142.0
53 75 168.0 46.0
41 50 63.0 31.0
41 42 57.0 54.0
53 42 73.0 80.0
57 48 74.0 74.0
38 58 30.0 124.0
73 22 49.0 191.0
55 42 126.0 99.0
43 53 109.0 46.0
31 63 105.0 125.0
29 66 84.0 162.0
69 22 30.0 157.0
26 71 13.0 104.0
75 20 8.0 43.0
22 75 115.0 9.0
57 38 120.0 41.0
34 53 105.0 30.0
40 58 44.0 10.0
28 67 12.0 128.0
26 68 151.0 195.0
37 58 160.0 164.0
75 24 198.0 120.0
70 14 18.0 113.0
72 23 149.0 139.0
63 70 167.0 55.0
30 66 162.0 11.0
30 65 12.0 127.0
56 39 150.0 164.0
50 33 54.0 63.0
73 40 186.0 4.0
54 43 8.0 4.0
73 32 75.0 110.0
44 54 44.0 42.0
65 18 76.0 159.0
64 34 26.0 41.0
57 43 85.0 129.0
69 28 173.0 91.0
36 55 145.0 111.0
30 62 93.0 153.0
52 68 132.0 168.0
55 44 115.0 128.0
37 63 66.0 143.0
50 57 141.0 93.0
56 45 27.0 179.0
67 31 45.0 152.0
35 66 35.0 190.0
72 22 47.0 80.0
76 20 92.0 179.0
52 40 133.0 159.0
59 42 129.0 199.0
43 52 132.0 70.0
9 68 136.0 159.0
69 41 94.0 182.0
59 40 60.0 129.0
45 50 132.0 107.0
69 29 126.0 176.0
56 47 150.0 11.0
41 59 180.0 31.0
76 23 26.0 113.0
72 27 79.0 162.0
34 58 16.0 173.0
43 35 89.0 76.0
47 54 130.0 173.0
60 43 178.0 9.0
60 9 178.0 80.0
56 57 39.0 110.0
50 32 173.0 65.0
64 38 88.0 5.0
60 40 145.0 57.0
38 63 153.0 186.0
40 62 100.0 83.0
62 36 50.0 30.0
61 31 96.0 28.0
25 72 45.0 87.0
28 71 18.0 170.0
48 56 8.0 58.0
56 40 43.0 153.0
73 28 174.0 196.0
75 27 113.0 75.0
32 67 141.0 115.0
30 70 95.0 189.0
74 28 3.0 92.0
62 60 65.0 173.0
41 62 96.0 73.0
63 39 52.0 91.0
23 67 121.0 179.0
43 61 147.0 186.0
46 48 32.0 40.0
24 74 134.0 79.0
69 33 144.0 137.0
47 55 177.0 161.0
63 40 98.0 26.0
42 62 35.0 151.0
17 72 76.0 157.0
73 72 199.0 175.0
46 54 145.0 31.0
27 76 111.0 79.0
56 42 22.0 7.0
66 38 31.0 199.0
64 41 121.0 129.0
48 65 100.0 108.0
28 76 50.0 128.0
55 49 62.0 2.0
47 58 122.0 7.0
56 49 83.0 185.0
73 27 192.0 105.0
75 28 116.0 175.0
44 58 177.0 189.0
49 51 3.0 29.0
61 40 28.0 6.0
73 26 138.0 90.0
44 61 194.0 61.0
67 41 49.0 77.0
36 69 152.0 193.0
73 31 178.0 20.0
72 28 161.0 108.0
66 42 127.0 117.0
61 39 163.0 156.0
64 43 76.0 102.0
55 40 89.0 70.0
70 32 152.0 138.0
65 41 131.0 56.0
43 66 76.0 109.0
37 67 51.0 189.0
50 56 106.0 178.0
45 57 112.0 69.0
57 39 85.0 141.0
47 59 48.0 175.0
50 58 98.0 152.0
33 74 0.0 181.0
71 35 77.0 28.0
73 39 167.0 80.0
76 31 106.0 25.0
59 46 134.0 170.0
60 44 153.0 171.0
60 47 186.0 153.0
35 70 65.0 37.0
71 40 152.0 65.0
33 76 122.0 181.0
24 72 92.0 41.0
69 44 169.0 198.0
59 50 180.0 55.0
76 34 107.0 85.0
29 76 89.0 46.0
49 60 10.0 154.0
72 30 67.0 115.0
25 69 33.0 141.0
72 33 182.0 126.0
72 39 115.0 103.0
47 61 182.0 96.0
34 75 61.0 41.0
41 68 68.0 150.0
62 49 128.0 30.0
73 36 197.0 195.0
54 26 56.0 183.0
72 37 72.0 190.0
44 66 39.0 187.0
43 70 139.0 21.0
35 74 93.0 1.0
58 48 176.0 161.0
29 70 140.0 104.0
75 31 187.0 89.0
57 54 10.0 43.0
60 42 175.0 34.0
42 65 33.0 14.0
47 65 178.0 172.0
73 38 55.0 71.0
44 59 93.0 32.0
45 67 120.0 185.0
61 35 79.0 107.0
46 65 136.0 41.0
71 41 13.0 63.0
60 45 58.0 46.0
73 43 170.0 36.0
70 44 181.0 25.0
60 54 122.0 74.0
75 39 38.0 43.0
41 66 137.0 69.0
76 40 92.0 73.0
35 72 187.0 106.0
72 36 87.0 45.0
69 40 76.0 57.0
52 63 135.0 9.0
60 50 94.0 10.0
58 53 133.0 84.0
64 50 64.0 70.0
39 67 155.0 157.0
57 52 103.0 94.0
66 48 99.0 142.0
74 39 18.0 127.0
76 38 182.0 105.0
44 72 68.0 76.0
47 70 180.0 1.0
50 65 34.0 196.0
61 34 57.0 189.0
58 57 192.0 112.0
46 63 101.0 91.0
49 67 192.0 119.0
72 42 127.0 126.0
64 52 12.0 195.0
69 42 132.0 144.0
38 68 92.0 166.0
51 66 119.0 101.0
63 45 118.0 111.0
62 59 27.0 19.0
50 63 78.0 20.0
7 43 6.0 157.0
59 38 167.0 171.0
76 42 73.0 51.0
41 75 159.0 118.0
52 54 19.0 30.0
66 70 54.0 137.0
67 48 171.0 82.0
43 27 64.0 1.0
63 53 53.0 23.0
56 51 164.0 21.0
65 54 174.0 190.0
61 57 118.0 133.0
48 69 113.0 89.0
75 40 55.0 167.0
64 54 36.0 178.0
76 43 8.0 101.0
71 48 2.0 13.0
51 63 131.0 166.0
50 66 53.0 105.0
61 63 96.0 123.0
74 42 113.0 9.0
46 68 30.0 120.0
29 59 137.0 66.0
72 46 16.0 97.0
68 53 113.0 170.0
53 64 108.0 197.0
21 75 14.0 113.0
65 44 102.0 110.0
71 56 97.0 16.0
43 75 81.0 127.0
60 63 65.0 19.0
12 66 61.0 33.0
63 55 77.0 126.0
72 45 42.0 185.0
47 74 175.0 56.0
74 49 194.0 77.0
58 52 141.0 43.0
34 69 169.0 22.0
50 67 86.0 186.0
65 56 89.0 99.0
61 52 20.0 166.0
58 59 31.0 63.0
76 52 195.0 158.0
64 39 131.0 141.0
44 76 15.0 72.0
50 74 80.0 136.0
64 61 198.0 119.0
51 73 21.0 88.0
62 45 50.0 42.0
71 54 65.0 81.0
45 73 118.0 12.0
17 71 61.0 50.0
74 44 101.0 29.0
75 49 58.0 134.0
35 69 86.0 8.0
54 74 124.0 107.0
56 61 13.0 174.0
22 74 135.0 31.0
73 48 75.0 53.0
66 52 191.0 89.0
60 66 99.0 44.0
69 55 27.0 109.0
71 52 63.0 65.0
51 71 69.0 187.0
50 55 33.0 35.0
65 62 16.0 168.0
68 55 10.0 91.0
56 55 111.0 153.0
72 55 86.0 162.0
61 60 168.0 65.0
61 69 108.0 183.0
60 59 82.0 130.0
56 70 99.0 67.0
76 50 44.0 67.0
58 67 94.0 55.0
58 62 94.0 5.0
74 61 95.0 132.0
73 50 85.0 15.0
70 42 136.0 194.0
71 47 51.0 171.0
66 58 24.0 150.0
69 57 139.0 68.0
76 57 172.0 33.0
73 63 98.0 18.0
58 74 53.0 193.0
73 59 180.0 90.0
69 70 126.0 69.0
66 62 153.0 177.0
68 49 56.0 129.0
56 62 131.0 195.0
72 59 13.0 55.0
70 49 80.0 64.0
66 59 76.0 85.0
57 71 128.0 57.0
75 56 28.0 7.0
59 65 148.0 182.0
64 62 66.0 5.0
67 66 191.0 197.0
68 59 103.0 4.0
75 70 55.0 183.0
70 50 152.0 132.0
49 76 64.0 80.0
63 49 137.0 92.0
76 68 192.0 37.0
67 62 55.0 11.0
54 69 128.0 46.0
55 71 92.0 31.0
71 53 53.0 100.0
68 71 39.0 5.0
58 61 144.0 55.0
59 57 53.0 33.0
76 63 168.0 46.0
65 58 12.0 24.0
62 71 183.0 92.0
68 63 97.0 27.0
62 76 134.0 102.0
60 76 36.0 125.0
72 76 127.0 132.0
68 50 159.0 181.0
74 71 5.0 80.0
62 61 5.0 169.0
71 67 152.0 140.0
76 59 83.0 1.0
74 56 7.0 169.0
21 40 165.0 43.0
57 73 60.0 93.0
32 65 33.0 172.0
75 65 193.0 190.0
53 62 186.0 150.0
1 3 13.0 138.0
73 68 106.0 48.0
61 65 14.0 113.0
63 72 91.0 180.0
72 57 82.0 151.0
76 69 104.0 116.0
53 57 35.0 49.0
61 71 46.0 22.0
73 55 53.0 11.0
68 66 103.0 160.0
73 75 92.0 117.0
74 69 171.0 135.0
67 70 173.0 54.0
73 62 41.0 77.0
69 63 54.0 77.0
75 72 72.0 53.0
45 71 119.0 126.0
2 1 56.0 174.0
65 69 198.0 100.0
72 56 168.0 121.0
61 68 140.0 93.0
73 74 182.0 181.0
51 75 31.0 188.0
75 71 129.0 104.0
71 18 86.0 0.0
64 76 187.0 94.0
72 70 16.0 185.0
64 75 160.0 136.0
72 38 36.0 100.0
74 75 154.0 170.0
50 6 10.0 138.0
66 64 10.0 91.0
64 73 100.0 48.0
68 60 189.0 87.0
60 15 176.0 158.0
75 63 22.0 136.0
38 46 181.0 58.0
47 63 123.0 88.0
71 76 139.0 85.0
61 30 148.0 101.0
55 65 86.0 0.0
72 10 85.0 28.0
62 52 100.0 61.0
74 76 13.0 123.0
45 66 17.0 194.0
75 68 101.0 141.0
66 47 80.0 192.0
0
