72 2556 56 71 51959
42 10 122.0 192.0
52 65 163.0 27.0
8 13 199.0 145.0
71 6 53.0 42.0
26 13 127.0 25.0
41 12 180.0 102.0
35 39 178.0 183.0
11 53 116.0 164.0
62 69 56.0 38.0
5 58 67.0 172.0
71 30 156.0 67.0
35 70 76.0 9.0
10 19 186.0 155.0
47 2 152.0 118.0
40 54 130.0 130.0
34 32 39.0 46.0
44 37 120.0 47.0
39 28 188.0 139.0
57 63 51.0 96.0
5 66 45.0 79.0
13 59 90.0 183.0
60 14 67.0 42.0
11 6 140.0 197.0
3 11 127.0 179.0
24 11 85.0 199.0
55 20 190.0 25.0
10 34 165.0 41.0
28 1 175.0 11.0
3 27 198.0 65.0
8 4 2.0 17.0
17 31 156.0 142.0
2 26 144.0 36.0
37 4 154.0 30.0
23 16 72.0 144.0
50 51 60.0 37.0
67 9 117.0 187.0
36 21 43.0 67.0
32 53 48.0 45.0
27 69 115.0 156.0
38 49 65.0 59.0
53 58 154.0 19.0
2 69 130.0 178.0
47 17 64.0 142.0
41 50 163.0 133.0
14 57 148.0 6.0
2 14 38.0 148.0
49 10 5.0 153.0
2 6 29.0 23.0
63 11 7.0 136.0
7 43 116.0 137.0
3 32 51.0 133.0
25 35 45.0 14.0
20 14 55.0 146.0
66 63 121.0 94.0
7 3 1.0 126.0
21 46 123.0 30.0
1 47 110.0 130.0
18 37 115.0 27.0
12 17 60.0 166.0
51 70 197.0 57.0
11 44 35.0 53.0
35 68 49.0 156.0
27 19 15.0 50.0
65 26 136.0 138.0
16 53 184.0 46.0
17 66 188.0 100.0
1 8 68.0 0.0
32 26 57.0 65.0
70 63 111.0 92.0
2 65 172.0 160.0
28 36 171.0 139.0
5 38 99.0 107.0
18 2 138.0 84.0
68 9 68.0 78.0
43 31 154.0 136.0
56 43 100.0 163.0
3 13 98.0 11.0
57 13 91.0 22.0
48 42 187.0 14.0
7 18 39.0 86.0
20 11 62.0 129.0
35 24 109.0 82.0
54 4 29.0 63.0
46 11 53.0 129.0
59 38 43.0 103.0
50 54 56.0 86.0
23 6 28.0 43.0
23 66 57.0 68.0
5 14 158.0 71.0
38 11 98.0 19.0
14 11 2.0 127.0
22 66 199.0 55.0
47 72 23.0 194.0
69 42 123.0 31.0
47 3 12.0 151.0
68 4 111.0 70.0
18 30 30.0 70.0
56 58 172.0 80.0
69 33 89.0 126.0
26 55 23.0 40.0
70 12 129.0 46.0
53 62 2.0 4.0
8 37 162.0 14.0
56 69 152.0 74.0
43 17 177.0 134.0
2 32 13.0 102.0
64 53 96.0 54.0
51 16 7.0 71.0
27 14 46.0 89.0
19 30 153.0 0.0
10 47 185.0 115.0
60 62 133.0 89.0
6 9 175.0 62.0
40 37 70.0 188.0
34 52 59.0 118.0
67 38 20.0 67.0
67 21 108.0 18.0
66 35 155.0 13.0
9 25 187.0 92.0
15 22 59.0 120.0
46 56 100.0 186.0
36 64 196.0 170.0
43 9 12.0 8.0
46 60 39.0 32.0
24 27 136.0 147.0
5 65 4.0 91.0
18 64 15.0 192.0
14 25 74.0 26.0
8 38 51.0 175.0
29 18 62.0 199.0
43 24 15.0 74.0
27 35 169.0 55.0
61 27 80.0 106.0
20 6 60.0 84.0
70 5 2.0 27.0
30 6 140.0 28.0
43 28 6.0 143.0
62 24 87.0 20.0
63 47 89.0 54.0
9 22 12.0 58.0
49 53 131.0 44.0
59 2 103.0 143.0
6 59 98.0 105.0
8 22 42.0 191.0
66 55 142.0 0.0
22 6 36.0 181.0
68 52 172.0 125.0
2 56 161.0 136.0
53 14 22.0 44.0
31 52 67.0 125.0
54 63 84.0 118.0
28 62 156.0 78.0
60 48 177.0 98.0
69 8 71.0 13.0
60 67 12.0 195.0
66 21 181.0 173.0
50 2 127.0 3.0
69 25 65.0 146.0
5 7 178.0 101.0
6 37 169.0 86.0
28 2 63.0 98.0
25 40 83.0 86.0
50 19 130.0 95.0
55 29 31.0 64.0
46 4 193.0 110.0
45 41 114.0 58.0
2 1 46.0 44.0
1 14 103.0 167.0
61 34 36.0 166.0
17 21 81.0 120.0
39 16 4.0 164.0
61 29 73.0 35.0
48 66 3.0 67.0
51 38 179.0 118.0
38 43 129.0 177.0
14 18 113.0 32.0
67 71 91.0 102.0
20 31 193.0 124.0
62 17 25.0 198.0
61 50 76.0 99.0
44 31 189.0 31.0
68 38 185.0 120.0
9 18 61.0 114.0
35 36 157.0 127.0
50 30 156.0 0.0
60 21 40.0 102.0
54 53 41.0 18.0
46 70 120.0 117.0
28 54 134.0 61.0
16 2 66.0 119.0
32 27 25.0 80.0
6 24 38.0 182.0
69 55 191.0 147.0
20 10 128.0 183.0
6 34 138.0 169.0
31 56 9.0 11.0
53 9 190.0 96.0
23 72 189.0 9.0
42 2 142.0 14.0
25 62 188.0 181.0
44 57 142.0 179.0
66 27 182.0 70.0
5 41 138.0 120.0
24 20 171.0 148.0
29 53 66.0 113.0
68 67 117.0 7.0
14 4 115.0 11.0
27 17 54.0 103.0
17 51 153.0 196.0
6 60 113.0 87.0
28 49 42.0 3.0
68 72 103.0 165.0
52 47 63.0 169.0
42 9 172.0 132.0
15 4 72.0 88.0
33 32 112.0 78.0
11 12 175.0 18.0
71 42 9.0 40.0
34 44 61.0 3.0
60 33 198.0 116.0
23 47 55.0 61.0
55 42 68.0 28.0
9 5 177.0 141.0
36 52 189.0 89.0
63 12 196.0 116.0
54 61 134.0 5.0
49 9 3.0 195.0
57 17 79.0 1.0
63 32 68.0 86.0
17 3 49.0 137.0
7 23 98.0 26.0
2 29 0.0 87.0
40 53 44.0 196.0
41 59 120.0 179.0
6 14 43.0 123.0
15 14 44.0 122.0
45 17 52.0 113.0
20 27 161.0 102.0
49 25 33.0 59.0
69 4 180.0 185.0
56 71 71.0 24.0
57 28 2.0 192.0
43 68 176.0 45.0
25 64 36.0 21.0
25 15 155.0 89.0
41 64 120.0 68.0
32 17 76.0 153.0
20 12 186.0 56.0
10 41 65.0 9.0
13 2 174.0 67.0
14 10 13.0 150.0
17 20 112.0 2.0
34 36 145.0 19.0
13 1 161.0 65.0
33 4 99.0 37.0
31 54 39.0 37.0
23 31 18.0 56.0
33 12 69.0 144.0
21 31 125.0 82.0
51 5 179.0 189.0
56 66 65.0 77.0
26 39 169.0 27.0
58 17 79.0 20.0
13 6 92.0 70.0
72 63 151.0 62.0
10 3 94.0 172.0
21 8 174.0 19.0
28 26 171.0 154.0
35 16 171.0 36.0
70 40 143.0 140.0
11 5 46.0 22.0
58 30 120.0 138.0
20 65 125.0 24.0
39 69 114.0 20.0
4 24 47.0 89.0
49 44 122.0 170.0
3 55 55.0 93.0
39 50 158.0 198.0
10 46 66.0 4.0
3 71 141.0 139.0
63 60 156.0 67.0
72 24 19.0 70.0
47 64 183.0 18.0
51 53 36.0 105.0
51 40 24.0 44.0
33 27 138.0 134.0
16 19 137.0 4.0
17 24 182.0 79.0
11 19 74.0 90.0
42 58 119.0 93.0
65 24 83.0 102.0
20 9 101.0 71.0
48 52 151.0 126.0
23 29 77.0 89.0
48 23 39.0 167.0
46 15 152.0 22.0
49 41 33.0 178.0
42 56 50.0 152.0
7 64 137.0 133.0
72 45 30.0 38.0
41 29 182.0 181.0
2 40 184.0 11.0
62 59 10.0 23.0
1 30 120.0 114.0
15 45 87.0 105.0
28 3 1.0 89.0
13 7 136.0 138.0
44 18 3.0 166.0
4 13 78.0 137.0
67 61 191.0 14.0
48 55 103.0 2.0
12 53 1.0 176.0
7 6 76.0 41.0
12 3 12.0 30.0
2 25 188.0 148.0
42 43 199.0 143.0
71 17 88.0 29.0
5 37 107.0 80.0
2 8 21.0 11.0
7 60 63.0 175.0
69 57 168.0 92.0
3 51 155.0 132.0
3 34 44.0 143.0
4 47 17.0 43.0
63 17 147.0 58.0
69 3 102.0 54.0
29 10 26.0 76.0
1 15 81.0 42.0
60 15 165.0 1.0
65 38 50.0 121.0
15 57 170.0 94.0
48 50 21.0 187.0
67 6 182.0 168.0
18 1 59.0 85.0
9 10 101.0 38.0
29 57 183.0 182.0
71 24 22.0 100.0
61 46 187.0 72.0
31 16 45.0 157.0
65 33 170.0 18.0
39 52 29.0 153.0
51 47 58.0 41.0
56 32 67.0 159.0
16 70 125.0 50.0
21 23 49.0 147.0
69 52 66.0 188.0
67 10 195.0 63.0
58 50 87.0 165.0
45 31 38.0 117.0
5 47 163.0 97.0
22 65 148.0 30.0
7 33 130.0 73.0
56 45 59.0 179.0
9 4 130.0 77.0
49 45 10.0 125.0
11 8 146.0 97.0
34 7 125.0 184.0
53 34 113.0 41.0
10 5 144.0 13.0
65 63 191.0 74.0
35 71 2.0 50.0
22 56 190.0 84.0
10 1 144.0 0.0
4 26 68.0 90.0
11 2 92.0 146.0
45 20 102.0 6.0
51 28 18.0 46.0
1 9 172.0 9.0
8 36 4.0 126.0
19 35 61.0 194.0
52 67 175.0 6.0
9 3 12.0 195.0
44 70 88.0 104.0
17 55 195.0 142.0
27 54 148.0 165.0
7 16 93.0 120.0
67 56 29.0 49.0
18 61 29.0 90.0
71 1 138.0 156.0
34 48 172.0 102.0
46 24 29.0 60.0
22 44 7.0 176.0
41 55 158.0 155.0
14 37 159.0 3.0
36 5 84.0 188.0
9 56 191.0 65.0
72 6 176.0 81.0
54 57 74.0 149.0
24 66 116.0 55.0
37 49 60.0 124.0
47 16 99.0 18.0
68 70 38.0 58.0
19 8 74.0 75.0
63 37 61.0 65.0
43 20 143.0 38.0
4 52 178.0 169.0
12 7 65.0 94.0
17 11 190.0 125.0
43 57 165.0 89.0
70 37 95.0 156.0
60 40 129.0 122.0
4 20 141.0 142.0
55 53 73.0 36.0
48 22 20.0 51.0
7 19 94.0 85.0
29 51 174.0 37.0
51 55 80.0 92.0
35 9 125.0 127.0
64 66 106.0 6.0
30 14 27.0 48.0
66 29 1.0 101.0
67 57 176.0 21.0
7 4 71.0 22.0
5 12 31.0 197.0
3 4 164.0 63.0
10 55 120.0 42.0
4 16 29.0 27.0
19 1 31.0 56.0
4 17 153.0 184.0
31 14 64.0 129.0
40 33 83.0 87.0
44 46 101.0 66.0
47 18 64.0 66.0
17 69 112.0 184.0
37 60 162.0 93.0
15 30 150.0 145.0
20 34 73.0 103.0
4 11 149.0 89.0
50 26 100.0 184.0
1 17 92.0 2.0
8 6 156.0 108.0
17 38 92.0 68.0
25 58 47.0 6.0
12 6 74.0 197.0
65 21 118.0 99.0
22 29 174.0 19.0
70 45 187.0 75.0
48 14 91.0 80.0
11 10 129.0 48.0
10 7 42.0 173.0
39 53 45.0 41.0
12 71 68.0 71.0
19 67 80.0 138.0
39 47 188.0 54.0
16 3 121.0 175.0
63 24 55.0 12.0
5 13 133.0 184.0
66 39 111.0 127.0
35 41 125.0 156.0
39 12 153.0 145.0
22 45 19.0 33.0
35 56 156.0 7.0
34 64 127.0 29.0
31 26 194.0 135.0
39 72 31.0 80.0
54 72 71.0 94.0
41 27 190.0 149.0
38 47 186.0 143.0
19 65 172.0 5.0
65 6 41.0 80.0
69 54 146.0 120.0
24 48 5.0 141.0
48 54 60.0 188.0
69 59 60.0 132.0
1 12 17.0 51.0
72 27 58.0 3.0
36 17 147.0 182.0
3 8 177.0 188.0
5 21 27.0 124.0
2 12 195.0 184.0
23 69 18.0 55.0
71 52 90.0 31.0
5 19 100.0 59.0
61 15 7.0 158.0
48 69 52.0 154.0
20 63 32.0 30.0
3 18 71.0 11.0
9 11 9.0 18.0
57 34 127.0 179.0
14 19 185.0 169.0
37 30 73.0 37.0
60 20 170.0 32.0
5 17 195.0 23.0
50 38 140.0 179.0
32 48 130.0 163.0
36 62 59.0 91.0
24 39 20.0 138.0
10 2 125.0 5.0
2 36 84.0 150.0
71 16 182.0 55.0
2 15 59.0 178.0
12 62 42.0 0.0
53 20 191.0 124.0
26 16 152.0 51.0
6 19 70.0 172.0
26 42 90.0 148.0
21 3 67.0 175.0
18 31 11.0 49.0
5 4 191.0 71.0
13 11 141.0 185.0
6 5 83.0 85.0
2 20 113.0 187.0
10 15 31.0 184.0
42 37 165.0 121.0
39 41 120.0 184.0
15 19 138.0 131.0
22 67 6.0 81.0
58 43 164.0 100.0
56 26 51.0 199.0
10 4 102.0 165.0
3 54 91.0 85.0
18 24 119.0 9.0
8 18 134.0 191.0
36 20 97.0 24.0
30 11 159.0 103.0
53 68 148.0 75.0
37 3 165.0 151.0
22 21 112.0 20.0
2 5 106.0 3.0
49 21 120.0 178.0
39 18 89.0 6.0
53 23 178.0 186.0
49 67 61.0 137.0
22 4 90.0 161.0
15 8 52.0 7.0
54 12 102.0 116.0
38 16 101.0 9.0
37 52 194.0 173.0
13 52 57.0 35.0
14 7 50.0 187.0
13 9 13.0 63.0
1 49 78.0 55.0
10 40 174.0 130.0
67 23 31.0 76.0
39 6 106.0 85.0
1 3 37.0 52.0
55 56 104.0 94.0
54 18 77.0 106.0
22 19 149.0 43.0
26 1 139.0 27.0
50 55 60.0 113.0
5 71 130.0 91.0
10 6 60.0 36.0
28 25 177.0 97.0
25 48 93.0 33.0
5 18 85.0 171.0
54 55 160.0 34.0
65 70 82.0 99.0
68 22 136.0 142.0
36 66 38.0 66.0
7 8 149.0 98.0
32 12 127.0 78.0
3 24 18.0 21.0
59 33 16.0 103.0
2 7 78.0 176.0
11 1 130.0 160.0
22 3 99.0 66.0
65 46 50.0 138.0
53 21 187.0 151.0
49 70 26.0 115.0
37 65 46.0 45.0
25 29 94.0 62.0
31 71 45.0 172.0
11 7 10.0 127.0
12 27 75.0 110.0
16 65 171.0 125.0
13 29 124.0 110.0
21 1 101.0 103.0
2 45 49.0 100.0
9 8 142.0 143.0
26 29 171.0 139.0
58 52 188.0 181.0
22 20 44.0 64.0
28 30 32.0 15.0
3 14 131.0 108.0
24 28 120.0 185.0
16 54 112.0 170.0
2 23 0.0 54.0
6 3 134.0 171.0
70 18 26.0 75.0
53 4 192.0 70.0
49 30 154.0 24.0
43 53 121.0 86.0
9 16 7.0 42.0
13 45 155.0 71.0
3 15 163.0 108.0
41 40 85.0 49.0
57 21 133.0 111.0
24 54 48.0 77.0
5 16 188.0 2.0
66 33 33.0 110.0
64 57 171.0 193.0
45 57 97.0 79.0
23 60 14.0 12.0
27 23 155.0 51.0
43 27 50.0 40.0
18 6 121.0 50.0
16 1 107.0 110.0
70 29 108.0 93.0
29 31 192.0 32.0
15 32 45.0 41.0
15 12 20.0 59.0
21 16 102.0 127.0
58 16 25.0 104.0
5 27 158.0 146.0
17 9 4.0 18.0
21 4 104.0 64.0
38 1 99.0 48.0
48 51 161.0 144.0
14 13 164.0 134.0
5 22 44.0 66.0
54 36 121.0 21.0
6 41 188.0 32.0
65 43 5.0 144.0
66 10 62.0 109.0
26 47 169.0 113.0
25 51 48.0 82.0
15 17 137.0 12.0
55 23 115.0 133.0
58 44 135.0 188.0
12 61 99.0 75.0
47 21 87.0 56.0
6 17 142.0 149.0
61 16 28.0 63.0
10 59 143.0 28.0
23 3 96.0 80.0
12 8 176.0 11.0
22 1 43.0 111.0
6 21 195.0 95.0
4 12 91.0 82.0
46 57 97.0 34.0
16 66 24.0 77.0
68 26 110.0 167.0
18 72 168.0 6.0
13 43 133.0 144.0
19 32 142.0 128.0
18 16 104.0 89.0
18 11 196.0 147.0
1 23 107.0 94.0
7 15 178.0 83.0
62 27 174.0 40.0
26 24 13.0 94.0
2 9 43.0 98.0
38 52 95.0 137.0
11 28 129.0 199.0
24 59 11.0 78.0
17 2 167.0 70.0
14 16 76.0 97.0
36 67 4.0 51.0
19 4 162.0 169.0
23 5 37.0 5.0
64 71 49.0 132.0
42 36 24.0 131.0
23 26 166.0 35.0
62 58 180.0 85.0
16 12 165.0 57.0
17 61 113.0 121.0
70 20 197.0 27.0
32 49 158.0 35.0
64 24 48.0 159.0
60 43 185.0 25.0
12 29 136.0 151.0
31 13 80.0 69.0
51 71 195.0 46.0
7 9 95.0 108.0
51 41 121.0 45.0
10 8 199.0 79.0
40 72 50.0 0.0
27 4 85.0 187.0
5 8 59.0 173.0
15 67 49.0 140.0
65 11 106.0 44.0
42 25 68.0 154.0
65 56 65.0 189.0
27 1 30.0 64.0
23 4 45.0 33.0
50 5 31.0 130.0
5 15 189.0 90.0
16 6 67.0 38.0
33 67 178.0 125.0
20 48 131.0 198.0
47 12 13.0 196.0
17 30 172.0 44.0
9 15 119.0 170.0
42 53 160.0 150.0
5 1 7.0 150.0
24 5 95.0 74.0
28 5 162.0 25.0
48 56 165.0 45.0
68 59 123.0 131.0
16 24 132.0 48.0
61 11 53.0 51.0
63 2 131.0 166.0
19 53 169.0 138.0
22 10 183.0 16.0
19 2 2.0 145.0
58 40 180.0 168.0
42 52 40.0 56.0
19 3 182.0 172.0
43 33 48.0 187.0
14 12 75.0 131.0
54 6 30.0 196.0
18 38 5.0 13.0
40 16 72.0 7.0
71 72 39.0 53.0
51 62 156.0 31.0
22 36 191.0 138.0
2 27 109.0 191.0
72 12 53.0 184.0
1 25 82.0 35.0
19 17 153.0 39.0
32 55 117.0 25.0
4 25 56.0 108.0
28 12 8.0 165.0
48 8 74.0 151.0
6 40 165.0 183.0
67 65 114.0 170.0
46 38 199.0 148.0
17 13 21.0 152.0
67 50 64.0 138.0
1 64 3.0 120.0
3 46 33.0 12.0
21 10 26.0 108.0
10 12 76.0 143.0
8 14 168.0 191.0
63 44 28.0 167.0
72 56 65.0 49.0
34 68 113.0 81.0
59 58 29.0 116.0
32 57 84.0 14.0
37 27 102.0 110.0
16 13 185.0 179.0
32 51 142.0 154.0
22 34 140.0 122.0
18 20 146.0 157.0
15 31 153.0 11.0
17 64 135.0 134.0
65 53 4.0 19.0
5 20 45.0 106.0
40 38 159.0 30.0
16 25 173.0 101.0
3 40 155.0 113.0
59 48 160.0 53.0
22 57 157.0 65.0
64 72 103.0 92.0
69 64 27.0 107.0
13 10 184.0 72.0
16 15 115.0 95.0
72 21 1.0 88.0
60 10 21.0 156.0
30 2 190.0 134.0
34 24 168.0 99.0
40 49 3.0 24.0
40 12 152.0 30.0
42 63 53.0 89.0
21 25 99.0 168.0
7 24 8.0 52.0
26 6 138.0 30.0
34 13 194.0 80.0
52 60 18.0 115.0
36 4 179.0 21.0
1 29 72.0 83.0
34 29 118.0 77.0
70 14 194.0 169.0
38 71 14.0 2.0
9 21 152.0 104.0
29 49 16.0 98.0
53 22 39.0 186.0
25 17 79.0 18.0
3 26 173.0 103.0
25 8 135.0 91.0
66 69 182.0 129.0
14 9 17.0 148.0
13 70 169.0 169.0
9 23 57.0 137.0
50 68 89.0 97.0
12 68 199.0 120.0
18 32 196.0 124.0
28 16 84.0 131.0
28 22 62.0 66.0
12 18 117.0 31.0
45 33 161.0 38.0
4 40 156.0 171.0
52 53 38.0 198.0
64 15 105.0 189.0
63 58 49.0 53.0
22 2 108.0 134.0
46 9 198.0 122.0
40 18 43.0 68.0
66 59 28.0 5.0
43 41 37.0 185.0
21 64 131.0 75.0
22 18 147.0 188.0
3 2 59.0 149.0
8 20 31.0 119.0
52 50 59.0 182.0
13 12 155.0 102.0
21 68 142.0 183.0
36 25 135.0 179.0
32 24 157.0 67.0
13 21 2.0 104.0
66 54 131.0 61.0
25 45 28.0 114.0
22 25 175.0 39.0
11 23 159.0 130.0
11 22 92.0 101.0
67 26 138.0 28.0
65 48 112.0 47.0
55 16 55.0 114.0
70 17 149.0 138.0
61 14 138.0 129.0
38 41 56.0 65.0
23 8 167.0 15.0
71 61 48.0 59.0
14 32 141.0 138.0
23 58 141.0 5.0
18 49 198.0 196.0
1 20 12.0 147.0
21 54 145.0 102.0
11 16 11.0 153.0
29 17 130.0 178.0
6 55 90.0 130.0
15 13 116.0 32.0
15 54 199.0 57.0
10 18 61.0 149.0
21 18 184.0 74.0
15 49 75.0 82.0
65 28 12.0 87.0
45 50 193.0 94.0
32 42 85.0 83.0
55 12 108.0 1.0
66 3 118.0 108.0
32 10 156.0 180.0
32 1 184.0 140.0
7 39 31.0 60.0
67 4 14.0 43.0
69 43 172.0 7.0
12 19 65.0 57.0
31 35 119.0 125.0
53 10 35.0 37.0
23 10 149.0 143.0
31 3 110.0 134.0
17 7 116.0 141.0
5 26 9.0 130.0
59 42 93.0 181.0
61 55 194.0 110.0
33 29 124.0 113.0
54 7 64.0 160.0
30 4 199.0 14.0
60 45 198.0 109.0
21 2 43.0 66.0
28 70 117.0 52.0
39 27 122.0 11.0
9 50 81.0 116.0
15 6 131.0 5.0
29 14 4.0 147.0
38 58 112.0 3.0
10 17 163.0 110.0
12 34 158.0 6.0
47 28 116.0 76.0
70 56 125.0 39.0
3 25 174.0 6.0
7 20 21.0 57.0
34 5 102.0 177.0
63 61 83.0 15.0
62 30 17.0 47.0
7 38 84.0 175.0
9 12 13.0 153.0
8 17 155.0 139.0
12 50 140.0 129.0
29 3 191.0 161.0
9 24 12.0 93.0
7 21 20.0 96.0
35 32 96.0 37.0
13 62 117.0 181.0
5 29 11.0 130.0
8 27 81.0 166.0
24 40 76.0 22.0
66 8 79.0 67.0
43 50 97.0 92.0
10 24 63.0 117.0
68 28 87.0 160.0
22 13 40.0 156.0
28 8 161.0 51.0
11 15 75.0 194.0
41 1 153.0 152.0
9 52 178.0 185.0
29 38 10.0 27.0
2 57 156.0 73.0
25 6 75.0 195.0
31 9 161.0 116.0
56 8 99.0 122.0
10 62 57.0 175.0
10 16 189.0 11.0
67 5 87.0 167.0
9 27 146.0 97.0
44 67 94.0 102.0
27 6 138.0 170.0
21 15 192.0 100.0
70 55 198.0 92.0
44 68 129.0 56.0
3 20 100.0 118.0
6 29 192.0 139.0
49 69 27.0 90.0
1 34 19.0 122.0
7 22 195.0 109.0
27 10 191.0 139.0
17 14 27.0 190.0
27 7 52.0 108.0
25 5 184.0 105.0
13 18 49.0 128.0
34 11 192.0 77.0
51 64 155.0 163.0
12 24 181.0 102.0
23 13 170.0 124.0
26 11 28.0 149.0
13 19 33.0 80.0
22 50 102.0 17.0
71 58 15.0 103.0
68 61 77.0 159.0
52 3 182.0 33.0
67 8 28.0 115.0
2 41 155.0 150.0
7 28 75.0 183.0
15 72 195.0 108.0
50 71 183.0 49.0
72 65 187.0 198.0
12 25 120.0 16.0
72 42 177.0 55.0
24 13 114.0 6.0
25 7 21.0 69.0
31 2 118.0 96.0
4 29 173.0 65.0
35 11 154.0 108.0
20 59 104.0 93.0
40 46 198.0 176.0
32 8 48.0 175.0
43 30 164.0 114.0
35 1 2.0 137.0
21 58 112.0 121.0
23 51 120.0 85.0
6 42 72.0 74.0
30 5 18.0 128.0
14 49 92.0 16.0
57 1 42.0 140.0
30 47 119.0 158.0
5 33 35.0 122.0
66 44 119.0 147.0
30 7 186.0 40.0
35 67 134.0 10.0
19 51 119.0 152.0
23 12 35.0 11.0
14 22 94.0 29.0
6 4 4.0 14.0
12 49 69.0 39.0
20 35 16.0 188.0
31 5 54.0 155.0
25 13 185.0 188.0
32 5 3.0 104.0
37 1 182.0 190.0
51 20 31.0 77.0
18 19 50.0 35.0
12 26 166.0 119.0
30 20 136.0 134.0
2 34 39.0 190.0
56 59 15.0 176.0
2 24 188.0 170.0
36 57 21.0 171.0
3 30 193.0 52.0
4 57 174.0 195.0
30 8 183.0 92.0
55 67 118.0 72.0
53 15 27.0 109.0
4 28 168.0 194.0
31 4 16.0 156.0
16 17 159.0 189.0
16 20 18.0 104.0
18 45 4.0 144.0
7 53 44.0 187.0
64 20 35.0 162.0
51 24 19.0 62.0
37 2 177.0 187.0
53 72 0.0 145.0
40 15 150.0 111.0
33 48 113.0 169.0
36 10 186.0 117.0
7 58 69.0 30.0
1 24 142.0 104.0
49 23 29.0 161.0
71 37 50.0 158.0
53 33 19.0 50.0
63 34 118.0 169.0
25 67 148.0 184.0
4 18 10.0 134.0
7 69 27.0 31.0
26 8 134.0 121.0
30 36 131.0 115.0
72 26 83.0 181.0
2 48 120.0 102.0
25 57 176.0 190.0
67 47 70.0 124.0
29 9 138.0 32.0
16 48 92.0 117.0
32 9 155.0 178.0
1 33 161.0 86.0
56 68 0.0 45.0
43 44 98.0 72.0
44 40 86.0 27.0
14 72 65.0 108.0
10 25 193.0 4.0
14 26 59.0 37.0
41 9 186.0 166.0
38 14 84.0 148.0
25 66 179.0 85.0
37 46 16.0 29.0
31 6 10.0 102.0
35 5 74.0 27.0
8 24 164.0 19.0
10 65 169.0 23.0
26 9 142.0 108.0
59 17 171.0 26.0
10 56 197.0 150.0
2 38 193.0 13.0
13 20 196.0 155.0
7 72 85.0 22.0
23 18 127.0 49.0
21 12 178.0 97.0
55 22 112.0 120.0
38 27 118.0 83.0
27 13 183.0 67.0
36 6 153.0 128.0
13 37 178.0 149.0
36 44 41.0 16.0
15 20 165.0 169.0
32 6 160.0 143.0
40 8 140.0 72.0
51 45 124.0 10.0
4 35 10.0 59.0
55 68 59.0 163.0
48 49 146.0 189.0
33 2 151.0 188.0
32 62 17.0 117.0
9 30 150.0 177.0
5 3 142.0 42.0
62 5 107.0 18.0
66 38 144.0 117.0
49 66 192.0 155.0
42 17 85.0 90.0
23 63 125.0 36.0
68 58 114.0 142.0
55 64 146.0 16.0
31 1 86.0 88.0
23 59 48.0 145.0
40 7 103.0 144.0
19 24 145.0 47.0
12 51 145.0 182.0
28 13 108.0 70.0
37 69 194.0 22.0
21 11 12.0 140.0
26 61 64.0 50.0
3 35 125.0 64.0
18 17 9.0 180.0
28 45 54.0 154.0
36 1 190.0 0.0
33 8 134.0 98.0
20 58 174.0 128.0
65 61 9.0 138.0
29 11 190.0 25.0
11 27 145.0 67.0
50 57 108.0 106.0
20 19 2.0 115.0
37 36 158.0 192.0
58 60 76.0 93.0
39 4 76.0 3.0
35 54 146.0 85.0
59 40 17.0 89.0
57 5 154.0 114.0
28 10 88.0 14.0
9 19 132.0 90.0
1 40 134.0 43.0
47 33 42.0 162.0
15 18 55.0 118.0
9 34 45.0 2.0
17 23 123.0 14.0
40 50 108.0 29.0
24 15 86.0 148.0
22 64 169.0 170.0
51 14 56.0 55.0
62 3 11.0 50.0
16 22 50.0 66.0
14 24 46.0 95.0
40 23 15.0 121.0
26 19 44.0 75.0
10 31 70.0 82.0
39 70 144.0 192.0
11 72 72.0 152.0
18 59 57.0 83.0
7 29 198.0 59.0
27 52 137.0 196.0
2 70 8.0 152.0
36 3 164.0 52.0
4 56 121.0 187.0
26 15 110.0 18.0
11 25 148.0 182.0
62 50 95.0 157.0
72 57 145.0 93.0
4 38 188.0 82.0
55 52 129.0 196.0
7 42 169.0 46.0
41 58 28.0 43.0
33 11 190.0 90.0
48 10 4.0 138.0
3 64 113.0 100.0
49 26 187.0 58.0
12 46 145.0 176.0
8 29 94.0 27.0
62 18 61.0 16.0
3 44 70.0 89.0
39 5 103.0 12.0
31 8 47.0 60.0
7 65 14.0 161.0
18 68 44.0 2.0
35 8 192.0 142.0
55 58 28.0 39.0
32 4 100.0 41.0
3 60 138.0 170.0
16 29 20.0 193.0
14 62 140.0 19.0
54 29 175.0 154.0
7 35 168.0 19.0
10 33 45.0 161.0
67 17 124.0 25.0
48 27 25.0 176.0
14 59 164.0 115.0
38 3 70.0 136.0
35 37 183.0 10.0
65 14 144.0 158.0
15 27 120.0 113.0
44 2 126.0 165.0
19 55 185.0 50.0
31 7 110.0 162.0
22 62 110.0 26.0
50 44 155.0 133.0
25 18 111.0 139.0
3 39 142.0 56.0
7 36 175.0 62.0
7 37 173.0 101.0
26 18 81.0 110.0
11 41 160.0 191.0
46 35 190.0 70.0
33 3 4.0 146.0
26 7 63.0 115.0
7 68 18.0 157.0
29 52 39.0 145.0
13 30 71.0 12.0
70 27 184.0 153.0
6 35 47.0 144.0
67 31 151.0 38.0
9 36 21.0 107.0
6 64 163.0 84.0
59 3 143.0 133.0
39 8 164.0 182.0
21 44 178.0 187.0
28 9 16.0 162.0
5 40 7.0 63.0
23 19 194.0 159.0
30 51 18.0 15.0
42 21 92.0 134.0
19 21 59.0 35.0
11 42 126.0 175.0
29 20 34.0 104.0
40 67 148.0 50.0
69 18 149.0 156.0
64 4 164.0 143.0
2 43 127.0 183.0
60 22 9.0 19.0
43 1 186.0 20.0
72 29 188.0 113.0
64 58 118.0 174.0
42 4 160.0 67.0
42 64 64.0 61.0
67 70 127.0 181.0
53 61 31.0 54.0
10 58 121.0 192.0
17 22 55.0 60.0
41 14 119.0 195.0
71 2 130.0 190.0
7 32 138.0 91.0
65 57 178.0 155.0
54 33 177.0 105.0
21 41 37.0 160.0
26 25 121.0 110.0
28 15 125.0 128.0
39 1 190.0 197.0
4 34 189.0 120.0
24 22 84.0 79.0
53 3 129.0 62.0
15 29 174.0 59.0
64 44 169.0 11.0
13 35 89.0 90.0
61 35 92.0 166.0
27 18 137.0 82.0
15 59 50.0 78.0
71 62 90.0 134.0
24 23 114.0 19.0
14 23 147.0 89.0
59 29 126.0 116.0
21 14 171.0 167.0
41 22 21.0 15.0
17 28 199.0 158.0
36 29 73.0 50.0
19 49 138.0 163.0
30 16 49.0 4.0
30 70 167.0 196.0
27 34 176.0 93.0
26 21 152.0 147.0
31 11 43.0 173.0
39 9 15.0 42.0
30 12 66.0 40.0
6 45 162.0 156.0
60 18 56.0 163.0
31 72 56.0 24.0
33 14 152.0 185.0
20 23 76.0 56.0
48 62 10.0 71.0
34 18 138.0 177.0
47 19 91.0 156.0
63 50 17.0 5.0
3 45 136.0 73.0
72 2 160.0 145.0
40 19 49.0 64.0
55 65 61.0 77.0
36 11 71.0 24.0
30 42 27.0 161.0
4 70 97.0 118.0
47 60 160.0 66.0
60 29 75.0 97.0
30 67 60.0 187.0
5 42 138.0 61.0
68 51 176.0 0.0
35 2 108.0 47.0
41 7 53.0 135.0
23 15 12.0 102.0
18 58 173.0 125.0
30 55 50.0 0.0
65 60 92.0 63.0
47 29 161.0 30.0
1 42 5.0 89.0
23 34 40.0 113.0
13 33 79.0 93.0
22 23 184.0 44.0
13 66 177.0 109.0
64 30 63.0 180.0
17 60 38.0 107.0
16 50 182.0 151.0
21 24 182.0 188.0
19 25 83.0 22.0
31 68 109.0 163.0
27 16 179.0 46.0
33 20 175.0 109.0
66 50 17.0 38.0
37 58 99.0 8.0
44 4 58.0 82.0
44 1 186.0 41.0
52 56 130.0 70.0
22 26 98.0 39.0
1 54 72.0 29.0
18 43 114.0 47.0
20 54 159.0 131.0
43 3 120.0 11.0
52 14 155.0 131.0
44 69 94.0 142.0
12 36 174.0 24.0
70 33 141.0 72.0
20 25 46.0 165.0
20 21 20.0 160.0
2 46 87.0 131.0
33 9 138.0 159.0
15 33 158.0 46.0
47 37 106.0 53.0
1 46 53.0 80.0
36 13 147.0 146.0
21 27 151.0 193.0
11 32 76.0 123.0
19 28 37.0 115.0
4 43 193.0 128.0
70 47 83.0 151.0
6 38 122.0 189.0
11 47 127.0 127.0
27 22 134.0 74.0
9 37 11.0 85.0
29 19 28.0 39.0
49 43 69.0 17.0
8 41 97.0 62.0
34 14 89.0 181.0
7 1 156.0 163.0
65 51 119.0 36.0
10 35 51.0 5.0
59 36 160.0 62.0
32 16 172.0 140.0
44 8 140.0 193.0
34 16 79.0 189.0
31 27 96.0 120.0
33 16 37.0 5.0
7 44 42.0 109.0
12 31 138.0 93.0
70 61 113.0 50.0
38 12 121.0 37.0
29 21 60.0 13.0
12 35 165.0 91.0
62 45 18.0 13.0
19 31 126.0 55.0
68 37 67.0 168.0
56 23 92.0 157.0
11 48 83.0 158.0
15 34 155.0 156.0
3 58 169.0 16.0
43 6 97.0 86.0
38 10 71.0 115.0
39 51 186.0 198.0
8 34 22.0 5.0
38 13 54.0 114.0
50 65 24.0 138.0
53 47 198.0 131.0
40 9 188.0 120.0
34 17 78.0 85.0
11 39 185.0 150.0
10 37 161.0 123.0
30 21 151.0 183.0
43 59 163.0 5.0
5 45 142.0 139.0
25 24 158.0 141.0
49 2 25.0 146.0
37 12 134.0 56.0
48 7 105.0 71.0
51 1 124.0 19.0
11 59 116.0 27.0
45 66 79.0 79.0
33 52 174.0 21.0
26 17 12.0 132.0
5 44 51.0 190.0
62 47 44.0 185.0
53 1 110.0 102.0
13 39 76.0 186.0
48 4 184.0 192.0
44 6 79.0 63.0
26 20 188.0 54.0
35 17 30.0 153.0
17 33 30.0 81.0
18 35 193.0 27.0
45 8 180.0 55.0
51 42 85.0 8.0
38 15 54.0 69.0
41 3 122.0 86.0
58 29 176.0 111.0
3 48 199.0 6.0
23 28 148.0 182.0
27 26 189.0 93.0
30 10 148.0 121.0
54 51 197.0 33.0
1 50 58.0 51.0
52 2 164.0 181.0
14 28 12.0 92.0
69 60 67.0 163.0
4 45 53.0 167.0
35 53 100.0 194.0
65 29 101.0 48.0
7 67 128.0 98.0
15 35 132.0 187.0
37 16 173.0 49.0
47 6 24.0 137.0
40 13 187.0 43.0
71 11 104.0 41.0
63 36 134.0 5.0
64 62 149.0 35.0
72 55 32.0 30.0
61 10 131.0 117.0
34 47 5.0 56.0
28 58 108.0 29.0
47 57 44.0 95.0
11 37 8.0 100.0
43 11 131.0 142.0
49 3 6.0 33.0
16 64 107.0 191.0
15 36 73.0 39.0
43 32 141.0 78.0
44 9 87.0 49.0
44 42 117.0 83.0
31 22 61.0 77.0
32 22 56.0 193.0
61 3 20.0 14.0
45 1 25.0 127.0
19 33 43.0 98.0
20 28 55.0 185.0
60 19 22.0 94.0
23 25 117.0 91.0
57 41 105.0 178.0
35 14 191.0 113.0
38 33 142.0 163.0
46 20 151.0 167.0
32 13 23.0 146.0
34 60 188.0 78.0
41 13 1.0 162.0
22 38 118.0 118.0
46 8 64.0 175.0
47 7 26.0 8.0
7 46 158.0 120.0
28 6 72.0 61.0
8 42 59.0 95.0
60 55 113.0 47.0
51 59 56.0 67.0
40 34 189.0 126.0
45 9 63.0 5.0
55 62 119.0 41.0
24 31 47.0 78.0
32 23 163.0 71.0
44 24 95.0 22.0
40 11 95.0 160.0
32 36 47.0 103.0
36 18 103.0 36.0
12 42 33.0 118.0
48 64 192.0 153.0
58 48 74.0 191.0
19 48 78.0 37.0
43 8 75.0 173.0
27 28 112.0 122.0
6 33 30.0 159.0
50 3 146.0 85.0
4 49 100.0 180.0
44 54 36.0 92.0
45 68 94.0 111.0
43 21 80.0 124.0
57 66 145.0 107.0
51 4 0.0 57.0
9 58 119.0 30.0
33 18 161.0 66.0
56 39 35.0 61.0
40 14 55.0 23.0
45 10 191.0 101.0
6 46 51.0 24.0
23 30 162.0 196.0
34 46 73.0 162.0
47 49 195.0 145.0
53 28 35.0 108.0
66 11 148.0 70.0
44 39 120.0 155.0
36 14 119.0 112.0
51 49 62.0 170.0
28 31 85.0 24.0
5 68 50.0 158.0
24 29 47.0 197.0
25 27 131.0 83.0
13 42 7.0 79.0
18 28 84.0 128.0
36 65 29.0 3.0
25 31 99.0 43.0
38 9 120.0 184.0
4 41 194.0 171.0
43 5 121.0 42.0
19 70 6.0 52.0
33 23 86.0 166.0
42 3 113.0 170.0
5 46 118.0 95.0
52 19 48.0 169.0
47 59 69.0 168.0
48 9 103.0 16.0
30 26 38.0 24.0
14 42 69.0 197.0
50 60 31.0 155.0
10 44 47.0 97.0
29 27 6.0 165.0
29 28 145.0 6.0
33 21 193.0 14.0
39 14 30.0 49.0
49 5 79.0 21.0
34 19 15.0 149.0
70 1 190.0 199.0
15 41 89.0 37.0
21 35 74.0 95.0
57 7 33.0 19.0
37 20 199.0 26.0
33 28 161.0 30.0
70 60 107.0 40.0
47 8 2.0 123.0
53 2 84.0 144.0
41 17 10.0 125.0
50 8 127.0 36.0
22 35 7.0 160.0
19 36 162.0 7.0
2 39 171.0 123.0
28 21 61.0 79.0
42 35 55.0 15.0
61 8 198.0 91.0
20 32 179.0 8.0
54 13 167.0 58.0
45 44 46.0 175.0
23 71 180.0 9.0
12 44 11.0 152.0
40 17 154.0 24.0
50 56 165.0 161.0
41 18 194.0 163.0
15 42 162.0 173.0
11 45 124.0 130.0
27 50 16.0 170.0
24 33 10.0 197.0
65 54 64.0 173.0
34 25 173.0 170.0
45 53 90.0 138.0
53 6 110.0 84.0
5 52 199.0 73.0
39 10 99.0 123.0
69 31 51.0 67.0
50 49 193.0 13.0
46 67 153.0 10.0
56 53 75.0 126.0
12 43 49.0 117.0
41 16 149.0 112.0
43 66 58.0 149.0
39 20 56.0 109.0
19 37 152.0 107.0
37 17 111.0 145.0
51 2 145.0 64.0
30 24 0.0 172.0
30 29 29.0 2.0
45 7 60.0 130.0
68 48 95.0 118.0
14 44 30.0 151.0
30 27 150.0 182.0
51 7 92.0 61.0
25 33 75.0 37.0
6 48 28.0 76.0
2 54 196.0 9.0
14 43 147.0 56.0
44 16 179.0 194.0
51 18 63.0 10.0
43 16 141.0 14.0
17 39 12.0 33.0
55 2 22.0 39.0
40 36 33.0 3.0
35 23 193.0 29.0
17 54 76.0 92.0
47 9 22.0 55.0
8 49 42.0 85.0
13 44 138.0 183.0
32 41 32.0 150.0
63 31 173.0 7.0
22 33 107.0 158.0
26 33 127.0 100.0
42 16 140.0 3.0
1 55 15.0 162.0
7 52 142.0 57.0
4 66 82.0 80.0
46 14 104.0 66.0
7 49 134.0 29.0
55 5 10.0 41.0
19 38 104.0 137.0
32 37 118.0 44.0
55 31 82.0 85.0
62 8 160.0 176.0
17 50 1.0 42.0
8 51 21.0 57.0
71 8 122.0 155.0
52 70 154.0 84.0
59 1 82.0 10.0
51 6 119.0 152.0
25 32 122.0 154.0
5 53 21.0 34.0
3 56 35.0 174.0
35 33 24.0 8.0
56 5 98.0 98.0
50 7 60.0 4.0
13 46 172.0 94.0
32 28 186.0 92.0
42 19 17.0 108.0
41 71 172.0 190.0
45 16 61.0 159.0
23 37 20.0 86.0
50 6 101.0 118.0
72 35 74.0 161.0
30 25 63.0 47.0
9 51 138.0 1.0
22 39 17.0 107.0
4 50 127.0 141.0
64 46 12.0 140.0
2 58 153.0 32.0
44 47 34.0 54.0
25 56 122.0 108.0
45 12 27.0 137.0
47 27 87.0 165.0
20 38 154.0 57.0
68 23 138.0 33.0
41 20 120.0 150.0
26 34 67.0 73.0
13 72 116.0 101.0
71 59 172.0 38.0
48 13 20.0 152.0
42 38 64.0 59.0
52 1 17.0 171.0
36 26 166.0 155.0
49 11 35.0 87.0
40 20 131.0 54.0
44 15 142.0 0.0
38 21 91.0 67.0
31 36 183.0 63.0
44 17 183.0 0.0
16 36 58.0 0.0
19 39 10.0 177.0
46 33 157.0 197.0
19 41 72.0 40.0
36 24 181.0 167.0
52 8 149.0 25.0
39 21 93.0 132.0
12 48 107.0 76.0
18 42 183.0 165.0
53 8 150.0 145.0
46 16 87.0 107.0
35 26 105.0 111.0
45 71 171.0 86.0
17 72 69.0 120.0
5 48 67.0 115.0
18 48 193.0 174.0
23 36 157.0 128.0
7 55 193.0 108.0
47 13 160.0 32.0
12 64 56.0 65.0
39 23 38.0 27.0
47 14 119.0 108.0
60 1 42.0 139.0
48 15 139.0 187.0
10 52 144.0 96.0
29 32 155.0 137.0
61 2 39.0 116.0
65 62 38.0 95.0
2 60 101.0 29.0
32 58 80.0 172.0
49 24 182.0 74.0
34 21 86.0 121.0
24 38 118.0 30.0
22 37 50.0 73.0
5 54 57.0 90.0
44 20 8.0 47.0
19 43 139.0 61.0
6 52 29.0 171.0
34 71 178.0 12.0
1 56 189.0 65.0
45 14 182.0 59.0
30 34 159.0 32.0
3 67 149.0 16.0
51 11 24.0 110.0
10 51 58.0 164.0
54 8 55.0 87.0
30 32 145.0 33.0
15 47 192.0 87.0
37 15 17.0 174.0
72 8 10.0 176.0
4 58 197.0 159.0
12 52 5.0 22.0
28 34 150.0 63.0
63 1 111.0 157.0
27 56 139.0 8.0
14 50 43.0 132.0
36 27 177.0 60.0
2 62 155.0 187.0
28 35 199.0 152.0
52 11 113.0 4.0
61 1 42.0 16.0
68 62 77.0 105.0
6 56 62.0 17.0
40 22 107.0 57.0
64 2 129.0 84.0
52 57 97.0 84.0
31 32 43.0 96.0
25 37 131.0 109.0
1 58 195.0 125.0
39 25 119.0 73.0
39 15 161.0 133.0
59 4 54.0 68.0
10 50 71.0 183.0
23 38 51.0 168.0
43 22 75.0 47.0
23 42 141.0 6.0
40 21 187.0 89.0
5 59 114.0 106.0
40 26 51.0 27.0
31 48 42.0 105.0
1 66 80.0 114.0
21 37 20.0 84.0
10 54 168.0 95.0
7 59 128.0 61.0
43 39 4.0 115.0
9 63 172.0 71.0
55 8 195.0 23.0
38 25 98.0 190.0
27 49 182.0 130.0
50 15 189.0 155.0
4 60 192.0 109.0
6 49 194.0 120.0
37 29 138.0 151.0
37 28 23.0 110.0
49 39 18.0 171.0
35 30 137.0 68.0
58 24 155.0 119.0
46 18 119.0 97.0
46 47 85.0 111.0
58 33 51.0 80.0
61 5 182.0 141.0
21 32 77.0 5.0
13 51 104.0 48.0
18 53 106.0 41.0
20 50 137.0 62.0
28 48 168.0 8.0
26 38 47.0 54.0
16 49 27.0 50.0
57 3 74.0 9.0
35 40 84.0 103.0
6 61 185.0 188.0
62 6 39.0 91.0
48 26 186.0 128.0
24 37 134.0 155.0
19 45 15.0 133.0
48 17 116.0 195.0
21 45 120.0 142.0
17 46 171.0 4.0
56 7 169.0 156.0
42 24 22.0 160.0
23 41 121.0 8.0
24 41 137.0 7.0
61 7 171.0 105.0
51 15 49.0 39.0
60 5 84.0 170.0
44 71 128.0 55.0
9 55 46.0 97.0
57 8 115.0 68.0
15 52 76.0 189.0
41 53 21.0 13.0
10 57 164.0 144.0
26 41 179.0 166.0
67 2 144.0 63.0
62 4 134.0 72.0
6 1 91.0 180.0
27 40 77.0 159.0
26 37 126.0 105.0
65 40 137.0 99.0
33 31 8.0 102.0
69 61 97.0 187.0
62 7 170.0 42.0
41 67 49.0 104.0
69 46 119.0 140.0
19 46 20.0 148.0
32 71 96.0 146.0
38 28 162.0 185.0
59 64 174.0 170.0
64 5 15.0 71.0
44 23 79.0 138.0
39 29 120.0 128.0
54 9 117.0 191.0
17 49 120.0 137.0
63 5 118.0 168.0
59 50 28.0 81.0
30 38 4.0 154.0
52 17 72.0 20.0
1 67 127.0 152.0
25 41 32.0 199.0
22 46 174.0 101.0
52 16 75.0 46.0
65 3 165.0 145.0
60 8 16.0 145.0
63 4 143.0 173.0
40 29 71.0 15.0
56 16 7.0 198.0
48 21 5.0 191.0
47 20 69.0 179.0
1 65 15.0 96.0
23 45 167.0 132.0
45 54 2.0 135.0
22 12 156.0 145.0
10 26 108.0 28.0
34 33 136.0 116.0
35 34 115.0 141.0
31 34 188.0 136.0
33 30 98.0 155.0
37 31 46.0 65.0
13 49 44.0 0.0
70 10 66.0 1.0
56 13 145.0 175.0
24 52 87.0 81.0
43 25 55.0 3.0
43 23 50.0 195.0
1 62 102.0 148.0
18 52 107.0 100.0
63 53 83.0 151.0
44 25 158.0 149.0
13 53 45.0 104.0
64 26 22.0 84.0
2 66 112.0 29.0
27 42 7.0 163.0
40 28 166.0 109.0
45 24 51.0 25.0
4 55 10.0 134.0
9 60 166.0 168.0
8 58 135.0 163.0
55 15 74.0 157.0
50 18 18.0 187.0
60 71 90.0 25.0
62 39 98.0 8.0
4 65 108.0 101.0
30 39 43.0 70.0
43 26 39.0 161.0
55 11 25.0 174.0
42 29 12.0 52.0
17 53 137.0 31.0
14 55 10.0 28.0
41 28 94.0 61.0
42 20 136.0 155.0
39 42 77.0 179.0
54 14 80.0 68.0
50 35 142.0 57.0
3 63 101.0 155.0
45 59 193.0 38.0
11 56 145.0 156.0
63 7 181.0 192.0
69 1 137.0 117.0
59 9 141.0 166.0
61 19 110.0 173.0
60 11 155.0 52.0
44 27 192.0 56.0
31 39 148.0 138.0
50 31 72.0 93.0
48 70 146.0 5.0
25 46 61.0 36.0
43 35 15.0 154.0
54 64 66.0 125.0
12 59 153.0 21.0
13 55 186.0 98.0
54 37 38.0 86.0
30 31 145.0 111.0
11 58 106.0 43.0
40 32 65.0 119.0
11 50 71.0 32.0
41 70 117.0 137.0
64 63 176.0 71.0
38 34 113.0 114.0
57 12 191.0 104.0
68 3 54.0 136.0
22 47 178.0 112.0
41 30 149.0 44.0
41 37 64.0 20.0
12 58 73.0 182.0
57 11 160.0 1.0
56 15 35.0 73.0
41 31 105.0 26.0
58 6 132.0 112.0
62 41 112.0 110.0
33 51 168.0 61.0
26 44 169.0 185.0
6 66 114.0 194.0
54 11 2.0 26.0
71 28 187.0 189.0
38 48 125.0 44.0
1 48 30.0 57.0
2 68 141.0 95.0
43 10 9.0 109.0
27 45 36.0 130.0
12 56 41.0 102.0
29 43 190.0 43.0
64 8 161.0 129.0
40 30 136.0 38.0
60 12 63.0 119.0
57 71 42.0 4.0
28 42 64.0 52.0
3 70 77.0 101.0
72 1 34.0 71.0
66 7 64.0 176.0
28 66 154.0 25.0
39 34 9.0 43.0
26 46 79.0 72.0
41 69 50.0 122.0
47 25 157.0 115.0
63 8 119.0 187.0
13 60 55.0 106.0
20 52 127.0 71.0
21 52 67.0 34.0
57 62 175.0 76.0
9 61 71.0 55.0
50 13 173.0 73.0
23 50 163.0 83.0
38 31 32.0 35.0
65 30 108.0 39.0
56 17 11.0 36.0
21 50 23.0 30.0
8 59 194.0 199.0
51 22 38.0 65.0
56 51 86.0 164.0
44 28 91.0 1.0
22 69 53.0 123.0
26 52 153.0 161.0
10 63 137.0 164.0
49 20 174.0 113.0
26 45 164.0 168.0
71 26 101.0 154.0
31 42 59.0 139.0
8 65 90.0 150.0
34 43 58.0 95.0
37 33 119.0 11.0
29 44 34.0 8.0
29 45 80.0 8.0
66 26 55.0 196.0
67 16 94.0 156.0
46 28 91.0 105.0
69 6 69.0 133.0
51 21 127.0 127.0
9 64 52.0 198.0
23 46 94.0 86.0
58 15 17.0 174.0
17 68 194.0 73.0
58 13 95.0 41.0
41 33 169.0 138.0
61 13 92.0 190.0
11 64 147.0 19.0
71 4 179.0 199.0
69 5 8.0 73.0
11 62 61.0 25.0
32 39 93.0 7.0
54 19 13.0 140.0
44 30 5.0 182.0
36 38 60.0 98.0
42 22 106.0 7.0
49 22 15.0 85.0
52 25 129.0 23.0
16 57 130.0 142.0
35 38 83.0 23.0
37 38 49.0 96.0
56 19 49.0 55.0
19 66 51.0 109.0
30 45 61.0 157.0
27 46 71.0 28.0
46 30 65.0 153.0
69 24 55.0 195.0
63 13 100.0 90.0
56 18 80.0 149.0
20 57 74.0 129.0
70 24 36.0 77.0
28 52 134.0 49.0
9 65 136.0 158.0
33 42 85.0 153.0
63 29 108.0 140.0
55 63 3.0 160.0
9 62 88.0 83.0
67 62 31.0 114.0
35 29 63.0 67.0
65 13 9.0 198.0
28 61 180.0 97.0
44 35 177.0 66.0
63 71 20.0 37.0
62 38 61.0 23.0
29 48 77.0 150.0
39 36 180.0 60.0
68 6 187.0 43.0
72 3 96.0 148.0
72 5 168.0 76.0
1 68 149.0 98.0
55 18 146.0 121.0
72 4 144.0 7.0
25 50 132.0 173.0
10 64 134.0 112.0
15 63 62.0 122.0
46 31 50.0 158.0
65 12 67.0 19.0
58 14 86.0 169.0
16 59 41.0 32.0
26 51 95.0 185.0
64 13 179.0 179.0
41 36 9.0 66.0
24 53 52.0 72.0
45 32 182.0 102.0
31 47 51.0 2.0
43 36 99.0 137.0
46 29 153.0 140.0
34 41 119.0 0.0
21 55 84.0 99.0
63 16 174.0 46.0
66 47 171.0 26.0
63 14 22.0 154.0
70 9 49.0 25.0
62 16 44.0 148.0
61 25 102.0 149.0
49 31 59.0 22.0
8 16 105.0 95.0
57 18 151.0 80.0
44 33 16.0 122.0
60 61 46.0 38.0
23 54 119.0 95.0
19 57 166.0 116.0
67 12 106.0 68.0
45 34 49.0 117.0
60 53 9.0 155.0
9 66 173.0 160.0
69 9 185.0 189.0
40 52 104.0 31.0
39 38 172.0 23.0
70 7 60.0 138.0
46 71 76.0 118.0
68 10 20.0 126.0
22 52 114.0 30.0
69 71 113.0 87.0
53 25 145.0 50.0
46 32 99.0 1.0
71 10 184.0 71.0
21 56 177.0 197.0
37 39 120.0 53.0
56 20 7.0 141.0
26 53 184.0 121.0
11 67 147.0 98.0
48 30 142.0 44.0
19 59 45.0 41.0
69 11 89.0 182.0
11 70 40.0 66.0
44 32 197.0 161.0
44 55 120.0 156.0
63 6 194.0 104.0
31 51 75.0 93.0
72 66 189.0 17.0
31 59 4.0 186.0
35 49 195.0 45.0
44 41 42.0 36.0
49 62 91.0 191.0
70 8 132.0 163.0
24 50 167.0 78.0
57 23 181.0 195.0
24 55 44.0 122.0
45 35 97.0 0.0
71 9 177.0 45.0
59 22 197.0 171.0
36 45 137.0 41.0
68 14 144.0 21.0
14 64 103.0 63.0
15 66 37.0 84.0
11 68 198.0 81.0
18 63 49.0 47.0
65 17 92.0 26.0
19 58 59.0 41.0
24 56 78.0 196.0
58 22 167.0 174.0
54 25 196.0 70.0
4 61 71.0 33.0
21 59 86.0 69.0
68 13 130.0 135.0
40 39 87.0 22.0
52 30 127.0 146.0
55 25 41.0 158.0
37 43 85.0 8.0
59 32 19.0 34.0
10 72 156.0 42.0
39 57 185.0 42.0
54 34 142.0 115.0
61 20 155.0 29.0
33 39 155.0 34.0
47 35 87.0 196.0
27 53 47.0 125.0
36 56 77.0 18.0
54 30 64.0 33.0
19 64 58.0 50.0
55 27 48.0 0.0
62 21 16.0 155.0
33 49 181.0 123.0
69 12 11.0 20.0
42 40 167.0 11.0
7 71 35.0 196.0
50 28 71.0 51.0
14 67 14.0 81.0
68 19 130.0 15.0
69 10 126.0 98.0
18 65 199.0 59.0
15 65 71.0 10.0
56 28 33.0 190.0
21 61 149.0 68.0
9 72 130.0 173.0
54 71 144.0 97.0
27 51 104.0 26.0
69 13 99.0 30.0
57 9 141.0 50.0
32 50 146.0 165.0
35 52 141.0 179.0
69 14 167.0 42.0
23 52 197.0 50.0
50 33 110.0 94.0
68 33 197.0 167.0
69 16 198.0 48.0
72 67 160.0 92.0
22 61 97.0 58.0
66 14 115.0 38.0
47 32 13.0 34.0
24 57 22.0 11.0
60 24 194.0 84.0
52 32 78.0 144.0
15 68 192.0 77.0
36 58 2.0 152.0
45 39 94.0 99.0
60 26 93.0 161.0
19 63 121.0 106.0
55 28 16.0 95.0
71 13 56.0 162.0
72 59 184.0 134.0
38 45 142.0 128.0
66 18 110.0 144.0
36 47 194.0 157.0
26 59 157.0 87.0
51 34 147.0 31.0
58 26 93.0 115.0
44 38 194.0 149.0
30 53 35.0 130.0
62 19 180.0 177.0
22 54 134.0 90.0
31 53 56.0 80.0
57 27 32.0 13.0
60 25 31.0 131.0
68 16 37.0 125.0
61 51 60.0 183.0
62 20 110.0 95.0
26 57 168.0 90.0
51 35 117.0 54.0
29 71 50.0 173.0
14 71 22.0 82.0
23 61 114.0 53.0
70 6 136.0 103.0
39 48 19.0 148.0
20 66 30.0 81.0
68 20 116.0 198.0
13 67 188.0 185.0
49 36 145.0 38.0
29 50 136.0 167.0
40 45 51.0 50.0
40 66 12.0 139.0
59 25 145.0 183.0
23 62 103.0 127.0
24 61 196.0 171.0
50 36 118.0 184.0
42 41 116.0 15.0
41 46 85.0 4.0
43 46 10.0 136.0
56 30 104.0 174.0
41 47 151.0 2.0
15 71 115.0 6.0
40 31 186.0 111.0
48 57 154.0 57.0
56 29 117.0 23.0
34 37 162.0 3.0
46 39 146.0 124.0
69 19 139.0 50.0
48 36 182.0 91.0
34 49 141.0 97.0
51 37 114.0 80.0
47 40 79.0 69.0
19 71 120.0 196.0
28 59 105.0 34.0
52 63 66.0 51.0
23 64 64.0 6.0
43 40 144.0 46.0
47 42 126.0 38.0
25 63 112.0 192.0
72 70 72.0 191.0
72 16 129.0 193.0
32 38 190.0 34.0
27 60 194.0 8.0
62 29 54.0 58.0
15 62 114.0 151.0
55 34 7.0 192.0
56 34 170.0 119.0
30 57 55.0 194.0
41 48 148.0 136.0
42 34 57.0 138.0
60 28 5.0 3.0
58 39 129.0 59.0
70 21 70.0 195.0
45 46 114.0 77.0
65 25 121.0 36.0
38 53 115.0 129.0
59 34 41.0 64.0
61 31 149.0 50.0
51 36 167.0 106.0
45 47 186.0 96.0
31 57 184.0 8.0
42 49 153.0 98.0
58 31 147.0 75.0
30 61 192.0 15.0
55 35 162.0 186.0
71 21 39.0 111.0
67 59 158.0 6.0
33 71 120.0 97.0
26 62 79.0 104.0
48 40 80.0 32.0
14 56 64.0 180.0
70 15 37.0 56.0
30 59 115.0 199.0
48 47 73.0 154.0
45 42 72.0 32.0
27 58 167.0 145.0
30 60 81.0 46.0
33 36 198.0 114.0
67 18 106.0 14.0
53 36 123.0 95.0
56 33 48.0 38.0
70 22 45.0 74.0
23 65 80.0 69.0
63 27 125.0 47.0
33 57 20.0 159.0
20 69 15.0 171.0
42 46 64.0 121.0
63 22 26.0 139.0
19 72 123.0 26.0
37 45 36.0 120.0
26 54 49.0 116.0
37 57 20.0 127.0
66 31 134.0 192.0
21 63 182.0 150.0
35 59 61.0 198.0
21 69 54.0 39.0
55 33 45.0 129.0
62 31 181.0 33.0
34 58 195.0 30.0
37 53 26.0 15.0
27 67 106.0 112.0
64 29 176.0 40.0
45 43 78.0 37.0
56 62 98.0 84.0
22 72 117.0 95.0
20 71 54.0 98.0
62 42 45.0 49.0
72 20 34.0 71.0
54 39 99.0 140.0
41 52 36.0 27.0
64 27 51.0 66.0
62 40 92.0 101.0
55 37 132.0 10.0
35 58 105.0 187.0
67 28 180.0 150.0
48 44 181.0 14.0
67 20 108.0 80.0
70 25 11.0 145.0
36 68 73.0 14.0
28 64 183.0 117.0
45 48 139.0 116.0
55 36 81.0 44.0
68 27 96.0 61.0
38 57 126.0 77.0
63 26 21.0 35.0
30 63 196.0 184.0
39 55 114.0 21.0
42 67 80.0 97.0
64 31 158.0 171.0
35 60 112.0 39.0
43 70 82.0 160.0
56 37 62.0 9.0
69 28 20.0 84.0
59 27 127.0 168.0
62 35 188.0 41.0
72 52 97.0 21.0
23 70 125.0 7.0
46 49 74.0 189.0
33 63 132.0 156.0
61 33 191.0 195.0
44 52 145.0 163.0
16 60 22.0 25.0
43 51 103.0 11.0
54 41 14.0 1.0
28 63 88.0 91.0
57 40 11.0 162.0
54 42 73.0 144.0
44 19 6.0 64.0
12 66 173.0 103.0
71 25 134.0 196.0
37 59 104.0 37.0
62 33 119.0 118.0
33 64 110.0 8.0
56 40 127.0 122.0
26 69 134.0 0.0
52 43 79.0 140.0
60 32 153.0 4.0
53 44 119.0 87.0
30 66 54.0 23.0
41 56 66.0 126.0
46 51 1.0 128.0
31 60 154.0 128.0
39 59 177.0 40.0
65 32 139.0 8.0
71 22 51.0 92.0
50 46 29.0 170.0
35 57 74.0 83.0
24 67 199.0 92.0
52 49 56.0 152.0
31 65 44.0 162.0
55 38 56.0 173.0
69 30 61.0 147.0
54 38 16.0 113.0
35 63 82.0 45.0
29 69 125.0 156.0
67 29 90.0 77.0
36 61 45.0 98.0
39 61 174.0 89.0
38 60 100.0 183.0
46 54 96.0 113.0
47 43 44.0 112.0
50 47 99.0 126.0
66 32 185.0 177.0
45 63 58.0 75.0
30 68 49.0 103.0
55 43 151.0 24.0
25 72 109.0 3.0
60 41 11.0 157.0
56 54 13.0 56.0
64 32 74.0 113.0
34 66 157.0 60.0
64 37 35.0 15.0
68 25 150.0 85.0
38 64 128.0 54.0
40 55 109.0 37.0
71 43 126.0 121.0
34 62 99.0 139.0
45 52 185.0 173.0
30 72 46.0 142.0
66 37 86.0 82.0
39 60 149.0 188.0
34 65 0.0 77.0
54 47 82.0 109.0
63 40 27.0 8.0
58 46 175.0 78.0
62 37 103.0 160.0
35 65 110.0 149.0
63 39 145.0 148.0
56 47 82.0 46.0
65 39 39.0 34.0
61 37 105.0 74.0
70 32 86.0 85.0
59 44 39.0 61.0
67 34 5.0 94.0
64 40 144.0 115.0
44 51 33.0 41.0
29 68 140.0 68.0
49 54 9.0 180.0
72 33 125.0 114.0
38 63 175.0 11.0
48 53 82.0 166.0
70 53 176.0 87.0
46 52 138.0 72.0
57 42 76.0 172.0
39 64 69.0 16.0
58 45 93.0 30.0
52 51 147.0 170.0
55 46 163.0 122.0
62 43 106.0 46.0
50 53 107.0 34.0
60 36 59.0 198.0
39 68 127.0 135.0
56 44 8.0 148.0
70 34 111.0 53.0
31 70 124.0 58.0
69 53 113.0 88.0
44 61 72.0 19.0
60 44 60.0 131.0
61 38 86.0 119.0
53 46 165.0 165.0
49 56 67.0 126.0
48 46 72.0 178.0
36 69 63.0 149.0
34 69 188.0 177.0
63 41 46.0 12.0
43 61 19.0 106.0
69 38 77.0 105.0
46 62 0.0 42.0
49 65 84.0 67.0
67 39 7.0 157.0
61 41 3.0 70.0
56 64 122.0 143.0
70 26 54.0 120.0
65 27 77.0 26.0
36 70 46.0 106.0
32 69 194.0 46.0
71 36 169.0 78.0
61 42 98.0 176.0
61 40 140.0 53.0
61 32 98.0 14.0
45 55 60.0 105.0
68 32 23.0 90.0
47 61 168.0 69.0
72 36 167.0 114.0
52 54 196.0 136.0
43 54 26.0 46.0
28 72 62.0 118.0
64 45 8.0 161.0
66 41 86.0 20.0
42 66 11.0 61.0
49 60 108.0 132.0
45 65 81.0 75.0
38 70 172.0 29.0
62 52 45.0 150.0
71 18 30.0 59.0
61 48 173.0 190.0
70 42 187.0 11.0
55 47 36.0 151.0
38 72 103.0 144.0
50 69 177.0 185.0
57 55 21.0 149.0
46 59 72.0 66.0
44 65 73.0 102.0
71 39 40.0 198.0
57 49 32.0 28.0
55 49 37.0 20.0
72 32 151.0 140.0
40 68 128.0 128.0
38 56 86.0 149.0
57 51 0.0 158.0
48 43 47.0 25.0
67 45 64.0 87.0
69 45 68.0 96.0
63 69 116.0 105.0
71 27 25.0 20.0
52 61 119.0 154.0
43 63 162.0 157.0
72 34 172.0 114.0
67 43 138.0 19.0
51 60 148.0 2.0
24 47 124.0 16.0
59 52 104.0 193.0
49 61 98.0 130.0
54 58 147.0 169.0
65 47 18.0 110.0
58 49 74.0 190.0
40 71 31.0 164.0
46 63 194.0 131.0
62 54 41.0 70.0
56 57 148.0 97.0
64 50 142.0 198.0
60 59 11.0 89.0
68 42 39.0 29.0
57 53 196.0 65.0
52 66 153.0 179.0
51 67 117.0 99.0
60 54 88.0 110.0
43 64 62.0 188.0
71 48 154.0 156.0
53 59 152.0 165.0
62 44 181.0 191.0
57 59 4.0 177.0
48 63 184.0 158.0
46 66 85.0 53.0
35 64 165.0 125.0
60 42 110.0 179.0
66 51 159.0 64.0
72 44 185.0 111.0
41 65 48.0 166.0
48 67 51.0 52.0
61 56 78.0 35.0
60 57 151.0 115.0
49 71 127.0 68.0
37 67 110.0 37.0
61 58 19.0 69.0
72 37 165.0 156.0
48 72 0.0 165.0
50 70 78.0 51.0
51 63 104.0 156.0
68 49 36.0 7.0
59 61 72.0 115.0
58 57 10.0 182.0
72 49 147.0 181.0
53 67 73.0 64.0
65 59 87.0 73.0
62 61 82.0 165.0
58 69 146.0 186.0
61 45 111.0 134.0
58 65 49.0 183.0
63 56 18.0 11.0
55 71 9.0 117.0
56 60 150.0 34.0
55 59 112.0 37.0
71 53 3.0 195.0
72 58 75.0 102.0
63 62 53.0 186.0
61 57 97.0 55.0
69 47 161.0 115.0
60 66 149.0 170.0
64 52 79.0 99.0
42 50 153.0 144.0
69 15 23.0 157.0
62 66 104.0 98.0
66 65 38.0 109.0
58 70 47.0 135.0
69 65 98.0 160.0
49 64 153.0 47.0
46 36 105.0 184.0
51 72 183.0 10.0
68 63 44.0 158.0
68 60 178.0 100.0
58 66 4.0 16.0
68 54 109.0 3.0
72 43 142.0 7.0
70 62 87.0 47.0
70 69 92.0 192.0
72 50 131.0 75.0
47 58 52.0 175.0
68 66 39.0 182.0
53 66 163.0 43.0
1 4 160.0 24.0
68 69 10.0 54.0
71 68 93.0 97.0
4 2 197.0 137.0
54 70 117.0 128.0
62 72 191.0 122.0
59 70 120.0 182.0
71 66 109.0 83.0
63 67 187.0 21.0
72 69 183.0 149.0
8 68 14.0 77.0
42 65 35.0 163.0
51 58 80.0 104.0
57 6 183.0 23.0
71 65 138.0 104.0
67 69 7.0 199.0
40 69 41.0 147.0
61 66 178.0 25.0
49 59 86.0 144.0
47 71 103.0 121.0
63 59 4.0 184.0
32 67 87.0 187.0
72 60 196.0 25.0
72 41 30.0 155.0
24 68 45.0 23.0
37 50 46.0 175.0
68 41 27.0 132.0
64 60 84.0 130.0
30 22 188.0 88.0
54 59 39.0 28.0
63 49 54.0 187.0
68 57 179.0 36.0
72 61 196.0 176.0
68 47 114.0 42.0
68 46 4.0 141.0
70 57 116.0 40.0
66 67 164.0 105.0
68 64 130.0 3.0
68 65 120.0 136.0
64 70 130.0 51.0
67 54 196.0 126.0
61 64 156.0 62.0
50 34 27.0 112.0
54 32 118.0 95.0
69 35 139.0 35.0
15 43 176.0 22.0
51 69 66.0 48.0
64 65 19.0 148.0
48 37 164.0 15.0
58 67 88.0 120.0
64 67 165.0 67.0
66 70 168.0 36.0
71 70 153.0 107.0
48 35 194.0 81.0
46 72 75.0 60.0
0
