78 3003 14 23 40013
16 66 9.0 34.0
62 55 158.0 35.0
15 52 83.0 33.0
46 54 66.0 32.0
43 9 57.0 108.0
60 23 33.0 191.0
9 28 74.0 136.0
29 70 15.0 111.0
7 26 53.0 176.0
30 20 175.0 11.0
22 15 56.0 10.0
68 55 48.0 122.0
64 55 124.0 105.0
77 35 193.0 109.0
13 46 42.0 19.0
38 45 133.0 57.0
20 77 166.0 187.0
46 25 20.0 142.0
40 17 168.0 76.0
22 62 168.0 16.0
66 22 72.0 44.0
7 54 130.0 17.0
21 53 9.0 124.0
48 14 146.0 143.0
40 13 117.0 113.0
65 58 83.0 137.0
74 35 162.0 52.0
46 71 50.0 130.0
43 57 120.0 122.0
60 40 30.0 2.0
15 25 47.0 191.0
66 67 27.0 193.0
29 15 105.0 144.0
22 64 81.0 140.0
20 51 116.0 43.0
72 13 11.0 167.0
19 38 180.0 83.0
28 50 109.0 10.0
24 68 22.0 156.0
57 30 160.0 1.0
45 78 177.0 17.0
64 69 82.0 10.0
69 73 67.0 199.0
35 67 80.0 78.0
54 52 140.0 60.0
51 5 113.0 1.0
73 24 168.0 88.0
54 50 171.0 80.0
78 35 70.0 148.0
1 12 62.0 104.0
40 14 145.0 130.0
2 73 85.0 177.0
75 51 24.0 177.0
5 58 140.0 138.0
3 5 147.0 108.0
4 12 158.0 118.0
46 38 151.0 28.0
5 10 95.0 13.0
23 38 66.0 192.0
33 64 130.0 151.0
64 15 124.0 154.0
22 73 148.0 64.0
27 22 42.0 95.0
61 33 9.0 0.0
70 54 163.0 160.0
63 58 6.0 10.0
18 5 77.0 72.0
68 66 35.0 159.0
3 2 115.0 111.0
75 44 84.0 63.0
15 6 22.0 126.0
38 42 6.0 183.0
17 20 126.0 121.0
28 40 42.0 132.0
2 13 160.0 119.0
31 71 188.0 147.0
72 63 5.0 104.0
57 60 142.0 90.0
15 21 51.0 165.0
62 41 155.0 9.0
11 31 65.0 33.0
70 41 50.0 59.0
34 47 7.0 163.0
67 37 55.0 196.0
50 31 11.0 61.0
11 4 50.0 153.0
60 37 119.0 53.0
28 36 167.0 26.0
66 55 63.0 184.0
45 6 53.0 113.0
2 15 133.0 12.0
52 59 164.0 188.0
39 48 184.0 175.0
9 19 128.0 186.0
6 60 74.0 199.0
17 38 152.0 41.0
42 72 167.0 167.0
27 31 193.0 172.0
74 48 152.0 126.0
56 65 158.0 68.0
35 68 172.0 94.0
36 49 178.0 52.0
30 28 126.0 52.0
66 42 122.0 30.0
63 68 42.0 90.0
48 49 90.0 35.0
46 4 97.0 194.0
69 57 96.0 7.0
74 34 133.0 20.0
32 34 4.0 63.0
11 17 161.0 130.0
8 35 88.0 84.0
52 69 139.0 130.0
67 19 92.0 181.0
22 53 11.0 141.0
59 75 48.0 107.0
58 37 134.0 133.0
70 57 133.0 90.0
23 56 178.0 95.0
13 4 195.0 18.0
78 59 45.0 134.0
77 76 2.0 89.0
78 57 34.0 165.0
53 52 131.0 34.0
38 20 58.0 65.0
76 41 28.0 191.0
46 63 14.0 158.0
44 29 122.0 9.0
9 60 199.0 120.0
8 30 6.0 1.0
4 8 18.0 40.0
44 77 96.0 150.0
18 62 157.0 106.0
52 67 4.0 137.0
51 42 106.0 171.0
70 1 3.0 180.0
11 67 87.0 2.0
19 40 102.0 93.0
33 17 65.0 120.0
43 29 106.0 114.0
41 37 17.0 63.0
53 67 63.0 174.0
30 14 22.0 121.0
14 28 153.0 25.0
45 5 64.0 192.0
72 71 57.0 166.0
9 25 188.0 75.0
4 58 155.0 94.0
44 64 184.0 124.0
2 17 156.0 47.0
30 13 177.0 130.0
68 49 175.0 130.0
53 36 23.0 191.0
28 34 189.0 33.0
9 23 113.0 177.0
30 75 10.0 20.0
60 39 91.0 146.0
6 62 198.0 199.0
24 71 39.0 175.0
69 23 78.0 14.0
58 71 46.0 53.0
26 9 167.0 35.0
31 5 147.0 32.0
1 27 18.0 110.0
66 73 152.0 109.0
7 13 19.0 150.0
2 14 180.0 58.0
5 4 69.0 10.0
10 3 50.0 115.0
11 37 153.0 170.0
41 13 55.0 100.0
40 33 60.0 25.0
56 51 173.0 12.0
13 1 137.0 144.0
11 62 176.0 117.0
29 61 115.0 45.0
63 71 150.0 117.0
57 68 33.0 55.0
3 43 1.0 40.0
75 18 89.0 13.0
68 20 145.0 14.0
48 4 132.0 82.0
65 71 150.0 60.0
53 27 80.0 65.0
47 51 185.0 30.0
41 23 168.0 18.0
65 11 16.0 121.0
28 7 74.0 106.0
54 53 154.0 171.0
56 49 1.0 38.0
41 4 190.0 151.0
30 63 23.0 70.0
36 37 29.0 8.0
59 23 36.0 197.0
12 5 111.0 5.0
63 18 67.0 137.0
20 28 119.0 173.0
26 41 121.0 72.0
44 51 68.0 63.0
63 8 47.0 43.0
44 49 28.0 28.0
71 12 171.0 16.0
68 52 51.0 34.0
69 17 20.0 70.0
72 77 148.0 139.0
39 52 119.0 21.0
52 13 132.0 187.0
20 23 154.0 131.0
21 1 169.0 182.0
40 62 33.0 92.0
35 57 57.0 36.0
73 48 35.0 77.0
46 49 159.0 183.0
50 17 167.0 30.0
29 18 9.0 99.0
68 15 138.0 116.0
15 53 80.0 59.0
36 68 174.0 65.0
46 14 32.0 31.0
11 9 111.0 19.0
7 68 7.0 22.0
34 3 152.0 126.0
4 9 125.0 113.0
53 48 54.0 63.0
23 71 33.0 134.0
10 54 6.0 7.0
18 73 165.0 190.0
31 57 30.0 29.0
74 72 76.0 38.0
75 43 181.0 180.0
3 51 54.0 106.0
48 22 155.0 108.0
3 13 172.0 141.0
17 27 151.0 179.0
10 6 93.0 69.0
34 45 96.0 124.0
66 3 109.0 173.0
73 20 172.0 91.0
2 10 75.0 178.0
2 50 66.0 182.0
13 36 180.0 39.0
13 77 115.0 84.0
18 1 23.0 160.0
1 7 104.0 119.0
3 45 133.0 14.0
5 6 149.0 57.0
3 1 125.0 24.0
50 60 157.0 144.0
17 66 106.0 137.0
11 2 148.0 173.0
31 53 177.0 171.0
3 64 25.0 34.0
9 10 37.0 158.0
18 30 159.0 139.0
30 78 126.0 37.0
59 70 157.0 83.0
7 30 125.0 15.0
9 16 121.0 73.0
18 34 197.0 50.0
47 67 79.0 174.0
63 61 37.0 69.0
41 19 151.0 197.0
7 11 150.0 30.0
14 10 35.0 107.0
67 77 81.0 160.0
42 74 138.0 2.0
29 73 174.0 88.0
12 31 21.0 6.0
15 3 47.0 59.0
10 51 62.0 150.0
73 71 161.0 12.0
31 26 132.0 196.0
9 7 57.0 165.0
2 5 28.0 148.0
25 53 13.0 154.0
33 63 197.0 34.0
26 34 126.0 196.0
34 50 199.0 141.0
70 42 125.0 160.0
18 11 19.0 58.0
25 34 110.0 28.0
36 59 67.0 90.0
8 11 15.0 32.0
48 3 48.0 164.0
65 66 69.0 127.0
65 47 139.0 21.0
10 32 46.0 65.0
43 68 58.0 17.0
23 3 145.0 168.0
61 23 187.0 164.0
36 67 12.0 2.0
20 47 31.0 12.0
34 62 139.0 52.0
6 14 181.0 31.0
60 53 49.0 27.0
70 12 125.0 107.0
14 41 17.0 23.0
13 44 141.0 4.0
61 75 55.0 105.0
44 57 108.0 86.0
40 65 17.0 0.0
9 3 171.0 198.0
74 52 106.0 20.0
63 64 169.0 31.0
26 27 194.0 187.0
21 66 186.0 87.0
63 66 131.0 41.0
72 44 72.0 191.0
7 8 133.0 89.0
77 38 5.0 104.0
12 63 143.0 111.0
49 14 63.0 113.0
68 21 151.0 9.0
8 26 97.0 89.0
41 21 57.0 180.0
64 57 131.0 129.0
20 1 90.0 64.0
61 54 179.0 47.0
38 40 105.0 123.0
3 17 59.0 169.0
37 21 83.0 163.0
46 69 69.0 181.0
12 38 48.0 126.0
6 9 1.0 131.0
8 55 141.0 43.0
19 3 66.0 73.0
52 57 7.0 172.0
73 62 24.0 19.0
4 25 99.0 107.0
43 65 73.0 120.0
9 2 39.0 122.0
16 74 186.0 40.0
50 76 70.0 79.0
11 1 79.0 89.0
7 76 188.0 87.0
59 11 129.0 164.0
35 5 178.0 180.0
19 24 18.0 52.0
55 59 107.0 58.0
54 27 133.0 45.0
53 9 12.0 155.0
38 55 81.0 91.0
18 2 67.0 22.0
49 53 180.0 149.0
7 60 75.0 159.0
33 12 34.0 93.0
3 11 68.0 141.0
5 75 88.0 153.0
34 8 92.0 100.0
62 70 19.0 125.0
59 58 14.0 38.0
61 16 96.0 147.0
76 21 51.0 123.0
9 5 158.0 86.0
65 72 74.0 178.0
19 27 181.0 114.0
34 71 154.0 25.0
63 7 136.0 173.0
12 2 88.0 102.0
40 32 68.0 184.0
52 5 128.0 120.0
14 11 101.0 38.0
12 6 103.0 128.0
10 43 198.0 36.0
36 22 71.0 152.0
57 67 14.0 159.0
41 60 193.0 102.0
42 57 122.0 62.0
7 3 79.0 51.0
21 8 181.0 133.0
69 20 63.0 85.0
62 52 16.0 61.0
24 1 99.0 87.0
17 55 38.0 113.0
65 38 123.0 31.0
44 52 8.0 45.0
62 17 23.0 39.0
25 29 52.0 5.0
48 35 145.0 116.0
36 34 50.0 161.0
62 72 43.0 149.0
76 3 59.0 81.0
68 64 43.0 134.0
65 31 42.0 3.0
4 18 22.0 17.0
72 41 8.0 75.0
25 6 84.0 153.0
39 28 120.0 86.0
6 4 19.0 163.0
31 28 40.0 79.0
41 18 172.0 83.0
76 19 78.0 14.0
10 11 151.0 52.0
73 6 127.0 160.0
39 72 95.0 11.0
21 20 0.0 167.0
48 21 144.0 20.0
48 66 93.0 184.0
5 30 114.0 66.0
18 3 137.0 144.0
71 17 175.0 41.0
51 6 98.0 102.0
77 36 151.0 145.0
5 37 56.0 151.0
58 46 178.0 152.0
33 1 143.0 72.0
30 29 164.0 57.0
17 42 43.0 101.0
58 17 25.0 18.0
50 59 114.0 76.0
44 28 107.0 65.0
65 5 185.0 115.0
51 30 18.0 115.0
30 40 14.0 113.0
18 65 56.0 178.0
28 41 25.0 99.0
7 46 22.0 2.0
54 55 134.0 88.0
33 78 138.0 41.0
4 44 117.0 75.0
73 37 36.0 88.0
27 34 63.0 2.0
14 7 151.0 119.0
58 21 91.0 176.0
66 20 132.0 65.0
2 22 61.0 66.0
7 4 84.0 151.0
74 63 97.0 153.0
22 44 3.0 133.0
28 53 119.0 66.0
19 4 34.0 22.0
61 78 148.0 125.0
47 54 91.0 80.0
12 13 59.0 105.0
78 43 128.0 143.0
28 55 108.0 177.0
21 32 85.0 111.0
12 7 68.0 156.0
26 39 24.0 54.0
66 6 163.0 172.0
19 2 123.0 7.0
15 7 14.0 182.0
65 76 59.0 94.0
2 31 167.0 119.0
12 35 134.0 4.0
21 13 75.0 2.0
2 41 124.0 99.0
46 66 14.0 88.0
11 54 131.0 89.0
48 62 31.0 98.0
59 17 177.0 91.0
75 65 151.0 97.0
22 78 105.0 85.0
13 70 161.0 180.0
32 69 139.0 85.0
56 58 35.0 153.0
33 9 27.0 119.0
70 22 117.0 59.0
66 39 178.0 46.0
25 68 9.0 129.0
68 72 67.0 114.0
1 17 158.0 28.0
70 50 38.0 97.0
30 25 107.0 74.0
33 8 61.0 135.0
57 5 123.0 130.0
7 10 64.0 101.0
27 48 125.0 26.0
69 27 12.0 192.0
28 15 170.0 170.0
14 74 76.0 9.0
11 6 17.0 184.0
18 7 190.0 30.0
78 3 17.0 113.0
14 9 113.0 81.0
59 48 4.0 190.0
13 8 139.0 168.0
17 4 143.0 62.0
17 7 84.0 20.0
13 55 134.0 53.0
50 1 196.0 124.0
31 70 37.0 13.0
9 12 58.0 102.0
23 15 106.0 14.0
17 60 132.0 197.0
6 19 136.0 28.0
53 35 188.0 20.0
39 5 135.0 74.0
33 75 10.0 131.0
3 21 48.0 48.0
11 15 48.0 107.0
32 4 21.0 106.0
13 65 82.0 154.0
4 15 198.0 19.0
77 14 90.0 138.0
3 14 31.0 25.0
78 9 55.0 42.0
61 45 146.0 104.0
61 58 187.0 147.0
61 46 45.0 161.0
60 42 25.0 79.0
56 55 183.0 175.0
19 62 163.0 25.0
15 41 42.0 195.0
49 76 162.0 49.0
70 64 23.0 60.0
43 18 105.0 163.0
14 55 74.0 102.0
46 18 144.0 51.0
73 77 26.0 127.0
11 71 170.0 141.0
61 11 64.0 12.0
36 19 156.0 26.0
32 77 36.0 180.0
45 50 115.0 141.0
54 76 114.0 141.0
10 8 160.0 58.0
36 74 63.0 138.0
16 53 195.0 34.0
63 59 94.0 59.0
27 16 180.0 50.0
42 3 177.0 168.0
2 32 48.0 92.0
3 22 80.0 162.0
26 17 150.0 193.0
12 62 150.0 14.0
21 2 180.0 97.0
57 29 163.0 74.0
72 43 173.0 95.0
74 46 184.0 150.0
27 58 28.0 185.0
46 26 160.0 60.0
43 38 181.0 110.0
22 59 100.0 84.0
57 4 179.0 80.0
22 1 187.0 94.0
16 32 90.0 160.0
1 23 80.0 26.0
11 36 39.0 60.0
62 9 135.0 199.0
47 56 15.0 68.0
37 9 166.0 67.0
41 29 128.0 97.0
51 68 189.0 115.0
21 43 88.0 31.0
74 11 101.0 168.0
74 27 36.0 92.0
36 42 131.0 171.0
19 39 194.0 146.0
24 2 30.0 113.0
72 47 72.0 158.0
37 13 86.0 13.0
55 36 145.0 175.0
14 13 180.0 198.0
51 21 177.0 17.0
12 57 141.0 108.0
45 37 125.0 136.0
30 32 37.0 107.0
28 65 165.0 61.0
77 5 98.0 52.0
68 74 78.0 195.0
19 34 198.0 59.0
4 51 72.0 175.0
12 14 197.0 13.0
56 6 117.0 74.0
65 42 114.0 154.0
28 4 195.0 79.0
8 76 161.0 93.0
71 29 185.0 191.0
62 63 172.0 183.0
35 62 95.0 196.0
3 8 92.0 44.0
56 29 166.0 9.0
70 52 51.0 80.0
55 34 171.0 46.0
32 1 57.0 84.0
57 47 22.0 42.0
59 71 157.0 146.0
54 34 187.0 52.0
6 21 168.0 79.0
49 29 65.0 134.0
8 6 37.0 68.0
15 38 177.0 161.0
66 4 195.0 34.0
78 60 152.0 17.0
2 67 144.0 109.0
22 58 164.0 131.0
78 74 175.0 84.0
52 12 159.0 192.0
42 2 119.0 148.0
67 54 191.0 96.0
8 48 132.0 138.0
8 15 15.0 36.0
19 66 35.0 159.0
73 21 19.0 199.0
16 2 9.0 146.0
13 34 96.0 168.0
63 1 184.0 15.0
8 9 85.0 127.0
8 50 107.0 169.0
30 39 149.0 122.0
26 4 114.0 184.0
7 5 81.0 133.0
32 11 129.0 90.0
44 27 75.0 177.0
17 5 56.0 59.0
46 59 4.0 93.0
58 16 129.0 111.0
54 36 172.0 30.0
16 10 45.0 86.0
5 19 177.0 126.0
1 35 127.0 59.0
19 7 57.0 154.0
2 4 38.0 65.0
12 16 106.0 194.0
59 42 195.0 187.0
77 63 12.0 119.0
56 39 143.0 58.0
57 27 38.0 121.0
62 1 35.0 117.0
45 26 150.0 44.0
57 55 91.0 140.0
20 8 99.0 149.0
5 20 187.0 46.0
48 72 148.0 151.0
60 44 109.0 91.0
21 33 155.0 99.0
8 12 65.0 142.0
26 1 179.0 167.0
6 17 174.0 70.0
29 27 91.0 25.0
12 60 120.0 30.0
3 38 168.0 68.0
32 62 41.0 77.0
17 44 172.0 148.0
64 7 137.0 189.0
40 71 78.0 116.0
59 30 162.0 4.0
56 4 124.0 53.0
5 15 193.0 44.0
6 22 8.0 161.0
9 18 3.0 1.0
14 64 17.0 128.0
70 2 69.0 106.0
73 75 42.0 99.0
54 13 24.0 4.0
7 6 90.0 148.0
48 71 158.0 83.0
77 21 88.0 118.0
69 8 58.0 91.0
21 26 12.0 27.0
28 74 115.0 81.0
20 57 21.0 157.0
69 12 26.0 45.0
48 23 113.0 116.0
15 34 3.0 23.0
54 19 85.0 91.0
54 51 34.0 95.0
20 9 147.0 198.0
58 8 163.0 62.0
14 26 104.0 184.0
65 48 56.0 82.0
5 21 170.0 121.0
12 43 0.0 173.0
11 55 52.0 37.0
55 12 8.0 38.0
74 75 63.0 107.0
6 16 182.0 178.0
55 25 177.0 86.0
22 43 23.0 185.0
21 27 171.0 145.0
17 9 41.0 171.0
7 20 188.0 93.0
43 54 149.0 149.0
10 19 138.0 164.0
13 49 174.0 120.0
23 2 152.0 151.0
44 5 198.0 127.0
59 5 45.0 169.0
27 20 180.0 38.0
51 72 196.0 120.0
47 60 37.0 97.0
71 77 112.0 127.0
47 50 61.0 86.0
1 29 86.0 13.0
61 71 73.0 36.0
75 4 58.0 70.0
4 22 152.0 190.0
62 57 157.0 100.0
67 73 18.0 146.0
71 50 16.0 130.0
49 33 31.0 29.0
13 16 189.0 69.0
63 52 2.0 62.0
21 4 161.0 60.0
65 61 183.0 65.0
8 17 53.0 140.0
9 1 176.0 71.0
50 48 183.0 144.0
30 53 184.0 14.0
10 15 55.0 173.0
23 5 3.0 9.0
14 75 111.0 116.0
57 16 41.0 94.0
30 1 63.0 46.0
1 8 135.0 191.0
5 11 96.0 70.0
13 10 182.0 80.0
20 10 61.0 189.0
75 52 111.0 64.0
48 33 197.0 22.0
48 61 13.0 39.0
61 22 126.0 28.0
58 9 129.0 13.0
47 78 122.0 177.0
37 70 193.0 104.0
49 1 6.0 6.0
52 51 114.0 117.0
5 40 67.0 111.0
22 45 61.0 32.0
67 72 199.0 187.0
30 23 93.0 128.0
51 25 108.0 15.0
44 48 82.0 53.0
18 10 106.0 88.0
22 63 35.0 172.0
24 15 9.0 55.0
9 56 182.0 70.0
77 69 133.0 181.0
5 22 102.0 26.0
51 8 35.0 11.0
6 37 126.0 69.0
26 3 157.0 185.0
25 3 69.0 145.0
56 11 36.0 78.0
3 24 92.0 18.0
14 31 177.0 25.0
57 45 182.0 80.0
7 2 110.0 169.0
74 2 135.0 189.0
68 33 169.0 93.0
74 23 181.0 38.0
33 60 85.0 169.0
5 26 185.0 177.0
6 2 153.0 162.0
1 28 156.0 135.0
18 12 145.0 19.0
7 16 45.0 80.0
75 12 169.0 166.0
1 25 161.0 150.0
25 5 99.0 47.0
12 53 150.0 84.0
20 6 90.0 104.0
31 1 31.0 199.0
35 7 144.0 128.0
5 24 112.0 141.0
11 22 105.0 33.0
31 7 41.0 67.0
16 15 66.0 93.0
59 8 174.0 17.0
12 3 74.0 16.0
27 68 65.0 57.0
74 18 115.0 161.0
5 13 183.0 179.0
8 22 130.0 89.0
1 10 156.0 124.0
69 58 16.0 23.0
65 77 179.0 142.0
2 52 33.0 53.0
41 57 64.0 50.0
74 25 144.0 131.0
36 12 85.0 128.0
57 40 177.0 16.0
4 27 3.0 133.0
54 29 7.0 171.0
4 24 117.0 186.0
4 16 151.0 151.0
64 50 52.0 15.0
74 4 88.0 197.0
15 12 190.0 174.0
51 63 75.0 167.0
16 11 143.0 78.0
34 60 13.0 102.0
34 22 140.0 131.0
15 14 38.0 92.0
20 26 57.0 90.0
29 20 72.0 145.0
2 27 162.0 62.0
62 68 47.0 37.0
28 3 99.0 142.0
56 26 136.0 112.0
47 30 22.0 77.0
28 22 121.0 60.0
75 68 43.0 178.0
37 14 59.0 115.0
1 16 160.0 21.0
26 2 49.0 8.0
25 63 99.0 100.0
5 14 137.0 188.0
75 38 142.0 160.0
9 47 70.0 63.0
64 12 170.0 113.0
25 54 15.0 181.0
12 65 126.0 176.0
21 12 196.0 128.0
7 37 186.0 47.0
54 32 154.0 75.0
19 58 142.0 96.0
27 46 139.0 13.0
11 21 172.0 109.0
12 17 74.0 188.0
66 25 114.0 153.0
47 24 138.0 110.0
7 21 103.0 124.0
66 75 150.0 9.0
54 38 99.0 92.0
33 70 120.0 191.0
4 23 99.0 92.0
4 59 92.0 126.0
33 20 96.0 6.0
71 36 173.0 35.0
42 78 76.0 76.0
30 2 3.0 178.0
65 74 110.0 54.0
65 70 168.0 30.0
73 26 193.0 20.0
6 53 152.0 37.0
16 5 89.0 0.0
43 70 43.0 62.0
70 30 162.0 72.0
57 25 71.0 165.0
20 15 58.0 133.0
2 28 67.0 178.0
4 14 146.0 12.0
3 68 73.0 50.0
76 32 157.0 114.0
3 16 137.0 153.0
31 64 196.0 52.0
10 70 5.0 19.0
34 42 111.0 63.0
38 70 60.0 178.0
15 9 40.0 158.0
10 21 37.0 66.0
11 13 154.0 195.0
12 25 177.0 44.0
3 6 104.0 126.0
15 13 7.0 109.0
21 67 71.0 118.0
15 1 62.0 83.0
28 51 136.0 102.0
2 29 71.0 173.0
14 71 58.0 25.0
1 19 97.0 188.0
4 73 183.0 2.0
24 76 62.0 142.0
15 19 58.0 85.0
12 19 4.0 72.0
18 57 118.0 92.0
60 38 148.0 189.0
59 33 158.0 158.0
26 6 105.0 56.0
35 23 72.0 40.0
48 67 165.0 134.0
20 11 159.0 175.0
27 62 103.0 163.0
69 6 21.0 21.0
4 30 10.0 169.0
44 18 117.0 121.0
9 76 86.0 174.0
48 32 116.0 158.0
20 3 48.0 34.0
10 24 108.0 7.0
18 15 183.0 12.0
58 70 1.0 156.0
3 62 125.0 164.0
1 76 182.0 194.0
73 65 57.0 69.0
46 2 189.0 125.0
33 36 144.0 189.0
48 51 130.0 52.0
25 37 199.0 65.0
3 31 198.0 152.0
16 14 54.0 75.0
24 12 23.0 189.0
14 67 77.0 32.0
18 21 165.0 66.0
14 1 190.0 61.0
10 49 25.0 72.0
35 50 132.0 176.0
67 45 112.0 130.0
48 52 6.0 119.0
1 5 16.0 30.0
21 59 107.0 93.0
8 25 194.0 25.0
29 3 73.0 136.0
8 18 35.0 98.0
20 2 65.0 119.0
24 9 55.0 177.0
26 53 186.0 14.0
57 19 74.0 2.0
5 28 135.0 134.0
33 24 28.0 81.0
54 48 102.0 53.0
29 46 133.0 137.0
3 32 35.0 198.0
17 36 18.0 43.0
11 12 84.0 4.0
8 27 15.0 111.0
8 23 67.0 102.0
3 72 105.0 95.0
70 39 35.0 7.0
22 10 180.0 168.0
8 14 115.0 15.0
20 16 22.0 85.0
17 10 72.0 106.0
20 13 156.0 40.0
35 71 122.0 175.0
11 25 135.0 28.0
23 11 173.0 170.0
57 26 141.0 153.0
26 52 55.0 56.0
66 45 199.0 77.0
46 77 87.0 23.0
17 15 72.0 195.0
49 50 140.0 146.0
36 73 164.0 75.0
25 64 198.0 137.0
6 23 98.0 139.0
23 16 47.0 153.0
10 23 129.0 198.0
18 14 176.0 16.0
24 64 195.0 0.0
35 60 176.0 87.0
18 16 187.0 140.0
29 4 0.0 185.0
53 13 140.0 50.0
29 31 17.0 188.0
29 8 10.0 98.0
8 19 198.0 138.0
17 76 60.0 145.0
24 11 63.0 36.0
22 12 59.0 51.0
33 23 134.0 12.0
36 23 89.0 75.0
3 27 109.0 58.0
12 23 114.0 119.0
74 69 101.0 64.0
34 1 139.0 162.0
55 5 142.0 2.0
3 33 93.0 153.0
47 14 107.0 27.0
37 53 102.0 148.0
40 73 127.0 164.0
14 20 139.0 41.0
72 12 194.0 40.0
25 2 109.0 85.0
40 67 88.0 3.0
7 22 39.0 181.0
29 59 6.0 146.0
62 33 188.0 60.0
56 35 120.0 115.0
67 29 153.0 11.0
68 77 32.0 100.0
33 26 15.0 93.0
6 13 175.0 55.0
29 6 78.0 14.0
27 9 68.0 36.0
18 13 12.0 8.0
66 23 181.0 85.0
24 7 102.0 87.0
59 32 59.0 86.0
57 8 6.0 26.0
7 27 135.0 181.0
5 29 75.0 14.0
55 21 68.0 143.0
16 22 173.0 32.0
19 46 68.0 154.0
7 29 66.0 122.0
19 17 161.0 125.0
48 7 22.0 119.0
10 12 160.0 158.0
14 19 60.0 36.0
39 24 178.0 80.0
20 43 167.0 151.0
17 14 100.0 36.0
78 49 135.0 166.0
12 47 162.0 48.0
53 64 86.0 137.0
22 18 171.0 198.0
26 10 49.0 31.0
7 52 105.0 27.0
6 24 61.0 25.0
65 26 191.0 161.0
74 39 194.0 126.0
7 78 120.0 157.0
13 57 18.0 6.0
32 6 16.0 141.0
10 73 61.0 65.0
34 2 114.0 166.0
60 10 163.0 176.0
63 78 128.0 154.0
38 58 189.0 122.0
28 8 158.0 109.0
64 40 122.0 128.0
17 22 167.0 138.0
16 21 180.0 28.0
38 37 176.0 95.0
14 24 142.0 92.0
18 20 178.0 22.0
2 60 191.0 167.0
67 62 6.0 102.0
51 29 120.0 128.0
7 23 45.0 39.0
48 10 128.0 178.0
75 20 152.0 56.0
49 17 160.0 94.0
40 18 178.0 138.0
77 53 142.0 122.0
64 75 31.0 100.0
53 56 58.0 104.0
33 44 127.0 56.0
19 18 177.0 55.0
14 66 11.0 129.0
5 33 111.0 171.0
10 4 10.0 89.0
5 32 103.0 153.0
56 44 146.0 86.0
11 26 186.0 156.0
17 13 49.0 113.0
23 17 161.0 26.0
33 42 196.0 172.0
33 7 79.0 107.0
37 19 174.0 89.0
27 5 99.0 77.0
33 6 186.0 45.0
30 6 96.0 173.0
75 23 117.0 145.0
2 37 191.0 78.0
43 52 16.0 139.0
19 13 105.0 95.0
67 70 106.0 79.0
16 63 83.0 6.0
16 8 81.0 22.0
21 9 172.0 177.0
36 31 144.0 41.0
32 52 131.0 87.0
25 59 173.0 148.0
29 64 171.0 30.0
55 30 16.0 77.0
14 34 193.0 51.0
70 26 44.0 74.0
39 33 6.0 168.0
63 70 28.0 102.0
44 45 107.0 111.0
1 38 145.0 33.0
74 24 91.0 116.0
20 4 94.0 107.0
25 14 172.0 87.0
77 55 157.0 16.0
9 30 196.0 115.0
49 60 131.0 176.0
54 77 80.0 39.0
11 19 106.0 25.0
32 36 164.0 198.0
73 50 123.0 59.0
17 16 105.0 95.0
21 19 130.0 14.0
34 5 51.0 79.0
7 44 10.0 183.0
3 36 195.0 90.0
13 26 85.0 53.0
2 33 102.0 2.0
23 13 181.0 26.0
12 42 124.0 86.0
20 67 138.0 6.0
6 27 32.0 190.0
14 21 188.0 194.0
8 75 145.0 135.0
22 54 15.0 182.0
35 69 53.0 69.0
78 56 61.0 35.0
20 72 154.0 137.0
61 62 59.0 45.0
24 54 74.0 43.0
33 52 59.0 14.0
48 77 80.0 156.0
2 49 83.0 47.0
16 25 24.0 137.0
41 43 181.0 85.0
64 35 27.0 136.0
47 70 99.0 39.0
73 63 80.0 125.0
65 50 49.0 139.0
17 24 84.0 130.0
37 1 12.0 168.0
65 8 59.0 37.0
78 13 82.0 40.0
76 63 167.0 62.0
18 17 181.0 18.0
10 30 159.0 61.0
31 73 180.0 161.0
76 62 185.0 64.0
30 3 19.0 197.0
46 75 78.0 30.0
7 25 62.0 113.0
26 16 12.0 29.0
25 13 11.0 146.0
71 6 80.0 123.0
1 67 111.0 12.0
36 6 99.0 96.0
16 65 159.0 118.0
7 32 197.0 189.0
28 13 74.0 59.0
10 28 105.0 38.0
42 63 85.0 69.0
69 31 104.0 118.0
19 35 155.0 167.0
29 11 125.0 54.0
6 28 46.0 36.0
32 44 148.0 44.0
38 2 157.0 22.0
1 40 87.0 63.0
14 22 141.0 173.0
7 56 104.0 197.0
32 8 133.0 59.0
10 25 43.0 58.0
43 67 168.0 41.0
32 60 151.0 116.0
76 72 141.0 61.0
13 75 101.0 28.0
10 31 36.0 43.0
29 55 66.0 140.0
38 28 138.0 199.0
53 42 159.0 133.0
2 40 126.0 127.0
1 52 9.0 30.0
45 20 190.0 150.0
8 31 127.0 44.0
24 13 25.0 163.0
64 30 189.0 91.0
57 33 22.0 79.0
24 34 106.0 181.0
25 45 8.0 184.0
20 19 94.0 170.0
1 39 24.0 37.0
40 42 136.0 151.0
51 65 151.0 113.0
44 55 175.0 92.0
9 49 49.0 198.0
8 5 133.0 155.0
51 74 0.0 93.0
35 2 163.0 94.0
21 78 91.0 188.0
41 8 36.0 27.0
23 57 127.0 140.0
33 35 46.0 103.0
33 18 149.0 95.0
23 27 176.0 82.0
4 37 96.0 128.0
12 26 79.0 11.0
6 35 23.0 123.0
36 5 1.0 59.0
24 50 43.0 80.0
35 22 92.0 90.0
67 12 173.0 194.0
39 4 130.0 101.0
63 75 148.0 178.0
34 4 63.0 27.0
10 77 184.0 86.0
44 73 0.0 185.0
18 25 33.0 43.0
31 6 141.0 78.0
27 14 11.0 114.0
39 49 105.0 141.0
45 72 51.0 53.0
12 20 49.0 66.0
4 70 140.0 33.0
10 27 52.0 92.0
59 56 141.0 86.0
68 29 196.0 82.0
75 42 40.0 7.0
6 18 163.0 145.0
2 36 127.0 166.0
20 65 70.0 129.0
6 67 140.0 162.0
32 31 73.0 193.0
36 10 66.0 166.0
38 61 87.0 14.0
24 16 114.0 127.0
44 54 140.0 29.0
68 6 158.0 20.0
71 4 165.0 180.0
14 23 148.0 58.0
4 40 42.0 173.0
1 74 29.0 60.0
57 10 41.0 116.0
4 35 170.0 108.0
69 54 44.0 62.0
36 4 113.0 154.0
41 1 199.0 30.0
32 12 178.0 99.0
12 44 173.0 20.0
39 63 160.0 154.0
72 19 4.0 2.0
3 41 86.0 126.0
64 47 36.0 82.0
78 34 158.0 101.0
65 1 153.0 109.0
71 18 64.0 131.0
11 38 102.0 189.0
51 43 91.0 15.0
11 40 184.0 47.0
19 23 182.0 23.0
51 36 89.0 171.0
69 53 122.0 47.0
29 9 81.0 76.0
69 24 56.0 97.0
62 21 199.0 110.0
25 19 101.0 42.0
13 22 77.0 85.0
8 36 81.0 60.0
28 12 164.0 170.0
9 31 116.0 87.0
24 78 149.0 149.0
23 43 89.0 157.0
63 40 171.0 40.0
32 72 39.0 72.0
10 66 44.0 117.0
31 16 40.0 78.0
3 39 71.0 156.0
67 22 49.0 187.0
39 2 137.0 150.0
63 44 123.0 178.0
11 27 72.0 46.0
15 43 35.0 63.0
38 6 101.0 31.0
70 78 125.0 93.0
67 17 80.0 149.0
38 69 108.0 82.0
5 38 63.0 45.0
63 6 171.0 138.0
27 15 104.0 195.0
43 1 186.0 91.0
37 8 4.0 39.0
13 29 94.0 82.0
30 76 180.0 175.0
16 30 96.0 88.0
30 15 85.0 112.0
22 23 159.0 8.0
64 52 41.0 16.0
1 44 109.0 27.0
32 9 167.0 65.0
9 35 135.0 61.0
45 1 2.0 67.0
7 34 39.0 50.0
4 38 6.0 76.0
32 13 0.0 166.0
45 59 158.0 193.0
29 10 24.0 19.0
53 78 192.0 143.0
43 2 67.0 79.0
13 31 142.0 69.0
11 28 0.0 133.0
37 3 47.0 6.0
9 22 191.0 199.0
8 38 52.0 150.0
14 60 157.0 76.0
59 6 191.0 101.0
36 7 72.0 58.0
17 25 85.0 167.0
67 9 184.0 85.0
55 69 61.0 183.0
69 67 27.0 53.0
4 33 92.0 79.0
17 29 35.0 2.0
37 62 157.0 26.0
4 43 115.0 30.0
21 23 17.0 0.0
15 26 112.0 154.0
9 46 50.0 125.0
37 10 199.0 29.0
33 11 162.0 43.0
35 3 149.0 149.0
32 14 185.0 107.0
48 16 30.0 52.0
20 25 87.0 199.0
40 3 172.0 151.0
50 52 115.0 175.0
60 21 93.0 66.0
52 24 136.0 7.0
60 69 8.0 38.0
12 30 198.0 145.0
73 34 72.0 180.0
4 72 44.0 111.0
76 2 24.0 168.0
27 18 51.0 91.0
5 54 69.0 96.0
27 56 125.0 157.0
46 28 198.0 85.0
23 18 126.0 196.0
56 73 181.0 198.0
17 35 41.0 177.0
38 10 169.0 17.0
8 39 141.0 20.0
70 74 35.0 162.0
30 17 88.0 113.0
34 11 159.0 86.0
26 22 112.0 86.0
12 37 71.0 45.0
21 49 175.0 112.0
16 29 9.0 144.0
44 76 158.0 102.0
16 28 158.0 194.0
42 1 50.0 46.0
7 40 190.0 162.0
59 73 131.0 55.0
59 35 87.0 3.0
34 16 147.0 62.0
72 34 42.0 156.0
42 6 110.0 153.0
37 74 57.0 68.0
51 66 15.0 60.0
29 21 120.0 158.0
33 10 10.0 3.0
9 13 44.0 97.0
47 37 79.0 191.0
33 14 195.0 73.0
48 75 183.0 105.0
20 54 131.0 41.0
41 68 144.0 99.0
10 72 1.0 64.0
17 61 39.0 163.0
13 76 4.0 84.0
30 19 44.0 83.0
8 40 84.0 39.0
24 25 61.0 68.0
38 52 166.0 144.0
69 44 45.0 62.0
37 52 122.0 46.0
25 23 125.0 162.0
49 69 147.0 82.0
13 27 48.0 191.0
12 29 162.0 85.0
3 74 52.0 175.0
47 10 184.0 170.0
6 41 63.0 29.0
44 42 10.0 138.0
22 21 163.0 88.0
24 21 171.0 110.0
46 35 66.0 172.0
53 32 67.0 180.0
42 7 32.0 71.0
71 20 189.0 16.0
62 50 89.0 5.0
9 38 12.0 51.0
46 10 93.0 175.0
48 63 101.0 64.0
47 13 128.0 119.0
44 30 111.0 147.0
41 27 32.0 143.0
46 56 141.0 22.0
55 42 180.0 182.0
41 44 117.0 193.0
4 61 186.0 162.0
73 15 98.0 39.0
28 63 12.0 179.0
7 41 167.0 76.0
44 3 164.0 0.0
44 71 87.0 105.0
31 15 27.0 68.0
72 30 150.0 96.0
18 24 36.0 88.0
61 69 3.0 86.0
53 8 152.0 168.0
7 38 193.0 71.0
64 34 146.0 157.0
26 66 150.0 34.0
15 63 79.0 177.0
19 22 96.0 181.0
30 35 168.0 84.0
9 34 92.0 123.0
40 6 132.0 44.0
42 4 151.0 77.0
74 20 137.0 97.0
35 52 8.0 87.0
39 7 4.0 40.0
23 72 22.0 101.0
35 10 193.0 142.0
43 42 49.0 86.0
50 21 92.0 133.0
33 16 138.0 43.0
45 4 0.0 27.0
8 2 114.0 8.0
12 27 70.0 118.0
32 15 113.0 92.0
41 9 121.0 59.0
44 6 56.0 122.0
50 11 178.0 101.0
20 24 17.0 68.0
30 38 118.0 17.0
47 1 141.0 184.0
46 3 0.0 11.0
6 39 39.0 65.0
31 20 140.0 112.0
52 18 49.0 149.0
10 34 62.0 179.0
11 35 40.0 79.0
53 45 103.0 158.0
66 35 155.0 196.0
5 43 126.0 155.0
57 54 55.0 165.0
76 61 119.0 196.0
78 14 12.0 120.0
42 28 197.0 74.0
39 12 192.0 37.0
40 72 82.0 95.0
56 75 38.0 38.0
36 9 18.0 164.0
19 26 16.0 73.0
35 14 129.0 87.0
21 74 17.0 141.0
24 26 156.0 15.0
39 9 129.0 100.0
31 54 41.0 11.0
50 18 43.0 31.0
70 71 161.0 13.0
73 7 142.0 129.0
15 71 178.0 23.0
2 44 33.0 196.0
16 35 155.0 141.0
41 10 119.0 36.0
20 32 180.0 113.0
78 23 44.0 175.0
22 20 74.0 157.0
14 56 135.0 168.0
35 13 79.0 113.0
58 36 38.0 64.0
9 59 144.0 145.0
52 6 188.0 63.0
66 27 30.0 121.0
50 5 21.0 74.0
12 40 112.0 48.0
17 65 126.0 199.0
19 47 67.0 157.0
24 22 102.0 58.0
36 24 179.0 46.0
58 39 70.0 119.0
65 41 167.0 52.0
40 9 174.0 189.0
28 23 132.0 38.0
64 16 165.0 10.0
62 60 179.0 185.0
37 26 72.0 82.0
77 37 87.0 51.0
23 29 85.0 157.0
24 8 100.0 52.0
19 28 149.0 74.0
8 42 188.0 33.0
47 6 106.0 105.0
3 69 6.0 38.0
44 53 84.0 78.0
11 42 47.0 171.0
53 76 15.0 132.0
5 71 130.0 115.0
17 68 112.0 31.0
46 6 58.0 52.0
32 19 125.0 164.0
32 17 38.0 131.0
53 57 179.0 122.0
26 23 95.0 26.0
28 17 169.0 110.0
15 33 176.0 99.0
57 37 123.0 41.0
71 38 61.0 181.0
37 15 60.0 138.0
29 72 79.0 50.0
50 67 27.0 58.0
22 29 96.0 122.0
5 42 192.0 17.0
24 29 81.0 121.0
43 6 0.0 4.0
42 10 67.0 61.0
31 18 88.0 79.0
36 15 156.0 167.0
36 66 22.0 135.0
2 66 111.0 70.0
4 47 109.0 56.0
48 28 57.0 142.0
29 19 154.0 57.0
73 17 72.0 21.0
2 47 194.0 113.0
66 47 186.0 150.0
43 8 175.0 161.0
71 26 41.0 39.0
19 33 178.0 102.0
14 36 67.0 36.0
8 45 131.0 21.0
29 60 89.0 155.0
56 67 133.0 83.0
64 46 111.0 119.0
25 21 69.0 86.0
3 50 135.0 62.0
4 49 196.0 65.0
17 31 102.0 15.0
16 62 167.0 33.0
22 32 183.0 56.0
58 33 158.0 116.0
18 35 52.0 21.0
36 16 132.0 121.0
72 66 110.0 19.0
50 4 107.0 106.0
35 25 189.0 9.0
36 56 47.0 108.0
75 16 193.0 30.0
38 13 38.0 152.0
50 36 107.0 90.0
58 24 123.0 40.0
11 48 45.0 33.0
35 15 187.0 104.0
48 5 28.0 128.0
11 43 93.0 75.0
71 39 115.0 86.0
54 73 196.0 105.0
59 67 53.0 103.0
48 1 10.0 128.0
76 70 155.0 7.0
39 14 170.0 94.0
77 74 87.0 199.0
51 9 118.0 132.0
75 47 41.0 185.0
70 23 181.0 37.0
11 58 102.0 34.0
35 76 95.0 112.0
38 14 81.0 3.0
53 1 161.0 52.0
45 10 188.0 0.0
4 1 162.0 58.0
25 26 16.0 155.0
65 52 124.0 197.0
44 10 26.0 178.0
71 19 175.0 74.0
1 54 97.0 8.0
71 67 103.0 59.0
62 78 93.0 43.0
47 7 199.0 7.0
8 71 31.0 15.0
44 23 97.0 108.0
24 23 198.0 124.0
2 51 43.0 125.0
11 41 57.0 140.0
59 44 113.0 112.0
72 53 59.0 6.0
39 16 155.0 58.0
71 10 139.0 139.0
30 24 40.0 189.0
34 17 14.0 190.0
44 8 42.0 9.0
76 27 51.0 99.0
20 61 168.0 116.0
35 32 178.0 27.0
10 39 72.0 85.0
18 28 51.0 164.0
52 46 109.0 44.0
15 61 81.0 75.0
45 58 159.0 123.0
34 39 40.0 162.0
21 71 106.0 9.0
24 55 146.0 36.0
63 47 136.0 18.0
24 28 170.0 140.0
58 1 153.0 79.0
12 34 24.0 34.0
72 58 26.0 183.0
19 42 70.0 19.0
53 3 129.0 129.0
52 3 194.0 75.0
26 29 186.0 83.0
7 43 164.0 156.0
32 18 129.0 117.0
36 75 133.0 106.0
54 26 49.0 111.0
45 9 163.0 120.0
1 36 183.0 44.0
25 27 158.0 177.0
65 27 194.0 144.0
70 45 194.0 110.0
25 28 180.0 124.0
42 13 49.0 65.0
21 34 10.0 99.0
14 42 122.0 125.0
2 54 90.0 105.0
75 25 8.0 0.0
14 29 82.0 154.0
16 38 187.0 29.0
28 66 129.0 120.0
6 76 158.0 178.0
16 37 174.0 121.0
39 77 172.0 96.0
25 50 10.0 15.0
2 45 138.0 170.0
45 56 60.0 173.0
53 51 35.0 0.0
43 13 42.0 116.0
70 9 172.0 152.0
15 56 124.0 146.0
7 45 40.0 49.0
21 31 38.0 51.0
31 4 143.0 129.0
7 71 88.0 4.0
43 49 11.0 75.0
43 14 133.0 5.0
51 18 114.0 57.0
6 49 55.0 38.0
47 5 152.0 47.0
52 27 135.0 143.0
45 11 170.0 78.0
30 21 78.0 11.0
11 39 66.0 41.0
73 55 172.0 152.0
7 49 42.0 86.0
53 4 170.0 97.0
25 72 19.0 123.0
40 15 19.0 106.0
69 34 112.0 142.0
64 10 162.0 142.0
40 56 77.0 180.0
24 27 40.0 49.0
73 64 115.0 83.0
44 9 80.0 85.0
20 35 177.0 51.0
1 69 116.0 196.0
52 17 66.0 28.0
26 43 91.0 28.0
49 5 190.0 168.0
35 21 91.0 183.0
68 67 69.0 6.0
56 1 180.0 149.0
10 40 31.0 157.0
46 76 6.0 147.0
36 20 191.0 72.0
35 28 60.0 34.0
57 32 59.0 2.0
39 13 78.0 151.0
68 30 2.0 148.0
31 19 6.0 182.0
75 10 113.0 189.0
37 20 192.0 119.0
33 65 19.0 136.0
37 18 163.0 31.0
2 48 98.0 174.0
78 26 174.0 177.0
56 42 188.0 128.0
42 16 129.0 146.0
57 1 150.0 42.0
33 31 144.0 94.0
17 77 7.0 115.0
48 25 126.0 170.0
9 42 103.0 25.0
61 25 9.0 29.0
12 45 109.0 149.0
35 51 174.0 38.0
42 26 63.0 76.0
47 8 157.0 160.0
35 24 154.0 164.0
45 27 106.0 80.0
61 8 156.0 161.0
1 55 194.0 117.0
6 48 73.0 104.0
8 49 106.0 199.0
51 1 178.0 122.0
34 61 150.0 135.0
52 78 131.0 104.0
46 5 72.0 189.0
23 32 158.0 28.0
41 17 145.0 104.0
72 31 184.0 18.0
22 31 134.0 90.0
37 49 42.0 113.0
46 8 4.0 144.0
3 60 141.0 87.0
15 39 84.0 13.0
55 3 24.0 194.0
29 52 57.0 122.0
16 41 66.0 41.0
56 3 106.0 1.0
18 36 142.0 100.0
19 70 70.0 98.0
6 50 136.0 12.0
48 40 194.0 20.0
39 17 159.0 171.0
23 62 29.0 16.0
40 58 199.0 96.0
16 40 141.0 106.0
44 35 133.0 83.0
38 18 1.0 156.0
11 44 87.0 137.0
54 6 13.0 33.0
70 3 95.0 124.0
40 20 139.0 124.0
49 31 195.0 138.0
7 50 88.0 136.0
30 22 110.0 22.0
31 25 178.0 112.0
51 7 43.0 65.0
45 14 188.0 56.0
10 52 56.0 83.0
4 55 176.0 195.0
69 51 154.0 124.0
43 61 37.0 42.0
61 67 90.0 148.0
53 2 44.0 68.0
39 21 173.0 88.0
57 15 191.0 161.0
66 62 55.0 199.0
13 45 89.0 184.0
58 2 67.0 43.0
13 33 153.0 57.0
54 4 1.0 43.0
70 75 182.0 45.0
46 68 85.0 155.0
5 60 163.0 28.0
43 77 175.0 171.0
33 22 160.0 64.0
28 29 87.0 179.0
25 33 0.0 40.0
62 5 162.0 1.0
18 26 1.0 145.0
21 17 66.0 39.0
49 3 139.0 182.0
30 26 174.0 66.0
33 27 27.0 86.0
62 65 137.0 114.0
28 27 48.0 89.0
15 45 195.0 10.0
42 18 126.0 148.0
46 12 185.0 145.0
8 52 54.0 77.0
15 42 92.0 181.0
50 9 17.0 71.0
38 22 92.0 106.0
73 39 139.0 140.0
16 44 81.0 86.0
1 59 74.0 159.0
34 23 29.0 59.0
17 37 15.0 36.0
32 24 106.0 59.0
9 52 178.0 124.0
51 19 64.0 22.0
47 3 17.0 156.0
20 39 130.0 50.0
16 43 52.0 156.0
28 32 50.0 33.0
2 57 88.0 65.0
55 70 131.0 195.0
36 26 179.0 109.0
47 11 32.0 196.0
18 39 13.0 1.0
26 32 24.0 96.0
11 46 80.0 28.0
55 72 77.0 130.0
24 37 73.0 165.0
41 20 184.0 4.0
30 11 189.0 116.0
8 54 145.0 21.0
28 26 10.0 111.0
61 14 192.0 186.0
22 37 32.0 73.0
13 60 159.0 109.0
12 48 80.0 184.0
48 60 122.0 65.0
11 76 155.0 111.0
74 31 61.0 52.0
48 64 37.0 23.0
27 49 134.0 182.0
17 56 52.0 166.0
51 11 66.0 163.0
17 43 40.0 146.0
56 2 95.0 163.0
27 47 93.0 2.0
29 34 122.0 106.0
47 41 93.0 111.0
39 38 68.0 179.0
43 76 15.0 73.0
9 57 73.0 33.0
10 50 25.0 114.0
24 46 143.0 73.0
44 15 118.0 189.0
63 20 157.0 192.0
10 69 69.0 2.0
47 15 154.0 138.0
50 12 98.0 169.0
64 51 136.0 123.0
54 9 180.0 113.0
14 44 26.0 76.0
23 39 48.0 96.0
43 19 90.0 157.0
46 32 198.0 111.0
67 16 66.0 152.0
9 48 164.0 116.0
64 39 161.0 52.0
23 31 0.0 141.0
3 57 118.0 178.0
29 33 99.0 118.0
32 27 116.0 141.0
21 28 128.0 115.0
19 16 170.0 146.0
58 12 120.0 86.0
33 28 36.0 33.0
27 30 112.0 188.0
45 17 83.0 30.0
36 27 12.0 182.0
49 11 116.0 129.0
10 63 37.0 196.0
28 43 12.0 8.0
54 45 164.0 85.0
50 77 145.0 153.0
14 50 94.0 57.0
16 45 53.0 177.0
22 39 20.0 17.0
29 32 17.0 88.0
30 31 14.0 55.0
36 25 136.0 178.0
36 21 102.0 52.0
40 22 131.0 47.0
27 35 7.0 25.0
46 16 139.0 12.0
46 17 3.0 111.0
46 15 174.0 21.0
52 23 165.0 140.0
62 20 8.0 53.0
65 9 68.0 111.0
52 49 10.0 152.0
54 42 118.0 169.0
20 34 197.0 57.0
59 3 91.0 153.0
5 53 58.0 17.0
63 19 149.0 176.0
66 74 163.0 109.0
32 55 151.0 184.0
52 11 154.0 161.0
76 48 197.0 72.0
18 45 27.0 147.0
60 1 26.0 70.0
38 26 132.0 36.0
34 30 179.0 81.0
55 9 81.0 142.0
20 42 198.0 32.0
19 44 80.0 152.0
12 49 93.0 29.0
39 47 61.0 121.0
13 48 6.0 87.0
12 51 133.0 138.0
55 7 34.0 112.0
41 40 29.0 115.0
78 65 52.0 27.0
41 22 75.0 132.0
32 33 14.0 168.0
57 6 22.0 75.0
25 40 120.0 181.0
72 8 29.0 54.0
12 77 109.0 63.0
66 24 11.0 138.0
15 48 29.0 63.0
13 50 155.0 104.0
39 25 6.0 169.0
41 55 3.0 181.0
31 34 148.0 123.0
50 58 28.0 177.0
44 20 21.0 137.0
67 44 59.0 184.0
11 53 144.0 88.0
63 31 63.0 100.0
51 76 186.0 69.0
3 61 72.0 141.0
77 52 198.0 172.0
61 2 42.0 178.0
60 77 123.0 16.0
33 30 192.0 134.0
29 47 154.0 88.0
53 10 38.0 17.0
47 52 124.0 177.0
47 17 102.0 148.0
28 62 34.0 52.0
1 61 22.0 28.0
37 27 146.0 97.0
58 28 5.0 90.0
24 61 27.0 159.0
59 2 177.0 17.0
47 16 105.0 53.0
42 58 104.0 159.0
69 30 1.0 138.0
77 16 92.0 23.0
62 31 64.0 190.0
2 55 12.0 21.0
16 50 178.0 39.0
29 36 126.0 155.0
70 49 172.0 31.0
38 24 140.0 77.0
69 78 148.0 141.0
40 24 50.0 193.0
62 2 93.0 114.0
54 12 75.0 105.0
8 56 179.0 5.0
42 23 13.0 105.0
60 4 137.0 186.0
30 46 186.0 77.0
29 35 117.0 134.0
19 68 77.0 167.0
58 3 79.0 122.0
30 36 142.0 106.0
54 3 135.0 121.0
40 27 47.0 148.0
28 37 98.0 184.0
5 56 84.0 84.0
23 40 25.0 153.0
21 40 113.0 102.0
46 21 27.0 144.0
42 22 34.0 169.0
46 72 88.0 121.0
74 64 192.0 135.0
2 63 113.0 43.0
31 66 71.0 197.0
73 47 101.0 48.0
53 41 80.0 166.0
14 51 36.0 107.0
18 48 83.0 22.0
32 25 197.0 171.0
21 44 177.0 141.0
60 59 169.0 90.0
24 41 66.0 192.0
25 41 117.0 119.0
67 3 174.0 197.0
51 15 118.0 162.0
42 25 12.0 1.0
21 56 197.0 161.0
63 4 19.0 126.0
60 8 103.0 188.0
3 65 103.0 169.0
7 59 66.0 20.0
55 10 180.0 192.0
45 19 166.0 50.0
16 49 172.0 178.0
56 18 65.0 122.0
62 7 80.0 84.0
56 63 178.0 183.0
52 14 80.0 82.0
58 6 25.0 146.0
2 64 153.0 157.0
31 46 186.0 119.0
7 58 140.0 158.0
53 7 30.0 157.0
14 70 98.0 62.0
21 38 173.0 77.0
50 30 1.0 53.0
17 51 141.0 26.0
30 42 89.0 47.0
38 29 154.0 27.0
3 63 4.0 46.0
18 49 99.0 186.0
24 56 15.0 149.0
54 15 150.0 140.0
26 40 7.0 151.0
53 18 93.0 100.0
44 24 6.0 134.0
10 56 34.0 112.0
39 27 116.0 38.0
29 37 64.0 167.0
57 14 121.0 79.0
45 21 41.0 71.0
15 50 168.0 48.0
37 31 167.0 61.0
37 30 66.0 125.0
71 37 6.0 52.0
6 61 16.0 75.0
63 5 141.0 32.0
39 29 63.0 14.0
6 55 154.0 104.0
54 16 114.0 122.0
51 38 156.0 33.0
53 17 38.0 174.0
16 52 98.0 196.0
64 1 136.0 66.0
37 61 81.0 78.0
64 4 150.0 96.0
46 22 141.0 104.0
57 7 165.0 8.0
66 40 43.0 121.0
57 11 149.0 33.0
24 42 95.0 199.0
62 56 71.0 32.0
68 1 30.0 153.0
8 62 84.0 181.0
58 10 162.0 178.0
48 20 129.0 127.0
20 56 28.0 125.0
67 4 75.0 177.0
19 50 194.0 123.0
33 37 62.0 17.0
38 32 19.0 45.0
5 61 78.0 56.0
56 12 31.0 40.0
34 33 47.0 113.0
64 5 74.0 27.0
9 61 89.0 101.0
16 55 80.0 35.0
32 63 44.0 95.0
76 73 99.0 16.0
2 65 85.0 129.0
65 32 30.0 69.0
47 21 114.0 29.0
39 62 168.0 140.0
43 25 100.0 57.0
73 11 198.0 132.0
51 13 72.0 42.0
26 61 37.0 123.0
41 12 44.0 75.0
42 45 167.0 74.0
10 59 146.0 33.0
47 22 79.0 66.0
69 13 34.0 131.0
6 65 17.0 32.0
19 48 10.0 41.0
60 11 176.0 0.0
53 14 94.0 20.0
42 27 97.0 61.0
41 31 168.0 195.0
51 16 188.0 199.0
46 53 58.0 175.0
50 26 36.0 75.0
48 24 128.0 47.0
23 46 2.0 104.0
77 51 197.0 96.0
55 15 130.0 94.0
61 7 128.0 50.0
43 24 192.0 68.0
20 46 125.0 50.0
12 59 141.0 161.0
57 59 28.0 69.0
35 36 185.0 182.0
23 45 29.0 182.0
42 29 46.0 160.0
64 9 172.0 174.0
27 38 143.0 164.0
77 19 193.0 68.0
62 53 86.0 135.0
50 20 102.0 66.0
26 44 188.0 39.0
49 20 169.0 169.0
2 68 72.0 15.0
47 35 56.0 44.0
10 61 175.0 199.0
25 44 169.0 169.0
41 30 144.0 7.0
19 52 198.0 46.0
61 12 151.0 138.0
48 17 62.0 72.0
74 57 33.0 134.0
13 71 71.0 41.0
27 43 168.0 198.0
5 66 15.0 90.0
60 70 92.0 111.0
18 54 196.0 90.0
33 66 8.0 100.0
78 73 78.0 70.0
25 47 194.0 64.0
9 63 178.0 17.0
39 31 15.0 98.0
43 30 63.0 182.0
71 1 113.0 155.0
39 32 0.0 109.0
25 22 67.0 8.0
5 69 146.0 98.0
71 2 123.0 93.0
10 62 22.0 53.0
4 62 14.0 37.0
52 21 34.0 77.0
59 43 118.0 147.0
56 37 8.0 70.0
49 25 152.0 27.0
1 66 96.0 98.0
23 50 11.0 19.0
41 73 180.0 185.0
16 56 171.0 194.0
49 30 60.0 157.0
63 11 37.0 130.0
31 40 131.0 197.0
29 40 91.0 35.0
67 46 93.0 187.0
33 38 131.0 56.0
24 45 61.0 111.0
49 59 162.0 185.0
34 35 89.0 23.0
52 4 112.0 126.0
31 42 136.0 195.0
1 73 1.0 179.0
52 20 40.0 95.0
63 24 58.0 171.0
68 4 161.0 72.0
13 58 126.0 123.0
56 13 198.0 15.0
42 32 110.0 110.0
55 58 68.0 198.0
49 23 51.0 69.0
61 47 173.0 43.0
37 34 165.0 183.0
58 15 199.0 126.0
2 72 16.0 77.0
38 34 56.0 14.0
2 69 107.0 118.0
49 24 174.0 127.0
34 41 47.0 177.0
59 13 85.0 172.0
26 48 45.0 50.0
65 10 179.0 44.0
32 41 133.0 195.0
34 40 57.0 141.0
26 72 77.0 116.0
67 7 182.0 51.0
53 20 9.0 29.0
18 55 44.0 46.0
5 67 24.0 90.0
7 66 9.0 155.0
69 40 79.0 95.0
39 35 8.0 137.0
5 70 32.0 37.0
45 28 145.0 14.0
38 36 174.0 106.0
19 56 58.0 19.0
5 68 80.0 82.0
32 37 156.0 89.0
14 73 158.0 187.0
49 26 173.0 166.0
44 31 83.0 157.0
66 8 18.0 180.0
76 15 117.0 144.0
52 22 190.0 175.0
45 29 172.0 22.0
14 59 141.0 80.0
22 50 21.0 51.0
35 41 178.0 146.0
19 60 121.0 13.0
7 65 146.0 91.0
21 54 69.0 15.0
59 16 127.0 11.0
41 33 152.0 51.0
24 51 144.0 45.0
51 23 199.0 117.0
4 69 190.0 129.0
25 38 97.0 111.0
57 17 70.0 195.0
45 30 92.0 139.0
47 26 57.0 172.0
64 11 135.0 9.0
54 17 114.0 32.0
39 36 17.0 65.0
70 11 35.0 7.0
55 20 127.0 84.0
69 7 13.0 149.0
59 18 146.0 106.0
39 37 181.0 155.0
8 64 112.0 68.0
8 67 75.0 26.0
51 40 71.0 44.0
78 8 77.0 58.0
60 16 97.0 156.0
53 19 16.0 62.0
14 58 39.0 114.0
73 30 52.0 172.0
72 18 61.0 116.0
41 36 47.0 88.0
31 38 176.0 118.0
49 22 112.0 5.0
56 22 46.0 161.0
13 62 165.0 14.0
45 33 142.0 156.0
50 56 87.0 146.0
73 74 63.0 100.0
48 29 96.0 111.0
18 47 159.0 24.0
70 6 78.0 23.0
19 55 163.0 77.0
68 8 7.0 128.0
35 42 121.0 102.0
13 61 136.0 160.0
75 3 21.0 151.0
43 63 72.0 70.0
45 31 2.0 183.0
41 77 68.0 33.0
71 45 6.0 32.0
43 32 173.0 13.0
36 40 115.0 47.0
51 22 179.0 3.0
53 23 172.0 1.0
28 49 165.0 45.0
73 5 42.0 120.0
12 66 129.0 110.0
1 72 168.0 87.0
33 43 108.0 94.0
68 9 84.0 176.0
50 27 24.0 64.0
1 75 160.0 197.0
15 59 157.0 77.0
58 20 57.0 199.0
23 47 69.0 139.0
35 43 67.0 38.0
64 13 0.0 176.0
43 34 29.0 36.0
72 5 26.0 6.0
76 40 109.0 186.0
64 6 171.0 19.0
36 43 115.0 29.0
50 29 93.0 185.0
3 73 130.0 160.0
2 75 36.0 130.0
38 35 180.0 17.0
24 53 40.0 158.0
55 49 79.0 150.0
77 1 172.0 3.0
23 54 124.0 40.0
11 66 154.0 169.0
66 13 163.0 84.0
47 31 114.0 151.0
22 55 56.0 46.0
42 21 178.0 96.0
10 67 60.0 10.0
38 41 11.0 184.0
45 32 101.0 87.0
70 8 105.0 55.0
10 68 59.0 68.0
11 68 95.0 174.0
9 69 36.0 103.0
14 65 29.0 166.0
59 39 70.0 41.0
44 34 186.0 81.0
61 18 156.0 39.0
40 37 65.0 61.0
33 46 149.0 125.0
20 60 41.0 197.0
5 74 152.0 29.0
47 28 3.0 182.0
73 72 114.0 25.0
28 73 4.0 100.0
63 49 106.0 160.0
34 46 30.0 171.0
57 21 157.0 131.0
56 25 75.0 198.0
63 17 185.0 27.0
32 47 148.0 188.0
2 77 34.0 62.0
68 12 1.0 190.0
72 7 98.0 107.0
45 35 179.0 80.0
11 69 131.0 136.0
39 76 25.0 6.0
51 27 91.0 10.0
77 4 132.0 39.0
41 67 140.0 166.0
44 74 176.0 141.0
39 40 135.0 74.0
19 61 111.0 67.0
78 36 161.0 194.0
61 49 157.0 138.0
48 31 85.0 0.0
39 41 168.0 17.0
60 18 63.0 60.0
25 52 56.0 191.0
66 9 35.0 143.0
38 53 192.0 98.0
4 76 8.0 154.0
57 24 135.0 118.0
15 49 197.0 172.0
61 50 156.0 166.0
55 26 73.0 171.0
3 77 183.0 81.0
78 1 102.0 170.0
19 59 153.0 47.0
44 36 111.0 114.0
50 33 191.0 199.0
73 8 165.0 188.0
64 45 94.0 121.0
49 34 65.0 119.0
47 33 187.0 1.0
37 42 165.0 41.0
74 7 58.0 119.0
35 40 87.0 170.0
14 76 71.0 30.0
48 30 109.0 36.0
49 19 162.0 155.0
60 15 58.0 27.0
45 36 54.0 197.0
69 14 48.0 19.0
68 13 121.0 107.0
42 39 44.0 160.0
65 53 146.0 116.0
41 49 37.0 8.0
40 43 113.0 199.0
37 43 66.0 124.0
78 2 15.0 120.0
37 35 144.0 64.0
30 52 162.0 17.0
52 31 102.0 6.0
65 15 31.0 0.0
44 37 137.0 69.0
64 19 10.0 3.0
39 43 159.0 77.0
57 22 17.0 174.0
75 7 128.0 161.0
47 36 113.0 42.0
21 61 178.0 167.0
24 59 150.0 161.0
29 53 100.0 39.0
63 21 98.0 63.0
20 59 26.0 57.0
51 31 187.0 43.0
53 71 32.0 67.0
23 37 193.0 145.0
27 55 32.0 123.0
32 61 9.0 182.0
44 38 166.0 110.0
5 76 138.0 16.0
54 28 58.0 116.0
37 46 128.0 197.0
6 72 49.0 112.0
65 19 35.0 42.0
54 30 108.0 67.0
18 58 116.0 69.0
15 67 88.0 34.0
15 62 73.0 178.0
39 46 135.0 84.0
66 70 168.0 63.0
29 65 23.0 169.0
73 12 165.0 58.0
8 74 130.0 73.0
58 25 0.0 198.0
51 50 82.0 40.0
64 20 161.0 156.0
8 77 71.0 96.0
39 44 19.0 191.0
58 26 81.0 195.0
61 60 5.0 46.0
48 34 59.0 135.0
13 63 192.0 59.0
55 47 154.0 74.0
38 67 136.0 115.0
6 78 96.0 159.0
57 28 66.0 67.0
18 64 188.0 148.0
73 13 47.0 145.0
77 9 184.0 107.0
14 63 36.0 128.0
13 67 41.0 191.0
56 41 159.0 130.0
14 68 49.0 55.0
7 70 104.0 115.0
32 50 5.0 45.0
44 40 132.0 53.0
25 60 141.0 68.0
62 14 153.0 129.0
67 51 39.0 194.0
56 28 153.0 151.0
36 48 6.0 2.0
39 45 171.0 111.0
73 9 151.0 176.0
35 49 121.0 35.0
33 51 28.0 14.0
9 74 57.0 181.0
26 59 147.0 97.0
16 69 18.0 100.0
22 60 40.0 24.0
71 9 113.0 11.0
77 7 46.0 16.0
18 67 14.0 119.0
70 15 13.0 194.0
51 32 46.0 70.0
38 48 107.0 194.0
11 72 78.0 77.0
74 12 129.0 118.0
48 37 40.0 194.0
27 59 141.0 86.0
3 71 175.0 108.0
73 23 122.0 188.0
73 53 85.0 120.0
68 18 1.0 192.0
34 51 118.0 79.0
1 46 167.0 199.0
21 64 155.0 8.0
28 75 24.0 96.0
43 55 96.0 199.0
17 64 41.0 170.0
66 15 183.0 126.0
68 16 174.0 137.0
5 78 165.0 92.0
47 46 52.0 133.0
21 65 47.0 7.0
46 40 192.0 71.0
45 73 23.0 88.0
55 23 63.0 16.0
67 65 11.0 198.0
42 41 103.0 138.0
69 15 174.0 69.0
28 52 166.0 26.0
56 32 34.0 14.0
77 11 6.0 26.0
71 30 21.0 30.0
78 11 132.0 36.0
33 53 105.0 143.0
15 74 26.0 9.0
33 67 42.0 152.0
14 54 31.0 8.0
53 34 159.0 17.0
49 38 24.0 165.0
36 46 141.0 45.0
43 31 39.0 73.0
40 53 95.0 144.0
70 18 18.0 74.0
18 69 71.0 12.0
14 72 74.0 54.0
37 50 111.0 185.0
55 31 131.0 135.0
17 72 148.0 24.0
38 47 139.0 187.0
60 27 123.0 35.0
54 72 125.0 141.0
28 59 45.0 196.0
30 58 25.0 119.0
75 6 143.0 136.0
37 51 162.0 26.0
72 15 74.0 111.0
9 75 20.0 13.0
22 65 124.0 144.0
22 72 149.0 49.0
65 23 21.0 194.0
46 41 75.0 198.0
38 50 34.0 18.0
54 33 16.0 197.0
23 64 97.0 90.0
70 20 197.0 118.0
76 10 118.0 121.0
56 31 194.0 67.0
45 43 72.0 167.0
61 68 153.0 147.0
68 23 64.0 139.0
25 65 161.0 81.0
76 12 59.0 58.0
26 60 84.0 8.0
47 43 42.0 2.0
25 62 74.0 188.0
73 27 64.0 98.0
27 61 77.0 169.0
13 74 182.0 93.0
11 75 194.0 143.0
69 22 125.0 5.0
48 41 25.0 9.0
10 78 49.0 19.0
26 62 170.0 75.0
40 45 189.0 187.0
60 28 192.0 18.0
71 16 63.0 174.0
24 65 184.0 9.0
15 75 10.0 61.0
55 33 177.0 187.0
30 56 123.0 178.0
59 31 81.0 93.0
46 43 55.0 22.0
24 60 6.0 47.0
49 75 190.0 69.0
51 39 20.0 126.0
30 60 79.0 30.0
78 12 197.0 56.0
26 63 94.0 72.0
61 66 123.0 128.0
18 66 139.0 131.0
56 33 47.0 145.0
64 26 100.0 37.0
67 24 146.0 120.0
70 21 113.0 177.0
17 70 1.0 62.0
45 41 116.0 48.0
5 41 153.0 192.0
46 44 125.0 44.0
50 40 110.0 172.0
78 16 58.0 10.0
59 72 27.0 156.0
34 56 11.0 92.0
53 47 44.0 164.0
47 42 43.0 161.0
64 27 75.0 197.0
17 74 33.0 0.0
6 74 44.0 143.0
70 16 163.0 55.0
27 63 175.0 142.0
47 40 169.0 138.0
43 44 132.0 14.0
41 50 63.0 175.0
77 15 60.0 138.0
71 22 5.0 93.0
58 32 54.0 50.0
57 36 132.0 17.0
16 73 70.0 59.0
68 40 85.0 191.0
44 47 22.0 17.0
47 68 116.0 86.0
46 45 91.0 176.0
1 6 35.0 97.0
42 62 154.0 90.0
73 60 80.0 86.0
74 50 164.0 150.0
37 55 97.0 2.0
74 10 88.0 120.0
29 63 90.0 4.0
46 42 2.0 181.0
67 26 14.0 189.0
30 74 189.0 168.0
43 48 110.0 70.0
49 42 197.0 74.0
49 40 70.0 94.0
61 31 116.0 158.0
19 69 59.0 6.0
29 62 50.0 61.0
78 4 52.0 64.0
58 34 173.0 193.0
75 34 141.0 35.0
59 34 54.0 90.0
34 52 138.0 124.0
39 53 28.0 6.0
37 54 44.0 87.0
21 72 27.0 47.0
55 39 136.0 31.0
29 78 38.0 61.0
19 74 124.0 132.0
50 42 48.0 179.0
78 15 15.0 186.0
57 34 87.0 43.0
60 31 62.0 83.0
73 19 36.0 42.0
52 40 194.0 173.0
67 25 187.0 184.0
36 60 41.0 63.0
42 52 2.0 89.0
54 40 140.0 17.0
41 51 129.0 179.0
75 53 28.0 143.0
46 48 43.0 17.0
24 70 109.0 189.0
51 45 107.0 48.0
35 61 85.0 100.0
49 45 108.0 87.0
54 41 188.0 0.0
69 25 116.0 117.0
56 38 91.0 144.0
49 47 9.0 86.0
25 71 80.0 118.0
31 76 146.0 139.0
32 49 89.0 31.0
27 67 198.0 150.0
30 62 149.0 186.0
18 76 28.0 65.0
23 63 65.0 71.0
48 45 131.0 74.0
24 62 88.0 163.0
58 35 95.0 35.0
18 77 76.0 136.0
67 28 121.0 74.0
70 27 23.0 23.0
19 75 182.0 3.0
65 30 182.0 0.0
64 32 119.0 113.0
61 36 83.0 159.0
48 47 177.0 178.0
71 28 110.0 53.0
54 39 46.0 32.0
27 71 158.0 69.0
74 22 154.0 92.0
57 38 81.0 88.0
32 67 138.0 152.0
43 53 63.0 174.0
52 45 127.0 40.0
27 72 77.0 38.0
55 63 119.0 75.0
50 46 180.0 77.0
67 30 20.0 86.0
39 57 133.0 53.0
22 77 60.0 24.0
78 18 32.0 124.0
69 26 26.0 112.0
69 28 142.0 55.0
51 73 57.0 62.0
63 34 149.0 189.0
51 46 180.0 169.0
78 19 82.0 65.0
59 37 2.0 94.0
60 71 46.0 35.0
64 28 153.0 24.0
77 23 125.0 47.0
62 36 189.0 134.0
69 29 118.0 138.0
72 24 106.0 50.0
55 35 14.0 188.0
21 69 53.0 16.0
21 75 44.0 99.0
55 40 199.0 149.0
61 39 115.0 76.0
31 35 163.0 104.0
43 50 37.0 33.0
59 38 87.0 143.0
37 63 165.0 101.0
45 47 75.0 18.0
78 17 71.0 119.0
45 63 98.0 23.0
47 58 26.0 166.0
61 28 100.0 141.0
58 43 22.0 137.0
68 31 67.0 61.0
62 38 138.0 32.0
68 28 57.0 13.0
67 31 169.0 128.0
23 76 121.0 67.0
65 4 169.0 99.0
50 44 177.0 69.0
59 41 179.0 151.0
61 30 12.0 46.0
72 28 63.0 150.0
16 76 58.0 120.0
36 63 105.0 27.0
65 36 11.0 26.0
37 65 40.0 180.0
24 77 86.0 17.0
77 45 151.0 17.0
46 57 13.0 163.0
67 34 31.0 28.0
58 23 182.0 89.0
76 25 6.0 39.0
59 40 147.0 18.0
72 9 13.0 187.0
64 38 160.0 52.0
22 75 162.0 63.0
75 17 83.0 127.0
66 32 179.0 114.0
60 43 158.0 113.0
38 63 187.0 165.0
54 35 65.0 134.0
68 26 37.0 31.0
77 27 58.0 197.0
25 70 141.0 20.0
68 34 189.0 176.0
65 35 111.0 168.0
75 26 71.0 21.0
55 45 157.0 59.0
66 37 111.0 174.0
26 77 0.0 100.0
36 64 97.0 58.0
46 55 55.0 190.0
22 76 136.0 196.0
58 44 57.0 199.0
25 78 136.0 128.0
66 38 184.0 45.0
37 68 104.0 47.0
55 48 169.0 56.0
75 29 61.0 66.0
20 78 179.0 68.0
75 27 34.0 115.0
34 65 81.0 43.0
61 44 149.0 17.0
74 32 100.0 86.0
56 48 163.0 4.0
25 77 183.0 132.0
58 49 177.0 44.0
30 66 184.0 156.0
62 44 12.0 170.0
33 71 79.0 94.0
34 66 151.0 29.0
73 52 64.0 51.0
77 29 186.0 27.0
75 40 99.0 169.0
72 33 22.0 76.0
73 25 63.0 158.0
73 32 0.0 75.0
76 26 134.0 80.0
56 54 63.0 37.0
39 67 128.0 127.0
53 59 68.0 114.0
28 76 32.0 120.0
50 55 80.0 54.0
57 48 92.0 143.0
72 64 43.0 93.0
33 73 77.0 177.0
32 68 162.0 140.0
49 54 104.0 90.0
31 75 143.0 124.0
41 52 139.0 175.0
57 49 78.0 171.0
32 70 144.0 122.0
51 49 130.0 187.0
48 58 126.0 8.0
78 28 138.0 88.0
61 41 93.0 194.0
65 59 177.0 188.0
62 64 60.0 68.0
48 42 43.0 90.0
70 36 48.0 187.0
64 43 24.0 131.0
36 72 125.0 151.0
74 29 111.0 15.0
36 69 10.0 157.0
43 62 194.0 139.0
42 61 6.0 6.0
53 55 9.0 49.0
28 77 145.0 10.0
64 37 110.0 169.0
41 66 127.0 187.0
74 33 138.0 191.0
68 38 42.0 101.0
35 70 106.0 189.0
56 52 151.0 112.0
69 33 161.0 112.0
66 69 122.0 58.0
71 32 151.0 184.0
76 33 20.0 31.0
75 32 40.0 110.0
60 45 167.0 83.0
37 72 156.0 26.0
73 38 119.0 59.0
58 41 11.0 32.0
77 31 13.0 134.0
63 67 178.0 117.0
60 46 167.0 198.0
58 31 196.0 8.0
27 78 28.0 115.0
76 66 38.0 136.0
35 73 188.0 110.0
41 64 164.0 0.0
77 33 111.0 130.0
62 49 46.0 89.0
75 35 173.0 14.0
72 35 123.0 121.0
47 59 36.0 103.0
31 78 114.0 26.0
57 51 153.0 54.0
51 61 120.0 69.0
69 42 97.0 31.0
65 45 49.0 143.0
39 65 114.0 174.0
60 64 52.0 190.0
43 69 166.0 88.0
69 37 71.0 32.0
38 74 34.0 24.0
64 49 185.0 106.0
39 68 44.0 82.0
39 69 176.0 45.0
41 69 171.0 43.0
76 37 55.0 23.0
64 42 11.0 173.0
59 51 182.0 83.0
52 58 137.0 169.0
74 26 151.0 74.0
66 58 30.0 147.0
75 37 70.0 159.0
72 38 136.0 193.0
42 68 161.0 191.0
53 58 60.0 125.0
34 76 166.0 194.0
65 49 125.0 55.0
74 41 60.0 76.0
46 65 174.0 90.0
52 55 84.0 196.0
66 59 38.0 20.0
78 32 40.0 0.0
66 44 51.0 52.0
42 67 8.0 169.0
44 68 57.0 133.0
61 53 146.0 69.0
28 70 104.0 72.0
40 70 116.0 188.0
44 65 169.0 155.0
48 69 100.0 161.0
39 50 173.0 103.0
70 34 126.0 181.0
74 40 108.0 135.0
54 60 165.0 6.0
38 76 28.0 69.0
41 71 61.0 97.0
50 53 188.0 183.0
52 61 47.0 40.0
57 56 74.0 20.0
47 69 73.0 0.0
46 62 49.0 134.0
62 51 158.0 14.0
40 77 174.0 139.0
68 48 109.0 187.0
45 69 151.0 49.0
60 52 129.0 150.0
66 53 9.0 3.0
71 47 48.0 35.0
74 43 133.0 97.0
55 60 184.0 43.0
66 49 142.0 158.0
43 71 10.0 51.0
55 51 87.0 113.0
39 78 32.0 16.0
66 52 165.0 193.0
73 43 168.0 13.0
58 29 11.0 53.0
78 41 23.0 147.0
56 60 2.0 165.0
45 74 24.0 12.0
54 59 67.0 112.0
60 51 79.0 51.0
76 20 130.0 44.0
66 29 126.0 99.0
50 66 196.0 89.0
56 61 137.0 171.0
30 77 51.0 139.0
57 50 180.0 27.0
57 65 171.0 199.0
63 54 24.0 2.0
43 66 176.0 154.0
68 53 126.0 102.0
49 67 15.0 122.0
55 61 180.0 152.0
53 63 189.0 31.0
50 63 24.0 169.0
76 42 122.0 147.0
49 71 170.0 146.0
70 53 2.0 146.0
41 63 120.0 128.0
39 75 30.0 87.0
42 77 76.0 10.0
78 72 30.0 65.0
78 38 105.0 7.0
61 57 127.0 27.0
44 70 3.0 50.0
63 57 36.0 6.0
64 54 198.0 156.0
71 52 32.0 28.0
45 76 23.0 109.0
41 75 139.0 53.0
46 73 117.0 44.0
55 65 175.0 197.0
49 72 175.0 130.0
50 72 1.0 11.0
61 59 160.0 199.0
29 76 150.0 192.0
58 51 58.0 173.0
55 67 189.0 197.0
71 55 62.0 59.0
74 49 15.0 189.0
56 66 106.0 142.0
58 62 31.0 107.0
64 58 188.0 191.0
53 74 161.0 91.0
57 58 17.0 19.0
58 77 187.0 7.0
74 47 27.0 1.0
63 60 185.0 194.0
63 65 71.0 91.0
78 46 68.0 103.0
45 68 49.0 9.0
54 62 172.0 10.0
52 72 160.0 189.0
58 60 160.0 99.0
57 66 144.0 140.0
24 75 58.0 81.0
77 47 18.0 130.0
60 65 134.0 87.0
66 77 62.0 183.0
64 65 64.0 34.0
58 68 78.0 176.0
50 69 42.0 190.0
78 44 75.0 139.0
73 58 192.0 134.0
47 76 21.0 11.0
59 64 80.0 155.0
56 43 46.0 142.0
75 50 163.0 110.0
56 68 180.0 41.0
64 56 146.0 174.0
54 68 83.0 22.0
61 64 183.0 76.0
60 67 173.0 157.0
57 71 35.0 5.0
73 61 143.0 81.0
54 71 84.0 58.0
60 66 49.0 16.0
68 59 150.0 195.0
48 78 46.0 34.0
50 78 1.0 182.0
74 60 190.0 126.0
55 76 110.0 177.0
58 67 60.0 53.0
72 61 136.0 97.0
74 56 0.0 185.0
23 67 17.0 102.0
42 73 27.0 63.0
72 57 3.0 29.0
54 78 140.0 193.0
34 77 119.0 2.0
54 58 134.0 132.0
51 70 36.0 22.0
42 71 55.0 188.0
76 58 89.0 72.0
56 70 81.0 69.0
63 69 21.0 85.0
69 59 45.0 113.0
65 68 181.0 116.0
68 22 196.0 67.0
69 68 28.0 32.0
62 71 188.0 35.0
52 36 193.0 29.0
78 55 183.0 75.0
57 75 106.0 157.0
31 24 191.0 151.0
45 62 14.0 173.0
70 46 153.0 10.0
60 68 82.0 181.0
59 74 29.0 70.0
71 64 78.0 22.0
69 70 3.0 61.0
74 62 0.0 109.0
55 74 83.0 191.0
75 60 3.0 50.0
74 54 143.0 157.0
49 73 173.0 25.0
60 72 38.0 154.0
45 75 154.0 116.0
57 76 140.0 157.0
76 64 45.0 140.0
56 76 14.0 81.0
56 77 61.0 169.0
69 65 102.0 156.0
78 66 180.0 28.0
74 71 81.0 18.0
77 64 194.0 36.0
74 58 21.0 134.0
78 40 194.0 19.0
71 68 13.0 160.0
68 78 30.0 26.0
76 59 177.0 85.0
58 78 145.0 157.0
76 69 15.0 27.0
62 69 136.0 161.0
73 68 20.0 109.0
69 71 86.0 167.0
64 78 19.0 52.0
76 60 122.0 50.0
77 57 129.0 51.0
55 75 103.0 74.0
70 48 8.0 70.0
67 75 125.0 96.0
70 68 55.0 97.0
69 56 170.0 142.0
76 74 9.0 190.0
78 76 37.0 131.0
77 70 183.0 118.0
75 77 185.0 38.0
26 51 67.0 193.0
75 54 123.0 192.0
26 35 84.0 178.0
64 66 106.0 55.0
71 76 43.0 67.0
77 49 68.0 32.0
6 77 126.0 3.0
67 64 46.0 111.0
77 61 147.0 113.0
74 67 143.0 22.0
71 78 61.0 28.0
76 75 43.0 119.0
56 72 117.0 38.0
77 59 119.0 137.0
66 71 126.0 197.0
52 76 36.0 124.0
71 56 61.0 183.0
78 75 50.0 5.0
61 40 134.0 63.0
77 62 148.0 130.0
57 73 10.0 17.0
71 75 173.0 130.0
47 62 27.0 51.0
62 59 104.0 63.0
4 3 165.0 118.0
78 37 65.0 168.0
58 75 128.0 151.0
35 63 191.0 28.0
61 70 1.0 1.0
72 16 93.0 175.0
51 71 151.0 120.0
75 62 72.0 7.0
73 70 90.0 38.0
65 54 12.0 107.0
61 74 107.0 92.0
78 67 150.0 98.0
6 34 164.0 151.0
54 66 98.0 57.0
36 76 163.0 49.0
1 2 0.0 36.0
75 72 39.0 42.0
50 68 125.0 3.0
78 77 156.0 33.0
69 72 182.0 106.0
76 68 23.0 146.0
75 69 145.0 121.0
70 72 104.0 108.0
78 51 170.0 56.0
67 76 106.0 161.0
0
