79 3081 10 11 410496
43 7 14.0 170.0
47 27 65.0 14.0
24 36 134.0 25.0
22 16 171.0 138.0
37 46 190.0 163.0
73 35 43.0 27.0
40 11 133.0 160.0
51 46 92.0 78.0
53 32 53.0 58.0
33 10 85.0 71.0
45 40 110.0 172.0
30 34 175.0 82.0
55 7 25.0 118.0
42 40 182.0 68.0
51 29 113.0 115.0
50 42 76.0 157.0
48 33 53.0 81.0
17 62 156.0 90.0
76 16 122.0 67.0
25 53 85.0 50.0
59 42 2.0 110.0
2 30 14.0 184.0
33 17 124.0 128.0
33 5 1.0 152.0
13 17 44.0 6.0
53 60 139.0 153.0
51 37 36.0 13.0
64 12 123.0 73.0
53 74 145.0 78.0
24 14 130.0 111.0
5 50 168.0 54.0
55 34 82.0 121.0
25 16 131.0 78.0
76 5 135.0 22.0
16 72 28.0 123.0
58 15 35.0 152.0
9 35 102.0 132.0
48 37 15.0 32.0
8 47 64.0 135.0
1 51 190.0 98.0
66 18 160.0 122.0
77 19 115.0 47.0
65 49 136.0 144.0
63 9 106.0 171.0
43 35 178.0 8.0
71 67 85.0 145.0
34 77 28.0 101.0
23 37 26.0 18.0
30 6 40.0 187.0
79 78 121.0 155.0
48 30 179.0 9.0
13 31 129.0 85.0
65 1 38.0 60.0
67 28 68.0 123.0
79 44 128.0 48.0
1 14 104.0 155.0
74 1 148.0 144.0
78 74 37.0 69.0
24 39 3.0 169.0
44 28 151.0 132.0
29 56 41.0 141.0
5 15 188.0 61.0
58 71 170.0 117.0
6 1 135.0 26.0
6 69 198.0 83.0
63 28 78.0 188.0
41 30 99.0 81.0
57 34 167.0 2.0
10 45 60.0 161.0
59 37 153.0 49.0
4 18 60.0 75.0
77 54 12.0 147.0
8 1 151.0 162.0
6 63 174.0 30.0
13 29 127.0 25.0
62 11 140.0 46.0
55 21 33.0 152.0
33 52 66.0 138.0
44 66 117.0 78.0
41 1 195.0 81.0
58 53 197.0 147.0
36 70 110.0 123.0
73 6 174.0 37.0
16 63 153.0 66.0
59 57 25.0 139.0
30 49 147.0 91.0
36 40 62.0 17.0
40 27 57.0 9.0
54 12 193.0 6.0
56 10 182.0 103.0
15 22 14.0 108.0
59 23 18.0 167.0
54 78 20.0 43.0
23 70 131.0 120.0
30 61 105.0 145.0
8 36 82.0 114.0
23 41 100.0 75.0
50 30 137.0 34.0
26 23 45.0 151.0
20 69 165.0 64.0
42 66 17.0 137.0
32 78 57.0 148.0
59 24 134.0 115.0
35 65 15.0 16.0
5 9 57.0 67.0
24 28 91.0 195.0
50 3 17.0 88.0
71 70 51.0 134.0
32 40 14.0 68.0
39 14 179.0 71.0
6 9 118.0 65.0
9 7 70.0 133.0
1 28 49.0 80.0
55 72 155.0 92.0
49 50 47.0 124.0
15 32 1.0 98.0
47 70 67.0 15.0
58 52 54.0 198.0
74 32 145.0 172.0
13 59 126.0 168.0
61 49 18.0 127.0
16 9 0.0 173.0
33 29 190.0 47.0
60 77 142.0 192.0
43 21 103.0 161.0
47 5 72.0 157.0
11 47 25.0 169.0
1 34 199.0 103.0
3 77 60.0 169.0
60 26 108.0 13.0
54 31 53.0 98.0
11 4 126.0 147.0
72 18 96.0 181.0
76 77 197.0 120.0
19 24 9.0 22.0
57 15 13.0 160.0
12 45 64.0 25.0
45 29 168.0 172.0
60 41 113.0 173.0
13 68 11.0 191.0
60 15 2.0 59.0
66 77 84.0 151.0
21 41 97.0 45.0
55 26 65.0 62.0
70 59 62.0 129.0
8 14 81.0 30.0
54 62 36.0 146.0
25 28 9.0 199.0
18 42 125.0 163.0
14 48 61.0 162.0
63 35 197.0 110.0
61 13 155.0 14.0
71 59 195.0 17.0
72 15 71.0 77.0
51 69 30.0 60.0
18 31 127.0 191.0
47 16 61.0 52.0
38 50 166.0 74.0
6 74 43.0 115.0
61 6 27.0 198.0
64 23 20.0 22.0
37 15 122.0 44.0
5 63 92.0 104.0
68 10 186.0 19.0
25 18 127.0 199.0
43 59 116.0 93.0
28 12 73.0 111.0
17 74 163.0 100.0
17 59 197.0 135.0
74 8 153.0 71.0
45 16 151.0 197.0
79 54 175.0 89.0
46 34 29.0 102.0
67 15 125.0 145.0
1 39 47.0 150.0
10 6 99.0 10.0
12 4 3.0 48.0
11 35 65.0 108.0
50 27 68.0 16.0
55 3 112.0 44.0
11 33 12.0 94.0
22 35 3.0 89.0
74 65 70.0 51.0
17 35 119.0 169.0
38 76 141.0 74.0
6 65 136.0 6.0
12 38 160.0 4.0
15 76 128.0 25.0
5 66 145.0 140.0
21 65 110.0 149.0
50 36 16.0 180.0
70 15 77.0 88.0
65 51 161.0 18.0
37 26 184.0 97.0
13 3 181.0 97.0
21 46 153.0 109.0
7 49 103.0 99.0
34 73 158.0 166.0
6 7 117.0 174.0
22 62 24.0 146.0
34 48 122.0 138.0
48 72 42.0 106.0
42 26 144.0 23.0
11 8 22.0 49.0
27 33 119.0 126.0
26 70 100.0 29.0
23 31 95.0 170.0
68 44 43.0 71.0
13 77 29.0 117.0
45 3 38.0 72.0
29 22 160.0 134.0
54 2 67.0 183.0
7 8 33.0 138.0
11 22 47.0 85.0
53 6 189.0 94.0
50 78 13.0 184.0
75 52 124.0 42.0
54 7 159.0 163.0
4 15 142.0 120.0
70 44 118.0 162.0
64 17 69.0 151.0
39 17 39.0 68.0
3 16 72.0 180.0
27 38 8.0 85.0
10 49 197.0 133.0
56 8 108.0 109.0
6 12 131.0 2.0
2 72 48.0 49.0
10 74 133.0 117.0
4 13 184.0 124.0
5 12 181.0 8.0
72 7 93.0 190.0
56 18 119.0 42.0
11 9 68.0 179.0
12 79 64.0 199.0
47 52 163.0 112.0
21 35 141.0 48.0
70 7 19.0 125.0
41 47 104.0 1.0
4 10 104.0 149.0
36 51 189.0 175.0
1 53 75.0 57.0
28 46 186.0 92.0
16 4 10.0 101.0
11 77 57.0 151.0
58 12 157.0 76.0
33 15 46.0 13.0
33 38 38.0 102.0
9 8 0.0 179.0
4 9 24.0 28.0
52 78 159.0 10.0
53 50 118.0 169.0
22 1 93.0 127.0
67 45 167.0 2.0
59 72 158.0 13.0
5 44 187.0 148.0
46 3 130.0 187.0
9 50 19.0 155.0
48 24 68.0 178.0
49 60 1.0 138.0
11 2 177.0 95.0
66 37 159.0 145.0
5 71 146.0 69.0
10 37 124.0 133.0
14 27 71.0 7.0
76 24 80.0 42.0
22 58 68.0 100.0
13 74 149.0 70.0
16 55 78.0 126.0
66 6 79.0 190.0
77 32 64.0 178.0
43 54 135.0 189.0
1 62 25.0 158.0
6 3 197.0 57.0
36 57 149.0 66.0
51 57 52.0 98.0
7 60 67.0 82.0
65 18 86.0 99.0
50 66 169.0 151.0
15 30 77.0 105.0
12 41 54.0 102.0
19 4 141.0 51.0
60 39 63.0 90.0
16 13 106.0 115.0
47 40 70.0 126.0
57 27 10.0 109.0
67 37 194.0 180.0
66 58 96.0 71.0
73 33 68.0 150.0
9 3 104.0 9.0
49 62 76.0 168.0
49 18 15.0 183.0
32 25 8.0 37.0
26 65 92.0 170.0
76 54 166.0 38.0
7 35 192.0 62.0
67 26 176.0 12.0
36 27 189.0 80.0
9 68 123.0 65.0
61 78 69.0 138.0
23 68 51.0 29.0
29 66 136.0 143.0
40 24 42.0 103.0
58 45 183.0 186.0
71 62 48.0 159.0
9 65 150.0 189.0
53 23 76.0 73.0
22 44 20.0 146.0
8 22 165.0 72.0
8 51 78.0 53.0
49 46 97.0 72.0
66 15 4.0 81.0
76 68 181.0 4.0
53 38 177.0 131.0
7 12 110.0 53.0
13 60 11.0 83.0
57 66 54.0 128.0
37 40 176.0 84.0
60 79 164.0 73.0
14 4 23.0 120.0
47 30 187.0 4.0
67 70 125.0 164.0
1 17 117.0 35.0
40 23 0.0 128.0
9 51 52.0 7.0
65 12 33.0 180.0
12 9 166.0 198.0
67 9 67.0 141.0
5 3 168.0 54.0
49 78 29.0 45.0
33 76 14.0 98.0
73 55 81.0 167.0
1 15 131.0 85.0
1 24 169.0 116.0
7 16 38.0 88.0
79 25 132.0 105.0
4 5 112.0 52.0
57 65 24.0 93.0
36 43 34.0 38.0
72 69 111.0 67.0
58 3 101.0 42.0
26 11 96.0 22.0
27 31 162.0 86.0
31 3 19.0 46.0
61 29 187.0 83.0
14 68 31.0 11.0
31 2 43.0 18.0
71 33 90.0 154.0
11 50 63.0 191.0
61 48 36.0 111.0
53 44 168.0 150.0
46 78 46.0 139.0
27 46 99.0 33.0
35 64 175.0 130.0
65 41 156.0 19.0
49 56 80.0 47.0
2 57 85.0 95.0
79 33 33.0 73.0
76 55 147.0 153.0
53 18 121.0 193.0
38 6 122.0 20.0
69 4 171.0 50.0
44 20 93.0 128.0
75 60 172.0 173.0
12 11 122.0 9.0
43 51 33.0 155.0
1 19 180.0 132.0
6 8 173.0 102.0
52 46 29.0 47.0
49 23 133.0 152.0
42 49 17.0 26.0
4 76 125.0 141.0
7 17 153.0 47.0
42 44 195.0 138.0
62 66 168.0 175.0
33 22 50.0 141.0
68 32 81.0 79.0
30 38 156.0 166.0
62 30 23.0 173.0
1 67 174.0 148.0
58 60 155.0 127.0
78 41 116.0 150.0
27 32 82.0 36.0
53 20 163.0 132.0
26 61 155.0 197.0
73 27 162.0 64.0
56 79 157.0 186.0
66 74 74.0 131.0
15 2 39.0 30.0
9 13 162.0 107.0
31 66 70.0 44.0
3 19 190.0 185.0
19 2 190.0 97.0
24 32 6.0 152.0
32 21 159.0 164.0
70 42 115.0 34.0
58 79 133.0 106.0
1 13 111.0 96.0
46 76 182.0 133.0
74 7 64.0 124.0
58 18 199.0 6.0
50 59 190.0 5.0
14 9 130.0 149.0
7 11 179.0 197.0
58 6 52.0 112.0
8 15 179.0 115.0
46 23 26.0 161.0
4 64 123.0 42.0
3 44 98.0 74.0
23 67 65.0 88.0
47 75 74.0 148.0
55 24 28.0 53.0
4 3 71.0 32.0
51 78 35.0 3.0
75 51 74.0 13.0
10 5 13.0 197.0
3 12 121.0 111.0
34 16 161.0 138.0
11 44 17.0 188.0
43 13 185.0 46.0
69 36 94.0 9.0
7 1 133.0 81.0
29 38 130.0 7.0
59 68 64.0 95.0
10 14 189.0 137.0
4 79 50.0 102.0
19 66 98.0 67.0
6 17 147.0 83.0
12 1 130.0 41.0
14 40 185.0 15.0
52 54 25.0 115.0
17 57 65.0 41.0
70 45 79.0 6.0
44 35 71.0 81.0
76 12 35.0 169.0
9 45 166.0 182.0
14 5 154.0 96.0
35 2 69.0 91.0
20 1 170.0 46.0
39 6 91.0 35.0
25 63 126.0 122.0
73 36 5.0 198.0
47 18 173.0 40.0
6 11 70.0 139.0
21 26 49.0 176.0
3 62 137.0 118.0
13 5 147.0 108.0
2 48 124.0 190.0
32 60 143.0 51.0
16 69 74.0 100.0
7 27 189.0 48.0
14 3 65.0 59.0
33 7 26.0 114.0
68 63 31.0 163.0
5 43 57.0 130.0
12 46 8.0 133.0
26 75 155.0 103.0
64 5 2.0 182.0
10 9 161.0 191.0
71 40 96.0 26.0
46 56 195.0 74.0
8 4 131.0 178.0
66 54 28.0 140.0
20 6 118.0 36.0
55 6 44.0 25.0
64 34 189.0 46.0
19 69 63.0 151.0
29 79 132.0 111.0
30 17 4.0 79.0
40 21 85.0 88.0
74 34 100.0 114.0
14 17 65.0 18.0
77 70 88.0 61.0
11 10 96.0 30.0
52 76 191.0 111.0
75 37 37.0 123.0
53 55 185.0 193.0
75 78 178.0 70.0
3 11 116.0 78.0
14 2 137.0 181.0
33 13 150.0 177.0
75 39 101.0 199.0
35 77 155.0 92.0
9 74 94.0 144.0
12 8 133.0 31.0
47 65 81.0 111.0
79 47 133.0 197.0
10 59 184.0 70.0
2 20 179.0 87.0
11 73 148.0 80.0
1 16 34.0 103.0
4 6 166.0 80.0
53 8 155.0 99.0
72 35 108.0 36.0
56 43 92.0 194.0
22 64 42.0 28.0
36 79 120.0 21.0
72 17 102.0 20.0
26 17 23.0 88.0
22 25 10.0 189.0
32 2 102.0 118.0
17 4 153.0 163.0
25 17 9.0 45.0
1 3 86.0 52.0
2 66 95.0 158.0
3 24 58.0 197.0
20 3 79.0 82.0
21 12 142.0 89.0
14 19 162.0 196.0
56 41 6.0 68.0
57 11 90.0 16.0
15 6 33.0 128.0
1 9 77.0 128.0
78 19 173.0 87.0
15 31 23.0 52.0
43 52 57.0 117.0
46 9 167.0 171.0
49 14 142.0 125.0
7 10 148.0 184.0
55 2 63.0 133.0
2 63 70.0 92.0
56 17 108.0 43.0
5 17 198.0 132.0
60 12 145.0 7.0
3 17 189.0 64.0
58 73 179.0 83.0
69 28 101.0 79.0
29 15 185.0 164.0
18 7 21.0 55.0
23 69 40.0 129.0
77 73 141.0 38.0
60 20 178.0 39.0
64 79 50.0 167.0
47 37 81.0 181.0
39 7 0.0 182.0
21 16 156.0 185.0
22 49 93.0 129.0
13 65 43.0 86.0
34 68 87.0 137.0
9 20 2.0 65.0
73 60 77.0 4.0
71 2 105.0 158.0
7 13 127.0 57.0
68 39 96.0 35.0
8 68 134.0 141.0
28 66 198.0 129.0
6 16 82.0 85.0
2 21 26.0 36.0
46 13 19.0 55.0
68 21 78.0 76.0
11 14 47.0 157.0
73 20 116.0 95.0
19 5 35.0 2.0
9 30 176.0 33.0
25 45 145.0 58.0
6 79 6.0 123.0
66 46 15.0 177.0
41 25 0.0 45.0
21 3 117.0 47.0
17 38 8.0 185.0
59 77 2.0 43.0
2 34 22.0 178.0
53 49 121.0 119.0
48 62 120.0 127.0
3 66 115.0 87.0
65 61 3.0 115.0
10 12 187.0 72.0
27 71 91.0 195.0
22 2 21.0 45.0
20 5 118.0 44.0
10 13 47.0 40.0
42 25 130.0 119.0
3 22 191.0 46.0
16 58 180.0 194.0
48 8 84.0 167.0
54 40 25.0 127.0
19 8 76.0 199.0
75 55 113.0 195.0
34 54 116.0 112.0
53 28 187.0 47.0
37 22 83.0 130.0
79 27 34.0 63.0
34 11 123.0 71.0
25 21 51.0 101.0
73 10 24.0 127.0
39 42 53.0 90.0
70 9 72.0 122.0
7 2 129.0 11.0
8 13 172.0 12.0
66 67 66.0 159.0
78 65 3.0 189.0
6 56 56.0 6.0
40 57 189.0 32.0
73 21 174.0 195.0
2 12 167.0 46.0
65 5 52.0 97.0
19 55 121.0 176.0
22 4 195.0 187.0
14 32 98.0 198.0
63 60 17.0 106.0
6 5 3.0 7.0
31 42 194.0 177.0
50 45 109.0 113.0
24 56 135.0 113.0
32 52 161.0 8.0
6 14 94.0 156.0
58 76 150.0 144.0
8 5 106.0 168.0
12 35 58.0 110.0
76 39 152.0 4.0
1 26 199.0 13.0
17 9 104.0 86.0
19 17 48.0 17.0
43 31 69.0 95.0
2 68 47.0 19.0
70 25 87.0 105.0
59 20 99.0 145.0
5 21 70.0 3.0
58 25 50.0 21.0
71 10 166.0 106.0
1 73 148.0 14.0
5 18 184.0 17.0
5 7 143.0 183.0
26 56 146.0 182.0
51 40 111.0 46.0
3 59 198.0 133.0
59 60 64.0 1.0
69 61 17.0 30.0
55 15 87.0 165.0
53 77 55.0 23.0
52 60 2.0 150.0
12 44 55.0 101.0
19 6 191.0 118.0
15 12 118.0 142.0
12 25 20.0 183.0
6 62 41.0 189.0
51 4 117.0 81.0
1 36 114.0 172.0
17 51 62.0 69.0
69 31 123.0 69.0
46 25 169.0 114.0
31 72 147.0 40.0
71 16 162.0 167.0
52 13 199.0 3.0
19 7 54.0 68.0
14 7 4.0 121.0
76 42 179.0 18.0
72 57 133.0 102.0
2 40 168.0 54.0
33 69 32.0 115.0
5 16 10.0 194.0
3 57 6.0 9.0
21 52 127.0 12.0
77 55 89.0 83.0
4 21 139.0 68.0
61 47 70.0 24.0
7 77 19.0 38.0
2 26 147.0 4.0
56 62 132.0 157.0
39 52 87.0 90.0
78 39 168.0 166.0
14 42 64.0 9.0
2 18 100.0 3.0
24 68 42.0 170.0
9 19 136.0 61.0
25 1 8.0 35.0
1 21 68.0 140.0
65 2 161.0 107.0
23 1 122.0 82.0
78 56 35.0 186.0
5 11 72.0 135.0
68 35 181.0 114.0
66 27 38.0 117.0
57 16 113.0 198.0
4 1 112.0 182.0
22 5 159.0 25.0
60 64 95.0 34.0
2 17 120.0 131.0
11 18 84.0 144.0
3 15 199.0 65.0
17 10 84.0 189.0
34 70 89.0 150.0
71 20 151.0 153.0
43 3 193.0 111.0
41 6 37.0 88.0
60 28 184.0 109.0
75 76 170.0 68.0
11 13 156.0 122.0
8 2 61.0 192.0
1 27 81.0 102.0
3 25 152.0 32.0
23 7 73.0 145.0
78 17 14.0 63.0
20 17 51.0 198.0
12 18 147.0 173.0
6 24 125.0 103.0
3 34 10.0 138.0
10 1 169.0 91.0
53 21 84.0 121.0
69 63 67.0 109.0
79 39 112.0 81.0
56 64 131.0 115.0
27 2 2.0 79.0
71 18 95.0 80.0
26 22 125.0 105.0
13 2 60.0 46.0
25 67 99.0 96.0
50 19 140.0 166.0
32 26 83.0 5.0
64 25 177.0 15.0
72 39 98.0 132.0
56 37 115.0 193.0
30 1 146.0 192.0
54 32 175.0 158.0
19 25 94.0 74.0
13 15 95.0 186.0
17 58 120.0 179.0
58 32 25.0 50.0
45 4 124.0 75.0
40 41 128.0 39.0
7 20 175.0 26.0
7 15 82.0 151.0
13 14 5.0 128.0
16 67 163.0 100.0
20 12 122.0 36.0
18 48 169.0 100.0
51 31 14.0 94.0
71 30 20.0 142.0
15 79 194.0 148.0
2 10 146.0 29.0
26 14 151.0 151.0
25 5 83.0 66.0
67 59 12.0 5.0
27 15 8.0 182.0
21 45 181.0 22.0
74 69 182.0 154.0
68 7 192.0 129.0
9 2 181.0 90.0
19 45 44.0 84.0
20 22 183.0 127.0
55 11 194.0 196.0
26 28 175.0 154.0
47 66 71.0 156.0
55 50 132.0 6.0
56 71 165.0 76.0
6 23 16.0 99.0
68 15 59.0 60.0
3 7 92.0 43.0
10 3 14.0 38.0
7 71 183.0 189.0
32 39 167.0 54.0
4 24 20.0 51.0
62 2 96.0 186.0
25 69 60.0 113.0
4 23 59.0 120.0
62 68 137.0 103.0
29 1 131.0 151.0
38 68 159.0 114.0
8 10 197.0 126.0
10 54 32.0 18.0
22 7 7.0 129.0
67 72 117.0 67.0
52 12 32.0 128.0
79 38 64.0 169.0
5 38 162.0 147.0
26 48 154.0 73.0
41 62 67.0 103.0
11 67 91.0 51.0
8 18 126.0 98.0
32 28 46.0 44.0
40 26 63.0 30.0
39 16 32.0 128.0
28 3 189.0 146.0
26 46 23.0 95.0
4 43 52.0 42.0
31 26 53.0 143.0
14 15 104.0 180.0
68 60 168.0 102.0
15 11 104.0 183.0
29 50 61.0 89.0
24 5 28.0 50.0
13 6 26.0 3.0
24 78 120.0 78.0
9 15 68.0 173.0
11 16 78.0 125.0
21 11 30.0 198.0
16 49 101.0 86.0
73 22 184.0 163.0
68 25 18.0 164.0
6 36 159.0 196.0
9 22 159.0 31.0
10 23 120.0 27.0
57 23 143.0 198.0
6 25 100.0 125.0
22 75 128.0 154.0
18 3 6.0 65.0
6 22 49.0 176.0
44 24 17.0 160.0
72 43 103.0 176.0
14 22 10.0 23.0
19 23 48.0 105.0
50 18 6.0 101.0
67 48 190.0 134.0
27 74 62.0 197.0
28 71 34.0 112.0
70 50 49.0 51.0
68 73 164.0 152.0
69 57 148.0 126.0
79 53 25.0 197.0
2 28 161.0 31.0
62 78 181.0 152.0
73 48 50.0 195.0
14 51 172.0 36.0
10 20 148.0 21.0
13 19 3.0 64.0
42 6 156.0 104.0
33 24 188.0 181.0
38 3 8.0 149.0
11 1 150.0 141.0
62 69 77.0 152.0
41 29 128.0 1.0
33 40 143.0 28.0
79 10 155.0 99.0
69 41 7.0 63.0
39 69 159.0 195.0
71 25 89.0 167.0
39 22 105.0 192.0
65 28 192.0 134.0
57 21 9.0 120.0
35 61 11.0 104.0
45 60 26.0 118.0
75 79 166.0 34.0
43 50 137.0 125.0
49 24 181.0 179.0
45 15 101.0 86.0
4 25 48.0 93.0
46 18 18.0 9.0
53 45 107.0 29.0
12 13 132.0 133.0
17 12 59.0 50.0
28 34 83.0 196.0
57 5 125.0 16.0
19 38 62.0 178.0
63 62 134.0 62.0
54 57 152.0 104.0
22 40 111.0 11.0
19 47 67.0 195.0
11 19 21.0 126.0
23 8 146.0 56.0
2 4 148.0 23.0
24 7 154.0 162.0
70 6 14.0 40.0
37 33 139.0 166.0
28 4 63.0 2.0
9 44 194.0 82.0
3 27 122.0 167.0
3 2 84.0 20.0
4 46 176.0 33.0
3 26 174.0 130.0
65 69 21.0 189.0
76 57 95.0 160.0
23 2 15.0 110.0
9 18 109.0 9.0
21 67 35.0 183.0
68 57 0.0 119.0
13 20 197.0 176.0
38 2 120.0 123.0
45 79 46.0 94.0
32 73 9.0 141.0
50 8 82.0 24.0
9 25 197.0 143.0
46 36 16.0 32.0
68 48 81.0 16.0
20 4 156.0 30.0
70 54 134.0 28.0
28 29 190.0 132.0
11 23 50.0 151.0
36 54 26.0 85.0
8 16 25.0 23.0
46 17 141.0 194.0
24 8 119.0 22.0
2 5 61.0 75.0
33 36 177.0 148.0
20 14 59.0 120.0
79 18 136.0 109.0
47 45 111.0 163.0
55 18 34.0 89.0
10 39 161.0 127.0
25 51 104.0 80.0
30 35 113.0 166.0
70 48 92.0 91.0
4 29 5.0 103.0
49 20 33.0 93.0
39 74 86.0 97.0
67 22 45.0 72.0
35 16 18.0 6.0
18 15 55.0 75.0
12 19 59.0 169.0
49 71 157.0 104.0
23 72 9.0 114.0
22 13 84.0 195.0
36 2 163.0 122.0
77 2 107.0 8.0
71 63 47.0 77.0
11 20 149.0 103.0
21 78 4.0 161.0
69 55 11.0 114.0
12 16 101.0 172.0
26 9 5.0 185.0
69 1 97.0 168.0
56 55 153.0 156.0
13 58 148.0 0.0
77 25 84.0 49.0
77 68 163.0 88.0
18 43 156.0 174.0
59 34 171.0 57.0
22 60 134.0 128.0
31 4 60.0 183.0
6 21 121.0 165.0
8 27 112.0 21.0
59 69 148.0 196.0
32 79 13.0 64.0
42 73 126.0 169.0
17 11 108.0 98.0
66 30 177.0 42.0
10 61 53.0 189.0
22 10 43.0 175.0
45 39 93.0 156.0
17 8 53.0 193.0
31 1 85.0 18.0
40 43 89.0 11.0
17 16 41.0 197.0
60 19 67.0 18.0
18 14 86.0 121.0
47 3 186.0 130.0
41 28 16.0 79.0
40 64 36.0 21.0
18 1 34.0 121.0
33 2 47.0 124.0
25 8 186.0 88.0
10 15 82.0 5.0
28 6 133.0 120.0
16 44 123.0 71.0
71 31 31.0 139.0
69 77 162.0 67.0
18 6 129.0 197.0
60 72 170.0 176.0
36 74 59.0 108.0
13 23 45.0 93.0
25 7 71.0 130.0
8 75 153.0 194.0
5 23 32.0 136.0
25 38 44.0 147.0
24 11 71.0 125.0
17 76 11.0 194.0
45 33 47.0 23.0
30 22 65.0 44.0
65 64 147.0 136.0
10 25 184.0 100.0
29 5 60.0 169.0
64 37 190.0 104.0
1 33 181.0 61.0
4 26 55.0 192.0
48 44 182.0 54.0
66 69 166.0 47.0
28 79 105.0 113.0
44 15 32.0 42.0
41 17 48.0 92.0
10 24 43.0 190.0
78 35 115.0 24.0
49 33 73.0 122.0
77 15 172.0 8.0
58 2 5.0 138.0
14 16 160.0 63.0
46 6 75.0 193.0
76 11 99.0 75.0
64 14 115.0 142.0
48 16 33.0 183.0
48 66 22.0 107.0
1 52 110.0 194.0
53 41 169.0 68.0
72 27 58.0 130.0
32 29 56.0 133.0
39 31 98.0 155.0
19 61 97.0 166.0
51 66 149.0 130.0
52 40 41.0 124.0
66 70 83.0 151.0
10 18 140.0 52.0
27 6 90.0 151.0
40 59 74.0 146.0
64 28 72.0 172.0
9 31 117.0 121.0
17 75 150.0 19.0
10 41 154.0 191.0
20 15 65.0 37.0
70 78 168.0 157.0
17 18 137.0 59.0
3 30 190.0 11.0
62 50 113.0 15.0
55 32 122.0 31.0
6 2 38.0 72.0
42 2 6.0 192.0
27 18 175.0 23.0
9 21 150.0 96.0
60 8 186.0 40.0
14 23 27.0 129.0
23 63 118.0 93.0
69 71 125.0 40.0
72 30 23.0 163.0
6 64 188.0 181.0
3 8 62.0 116.0
71 50 179.0 165.0
57 47 135.0 118.0
20 28 148.0 163.0
20 8 23.0 66.0
78 60 10.0 100.0
27 9 153.0 185.0
6 78 162.0 93.0
57 19 61.0 25.0
68 74 92.0 193.0
28 7 155.0 28.0
19 15 101.0 55.0
64 38 131.0 76.0
17 21 5.0 93.0
26 5 67.0 110.0
77 16 120.0 29.0
9 69 139.0 181.0
8 30 47.0 31.0
19 58 195.0 155.0
60 31 1.0 96.0
44 47 15.0 84.0
1 2 46.0 173.0
26 7 4.0 113.0
76 78 157.0 76.0
33 4 2.0 96.0
42 77 173.0 49.0
56 7 45.0 121.0
38 36 51.0 199.0
27 5 196.0 18.0
7 29 172.0 43.0
5 32 18.0 128.0
41 3 153.0 127.0
28 17 102.0 155.0
15 56 146.0 75.0
63 52 32.0 191.0
25 2 12.0 35.0
21 13 191.0 9.0
11 75 128.0 115.0
38 52 164.0 98.0
29 36 166.0 117.0
27 35 104.0 68.0
25 14 197.0 2.0
41 36 162.0 181.0
15 43 162.0 175.0
30 5 171.0 153.0
18 20 100.0 51.0
8 79 17.0 64.0
32 6 177.0 184.0
73 7 42.0 33.0
75 58 97.0 191.0
68 49 118.0 11.0
12 69 163.0 33.0
1 35 62.0 134.0
26 12 24.0 115.0
1 49 62.0 42.0
10 27 22.0 191.0
36 44 83.0 16.0
76 37 147.0 132.0
6 52 122.0 17.0
17 42 156.0 86.0
57 29 148.0 19.0
30 31 197.0 173.0
54 72 178.0 11.0
4 27 175.0 153.0
49 44 97.0 10.0
7 4 62.0 196.0
28 19 120.0 137.0
61 59 157.0 76.0
8 64 9.0 105.0
69 43 151.0 6.0
10 55 190.0 129.0
60 10 9.0 118.0
54 75 37.0 106.0
51 26 13.0 52.0
12 23 187.0 85.0
3 36 63.0 144.0
28 9 46.0 73.0
68 78 78.0 197.0
53 34 78.0 68.0
18 70 173.0 87.0
66 33 194.0 11.0
33 59 171.0 7.0
69 26 168.0 110.0
12 63 70.0 31.0
9 41 137.0 69.0
40 34 41.0 15.0
67 3 115.0 72.0
47 60 145.0 88.0
14 21 56.0 91.0
37 3 166.0 179.0
78 69 52.0 86.0
27 29 154.0 122.0
69 73 166.0 91.0
28 55 59.0 160.0
32 16 125.0 174.0
75 50 48.0 71.0
9 29 181.0 57.0
35 4 107.0 147.0
30 7 127.0 111.0
61 54 182.0 81.0
22 27 187.0 149.0
26 13 183.0 199.0
31 8 36.0 108.0
7 41 7.0 85.0
66 76 11.0 188.0
72 28 113.0 118.0
35 67 129.0 192.0
41 15 193.0 64.0
41 19 135.0 133.0
42 74 119.0 70.0
31 33 102.0 155.0
49 51 60.0 109.0
13 24 121.0 71.0
16 23 162.0 34.0
65 15 91.0 43.0
16 19 3.0 37.0
21 15 98.0 90.0
38 8 15.0 17.0
16 36 9.0 117.0
16 15 4.0 69.0
43 12 116.0 125.0
64 10 109.0 30.0
24 43 94.0 152.0
65 62 157.0 97.0
2 16 165.0 8.0
29 2 47.0 181.0
17 31 20.0 8.0
45 1 56.0 176.0
4 34 107.0 124.0
21 18 5.0 168.0
3 29 169.0 51.0
3 70 21.0 126.0
10 29 45.0 139.0
3 35 14.0 45.0
5 31 151.0 186.0
11 72 4.0 160.0
3 23 131.0 63.0
69 17 27.0 89.0
37 25 62.0 196.0
15 35 34.0 35.0
35 31 73.0 80.0
19 20 121.0 39.0
17 34 165.0 72.0
4 32 108.0 170.0
29 20 116.0 191.0
12 67 169.0 143.0
7 31 166.0 183.0
36 4 78.0 1.0
3 71 143.0 103.0
28 74 40.0 64.0
28 76 165.0 6.0
28 8 94.0 73.0
13 76 130.0 10.0
25 11 22.0 51.0
62 27 18.0 189.0
78 13 102.0 96.0
58 51 85.0 45.0
25 15 120.0 77.0
34 6 128.0 85.0
21 19 29.0 175.0
26 8 177.0 159.0
65 40 143.0 152.0
41 39 154.0 161.0
51 60 10.0 56.0
31 6 9.0 95.0
10 30 171.0 81.0
22 61 123.0 51.0
65 79 157.0 152.0
32 8 7.0 87.0
11 32 24.0 150.0
70 31 119.0 179.0
11 28 188.0 129.0
44 77 61.0 149.0
23 15 156.0 32.0
62 64 178.0 80.0
63 56 74.0 87.0
52 2 75.0 33.0
8 21 49.0 100.0
51 48 26.0 168.0
50 31 12.0 166.0
13 18 22.0 73.0
12 68 45.0 130.0
32 3 156.0 175.0
24 15 43.0 183.0
25 61 107.0 119.0
12 14 104.0 156.0
25 47 124.0 82.0
52 62 48.0 136.0
72 52 60.0 22.0
38 1 66.0 58.0
31 10 110.0 174.0
27 13 142.0 153.0
62 28 78.0 49.0
30 26 149.0 135.0
47 76 9.0 26.0
59 32 181.0 9.0
58 30 48.0 194.0
41 31 98.0 66.0
72 8 190.0 160.0
27 11 124.0 132.0
65 10 38.0 3.0
33 6 125.0 139.0
13 42 125.0 86.0
5 35 156.0 59.0
24 51 165.0 157.0
56 2 198.0 16.0
63 70 15.0 188.0
28 43 133.0 91.0
8 33 0.0 171.0
22 12 196.0 77.0
34 5 108.0 121.0
4 57 192.0 64.0
26 10 146.0 157.0
5 52 13.0 145.0
43 27 192.0 180.0
45 43 67.0 77.0
36 5 7.0 67.0
33 41 91.0 3.0
20 16 21.0 199.0
64 7 146.0 13.0
10 40 186.0 45.0
3 33 46.0 151.0
47 63 89.0 191.0
26 77 26.0 109.0
27 12 84.0 185.0
51 6 84.0 175.0
32 1 26.0 58.0
10 28 130.0 172.0
9 33 43.0 68.0
51 63 91.0 41.0
19 22 12.0 180.0
73 66 26.0 190.0
22 59 195.0 62.0
39 48 181.0 31.0
17 24 56.0 7.0
42 34 11.0 187.0
64 39 165.0 6.0
4 30 83.0 56.0
23 62 189.0 47.0
49 32 0.0 167.0
65 8 82.0 195.0
30 78 133.0 16.0
14 71 133.0 190.0
43 1 161.0 96.0
4 58 116.0 126.0
15 28 39.0 199.0
9 79 0.0 29.0
6 35 155.0 0.0
30 11 196.0 37.0
61 38 194.0 130.0
38 4 88.0 79.0
60 1 41.0 49.0
23 17 85.0 157.0
37 55 80.0 125.0
54 13 97.0 80.0
21 22 184.0 52.0
34 9 58.0 181.0
35 8 28.0 52.0
37 2 40.0 116.0
11 31 41.0 33.0
5 37 155.0 79.0
8 29 112.0 35.0
6 59 68.0 9.0
3 42 185.0 53.0
53 67 5.0 43.0
58 26 88.0 33.0
26 18 94.0 80.0
8 37 17.0 88.0
30 23 60.0 172.0
7 32 185.0 124.0
55 48 31.0 5.0
4 37 57.0 168.0
40 1 197.0 62.0
56 3 143.0 37.0
56 22 122.0 38.0
12 24 143.0 139.0
33 60 168.0 156.0
55 36 154.0 153.0
20 21 16.0 138.0
67 47 117.0 73.0
52 7 82.0 67.0
63 13 86.0 26.0
10 78 61.0 8.0
26 6 187.0 156.0
12 30 91.0 155.0
30 14 63.0 197.0
30 13 91.0 79.0
75 4 16.0 161.0
64 18 129.0 99.0
23 9 10.0 15.0
7 36 187.0 23.0
48 57 142.0 174.0
56 40 189.0 185.0
2 41 111.0 4.0
62 58 168.0 155.0
39 5 86.0 184.0
35 23 132.0 167.0
29 25 157.0 95.0
24 16 87.0 144.0
44 2 47.0 29.0
6 29 140.0 188.0
73 64 123.0 4.0
42 22 122.0 91.0
39 59 75.0 160.0
57 7 127.0 159.0
31 63 122.0 85.0
78 37 175.0 9.0
9 76 3.0 22.0
10 36 10.0 96.0
63 29 185.0 133.0
7 37 142.0 107.0
18 67 67.0 169.0
48 12 159.0 194.0
75 71 108.0 81.0
18 22 17.0 83.0
76 3 95.0 20.0
56 52 73.0 105.0
55 8 131.0 58.0
21 23 19.0 25.0
32 13 82.0 86.0
54 60 10.0 41.0
26 38 29.0 118.0
63 32 54.0 198.0
34 20 80.0 149.0
46 16 8.0 105.0
39 4 165.0 139.0
22 17 168.0 184.0
49 2 90.0 50.0
36 49 168.0 100.0
16 18 186.0 150.0
12 34 183.0 40.0
73 65 7.0 64.0
13 28 145.0 15.0
44 6 69.0 110.0
13 36 39.0 38.0
32 10 173.0 129.0
27 55 153.0 94.0
41 43 124.0 91.0
20 24 64.0 60.0
11 43 124.0 23.0
14 29 82.0 69.0
65 75 72.0 152.0
26 15 199.0 111.0
18 19 170.0 172.0
47 42 127.0 76.0
17 15 159.0 51.0
19 26 27.0 175.0
65 27 185.0 151.0
7 67 84.0 19.0
37 1 185.0 108.0
78 3 0.0 184.0
42 1 138.0 170.0
36 60 93.0 17.0
42 67 169.0 4.0
10 38 120.0 148.0
2 43 69.0 57.0
27 16 80.0 106.0
31 12 65.0 17.0
23 18 102.0 65.0
11 29 92.0 192.0
44 69 104.0 186.0
56 65 163.0 73.0
48 1 3.0 83.0
10 16 98.0 73.0
38 9 169.0 130.0
6 40 83.0 34.0
23 20 66.0 185.0
40 25 178.0 158.0
68 36 19.0 83.0
14 31 161.0 134.0
9 32 108.0 164.0
39 2 79.0 159.0
7 34 18.0 48.0
13 25 41.0 53.0
40 68 79.0 59.0
67 54 109.0 9.0
12 33 153.0 80.0
62 51 35.0 66.0
39 35 47.0 144.0
16 28 197.0 126.0
41 4 85.0 15.0
73 61 153.0 127.0
24 67 28.0 32.0
41 67 23.0 89.0
36 9 39.0 128.0
59 35 120.0 26.0
28 21 54.0 167.0
79 57 74.0 51.0
41 37 39.0 159.0
73 2 98.0 192.0
69 76 85.0 79.0
38 42 7.0 60.0
18 29 74.0 198.0
20 70 18.0 146.0
32 12 29.0 24.0
4 40 37.0 55.0
27 17 85.0 28.0
40 8 182.0 136.0
13 79 69.0 19.0
47 1 73.0 29.0
35 10 109.0 99.0
72 6 56.0 79.0
44 4 24.0 37.0
25 20 178.0 61.0
38 7 15.0 15.0
78 71 113.0 149.0
70 74 102.0 182.0
16 29 22.0 175.0
36 11 195.0 83.0
36 26 185.0 3.0
51 76 197.0 161.0
39 3 95.0 127.0
72 36 76.0 62.0
21 24 12.0 189.0
26 39 182.0 114.0
43 70 78.0 156.0
21 54 142.0 25.0
79 72 18.0 79.0
68 51 10.0 15.0
36 14 77.0 57.0
34 15 35.0 105.0
9 37 64.0 199.0
19 31 8.0 46.0
12 36 177.0 86.0
79 43 194.0 119.0
35 54 18.0 13.0
25 75 156.0 180.0
64 68 16.0 185.0
2 45 40.0 51.0
42 5 9.0 57.0
74 62 24.0 18.0
9 77 51.0 153.0
40 69 165.0 198.0
14 35 116.0 136.0
29 62 122.0 72.0
26 33 15.0 138.0
36 30 139.0 7.0
33 23 12.0 149.0
60 71 178.0 189.0
68 69 96.0 181.0
8 39 141.0 61.0
39 11 142.0 10.0
14 33 172.0 16.0
19 30 143.0 187.0
34 14 144.0 83.0
65 23 131.0 157.0
68 17 126.0 61.0
30 16 55.0 22.0
19 27 172.0 149.0
50 20 51.0 66.0
18 28 37.0 23.0
65 60 190.0 133.0
6 37 120.0 135.0
15 36 103.0 51.0
24 25 78.0 181.0
18 30 184.0 86.0
46 2 25.0 109.0
42 8 91.0 29.0
22 51 152.0 81.0
24 22 76.0 143.0
62 44 134.0 148.0
21 62 112.0 189.0
41 5 73.0 142.0
8 34 166.0 10.0
50 47 65.0 144.0
23 28 161.0 109.0
8 41 96.0 113.0
48 28 90.0 124.0
71 77 112.0 24.0
59 66 142.0 176.0
10 34 110.0 16.0
22 23 19.0 28.0
29 21 199.0 84.0
25 26 179.0 112.0
23 50 43.0 75.0
34 18 177.0 133.0
7 44 104.0 89.0
49 34 10.0 46.0
53 78 140.0 72.0
29 19 193.0 111.0
37 45 26.0 145.0
79 20 29.0 5.0
8 43 174.0 72.0
14 38 113.0 151.0
46 1 94.0 169.0
43 74 99.0 56.0
72 49 175.0 192.0
76 26 61.0 168.0
23 25 145.0 88.0
24 38 110.0 174.0
53 33 167.0 84.0
4 47 128.0 33.0
44 76 190.0 22.0
22 28 1.0 42.0
30 37 194.0 176.0
37 52 141.0 8.0
24 26 37.0 38.0
30 67 124.0 147.0
27 24 71.0 91.0
19 34 199.0 151.0
73 70 49.0 190.0
76 50 17.0 50.0
61 21 107.0 163.0
42 9 37.0 0.0
6 45 65.0 26.0
57 13 117.0 189.0
57 53 177.0 188.0
11 41 188.0 176.0
40 12 171.0 37.0
7 45 120.0 140.0
46 31 93.0 28.0
5 45 150.0 130.0
13 38 173.0 15.0
49 5 39.0 90.0
52 70 50.0 168.0
35 51 137.0 190.0
70 14 70.0 108.0
39 25 38.0 190.0
56 72 187.0 131.0
16 33 122.0 137.0
34 13 4.0 95.0
27 20 50.0 196.0
3 40 90.0 100.0
37 16 181.0 27.0
43 26 89.0 3.0
50 41 96.0 79.0
28 5 19.0 83.0
31 21 99.0 141.0
43 6 187.0 56.0
20 30 95.0 190.0
3 49 86.0 137.0
19 73 155.0 19.0
19 35 45.0 196.0
75 73 83.0 141.0
48 10 16.0 102.0
28 14 28.0 115.0
13 49 62.0 15.0
64 31 48.0 109.0
75 46 133.0 134.0
40 31 119.0 40.0
11 38 142.0 116.0
57 41 55.0 178.0
32 20 137.0 71.0
67 19 12.0 165.0
67 79 190.0 26.0
18 24 90.0 190.0
39 13 1.0 23.0
12 39 108.0 121.0
43 10 68.0 2.0
3 48 186.0 123.0
7 42 89.0 75.0
40 7 148.0 53.0
44 8 167.0 90.0
73 76 6.0 57.0
29 17 89.0 7.0
16 31 98.0 197.0
75 9 69.0 166.0
48 23 193.0 56.0
42 10 75.0 34.0
18 35 153.0 175.0
49 4 190.0 120.0
46 7 7.0 196.0
39 9 104.0 96.0
15 39 58.0 154.0
18 36 178.0 80.0
9 71 56.0 124.0
40 13 47.0 83.0
32 23 21.0 0.0
19 70 127.0 11.0
48 4 58.0 134.0
46 5 56.0 114.0
48 6 26.0 67.0
32 51 161.0 157.0
42 33 6.0 17.0
79 52 93.0 6.0
47 2 139.0 114.0
47 6 32.0 66.0
24 9 106.0 43.0
16 68 163.0 162.0
46 8 24.0 189.0
78 1 163.0 185.0
49 6 75.0 122.0
48 20 117.0 168.0
20 46 173.0 56.0
27 26 103.0 158.0
39 50 8.0 9.0
17 32 193.0 171.0
48 64 185.0 169.0
39 61 191.0 101.0
57 42 68.0 18.0
36 52 45.0 185.0
53 2 86.0 171.0
7 48 141.0 141.0
18 33 144.0 149.0
32 22 83.0 137.0
72 33 197.0 68.0
36 17 27.0 140.0
67 51 151.0 47.0
78 73 70.0 149.0
10 44 92.0 109.0
36 28 131.0 33.0
25 30 179.0 75.0
55 58 194.0 14.0
40 9 190.0 191.0
45 75 100.0 169.0
21 34 139.0 52.0
27 23 179.0 10.0
20 63 122.0 23.0
11 58 122.0 5.0
4 50 152.0 53.0
47 7 21.0 98.0
51 18 58.0 163.0
56 1 16.0 158.0
24 23 55.0 107.0
1 50 36.0 34.0
48 31 110.0 110.0
9 61 163.0 32.0
14 41 145.0 67.0
56 27 111.0 119.0
48 5 132.0 121.0
21 39 173.0 100.0
14 45 110.0 29.0
18 37 65.0 98.0
2 51 44.0 175.0
20 31 24.0 159.0
37 17 7.0 122.0
36 71 150.0 119.0
25 31 147.0 82.0
52 4 19.0 120.0
19 48 18.0 129.0
32 67 190.0 84.0
30 24 65.0 187.0
60 70 73.0 41.0
1 55 68.0 81.0
21 30 184.0 170.0
38 15 169.0 131.0
74 76 128.0 140.0
20 33 118.0 98.0
51 59 189.0 60.0
29 23 21.0 54.0
77 52 23.0 95.0
29 24 119.0 43.0
25 48 176.0 103.0
42 11 5.0 97.0
40 15 191.0 85.0
70 37 107.0 109.0
11 37 168.0 48.0
41 13 19.0 189.0
51 5 112.0 42.0
18 38 44.0 32.0
69 47 70.0 21.0
51 52 112.0 27.0
59 45 14.0 103.0
56 39 69.0 73.0
27 28 6.0 37.0
21 33 77.0 25.0
70 41 28.0 189.0
63 37 156.0 72.0
20 26 135.0 26.0
42 53 72.0 47.0
72 24 69.0 86.0
45 8 199.0 138.0
32 18 113.0 158.0
50 2 122.0 190.0
61 74 60.0 150.0
38 16 166.0 168.0
78 29 32.0 101.0
56 69 22.0 104.0
19 37 116.0 91.0
33 62 144.0 67.0
69 50 16.0 57.0
70 53 164.0 139.0
48 9 36.0 176.0
14 37 85.0 154.0
41 24 196.0 69.0
19 32 109.0 18.0
53 3 180.0 25.0
14 44 0.0 124.0
50 63 79.0 168.0
11 69 112.0 195.0
78 8 165.0 100.0
20 45 63.0 2.0
68 42 168.0 11.0
26 29 171.0 77.0
54 4 132.0 103.0
7 50 65.0 84.0
11 46 95.0 96.0
39 18 61.0 7.0
56 54 185.0 27.0
73 23 176.0 48.0
35 20 3.0 96.0
71 37 82.0 126.0
42 16 175.0 15.0
24 34 170.0 192.0
49 8 65.0 65.0
9 47 97.0 126.0
61 42 199.0 35.0
23 34 140.0 175.0
54 3 87.0 96.0
5 58 178.0 170.0
44 13 165.0 106.0
52 8 93.0 87.0
27 30 22.0 158.0
37 20 167.0 72.0
7 53 29.0 118.0
6 50 189.0 121.0
1 54 68.0 77.0
40 19 52.0 46.0
10 51 76.0 169.0
11 71 94.0 169.0
33 25 147.0 68.0
31 22 58.0 114.0
47 12 94.0 39.0
52 28 149.0 83.0
36 19 178.0 169.0
47 10 199.0 182.0
51 3 75.0 76.0
34 25 177.0 121.0
9 43 41.0 124.0
23 78 33.0 99.0
77 49 55.0 79.0
20 39 84.0 156.0
32 36 139.0 62.0
37 35 116.0 138.0
40 18 11.0 143.0
55 5 137.0 188.0
42 15 88.0 178.0
4 42 79.0 121.0
39 19 121.0 86.0
35 25 95.0 6.0
44 1 116.0 34.0
4 55 68.0 32.0
41 18 55.0 79.0
53 5 198.0 192.0
34 29 187.0 38.0
34 65 22.0 67.0
71 42 133.0 144.0
37 13 19.0 28.0
66 38 43.0 87.0
11 48 183.0 112.0
24 47 192.0 191.0
66 39 143.0 143.0
68 75 161.0 130.0
21 38 158.0 184.0
6 54 155.0 91.0
22 45 8.0 126.0
35 13 179.0 4.0
61 70 86.0 114.0
16 26 22.0 78.0
40 48 99.0 117.0
45 13 48.0 12.0
20 38 156.0 159.0
22 38 162.0 111.0
59 55 161.0 123.0
42 60 90.0 140.0
36 20 158.0 176.0
44 17 153.0 181.0
13 47 87.0 4.0
3 52 0.0 87.0
35 26 146.0 156.0
16 40 123.0 60.0
54 5 14.0 37.0
1 57 9.0 104.0
61 1 97.0 120.0
7 51 170.0 2.0
1 71 154.0 9.0
66 1 45.0 106.0
9 49 144.0 191.0
21 36 44.0 20.0
72 42 2.0 10.0
31 68 123.0 163.0
24 35 89.0 20.0
36 78 192.0 11.0
21 37 61.0 98.0
40 20 165.0 107.0
59 78 5.0 62.0
35 28 42.0 1.0
40 5 77.0 196.0
70 56 129.0 152.0
66 68 83.0 170.0
47 15 32.0 75.0
22 41 176.0 94.0
26 34 100.0 142.0
11 49 106.0 57.0
53 36 129.0 100.0
38 41 5.0 158.0
34 22 2.0 86.0
51 79 86.0 86.0
52 11 96.0 119.0
36 58 16.0 24.0
48 13 169.0 116.0
56 4 160.0 27.0
75 28 110.0 41.0
59 4 183.0 67.0
15 46 2.0 185.0
43 19 103.0 89.0
12 49 72.0 151.0
1 59 43.0 40.0
54 17 168.0 164.0
47 14 170.0 81.0
33 19 47.0 33.0
55 9 193.0 182.0
36 22 119.0 196.0
57 71 128.0 174.0
24 77 170.0 152.0
21 49 51.0 13.0
24 37 136.0 19.0
30 29 145.0 106.0
11 45 153.0 144.0
40 17 150.0 147.0
23 38 188.0 21.0
46 14 177.0 116.0
73 15 134.0 99.0
64 77 114.0 185.0
30 33 115.0 50.0
2 59 136.0 60.0
79 55 144.0 90.0
58 7 79.0 46.0
31 24 112.0 68.0
16 41 97.0 41.0
9 52 18.0 184.0
41 52 197.0 132.0
72 10 40.0 64.0
67 34 44.0 176.0
58 1 114.0 189.0
21 27 187.0 194.0
52 10 127.0 51.0
20 42 155.0 25.0
77 36 188.0 173.0
12 50 161.0 186.0
43 16 37.0 153.0
25 27 159.0 81.0
30 32 155.0 26.0
12 53 17.0 95.0
57 9 184.0 145.0
27 34 127.0 140.0
1 63 13.0 116.0
10 53 116.0 126.0
33 54 183.0 105.0
9 53 61.0 143.0
59 7 123.0 168.0
29 31 175.0 141.0
8 58 57.0 159.0
32 64 91.0 184.0
18 44 40.0 56.0
45 76 11.0 109.0
21 44 79.0 194.0
39 44 19.0 92.0
39 40 199.0 94.0
28 31 142.0 126.0
63 43 33.0 151.0
48 15 6.0 76.0
56 35 47.0 199.0
31 49 138.0 58.0
33 28 36.0 18.0
6 60 152.0 7.0
29 35 104.0 104.0
54 25 114.0 46.0
67 6 62.0 148.0
51 13 178.0 20.0
49 63 81.0 25.0
41 20 162.0 20.0
11 53 134.0 150.0
5 56 80.0 38.0
74 3 99.0 184.0
20 43 49.0 14.0
59 36 170.0 63.0
50 44 0.0 149.0
42 19 191.0 33.0
64 1 154.0 105.0
61 2 152.0 40.0
47 17 22.0 32.0
10 50 154.0 122.0
9 54 83.0 155.0
37 28 140.0 53.0
15 49 62.0 92.0
56 9 147.0 5.0
5 59 183.0 101.0
36 56 129.0 135.0
75 38 48.0 152.0
28 30 37.0 154.0
25 60 116.0 120.0
55 12 88.0 8.0
62 79 17.0 102.0
42 30 166.0 164.0
50 14 136.0 101.0
34 37 82.0 17.0
74 60 194.0 130.0
31 36 13.0 184.0
23 76 28.0 81.0
8 57 167.0 116.0
17 73 178.0 184.0
49 17 49.0 96.0
14 53 77.0 185.0
53 13 46.0 159.0
30 77 175.0 192.0
65 3 73.0 189.0
54 64 119.0 53.0
17 43 7.0 38.0
4 53 18.0 185.0
11 56 42.0 67.0
45 17 170.0 71.0
15 51 35.0 16.0
16 50 150.0 10.0
50 17 122.0 24.0
72 25 38.0 42.0
48 32 91.0 198.0
63 3 83.0 61.0
44 65 1.0 78.0
59 52 148.0 172.0
77 39 4.0 183.0
27 37 191.0 154.0
3 61 23.0 113.0
46 68 63.0 62.0
54 11 99.0 106.0
16 78 165.0 183.0
38 56 190.0 166.0
28 49 142.0 138.0
15 50 84.0 98.0
33 35 69.0 75.0
32 31 47.0 45.0
29 39 92.0 110.0
74 54 66.0 192.0
51 16 88.0 31.0
39 53 198.0 78.0
41 27 175.0 141.0
62 5 63.0 60.0
4 62 132.0 132.0
21 42 77.0 131.0
39 28 107.0 169.0
2 64 98.0 174.0
8 54 124.0 139.0
43 25 52.0 123.0
63 4 29.0 27.0
66 9 52.0 92.0
58 61 51.0 136.0
42 23 143.0 80.0
61 64 176.0 50.0
48 17 52.0 26.0
47 64 41.0 128.0
52 16 73.0 45.0
59 9 27.0 103.0
26 53 87.0 31.0
34 56 31.0 91.0
72 62 152.0 174.0
55 13 41.0 80.0
15 52 87.0 45.0
44 19 63.0 80.0
64 3 148.0 136.0
31 37 63.0 175.0
19 49 63.0 103.0
19 46 64.0 94.0
24 42 147.0 168.0
2 60 150.0 140.0
32 50 82.0 189.0
23 44 191.0 145.0
55 14 146.0 140.0
37 57 164.0 162.0
7 21 199.0 28.0
11 51 136.0 63.0
59 75 44.0 35.0
75 12 138.0 146.0
61 11 127.0 172.0
47 21 152.0 118.0
10 58 177.0 50.0
54 14 152.0 94.0
62 77 96.0 151.0
42 27 195.0 185.0
19 64 134.0 191.0
16 54 164.0 72.0
56 12 181.0 91.0
51 19 18.0 85.0
65 63 50.0 148.0
46 71 81.0 154.0
68 19 16.0 130.0
4 60 127.0 164.0
56 32 35.0 61.0
37 32 21.0 152.0
31 34 196.0 154.0
34 36 82.0 15.0
29 52 27.0 84.0
18 74 73.0 60.0
67 5 122.0 41.0
22 65 193.0 49.0
61 8 158.0 180.0
47 20 30.0 131.0
22 43 37.0 179.0
70 57 4.0 71.0
4 74 18.0 183.0
22 48 44.0 43.0
68 20 92.0 166.0
51 12 3.0 37.0
60 37 131.0 113.0
25 36 182.0 161.0
41 26 8.0 171.0
79 21 99.0 164.0
14 43 146.0 117.0
30 39 178.0 142.0
5 60 39.0 22.0
24 45 162.0 42.0
37 68 35.0 93.0
28 40 82.0 169.0
7 61 137.0 42.0
21 60 86.0 37.0
61 36 50.0 32.0
59 47 16.0 181.0
52 18 14.0 55.0
65 42 100.0 176.0
34 32 155.0 87.0
60 11 78.0 189.0
1 70 84.0 16.0
31 38 0.0 122.0
27 44 130.0 51.0
39 27 68.0 146.0
57 10 58.0 34.0
42 29 54.0 158.0
78 67 162.0 162.0
38 77 154.0 41.0
67 10 29.0 190.0
46 10 125.0 181.0
56 14 53.0 56.0
44 26 60.0 121.0
48 21 6.0 70.0
23 47 52.0 13.0
56 13 32.0 14.0
24 46 117.0 138.0
51 21 78.0 146.0
8 59 12.0 156.0
17 52 33.0 65.0
60 9 74.0 45.0
3 60 162.0 33.0
15 53 75.0 14.0
29 40 3.0 59.0
51 20 100.0 121.0
58 9 69.0 131.0
3 69 164.0 81.0
16 53 169.0 149.0
69 2 81.0 196.0
25 44 6.0 195.0
6 57 0.0 33.0
38 43 178.0 3.0
35 32 166.0 30.0
8 62 195.0 35.0
11 59 99.0 159.0
62 7 156.0 21.0
63 7 164.0 37.0
30 40 73.0 122.0
38 32 88.0 73.0
68 5 136.0 18.0
75 43 1.0 54.0
43 71 11.0 196.0
30 43 78.0 62.0
30 60 23.0 34.0
45 57 50.0 139.0
55 17 107.0 75.0
63 8 15.0 147.0
64 67 34.0 103.0
30 79 177.0 35.0
28 42 109.0 188.0
26 45 60.0 187.0
66 8 139.0 35.0
26 71 5.0 141.0
45 77 155.0 64.0
78 58 198.0 122.0
2 67 144.0 32.0
12 61 84.0 74.0
27 45 142.0 193.0
40 49 104.0 154.0
45 18 102.0 195.0
71 72 54.0 107.0
44 41 175.0 161.0
35 36 112.0 173.0
28 45 98.0 8.0
39 33 76.0 135.0
67 29 114.0 19.0
78 26 118.0 18.0
44 29 134.0 20.0
42 32 159.0 189.0
70 4 137.0 134.0
35 52 150.0 49.0
34 39 91.0 49.0
54 15 189.0 168.0
56 16 29.0 103.0
37 50 83.0 100.0
4 61 141.0 18.0
12 57 154.0 101.0
59 14 199.0 43.0
64 71 161.0 150.0
65 4 146.0 53.0
47 26 103.0 87.0
29 12 128.0 85.0
25 49 104.0 12.0
62 10 161.0 197.0
19 52 50.0 68.0
38 34 85.0 50.0
57 58 162.0 199.0
43 68 38.0 108.0
38 35 41.0 93.0
66 4 106.0 169.0
35 34 77.0 162.0
14 57 152.0 190.0
44 60 152.0 3.0
3 68 182.0 37.0
7 65 60.0 144.0
45 23 121.0 50.0
63 11 40.0 162.0
51 23 93.0 146.0
41 34 29.0 170.0
29 46 182.0 181.0
29 43 45.0 134.0
18 54 50.0 27.0
50 21 56.0 110.0
1 68 30.0 178.0
72 3 34.0 23.0
70 2 194.0 127.0
52 20 2.0 23.0
75 49 86.0 136.0
62 12 34.0 132.0
63 17 9.0 37.0
22 77 114.0 66.0
14 75 172.0 145.0
26 74 169.0 6.0
47 22 71.0 163.0
24 50 50.0 73.0
67 8 35.0 137.0
68 6 129.0 70.0
79 41 119.0 138.0
22 52 122.0 186.0
50 13 145.0 94.0
41 32 44.0 66.0
39 36 25.0 116.0
25 50 109.0 76.0
11 64 86.0 145.0
69 5 70.0 167.0
68 56 136.0 142.0
54 19 71.0 11.0
30 46 166.0 16.0
59 12 48.0 10.0
39 47 30.0 25.0
35 41 27.0 139.0
61 14 156.0 65.0
11 65 133.0 27.0
54 58 57.0 70.0
75 18 164.0 128.0
37 36 48.0 82.0
23 36 193.0 48.0
59 15 47.0 23.0
73 45 98.0 74.0
15 61 59.0 54.0
62 9 15.0 192.0
65 50 155.0 25.0
32 43 186.0 71.0
68 4 132.0 186.0
33 43 73.0 126.0
20 55 188.0 120.0
39 62 24.0 86.0
16 59 162.0 83.0
78 2 33.0 129.0
35 40 41.0 140.0
5 70 62.0 179.0
66 43 115.0 146.0
75 41 62.0 188.0
60 14 94.0 50.0
73 41 44.0 70.0
62 13 108.0 6.0
15 62 127.0 141.0
52 25 6.0 168.0
30 45 163.0 20.0
28 47 67.0 79.0
29 47 117.0 129.0
38 37 134.0 163.0
7 66 2.0 178.0
27 48 72.0 111.0
54 20 170.0 199.0
11 66 84.0 176.0
52 23 182.0 0.0
5 61 105.0 1.0
69 7 26.0 22.0
44 32 34.0 161.0
55 61 63.0 36.0
63 10 52.0 136.0
39 46 94.0 22.0
12 42 75.0 131.0
67 4 60.0 9.0
57 18 60.0 166.0
37 39 106.0 87.0
55 22 2.0 140.0
22 53 15.0 18.0
78 72 36.0 67.0
76 2 1.0 130.0
27 49 137.0 76.0
16 62 58.0 150.0
77 27 93.0 119.0
78 47 39.0 199.0
43 77 193.0 193.0
74 2 199.0 161.0
79 34 159.0 35.0
76 1 13.0 160.0
41 51 180.0 103.0
61 16 27.0 190.0
31 44 33.0 120.0
1 75 25.0 72.0
66 10 181.0 171.0
54 23 195.0 181.0
33 44 86.0 106.0
21 56 170.0 52.0
4 73 185.0 150.0
26 50 185.0 12.0
69 8 21.0 18.0
64 9 165.0 47.0
64 13 138.0 146.0
78 14 166.0 133.0
42 35 134.0 53.0
27 51 168.0 104.0
43 34 124.0 105.0
73 47 53.0 61.0
63 76 4.0 74.0
37 29 183.0 121.0
61 60 145.0 122.0
5 73 147.0 112.0
49 29 160.0 33.0
20 57 34.0 80.0
62 14 147.0 110.0
17 60 55.0 0.0
58 35 77.0 11.0
45 32 144.0 60.0
60 16 51.0 41.0
28 38 45.0 198.0
39 38 44.0 5.0
64 69 122.0 30.0
24 54 126.0 69.0
30 44 66.0 133.0
70 8 149.0 143.0
58 14 29.0 45.0
59 44 184.0 80.0
47 31 15.0 29.0
67 65 39.0 11.0
63 14 48.0 161.0
40 38 198.0 126.0
53 27 54.0 64.0
63 15 34.0 155.0
58 46 156.0 63.0
29 48 32.0 92.0
13 66 44.0 199.0
64 26 84.0 84.0
5 72 187.0 84.0
6 71 89.0 137.0
59 18 26.0 95.0
42 36 27.0 60.0
57 74 92.0 183.0
53 19 154.0 76.0
28 50 161.0 199.0
14 52 92.0 198.0
78 31 117.0 31.0
66 14 115.0 158.0
20 58 35.0 93.0
11 68 109.0 14.0
19 56 58.0 153.0
53 17 127.0 12.0
60 27 144.0 40.0
58 21 183.0 36.0
52 26 166.0 52.0
23 55 111.0 33.0
10 70 121.0 146.0
45 36 166.0 182.0
35 45 87.0 24.0
47 32 174.0 166.0
47 58 199.0 119.0
21 59 118.0 182.0
73 3 164.0 36.0
45 34 61.0 76.0
33 47 180.0 134.0
62 18 149.0 147.0
46 32 121.0 36.0
64 15 161.0 96.0
23 56 7.0 112.0
75 6 50.0 78.0
43 37 28.0 14.0
33 34 84.0 41.0
71 55 56.0 64.0
71 8 97.0 5.0
28 51 47.0 171.0
57 22 110.0 160.0
24 52 108.0 70.0
52 27 150.0 158.0
64 58 150.0 131.0
79 1 184.0 34.0
72 9 193.0 40.0
36 63 149.0 91.0
18 61 139.0 197.0
26 54 67.0 50.0
49 26 52.0 175.0
12 37 186.0 3.0
36 66 26.0 137.0
16 64 7.0 11.0
22 50 189.0 0.0
67 31 40.0 90.0
24 57 138.0 179.0
38 44 131.0 157.0
59 19 73.0 183.0
25 55 30.0 60.0
35 46 83.0 8.0
75 5 199.0 90.0
16 66 24.0 140.0
27 54 143.0 16.0
44 34 171.0 34.0
67 14 182.0 54.0
45 31 47.0 8.0
20 62 152.0 29.0
46 59 41.0 35.0
6 76 184.0 192.0
74 5 6.0 8.0
67 13 89.0 149.0
46 33 5.0 12.0
64 42 155.0 139.0
54 29 135.0 3.0
54 28 136.0 88.0
17 61 184.0 130.0
60 18 25.0 168.0
47 35 26.0 183.0
24 53 181.0 67.0
77 6 147.0 138.0
57 26 104.0 102.0
29 53 97.0 40.0
73 9 16.0 33.0
47 72 12.0 152.0
55 70 197.0 189.0
39 43 107.0 23.0
11 70 77.0 89.0
57 75 170.0 176.0
78 4 139.0 26.0
52 30 82.0 36.0
7 75 110.0 50.0
77 1 175.0 122.0
4 72 126.0 172.0
62 19 45.0 33.0
25 56 62.0 74.0
2 79 63.0 184.0
55 40 169.0 2.0
20 61 183.0 3.0
13 70 197.0 93.0
25 57 84.0 172.0
52 31 20.0 10.0
12 66 32.0 18.0
17 67 76.0 46.0
73 8 176.0 140.0
50 34 125.0 145.0
26 73 145.0 61.0
65 14 114.0 142.0
35 49 106.0 198.0
58 24 53.0 79.0
38 46 179.0 37.0
78 5 188.0 56.0
17 65 9.0 164.0
62 32 79.0 135.0
13 72 67.0 176.0
51 33 177.0 181.0
30 51 146.0 83.0
55 29 153.0 151.0
14 69 9.0 133.0
5 77 88.0 197.0
42 41 83.0 50.0
41 74 89.0 163.0
19 63 187.0 156.0
38 45 146.0 164.0
79 7 113.0 45.0
54 30 30.0 18.0
71 15 112.0 39.0
71 13 133.0 153.0
47 36 78.0 169.0
39 23 25.0 167.0
69 58 185.0 12.0
59 30 32.0 132.0
59 27 91.0 145.0
40 44 166.0 121.0
65 20 112.0 79.0
25 59 51.0 197.0
71 12 79.0 129.0
2 75 26.0 104.0
61 44 135.0 11.0
14 72 174.0 168.0
3 79 54.0 18.0
22 54 49.0 20.0
50 33 153.0 113.0
72 75 174.0 4.0
1 72 183.0 53.0
20 64 58.0 9.0
72 12 175.0 145.0
37 49 197.0 102.0
21 10 160.0 51.0
24 60 15.0 161.0
7 76 110.0 168.0
48 35 22.0 85.0
42 43 49.0 5.0
77 10 82.0 59.0
57 28 112.0 9.0
72 53 49.0 109.0
50 35 195.0 10.0
74 11 11.0 162.0
8 77 191.0 73.0
39 49 123.0 165.0
28 58 105.0 172.0
78 9 181.0 187.0
28 56 59.0 46.0
60 23 43.0 109.0
24 61 156.0 190.0
8 76 96.0 167.0
55 30 44.0 39.0
51 34 104.0 119.0
66 17 16.0 9.0
52 34 64.0 150.0
67 20 156.0 76.0
31 55 123.0 152.0
61 23 50.0 79.0
26 59 35.0 147.0
50 46 142.0 31.0
20 66 70.0 198.0
68 26 69.0 38.0
40 46 3.0 86.0
33 55 192.0 160.0
10 75 3.0 115.0
34 47 158.0 5.0
74 12 88.0 193.0
70 17 34.0 182.0
53 62 169.0 104.0
62 24 46.0 39.0
38 49 171.0 50.0
18 68 186.0 163.0
78 34 136.0 141.0
16 70 27.0 46.0
62 26 142.0 68.0
48 41 40.0 128.0
13 73 74.0 162.0
31 56 161.0 73.0
35 53 165.0 85.0
62 25 167.0 103.0
45 56 113.0 55.0
73 12 41.0 93.0
63 77 159.0 183.0
67 62 98.0 151.0
78 45 174.0 125.0
38 48 192.0 87.0
76 64 166.0 109.0
76 32 4.0 133.0
57 30 47.0 70.0
21 63 184.0 40.0
5 79 191.0 143.0
44 37 135.0 42.0
29 59 75.0 61.0
46 41 46.0 67.0
59 28 46.0 12.0
57 31 198.0 2.0
24 63 128.0 197.0
55 44 63.0 112.0
20 56 53.0 55.0
72 73 63.0 140.0
29 58 85.0 90.0
16 73 174.0 131.0
66 23 180.0 172.0
34 69 77.0 130.0
12 70 187.0 5.0
43 44 82.0 50.0
58 31 133.0 135.0
77 12 122.0 148.0
63 22 34.0 159.0
18 69 188.0 160.0
16 65 129.0 120.0
25 65 11.0 7.0
38 51 47.0 198.0
41 45 64.0 130.0
66 21 165.0 149.0
69 21 177.0 87.0
65 24 142.0 11.0
26 63 27.0 130.0
38 47 21.0 108.0
42 45 32.0 32.0
58 23 18.0 79.0
60 29 42.0 83.0
37 54 176.0 7.0
15 74 75.0 153.0
28 61 135.0 17.0
32 57 2.0 114.0
18 63 155.0 23.0
44 45 122.0 139.0
64 24 70.0 93.0
7 78 111.0 113.0
26 66 147.0 87.0
49 41 13.0 174.0
11 79 103.0 149.0
74 16 49.0 105.0
4 71 129.0 157.0
45 46 174.0 3.0
27 63 104.0 44.0
22 74 137.0 167.0
16 75 101.0 36.0
43 47 62.0 67.0
78 11 54.0 117.0
73 14 22.0 103.0
42 48 189.0 103.0
44 46 128.0 115.0
49 43 179.0 32.0
34 62 155.0 116.0
38 71 159.0 9.0
22 69 77.0 21.0
48 43 131.0 131.0
73 18 166.0 153.0
37 53 156.0 107.0
50 40 70.0 37.0
48 69 108.0 49.0
58 33 180.0 64.0
42 46 193.0 139.0
72 21 1.0 71.0
55 35 114.0 132.0
49 45 189.0 32.0
46 47 161.0 97.0
41 71 154.0 31.0
76 14 129.0 62.0
73 50 77.0 110.0
49 64 108.0 71.0
19 71 116.0 109.0
57 49 142.0 31.0
64 27 78.0 83.0
13 75 174.0 192.0
21 70 175.0 80.0
30 73 111.0 56.0
77 14 29.0 189.0
34 58 186.0 89.0
29 64 106.0 102.0
74 19 177.0 48.0
78 15 112.0 55.0
15 75 83.0 87.0
37 72 183.0 10.0
35 57 188.0 47.0
61 32 57.0 169.0
54 41 106.0 43.0
19 65 154.0 12.0
31 61 188.0 131.0
55 38 160.0 100.0
72 19 113.0 195.0
27 58 73.0 97.0
10 76 57.0 61.0
68 22 132.0 114.0
24 73 50.0 38.0
12 78 141.0 157.0
77 18 112.0 81.0
74 14 118.0 24.0
19 76 84.0 31.0
30 63 97.0 158.0
48 45 60.0 106.0
77 17 147.0 192.0
66 22 40.0 149.0
54 39 0.0 133.0
18 76 126.0 64.0
58 56 22.0 196.0
42 52 134.0 59.0
42 54 189.0 184.0
46 53 46.0 1.0
34 60 96.0 193.0
58 38 113.0 136.0
51 45 148.0 66.0
64 30 186.0 75.0
50 51 80.0 160.0
59 48 64.0 167.0
27 61 129.0 53.0
58 39 56.0 127.0
31 59 129.0 105.0
71 73 17.0 194.0
71 21 100.0 166.0
77 4 66.0 86.0
24 70 68.0 99.0
56 33 7.0 132.0
71 23 10.0 88.0
46 48 96.0 19.0
61 33 104.0 177.0
41 55 133.0 74.0
37 58 31.0 33.0
49 47 1.0 97.0
76 20 41.0 69.0
63 33 183.0 48.0
22 71 138.0 146.0
61 34 192.0 34.0
55 39 62.0 49.0
17 79 22.0 195.0
30 65 100.0 53.0
57 33 28.0 101.0
70 33 66.0 69.0
43 53 71.0 49.0
21 74 62.0 9.0
29 65 57.0 7.0
64 57 44.0 120.0
48 75 94.0 67.0
27 69 5.0 194.0
44 52 27.0 33.0
39 57 199.0 93.0
48 49 83.0 22.0
42 63 154.0 146.0
44 51 88.0 12.0
64 33 140.0 84.0
46 43 152.0 186.0
54 38 151.0 157.0
38 60 102.0 178.0
53 75 171.0 101.0
71 24 160.0 54.0
79 71 36.0 66.0
20 72 170.0 76.0
69 29 18.0 62.0
77 20 40.0 170.0
19 75 112.0 143.0
17 71 116.0 14.0
40 53 167.0 87.0
56 30 48.0 79.0
18 78 56.0 36.0
64 50 43.0 26.0
44 54 88.0 61.0
73 63 70.0 80.0
77 21 181.0 182.0
31 53 147.0 97.0
74 23 5.0 67.0
68 28 77.0 5.0
79 16 173.0 133.0
23 75 129.0 16.0
69 15 138.0 18.0
40 76 122.0 160.0
38 57 124.0 103.0
22 78 57.0 24.0
31 79 169.0 14.0
75 21 34.0 46.0
71 29 69.0 7.0
73 25 93.0 199.0
76 22 16.0 183.0
70 27 94.0 90.0
36 62 185.0 170.0
76 21 85.0 194.0
35 62 131.0 6.0
51 72 145.0 117.0
32 65 28.0 14.0
78 20 159.0 73.0
24 74 154.0 175.0
69 13 95.0 48.0
41 59 158.0 80.0
30 68 10.0 195.0
65 53 168.0 141.0
37 62 190.0 65.0
74 25 41.0 19.0
48 60 180.0 0.0
61 37 6.0 134.0
45 54 108.0 102.0
77 23 125.0 67.0
55 43 45.0 136.0
58 40 70.0 166.0
65 33 30.0 12.0
38 62 61.0 24.0
24 66 129.0 41.0
63 66 1.0 136.0
53 48 21.0 109.0
70 29 182.0 147.0
29 68 7.0 179.0
66 25 8.0 29.0
27 67 192.0 191.0
30 69 53.0 53.0
38 59 95.0 134.0
53 47 138.0 48.0
37 65 137.0 160.0
72 29 77.0 71.0
64 36 14.0 84.0
67 33 77.0 175.0
75 31 132.0 69.0
55 46 76.0 137.0
53 30 47.0 124.0
43 57 58.0 185.0
79 22 65.0 195.0
34 63 106.0 94.0
42 55 169.0 121.0
28 70 199.0 198.0
40 61 147.0 131.0
32 69 16.0 23.0
24 75 138.0 63.0
65 36 50.0 148.0
58 44 158.0 67.0
71 34 87.0 65.0
76 27 185.0 8.0
49 52 48.0 137.0
75 27 72.0 147.0
41 58 133.0 88.0
75 20 190.0 23.0
44 56 154.0 192.0
55 45 86.0 64.0
77 74 67.0 125.0
70 32 5.0 4.0
36 67 118.0 5.0
76 71 3.0 191.0
48 47 145.0 88.0
30 70 191.0 87.0
38 65 158.0 145.0
54 48 169.0 196.0
47 56 14.0 36.0
52 48 148.0 20.0
63 38 48.0 66.0
24 79 5.0 3.0
47 55 80.0 102.0
66 35 141.0 71.0
79 19 16.0 99.0
43 58 124.0 185.0
60 40 24.0 139.0
26 72 53.0 172.0
65 39 170.0 54.0
62 31 145.0 127.0
54 49 7.0 25.0
40 63 143.0 148.0
54 50 145.0 111.0
60 43 63.0 70.0
69 24 189.0 87.0
47 54 160.0 195.0
77 28 1.0 131.0
26 79 111.0 146.0
76 25 162.0 119.0
79 63 35.0 57.0
20 74 113.0 181.0
59 76 87.0 128.0
78 25 84.0 29.0
57 46 180.0 196.0
36 48 83.0 133.0
58 50 130.0 195.0
22 46 127.0 92.0
67 39 104.0 162.0
64 41 87.0 18.0
53 52 110.0 127.0
29 75 196.0 194.0
32 72 5.0 176.0
75 32 160.0 40.0
68 27 49.0 42.0
41 63 187.0 176.0
49 55 59.0 91.0
75 30 85.0 99.0
46 54 178.0 195.0
74 31 66.0 126.0
61 41 107.0 23.0
77 29 163.0 20.0
68 33 152.0 12.0
77 56 138.0 91.0
42 51 170.0 198.0
34 72 108.0 55.0
61 43 161.0 38.0
53 51 30.0 27.0
46 60 89.0 89.0
31 65 116.0 52.0
62 40 121.0 69.0
43 65 45.0 60.0
62 45 44.0 16.0
58 42 134.0 152.0
22 70 123.0 95.0
69 67 32.0 105.0
30 76 93.0 121.0
42 62 28.0 10.0
67 38 155.0 102.0
51 55 191.0 0.0
58 48 135.0 187.0
66 40 170.0 69.0
66 41 94.0 46.0
53 54 170.0 126.0
57 44 155.0 63.0
71 32 170.0 183.0
73 29 152.0 125.0
31 73 179.0 95.0
34 75 190.0 114.0
50 60 160.0 112.0
45 71 97.0 6.0
55 54 8.0 19.0
68 50 161.0 163.0
59 49 69.0 83.0
66 45 192.0 173.0
77 31 35.0 171.0
50 57 179.0 25.0
79 23 129.0 91.0
76 79 158.0 178.0
50 56 19.0 119.0
47 77 93.0 180.0
64 46 22.0 114.0
45 63 13.0 166.0
39 63 113.0 48.0
58 49 53.0 45.0
66 32 164.0 134.0
78 27 73.0 75.0
48 50 95.0 45.0
53 56 114.0 141.0
55 68 16.0 88.0
52 50 154.0 181.0
64 44 23.0 68.0
52 57 124.0 76.0
45 52 140.0 88.0
43 64 89.0 165.0
37 69 42.0 184.0
62 47 181.0 156.0
75 35 28.0 149.0
74 29 145.0 182.0
30 74 73.0 168.0
76 31 117.0 197.0
78 28 137.0 9.0
38 73 166.0 26.0
37 73 77.0 8.0
57 56 21.0 10.0
79 35 162.0 49.0
35 69 59.0 108.0
62 46 149.0 84.0
39 71 183.0 18.0
46 65 128.0 120.0
28 73 195.0 94.0
63 44 149.0 24.0
56 61 132.0 122.0
45 68 92.0 94.0
72 41 140.0 151.0
40 67 104.0 90.0
51 56 92.0 39.0
69 38 98.0 172.0
43 67 119.0 93.0
64 45 141.0 68.0
59 53 0.0 73.0
42 37 20.0 44.0
70 38 153.0 160.0
39 73 157.0 57.0
35 70 55.0 50.0
65 48 67.0 105.0
66 34 163.0 139.0
55 52 74.0 57.0
74 37 15.0 26.0
69 46 125.0 35.0
53 63 155.0 30.0
59 54 117.0 112.0
61 51 98.0 124.0
77 37 82.0 117.0
52 61 150.0 198.0
60 35 118.0 176.0
65 52 92.0 133.0
76 34 197.0 169.0
63 46 171.0 104.0
74 40 128.0 41.0
68 41 76.0 178.0
50 61 126.0 158.0
48 63 72.0 29.0
64 51 101.0 190.0
77 33 186.0 145.0
60 55 66.0 183.0
45 65 105.0 189.0
47 68 43.0 185.0
35 76 95.0 119.0
46 70 116.0 173.0
78 40 149.0 189.0
53 64 120.0 2.0
33 74 4.0 107.0
42 75 127.0 22.0
44 72 90.0 32.0
61 68 142.0 133.0
56 60 145.0 189.0
75 40 19.0 14.0
23 43 77.0 121.0
55 62 142.0 198.0
41 76 84.0 98.0
38 78 181.0 163.0
54 63 79.0 71.0
76 43 50.0 174.0
48 56 42.0 148.0
62 57 196.0 13.0
46 79 3.0 25.0
74 44 33.0 97.0
79 37 180.0 69.0
67 44 2.0 161.0
59 58 49.0 33.0
52 67 150.0 100.0
40 72 153.0 144.0
49 66 31.0 101.0
74 47 102.0 34.0
55 63 183.0 87.0
66 53 149.0 115.0
53 61 74.0 151.0
40 70 3.0 123.0
65 54 171.0 105.0
69 52 89.0 124.0
61 57 50.0 120.0
73 46 7.0 104.0
41 77 71.0 142.0
65 55 89.0 172.0
59 56 51.0 163.0
35 74 107.0 6.0
42 79 142.0 78.0
55 64 119.0 31.0
52 66 190.0 121.0
78 44 2.0 149.0
71 44 117.0 73.0
73 43 43.0 159.0
47 71 83.0 47.0
60 62 80.0 191.0
60 57 181.0 22.0
63 58 13.0 100.0
76 29 168.0 155.0
67 56 169.0 170.0
68 53 58.0 87.0
69 54 64.0 102.0
46 61 186.0 148.0
33 75 23.0 66.0
71 48 193.0 5.0
53 69 51.0 158.0
68 58 183.0 171.0
49 73 176.0 105.0
51 71 130.0 34.0
40 77 14.0 194.0
62 59 96.0 0.0
40 79 50.0 119.0
50 72 104.0 43.0
74 50 69.0 107.0
43 78 142.0 53.0
75 3 110.0 70.0
46 72 44.0 40.0
36 75 87.0 58.0
43 62 66.0 135.0
58 65 192.0 116.0
65 72 169.0 48.0
70 39 84.0 38.0
60 67 158.0 27.0
59 64 55.0 20.0
73 52 4.0 51.0
61 62 31.0 43.0
59 65 54.0 50.0
68 52 67.0 198.0
78 48 95.0 188.0
79 49 139.0 179.0
77 46 128.0 49.0
63 59 66.0 135.0
47 51 31.0 22.0
72 38 122.0 15.0
54 71 180.0 128.0
57 67 13.0 199.0
67 58 79.0 108.0
48 77 93.0 18.0
46 67 158.0 21.0
69 49 73.0 177.0
51 70 145.0 104.0
79 50 12.0 19.0
78 42 168.0 192.0
70 58 152.0 133.0
57 55 3.0 31.0
77 51 32.0 96.0
71 53 12.0 143.0
55 74 75.0 85.0
68 54 40.0 172.0
52 71 197.0 53.0
56 74 21.0 117.0
72 45 73.0 173.0
50 67 79.0 76.0
14 79 129.0 63.0
63 64 174.0 93.0
77 65 54.0 1.0
53 76 132.0 94.0
72 58 110.0 82.0
56 76 86.0 83.0
76 60 199.0 112.0
75 61 73.0 30.0
48 76 108.0 154.0
61 71 187.0 82.0
76 49 97.0 41.0
53 73 28.0 181.0
33 78 36.0 91.0
38 74 169.0 74.0
70 62 147.0 121.0
56 66 88.0 21.0
61 45 154.0 149.0
73 54 152.0 141.0
62 73 179.0 49.0
61 76 112.0 8.0
73 59 61.0 100.0
58 77 56.0 183.0
74 46 40.0 156.0
77 50 157.0 81.0
57 73 31.0 63.0
60 66 32.0 184.0
56 42 15.0 164.0
69 70 15.0 80.0
65 71 48.0 28.0
35 71 173.0 57.0
70 64 27.0 13.0
65 70 198.0 136.0
64 72 42.0 30.0
77 57 149.0 26.0
67 74 120.0 116.0
67 68 89.0 135.0
70 68 140.0 138.0
56 75 194.0 113.0
57 63 54.0 21.0
71 68 2.0 52.0
62 75 15.0 44.0
75 67 152.0 164.0
61 67 127.0 24.0
70 49 62.0 17.0
61 79 1.0 3.0
44 73 166.0 196.0
73 56 73.0 20.0
64 75 35.0 27.0
75 44 11.0 51.0
64 74 58.0 115.0
76 62 182.0 138.0
73 79 125.0 44.0
63 67 68.0 126.0
68 72 167.0 34.0
78 63 171.0 40.0
64 21 193.0 158.0
55 78 40.0 5.0
48 79 129.0 50.0
78 77 62.0 111.0
79 66 109.0 187.0
78 66 175.0 129.0
52 74 184.0 143.0
49 67 104.0 107.0
61 72 101.0 49.0
70 75 156.0 141.0
66 75 91.0 86.0
51 73 180.0 105.0
79 70 13.0 89.0
68 65 3.0 140.0
78 57 8.0 140.0
5 1 126.0 64.0
74 75 93.0 179.0
40 73 199.0 49.0
66 65 149.0 42.0
79 77 94.0 129.0
69 10 55.0 59.0
74 73 28.0 59.0
54 51 6.0 188.0
72 76 64.0 84.0
77 72 38.0 109.0
33 32 154.0 189.0
65 76 187.0 55.0
72 66 75.0 81.0
36 76 2.0 82.0
79 69 128.0 182.0
72 74 43.0 135.0
72 63 93.0 107.0
55 67 172.0 83.0
64 66 76.0 126.0
75 69 90.0 63.0
48 74 179.0 117.0
70 76 83.0 181.0
51 39 89.0 11.0
78 64 14.0 132.0
45 74 153.0 59.0
77 61 38.0 126.0
69 45 79.0 66.0
68 79 105.0 121.0
71 66 169.0 84.0
74 59 186.0 52.0
2 24 171.0 76.0
66 55 32.0 185.0
60 69 63.0 185.0
22 72 11.0 53.0
67 77 150.0 90.0
75 63 37.0 8.0
74 49 143.0 6.0
74 63 147.0 129.0
76 67 139.0 118.0
67 73 174.0 123.0
79 59 193.0 189.0
52 64 88.0 4.0
77 75 173.0 191.0
51 74 108.0 10.0
42 69 57.0 3.0
71 74 107.0 4.0
19 10 112.0 199.0
61 63 32.0 86.0
58 74 156.0 177.0
72 70 89.0 196.0
66 61 135.0 14.0
74 79 182.0 195.0
0
