78 3003 14 23 476892
40 54 145.0 64.0
56 66 109.0 15.0
65 39 60.0 199.0
76 52 97.0 53.0
23 28 157.0 113.0
3 65 92.0 90.0
3 26 174.0 105.0
76 19 132.0 112.0
72 6 72.0 77.0
21 54 65.0 181.0
42 48 166.0 77.0
21 17 139.0 15.0
72 52 150.0 96.0
66 40 67.0 42.0
15 57 162.0 41.0
75 74 61.0 94.0
1 3 99.0 134.0
56 52 128.0 116.0
21 78 117.0 95.0
45 11 115.0 8.0
62 25 166.0 65.0
14 7 100.0 33.0
13 71 118.0 14.0
67 17 166.0 179.0
19 70 1.0 17.0
8 7 133.0 82.0
72 56 155.0 2.0
66 39 135.0 22.0
14 65 62.0 101.0
21 14 108.0 162.0
6 73 197.0 26.0
12 22 173.0 116.0
14 54 156.0 127.0
48 46 98.0 41.0
51 47 81.0 5.0
35 2 73.0 16.0
16 63 167.0 88.0
76 29 22.0 75.0
24 64 120.0 20.0
8 41 34.0 45.0
44 67 40.0 190.0
62 18 23.0 90.0
14 58 34.0 57.0
10 58 94.0 59.0
18 1 52.0 62.0
49 56 33.0 75.0
70 22 2.0 105.0
12 69 156.0 36.0
58 51 8.0 149.0
18 20 141.0 32.0
78 46 66.0 127.0
53 25 10.0 160.0
45 21 188.0 14.0
27 30 7.0 173.0
51 13 23.0 161.0
3 46 103.0 132.0
18 6 40.0 112.0
2 14 111.0 181.0
20 23 51.0 177.0
76 49 85.0 13.0
69 77 80.0 25.0
28 69 110.0 87.0
31 33 8.0 85.0
78 28 76.0 112.0
33 21 171.0 69.0
23 51 161.0 82.0
74 47 110.0 12.0
17 29 166.0 195.0
55 45 27.0 47.0
63 41 198.0 137.0
24 22 36.0 6.0
77 17 91.0 65.0
65 25 22.0 14.0
75 25 199.0 183.0
21 41 162.0 109.0
19 1 132.0 129.0
45 51 46.0 159.0
41 36 53.0 196.0
7 68 16.0 90.0
34 32 24.0 59.0
56 2 129.0 46.0
27 57 134.0 81.0
19 11 56.0 97.0
40 5 75.0 140.0
55 34 72.0 74.0
69 5 76.0 78.0
72 17 51.0 45.0
48 43 20.0 27.0
45 26 156.0 101.0
4 53 137.0 90.0
14 50 124.0 145.0
54 16 175.0 151.0
50 20 189.0 0.0
25 55 177.0 66.0
21 72 129.0 180.0
64 20 49.0 101.0
74 23 40.0 5.0
26 17 62.0 178.0
66 34 105.0 138.0
78 76 98.0 32.0
18 73 171.0 87.0
77 2 164.0 148.0
23 10 88.0 93.0
29 5 73.0 137.0
56 16 86.0 114.0
32 77 130.0 100.0
60 31 128.0 35.0
28 9 50.0 178.0
3 45 67.0 21.0
46 51 44.0 31.0
60 12 43.0 132.0
44 70 172.0 69.0
35 40 155.0 58.0
66 41 194.0 86.0
71 72 180.0 75.0
30 34 50.0 30.0
78 57 147.0 117.0
29 37 81.0 191.0
76 18 153.0 76.0
9 64 109.0 125.0
53 35 107.0 16.0
75 43 147.0 54.0
3 11 125.0 127.0
75 58 158.0 175.0
36 37 191.0 57.0
74 11 74.0 24.0
28 54 171.0 179.0
39 74 31.0 80.0
30 38 191.0 138.0
30 39 135.0 138.0
2 8 160.0 61.0
66 57 192.0 70.0
16 48 130.0 136.0
8 15 154.0 156.0
68 43 164.0 125.0
38 77 138.0 195.0
64 50 14.0 81.0
11 13 103.0 150.0
48 12 68.0 15.0
68 16 136.0 13.0
63 78 91.0 66.0
14 52 75.0 197.0
44 74 104.0 191.0
22 7 192.0 194.0
13 5 53.0 6.0
28 1 189.0 157.0
12 71 175.0 57.0
37 73 22.0 111.0
22 55 33.0 66.0
56 44 64.0 108.0
67 4 123.0 120.0
10 47 164.0 115.0
34 65 189.0 18.0
65 36 6.0 130.0
56 46 61.0 181.0
69 67 181.0 36.0
71 53 127.0 14.0
18 41 160.0 143.0
44 68 66.0 35.0
36 10 23.0 31.0
74 48 111.0 164.0
5 67 27.0 117.0
62 13 43.0 41.0
6 1 69.0 25.0
60 10 0.0 197.0
51 37 143.0 112.0
55 77 37.0 10.0
8 14 28.0 12.0
11 39 122.0 139.0
27 76 56.0 101.0
10 75 2.0 51.0
4 25 150.0 72.0
7 4 38.0 103.0
38 44 21.0 181.0
42 74 14.0 11.0
37 34 82.0 194.0
23 41 126.0 4.0
38 63 154.0 134.0
59 21 68.0 109.0
45 46 186.0 170.0
75 8 67.0 24.0
52 13 52.0 41.0
36 51 142.0 19.0
34 42 131.0 24.0
32 52 98.0 10.0
64 63 135.0 5.0
33 1 49.0 155.0
74 53 1.0 35.0
60 41 88.0 20.0
3 50 23.0 93.0
50 39 45.0 165.0
2 23 33.0 128.0
24 43 10.0 83.0
28 67 69.0 145.0
67 30 1.0 118.0
4 15 178.0 2.0
5 6 136.0 67.0
5 71 54.0 111.0
31 54 157.0 51.0
76 26 94.0 142.0
69 17 57.0 56.0
33 30 21.0 78.0
9 14 33.0 22.0
28 64 69.0 12.0
69 48 188.0 5.0
68 59 71.0 194.0
34 64 68.0 180.0
12 72 151.0 114.0
38 7 167.0 160.0
65 23 178.0 188.0
10 6 138.0 164.0
37 65 140.0 159.0
1 13 54.0 80.0
46 26 82.0 77.0
11 48 153.0 151.0
69 38 185.0 56.0
73 19 112.0 105.0
70 38 194.0 42.0
11 65 148.0 85.0
51 39 45.0 88.0
76 50 146.0 51.0
12 1 172.0 28.0
73 30 174.0 78.0
68 57 185.0 160.0
26 10 110.0 49.0
47 72 23.0 104.0
9 10 184.0 171.0
49 55 147.0 182.0
54 48 129.0 45.0
73 58 4.0 53.0
10 68 154.0 130.0
75 13 121.0 91.0
50 29 74.0 183.0
50 58 33.0 97.0
18 7 15.0 170.0
61 31 13.0 162.0
13 8 51.0 94.0
5 75 189.0 55.0
14 11 1.0 95.0
51 55 40.0 74.0
33 74 14.0 114.0
54 22 126.0 47.0
17 1 16.0 141.0
58 46 107.0 181.0
71 65 46.0 110.0
11 67 159.0 36.0
77 6 84.0 161.0
11 20 100.0 76.0
44 45 142.0 114.0
16 65 41.0 68.0
3 13 53.0 9.0
19 5 78.0 112.0
8 1 146.0 124.0
67 1 196.0 106.0
35 70 18.0 33.0
39 68 51.0 118.0
3 12 61.0 193.0
26 66 182.0 54.0
16 3 38.0 35.0
29 4 176.0 68.0
5 58 14.0 123.0
58 6 53.0 163.0
75 27 54.0 23.0
16 23 13.0 58.0
62 66 178.0 75.0
54 42 191.0 160.0
66 1 103.0 182.0
32 65 121.0 79.0
44 65 5.0 136.0
20 70 31.0 10.0
3 14 56.0 38.0
73 67 55.0 70.0
54 10 68.0 33.0
51 38 75.0 60.0
66 13 189.0 130.0
77 43 40.0 110.0
29 39 100.0 45.0
7 12 96.0 83.0
30 42 17.0 153.0
58 74 21.0 72.0
5 48 2.0 89.0
36 32 144.0 30.0
72 73 188.0 85.0
37 25 39.0 28.0
63 56 196.0 139.0
63 55 122.0 44.0
47 2 65.0 139.0
75 23 148.0 38.0
20 77 176.0 151.0
58 26 173.0 73.0
20 19 16.0 161.0
43 6 5.0 7.0
3 6 46.0 153.0
67 64 168.0 168.0
66 3 23.0 186.0
53 75 197.0 172.0
73 74 182.0 174.0
8 12 149.0 107.0
44 47 16.0 165.0
7 3 175.0 21.0
35 11 95.0 21.0
74 77 22.0 63.0
1 74 26.0 46.0
21 63 130.0 23.0
8 44 149.0 64.0
69 20 106.0 50.0
16 47 0.0 122.0
19 62 115.0 127.0
72 18 96.0 10.0
16 62 45.0 71.0
8 78 53.0 71.0
12 41 132.0 183.0
35 65 192.0 81.0
6 74 11.0 98.0
70 7 144.0 163.0
68 72 40.0 59.0
11 12 35.0 89.0
23 33 121.0 80.0
32 64 116.0 174.0
26 55 193.0 48.0
2 11 177.0 186.0
7 21 16.0 188.0
28 5 76.0 160.0
26 72 139.0 69.0
33 61 86.0 174.0
15 29 147.0 8.0
14 47 58.0 63.0
23 26 50.0 52.0
65 61 108.0 28.0
31 53 83.0 124.0
7 27 67.0 112.0
48 8 199.0 6.0
68 55 57.0 86.0
33 47 151.0 4.0
15 14 25.0 10.0
4 9 74.0 27.0
21 64 78.0 134.0
39 64 0.0 114.0
2 7 7.0 20.0
46 21 98.0 6.0
26 73 153.0 107.0
69 64 71.0 105.0
27 66 12.0 48.0
4 18 85.0 38.0
62 33 163.0 163.0
18 26 135.0 163.0
64 48 166.0 94.0
69 55 177.0 16.0
78 2 35.0 130.0
15 76 68.0 58.0
63 71 135.0 32.0
69 43 121.0 20.0
76 17 34.0 84.0
70 16 125.0 121.0
64 66 49.0 43.0
43 51 13.0 178.0
52 41 170.0 0.0
39 32 54.0 190.0
52 34 155.0 142.0
76 9 192.0 28.0
14 4 120.0 179.0
31 37 199.0 197.0
25 7 184.0 0.0
57 65 36.0 197.0
27 16 190.0 158.0
10 11 78.0 197.0
8 76 17.0 185.0
4 3 56.0 161.0
19 15 142.0 176.0
2 74 109.0 93.0
2 60 66.0 93.0
46 77 118.0 102.0
42 63 152.0 60.0
37 2 132.0 182.0
77 26 50.0 101.0
30 55 12.0 58.0
20 37 148.0 154.0
60 11 124.0 57.0
70 37 173.0 190.0
63 35 39.0 91.0
17 4 17.0 143.0
76 56 157.0 149.0
32 55 178.0 159.0
3 18 19.0 190.0
54 6 162.0 119.0
16 43 142.0 87.0
29 64 78.0 67.0
49 31 130.0 70.0
55 8 23.0 147.0
64 27 184.0 132.0
3 31 163.0 114.0
2 15 113.0 134.0
69 59 99.0 27.0
23 25 165.0 193.0
39 62 18.0 195.0
16 1 33.0 148.0
38 25 170.0 8.0
51 22 147.0 106.0
52 71 94.0 110.0
6 25 79.0 159.0
33 24 185.0 130.0
76 69 197.0 102.0
2 20 108.0 167.0
50 47 146.0 94.0
71 57 164.0 68.0
28 53 180.0 111.0
73 10 24.0 75.0
35 43 172.0 55.0
16 53 179.0 109.0
71 78 199.0 128.0
20 71 80.0 107.0
2 18 80.0 26.0
3 41 3.0 44.0
43 47 118.0 136.0
56 58 3.0 142.0
50 11 75.0 128.0
63 50 198.0 6.0
78 27 166.0 197.0
19 33 146.0 46.0
29 41 170.0 178.0
31 38 194.0 173.0
10 1 164.0 112.0
25 18 174.0 168.0
28 29 45.0 1.0
78 68 38.0 43.0
44 13 76.0 156.0
45 31 10.0 22.0
21 34 152.0 180.0
71 41 11.0 146.0
8 26 192.0 127.0
71 58 79.0 166.0
8 74 133.0 124.0
63 24 171.0 171.0
36 29 159.0 199.0
59 65 117.0 170.0
20 5 55.0 69.0
45 75 128.0 66.0
50 44 101.0 120.0
24 19 88.0 180.0
14 19 35.0 21.0
70 50 134.0 6.0
28 21 163.0 93.0
3 5 59.0 80.0
13 17 78.0 114.0
7 9 153.0 158.0
66 21 70.0 6.0
39 13 73.0 111.0
59 7 17.0 60.0
6 30 158.0 151.0
78 59 157.0 122.0
17 5 82.0 16.0
49 73 30.0 160.0
17 22 91.0 135.0
70 52 18.0 114.0
14 62 73.0 43.0
18 9 43.0 90.0
38 74 148.0 153.0
5 24 50.0 105.0
29 56 190.0 84.0
12 4 17.0 173.0
60 9 17.0 60.0
10 8 81.0 35.0
50 41 13.0 107.0
77 16 105.0 56.0
40 46 181.0 5.0
70 69 171.0 31.0
8 11 138.0 113.0
78 33 179.0 107.0
11 7 149.0 148.0
10 4 94.0 182.0
10 48 148.0 107.0
5 4 30.0 5.0
5 15 113.0 11.0
62 9 9.0 84.0
76 31 124.0 147.0
2 16 183.0 55.0
18 22 21.0 84.0
69 8 152.0 67.0
5 23 147.0 52.0
24 58 118.0 129.0
23 15 46.0 31.0
12 9 51.0 55.0
4 16 102.0 176.0
48 34 40.0 86.0
56 71 125.0 62.0
28 38 50.0 29.0
12 6 49.0 149.0
40 48 15.0 119.0
11 1 114.0 61.0
4 59 37.0 165.0
46 60 184.0 139.0
16 76 64.0 177.0
7 13 89.0 141.0
49 12 128.0 91.0
21 6 151.0 130.0
6 9 195.0 167.0
7 39 123.0 61.0
4 19 120.0 160.0
45 23 197.0 56.0
20 42 129.0 13.0
53 18 97.0 171.0
57 39 90.0 25.0
44 24 127.0 42.0
3 8 61.0 123.0
68 13 38.0 185.0
17 9 84.0 110.0
23 1 27.0 33.0
55 4 177.0 156.0
49 66 40.0 74.0
27 62 45.0 130.0
36 33 20.0 173.0
62 53 179.0 33.0
65 43 148.0 169.0
41 67 65.0 184.0
9 8 151.0 92.0
59 60 26.0 80.0
75 65 118.0 18.0
77 30 21.0 116.0
9 2 63.0 193.0
10 67 73.0 194.0
5 14 65.0 173.0
50 62 194.0 82.0
68 64 47.0 98.0
73 13 104.0 26.0
78 31 147.0 175.0
10 34 171.0 168.0
69 46 21.0 186.0
34 41 88.0 94.0
24 31 91.0 105.0
42 23 8.0 37.0
8 52 91.0 8.0
15 55 103.0 147.0
35 61 176.0 50.0
13 6 145.0 99.0
42 10 174.0 118.0
20 4 64.0 63.0
8 53 114.0 107.0
75 42 127.0 123.0
15 30 98.0 170.0
34 3 147.0 1.0
9 3 158.0 123.0
4 77 104.0 55.0
8 45 180.0 79.0
22 59 124.0 45.0
61 25 179.0 38.0
66 78 82.0 106.0
57 50 161.0 180.0
52 29 91.0 109.0
4 21 7.0 49.0
62 4 170.0 111.0
48 25 18.0 151.0
33 55 3.0 142.0
1 45 54.0 182.0
45 61 90.0 136.0
32 5 16.0 52.0
61 14 188.0 60.0
76 66 56.0 195.0
19 69 45.0 179.0
44 25 85.0 15.0
1 52 34.0 88.0
19 63 88.0 88.0
46 41 180.0 178.0
46 75 47.0 149.0
38 6 145.0 187.0
13 9 37.0 153.0
25 2 42.0 34.0
17 61 148.0 79.0
62 31 153.0 183.0
15 68 53.0 41.0
31 27 197.0 186.0
51 74 154.0 196.0
29 27 118.0 99.0
15 1 159.0 155.0
32 15 55.0 1.0
15 6 103.0 4.0
24 38 143.0 9.0
27 51 114.0 197.0
27 12 81.0 111.0
2 19 118.0 35.0
61 5 10.0 36.0
43 49 131.0 170.0
13 26 78.0 139.0
10 16 157.0 133.0
23 31 148.0 101.0
10 13 119.0 63.0
66 65 7.0 152.0
21 16 78.0 77.0
48 44 68.0 89.0
14 48 95.0 199.0
73 35 91.0 125.0
20 6 19.0 48.0
36 34 146.0 120.0
10 74 136.0 18.0
60 3 96.0 95.0
47 1 135.0 174.0
5 21 199.0 3.0
55 70 65.0 47.0
9 15 31.0 108.0
78 45 185.0 2.0
1 55 161.0 83.0
78 26 71.0 50.0
29 30 134.0 167.0
59 50 12.0 21.0
19 6 191.0 11.0
12 13 81.0 8.0
66 51 166.0 64.0
11 4 187.0 151.0
76 30 103.0 148.0
55 39 64.0 174.0
69 74 70.0 150.0
45 19 199.0 34.0
14 32 137.0 191.0
25 46 191.0 18.0
7 19 45.0 157.0
8 4 195.0 32.0
33 63 88.0 50.0
24 45 83.0 105.0
68 20 56.0 105.0
38 12 184.0 7.0
71 21 144.0 73.0
17 39 170.0 135.0
62 60 29.0 15.0
3 23 154.0 176.0
68 2 14.0 42.0
2 24 73.0 49.0
64 43 38.0 81.0
1 5 182.0 175.0
4 13 141.0 78.0
11 75 19.0 63.0
6 51 165.0 0.0
56 62 8.0 119.0
10 17 159.0 175.0
30 11 120.0 32.0
4 68 128.0 110.0
73 38 145.0 110.0
1 20 82.0 38.0
20 7 166.0 102.0
15 11 160.0 83.0
46 57 35.0 120.0
3 21 32.0 195.0
1 9 107.0 104.0
22 6 151.0 35.0
37 55 194.0 48.0
26 5 146.0 77.0
46 10 174.0 64.0
22 16 65.0 86.0
5 11 120.0 100.0
65 12 182.0 153.0
48 18 24.0 89.0
67 57 181.0 127.0
6 16 61.0 175.0
34 17 56.0 159.0
54 76 17.0 30.0
41 13 175.0 82.0
17 6 32.0 48.0
1 2 113.0 14.0
47 48 139.0 89.0
55 5 2.0 120.0
34 38 108.0 16.0
55 72 83.0 164.0
70 31 73.0 52.0
43 19 88.0 1.0
8 40 107.0 121.0
69 78 164.0 172.0
76 74 123.0 103.0
78 60 76.0 77.0
20 54 123.0 136.0
48 21 76.0 158.0
51 8 12.0 149.0
7 10 22.0 100.0
4 24 153.0 81.0
23 4 156.0 118.0
17 50 199.0 31.0
60 33 20.0 27.0
9 52 79.0 95.0
72 4 13.0 155.0
11 41 18.0 177.0
8 16 110.0 192.0
46 9 16.0 16.0
30 47 98.0 172.0
18 66 8.0 49.0
22 4 170.0 180.0
39 78 160.0 1.0
11 6 1.0 125.0
45 12 123.0 171.0
60 75 136.0 34.0
33 43 21.0 153.0
11 62 147.0 71.0
14 10 49.0 108.0
2 6 46.0 171.0
7 17 149.0 6.0
41 31 92.0 102.0
70 3 120.0 16.0
77 29 132.0 56.0
71 46 92.0 105.0
12 16 176.0 191.0
69 34 56.0 25.0
16 11 56.0 102.0
59 24 48.0 157.0
4 2 132.0 140.0
4 37 75.0 4.0
18 12 114.0 7.0
67 52 165.0 158.0
23 67 148.0 93.0
50 49 141.0 4.0
22 1 186.0 149.0
14 13 16.0 34.0
22 2 51.0 148.0
68 75 145.0 127.0
18 23 91.0 12.0
29 2 97.0 8.0
4 6 74.0 45.0
50 22 37.0 167.0
55 44 131.0 23.0
22 74 141.0 148.0
26 21 122.0 145.0
46 27 70.0 20.0
49 29 14.0 161.0
26 4 27.0 111.0
75 76 41.0 53.0
19 51 122.0 30.0
44 12 17.0 6.0
35 51 101.0 110.0
21 52 59.0 24.0
7 15 142.0 129.0
77 73 182.0 108.0
15 12 33.0 161.0
7 57 143.0 26.0
58 1 132.0 65.0
40 58 75.0 149.0
2 21 36.0 177.0
17 11 99.0 47.0
26 1 129.0 193.0
9 16 135.0 63.0
33 46 105.0 120.0
27 3 34.0 48.0
56 40 17.0 119.0
20 13 170.0 44.0
67 74 100.0 158.0
31 65 27.0 151.0
26 2 10.0 156.0
70 9 125.0 97.0
4 63 92.0 30.0
40 55 24.0 79.0
45 67 137.0 193.0
29 53 51.0 59.0
15 10 194.0 103.0
25 27 63.0 173.0
73 75 3.0 25.0
22 5 51.0 80.0
20 56 114.0 95.0
32 3 141.0 138.0
19 37 143.0 30.0
11 23 189.0 146.0
61 48 36.0 183.0
9 20 109.0 51.0
46 1 93.0 64.0
64 23 196.0 96.0
78 58 53.0 110.0
5 10 42.0 146.0
52 18 111.0 185.0
68 12 31.0 100.0
9 5 139.0 67.0
54 65 136.0 0.0
14 1 98.0 29.0
30 66 72.0 94.0
19 9 186.0 77.0
25 1 43.0 29.0
34 31 28.0 154.0
71 69 182.0 59.0
73 27 139.0 74.0
41 9 46.0 75.0
8 18 108.0 144.0
10 20 2.0 180.0
11 33 58.0 188.0
77 34 43.0 53.0
15 60 138.0 71.0
78 3 160.0 72.0
57 17 60.0 99.0
54 66 168.0 106.0
30 56 13.0 76.0
71 35 46.0 167.0
17 12 4.0 104.0
46 66 165.0 47.0
75 55 81.0 55.0
19 12 64.0 41.0
17 66 151.0 76.0
53 54 99.0 71.0
31 72 84.0 64.0
17 14 126.0 130.0
64 31 168.0 130.0
18 33 11.0 85.0
7 6 105.0 44.0
54 33 45.0 121.0
20 3 199.0 196.0
17 2 23.0 98.0
41 16 74.0 59.0
14 6 85.0 0.0
40 49 22.0 53.0
23 7 165.0 33.0
1 21 98.0 22.0
66 4 46.0 143.0
8 21 178.0 197.0
6 53 78.0 153.0
18 31 157.0 104.0
15 16 32.0 195.0
53 73 55.0 54.0
22 8 121.0 172.0
66 77 184.0 171.0
30 28 135.0 31.0
64 65 22.0 65.0
39 26 39.0 52.0
6 29 137.0 149.0
33 3 55.0 121.0
75 59 187.0 110.0
12 35 84.0 61.0
61 15 69.0 69.0
70 67 162.0 156.0
53 55 61.0 185.0
2 38 24.0 100.0
17 64 110.0 113.0
13 18 194.0 117.0
34 46 178.0 133.0
2 43 193.0 63.0
19 13 182.0 15.0
39 76 168.0 145.0
52 27 186.0 29.0
64 51 113.0 163.0
26 6 133.0 176.0
13 2 26.0 79.0
52 15 38.0 157.0
58 35 42.0 32.0
12 14 192.0 24.0
63 66 116.0 160.0
11 9 19.0 54.0
11 26 11.0 84.0
14 16 109.0 96.0
3 15 131.0 136.0
2 27 155.0 169.0
22 30 121.0 197.0
17 15 75.0 113.0
16 5 194.0 143.0
44 26 95.0 165.0
8 6 13.0 59.0
21 74 120.0 122.0
34 67 127.0 51.0
54 12 72.0 82.0
41 56 79.0 145.0
7 1 99.0 154.0
35 68 155.0 46.0
43 18 13.0 3.0
5 25 28.0 178.0
24 1 4.0 148.0
5 18 23.0 83.0
48 26 99.0 95.0
3 76 153.0 178.0
26 75 87.0 4.0
14 71 180.0 195.0
16 7 75.0 145.0
43 9 133.0 103.0
10 63 96.0 138.0
18 10 81.0 119.0
40 44 39.0 180.0
69 22 59.0 144.0
8 19 129.0 99.0
32 63 13.0 61.0
75 37 8.0 41.0
45 33 115.0 141.0
17 32 8.0 12.0
15 18 96.0 89.0
49 9 58.0 87.0
24 7 80.0 118.0
66 58 36.0 161.0
42 43 11.0 2.0
2 72 119.0 171.0
54 9 144.0 35.0
21 9 101.0 152.0
30 1 133.0 197.0
47 67 149.0 191.0
28 2 57.0 181.0
11 78 197.0 94.0
42 9 2.0 160.0
30 48 134.0 122.0
57 16 92.0 78.0
23 60 142.0 193.0
20 73 145.0 75.0
27 6 151.0 46.0
55 62 63.0 160.0
61 53 40.0 60.0
11 21 97.0 42.0
27 5 4.0 32.0
1 32 85.0 48.0
28 36 126.0 28.0
28 7 66.0 71.0
22 9 155.0 169.0
36 48 67.0 18.0
8 25 190.0 107.0
20 15 12.0 88.0
75 17 44.0 168.0
35 20 84.0 129.0
3 24 146.0 10.0
3 19 39.0 12.0
72 46 96.0 194.0
15 49 198.0 116.0
36 72 150.0 141.0
3 30 96.0 162.0
32 2 139.0 92.0
39 18 62.0 23.0
42 69 48.0 8.0
6 28 19.0 87.0
3 22 120.0 116.0
77 13 193.0 70.0
34 78 37.0 144.0
47 71 197.0 133.0
31 4 193.0 137.0
73 39 81.0 56.0
29 75 166.0 129.0
4 78 46.0 186.0
78 65 153.0 166.0
77 18 45.0 147.0
45 48 145.0 82.0
31 2 147.0 142.0
57 52 95.0 92.0
9 25 90.0 128.0
25 10 58.0 57.0
20 34 134.0 56.0
10 19 135.0 39.0
63 3 164.0 132.0
78 56 35.0 109.0
17 16 31.0 134.0
16 25 27.0 126.0
25 3 196.0 70.0
49 32 195.0 6.0
65 47 123.0 81.0
17 8 153.0 10.0
19 17 193.0 70.0
54 46 196.0 28.0
10 51 19.0 27.0
24 13 67.0 198.0
10 55 128.0 15.0
17 3 21.0 75.0
7 62 177.0 144.0
19 49 89.0 131.0
36 1 110.0 34.0
45 47 68.0 58.0
19 56 69.0 39.0
65 38 6.0 88.0
31 1 5.0 134.0
66 2 65.0 27.0
13 70 148.0 43.0
69 65 31.0 190.0
11 22 163.0 141.0
26 27 167.0 183.0
1 34 180.0 188.0
51 78 70.0 186.0
56 75 10.0 75.0
26 57 152.0 28.0
19 16 160.0 52.0
70 5 28.0 191.0
62 47 162.0 191.0
73 62 122.0 81.0
74 45 161.0 54.0
72 65 32.0 183.0
13 22 49.0 194.0
2 55 195.0 153.0
60 43 42.0 155.0
75 19 75.0 70.0
66 61 67.0 189.0
20 17 42.0 141.0
15 21 192.0 4.0
72 22 107.0 24.0
17 49 16.0 157.0
54 63 86.0 11.0
29 8 173.0 81.0
18 16 152.0 48.0
17 18 10.0 20.0
30 4 154.0 53.0
24 12 104.0 98.0
43 45 99.0 164.0
43 56 37.0 115.0
68 23 4.0 124.0
34 16 15.0 129.0
5 60 130.0 167.0
12 78 180.0 92.0
12 62 18.0 86.0
5 49 7.0 74.0
43 31 103.0 58.0
36 12 47.0 140.0
16 20 49.0 51.0
48 71 186.0 16.0
52 4 29.0 68.0
32 59 32.0 161.0
43 41 116.0 2.0
39 37 43.0 75.0
68 56 130.0 146.0
25 12 110.0 177.0
74 25 28.0 111.0
17 48 22.0 14.0
51 57 41.0 3.0
38 9 5.0 73.0
13 23 101.0 73.0
55 76 75.0 144.0
53 1 141.0 5.0
1 37 183.0 3.0
20 65 76.0 12.0
1 29 55.0 50.0
27 8 8.0 97.0
6 24 38.0 165.0
27 9 158.0 139.0
24 48 174.0 33.0
76 21 5.0 67.0
31 5 89.0 189.0
2 10 129.0 117.0
26 9 192.0 184.0
73 32 197.0 152.0
71 10 10.0 35.0
37 71 151.0 120.0
68 6 190.0 77.0
26 59 21.0 148.0
45 4 54.0 110.0
39 4 21.0 183.0
30 8 22.0 166.0
31 7 13.0 19.0
13 36 0.0 23.0
56 74 199.0 103.0
29 72 96.0 141.0
52 62 196.0 117.0
65 50 68.0 50.0
53 19 56.0 42.0
7 29 59.0 78.0
45 36 18.0 73.0
16 13 142.0 170.0
29 63 192.0 93.0
21 13 84.0 40.0
37 28 102.0 32.0
7 30 46.0 171.0
3 35 23.0 102.0
44 1 3.0 82.0
65 56 38.0 174.0
61 21 148.0 180.0
33 76 177.0 92.0
27 4 184.0 62.0
14 22 131.0 86.0
34 62 198.0 177.0
22 15 147.0 173.0
11 18 146.0 151.0
62 32 71.0 137.0
2 44 192.0 19.0
70 27 3.0 169.0
4 38 191.0 139.0
57 64 159.0 74.0
48 49 9.0 110.0
67 46 0.0 109.0
52 25 7.0 99.0
56 1 110.0 78.0
72 11 0.0 102.0
37 63 15.0 155.0
3 28 37.0 158.0
73 14 107.0 149.0
14 23 73.0 116.0
11 27 34.0 25.0
10 27 78.0 41.0
73 50 170.0 189.0
60 8 187.0 170.0
70 11 75.0 2.0
19 60 44.0 64.0
73 2 183.0 151.0
23 6 167.0 56.0
64 10 187.0 1.0
26 7 126.0 65.0
29 3 139.0 96.0
27 50 165.0 126.0
60 22 69.0 192.0
23 12 188.0 66.0
1 27 47.0 171.0
26 34 187.0 166.0
4 35 26.0 174.0
28 32 130.0 153.0
1 72 96.0 21.0
71 15 117.0 13.0
29 10 23.0 139.0
2 70 141.0 11.0
10 28 164.0 140.0
24 49 77.0 151.0
66 8 138.0 104.0
67 42 114.0 21.0
35 57 127.0 10.0
9 23 123.0 196.0
45 30 101.0 98.0
5 33 67.0 42.0
22 46 156.0 31.0
44 5 67.0 34.0
40 23 127.0 157.0
14 75 53.0 42.0
4 65 115.0 132.0
29 54 162.0 191.0
31 9 109.0 63.0
14 24 146.0 128.0
10 70 82.0 103.0
24 8 104.0 101.0
58 30 126.0 31.0
54 62 162.0 131.0
14 26 58.0 30.0
8 28 65.0 21.0
37 17 13.0 126.0
11 25 183.0 160.0
12 28 58.0 66.0
31 26 187.0 114.0
55 17 168.0 65.0
28 75 49.0 82.0
39 67 13.0 108.0
26 30 148.0 79.0
46 42 108.0 113.0
15 78 177.0 91.0
23 8 48.0 188.0
34 19 7.0 35.0
63 47 172.0 127.0
44 27 117.0 173.0
15 25 160.0 83.0
19 77 80.0 108.0
38 1 83.0 188.0
32 56 39.0 61.0
64 30 170.0 88.0
41 1 56.0 129.0
43 74 81.0 28.0
50 60 93.0 150.0
78 32 149.0 53.0
26 12 67.0 29.0
10 50 134.0 102.0
28 66 190.0 173.0
17 28 172.0 160.0
24 10 169.0 180.0
6 31 117.0 2.0
2 33 148.0 163.0
49 53 85.0 50.0
29 12 17.0 104.0
32 4 2.0 103.0
69 57 39.0 144.0
12 5 83.0 163.0
19 22 196.0 4.0
30 9 16.0 65.0
39 41 96.0 117.0
16 74 127.0 182.0
55 67 151.0 96.0
70 26 16.0 153.0
4 42 21.0 7.0
16 24 51.0 104.0
40 39 72.0 47.0
24 9 25.0 88.0
20 14 138.0 73.0
17 78 75.0 17.0
67 68 139.0 26.0
15 51 91.0 107.0
32 9 87.0 113.0
1 50 157.0 138.0
39 42 96.0 29.0
2 30 94.0 73.0
40 6 152.0 184.0
5 76 0.0 179.0
36 5 178.0 92.0
29 11 23.0 22.0
1 35 158.0 110.0
1 77 86.0 116.0
7 33 138.0 183.0
64 7 195.0 185.0
40 22 110.0 99.0
4 28 37.0 62.0
42 71 77.0 168.0
31 8 124.0 100.0
14 18 133.0 34.0
7 37 99.0 20.0
17 23 63.0 189.0
26 69 167.0 58.0
41 2 19.0 29.0
38 3 175.0 56.0
22 10 104.0 52.0
69 21 147.0 180.0
36 3 180.0 81.0
4 60 165.0 31.0
30 5 19.0 28.0
18 24 43.0 186.0
75 72 88.0 62.0
12 21 57.0 63.0
40 1 117.0 113.0
32 50 141.0 65.0
19 18 80.0 121.0
72 51 111.0 45.0
25 57 71.0 130.0
12 2 165.0 114.0
32 7 47.0 53.0
39 3 46.0 104.0
28 74 58.0 115.0
34 8 130.0 199.0
59 11 133.0 10.0
61 11 149.0 44.0
2 36 147.0 20.0
57 20 184.0 64.0
56 53 14.0 32.0
19 65 74.0 12.0
31 10 176.0 84.0
19 23 91.0 58.0
2 40 133.0 24.0
28 13 7.0 34.0
1 75 48.0 106.0
7 34 61.0 32.0
65 49 179.0 75.0
5 38 19.0 53.0
75 34 28.0 147.0
5 37 82.0 71.0
48 67 0.0 167.0
43 1 169.0 159.0
50 52 5.0 17.0
36 74 180.0 66.0
73 78 27.0 159.0
2 39 149.0 198.0
46 8 27.0 130.0
56 42 26.0 61.0
58 65 118.0 178.0
40 12 92.0 39.0
63 61 46.0 49.0
57 12 28.0 26.0
40 26 190.0 7.0
20 12 154.0 92.0
39 1 54.0 133.0
70 39 25.0 32.0
28 15 59.0 95.0
67 6 111.0 104.0
16 28 1.0 157.0
68 70 30.0 181.0
37 3 21.0 20.0
38 49 0.0 175.0
77 64 14.0 54.0
52 51 182.0 191.0
28 71 6.0 193.0
76 70 69.0 117.0
20 45 24.0 70.0
36 57 81.0 6.0
57 19 42.0 102.0
14 30 33.0 42.0
25 19 146.0 47.0
47 23 40.0 80.0
28 11 154.0 46.0
12 64 78.0 23.0
36 7 102.0 54.0
73 3 146.0 183.0
49 26 33.0 140.0
15 65 157.0 67.0
61 9 21.0 103.0
32 24 38.0 13.0
43 50 131.0 192.0
35 69 19.0 161.0
7 56 168.0 73.0
25 13 170.0 114.0
74 18 111.0 155.0
4 47 76.0 68.0
27 15 50.0 97.0
43 25 163.0 40.0
74 19 199.0 46.0
15 24 118.0 170.0
6 76 107.0 86.0
46 44 96.0 77.0
21 19 53.0 7.0
4 34 0.0 81.0
74 49 58.0 2.0
23 55 113.0 173.0
35 7 179.0 64.0
68 73 107.0 49.0
70 45 80.0 166.0
30 12 105.0 176.0
35 5 186.0 158.0
53 39 115.0 138.0
21 23 163.0 125.0
49 37 9.0 28.0
77 8 49.0 140.0
18 21 109.0 108.0
48 75 22.0 141.0
21 22 97.0 127.0
42 1 170.0 83.0
53 57 152.0 37.0
25 20 49.0 67.0
32 31 131.0 10.0
2 42 124.0 133.0
26 62 73.0 185.0
59 74 185.0 47.0
10 30 51.0 82.0
48 73 99.0 173.0
51 67 158.0 3.0
24 17 187.0 7.0
34 5 164.0 70.0
34 11 163.0 40.0
58 57 113.0 188.0
13 27 54.0 98.0
19 64 31.0 57.0
8 33 47.0 130.0
21 75 166.0 5.0
11 31 28.0 105.0
43 26 102.0 144.0
22 67 128.0 17.0
17 27 171.0 193.0
3 62 107.0 25.0
75 57 179.0 90.0
18 27 105.0 26.0
20 24 16.0 23.0
8 32 179.0 44.0
42 51 90.0 33.0
43 3 191.0 170.0
18 34 152.0 162.0
6 32 31.0 11.0
33 9 39.0 163.0
51 56 133.0 144.0
46 28 170.0 149.0
44 22 6.0 102.0
72 66 162.0 49.0
39 38 49.0 153.0
72 50 190.0 153.0
60 17 182.0 173.0
73 47 44.0 21.0
25 40 99.0 178.0
25 14 187.0 70.0
28 14 110.0 145.0
76 63 53.0 24.0
23 30 149.0 103.0
10 21 156.0 139.0
62 5 143.0 90.0
52 40 127.0 187.0
29 14 120.0 26.0
26 29 22.0 107.0
41 4 136.0 84.0
54 72 165.0 189.0
51 41 187.0 114.0
58 72 178.0 96.0
27 77 167.0 73.0
39 45 134.0 94.0
59 19 127.0 55.0
76 59 197.0 101.0
50 48 119.0 133.0
69 50 37.0 84.0
35 6 124.0 176.0
41 5 74.0 54.0
4 54 165.0 193.0
21 40 22.0 51.0
33 4 185.0 149.0
22 47 140.0 182.0
44 41 186.0 59.0
39 5 62.0 23.0
14 31 155.0 139.0
34 9 91.0 30.0
32 38 165.0 56.0
26 20 175.0 187.0
28 18 187.0 112.0
36 11 125.0 127.0
39 6 105.0 111.0
76 61 186.0 168.0
8 35 166.0 93.0
57 24 125.0 57.0
12 70 114.0 90.0
15 40 90.0 41.0
12 32 103.0 29.0
22 58 162.0 181.0
33 12 35.0 67.0
36 6 121.0 173.0
41 19 51.0 39.0
43 27 193.0 176.0
46 18 189.0 59.0
29 9 166.0 80.0
56 12 156.0 21.0
16 30 18.0 118.0
33 13 130.0 5.0
32 21 124.0 3.0
68 11 91.0 175.0
37 48 107.0 36.0
15 54 123.0 48.0
30 18 8.0 89.0
7 47 160.0 164.0
38 8 64.0 179.0
60 27 50.0 146.0
46 2 112.0 174.0
60 26 137.0 3.0
24 30 127.0 196.0
36 9 137.0 2.0
31 16 67.0 145.0
10 35 171.0 179.0
75 15 173.0 35.0
42 76 162.0 176.0
47 3 129.0 26.0
57 48 9.0 18.0
27 71 58.0 136.0
53 32 87.0 147.0
7 41 88.0 106.0
4 40 106.0 59.0
47 31 43.0 31.0
18 29 165.0 157.0
3 56 66.0 94.0
25 45 184.0 75.0
22 23 41.0 194.0
35 66 189.0 80.0
60 66 195.0 77.0
39 8 21.0 101.0
22 75 19.0 17.0
12 34 154.0 184.0
35 24 122.0 20.0
17 25 126.0 59.0
3 42 65.0 167.0
62 40 36.0 54.0
24 23 163.0 31.0
27 47 12.0 185.0
30 19 61.0 31.0
49 20 38.0 15.0
6 41 142.0 113.0
31 13 92.0 20.0
15 26 76.0 157.0
47 78 77.0 113.0
64 3 19.0 40.0
78 36 102.0 31.0
28 35 12.0 163.0
20 22 28.0 2.0
19 29 199.0 122.0
3 40 17.0 91.0
28 22 20.0 93.0
27 14 59.0 49.0
6 34 188.0 79.0
33 10 102.0 42.0
18 38 107.0 114.0
18 42 4.0 135.0
9 35 24.0 3.0
30 17 186.0 41.0
25 24 12.0 158.0
62 72 52.0 71.0
37 67 67.0 192.0
50 7 90.0 170.0
44 49 78.0 197.0
12 61 42.0 82.0
63 20 47.0 18.0
66 68 131.0 33.0
72 60 142.0 143.0
53 37 198.0 146.0
54 3 82.0 66.0
36 4 163.0 172.0
29 20 82.0 41.0
66 74 100.0 124.0
33 16 92.0 147.0
16 26 2.0 175.0
74 29 177.0 145.0
13 35 1.0 175.0
21 24 154.0 83.0
20 32 158.0 118.0
37 38 182.0 40.0
8 36 195.0 82.0
30 13 163.0 39.0
22 26 92.0 165.0
28 20 17.0 69.0
44 4 88.0 18.0
35 15 123.0 42.0
18 61 38.0 81.0
21 36 11.0 172.0
68 53 47.0 6.0
10 12 4.0 162.0
10 38 49.0 96.0
16 32 48.0 18.0
14 35 55.0 88.0
57 72 152.0 131.0
8 20 171.0 142.0
34 13 27.0 182.0
11 24 107.0 27.0
33 14 55.0 111.0
19 26 164.0 104.0
37 21 141.0 164.0
14 36 153.0 149.0
57 1 83.0 57.0
39 72 34.0 55.0
78 38 185.0 14.0
71 74 69.0 44.0
63 12 4.0 77.0
23 27 94.0 120.0
37 6 119.0 188.0
76 40 177.0 24.0
68 37 165.0 61.0
30 25 51.0 152.0
6 44 36.0 188.0
8 42 93.0 57.0
32 18 159.0 97.0
7 40 76.0 5.0
3 10 95.0 147.0
36 15 51.0 25.0
4 73 95.0 169.0
19 28 163.0 98.0
32 27 198.0 199.0
12 42 164.0 91.0
16 35 115.0 75.0
29 43 116.0 143.0
37 9 60.0 164.0
75 40 75.0 64.0
34 60 37.0 170.0
45 2 145.0 0.0
28 65 130.0 95.0
56 11 8.0 94.0
43 5 142.0 76.0
65 76 84.0 10.0
27 45 132.0 144.0
34 61 198.0 7.0
48 2 51.0 35.0
39 77 57.0 196.0
13 64 5.0 140.0
25 29 61.0 165.0
51 4 14.0 3.0
11 38 179.0 98.0
29 22 8.0 63.0
21 27 100.0 158.0
46 5 151.0 152.0
33 65 26.0 160.0
10 37 174.0 183.0
22 27 147.0 35.0
25 26 107.0 113.0
4 43 145.0 38.0
40 9 64.0 105.0
28 61 124.0 165.0
31 12 48.0 27.0
70 58 161.0 26.0
13 38 31.0 87.0
46 76 51.0 130.0
25 22 71.0 110.0
7 43 67.0 16.0
32 19 77.0 132.0
38 14 4.0 153.0
20 30 87.0 52.0
52 45 63.0 1.0
48 13 148.0 46.0
1 49 77.0 0.0
50 67 129.0 148.0
19 31 68.0 149.0
50 34 185.0 97.0
46 4 0.0 189.0
11 40 6.0 87.0
60 73 62.0 21.0
15 31 140.0 10.0
42 6 168.0 170.0
12 39 92.0 97.0
70 29 130.0 112.0
26 24 161.0 115.0
36 16 99.0 113.0
20 33 24.0 57.0
48 4 170.0 38.0
69 30 95.0 111.0
78 42 92.0 63.0
40 13 139.0 136.0
38 15 142.0 69.0
30 72 23.0 56.0
37 8 147.0 122.0
73 36 164.0 123.0
2 3 60.0 134.0
49 3 182.0 155.0
49 61 182.0 75.0
74 68 146.0 121.0
67 13 23.0 88.0
2 34 177.0 199.0
23 56 36.0 124.0
12 37 15.0 0.0
37 13 180.0 75.0
53 66 163.0 163.0
48 9 188.0 145.0
2 49 118.0 134.0
45 6 192.0 141.0
18 35 185.0 169.0
69 32 171.0 22.0
48 1 110.0 138.0
29 23 194.0 90.0
19 54 102.0 109.0
62 65 101.0 90.0
17 38 184.0 19.0
43 8 71.0 176.0
7 46 19.0 57.0
48 6 187.0 142.0
46 61 19.0 97.0
14 70 194.0 13.0
37 16 92.0 96.0
65 29 104.0 193.0
19 27 67.0 88.0
50 4 178.0 139.0
15 33 153.0 149.0
18 50 136.0 140.0
21 30 168.0 107.0
21 31 73.0 162.0
52 3 26.0 166.0
26 32 64.0 130.0
43 32 97.0 84.0
9 39 46.0 27.0
29 24 102.0 199.0
14 34 94.0 190.0
35 17 57.0 62.0
42 11 69.0 130.0
2 51 136.0 47.0
77 67 180.0 153.0
48 3 185.0 29.0
13 59 135.0 183.0
11 37 155.0 189.0
24 28 107.0 49.0
19 35 104.0 164.0
57 23 28.0 125.0
37 15 103.0 116.0
7 44 3.0 83.0
21 29 22.0 188.0
41 10 56.0 109.0
72 61 37.0 11.0
6 47 115.0 144.0
2 52 116.0 19.0
22 33 2.0 144.0
18 37 171.0 105.0
44 10 92.0 175.0
7 48 76.0 67.0
53 2 2.0 132.0
44 76 161.0 192.0
20 36 134.0 76.0
42 13 56.0 50.0
59 29 61.0 10.0
32 11 41.0 185.0
17 33 11.0 85.0
5 47 19.0 87.0
16 38 12.0 21.0
29 40 125.0 173.0
29 62 3.0 11.0
76 57 42.0 11.0
17 31 119.0 55.0
25 35 143.0 112.0
8 5 180.0 154.0
31 22 39.0 199.0
67 7 30.0 51.0
52 5 192.0 155.0
23 34 123.0 195.0
51 5 93.0 165.0
28 52 115.0 164.0
42 7 166.0 10.0
36 18 185.0 98.0
19 38 121.0 25.0
50 2 159.0 103.0
31 25 79.0 103.0
11 44 109.0 154.0
15 34 35.0 2.0
5 7 58.0 102.0
39 16 174.0 176.0
40 18 137.0 160.0
74 64 145.0 10.0
8 47 18.0 56.0
14 53 100.0 97.0
77 61 19.0 9.0
39 22 169.0 54.0
24 34 77.0 27.0
10 49 154.0 51.0
27 28 154.0 91.0
9 44 66.0 51.0
5 50 91.0 84.0
14 39 30.0 191.0
20 31 110.0 49.0
39 19 196.0 31.0
49 27 90.0 25.0
75 24 197.0 44.0
13 32 93.0 103.0
60 39 109.0 111.0
32 23 185.0 0.0
45 10 115.0 15.0
19 36 114.0 177.0
68 47 140.0 62.0
5 45 185.0 182.0
56 5 109.0 182.0
32 10 7.0 154.0
68 32 5.0 68.0
50 9 142.0 190.0
62 10 162.0 58.0
12 66 100.0 76.0
46 12 167.0 192.0
27 63 47.0 152.0
27 24 170.0 109.0
25 33 164.0 129.0
47 9 94.0 121.0
9 45 132.0 36.0
73 63 97.0 94.0
51 21 30.0 197.0
43 13 143.0 197.0
63 18 21.0 142.0
43 11 161.0 143.0
42 17 148.0 125.0
54 61 38.0 194.0
28 25 33.0 170.0
46 11 111.0 82.0
47 11 150.0 93.0
28 31 90.0 45.0
6 52 132.0 63.0
10 40 10.0 93.0
46 13 51.0 158.0
35 23 181.0 89.0
36 23 12.0 14.0
46 6 13.0 75.0
26 28 101.0 115.0
57 10 57.0 143.0
32 22 92.0 141.0
3 77 146.0 103.0
51 54 76.0 197.0
77 25 5.0 9.0
6 49 76.0 17.0
6 50 103.0 41.0
49 7 78.0 156.0
5 53 170.0 87.0
17 41 173.0 15.0
54 67 124.0 119.0
22 38 1.0 152.0
14 40 107.0 6.0
78 40 113.0 135.0
39 20 135.0 16.0
7 45 106.0 165.0
42 14 184.0 28.0
1 51 49.0 157.0
2 69 197.0 173.0
40 20 154.0 198.0
10 39 129.0 61.0
7 61 56.0 194.0
54 2 160.0 143.0
3 53 13.0 66.0
37 62 196.0 197.0
75 69 52.0 45.0
59 34 182.0 49.0
37 14 41.0 136.0
53 46 145.0 122.0
35 21 21.0 1.0
45 13 70.0 182.0
38 21 119.0 83.0
72 38 186.0 67.0
58 3 26.0 190.0
27 42 37.0 8.0
77 14 99.0 30.0
7 51 96.0 44.0
9 51 5.0 117.0
15 43 51.0 75.0
15 67 147.0 170.0
54 13 83.0 133.0
14 43 91.0 109.0
39 48 105.0 80.0
45 15 117.0 156.0
8 50 36.0 13.0
29 31 194.0 41.0
59 73 82.0 197.0
15 44 122.0 29.0
1 62 165.0 5.0
33 26 105.0 8.0
42 15 102.0 10.0
45 16 12.0 19.0
39 21 123.0 0.0
36 25 96.0 69.0
60 18 192.0 178.0
21 25 49.0 114.0
70 30 65.0 14.0
70 75 168.0 170.0
61 1 60.0 70.0
46 15 176.0 24.0
32 44 140.0 99.0
14 41 32.0 36.0
3 51 31.0 24.0
46 17 106.0 80.0
34 25 42.0 171.0
41 55 82.0 10.0
42 5 133.0 94.0
55 3 52.0 109.0
12 43 114.0 144.0
49 71 126.0 98.0
8 49 130.0 157.0
47 12 21.0 36.0
2 57 55.0 63.0
51 28 136.0 89.0
19 42 37.0 69.0
30 50 149.0 41.0
14 45 78.0 63.0
53 7 169.0 4.0
38 20 47.0 99.0
17 65 137.0 20.0
33 64 6.0 144.0
31 30 23.0 142.0
32 29 21.0 12.0
52 24 139.0 170.0
25 32 59.0 17.0
17 36 133.0 28.0
61 47 140.0 180.0
22 35 168.0 77.0
64 4 0.0 174.0
46 14 174.0 23.0
23 37 127.0 147.0
15 13 182.0 66.0
40 17 50.0 41.0
32 30 198.0 183.0
49 14 70.0 138.0
27 36 8.0 190.0
27 33 98.0 8.0
50 12 65.0 24.0
2 59 162.0 192.0
15 39 145.0 144.0
35 32 7.0 195.0
20 48 109.0 157.0
68 19 19.0 131.0
14 56 108.0 27.0
32 48 70.0 158.0
9 58 140.0 87.0
48 15 101.0 102.0
59 1 137.0 46.0
54 1 191.0 96.0
52 38 124.0 101.0
56 13 69.0 143.0
69 66 191.0 129.0
63 28 129.0 13.0
16 42 185.0 69.0
57 5 22.0 86.0
28 34 106.0 111.0
53 10 4.0 98.0
54 8 18.0 80.0
7 52 137.0 39.0
37 22 57.0 81.0
7 55 134.0 138.0
55 6 31.0 120.0
74 13 158.0 5.0
17 45 122.0 64.0
17 44 145.0 78.0
50 77 97.0 164.0
44 16 32.0 186.0
26 35 84.0 89.0
57 44 117.0 170.0
52 12 174.0 148.0
70 74 44.0 132.0
36 22 155.0 119.0
20 46 177.0 52.0
56 6 90.0 26.0
56 8 48.0 74.0
61 57 50.0 84.0
22 65 34.0 119.0
44 30 50.0 9.0
53 42 51.0 94.0
7 74 106.0 158.0
42 77 71.0 83.0
46 50 103.0 113.0
42 21 9.0 151.0
44 18 151.0 11.0
1 60 90.0 185.0
78 77 26.0 140.0
69 16 34.0 77.0
45 18 67.0 140.0
44 21 24.0 138.0
4 57 14.0 127.0
43 17 46.0 175.0
60 14 59.0 197.0
62 64 171.0 101.0
57 3 73.0 149.0
33 29 133.0 60.0
28 77 58.0 1.0
54 11 164.0 35.0
76 13 86.0 178.0
2 61 114.0 132.0
27 34 114.0 173.0
53 9 98.0 37.0
41 20 50.0 124.0
75 67 177.0 183.0
55 9 112.0 36.0
13 72 171.0 77.0
49 4 82.0 9.0
59 3 54.0 197.0
49 13 136.0 121.0
56 4 170.0 187.0
72 20 13.0 20.0
19 44 79.0 191.0
2 58 168.0 192.0
39 28 139.0 91.0
34 29 38.0 22.0
43 78 17.0 44.0
51 12 195.0 154.0
1 63 77.0 165.0
29 13 99.0 90.0
5 54 82.0 130.0
20 44 166.0 3.0
64 35 172.0 106.0
6 57 93.0 162.0
2 63 96.0 110.0
13 53 152.0 91.0
64 2 65.0 29.0
40 19 185.0 164.0
58 68 173.0 19.0
35 30 65.0 140.0
7 54 72.0 37.0
56 9 81.0 117.0
59 5 81.0 129.0
47 28 9.0 185.0
52 11 73.0 75.0
73 34 47.0 10.0
2 62 56.0 20.0
51 14 129.0 121.0
50 15 92.0 1.0
38 41 18.0 125.0
31 35 197.0 52.0
4 58 106.0 159.0
63 39 194.0 179.0
26 36 112.0 193.0
23 39 78.0 168.0
22 41 140.0 7.0
40 63 60.0 185.0
42 22 80.0 78.0
43 20 41.0 29.0
7 58 76.0 99.0
50 13 0.0 22.0
58 18 94.0 112.0
57 73 162.0 172.0
47 19 120.0 55.0
53 33 75.0 132.0
15 53 68.0 107.0
33 32 165.0 61.0
58 8 3.0 193.0
39 24 163.0 155.0
3 44 66.0 9.0
55 11 172.0 181.0
30 57 110.0 44.0
16 49 130.0 185.0
16 71 136.0 150.0
65 2 161.0 53.0
36 75 116.0 165.0
25 42 147.0 31.0
69 49 143.0 165.0
18 47 39.0 68.0
73 43 114.0 149.0
16 29 84.0 197.0
41 27 63.0 172.0
56 36 36.0 176.0
32 42 36.0 105.0
55 57 58.0 183.0
56 67 103.0 153.0
36 31 85.0 94.0
23 77 183.0 152.0
1 68 165.0 19.0
24 36 160.0 180.0
1 71 191.0 148.0
24 42 16.0 27.0
40 24 71.0 74.0
1 65 13.0 126.0
74 3 143.0 99.0
15 47 3.0 78.0
25 39 152.0 168.0
30 37 160.0 64.0
37 27 154.0 151.0
37 32 160.0 170.0
43 10 154.0 183.0
47 20 81.0 168.0
52 16 2.0 176.0
75 9 126.0 5.0
62 6 47.0 78.0
68 22 178.0 7.0
59 6 174.0 84.0
37 54 180.0 87.0
10 52 83.0 86.0
73 11 118.0 116.0
78 1 47.0 72.0
37 47 153.0 173.0
23 43 77.0 0.0
44 34 55.0 7.0
74 40 157.0 181.0
38 26 6.0 89.0
8 57 127.0 41.0
48 19 8.0 197.0
52 17 149.0 7.0
54 32 103.0 54.0
54 64 84.0 132.0
47 60 84.0 139.0
38 29 137.0 193.0
21 43 184.0 95.0
39 27 193.0 63.0
59 8 97.0 153.0
41 25 133.0 198.0
24 37 183.0 188.0
34 43 74.0 19.0
17 51 97.0 110.0
26 37 123.0 34.0
14 55 149.0 59.0
8 61 112.0 95.0
19 46 120.0 9.0
70 62 7.0 5.0
50 16 71.0 142.0
53 12 180.0 97.0
9 59 102.0 77.0
18 49 153.0 177.0
67 2 163.0 103.0
57 11 198.0 28.0
53 20 160.0 118.0
63 5 113.0 119.0
43 71 85.0 184.0
51 16 47.0 17.0
52 49 8.0 101.0
38 27 56.0 162.0
28 56 27.0 171.0
44 23 165.0 177.0
65 5 90.0 77.0
40 28 142.0 3.0
41 30 186.0 179.0
58 11 167.0 33.0
56 10 153.0 127.0
57 14 80.0 161.0
22 45 25.0 59.0
24 41 73.0 191.0
44 35 157.0 115.0
32 45 28.0 99.0
55 16 183.0 15.0
45 65 117.0 102.0
57 13 52.0 22.0
9 57 129.0 84.0
60 69 199.0 155.0
23 46 120.0 24.0
6 64 136.0 77.0
55 13 19.0 164.0
26 42 34.0 154.0
11 53 19.0 103.0
54 30 108.0 23.0
57 22 175.0 38.0
40 70 88.0 127.0
68 8 9.0 8.0
27 20 4.0 145.0
21 49 126.0 175.0
40 31 29.0 112.0
8 64 127.0 48.0
21 47 152.0 35.0
68 34 134.0 79.0
25 63 61.0 22.0
35 33 105.0 71.0
35 36 138.0 109.0
66 6 176.0 16.0
17 54 8.0 5.0
50 75 139.0 135.0
52 19 160.0 43.0
22 43 118.0 47.0
35 34 191.0 180.0
67 76 24.0 96.0
27 40 2.0 162.0
51 11 65.0 178.0
6 63 107.0 25.0
56 37 171.0 198.0
50 55 135.0 83.0
74 9 150.0 5.0
15 56 4.0 142.0
33 37 112.0 180.0
31 71 95.0 66.0
22 48 37.0 113.0
67 3 73.0 96.0
50 31 38.0 196.0
35 74 157.0 125.0
70 1 162.0 60.0
69 63 112.0 118.0
30 40 141.0 176.0
75 35 122.0 188.0
25 66 170.0 159.0
1 64 43.0 195.0
66 48 94.0 33.0
69 3 32.0 3.0
39 31 164.0 146.0
63 7 10.0 29.0
45 58 163.0 103.0
43 40 38.0 85.0
6 65 137.0 160.0
46 24 56.0 180.0
53 17 73.0 102.0
64 11 171.0 105.0
12 59 35.0 136.0
18 51 191.0 45.0
69 1 122.0 154.0
65 7 136.0 113.0
59 14 94.0 73.0
40 32 183.0 102.0
61 58 149.0 56.0
68 27 80.0 121.0
42 29 42.0 67.0
7 60 48.0 33.0
16 46 156.0 123.0
10 59 21.0 44.0
54 69 146.0 115.0
6 60 150.0 130.0
4 61 86.0 99.0
5 66 122.0 118.0
50 21 59.0 165.0
59 15 15.0 108.0
43 36 20.0 123.0
68 76 32.0 42.0
70 4 65.0 179.0
28 72 54.0 15.0
23 38 52.0 92.0
64 5 124.0 126.0
34 39 151.0 184.0
42 28 84.0 118.0
28 44 46.0 104.0
29 35 150.0 78.0
30 36 39.0 15.0
73 7 22.0 46.0
71 3 192.0 26.0
14 63 2.0 116.0
33 34 190.0 154.0
71 2 123.0 26.0
22 49 179.0 121.0
76 25 141.0 129.0
23 48 184.0 132.0
39 33 32.0 158.0
20 51 122.0 176.0
42 31 84.0 125.0
47 25 194.0 26.0
23 50 73.0 69.0
8 65 68.0 4.0
40 41 56.0 161.0
12 58 14.0 192.0
13 60 93.0 199.0
20 52 175.0 15.0
39 36 118.0 11.0
25 49 83.0 64.0
36 38 129.0 108.0
33 38 19.0 197.0
24 47 134.0 76.0
43 55 28.0 100.0
35 27 57.0 73.0
42 61 47.0 32.0
35 38 8.0 117.0
75 12 28.0 43.0
61 13 191.0 158.0
53 21 168.0 11.0
19 50 174.0 54.0
64 47 182.0 154.0
55 56 81.0 192.0
66 7 152.0 128.0
43 30 6.0 113.0
4 69 46.0 187.0
61 70 29.0 38.0
50 24 126.0 149.0
26 47 3.0 52.0
53 23 164.0 186.0
70 21 5.0 45.0
63 8 127.0 157.0
28 45 55.0 85.0
33 40 39.0 101.0
18 54 78.0 69.0
57 18 84.0 4.0
28 33 36.0 88.0
3 68 1.0 0.0
71 24 62.0 158.0
17 59 150.0 189.0
44 31 165.0 5.0
40 34 173.0 4.0
29 68 90.0 51.0
61 62 74.0 127.0
40 36 80.0 110.0
25 50 101.0 33.0
56 17 133.0 163.0
55 19 44.0 83.0
50 26 183.0 161.0
46 29 145.0 108.0
25 51 43.0 187.0
56 45 183.0 117.0
45 29 178.0 15.0
26 65 100.0 79.0
72 42 50.0 34.0
69 24 32.0 46.0
24 51 9.0 167.0
29 44 21.0 106.0
76 60 58.0 65.0
55 20 193.0 194.0
61 40 155.0 172.0
52 22 153.0 56.0
45 37 98.0 155.0
58 15 125.0 82.0
56 21 40.0 134.0
71 51 121.0 13.0
54 23 46.0 180.0
35 37 79.0 39.0
59 16 97.0 34.0
53 22 165.0 3.0
59 51 148.0 16.0
18 55 178.0 73.0
48 27 82.0 170.0
37 40 38.0 4.0
66 9 83.0 36.0
71 25 197.0 114.0
33 42 110.0 47.0
10 65 180.0 28.0
70 6 177.0 128.0
41 35 147.0 107.0
60 53 18.0 29.0
41 33 84.0 8.0
8 67 183.0 120.0
34 51 16.0 133.0
52 65 31.0 79.0
61 16 94.0 11.0
68 5 45.0 23.0
63 13 110.0 192.0
58 17 183.0 80.0
71 4 33.0 67.0
66 10 110.0 16.0
57 32 109.0 79.0
18 59 15.0 140.0
74 34 168.0 110.0
16 60 39.0 13.0
6 71 81.0 101.0
73 5 91.0 64.0
69 9 59.0 76.0
6 69 197.0 121.0
61 3 180.0 59.0
53 24 175.0 195.0
76 64 97.0 143.0
15 62 159.0 136.0
56 18 199.0 193.0
75 2 192.0 42.0
41 28 69.0 3.0
30 49 110.0 18.0
47 29 35.0 42.0
35 39 132.0 163.0
75 3 86.0 181.0
67 9 82.0 198.0
68 26 78.0 33.0
44 14 198.0 22.0
4 74 111.0 19.0
33 44 26.0 173.0
66 15 96.0 14.0
28 49 101.0 28.0
58 19 51.0 140.0
42 35 139.0 85.0
46 31 185.0 169.0
56 22 94.0 135.0
41 37 21.0 157.0
73 9 11.0 0.0
76 2 56.0 107.0
63 15 178.0 110.0
63 9 80.0 181.0
72 5 77.0 19.0
26 52 37.0 62.0
13 65 155.0 131.0
63 11 0.0 128.0
30 46 173.0 163.0
53 26 189.0 181.0
61 6 6.0 120.0
24 54 89.0 38.0
77 70 10.0 166.0
56 60 184.0 199.0
32 61 139.0 139.0
7 71 197.0 92.0
47 32 194.0 122.0
28 43 35.0 136.0
20 67 144.0 193.0
26 51 182.0 34.0
77 49 141.0 144.0
46 32 64.0 125.0
17 62 53.0 156.0
71 9 136.0 50.0
42 57 29.0 82.0
48 31 126.0 17.0
23 52 136.0 71.0
41 62 34.0 70.0
67 12 143.0 176.0
34 45 193.0 159.0
73 56 10.0 46.0
10 69 67.0 98.0
61 67 47.0 48.0
60 28 25.0 126.0
61 74 22.0 113.0
24 56 167.0 8.0
41 59 116.0 110.0
73 55 12.0 61.0
32 74 53.0 174.0
78 5 175.0 72.0
71 73 3.0 175.0
10 61 70.0 181.0
13 47 8.0 92.0
61 19 36.0 175.0
1 76 179.0 104.0
20 59 149.0 143.0
25 56 181.0 2.0
74 5 193.0 108.0
78 10 141.0 197.0
58 21 138.0 11.0
28 48 158.0 98.0
64 14 144.0 146.0
36 42 124.0 123.0
37 42 146.0 73.0
38 40 124.0 127.0
49 67 105.0 118.0
26 54 160.0 198.0
37 43 173.0 50.0
54 25 172.0 132.0
21 57 39.0 68.0
4 75 50.0 115.0
61 43 146.0 197.0
68 9 127.0 70.0
49 63 88.0 184.0
66 24 156.0 0.0
64 15 9.0 130.0
66 14 78.0 133.0
60 20 174.0 69.0
71 8 156.0 24.0
72 78 197.0 102.0
38 43 18.0 76.0
46 64 24.0 106.0
66 16 140.0 181.0
27 54 12.0 101.0
64 16 17.0 91.0
30 52 181.0 191.0
32 41 78.0 89.0
55 27 47.0 27.0
77 5 181.0 66.0
11 69 113.0 5.0
60 37 92.0 5.0
29 48 126.0 104.0
42 68 81.0 96.0
60 21 61.0 15.0
55 24 53.0 139.0
39 43 60.0 100.0
67 25 139.0 41.0
11 49 26.0 52.0
72 10 138.0 118.0
47 36 10.0 65.0
46 35 86.0 92.0
6 75 112.0 99.0
72 37 107.0 165.0
3 72 179.0 119.0
14 68 131.0 118.0
34 22 0.0 157.0
54 38 50.0 138.0
30 51 27.0 12.0
27 53 21.0 65.0
11 66 175.0 133.0
52 31 111.0 34.0
42 41 107.0 90.0
75 7 81.0 38.0
64 18 168.0 81.0
9 65 80.0 170.0
73 1 196.0 107.0
56 70 51.0 17.0
23 61 196.0 178.0
38 45 123.0 107.0
36 46 89.0 183.0
30 68 145.0 170.0
56 59 95.0 65.0
72 7 199.0 175.0
47 34 106.0 195.0
62 21 1.0 109.0
4 76 74.0 197.0
51 49 122.0 150.0
18 65 67.0 163.0
58 25 75.0 164.0
73 24 162.0 123.0
51 33 84.0 113.0
38 66 197.0 143.0
58 20 196.0 151.0
23 59 0.0 70.0
35 48 114.0 74.0
7 69 12.0 133.0
72 14 110.0 87.0
49 33 96.0 24.0
72 8 146.0 181.0
7 77 24.0 144.0
69 14 28.0 172.0
64 59 104.0 28.0
46 62 120.0 171.0
55 29 65.0 132.0
9 72 33.0 175.0
39 44 195.0 129.0
40 45 135.0 94.0
35 50 123.0 111.0
12 73 32.0 151.0
64 22 92.0 89.0
52 39 176.0 165.0
70 15 118.0 41.0
50 33 156.0 103.0
37 44 7.0 103.0
73 8 138.0 94.0
26 74 24.0 13.0
41 15 118.0 9.0
24 60 83.0 162.0
7 78 74.0 11.0
7 76 102.0 145.0
66 19 43.0 10.0
69 15 33.0 3.0
78 6 51.0 123.0
66 20 95.0 75.0
31 55 53.0 165.0
49 35 44.0 88.0
44 36 88.0 119.0
32 51 181.0 143.0
68 18 98.0 176.0
74 72 83.0 83.0
38 46 36.0 86.0
51 29 98.0 131.0
39 47 84.0 103.0
60 25 88.0 129.0
18 67 148.0 129.0
35 52 128.0 81.0
38 47 45.0 178.0
62 24 18.0 80.0
63 22 113.0 54.0
22 62 29.0 164.0
41 45 68.0 114.0
56 27 103.0 108.0
51 31 59.0 4.0
15 72 87.0 187.0
46 37 85.0 132.0
40 77 199.0 103.0
69 23 9.0 64.0
49 23 187.0 39.0
77 10 11.0 7.0
28 57 95.0 67.0
36 49 14.0 154.0
9 77 156.0 101.0
47 35 191.0 193.0
41 26 127.0 142.0
61 26 158.0 89.0
40 47 139.0 97.0
59 27 85.0 150.0
31 57 125.0 180.0
70 8 101.0 139.0
63 23 191.0 9.0
44 42 128.0 134.0
30 53 161.0 55.0
11 76 173.0 119.0
40 42 9.0 112.0
17 71 45.0 94.0
53 34 73.0 122.0
71 11 92.0 126.0
62 74 185.0 35.0
64 56 139.0 113.0
58 28 79.0 52.0
74 15 42.0 53.0
15 73 166.0 3.0
52 33 13.0 164.0
17 70 37.0 38.0
77 11 59.0 129.0
58 27 140.0 45.0
74 14 130.0 31.0
29 57 49.0 161.0
56 26 101.0 43.0
56 31 16.0 19.0
62 20 21.0 181.0
46 39 74.0 58.0
70 18 138.0 86.0
67 16 140.0 30.0
43 44 25.0 70.0
28 59 10.0 26.0
69 18 34.0 111.0
9 78 116.0 2.0
37 50 192.0 89.0
63 17 43.0 18.0
47 42 93.0 181.0
24 61 29.0 33.0
56 33 28.0 6.0
64 25 188.0 38.0
60 40 120.0 174.0
58 16 1.0 188.0
61 22 68.0 145.0
38 50 14.0 111.0
27 61 56.0 59.0
45 42 187.0 37.0
71 18 186.0 15.0
62 28 128.0 126.0
73 76 89.0 0.0
17 68 191.0 91.0
50 40 195.0 11.0
21 68 21.0 9.0
72 16 129.0 77.0
74 65 61.0 116.0
24 65 136.0 199.0
36 50 90.0 16.0
48 38 8.0 179.0
51 40 176.0 151.0
48 41 115.0 123.0
66 22 110.0 136.0
70 36 67.0 39.0
67 19 140.0 80.0
23 62 126.0 28.0
69 37 135.0 16.0
54 58 122.0 143.0
28 55 85.0 50.0
56 34 0.0 0.0
34 49 11.0 110.0
45 50 86.0 30.0
70 23 46.0 178.0
60 48 98.0 172.0
47 41 168.0 185.0
73 17 113.0 43.0
53 38 137.0 150.0
36 54 29.0 137.0
32 58 46.0 192.0
23 66 156.0 132.0
58 29 75.0 154.0
47 17 177.0 125.0
53 43 162.0 146.0
25 59 118.0 75.0
62 8 109.0 7.0
29 61 121.0 138.0
24 68 45.0 167.0
21 65 191.0 153.0
42 38 89.0 66.0
12 55 61.0 66.0
33 58 196.0 23.0
59 33 44.0 66.0
26 64 5.0 153.0
54 35 67.0 78.0
12 76 33.0 64.0
14 76 117.0 24.0
39 49 120.0 6.0
15 77 192.0 181.0
49 41 46.0 188.0
40 16 131.0 90.0
34 57 50.0 88.0
31 66 15.0 117.0
30 60 167.0 0.0
58 34 180.0 36.0
46 47 110.0 100.0
33 57 7.0 54.0
61 20 43.0 6.0
19 72 79.0 126.0
13 58 180.0 129.0
68 25 51.0 147.0
62 30 82.0 170.0
24 67 199.0 14.0
42 50 18.0 61.0
31 59 40.0 178.0
55 35 109.0 83.0
27 65 125.0 189.0
63 30 63.0 57.0
32 60 152.0 66.0
77 12 84.0 34.0
59 35 42.0 36.0
18 75 69.0 12.0
49 45 122.0 109.0
38 55 159.0 184.0
36 59 84.0 36.0
54 39 16.0 99.0
38 57 107.0 169.0
60 74 43.0 143.0
69 62 126.0 37.0
76 10 42.0 196.0
25 78 70.0 116.0
78 13 109.0 181.0
30 59 173.0 145.0
65 30 113.0 189.0
16 75 114.0 20.0
30 61 22.0 157.0
67 26 76.0 100.0
67 29 140.0 70.0
27 67 108.0 162.0
16 78 17.0 18.0
69 25 24.0 190.0
58 36 73.0 138.0
77 59 156.0 188.0
70 25 26.0 130.0
59 61 192.0 102.0
69 27 185.0 84.0
75 20 103.0 45.0
37 59 104.0 120.0
60 29 91.0 80.0
40 53 36.0 164.0
18 78 59.0 144.0
52 36 46.0 37.0
58 37 39.0 190.0
46 49 177.0 24.0
78 20 15.0 80.0
56 39 16.0 71.0
73 22 9.0 59.0
69 13 107.0 197.0
22 71 82.0 118.0
38 56 176.0 80.0
74 24 113.0 15.0
37 57 73.0 42.0
55 36 51.0 88.0
52 43 195.0 20.0
54 41 40.0 156.0
66 29 136.0 147.0
12 74 63.0 170.0
20 76 174.0 191.0
35 62 74.0 87.0
46 43 164.0 147.0
55 42 135.0 168.0
44 53 64.0 82.0
44 51 123.0 57.0
35 60 192.0 11.0
37 61 100.0 7.0
53 41 10.0 74.0
38 58 107.0 84.0
45 53 150.0 71.0
37 52 20.0 37.0
40 57 47.0 36.0
25 72 54.0 122.0
19 71 24.0 46.0
69 31 3.0 125.0
36 61 159.0 165.0
66 32 59.0 66.0
35 56 154.0 161.0
31 58 61.0 126.0
58 41 179.0 60.0
68 28 106.0 33.0
62 44 85.0 130.0
39 58 39.0 40.0
74 20 72.0 198.0
49 78 190.0 83.0
48 33 140.0 96.0
60 38 113.0 1.0
33 67 193.0 44.0
72 27 62.0 99.0
61 39 48.0 100.0
54 44 148.0 87.0
59 39 104.0 172.0
41 78 113.0 47.0
16 73 96.0 54.0
67 32 55.0 161.0
45 54 64.0 0.0
49 62 94.0 79.0
52 47 173.0 94.0
23 71 169.0 121.0
54 34 177.0 74.0
67 14 153.0 90.0
48 53 86.0 49.0
71 30 173.0 93.0
78 19 49.0 37.0
33 66 129.0 95.0
71 26 71.0 102.0
28 73 45.0 40.0
76 43 74.0 22.0
31 68 156.0 28.0
78 23 113.0 42.0
71 29 55.0 86.0
43 57 78.0 57.0
59 40 143.0 159.0
23 72 168.0 166.0
47 54 163.0 165.0
38 62 61.0 37.0
76 24 13.0 169.0
73 23 87.0 126.0
64 36 33.0 94.0
42 58 135.0 63.0
68 33 54.0 31.0
51 48 129.0 174.0
77 53 30.0 92.0
63 36 131.0 43.0
44 58 146.0 144.0
57 41 27.0 33.0
43 58 178.0 12.0
46 52 191.0 65.0
21 73 188.0 45.0
45 57 154.0 117.0
78 22 191.0 184.0
33 70 142.0 122.0
53 47 167.0 88.0
52 48 28.0 194.0
71 33 135.0 158.0
64 40 34.0 78.0
26 63 70.0 22.0
59 43 6.0 24.0
46 70 144.0 149.0
64 38 84.0 86.0
37 64 84.0 51.0
31 67 104.0 64.0
38 61 36.0 39.0
54 49 118.0 70.0
70 28 40.0 140.0
42 60 86.0 199.0
44 52 170.0 30.0
50 51 15.0 54.0
59 42 195.0 100.0
56 47 105.0 99.0
67 36 185.0 141.0
76 23 154.0 103.0
64 70 40.0 194.0
31 63 189.0 126.0
78 24 66.0 111.0
72 33 173.0 82.0
77 21 180.0 120.0
50 56 37.0 37.0
60 36 22.0 22.0
36 68 148.0 128.0
45 60 184.0 140.0
71 34 114.0 125.0
73 25 56.0 180.0
76 35 31.0 181.0
34 63 47.0 11.0
37 66 86.0 84.0
56 48 71.0 108.0
50 53 9.0 171.0
42 52 82.0 145.0
32 72 9.0 196.0
60 44 163.0 66.0
68 52 188.0 146.0
35 67 125.0 187.0
54 52 39.0 11.0
61 44 19.0 62.0
34 70 74.0 180.0
47 55 28.0 156.0
65 41 5.0 37.0
57 47 25.0 120.0
24 72 156.0 165.0
29 73 36.0 81.0
65 42 58.0 75.0
51 53 128.0 77.0
32 70 20.0 154.0
69 33 81.0 0.0
48 58 1.0 86.0
64 41 52.0 27.0
59 45 151.0 8.0
42 49 73.0 139.0
29 69 107.0 131.0
48 59 178.0 187.0
73 33 105.0 150.0
46 59 171.0 138.0
40 68 88.0 124.0
36 62 112.0 140.0
76 32 193.0 63.0
47 49 132.0 66.0
62 45 177.0 191.0
47 59 81.0 107.0
24 70 75.0 138.0
2 5 50.0 198.0
64 42 141.0 139.0
33 75 122.0 5.0
44 63 26.0 115.0
68 41 49.0 158.0
42 62 145.0 178.0
69 41 152.0 26.0
77 22 53.0 179.0
23 58 102.0 55.0
69 40 77.0 195.0
27 74 158.0 151.0
71 38 196.0 184.0
62 43 138.0 197.0
48 55 29.0 83.0
38 68 106.0 133.0
74 41 73.0 111.0
40 65 44.0 175.0
71 36 91.0 74.0
49 59 143.0 49.0
30 78 99.0 139.0
54 50 180.0 37.0
36 66 75.0 9.0
36 69 110.0 181.0
31 74 199.0 184.0
77 24 75.0 195.0
75 44 4.0 166.0
44 64 43.0 147.0
73 31 136.0 142.0
72 40 189.0 116.0
67 40 186.0 64.0
43 67 177.0 48.0
54 55 52.0 128.0
39 71 130.0 127.0
41 70 192.0 134.0
17 74 166.0 187.0
56 54 151.0 102.0
69 39 18.0 140.0
50 61 18.0 156.0
74 37 196.0 195.0
75 30 37.0 0.0
54 59 143.0 167.0
76 37 139.0 135.0
52 53 112.0 57.0
44 66 17.0 63.0
70 42 128.0 187.0
46 63 19.0 146.0
72 34 89.0 167.0
63 48 166.0 126.0
58 53 124.0 110.0
68 45 34.0 63.0
51 77 76.0 146.0
66 43 112.0 45.0
76 38 29.0 192.0
52 60 124.0 48.0
44 59 151.0 165.0
28 50 132.0 117.0
35 72 83.0 8.0
65 48 97.0 117.0
64 49 126.0 173.0
61 51 140.0 190.0
57 54 28.0 121.0
53 59 7.0 104.0
47 66 70.0 158.0
55 52 50.0 155.0
39 75 32.0 133.0
58 55 34.0 129.0
49 57 145.0 113.0
59 52 76.0 37.0
37 78 62.0 56.0
31 77 17.0 22.0
45 69 48.0 39.0
56 57 168.0 98.0
21 55 1.0 0.0
61 55 2.0 35.0
30 74 161.0 147.0
46 65 194.0 38.0
66 42 24.0 56.0
60 55 142.0 193.0
55 59 171.0 191.0
68 48 89.0 139.0
38 67 58.0 90.0
51 62 14.0 13.0
40 73 182.0 128.0
42 73 193.0 176.0
57 59 172.0 170.0
45 66 26.0 114.0
35 78 176.0 150.0
75 41 172.0 17.0
28 76 11.0 30.0
36 77 116.0 178.0
52 58 5.0 51.0
41 76 188.0 151.0
61 56 132.0 112.0
47 70 185.0 158.0
53 67 135.0 161.0
77 41 139.0 59.0
41 72 80.0 103.0
53 64 193.0 197.0
44 69 115.0 199.0
41 61 96.0 103.0
66 52 11.0 28.0
72 67 135.0 196.0
62 48 5.0 23.0
63 45 30.0 144.0
47 58 10.0 111.0
77 44 67.0 3.0
51 60 191.0 134.0
72 43 79.0 39.0
66 50 105.0 91.0
47 69 157.0 40.0
71 40 37.0 114.0
61 52 22.0 19.0
65 55 186.0 184.0
51 69 154.0 6.0
49 70 199.0 98.0
38 59 88.0 78.0
71 50 115.0 193.0
72 45 158.0 24.0
62 58 99.0 147.0
60 57 102.0 74.0
60 65 143.0 41.0
58 59 93.0 50.0
47 76 70.0 92.0
61 60 194.0 158.0
68 46 5.0 109.0
44 72 43.0 163.0
69 52 68.0 143.0
64 58 29.0 122.0
55 66 26.0 125.0
65 51 54.0 119.0
67 21 112.0 124.0
55 64 33.0 59.0
64 60 180.0 38.0
73 41 125.0 24.0
73 46 196.0 145.0
53 69 115.0 177.0
50 68 50.0 93.0
53 65 56.0 56.0
70 43 117.0 121.0
48 72 57.0 150.0
51 68 154.0 37.0
49 58 14.0 80.0
67 58 20.0 10.0
63 53 85.0 88.0
45 71 175.0 87.0
44 71 25.0 184.0
64 61 193.0 142.0
48 70 185.0 50.0
76 45 32.0 140.0
53 70 186.0 198.0
47 77 99.0 158.0
67 63 46.0 136.0
29 78 30.0 173.0
47 75 145.0 55.0
77 35 51.0 90.0
73 44 133.0 189.0
69 56 186.0 117.0
65 63 154.0 172.0
52 64 128.0 53.0
62 63 13.0 174.0
66 59 34.0 43.0
74 52 176.0 179.0
63 59 196.0 27.0
60 63 96.0 81.0
63 57 150.0 82.0
37 77 143.0 105.0
74 46 171.0 71.0
78 48 16.0 185.0
54 43 59.0 51.0
48 77 32.0 35.0
75 49 167.0 28.0
73 51 129.0 15.0
75 61 174.0 79.0
70 57 147.0 117.0
75 54 99.0 118.0
74 78 189.0 115.0
68 49 67.0 48.0
77 56 153.0 100.0
55 74 82.0 73.0
67 60 2.0 11.0
54 68 195.0 128.0
76 71 26.0 142.0
75 38 30.0 125.0
54 70 56.0 19.0
77 52 60.0 76.0
50 78 106.0 166.0
36 76 150.0 189.0
68 65 18.0 152.0
77 57 175.0 13.0
54 74 74.0 1.0
67 59 93.0 104.0
72 59 183.0 102.0
61 69 198.0 196.0
34 76 114.0 56.0
66 70 184.0 65.0
75 52 41.0 2.0
58 60 137.0 16.0
76 58 149.0 11.0
59 70 25.0 194.0
73 65 133.0 160.0
54 73 84.0 83.0
51 75 127.0 199.0
71 59 135.0 112.0
52 63 140.0 176.0
69 58 110.0 77.0
71 64 68.0 11.0
67 62 147.0 45.0
49 72 185.0 32.0
63 70 136.0 21.0
67 65 47.0 16.0
55 71 174.0 182.0
73 70 181.0 66.0
44 78 75.0 91.0
71 61 93.0 95.0
61 73 171.0 192.0
70 51 11.0 108.0
75 62 105.0 100.0
78 14 91.0 153.0
70 78 94.0 17.0
64 72 6.0 75.0
77 65 115.0 81.0
78 62 139.0 8.0
60 70 118.0 62.0
45 73 123.0 129.0
71 67 155.0 28.0
75 66 45.0 46.0
66 71 67.0 140.0
65 70 77.0 74.0
51 63 12.0 192.0
77 58 8.0 103.0
73 52 184.0 126.0
66 67 190.0 59.0
72 69 39.0 145.0
74 63 194.0 84.0
20 21 58.0 61.0
73 64 134.0 87.0
76 62 183.0 99.0
74 50 39.0 191.0
75 71 9.0 175.0
78 53 67.0 199.0
78 54 150.0 106.0
78 52 152.0 96.0
75 77 119.0 162.0
76 53 144.0 54.0
1 4 15.0 127.0
75 63 180.0 6.0
72 76 19.0 189.0
75 31 97.0 38.0
60 49 31.0 199.0
62 71 63.0 183.0
33 6 155.0 183.0
72 53 180.0 100.0
70 72 1.0 147.0
68 61 191.0 181.0
76 77 159.0 162.0
64 78 102.0 56.0
75 78 42.0 133.0
69 68 61.0 105.0
71 54 114.0 17.0
66 73 123.0 46.0
62 59 99.0 77.0
58 63 187.0 90.0
68 71 197.0 146.0
77 54 160.0 51.0
62 68 17.0 2.0
78 67 171.0 78.0
33 77 81.0 37.0
54 60 13.0 157.0
57 62 128.0 64.0
55 46 82.0 115.0
60 71 21.0 79.0
76 22 81.0 181.0
63 68 24.0 98.0
63 72 95.0 148.0
43 63 92.0 128.0
77 71 2.0 57.0
76 51 20.0 130.0
73 69 91.0 102.0
62 77 131.0 65.0
68 60 36.0 164.0
78 55 177.0 12.0
71 70 166.0 24.0
77 60 23.0 11.0
77 72 13.0 25.0
45 64 122.0 185.0
71 32 21.0 13.0
63 77 141.0 152.0
61 78 59.0 129.0
75 64 72.0 188.0
45 35 56.0 191.0
75 32 10.0 79.0
53 36 116.0 176.0
68 77 21.0 38.0
45 77 78.0 42.0
76 48 159.0 19.0
57 74 96.0 170.0
0
