73 2628 68 71 34052
60 70 45.0 48.0
12 3 89.0 142.0
14 5 190.0 76.0
38 48 45.0 24.0
73 35 150.0 128.0
19 67 65.0 144.0
46 72 86.0 34.0
39 66 94.0 140.0
47 39 44.0 91.0
65 21 29.0 133.0
20 51 68.0 172.0
25 50 97.0 113.0
68 65 54.0 0.0
58 2 195.0 119.0
1 42 40.0 33.0
18 67 96.0 134.0
16 72 181.0 140.0
3 54 91.0 11.0
31 51 153.0 111.0
11 65 155.0 2.0
56 3 128.0 9.0
5 44 19.0 124.0
69 23 147.0 59.0
1 27 148.0 196.0
10 4 183.0 130.0
31 45 100.0 26.0
22 7 111.0 5.0
56 26 132.0 18.0
28 4 61.0 61.0
47 26 151.0 32.0
48 72 81.0 99.0
25 26 162.0 182.0
59 38 97.0 97.0
66 3 89.0 198.0
3 13 127.0 0.0
48 32 126.0 12.0
35 42 162.0 187.0
67 47 160.0 113.0
45 40 54.0 194.0
49 15 195.0 16.0
36 54 53.0 44.0
40 62 3.0 142.0
12 37 113.0 82.0
68 60 165.0 39.0
28 15 33.0 127.0
61 7 15.0 146.0
30 70 121.0 21.0
68 6 164.0 68.0
43 41 92.0 169.0
14 65 57.0 47.0
12 16 173.0 170.0
60 64 95.0 138.0
5 64 92.0 81.0
54 16 72.0 59.0
69 58 91.0 145.0
63 6 123.0 7.0
47 27 137.0 15.0
2 50 196.0 194.0
50 13 120.0 169.0
3 60 19.0 167.0
34 19 144.0 63.0
18 45 50.0 169.0
29 63 127.0 141.0
69 29 110.0 51.0
55 42 163.0 47.0
3 31 177.0 111.0
43 37 188.0 97.0
8 14 73.0 159.0
17 18 148.0 18.0
46 14 156.0 199.0
3 73 85.0 83.0
13 20 165.0 147.0
46 43 186.0 81.0
73 12 1.0 163.0
33 48 21.0 189.0
9 4 149.0 94.0
35 29 173.0 98.0
42 52 9.0 81.0
35 52 30.0 46.0
56 42 156.0 148.0
11 58 32.0 94.0
53 36 150.0 185.0
7 8 1.0 171.0
36 42 150.0 103.0
54 15 38.0 75.0
66 22 191.0 199.0
6 9 27.0 174.0
53 66 36.0 135.0
8 4 76.0 20.0
38 5 11.0 179.0
7 43 157.0 165.0
11 46 155.0 107.0
60 36 23.0 145.0
57 16 19.0 166.0
27 14 37.0 198.0
6 72 117.0 25.0
17 38 58.0 194.0
26 28 133.0 69.0
70 32 148.0 90.0
4 48 179.0 103.0
67 53 31.0 154.0
68 71 141.0 50.0
68 7 28.0 178.0
62 48 2.0 145.0
69 26 154.0 60.0
53 7 44.0 39.0
39 4 26.0 192.0
35 39 20.0 6.0
2 24 95.0 51.0
21 47 199.0 36.0
38 68 140.0 27.0
42 47 27.0 142.0
73 10 32.0 181.0
17 5 56.0 76.0
15 4 39.0 82.0
17 63 18.0 59.0
14 26 138.0 65.0
56 54 122.0 137.0
32 57 47.0 63.0
31 12 9.0 74.0
22 31 100.0 41.0
19 4 36.0 108.0
55 18 14.0 75.0
8 71 88.0 184.0
23 54 170.0 26.0
18 23 181.0 92.0
63 22 25.0 28.0
34 21 177.0 34.0
35 9 44.0 29.0
12 30 92.0 80.0
47 7 14.0 106.0
4 16 95.0 102.0
53 48 149.0 65.0
70 8 181.0 130.0
30 28 82.0 159.0
32 6 28.0 11.0
2 17 175.0 72.0
11 17 8.0 68.0
23 1 5.0 23.0
73 47 110.0 52.0
21 20 107.0 11.0
11 44 43.0 41.0
72 17 121.0 125.0
22 8 23.0 150.0
62 35 57.0 198.0
52 38 42.0 66.0
23 61 162.0 199.0
18 15 29.0 25.0
18 16 147.0 88.0
44 66 38.0 190.0
9 33 131.0 159.0
40 29 133.0 106.0
64 13 67.0 190.0
51 66 20.0 109.0
37 62 72.0 134.0
3 62 185.0 53.0
62 26 182.0 132.0
3 68 56.0 20.0
27 63 99.0 187.0
19 26 181.0 32.0
39 16 177.0 48.0
66 11 136.0 149.0
72 44 35.0 160.0
17 54 95.0 20.0
64 6 82.0 29.0
57 28 73.0 138.0
17 69 77.0 172.0
5 50 73.0 58.0
49 28 17.0 50.0
23 65 90.0 106.0
36 31 134.0 125.0
12 36 43.0 181.0
25 43 84.0 77.0
70 37 95.0 157.0
16 63 17.0 173.0
23 26 23.0 90.0
38 41 58.0 193.0
32 44 183.0 148.0
1 38 5.0 117.0
73 52 29.0 48.0
21 31 23.0 113.0
68 19 138.0 119.0
65 13 44.0 155.0
22 13 165.0 19.0
53 58 87.0 175.0
28 20 133.0 23.0
41 58 177.0 138.0
37 5 3.0 6.0
35 48 61.0 27.0
66 23 196.0 152.0
19 61 17.0 192.0
57 33 100.0 135.0
3 9 40.0 188.0
41 44 88.0 125.0
12 48 46.0 66.0
52 47 123.0 50.0
22 25 85.0 136.0
47 57 21.0 34.0
2 11 5.0 190.0
51 8 167.0 106.0
6 7 174.0 7.0
4 13 64.0 15.0
21 4 54.0 111.0
50 67 1.0 129.0
8 2 21.0 39.0
72 34 54.0 194.0
52 5 194.0 11.0
13 37 50.0 161.0
66 14 76.0 24.0
44 67 151.0 141.0
70 6 34.0 157.0
72 36 11.0 187.0
51 7 162.0 184.0
24 37 7.0 168.0
25 7 176.0 1.0
44 39 116.0 26.0
36 52 86.0 145.0
45 32 171.0 37.0
37 52 111.0 5.0
71 67 41.0 74.0
58 16 126.0 3.0
36 65 54.0 133.0
72 9 104.0 31.0
47 37 82.0 172.0
15 65 159.0 168.0
23 3 149.0 130.0
38 35 90.0 12.0
12 46 154.0 132.0
61 16 36.0 81.0
2 7 66.0 43.0
31 58 53.0 170.0
21 43 48.0 136.0
8 3 119.0 159.0
21 42 119.0 69.0
3 39 111.0 10.0
69 13 16.0 66.0
28 6 192.0 5.0
27 56 118.0 58.0
40 22 109.0 172.0
49 9 87.0 109.0
27 68 83.0 158.0
20 69 189.0 2.0
7 4 181.0 53.0
4 11 192.0 197.0
43 42 35.0 136.0
24 69 28.0 106.0
1 65 154.0 90.0
57 23 158.0 193.0
2 28 81.0 193.0
6 4 192.0 23.0
43 30 123.0 125.0
67 2 117.0 67.0
43 55 184.0 104.0
34 35 134.0 12.0
26 41 186.0 88.0
48 20 26.0 97.0
31 11 21.0 59.0
35 47 103.0 166.0
60 51 9.0 26.0
52 40 148.0 78.0
5 71 7.0 132.0
32 63 42.0 141.0
15 66 5.0 28.0
6 11 105.0 183.0
31 25 6.0 127.0
72 3 91.0 109.0
37 66 103.0 53.0
32 4 37.0 51.0
1 60 68.0 44.0
49 58 182.0 110.0
34 2 86.0 139.0
6 23 136.0 191.0
2 12 50.0 142.0
14 32 100.0 141.0
24 19 24.0 155.0
1 15 0.0 61.0
24 45 76.0 68.0
13 7 160.0 11.0
66 64 189.0 46.0
14 41 198.0 125.0
52 11 176.0 48.0
42 71 11.0 28.0
17 60 70.0 187.0
24 59 138.0 70.0
14 36 147.0 166.0
42 58 90.0 59.0
15 3 113.0 31.0
8 31 108.0 111.0
2 16 95.0 36.0
55 29 92.0 106.0
72 42 92.0 114.0
11 1 198.0 182.0
36 8 49.0 97.0
49 72 14.0 140.0
55 20 63.0 127.0
51 21 104.0 123.0
5 9 106.0 151.0
5 39 176.0 198.0
9 8 149.0 68.0
13 45 30.0 99.0
52 10 134.0 79.0
8 24 25.0 149.0
14 4 175.0 40.0
60 48 120.0 31.0
8 18 52.0 26.0
40 43 96.0 28.0
39 65 92.0 197.0
6 13 3.0 122.0
6 1 55.0 138.0
35 11 20.0 80.0
49 54 86.0 195.0
29 47 111.0 159.0
64 27 1.0 163.0
69 72 156.0 49.0
48 28 91.0 0.0
19 60 92.0 95.0
71 57 153.0 99.0
51 16 43.0 173.0
69 44 136.0 82.0
7 5 106.0 48.0
64 43 197.0 59.0
42 33 43.0 105.0
60 56 105.0 86.0
2 14 112.0 149.0
24 28 46.0 17.0
43 57 129.0 42.0
11 39 160.0 17.0
60 57 151.0 19.0
11 63 184.0 148.0
12 7 149.0 179.0
31 27 44.0 54.0
68 31 69.0 109.0
59 68 80.0 116.0
9 10 131.0 161.0
3 64 55.0 44.0
3 14 177.0 6.0
15 10 32.0 161.0
58 37 73.0 182.0
48 52 157.0 69.0
10 27 44.0 178.0
22 70 126.0 76.0
34 40 190.0 57.0
30 53 69.0 45.0
62 71 10.0 47.0
7 14 120.0 42.0
51 5 11.0 145.0
57 26 109.0 168.0
53 60 2.0 105.0
19 1 101.0 80.0
72 21 44.0 44.0
58 28 107.0 114.0
1 13 156.0 117.0
39 25 174.0 28.0
4 12 157.0 185.0
3 41 37.0 66.0
12 56 101.0 191.0
73 15 28.0 2.0
19 47 103.0 73.0
59 49 85.0 11.0
1 49 173.0 42.0
57 13 185.0 100.0
47 71 88.0 142.0
39 62 99.0 77.0
28 45 189.0 152.0
43 22 155.0 170.0
69 43 145.0 59.0
18 48 186.0 30.0
23 55 47.0 159.0
52 14 43.0 184.0
12 35 144.0 83.0
7 3 124.0 195.0
50 21 175.0 65.0
42 37 158.0 130.0
63 21 116.0 103.0
68 16 66.0 54.0
70 73 157.0 113.0
13 67 26.0 0.0
12 39 15.0 170.0
44 50 127.0 139.0
54 8 118.0 102.0
29 12 126.0 28.0
32 12 138.0 195.0
27 73 80.0 4.0
6 12 145.0 38.0
53 37 45.0 123.0
10 12 21.0 60.0
20 29 28.0 101.0
37 55 52.0 146.0
66 17 67.0 130.0
28 1 28.0 157.0
1 71 142.0 109.0
73 26 52.0 87.0
46 54 115.0 97.0
24 60 20.0 89.0
15 6 121.0 48.0
15 2 38.0 125.0
2 3 83.0 105.0
10 2 108.0 64.0
28 22 109.0 3.0
31 61 161.0 113.0
25 55 14.0 29.0
41 64 134.0 35.0
69 53 5.0 55.0
38 11 159.0 43.0
4 17 170.0 194.0
60 12 41.0 31.0
33 69 7.0 102.0
56 69 34.0 121.0
2 18 98.0 48.0
42 8 128.0 32.0
45 26 157.0 133.0
36 45 10.0 68.0
11 5 96.0 132.0
61 56 160.0 137.0
35 66 178.0 168.0
45 68 137.0 12.0
46 15 11.0 36.0
7 32 119.0 91.0
57 44 33.0 28.0
15 25 87.0 43.0
73 32 135.0 183.0
71 12 145.0 96.0
4 25 24.0 123.0
18 3 0.0 113.0
65 45 147.0 163.0
61 30 182.0 66.0
18 4 88.0 16.0
34 64 5.0 175.0
6 41 135.0 92.0
13 8 47.0 80.0
59 21 165.0 23.0
71 36 93.0 117.0
65 31 160.0 41.0
60 43 69.0 94.0
69 52 48.0 157.0
27 23 117.0 53.0
63 18 24.0 52.0
52 22 195.0 71.0
26 46 185.0 160.0
9 12 21.0 79.0
13 9 101.0 133.0
8 40 85.0 122.0
3 65 116.0 86.0
14 29 157.0 33.0
30 31 124.0 133.0
52 59 66.0 71.0
31 6 138.0 51.0
17 22 28.0 111.0
60 40 134.0 129.0
64 21 114.0 171.0
1 14 149.0 182.0
66 16 138.0 58.0
46 5 128.0 14.0
14 6 152.0 194.0
17 7 34.0 90.0
13 49 82.0 62.0
72 40 22.0 168.0
2 21 28.0 88.0
35 26 2.0 177.0
42 41 91.0 141.0
30 14 127.0 19.0
9 2 62.0 31.0
66 50 139.0 96.0
9 27 26.0 173.0
1 16 49.0 1.0
3 17 87.0 77.0
10 1 198.0 90.0
41 32 21.0 41.0
15 7 83.0 101.0
40 6 37.0 145.0
55 13 138.0 128.0
23 64 7.0 165.0
52 17 182.0 56.0
17 30 71.0 69.0
30 73 87.0 21.0
31 70 185.0 61.0
9 11 102.0 20.0
23 52 157.0 140.0
64 36 169.0 95.0
1 8 70.0 176.0
15 55 42.0 52.0
68 67 116.0 113.0
66 6 32.0 3.0
59 22 178.0 169.0
39 57 129.0 80.0
35 36 171.0 86.0
72 27 67.0 140.0
1 21 180.0 90.0
38 61 77.0 22.0
10 14 106.0 145.0
11 10 29.0 90.0
17 8 199.0 7.0
39 52 108.0 128.0
15 34 157.0 31.0
61 71 198.0 176.0
54 40 47.0 178.0
12 34 33.0 76.0
73 55 120.0 91.0
64 11 142.0 149.0
66 48 193.0 142.0
10 3 111.0 53.0
37 65 137.0 68.0
62 49 49.0 87.0
72 55 128.0 96.0
15 59 163.0 162.0
24 48 19.0 83.0
15 8 131.0 161.0
71 54 40.0 76.0
41 33 163.0 151.0
25 3 126.0 52.0
35 14 136.0 128.0
68 8 31.0 17.0
51 69 46.0 146.0
43 32 123.0 17.0
71 19 59.0 55.0
56 48 112.0 51.0
8 58 131.0 75.0
44 4 199.0 9.0
14 9 31.0 88.0
58 48 15.0 62.0
43 52 172.0 61.0
10 59 109.0 96.0
61 63 196.0 120.0
21 30 199.0 109.0
14 43 4.0 82.0
31 55 186.0 155.0
16 9 47.0 17.0
1 17 184.0 62.0
50 36 134.0 109.0
5 54 165.0 43.0
27 4 46.0 161.0
17 51 164.0 198.0
5 12 23.0 168.0
66 28 10.0 161.0
22 34 67.0 57.0
31 71 154.0 4.0
17 45 151.0 89.0
1 7 130.0 68.0
71 13 134.0 176.0
64 50 59.0 98.0
62 10 35.0 82.0
38 4 13.0 197.0
21 26 137.0 32.0
7 70 75.0 91.0
25 34 123.0 178.0
13 2 113.0 5.0
18 43 127.0 199.0
1 18 19.0 186.0
24 1 114.0 7.0
11 12 38.0 79.0
41 48 138.0 127.0
44 10 106.0 165.0
10 13 16.0 181.0
14 11 17.0 81.0
16 11 133.0 144.0
44 15 151.0 105.0
4 22 15.0 18.0
5 3 80.0 6.0
7 16 166.0 170.0
13 46 56.0 24.0
3 53 21.0 72.0
26 66 169.0 38.0
3 63 70.0 55.0
4 67 169.0 173.0
3 22 44.0 136.0
9 15 154.0 76.0
45 11 132.0 120.0
56 49 118.0 188.0
29 27 150.0 139.0
19 41 58.0 72.0
31 64 81.0 128.0
20 6 167.0 2.0
5 6 86.0 11.0
39 13 61.0 40.0
8 12 126.0 146.0
18 73 15.0 44.0
10 21 18.0 166.0
11 13 81.0 76.0
63 49 108.0 115.0
3 45 55.0 75.0
43 20 42.0 93.0
16 3 117.0 55.0
45 52 160.0 43.0
11 8 187.0 175.0
28 70 41.0 158.0
5 23 152.0 75.0
48 45 105.0 12.0
73 23 20.0 160.0
43 68 156.0 14.0
70 20 89.0 74.0
56 57 15.0 1.0
22 5 133.0 154.0
20 4 57.0 127.0
10 16 146.0 10.0
54 41 107.0 51.0
20 5 140.0 79.0
7 24 58.0 96.0
23 2 194.0 99.0
16 26 149.0 9.0
68 40 155.0 83.0
37 1 79.0 12.0
6 17 60.0 177.0
16 5 163.0 167.0
24 32 111.0 103.0
55 51 63.0 121.0
10 28 66.0 57.0
37 28 6.0 15.0
16 8 162.0 161.0
71 56 24.0 193.0
12 13 1.0 36.0
7 18 93.0 164.0
37 7 199.0 156.0
58 44 197.0 15.0
55 28 28.0 63.0
56 24 73.0 34.0
22 39 141.0 35.0
5 29 174.0 118.0
67 62 100.0 176.0
51 40 17.0 193.0
31 29 83.0 169.0
5 21 181.0 32.0
53 34 147.0 161.0
41 15 158.0 172.0
37 35 65.0 52.0
47 1 137.0 40.0
46 73 139.0 37.0
23 9 20.0 108.0
21 36 14.0 55.0
6 19 22.0 147.0
43 48 12.0 121.0
62 31 47.0 122.0
49 47 193.0 64.0
31 7 173.0 130.0
63 55 133.0 64.0
47 31 138.0 105.0
51 11 15.0 152.0
36 63 87.0 189.0
37 25 62.0 51.0
7 19 10.0 109.0
13 68 196.0 155.0
1 50 7.0 169.0
15 40 12.0 92.0
55 35 160.0 102.0
45 20 63.0 127.0
9 51 112.0 150.0
8 5 137.0 175.0
59 55 26.0 147.0
49 41 97.0 23.0
1 22 51.0 104.0
46 10 88.0 15.0
28 9 56.0 48.0
28 21 78.0 71.0
15 12 24.0 142.0
48 54 52.0 161.0
36 11 20.0 79.0
35 64 57.0 69.0
1 20 128.0 60.0
28 59 67.0 16.0
9 19 118.0 75.0
56 13 188.0 148.0
40 42 93.0 13.0
7 66 170.0 97.0
22 2 103.0 190.0
43 16 133.0 160.0
50 55 107.0 61.0
25 16 145.0 126.0
50 9 94.0 15.0
21 73 66.0 83.0
26 40 118.0 111.0
16 22 162.0 88.0
2 60 119.0 65.0
2 62 180.0 4.0
8 20 102.0 39.0
10 20 198.0 48.0
2 43 65.0 93.0
27 26 185.0 131.0
49 73 54.0 55.0
5 34 139.0 16.0
20 57 120.0 11.0
25 2 114.0 100.0
23 4 185.0 169.0
41 12 174.0 184.0
38 25 11.0 39.0
34 63 37.0 196.0
46 19 118.0 91.0
1 25 176.0 10.0
19 12 58.0 96.0
1 9 174.0 124.0
59 41 47.0 159.0
36 56 95.0 173.0
7 33 185.0 106.0
5 13 154.0 174.0
35 56 109.0 24.0
72 50 124.0 85.0
33 40 196.0 134.0
35 1 72.0 122.0
7 21 166.0 71.0
29 15 5.0 13.0
47 20 46.0 191.0
36 58 137.0 0.0
40 39 13.0 46.0
11 18 18.0 89.0
53 52 97.0 166.0
11 15 138.0 169.0
4 26 51.0 56.0
68 5 44.0 56.0
26 2 21.0 42.0
39 15 52.0 110.0
38 42 182.0 66.0
71 70 57.0 0.0
33 36 165.0 106.0
9 17 81.0 103.0
54 73 57.0 84.0
61 5 27.0 53.0
1 3 9.0 0.0
6 10 13.0 62.0
53 22 12.0 195.0
2 53 118.0 21.0
9 7 26.0 83.0
11 69 176.0 108.0
69 2 135.0 185.0
10 8 130.0 163.0
9 39 81.0 139.0
50 40 150.0 95.0
3 26 21.0 115.0
10 57 105.0 139.0
51 36 124.0 84.0
31 18 115.0 53.0
3 42 174.0 51.0
48 68 68.0 104.0
33 68 60.0 150.0
35 63 134.0 10.0
5 15 126.0 107.0
6 25 182.0 183.0
21 13 39.0 107.0
14 20 100.0 155.0
45 5 180.0 74.0
72 32 157.0 0.0
6 2 178.0 17.0
48 46 35.0 113.0
3 28 71.0 113.0
54 53 145.0 6.0
50 63 31.0 137.0
18 13 175.0 131.0
20 9 78.0 107.0
38 10 117.0 187.0
68 56 110.0 95.0
19 3 194.0 145.0
15 37 56.0 18.0
16 17 78.0 2.0
63 56 114.0 110.0
30 69 89.0 89.0
19 58 190.0 119.0
18 12 67.0 107.0
6 73 0.0 177.0
2 59 152.0 147.0
14 12 95.0 9.0
22 15 30.0 173.0
70 19 141.0 144.0
72 66 28.0 182.0
34 66 191.0 18.0
21 8 23.0 11.0
37 21 100.0 175.0
5 10 51.0 5.0
37 73 180.0 98.0
14 71 183.0 162.0
73 11 136.0 76.0
17 10 130.0 164.0
36 38 70.0 122.0
2 55 94.0 93.0
2 5 192.0 146.0
5 4 183.0 196.0
5 27 46.0 163.0
58 29 130.0 29.0
19 11 180.0 66.0
1 30 74.0 111.0
1 62 179.0 97.0
43 13 47.0 73.0
17 65 107.0 192.0
29 3 144.0 90.0
35 21 9.0 191.0
33 52 68.0 91.0
18 10 193.0 48.0
46 38 10.0 20.0
26 52 118.0 189.0
1 29 23.0 118.0
70 51 13.0 82.0
25 24 140.0 157.0
3 24 61.0 149.0
58 1 151.0 129.0
18 5 194.0 96.0
56 73 89.0 157.0
12 17 149.0 8.0
32 18 99.0 124.0
68 28 94.0 64.0
35 53 107.0 34.0
10 19 147.0 168.0
59 43 182.0 50.0
61 6 172.0 129.0
20 7 56.0 61.0
42 45 145.0 5.0
62 24 191.0 196.0
35 41 169.0 85.0
21 71 12.0 29.0
56 58 40.0 159.0
28 43 130.0 23.0
2 30 26.0 102.0
14 42 174.0 35.0
19 15 36.0 72.0
22 9 113.0 28.0
26 51 171.0 35.0
48 1 97.0 183.0
42 34 164.0 90.0
7 11 114.0 46.0
73 59 159.0 93.0
12 1 153.0 133.0
68 25 146.0 189.0
8 6 11.0 12.0
54 66 124.0 134.0
6 27 180.0 22.0
10 7 18.0 97.0
15 16 146.0 84.0
31 1 60.0 57.0
42 5 82.0 13.0
13 17 78.0 180.0
13 19 111.0 41.0
42 31 110.0 187.0
18 6 7.0 91.0
23 33 154.0 177.0
64 39 127.0 100.0
65 6 104.0 139.0
26 1 152.0 138.0
29 70 87.0 182.0
62 45 111.0 150.0
59 16 146.0 173.0
33 67 124.0 153.0
10 58 88.0 79.0
6 22 142.0 167.0
37 60 93.0 47.0
58 67 174.0 197.0
63 58 176.0 61.0
10 22 56.0 39.0
20 2 0.0 2.0
59 4 33.0 76.0
31 2 188.0 121.0
47 60 80.0 131.0
46 63 111.0 125.0
40 20 28.0 38.0
61 67 159.0 156.0
59 25 116.0 15.0
21 11 188.0 68.0
54 4 17.0 174.0
20 31 91.0 5.0
17 34 188.0 171.0
9 24 38.0 52.0
21 12 175.0 18.0
6 51 108.0 134.0
59 44 80.0 176.0
21 23 98.0 21.0
27 22 145.0 115.0
11 20 35.0 188.0
26 7 179.0 23.0
24 11 129.0 169.0
16 6 11.0 104.0
59 48 186.0 119.0
18 68 113.0 67.0
17 71 185.0 11.0
19 14 133.0 82.0
3 6 159.0 168.0
8 25 140.0 91.0
52 1 89.0 21.0
10 69 17.0 100.0
14 15 110.0 4.0
32 2 160.0 23.0
73 38 154.0 97.0
35 13 15.0 87.0
73 72 88.0 126.0
40 21 123.0 180.0
22 72 86.0 12.0
67 9 147.0 103.0
2 56 151.0 57.0
32 1 49.0 63.0
29 62 84.0 3.0
9 18 151.0 51.0
22 42 155.0 39.0
9 26 81.0 30.0
19 16 101.0 167.0
66 58 143.0 48.0
12 22 116.0 95.0
12 23 110.0 166.0
16 20 20.0 146.0
13 16 15.0 172.0
59 11 26.0 170.0
29 2 157.0 107.0
7 27 55.0 11.0
6 21 130.0 151.0
12 24 112.0 47.0
51 59 132.0 175.0
11 25 99.0 152.0
10 70 102.0 114.0
65 47 127.0 128.0
27 8 138.0 37.0
36 39 61.0 145.0
45 22 33.0 144.0
3 40 51.0 145.0
34 1 42.0 135.0
28 5 169.0 141.0
28 8 60.0 23.0
7 28 35.0 187.0
21 14 151.0 173.0
60 30 188.0 164.0
25 9 109.0 21.0
56 40 159.0 112.0
22 26 89.0 154.0
26 6 107.0 10.0
14 22 52.0 119.0
49 67 74.0 87.0
32 3 59.0 177.0
73 39 146.0 47.0
56 18 101.0 7.0
5 31 34.0 13.0
67 5 110.0 123.0
32 29 174.0 17.0
66 65 54.0 26.0
43 73 30.0 80.0
6 30 9.0 89.0
25 5 0.0 155.0
20 3 104.0 102.0
35 2 106.0 138.0
41 20 104.0 17.0
48 29 168.0 30.0
21 24 70.0 174.0
27 2 153.0 100.0
58 25 14.0 163.0
20 17 196.0 14.0
17 57 172.0 100.0
20 65 73.0 79.0
68 37 103.0 178.0
65 69 109.0 23.0
27 3 92.0 179.0
27 40 20.0 198.0
65 56 107.0 34.0
72 33 17.0 103.0
17 49 4.0 141.0
5 24 151.0 78.0
39 1 103.0 6.0
53 21 186.0 12.0
29 52 136.0 30.0
18 72 100.0 156.0
54 18 125.0 160.0
4 31 60.0 94.0
6 24 118.0 64.0
22 44 76.0 70.0
28 25 71.0 131.0
29 11 38.0 9.0
3 30 15.0 127.0
4 40 113.0 68.0
42 11 169.0 190.0
49 39 15.0 29.0
1 33 128.0 85.0
29 64 90.0 4.0
73 2 42.0 161.0
69 36 24.0 33.0
41 2 134.0 191.0
25 53 21.0 199.0
47 15 35.0 190.0
37 56 146.0 2.0
57 62 53.0 26.0
37 11 179.0 143.0
23 11 55.0 21.0
23 10 141.0 31.0
43 44 162.0 27.0
8 49 25.0 135.0
63 7 147.0 60.0
62 23 114.0 46.0
69 8 97.0 119.0
8 23 78.0 76.0
58 40 51.0 85.0
29 4 22.0 193.0
61 51 125.0 136.0
33 5 120.0 150.0
3 4 151.0 68.0
19 8 127.0 66.0
21 15 146.0 176.0
63 12 24.0 24.0
36 15 110.0 76.0
47 72 69.0 84.0
33 18 145.0 146.0
17 28 147.0 65.0
14 33 37.0 98.0
20 18 42.0 117.0
35 28 158.0 188.0
24 63 152.0 135.0
8 26 157.0 14.0
11 22 129.0 178.0
18 64 20.0 74.0
30 7 186.0 167.0
64 63 33.0 175.0
51 29 140.0 75.0
57 12 36.0 51.0
58 26 110.0 140.0
65 61 85.0 67.0
61 42 28.0 14.0
16 73 0.0 48.0
47 30 62.0 138.0
34 4 72.0 95.0
20 12 48.0 165.0
14 16 21.0 84.0
45 43 103.0 131.0
14 25 135.0 140.0
50 65 174.0 115.0
64 70 32.0 174.0
23 14 21.0 95.0
24 10 89.0 94.0
33 2 106.0 138.0
43 62 181.0 127.0
16 23 81.0 36.0
31 16 12.0 168.0
64 61 134.0 186.0
58 65 186.0 166.0
29 8 156.0 8.0
29 13 125.0 46.0
36 47 44.0 183.0
19 28 13.0 25.0
50 59 186.0 47.0
58 60 23.0 198.0
48 71 154.0 109.0
62 56 74.0 140.0
21 9 149.0 182.0
26 70 171.0 74.0
43 26 179.0 15.0
53 18 146.0 144.0
60 52 194.0 132.0
5 30 162.0 170.0
15 56 67.0 116.0
20 19 197.0 93.0
14 17 15.0 146.0
21 22 76.0 139.0
31 72 56.0 7.0
18 14 152.0 2.0
60 10 54.0 147.0
26 12 140.0 168.0
40 25 104.0 159.0
14 13 106.0 53.0
26 53 39.0 73.0
24 15 107.0 68.0
30 22 66.0 115.0
30 55 75.0 18.0
64 55 30.0 81.0
3 35 31.0 170.0
21 3 83.0 87.0
8 37 69.0 189.0
73 64 16.0 60.0
13 25 194.0 75.0
56 32 135.0 60.0
13 15 170.0 10.0
35 4 183.0 0.0
2 54 132.0 166.0
43 10 194.0 16.0
30 64 36.0 63.0
38 9 96.0 4.0
59 37 112.0 42.0
68 34 188.0 47.0
48 64 186.0 110.0
21 16 148.0 169.0
73 45 46.0 80.0
54 35 85.0 40.0
13 24 26.0 74.0
19 17 38.0 122.0
39 19 189.0 150.0
52 44 10.0 177.0
31 9 62.0 196.0
7 29 143.0 10.0
61 49 98.0 189.0
11 72 97.0 135.0
5 41 71.0 123.0
44 9 54.0 109.0
30 4 39.0 44.0
38 32 18.0 1.0
23 7 19.0 80.0
1 56 25.0 162.0
36 3 127.0 123.0
28 16 26.0 176.0
36 2 12.0 97.0
32 5 117.0 66.0
32 69 28.0 108.0
12 49 49.0 198.0
33 26 78.0 68.0
26 11 157.0 103.0
10 31 124.0 36.0
6 35 8.0 150.0
28 12 67.0 20.0
51 64 128.0 136.0
13 27 33.0 156.0
6 29 115.0 82.0
32 15 58.0 193.0
16 24 171.0 167.0
30 9 63.0 95.0
5 35 137.0 71.0
19 21 106.0 4.0
40 19 32.0 34.0
61 25 145.0 66.0
37 3 35.0 13.0
8 32 136.0 45.0
65 26 81.0 59.0
22 19 40.0 96.0
32 26 53.0 177.0
11 3 95.0 159.0
33 4 67.0 127.0
37 4 185.0 164.0
67 31 97.0 172.0
72 30 95.0 185.0
39 48 100.0 128.0
33 3 8.0 140.0
20 61 109.0 61.0
50 4 30.0 4.0
9 29 52.0 49.0
1 5 27.0 189.0
34 26 183.0 124.0
39 61 111.0 78.0
3 38 9.0 164.0
62 72 129.0 169.0
59 17 178.0 38.0
20 24 71.0 161.0
52 54 58.0 75.0
2 38 176.0 37.0
25 12 109.0 159.0
51 38 32.0 172.0
16 50 133.0 193.0
18 24 119.0 62.0
49 22 50.0 50.0
29 39 123.0 73.0
5 19 6.0 134.0
72 29 144.0 182.0
19 18 11.0 53.0
41 46 32.0 43.0
36 4 59.0 117.0
17 23 198.0 178.0
58 3 77.0 0.0
25 17 173.0 153.0
34 3 139.0 179.0
15 27 199.0 83.0
45 7 42.0 11.0
53 45 180.0 26.0
28 11 49.0 39.0
58 47 107.0 48.0
34 61 197.0 136.0
62 42 0.0 170.0
41 9 43.0 91.0
34 7 125.0 42.0
68 21 81.0 167.0
66 69 159.0 61.0
1 64 117.0 8.0
38 39 76.0 24.0
11 50 35.0 73.0
19 51 34.0 35.0
8 35 112.0 77.0
36 48 69.0 189.0
68 1 89.0 150.0
20 23 95.0 48.0
35 24 190.0 12.0
46 50 26.0 66.0
17 21 54.0 61.0
37 30 33.0 41.0
62 19 180.0 97.0
32 13 20.0 1.0
49 10 48.0 61.0
38 65 188.0 143.0
6 37 88.0 179.0
64 59 99.0 115.0
45 64 25.0 154.0
11 27 104.0 11.0
27 12 8.0 36.0
14 38 189.0 28.0
31 46 66.0 189.0
21 66 174.0 54.0
23 72 190.0 63.0
58 57 72.0 90.0
47 8 187.0 50.0
17 26 8.0 91.0
39 59 116.0 168.0
11 32 116.0 58.0
18 21 93.0 182.0
4 24 75.0 68.0
25 10 157.0 66.0
46 1 71.0 181.0
65 22 47.0 59.0
23 39 166.0 7.0
24 38 52.0 82.0
33 16 66.0 120.0
24 17 72.0 160.0
30 13 17.0 99.0
8 30 124.0 126.0
62 25 177.0 147.0
16 27 135.0 24.0
37 2 43.0 101.0
48 17 36.0 48.0
10 26 168.0 103.0
32 10 18.0 40.0
6 36 106.0 35.0
22 69 83.0 182.0
15 23 111.0 12.0
42 4 101.0 199.0
33 11 85.0 96.0
26 18 169.0 121.0
55 32 40.0 137.0
46 62 186.0 58.0
33 8 31.0 44.0
33 10 178.0 66.0
54 20 148.0 42.0
23 13 193.0 49.0
30 15 138.0 78.0
2 42 59.0 107.0
38 54 71.0 99.0
28 14 100.0 10.0
34 10 64.0 84.0
64 14 141.0 194.0
17 47 1.0 89.0
37 9 179.0 194.0
26 20 29.0 69.0
33 13 56.0 88.0
32 27 3.0 127.0
9 36 154.0 55.0
56 8 25.0 170.0
22 67 175.0 118.0
7 36 87.0 177.0
69 67 84.0 18.0
34 9 124.0 114.0
49 18 43.0 180.0
45 1 142.0 198.0
27 18 141.0 49.0
38 26 139.0 118.0
41 4 42.0 115.0
70 17 44.0 129.0
36 1 115.0 128.0
30 11 105.0 39.0
33 62 91.0 148.0
27 20 180.0 33.0
69 41 98.0 73.0
51 41 142.0 190.0
17 35 126.0 184.0
35 22 68.0 170.0
9 62 102.0 184.0
26 15 90.0 7.0
35 10 130.0 181.0
17 29 8.0 110.0
8 34 7.0 58.0
20 22 57.0 101.0
44 40 6.0 135.0
61 73 20.0 75.0
23 22 96.0 122.0
34 71 133.0 138.0
29 16 93.0 15.0
36 5 191.0 101.0
26 71 90.0 150.0
65 5 65.0 99.0
44 45 145.0 24.0
21 25 95.0 165.0
29 25 0.0 143.0
28 18 159.0 86.0
15 48 191.0 52.0
32 16 143.0 134.0
23 24 25.0 34.0
33 12 177.0 42.0
16 46 163.0 74.0
26 13 83.0 58.0
31 48 152.0 36.0
7 39 189.0 64.0
67 54 154.0 181.0
13 38 87.0 98.0
19 25 88.0 64.0
20 15 193.0 17.0
14 34 146.0 157.0
61 43 66.0 182.0
10 29 53.0 171.0
34 11 115.0 43.0
8 41 125.0 22.0
21 57 195.0 164.0
14 48 29.0 35.0
2 46 12.0 23.0
13 36 180.0 110.0
25 63 117.0 47.0
44 1 2.0 122.0
41 1 156.0 70.0
57 3 89.0 34.0
43 47 24.0 84.0
6 49 66.0 53.0
43 50 22.0 30.0
39 8 156.0 2.0
18 29 95.0 25.0
45 4 176.0 50.0
33 32 158.0 85.0
15 31 80.0 47.0
10 30 0.0 56.0
10 39 33.0 18.0
34 13 146.0 55.0
37 23 78.0 54.0
36 70 134.0 173.0
45 10 44.0 111.0
41 17 11.0 2.0
49 64 40.0 43.0
61 21 146.0 41.0
20 30 99.0 179.0
51 47 153.0 197.0
42 6 158.0 31.0
3 43 62.0 45.0
27 19 179.0 106.0
3 47 75.0 191.0
39 17 53.0 115.0
31 13 47.0 151.0
58 72 132.0 146.0
45 59 15.0 37.0
52 18 31.0 126.0
20 71 60.0 45.0
26 48 87.0 192.0
7 38 180.0 114.0
42 15 55.0 185.0
15 38 162.0 102.0
36 26 38.0 94.0
5 43 43.0 53.0
17 36 31.0 26.0
17 42 85.0 92.0
16 56 189.0 124.0
8 53 92.0 121.0
10 36 166.0 100.0
19 29 164.0 80.0
30 16 51.0 2.0
47 32 112.0 94.0
68 44 145.0 143.0
6 38 169.0 31.0
28 23 146.0 110.0
22 24 174.0 39.0
45 2 35.0 92.0
13 28 0.0 199.0
70 42 59.0 51.0
57 31 51.0 123.0
18 30 116.0 197.0
20 50 133.0 85.0
39 6 89.0 80.0
35 7 171.0 63.0
7 40 159.0 6.0
19 66 129.0 160.0
2 44 118.0 188.0
41 24 32.0 170.0
16 65 88.0 100.0
41 50 138.0 21.0
38 12 166.0 28.0
10 61 38.0 89.0
10 41 78.0 198.0
16 35 114.0 8.0
72 10 87.0 185.0
34 28 190.0 71.0
20 25 125.0 30.0
53 65 146.0 15.0
61 50 29.0 64.0
22 32 38.0 20.0
71 64 110.0 116.0
52 50 153.0 176.0
27 25 37.0 40.0
24 73 94.0 27.0
41 7 145.0 171.0
44 3 165.0 91.0
71 33 69.0 147.0
11 40 167.0 107.0
30 57 17.0 77.0
33 63 29.0 122.0
43 66 36.0 66.0
65 41 15.0 82.0
15 35 115.0 160.0
22 29 175.0 32.0
63 2 174.0 45.0
9 42 187.0 141.0
41 34 85.0 4.0
4 43 144.0 66.0
14 50 173.0 132.0
7 42 185.0 188.0
43 8 14.0 100.0
2 51 16.0 189.0
53 59 114.0 142.0
28 60 75.0 102.0
27 17 184.0 160.0
50 7 131.0 80.0
46 3 42.0 104.0
55 16 49.0 27.0
27 24 1.0 15.0
18 65 180.0 18.0
47 2 186.0 94.0
40 2 155.0 61.0
38 60 96.0 91.0
26 24 65.0 28.0
17 31 165.0 59.0
4 47 26.0 166.0
19 32 34.0 27.0
42 26 80.0 14.0
41 31 58.0 66.0
49 2 16.0 166.0
1 73 7.0 65.0
70 61 118.0 24.0
47 5 162.0 83.0
56 59 41.0 188.0
20 33 120.0 27.0
5 48 179.0 152.0
62 55 64.0 38.0
69 25 57.0 33.0
8 46 147.0 16.0
17 61 24.0 17.0
1 57 198.0 187.0
26 37 37.0 39.0
49 4 165.0 109.0
21 29 67.0 144.0
53 29 35.0 132.0
37 14 8.0 92.0
29 23 110.0 155.0
10 40 176.0 86.0
38 8 80.0 174.0
53 1 48.0 69.0
4 46 196.0 165.0
11 61 128.0 63.0
9 45 39.0 115.0
14 49 31.0 47.0
71 40 121.0 93.0
63 72 104.0 97.0
1 43 158.0 136.0
53 17 171.0 159.0
13 63 182.0 167.0
34 43 135.0 110.0
36 16 147.0 174.0
67 45 6.0 130.0
10 37 5.0 127.0
33 6 113.0 61.0
27 49 35.0 24.0
49 38 97.0 159.0
48 2 46.0 80.0
15 17 144.0 181.0
6 44 106.0 43.0
40 14 159.0 65.0
60 15 9.0 116.0
21 27 168.0 75.0
43 51 90.0 156.0
72 24 93.0 187.0
58 73 159.0 91.0
40 1 82.0 55.0
34 29 163.0 141.0
65 9 77.0 74.0
14 31 71.0 86.0
6 34 56.0 192.0
46 7 198.0 98.0
59 63 64.0 44.0
19 35 171.0 175.0
56 38 195.0 6.0
50 10 56.0 111.0
19 33 7.0 133.0
60 71 105.0 79.0
48 6 49.0 114.0
35 18 42.0 0.0
67 63 108.0 58.0
52 15 195.0 31.0
39 14 97.0 191.0
45 15 41.0 153.0
56 9 120.0 49.0
9 32 46.0 177.0
11 62 178.0 96.0
67 60 106.0 172.0
49 26 127.0 166.0
40 69 81.0 123.0
9 43 172.0 130.0
44 20 7.0 165.0
44 8 34.0 79.0
25 18 101.0 81.0
45 8 156.0 31.0
56 64 173.0 15.0
15 33 50.0 52.0
17 37 167.0 83.0
66 8 113.0 139.0
9 40 25.0 121.0
31 19 69.0 12.0
23 32 62.0 171.0
30 24 103.0 170.0
43 6 144.0 76.0
51 4 146.0 146.0
24 47 1.0 65.0
24 29 100.0 115.0
36 18 84.0 77.0
36 19 54.0 153.0
20 34 108.0 116.0
49 3 37.0 163.0
3 48 191.0 133.0
34 23 80.0 89.0
24 54 113.0 33.0
58 39 172.0 13.0
43 11 133.0 56.0
19 30 170.0 187.0
67 51 165.0 31.0
23 30 165.0 154.0
13 61 58.0 156.0
12 42 132.0 90.0
27 28 112.0 45.0
2 52 168.0 37.0
50 6 41.0 101.0
60 6 94.0 11.0
20 36 189.0 11.0
44 13 127.0 106.0
37 36 76.0 137.0
37 19 166.0 161.0
52 8 30.0 30.0
22 18 126.0 151.0
39 46 120.0 167.0
38 16 92.0 166.0
25 30 66.0 81.0
73 34 101.0 145.0
53 23 120.0 178.0
58 21 67.0 38.0
13 41 18.0 50.0
40 35 153.0 96.0
64 32 50.0 25.0
12 44 23.0 143.0
50 45 18.0 41.0
5 40 175.0 119.0
18 41 33.0 95.0
39 18 190.0 100.0
37 16 194.0 160.0
20 32 109.0 99.0
12 43 18.0 159.0
68 30 190.0 193.0
59 36 99.0 8.0
31 39 192.0 75.0
63 65 174.0 177.0
44 7 162.0 164.0
47 16 84.0 108.0
31 43 158.0 193.0
52 70 152.0 128.0
32 17 190.0 94.0
26 31 129.0 89.0
18 37 168.0 73.0
20 35 47.0 142.0
37 50 165.0 9.0
66 10 20.0 49.0
52 21 159.0 130.0
14 24 10.0 63.0
72 61 89.0 152.0
5 49 100.0 170.0
25 32 149.0 20.0
37 22 184.0 148.0
48 27 108.0 149.0
26 29 54.0 81.0
40 41 148.0 13.0
33 30 155.0 158.0
2 39 152.0 45.0
6 46 166.0 4.0
47 9 114.0 67.0
4 52 161.0 50.0
40 13 102.0 69.0
29 28 48.0 156.0
72 5 136.0 197.0
40 16 137.0 92.0
42 16 26.0 41.0
26 30 124.0 144.0
52 71 161.0 190.0
51 3 102.0 74.0
10 47 144.0 156.0
34 18 112.0 192.0
43 15 88.0 1.0
30 63 171.0 25.0
12 45 94.0 197.0
23 36 38.0 170.0
24 52 34.0 152.0
55 5 147.0 88.0
52 56 121.0 43.0
12 40 93.0 185.0
69 60 178.0 181.0
33 73 69.0 149.0
42 64 146.0 116.0
6 47 199.0 137.0
57 2 105.0 185.0
22 33 190.0 4.0
59 47 177.0 63.0
54 10 164.0 22.0
54 7 170.0 94.0
6 55 197.0 192.0
6 52 188.0 143.0
38 21 98.0 187.0
11 47 189.0 3.0
13 42 66.0 179.0
69 6 194.0 43.0
6 54 29.0 110.0
67 64 88.0 152.0
8 48 44.0 85.0
51 68 102.0 32.0
53 6 87.0 0.0
48 11 44.0 76.0
27 30 75.0 110.0
31 23 195.0 22.0
44 16 192.0 177.0
45 21 136.0 33.0
21 32 181.0 133.0
71 43 17.0 83.0
51 1 184.0 104.0
10 48 108.0 29.0
16 41 44.0 135.0
36 22 168.0 39.0
21 33 179.0 112.0
45 14 122.0 67.0
37 20 19.0 55.0
71 9 7.0 188.0
23 25 167.0 191.0
8 50 19.0 75.0
35 25 61.0 63.0
4 56 114.0 29.0
9 64 17.0 93.0
62 41 7.0 91.0
3 52 183.0 178.0
24 36 13.0 190.0
29 33 140.0 180.0
9 48 170.0 159.0
39 37 41.0 31.0
5 62 197.0 155.0
52 41 144.0 166.0
42 19 178.0 151.0
39 21 195.0 161.0
4 53 12.0 8.0
27 38 190.0 104.0
38 22 68.0 112.0
58 4 117.0 62.0
61 24 61.0 66.0
65 57 35.0 157.0
9 46 152.0 165.0
38 23 144.0 99.0
55 56 17.0 108.0
47 12 146.0 160.0
58 6 20.0 14.0
53 9 75.0 137.0
36 27 168.0 136.0
49 11 135.0 155.0
13 48 50.0 39.0
61 68 83.0 194.0
19 38 196.0 52.0
44 18 48.0 94.0
33 59 157.0 68.0
61 1 87.0 32.0
49 7 5.0 7.0
25 33 122.0 93.0
63 51 88.0 124.0
14 44 172.0 123.0
24 31 192.0 169.0
45 34 177.0 192.0
5 53 14.0 134.0
55 3 35.0 53.0
38 58 7.0 193.0
66 42 162.0 81.0
28 31 97.0 50.0
49 34 47.0 22.0
52 32 42.0 191.0
61 3 83.0 172.0
5 60 119.0 49.0
40 17 17.0 107.0
71 3 139.0 24.0
52 9 164.0 53.0
40 23 137.0 14.0
16 34 179.0 185.0
5 56 137.0 174.0
28 32 13.0 172.0
27 37 134.0 133.0
17 43 191.0 151.0
18 40 134.0 130.0
52 7 48.0 50.0
43 19 68.0 185.0
39 20 135.0 0.0
7 55 67.0 25.0
48 67 28.0 81.0
25 36 47.0 162.0
48 23 2.0 38.0
6 56 179.0 88.0
41 22 47.0 179.0
50 3 159.0 68.0
47 34 42.0 95.0
41 36 66.0 62.0
42 10 40.0 46.0
31 69 19.0 39.0
29 30 69.0 173.0
9 55 111.0 0.0
44 21 106.0 159.0
65 25 88.0 18.0
4 57 41.0 83.0
34 58 6.0 59.0
44 62 101.0 199.0
57 42 189.0 72.0
59 29 123.0 10.0
40 24 9.0 35.0
22 61 192.0 116.0
54 1 20.0 32.0
20 38 136.0 13.0
6 57 52.0 94.0
7 65 196.0 105.0
7 56 104.0 137.0
45 6 184.0 28.0
1 59 6.0 194.0
58 7 86.0 150.0
36 66 147.0 58.0
30 32 62.0 83.0
33 24 128.0 67.0
2 66 107.0 76.0
27 35 76.0 163.0
46 17 129.0 13.0
51 33 71.0 87.0
63 41 65.0 157.0
33 34 173.0 164.0
35 30 37.0 188.0
26 39 103.0 166.0
38 72 81.0 10.0
3 59 26.0 110.0
57 7 180.0 107.0
8 55 151.0 51.0
42 18 107.0 16.0
24 39 119.0 32.0
45 19 11.0 156.0
10 53 159.0 115.0
28 65 181.0 40.0
5 59 73.0 160.0
28 36 155.0 5.0
31 33 149.0 106.0
42 23 98.0 8.0
13 47 89.0 17.0
58 68 145.0 101.0
44 19 21.0 56.0
48 16 49.0 154.0
13 51 176.0 74.0
51 45 148.0 84.0
65 12 57.0 97.0
64 52 127.0 155.0
49 36 64.0 17.0
5 58 1.0 161.0
2 61 83.0 174.0
18 38 169.0 84.0
71 16 177.0 97.0
44 49 77.0 125.0
61 54 93.0 86.0
50 12 132.0 20.0
51 12 166.0 196.0
41 23 1.0 120.0
12 52 97.0 85.0
27 33 19.0 18.0
1 55 69.0 196.0
31 35 173.0 146.0
59 6 82.0 18.0
15 50 94.0 14.0
18 46 144.0 13.0
7 48 152.0 145.0
57 9 3.0 1.0
70 12 32.0 22.0
41 21 185.0 53.0
32 31 45.0 111.0
12 55 114.0 79.0
14 51 5.0 8.0
4 60 80.0 149.0
40 30 86.0 184.0
46 20 133.0 41.0
67 57 46.0 117.0
71 25 30.0 183.0
62 28 59.0 27.0
47 14 0.0 173.0
29 38 112.0 5.0
17 33 13.0 193.0
10 51 182.0 51.0
53 14 177.0 67.0
19 2 93.0 175.0
59 7 181.0 75.0
31 34 85.0 40.0
46 21 66.0 86.0
30 34 157.0 178.0
47 18 103.0 123.0
23 43 72.0 37.0
63 69 126.0 2.0
60 8 98.0 19.0
10 55 198.0 79.0
50 18 62.0 35.0
1 63 87.0 80.0
16 49 67.0 196.0
29 37 139.0 122.0
61 32 65.0 164.0
52 13 55.0 191.0
69 1 136.0 153.0
31 56 110.0 86.0
12 54 93.0 125.0
14 55 64.0 132.0
1 67 55.0 83.0
38 28 94.0 146.0
27 41 131.0 159.0
1 66 124.0 138.0
54 13 27.0 12.0
30 36 85.0 89.0
42 25 118.0 130.0
24 44 92.0 134.0
39 28 142.0 99.0
54 14 42.0 188.0
11 53 137.0 125.0
28 52 171.0 13.0
44 37 87.0 150.0
59 8 46.0 124.0
42 24 82.0 117.0
22 46 115.0 175.0
55 4 99.0 9.0
50 19 133.0 142.0
71 15 155.0 22.0
51 23 142.0 79.0
43 24 39.0 29.0
27 59 28.0 37.0
30 38 85.0 110.0
39 27 131.0 152.0
4 62 88.0 30.0
52 16 17.0 21.0
20 49 27.0 172.0
61 9 194.0 169.0
41 25 54.0 185.0
44 17 169.0 34.0
17 50 87.0 6.0
7 67 102.0 170.0
12 53 87.0 191.0
63 8 69.0 104.0
48 21 38.0 96.0
64 4 65.0 185.0
53 62 24.0 71.0
55 27 75.0 193.0
62 7 41.0 114.0
63 48 133.0 144.0
57 11 115.0 172.0
60 7 59.0 185.0
18 51 40.0 50.0
32 36 19.0 57.0
66 29 55.0 43.0
42 27 142.0 82.0
47 23 2.0 135.0
2 64 23.0 135.0
13 53 18.0 91.0
9 58 47.0 77.0
44 26 64.0 40.0
48 19 24.0 83.0
16 45 117.0 31.0
22 47 8.0 59.0
23 46 47.0 162.0
4 63 145.0 22.0
44 23 147.0 115.0
5 63 155.0 147.0
56 14 90.0 19.0
16 53 15.0 66.0
59 12 2.0 132.0
2 68 176.0 162.0
32 35 69.0 23.0
33 46 35.0 166.0
6 62 52.0 182.0
9 59 2.0 7.0
58 12 105.0 44.0
31 38 168.0 120.0
8 61 75.0 122.0
45 47 39.0 51.0
40 59 88.0 61.0
31 54 134.0 123.0
43 54 39.0 139.0
43 27 7.0 41.0
52 19 111.0 112.0
23 45 61.0 31.0
32 34 137.0 136.0
63 57 151.0 177.0
66 4 36.0 39.0
56 10 30.0 123.0
29 36 111.0 69.0
33 35 190.0 118.0
41 30 0.0 53.0
70 2 4.0 61.0
53 15 180.0 142.0
44 27 101.0 84.0
67 3 182.0 90.0
42 60 162.0 165.0
28 40 187.0 73.0
39 32 101.0 177.0
49 21 142.0 101.0
15 51 58.0 146.0
47 64 105.0 39.0
68 72 76.0 6.0
9 63 188.0 59.0
24 46 88.0 150.0
45 25 11.0 28.0
46 49 93.0 112.0
28 33 8.0 35.0
42 20 97.0 67.0
33 38 190.0 2.0
71 7 179.0 66.0
66 32 23.0 120.0
52 49 112.0 63.0
37 33 13.0 123.0
59 13 189.0 58.0
14 57 35.0 198.0
57 68 106.0 132.0
67 25 56.0 48.0
41 29 57.0 187.0
45 27 142.0 80.0
67 70 176.0 6.0
48 25 188.0 141.0
4 71 71.0 130.0
20 52 177.0 106.0
5 66 172.0 36.0
56 17 22.0 180.0
32 37 192.0 79.0
44 25 157.0 86.0
40 31 195.0 85.0
62 8 91.0 184.0
28 44 127.0 114.0
49 19 195.0 104.0
39 34 186.0 119.0
38 64 176.0 8.0
58 13 93.0 120.0
47 25 7.0 50.0
49 24 176.0 3.0
37 31 195.0 19.0
15 57 103.0 122.0
67 27 14.0 50.0
22 50 96.0 0.0
44 29 134.0 24.0
49 23 47.0 28.0
4 68 106.0 55.0
55 17 183.0 82.0
39 33 106.0 130.0
61 4 189.0 161.0
27 46 102.0 155.0
8 65 48.0 150.0
60 11 116.0 134.0
64 8 127.0 164.0
69 4 15.0 33.0
42 29 82.0 150.0
7 64 2.0 140.0
65 4 116.0 143.0
70 4 44.0 170.0
43 29 123.0 92.0
62 12 22.0 40.0
14 58 38.0 149.0
39 30 12.0 5.0
40 32 169.0 46.0
10 64 74.0 124.0
63 26 151.0 142.0
11 55 173.0 195.0
10 63 184.0 49.0
61 12 158.0 7.0
2 71 28.0 148.0
35 45 196.0 192.0
28 41 97.0 118.0
63 14 15.0 123.0
67 6 28.0 166.0
60 14 164.0 153.0
24 50 169.0 101.0
29 45 144.0 80.0
46 25 115.0 124.0
66 67 195.0 112.0
65 2 82.0 44.0
61 14 133.0 97.0
56 11 165.0 161.0
25 49 32.0 81.0
52 57 65.0 2.0
54 9 115.0 161.0
15 58 148.0 30.0
23 35 61.0 143.0
2 72 196.0 95.0
55 19 94.0 82.0
50 23 89.0 59.0
60 13 132.0 121.0
51 54 69.0 149.0
64 12 124.0 184.0
59 61 55.0 72.0
58 35 34.0 68.0
30 42 168.0 182.0
32 42 69.0 62.0
32 65 122.0 158.0
54 21 88.0 54.0
61 15 16.0 110.0
47 28 118.0 140.0
62 13 171.0 173.0
48 37 193.0 5.0
19 57 17.0 161.0
18 57 64.0 86.0
61 18 13.0 186.0
73 31 183.0 54.0
73 25 166.0 199.0
53 20 24.0 37.0
55 38 38.0 195.0
46 29 113.0 31.0
28 42 95.0 130.0
71 18 71.0 111.0
44 31 41.0 36.0
20 56 191.0 24.0
38 37 73.0 158.0
66 71 173.0 97.0
26 50 65.0 11.0
33 43 39.0 130.0
58 18 113.0 87.0
21 55 147.0 136.0
54 19 139.0 189.0
24 67 77.0 131.0
28 46 57.0 150.0
51 24 97.0 30.0
60 9 191.0 115.0
70 5 181.0 183.0
37 41 192.0 94.0
37 40 21.0 140.0
59 14 74.0 112.0
44 30 36.0 103.0
44 33 176.0 45.0
53 47 49.0 26.0
39 41 113.0 192.0
69 7 197.0 94.0
73 4 74.0 189.0
44 34 78.0 95.0
46 32 57.0 152.0
18 60 39.0 93.0
66 9 67.0 16.0
1 72 44.0 68.0
19 59 73.0 157.0
68 54 42.0 22.0
64 58 68.0 68.0
60 16 56.0 146.0
38 34 77.0 113.0
30 45 121.0 117.0
22 54 119.0 188.0
35 72 166.0 115.0
70 9 162.0 39.0
5 69 124.0 156.0
53 24 71.0 144.0
22 55 14.0 79.0
73 14 0.0 91.0
36 40 151.0 73.0
50 29 76.0 22.0
63 15 93.0 42.0
3 70 140.0 55.0
72 4 74.0 16.0
19 53 80.0 145.0
69 73 144.0 94.0
50 28 72.0 97.0
16 62 143.0 175.0
68 10 55.0 172.0
67 30 151.0 100.0
21 56 48.0 91.0
67 8 60.0 122.0
40 38 71.0 92.0
26 5 166.0 168.0
30 50 22.0 190.0
44 35 76.0 117.0
72 7 104.0 83.0
9 68 8.0 55.0
36 34 164.0 9.0
24 55 179.0 176.0
69 3 100.0 3.0
66 46 131.0 19.0
28 51 183.0 153.0
27 53 41.0 59.0
30 48 120.0 98.0
35 43 171.0 81.0
51 25 115.0 87.0
65 40 77.0 47.0
68 11 92.0 129.0
17 58 169.0 175.0
42 39 37.0 104.0
59 18 16.0 30.0
57 66 90.0 89.0
54 11 190.0 13.0
56 23 137.0 106.0
25 52 152.0 166.0
26 54 32.0 44.0
50 27 106.0 153.0
67 17 4.0 143.0
9 69 184.0 21.0
46 34 88.0 74.0
68 12 196.0 79.0
16 64 7.0 133.0
57 8 197.0 159.0
54 25 144.0 181.0
55 26 179.0 3.0
38 43 69.0 183.0
15 64 127.0 53.0
37 51 98.0 15.0
10 65 11.0 94.0
67 42 73.0 170.0
5 73 180.0 22.0
44 36 66.0 76.0
33 45 185.0 197.0
31 49 2.0 54.0
72 71 156.0 129.0
18 62 11.0 6.0
60 20 127.0 174.0
70 58 17.0 0.0
56 25 165.0 197.0
62 17 20.0 183.0
72 8 187.0 157.0
28 53 3.0 189.0
27 66 162.0 159.0
19 56 63.0 125.0
36 61 108.0 190.0
29 65 172.0 125.0
71 6 96.0 89.0
22 58 60.0 68.0
73 13 167.0 47.0
36 43 11.0 171.0
67 14 132.0 173.0
32 49 75.0 195.0
57 22 96.0 183.0
12 66 199.0 20.0
58 24 138.0 95.0
71 10 139.0 198.0
51 27 82.0 106.0
49 30 151.0 93.0
47 33 64.0 83.0
46 35 169.0 92.0
71 11 97.0 17.0
43 39 126.0 96.0
41 55 183.0 16.0
73 7 105.0 122.0
58 23 104.0 139.0
50 31 74.0 55.0
19 63 22.0 91.0
49 29 89.0 143.0
47 38 2.0 138.0
46 30 199.0 129.0
70 13 47.0 183.0
27 52 29.0 152.0
37 72 49.0 133.0
4 2 31.0 75.0
33 50 55.0 5.0
39 45 64.0 96.0
57 5 11.0 66.0
22 51 8.0 162.0
73 9 157.0 55.0
25 57 193.0 139.0
70 44 80.0 42.0
15 67 99.0 63.0
70 14 138.0 154.0
20 58 79.0 2.0
46 37 162.0 42.0
61 40 61.0 171.0
48 73 57.0 170.0
53 31 190.0 51.0
34 37 51.0 23.0
14 69 152.0 150.0
64 19 125.0 90.0
32 51 0.0 157.0
24 57 80.0 163.0
59 30 163.0 93.0
44 38 51.0 20.0
20 64 59.0 193.0
53 32 184.0 110.0
62 21 162.0 88.0
31 52 33.0 88.0
62 20 87.0 34.0
45 37 9.0 167.0
8 73 99.0 124.0
39 71 50.0 150.0
50 32 141.0 110.0
71 51 167.0 77.0
52 30 159.0 130.0
14 68 119.0 193.0
29 57 19.0 6.0
60 26 163.0 180.0
19 65 63.0 62.0
54 30 121.0 66.0
59 23 173.0 62.0
57 27 38.0 93.0
60 23 2.0 197.0
12 72 64.0 121.0
66 18 49.0 35.0
17 64 191.0 12.0
63 20 25.0 6.0
60 25 53.0 146.0
29 67 101.0 26.0
65 34 109.0 139.0
12 69 191.0 63.0
56 28 0.0 7.0
64 22 20.0 50.0
17 68 35.0 11.0
19 23 81.0 13.0
69 15 42.0 86.0
45 38 76.0 95.0
70 15 31.0 137.0
16 67 106.0 22.0
22 62 153.0 106.0
59 26 140.0 173.0
56 22 164.0 127.0
34 27 99.0 198.0
72 13 76.0 94.0
69 16 86.0 104.0
37 49 3.0 117.0
64 62 180.0 109.0
54 32 50.0 85.0
54 27 151.0 190.0
45 41 3.0 67.0
23 63 62.0 55.0
69 19 51.0 90.0
41 47 18.0 89.0
35 49 78.0 21.0
20 66 75.0 10.0
54 34 126.0 78.0
42 44 3.0 77.0
27 62 101.0 159.0
27 58 64.0 115.0
60 21 53.0 67.0
66 24 188.0 72.0
33 49 117.0 67.0
42 46 26.0 145.0
21 67 30.0 152.0
14 72 86.0 34.0
30 51 39.0 187.0
68 20 122.0 55.0
61 27 13.0 127.0
1 70 99.0 1.0
46 40 125.0 169.0
26 61 175.0 151.0
33 54 84.0 157.0
58 32 161.0 170.0
46 44 47.0 153.0
35 71 72.0 121.0
67 23 115.0 37.0
66 68 101.0 15.0
36 55 61.0 178.0
30 58 139.0 188.0
40 47 20.0 175.0
56 33 178.0 134.0
20 59 67.0 25.0
66 13 179.0 92.0
68 47 52.0 94.0
60 27 132.0 154.0
34 55 199.0 145.0
29 61 102.0 138.0
67 20 121.0 75.0
51 39 67.0 99.0
16 70 95.0 87.0
19 72 124.0 26.0
17 73 85.0 176.0
60 22 84.0 17.0
42 48 133.0 83.0
70 21 80.0 35.0
65 24 4.0 2.0
48 40 71.0 23.0
64 26 106.0 119.0
69 21 158.0 30.0
49 40 105.0 43.0
54 29 56.0 141.0
34 51 175.0 141.0
11 70 142.0 7.0
25 66 63.0 146.0
44 48 97.0 86.0
73 19 178.0 4.0
33 58 73.0 88.0
47 44 35.0 130.0
62 30 21.0 43.0
57 34 102.0 148.0
35 51 105.0 45.0
53 38 132.0 168.0
53 39 2.0 30.0
33 55 67.0 132.0
22 68 166.0 141.0
37 54 198.0 153.0
68 23 95.0 19.0
67 26 95.0 197.0
65 30 193.0 1.0
23 70 107.0 126.0
54 28 93.0 109.0
42 51 114.0 112.0
30 56 116.0 32.0
69 18 172.0 114.0
28 63 115.0 19.0
59 34 130.0 163.0
24 68 5.0 123.0
71 49 70.0 64.0
42 50 51.0 115.0
50 39 133.0 118.0
61 28 110.0 49.0
71 23 22.0 82.0
72 70 56.0 89.0
42 49 136.0 138.0
43 49 62.0 141.0
71 22 172.0 132.0
35 61 3.0 176.0
33 60 107.0 88.0
52 34 84.0 169.0
36 57 56.0 58.0
53 41 78.0 64.0
60 35 177.0 14.0
56 34 30.0 39.0
55 40 102.0 155.0
67 28 196.0 57.0
67 11 21.0 56.0
51 44 42.0 58.0
47 48 85.0 50.0
53 42 121.0 115.0
59 31 35.0 98.0
64 24 160.0 18.0
63 54 182.0 14.0
70 24 33.0 130.0
63 31 157.0 6.0
20 72 145.0 151.0
29 56 149.0 182.0
59 35 191.0 70.0
41 71 74.0 179.0
26 68 69.0 34.0
40 57 130.0 3.0
70 25 145.0 115.0
53 70 188.0 54.0
53 44 71.0 133.0
62 34 83.0 20.0
24 71 98.0 74.0
31 60 125.0 172.0
39 60 76.0 146.0
53 40 133.0 158.0
62 15 60.0 78.0
46 52 85.0 49.0
54 45 154.0 156.0
26 72 120.0 37.0
54 39 39.0 18.0
46 36 24.0 116.0
43 56 162.0 52.0
69 28 0.0 48.0
68 29 135.0 61.0
70 27 6.0 20.0
62 32 151.0 161.0
35 57 84.0 71.0
65 33 36.0 75.0
42 59 189.0 60.0
47 50 170.0 103.0
41 57 64.0 171.0
46 51 97.0 199.0
33 66 146.0 104.0
53 50 61.0 97.0
29 71 30.0 146.0
73 22 51.0 18.0
73 29 171.0 40.0
25 64 170.0 141.0
64 33 133.0 34.0
49 45 198.0 31.0
46 45 10.0 145.0
41 60 167.0 23.0
72 25 30.0 149.0
62 38 60.0 34.0
47 46 92.0 31.0
37 61 74.0 62.0
65 27 37.0 159.0
32 67 143.0 188.0
64 37 181.0 105.0
49 51 147.0 101.0
50 35 97.0 177.0
44 54 119.0 109.0
44 56 112.0 11.0
46 55 5.0 138.0
62 36 107.0 195.0
72 28 174.0 2.0
32 68 147.0 155.0
56 41 189.0 94.0
57 37 85.0 38.0
71 32 177.0 156.0
53 43 160.0 42.0
73 20 19.0 117.0
66 30 127.0 78.0
15 72 115.0 101.0
59 65 126.0 63.0
38 57 180.0 68.0
28 73 121.0 17.0
70 33 53.0 50.0
55 39 39.0 13.0
35 65 159.0 10.0
49 68 43.0 86.0
49 48 11.0 158.0
54 42 117.0 89.0
51 50 16.0 97.0
27 71 78.0 89.0
67 36 85.0 131.0
56 72 161.0 124.0
61 41 175.0 73.0
63 40 198.0 18.0
46 58 199.0 161.0
44 71 137.0 116.0
50 49 128.0 106.0
60 32 22.0 6.0
67 38 72.0 107.0
47 55 166.0 185.0
27 69 147.0 94.0
44 55 173.0 97.0
38 63 48.0 124.0
55 49 69.0 137.0
46 53 140.0 197.0
38 66 30.0 162.0
43 58 31.0 102.0
51 53 75.0 149.0
50 48 172.0 22.0
70 57 101.0 97.0
61 46 39.0 101.0
45 71 74.0 108.0
52 51 177.0 14.0
35 68 57.0 8.0
41 72 4.0 88.0
32 59 105.0 31.0
58 45 141.0 29.0
63 39 56.0 194.0
50 54 66.0 48.0
48 55 25.0 140.0
53 49 26.0 155.0
46 59 187.0 83.0
66 31 184.0 191.0
34 70 98.0 89.0
30 71 107.0 191.0
24 34 98.0 115.0
37 69 176.0 164.0
34 69 38.0 154.0
57 45 199.0 64.0
60 34 105.0 138.0
49 57 40.0 89.0
47 61 38.0 138.0
45 56 198.0 145.0
60 29 156.0 96.0
38 69 0.0 133.0
51 56 184.0 190.0
47 56 124.0 136.0
15 68 34.0 29.0
63 42 13.0 74.0
64 44 2.0 51.0
72 51 17.0 1.0
55 53 41.0 174.0
63 45 35.0 41.0
58 50 94.0 19.0
61 44 48.0 18.0
60 46 138.0 82.0
57 48 72.0 104.0
65 44 24.0 74.0
61 45 169.0 41.0
39 68 91.0 10.0
49 60 172.0 126.0
43 65 175.0 18.0
67 41 35.0 23.0
37 71 106.0 125.0
66 41 143.0 178.0
34 50 193.0 167.0
57 50 109.0 114.0
33 61 107.0 0.0
70 40 65.0 79.0
69 35 29.0 192.0
48 61 74.0 64.0
42 65 143.0 133.0
37 67 60.0 87.0
38 71 149.0 5.0
43 63 96.0 58.0
51 58 74.0 3.0
63 47 113.0 139.0
70 39 123.0 142.0
68 46 77.0 149.0
53 56 23.0 20.0
52 55 62.0 83.0
40 66 129.0 163.0
42 68 154.0 177.0
54 57 122.0 180.0
65 48 99.0 36.0
55 45 102.0 174.0
57 51 37.0 179.0
39 67 152.0 60.0
64 46 125.0 167.0
44 63 94.0 6.0
36 73 137.0 48.0
53 61 179.0 12.0
70 41 101.0 31.0
52 58 115.0 155.0
60 50 88.0 152.0
70 35 49.0 40.0
46 57 42.0 174.0
70 62 194.0 136.0
67 46 81.0 84.0
70 18 167.0 60.0
39 69 74.0 21.0
67 40 130.0 190.0
41 73 5.0 18.0
62 50 118.0 6.0
62 52 60.0 113.0
53 57 181.0 55.0
43 72 6.0 62.0
61 55 83.0 126.0
68 50 119.0 157.0
45 69 90.0 1.0
53 63 53.0 47.0
56 50 1.0 123.0
58 54 2.0 62.0
52 61 80.0 183.0
39 72 147.0 38.0
51 48 141.0 182.0
47 66 139.0 12.0
67 34 185.0 29.0
66 49 17.0 190.0
73 44 172.0 18.0
69 46 92.0 174.0
69 47 157.0 172.0
54 60 177.0 56.0
70 46 38.0 71.0
55 57 73.0 177.0
42 73 35.0 10.0
55 54 22.0 52.0
55 66 167.0 194.0
55 58 101.0 59.0
60 55 135.0 10.0
63 66 169.0 65.0
61 57 139.0 7.0
69 49 173.0 12.0
65 52 132.0 8.0
73 50 192.0 106.0
59 58 35.0 159.0
36 68 155.0 88.0
67 43 196.0 42.0
53 68 175.0 117.0
65 54 71.0 115.0
66 56 6.0 196.0
57 64 28.0 90.0
65 46 101.0 20.0
59 54 127.0 89.0
67 52 57.0 82.0
70 49 98.0 6.0
67 35 83.0 74.0
73 51 62.0 154.0
45 72 74.0 68.0
46 56 76.0 103.0
66 52 60.0 130.0
59 66 62.0 139.0
69 50 81.0 120.0
61 58 34.0 179.0
54 70 154.0 117.0
45 70 119.0 16.0
54 62 33.0 145.0
63 62 6.0 110.0
54 64 35.0 67.0
38 50 111.0 98.0
70 47 182.0 192.0
69 55 1.0 168.0
72 52 28.0 107.0
60 63 188.0 99.0
62 61 108.0 21.0
53 71 25.0 67.0
52 68 86.0 60.0
65 60 176.0 198.0
55 71 80.0 158.0
68 41 148.0 34.0
70 48 177.0 128.0
50 70 130.0 165.0
65 55 172.0 191.0
72 53 98.0 197.0
66 60 140.0 136.0
64 65 153.0 117.0
70 43 95.0 185.0
67 10 22.0 195.0
64 40 82.0 199.0
57 72 78.0 13.0
65 62 30.0 50.0
70 38 110.0 80.0
62 59 130.0 2.0
71 28 132.0 83.0
66 62 5.0 180.0
61 66 105.0 179.0
50 71 153.0 188.0
71 59 151.0 31.0
51 65 123.0 182.0
69 48 44.0 185.0
59 69 135.0 174.0
44 60 158.0 67.0
73 53 23.0 115.0
59 70 178.0 129.0
55 67 120.0 131.0
73 62 179.0 71.0
60 62 135.0 54.0
71 58 51.0 179.0
64 72 37.0 138.0
56 70 98.0 147.0
65 67 84.0 122.0
53 33 85.0 62.0
59 60 190.0 5.0
66 70 162.0 121.0
64 68 6.0 49.0
63 68 192.0 9.0
57 73 1.0 182.0
51 62 63.0 51.0
67 59 4.0 148.0
72 60 48.0 89.0
61 69 73.0 190.0
56 67 61.0 187.0
45 66 52.0 19.0
65 70 150.0 197.0
47 54 82.0 103.0
58 62 156.0 98.0
69 64 112.0 161.0
67 72 21.0 161.0
68 69 76.0 46.0
62 47 5.0 137.0
72 54 87.0 10.0
39 56 113.0 37.0
40 73 198.0 147.0
11 41 182.0 155.0
70 63 108.0 95.0
69 71 71.0 81.0
73 68 30.0 147.0
48 22 184.0 36.0
64 53 81.0 71.0
73 65 143.0 146.0
61 60 102.0 141.0
67 73 190.0 85.0
66 73 187.0 50.0
69 57 3.0 58.0
54 69 124.0 186.0
52 63 139.0 108.0
45 60 177.0 172.0
28 64 143.0 120.0
69 42 158.0 46.0
59 57 26.0 101.0
4 1 107.0 13.0
65 71 46.0 62.0
55 68 176.0 170.0
71 73 194.0 115.0
69 62 50.0 123.0
49 65 73.0 145.0
2 1 71.0 31.0
14 62 193.0 97.0
46 71 71.0 100.0
70 68 69.0 117.0
70 69 138.0 45.0
60 73 33.0 84.0
12 67 62.0 35.0
72 59 164.0 135.0
70 55 150.0 35.0
71 63 39.0 144.0
63 73 35.0 62.0
34 48 179.0 104.0
68 62 193.0 69.0
72 65 119.0 26.0
63 37 21.0 181.0
0
