70 2415 44 47 405814
14 46 32.0 138.0
29 13 165.0 175.0
43 32 23.0 142.0
50 34 138.0 152.0
37 26 57.0 199.0
35 33 124.0 17.0
35 46 141.0 102.0
64 49 197.0 0.0
37 51 46.0 29.0
63 18 44.0 11.0
61 55 169.0 20.0
30 45 115.0 60.0
70 50 65.0 125.0
13 63 178.0 141.0
39 54 111.0 71.0
45 63 192.0 108.0
43 1 57.0 38.0
30 70 139.0 101.0
66 44 5.0 108.0
18 11 69.0 72.0
61 58 54.0 134.0
51 17 100.0 32.0
70 64 125.0 11.0
56 43 90.0 117.0
55 36 113.0 147.0
48 41 112.0 52.0
15 33 23.0 69.0
44 43 165.0 92.0
30 20 79.0 19.0
36 4 126.0 179.0
67 44 34.0 52.0
28 40 81.0 76.0
18 64 34.0 194.0
34 57 49.0 98.0
31 59 143.0 73.0
31 48 49.0 108.0
67 50 103.0 81.0
53 63 189.0 30.0
48 53 74.0 175.0
34 32 80.0 155.0
37 52 1.0 66.0
50 36 10.0 51.0
24 47 195.0 105.0
36 5 42.0 196.0
54 8 128.0 145.0
13 38 101.0 117.0
32 25 165.0 176.0
68 34 73.0 197.0
16 45 84.0 74.0
10 58 162.0 46.0
46 43 51.0 109.0
59 36 163.0 45.0
56 61 177.0 91.0
29 1 79.0 78.0
25 17 3.0 196.0
51 55 27.0 76.0
29 54 39.0 63.0
53 31 38.0 153.0
15 63 132.0 89.0
28 25 102.0 95.0
27 18 146.0 31.0
18 33 104.0 178.0
49 65 110.0 107.0
61 27 130.0 89.0
22 4 123.0 169.0
46 45 29.0 113.0
37 13 56.0 113.0
49 1 117.0 158.0
30 53 47.0 63.0
15 12 24.0 103.0
19 3 40.0 87.0
41 47 41.0 171.0
62 3 96.0 117.0
48 51 55.0 77.0
6 53 73.0 111.0
54 63 2.0 190.0
45 27 168.0 1.0
50 57 167.0 144.0
60 62 21.0 160.0
39 12 89.0 63.0
26 53 142.0 138.0
33 58 99.0 150.0
41 14 13.0 125.0
6 58 199.0 167.0
14 50 73.0 119.0
7 8 196.0 192.0
5 10 55.0 18.0
56 54 11.0 97.0
48 6 31.0 105.0
63 8 64.0 131.0
22 47 56.0 29.0
34 58 197.0 8.0
49 68 95.0 22.0
64 67 191.0 44.0
30 13 106.0 198.0
8 16 116.0 117.0
33 6 37.0 147.0
13 19 3.0 101.0
7 22 10.0 60.0
9 21 198.0 159.0
30 24 43.0 93.0
20 28 170.0 186.0
52 47 150.0 77.0
5 67 66.0 66.0
14 15 56.0 103.0
11 2 131.0 11.0
49 4 168.0 93.0
24 63 143.0 166.0
16 20 36.0 138.0
60 47 100.0 7.0
23 67 196.0 51.0
63 50 8.0 15.0
64 21 128.0 64.0
48 58 115.0 11.0
62 65 46.0 83.0
57 32 93.0 189.0
64 40 162.0 129.0
16 39 120.0 14.0
35 18 59.0 68.0
68 36 122.0 67.0
3 12 133.0 2.0
31 14 161.0 1.0
20 37 25.0 8.0
69 70 51.0 70.0
52 33 136.0 165.0
1 20 165.0 8.0
50 20 36.0 24.0
55 62 170.0 158.0
35 32 84.0 56.0
57 18 196.0 198.0
54 19 83.0 173.0
30 67 40.0 134.0
29 52 188.0 129.0
14 8 132.0 105.0
39 22 135.0 120.0
25 29 50.0 57.0
2 34 70.0 87.0
63 36 16.0 66.0
66 42 54.0 99.0
38 37 135.0 47.0
18 67 172.0 76.0
16 54 184.0 104.0
6 15 91.0 119.0
56 37 198.0 142.0
13 50 164.0 68.0
27 17 13.0 132.0
59 33 17.0 67.0
11 35 159.0 153.0
43 12 108.0 132.0
65 59 81.0 44.0
4 16 20.0 173.0
64 38 85.0 18.0
17 10 114.0 2.0
26 15 155.0 127.0
59 17 88.0 173.0
64 39 55.0 0.0
7 10 125.0 115.0
51 20 85.0 159.0
35 5 118.0 105.0
42 7 199.0 155.0
16 68 192.0 113.0
6 3 10.0 100.0
29 26 151.0 51.0
64 62 114.0 7.0
66 23 55.0 191.0
17 1 60.0 141.0
2 15 185.0 130.0
55 47 141.0 184.0
56 30 87.0 86.0
42 27 132.0 50.0
52 34 66.0 83.0
25 33 39.0 180.0
16 1 103.0 46.0
25 60 108.0 163.0
39 25 164.0 46.0
13 43 127.0 106.0
15 53 177.0 15.0
21 18 93.0 109.0
51 56 126.0 159.0
30 52 8.0 117.0
15 66 40.0 111.0
56 68 193.0 101.0
34 8 5.0 109.0
62 46 17.0 132.0
40 50 41.0 195.0
9 37 138.0 134.0
22 26 93.0 16.0
7 6 103.0 101.0
2 6 56.0 143.0
3 25 65.0 1.0
44 21 25.0 70.0
9 65 189.0 42.0
57 10 74.0 183.0
47 18 47.0 165.0
44 12 51.0 140.0
30 35 20.0 154.0
40 51 103.0 28.0
5 50 38.0 168.0
12 41 121.0 15.0
47 20 102.0 63.0
30 37 45.0 177.0
66 35 30.0 44.0
46 18 46.0 82.0
52 9 42.0 66.0
59 5 85.0 145.0
66 46 119.0 75.0
28 21 103.0 192.0
40 26 50.0 158.0
4 6 169.0 95.0
40 43 56.0 199.0
60 34 112.0 55.0
55 32 164.0 154.0
49 42 195.0 1.0
17 67 75.0 114.0
1 8 18.0 178.0
35 37 120.0 68.0
54 37 4.0 89.0
9 41 189.0 13.0
6 9 152.0 101.0
32 18 61.0 116.0
59 69 126.0 57.0
7 24 113.0 1.0
33 2 49.0 83.0
51 42 195.0 169.0
8 51 27.0 152.0
21 26 28.0 16.0
6 8 78.0 180.0
57 70 86.0 140.0
10 40 65.0 164.0
5 16 7.0 178.0
18 2 69.0 8.0
56 60 184.0 64.0
40 7 141.0 12.0
44 11 70.0 170.0
63 41 78.0 149.0
40 42 70.0 117.0
23 62 166.0 136.0
20 45 48.0 125.0
59 6 45.0 117.0
65 42 153.0 29.0
61 34 35.0 95.0
57 16 128.0 106.0
68 8 119.0 158.0
61 16 142.0 189.0
20 46 108.0 60.0
33 69 72.0 108.0
3 5 38.0 117.0
69 19 108.0 191.0
53 9 170.0 96.0
36 33 23.0 98.0
40 67 161.0 94.0
25 64 145.0 55.0
52 46 153.0 5.0
44 64 29.0 177.0
9 5 48.0 67.0
23 31 36.0 109.0
52 66 56.0 6.0
28 37 168.0 79.0
34 16 149.0 129.0
10 45 170.0 46.0
2 12 57.0 75.0
25 15 54.0 86.0
19 6 42.0 102.0
48 12 68.0 31.0
7 20 175.0 125.0
57 37 111.0 95.0
53 45 43.0 60.0
31 39 164.0 165.0
70 33 25.0 21.0
47 40 46.0 79.0
57 2 183.0 88.0
26 12 113.0 4.0
32 62 107.0 89.0
40 15 23.0 18.0
2 21 73.0 66.0
59 54 149.0 37.0
16 69 171.0 174.0
38 44 185.0 17.0
57 69 131.0 169.0
10 16 142.0 197.0
7 17 147.0 49.0
43 60 135.0 171.0
2 13 89.0 9.0
1 11 148.0 38.0
6 43 174.0 120.0
28 70 4.0 112.0
10 32 181.0 87.0
59 35 116.0 123.0
63 26 97.0 63.0
10 1 194.0 32.0
15 62 197.0 35.0
69 55 145.0 145.0
39 68 56.0 71.0
10 44 158.0 60.0
17 60 126.0 139.0
15 3 106.0 42.0
19 29 84.0 155.0
43 39 68.0 30.0
42 57 21.0 65.0
53 4 130.0 166.0
13 21 191.0 186.0
6 39 94.0 150.0
29 20 34.0 20.0
25 4 44.0 92.0
32 29 165.0 129.0
67 52 17.0 186.0
38 34 69.0 39.0
14 2 99.0 0.0
60 69 25.0 42.0
38 53 187.0 71.0
15 22 138.0 21.0
37 24 179.0 135.0
52 7 197.0 145.0
58 64 105.0 167.0
27 59 5.0 126.0
11 3 167.0 56.0
38 9 106.0 144.0
62 66 125.0 93.0
5 7 13.0 15.0
48 33 189.0 192.0
39 30 198.0 138.0
23 58 11.0 55.0
4 15 83.0 16.0
31 63 29.0 50.0
1 45 13.0 135.0
40 49 67.0 90.0
4 5 169.0 32.0
51 68 31.0 110.0
27 52 191.0 29.0
39 5 74.0 154.0
8 61 77.0 157.0
53 50 164.0 106.0
36 2 114.0 178.0
62 19 163.0 133.0
37 7 39.0 85.0
4 18 161.0 22.0
69 2 7.0 104.0
18 39 104.0 33.0
29 23 22.0 134.0
2 63 6.0 187.0
7 28 7.0 72.0
58 66 16.0 123.0
14 59 66.0 55.0
18 68 56.0 28.0
11 45 119.0 15.0
14 1 123.0 175.0
23 10 195.0 146.0
15 36 40.0 153.0
11 6 91.0 47.0
15 21 58.0 107.0
21 35 190.0 76.0
44 57 23.0 198.0
32 4 84.0 94.0
16 41 107.0 7.0
13 7 185.0 54.0
23 28 96.0 177.0
35 56 118.0 188.0
5 11 30.0 128.0
1 6 153.0 20.0
62 39 2.0 129.0
54 26 100.0 38.0
66 49 129.0 7.0
12 1 198.0 66.0
31 55 156.0 94.0
14 5 120.0 26.0
21 16 92.0 150.0
8 9 173.0 45.0
13 17 27.0 128.0
43 67 99.0 127.0
45 7 20.0 180.0
10 8 71.0 170.0
6 5 64.0 27.0
70 67 181.0 184.0
12 68 25.0 73.0
30 41 54.0 198.0
58 67 51.0 81.0
64 10 9.0 150.0
28 12 147.0 181.0
31 12 173.0 18.0
49 19 67.0 37.0
15 24 117.0 48.0
21 24 22.0 142.0
64 43 140.0 28.0
19 1 64.0 143.0
1 67 118.0 25.0
8 38 59.0 17.0
61 38 78.0 32.0
56 42 141.0 97.0
7 48 159.0 10.0
1 25 114.0 181.0
68 20 168.0 6.0
11 21 93.0 184.0
17 70 125.0 11.0
49 59 79.0 184.0
26 39 153.0 109.0
10 48 135.0 46.0
25 38 75.0 94.0
4 28 110.0 189.0
59 18 11.0 30.0
5 12 45.0 104.0
25 16 192.0 170.0
2 16 62.0 23.0
4 7 15.0 167.0
63 65 196.0 103.0
44 70 136.0 23.0
4 12 117.0 199.0
33 50 161.0 80.0
5 15 20.0 7.0
42 38 98.0 164.0
37 39 110.0 113.0
54 11 165.0 78.0
17 52 21.0 113.0
51 58 59.0 110.0
7 11 165.0 129.0
41 40 86.0 127.0
67 7 149.0 106.0
56 12 51.0 48.0
62 42 36.0 114.0
64 3 40.0 153.0
66 47 55.0 13.0
14 4 9.0 67.0
3 4 75.0 126.0
60 46 7.0 161.0
52 1 107.0 157.0
24 26 54.0 158.0
9 25 111.0 42.0
27 56 141.0 103.0
44 48 121.0 149.0
61 29 177.0 130.0
49 9 177.0 52.0
55 26 105.0 137.0
26 25 28.0 164.0
62 4 169.0 34.0
28 29 116.0 80.0
14 37 189.0 57.0
14 39 45.0 110.0
67 63 146.0 22.0
9 1 14.0 76.0
55 14 129.0 72.0
38 47 158.0 110.0
62 17 11.0 127.0
58 40 52.0 127.0
6 57 100.0 41.0
6 14 125.0 98.0
46 11 96.0 72.0
40 69 43.0 62.0
12 17 68.0 124.0
13 6 186.0 178.0
16 58 112.0 149.0
39 67 64.0 164.0
66 39 12.0 116.0
22 5 157.0 89.0
28 52 186.0 5.0
3 18 22.0 181.0
9 11 181.0 42.0
7 2 31.0 119.0
14 3 198.0 143.0
48 60 62.0 62.0
28 51 31.0 26.0
7 15 32.0 188.0
17 5 91.0 170.0
10 12 22.0 113.0
11 17 156.0 3.0
27 14 6.0 187.0
65 33 41.0 156.0
35 49 111.0 104.0
29 43 45.0 94.0
21 53 180.0 77.0
13 11 144.0 71.0
63 37 63.0 166.0
7 16 21.0 19.0
8 30 141.0 179.0
62 26 135.0 182.0
20 2 53.0 199.0
54 24 23.0 51.0
19 61 107.0 155.0
61 9 182.0 3.0
46 41 7.0 197.0
35 40 41.0 180.0
18 7 169.0 182.0
10 3 199.0 57.0
14 57 28.0 5.0
22 27 181.0 51.0
17 20 16.0 89.0
28 5 4.0 151.0
20 5 10.0 164.0
38 45 197.0 51.0
35 34 150.0 167.0
61 7 105.0 150.0
9 14 85.0 133.0
4 35 99.0 67.0
66 69 185.0 68.0
3 52 119.0 189.0
19 5 189.0 81.0
33 14 106.0 186.0
47 56 68.0 56.0
2 19 65.0 173.0
54 17 76.0 103.0
64 53 138.0 128.0
51 69 134.0 75.0
50 28 190.0 5.0
8 3 124.0 131.0
43 31 90.0 182.0
16 42 9.0 159.0
60 3 63.0 26.0
20 60 34.0 91.0
42 2 33.0 124.0
70 61 38.0 120.0
18 48 91.0 29.0
7 31 88.0 16.0
61 39 158.0 179.0
22 19 91.0 167.0
21 6 61.0 106.0
66 50 78.0 47.0
52 43 40.0 64.0
45 65 141.0 31.0
54 61 130.0 32.0
33 31 155.0 18.0
7 12 92.0 113.0
8 33 110.0 183.0
38 40 4.0 123.0
20 52 112.0 35.0
24 2 67.0 152.0
7 9 0.0 160.0
36 35 120.0 130.0
66 32 96.0 75.0
21 41 138.0 188.0
3 13 101.0 48.0
24 1 4.0 58.0
1 15 189.0 116.0
17 42 83.0 8.0
17 69 104.0 83.0
34 7 10.0 24.0
38 50 117.0 106.0
20 15 163.0 7.0
39 38 184.0 16.0
2 8 25.0 140.0
22 60 167.0 167.0
43 36 138.0 2.0
47 17 161.0 194.0
35 69 71.0 171.0
60 38 60.0 140.0
64 29 94.0 23.0
8 23 38.0 78.0
29 41 90.0 16.0
30 34 161.0 9.0
11 33 6.0 52.0
61 67 54.0 167.0
3 23 86.0 77.0
48 50 43.0 147.0
20 13 177.0 137.0
35 58 133.0 167.0
28 54 69.0 175.0
17 15 77.0 30.0
59 15 150.0 35.0
12 34 98.0 4.0
16 9 13.0 184.0
3 20 72.0 56.0
57 56 72.0 1.0
55 20 153.0 157.0
9 4 71.0 22.0
23 1 17.0 100.0
20 4 72.0 168.0
13 55 136.0 170.0
61 48 113.0 101.0
21 60 196.0 137.0
45 12 70.0 69.0
13 5 164.0 23.0
42 29 180.0 187.0
64 30 194.0 149.0
68 40 169.0 67.0
12 9 56.0 57.0
21 5 87.0 121.0
5 18 73.0 35.0
62 5 113.0 143.0
24 60 194.0 30.0
18 38 120.0 126.0
68 38 136.0 66.0
7 1 43.0 105.0
26 36 123.0 51.0
4 13 93.0 162.0
63 29 36.0 118.0
7 19 137.0 149.0
54 50 50.0 83.0
30 42 158.0 122.0
10 29 86.0 94.0
47 2 53.0 81.0
17 4 92.0 176.0
14 11 190.0 137.0
10 36 143.0 178.0
30 21 154.0 33.0
4 8 160.0 4.0
51 47 19.0 118.0
18 65 45.0 57.0
9 31 134.0 98.0
55 7 30.0 178.0
13 10 158.0 172.0
54 52 144.0 54.0
2 68 42.0 99.0
18 16 89.0 3.0
4 2 1.0 60.0
11 28 58.0 198.0
13 15 133.0 144.0
5 44 144.0 115.0
21 4 65.0 102.0
6 10 22.0 10.0
26 2 103.0 16.0
17 32 50.0 192.0
48 64 187.0 3.0
33 22 34.0 45.0
20 22 124.0 167.0
7 56 7.0 68.0
19 4 66.0 72.0
70 5 74.0 40.0
6 17 164.0 129.0
61 63 177.0 14.0
9 19 1.0 164.0
14 7 21.0 35.0
63 56 119.0 97.0
41 28 17.0 78.0
68 3 118.0 35.0
21 1 184.0 193.0
6 20 15.0 100.0
47 68 75.0 192.0
48 37 160.0 77.0
8 17 124.0 133.0
40 11 161.0 195.0
9 17 187.0 130.0
10 19 16.0 105.0
12 11 28.0 153.0
16 44 121.0 43.0
9 13 109.0 149.0
57 29 166.0 70.0
13 44 14.0 90.0
55 8 133.0 127.0
51 1 189.0 72.0
66 9 120.0 6.0
51 30 105.0 100.0
15 34 85.0 179.0
24 5 180.0 146.0
29 47 100.0 146.0
21 19 6.0 66.0
26 17 87.0 139.0
17 3 83.0 76.0
23 65 122.0 3.0
24 34 158.0 180.0
8 5 82.0 195.0
10 62 97.0 62.0
51 21 130.0 197.0
28 1 125.0 136.0
13 8 118.0 164.0
22 44 133.0 1.0
38 48 173.0 8.0
23 69 11.0 83.0
8 19 186.0 46.0
22 69 81.0 35.0
32 3 121.0 163.0
11 42 114.0 47.0
50 64 70.0 32.0
12 16 184.0 156.0
20 8 107.0 157.0
22 8 3.0 119.0
21 8 193.0 141.0
6 27 198.0 75.0
29 11 161.0 120.0
53 20 121.0 75.0
8 11 39.0 143.0
19 42 93.0 175.0
28 15 71.0 0.0
5 32 146.0 74.0
39 46 166.0 139.0
2 17 152.0 164.0
2 22 199.0 65.0
44 51 86.0 72.0
1 38 198.0 77.0
10 43 186.0 43.0
57 15 12.0 10.0
46 5 56.0 158.0
63 70 195.0 22.0
4 23 125.0 99.0
2 25 26.0 76.0
1 4 57.0 64.0
38 32 86.0 8.0
13 1 81.0 25.0
28 16 163.0 45.0
24 6 123.0 171.0
66 54 173.0 119.0
30 31 2.0 50.0
1 27 192.0 29.0
18 6 93.0 1.0
3 24 132.0 132.0
24 8 60.0 166.0
1 26 15.0 175.0
9 18 172.0 139.0
32 61 71.0 97.0
1 18 67.0 25.0
2 23 51.0 59.0
31 64 39.0 96.0
3 9 187.0 171.0
26 4 33.0 0.0
22 38 68.0 49.0
14 16 117.0 192.0
1 70 82.0 188.0
19 15 13.0 150.0
15 10 72.0 16.0
5 25 149.0 63.0
26 18 86.0 88.0
7 41 177.0 120.0
9 20 194.0 45.0
18 10 59.0 111.0
41 53 18.0 93.0
67 54 38.0 183.0
8 12 83.0 63.0
37 27 13.0 184.0
29 3 190.0 99.0
36 42 33.0 167.0
61 26 49.0 179.0
67 12 137.0 60.0
64 7 161.0 155.0
2 32 58.0 151.0
43 35 58.0 94.0
4 29 6.0 23.0
16 11 121.0 148.0
67 59 187.0 154.0
29 2 91.0 188.0
22 1 120.0 28.0
28 27 8.0 33.0
58 65 69.0 19.0
7 21 92.0 80.0
64 4 199.0 50.0
41 60 177.0 120.0
28 3 4.0 116.0
19 11 89.0 95.0
18 37 164.0 161.0
9 23 39.0 125.0
8 18 178.0 60.0
30 1 104.0 22.0
16 3 126.0 103.0
21 3 194.0 103.0
53 60 114.0 150.0
17 16 133.0 4.0
23 46 86.0 50.0
14 12 91.0 125.0
24 38 184.0 21.0
18 14 26.0 88.0
70 23 195.0 152.0
58 19 169.0 141.0
20 33 7.0 36.0
31 61 12.0 141.0
48 24 69.0 98.0
41 26 45.0 160.0
63 22 142.0 29.0
17 28 196.0 120.0
19 14 181.0 143.0
64 45 164.0 102.0
16 6 66.0 172.0
8 15 88.0 30.0
41 51 182.0 109.0
18 31 72.0 27.0
21 12 132.0 166.0
12 22 139.0 128.0
11 15 97.0 120.0
58 45 36.0 13.0
10 24 43.0 54.0
63 16 114.0 83.0
8 56 125.0 96.0
16 24 170.0 149.0
4 66 9.0 102.0
10 22 18.0 100.0
36 13 113.0 67.0
57 22 59.0 149.0
9 10 173.0 55.0
25 7 158.0 87.0
26 67 2.0 35.0
6 22 143.0 173.0
24 58 158.0 104.0
11 57 15.0 176.0
32 1 74.0 80.0
38 52 47.0 86.0
34 1 177.0 20.0
23 5 19.0 87.0
67 65 7.0 21.0
11 20 14.0 102.0
45 39 136.0 124.0
25 63 42.0 103.0
27 5 77.0 69.0
31 4 102.0 125.0
59 46 31.0 32.0
9 22 153.0 50.0
17 65 156.0 161.0
51 16 96.0 122.0
55 9 88.0 32.0
3 22 51.0 83.0
23 63 189.0 129.0
70 55 107.0 44.0
42 47 109.0 138.0
56 32 141.0 14.0
38 36 87.0 50.0
64 55 117.0 136.0
64 41 126.0 5.0
69 41 32.0 129.0
33 49 3.0 22.0
45 47 168.0 110.0
23 52 89.0 77.0
25 12 11.0 183.0
60 16 162.0 50.0
12 13 136.0 31.0
58 27 67.0 62.0
10 63 173.0 100.0
26 6 19.0 177.0
12 23 34.0 187.0
51 67 134.0 75.0
8 31 78.0 97.0
58 29 9.0 192.0
4 30 145.0 145.0
13 51 193.0 13.0
9 24 58.0 166.0
40 44 31.0 77.0
44 15 23.0 17.0
10 4 140.0 110.0
36 60 154.0 170.0
18 66 194.0 163.0
26 9 102.0 139.0
42 55 77.0 95.0
18 13 108.0 135.0
28 34 140.0 139.0
60 39 62.0 116.0
44 19 8.0 2.0
8 35 197.0 114.0
4 27 130.0 143.0
22 55 64.0 32.0
28 6 108.0 141.0
25 69 51.0 169.0
44 1 23.0 192.0
40 31 122.0 85.0
49 30 175.0 82.0
64 17 155.0 124.0
1 31 69.0 85.0
3 48 41.0 133.0
19 16 43.0 101.0
2 5 0.0 95.0
13 16 52.0 175.0
48 13 137.0 174.0
18 17 119.0 64.0
1 35 183.0 74.0
29 6 158.0 52.0
47 9 26.0 151.0
14 17 123.0 69.0
58 37 110.0 124.0
17 19 54.0 162.0
27 10 19.0 191.0
27 57 53.0 138.0
35 2 53.0 36.0
62 49 0.0 164.0
57 46 143.0 178.0
13 22 100.0 66.0
37 43 71.0 10.0
27 16 162.0 126.0
4 50 62.0 181.0
36 41 122.0 115.0
45 62 56.0 176.0
27 8 18.0 56.0
9 15 80.0 113.0
14 22 101.0 132.0
10 25 172.0 173.0
30 6 33.0 134.0
31 68 198.0 47.0
24 11 24.0 72.0
8 26 8.0 80.0
14 13 100.0 26.0
26 11 59.0 132.0
14 65 97.0 161.0
29 27 178.0 21.0
8 36 9.0 163.0
33 41 162.0 7.0
15 41 141.0 186.0
11 39 173.0 149.0
69 29 132.0 25.0
20 40 42.0 191.0
13 23 35.0 91.0
1 33 127.0 13.0
10 39 42.0 137.0
9 57 14.0 156.0
27 33 9.0 107.0
13 70 170.0 134.0
40 52 108.0 102.0
21 36 97.0 103.0
11 27 92.0 132.0
2 59 30.0 20.0
27 30 117.0 72.0
21 14 134.0 83.0
35 62 186.0 95.0
61 50 41.0 156.0
43 51 64.0 149.0
29 5 110.0 161.0
32 46 162.0 2.0
34 33 122.0 192.0
4 38 89.0 39.0
27 3 24.0 175.0
6 61 17.0 10.0
52 50 143.0 58.0
42 21 89.0 7.0
25 51 115.0 199.0
26 65 61.0 29.0
27 15 12.0 135.0
64 65 92.0 101.0
3 26 114.0 116.0
19 12 101.0 83.0
24 4 79.0 196.0
33 64 18.0 121.0
56 41 192.0 86.0
35 26 3.0 53.0
40 39 32.0 15.0
45 49 115.0 125.0
9 32 98.0 29.0
20 18 118.0 199.0
67 66 60.0 150.0
11 22 25.0 79.0
34 36 170.0 17.0
3 44 122.0 173.0
2 27 30.0 106.0
61 24 160.0 145.0
68 27 49.0 58.0
11 10 149.0 120.0
14 10 106.0 9.0
29 8 36.0 83.0
2 30 38.0 6.0
18 62 143.0 112.0
2 10 135.0 173.0
45 69 131.0 95.0
35 3 186.0 180.0
5 63 70.0 135.0
25 14 15.0 128.0
15 16 143.0 52.0
37 61 195.0 181.0
53 44 165.0 138.0
64 54 17.0 101.0
64 19 129.0 100.0
1 5 16.0 116.0
66 14 8.0 39.0
5 26 38.0 175.0
26 7 99.0 181.0
1 3 132.0 46.0
58 56 70.0 49.0
51 53 134.0 40.0
2 51 105.0 63.0
54 22 59.0 73.0
36 3 187.0 19.0
21 47 163.0 25.0
30 10 116.0 14.0
28 2 79.0 0.0
4 34 46.0 102.0
25 23 107.0 132.0
18 15 8.0 12.0
37 1 14.0 19.0
19 51 30.0 153.0
8 25 62.0 193.0
23 16 162.0 130.0
27 7 65.0 41.0
45 4 188.0 63.0
38 26 120.0 95.0
63 30 21.0 80.0
45 40 142.0 187.0
20 42 177.0 124.0
55 18 113.0 192.0
57 23 96.0 75.0
26 20 89.0 161.0
35 67 2.0 29.0
34 5 65.0 74.0
16 35 79.0 39.0
16 49 46.0 174.0
27 12 95.0 23.0
21 46 196.0 9.0
10 20 47.0 92.0
9 28 22.0 136.0
33 7 8.0 176.0
54 13 80.0 74.0
3 37 113.0 111.0
44 18 115.0 159.0
30 5 8.0 10.0
13 32 144.0 4.0
3 33 17.0 191.0
47 58 92.0 191.0
67 48 141.0 100.0
60 7 77.0 21.0
18 12 187.0 142.0
31 54 58.0 102.0
28 8 42.0 18.0
57 55 196.0 186.0
64 8 182.0 165.0
26 10 52.0 26.0
23 15 46.0 193.0
54 7 196.0 75.0
19 59 68.0 183.0
54 58 11.0 78.0
25 37 90.0 5.0
22 32 46.0 38.0
22 18 176.0 180.0
23 37 189.0 180.0
14 64 138.0 187.0
70 53 190.0 86.0
53 1 56.0 10.0
4 37 113.0 19.0
27 9 160.0 155.0
49 46 89.0 159.0
30 62 13.0 65.0
29 17 183.0 2.0
33 4 63.0 73.0
24 12 188.0 53.0
32 26 41.0 44.0
19 18 194.0 106.0
13 27 113.0 106.0
7 29 108.0 2.0
10 21 159.0 122.0
49 15 141.0 94.0
47 48 70.0 4.0
9 50 60.0 58.0
6 56 81.0 53.0
3 30 16.0 27.0
19 23 29.0 129.0
14 35 164.0 137.0
16 26 74.0 123.0
3 39 2.0 15.0
47 43 15.0 24.0
34 43 158.0 27.0
14 26 160.0 192.0
40 1 13.0 128.0
24 14 161.0 42.0
32 7 102.0 125.0
46 22 31.0 176.0
13 26 107.0 185.0
31 5 49.0 122.0
54 32 133.0 159.0
12 32 172.0 45.0
6 34 132.0 185.0
7 35 182.0 45.0
33 10 158.0 84.0
15 43 94.0 141.0
38 2 23.0 153.0
60 26 82.0 24.0
2 37 109.0 167.0
3 38 114.0 82.0
52 18 179.0 46.0
20 43 62.0 161.0
36 18 91.0 20.0
29 9 68.0 185.0
20 70 78.0 43.0
40 2 95.0 112.0
66 13 194.0 4.0
48 9 40.0 108.0
28 10 57.0 19.0
18 24 13.0 119.0
24 13 42.0 104.0
3 41 43.0 110.0
52 57 99.0 73.0
5 37 128.0 194.0
70 52 118.0 74.0
60 33 199.0 158.0
11 30 135.0 56.0
11 23 190.0 149.0
47 6 70.0 184.0
46 68 28.0 65.0
10 31 78.0 128.0
14 20 197.0 159.0
68 14 119.0 68.0
25 18 105.0 118.0
27 66 17.0 40.0
23 42 121.0 160.0
48 25 194.0 191.0
41 1 96.0 23.0
42 1 175.0 175.0
30 12 107.0 125.0
30 15 135.0 26.0
35 6 127.0 40.0
2 64 126.0 97.0
35 68 121.0 47.0
34 49 97.0 116.0
28 62 147.0 193.0
9 2 123.0 122.0
57 28 126.0 182.0
9 33 164.0 13.0
48 45 80.0 43.0
50 31 13.0 6.0
40 4 103.0 135.0
65 2 43.0 152.0
63 38 88.0 190.0
24 20 176.0 163.0
35 57 57.0 102.0
21 23 115.0 173.0
53 57 161.0 148.0
40 3 10.0 126.0
61 12 4.0 113.0
18 23 158.0 199.0
6 31 85.0 46.0
38 33 71.0 61.0
19 57 118.0 128.0
53 22 106.0 34.0
21 33 131.0 19.0
34 3 48.0 141.0
30 28 23.0 4.0
65 47 91.0 182.0
20 23 105.0 176.0
20 19 2.0 176.0
5 56 138.0 121.0
14 23 180.0 196.0
32 11 129.0 111.0
35 44 23.0 130.0
7 30 84.0 199.0
6 25 140.0 176.0
3 31 56.0 45.0
45 3 48.0 58.0
70 2 189.0 138.0
22 21 79.0 170.0
16 52 70.0 161.0
25 22 146.0 45.0
20 25 20.0 31.0
58 50 91.0 160.0
64 47 158.0 147.0
26 19 59.0 158.0
40 30 79.0 0.0
7 36 93.0 159.0
43 2 138.0 163.0
32 6 92.0 85.0
54 69 182.0 64.0
60 68 42.0 73.0
56 3 115.0 152.0
39 4 123.0 126.0
28 14 151.0 2.0
48 14 101.0 44.0
31 2 100.0 191.0
19 37 173.0 193.0
47 10 75.0 155.0
14 29 121.0 70.0
54 5 187.0 36.0
32 8 53.0 110.0
25 19 90.0 157.0
18 28 12.0 143.0
4 55 33.0 64.0
31 15 59.0 158.0
20 54 5.0 135.0
34 9 152.0 127.0
10 66 169.0 139.0
21 31 23.0 174.0
6 42 141.0 113.0
36 69 198.0 105.0
53 13 105.0 183.0
23 7 198.0 165.0
67 13 53.0 156.0
17 23 188.0 5.0
40 5 180.0 157.0
19 33 13.0 155.0
16 59 100.0 107.0
69 5 171.0 50.0
17 44 18.0 28.0
39 7 133.0 168.0
58 5 6.0 186.0
30 54 110.0 195.0
2 44 90.0 42.0
39 9 4.0 55.0
9 35 47.0 56.0
23 6 69.0 170.0
51 9 67.0 87.0
67 19 93.0 0.0
19 27 196.0 100.0
42 68 24.0 58.0
62 31 140.0 114.0
41 6 69.0 96.0
36 6 19.0 68.0
21 17 152.0 89.0
38 6 84.0 171.0
11 31 173.0 130.0
45 2 142.0 121.0
34 11 132.0 166.0
14 32 82.0 24.0
2 39 143.0 151.0
34 62 84.0 163.0
12 55 149.0 188.0
3 50 21.0 186.0
63 27 143.0 146.0
24 19 79.0 85.0
67 45 77.0 11.0
68 67 144.0 159.0
39 33 133.0 39.0
34 13 146.0 18.0
13 31 43.0 48.0
27 20 0.0 64.0
29 15 152.0 144.0
34 10 75.0 183.0
5 42 174.0 104.0
43 5 91.0 70.0
49 53 64.0 24.0
16 30 127.0 10.0
42 4 23.0 170.0
18 30 98.0 175.0
6 37 177.0 2.0
16 32 190.0 52.0
43 17 66.0 117.0
33 28 3.0 109.0
1 36 18.0 67.0
8 39 185.0 145.0
4 11 84.0 8.0
52 45 1.0 135.0
66 38 60.0 178.0
46 3 159.0 51.0
31 29 63.0 25.0
13 35 109.0 18.0
25 24 53.0 79.0
35 25 106.0 39.0
35 12 144.0 191.0
4 69 191.0 145.0
48 54 42.0 51.0
10 38 147.0 153.0
3 42 34.0 162.0
44 4 39.0 95.0
56 65 132.0 92.0
23 22 41.0 190.0
44 62 18.0 185.0
2 41 179.0 9.0
17 22 62.0 173.0
7 38 194.0 161.0
16 31 124.0 28.0
33 13 122.0 163.0
23 26 199.0 6.0
62 67 174.0 40.0
1 58 141.0 144.0
20 35 16.0 72.0
50 7 138.0 30.0
14 52 31.0 132.0
66 11 172.0 155.0
66 21 84.0 46.0
25 13 72.0 83.0
9 30 130.0 198.0
41 8 63.0 24.0
58 17 168.0 79.0
16 33 67.0 106.0
64 20 120.0 98.0
21 27 187.0 92.0
56 39 57.0 23.0
37 11 143.0 129.0
33 12 139.0 73.0
32 40 120.0 2.0
15 35 40.0 88.0
64 15 148.0 108.0
46 69 137.0 69.0
6 40 39.0 76.0
63 32 194.0 48.0
51 59 197.0 137.0
43 8 129.0 136.0
32 15 110.0 49.0
24 22 68.0 103.0
23 27 21.0 16.0
44 6 85.0 110.0
50 47 51.0 77.0
29 16 100.0 197.0
9 40 161.0 97.0
61 64 62.0 90.0
8 37 48.0 125.0
33 29 168.0 68.0
22 65 112.0 141.0
10 37 73.0 198.0
43 3 178.0 76.0
51 34 56.0 30.0
41 58 10.0 17.0
5 45 188.0 25.0
32 31 84.0 36.0
12 6 121.0 4.0
11 56 14.0 33.0
4 41 89.0 87.0
36 12 11.0 19.0
60 51 149.0 19.0
38 19 42.0 112.0
49 58 152.0 30.0
30 59 169.0 188.0
63 43 14.0 90.0
11 38 37.0 181.0
40 19 69.0 78.0
42 9 173.0 32.0
12 38 77.0 74.0
3 7 40.0 119.0
6 60 114.0 192.0
8 42 41.0 83.0
15 56 13.0 7.0
18 29 12.0 2.0
38 21 193.0 33.0
6 45 125.0 118.0
35 10 13.0 2.0
40 8 6.0 54.0
38 5 141.0 73.0
17 35 55.0 134.0
65 3 187.0 21.0
22 28 139.0 151.0
65 57 34.0 84.0
2 46 176.0 111.0
48 17 30.0 141.0
41 11 114.0 188.0
9 43 29.0 55.0
61 3 156.0 84.0
19 30 166.0 143.0
2 48 185.0 106.0
30 14 137.0 171.0
46 13 44.0 113.0
29 67 88.0 26.0
55 35 100.0 154.0
29 12 150.0 81.0
14 36 139.0 106.0
24 40 104.0 106.0
46 4 77.0 41.0
33 17 51.0 14.0
17 40 195.0 95.0
37 64 40.0 35.0
1 47 68.0 92.0
13 64 6.0 170.0
41 67 65.0 145.0
48 52 172.0 121.0
29 21 122.0 1.0
17 30 125.0 173.0
58 52 133.0 72.0
28 24 134.0 125.0
41 10 102.0 154.0
15 65 185.0 60.0
41 5 29.0 2.0
38 14 177.0 153.0
39 36 117.0 51.0
54 35 170.0 42.0
28 35 44.0 56.0
50 2 173.0 178.0
25 27 197.0 27.0
17 34 114.0 134.0
31 17 7.0 95.0
32 50 51.0 136.0
5 47 79.0 168.0
34 14 161.0 49.0
51 3 49.0 5.0
13 40 142.0 174.0
37 15 134.0 91.0
4 48 88.0 0.0
36 67 128.0 95.0
29 24 53.0 179.0
32 39 135.0 132.0
49 14 35.0 97.0
12 63 182.0 36.0
51 24 163.0 76.0
52 2 7.0 98.0
43 4 60.0 47.0
27 55 43.0 140.0
7 43 50.0 48.0
49 3 178.0 185.0
39 13 9.0 165.0
42 12 127.0 191.0
28 13 82.0 91.0
49 2 132.0 41.0
52 49 138.0 144.0
33 66 61.0 133.0
22 16 25.0 63.0
5 49 132.0 3.0
22 50 20.0 141.0
38 16 40.0 147.0
24 27 138.0 74.0
47 7 123.0 22.0
31 22 137.0 13.0
52 39 8.0 150.0
20 34 99.0 33.0
23 40 145.0 31.0
31 46 33.0 117.0
40 57 161.0 25.0
28 60 90.0 51.0
27 54 121.0 165.0
52 21 43.0 10.0
60 12 61.0 3.0
67 38 140.0 112.0
4 47 88.0 85.0
44 7 30.0 73.0
31 19 178.0 143.0
70 25 115.0 20.0
6 46 11.0 188.0
57 39 97.0 6.0
19 34 86.0 111.0
69 24 176.0 26.0
50 35 92.0 16.0
11 70 141.0 123.0
10 69 40.0 71.0
41 13 184.0 107.0
15 39 146.0 195.0
40 14 5.0 196.0
2 53 113.0 43.0
50 1 2.0 42.0
20 32 8.0 94.0
11 43 191.0 150.0
36 16 153.0 184.0
56 22 95.0 89.0
30 58 185.0 194.0
21 32 105.0 190.0
20 57 131.0 19.0
22 30 198.0 133.0
32 23 123.0 158.0
34 22 89.0 67.0
1 46 99.0 194.0
55 15 33.0 147.0
48 5 111.0 170.0
28 26 132.0 17.0
60 49 59.0 63.0
19 28 176.0 9.0
25 31 30.0 52.0
59 40 14.0 120.0
33 5 16.0 65.0
44 9 71.0 2.0
33 23 140.0 183.0
26 27 136.0 72.0
63 19 45.0 195.0
35 19 70.0 21.0
51 4 56.0 100.0
25 53 18.0 70.0
70 26 189.0 35.0
39 50 5.0 61.0
34 67 199.0 146.0
20 21 192.0 135.0
20 36 199.0 189.0
3 47 67.0 69.0
69 43 132.0 123.0
30 26 85.0 151.0
38 17 181.0 75.0
20 69 192.0 186.0
65 25 136.0 143.0
38 15 17.0 80.0
65 40 105.0 169.0
8 46 19.0 125.0
55 19 159.0 104.0
23 30 75.0 44.0
15 42 176.0 56.0
50 55 195.0 168.0
50 6 38.0 131.0
64 32 9.0 7.0
44 8 64.0 66.0
12 40 183.0 83.0
49 8 138.0 94.0
16 37 43.0 13.0
21 34 122.0 19.0
36 11 46.0 117.0
15 52 99.0 84.0
6 49 45.0 60.0
30 25 91.0 109.0
51 5 14.0 27.0
7 46 182.0 152.0
13 45 127.0 26.0
39 58 105.0 1.0
1 54 93.0 104.0
22 59 36.0 192.0
19 36 5.0 81.0
62 33 153.0 48.0
37 36 122.0 119.0
32 19 113.0 105.0
11 64 30.0 192.0
1 55 122.0 135.0
69 32 39.0 15.0
17 36 164.0 27.0
17 37 47.0 121.0
57 1 89.0 152.0
24 31 146.0 11.0
55 17 34.0 12.0
3 54 184.0 64.0
24 23 70.0 106.0
34 54 75.0 61.0
47 12 150.0 192.0
58 14 0.0 197.0
33 24 81.0 89.0
2 54 68.0 27.0
32 70 72.0 102.0
17 41 98.0 56.0
44 25 166.0 168.0
17 24 173.0 194.0
51 27 20.0 123.0
36 22 135.0 20.0
66 22 148.0 16.0
47 8 34.0 16.0
38 20 135.0 59.0
8 50 165.0 33.0
40 18 170.0 83.0
65 38 157.0 95.0
45 8 67.0 177.0
39 19 171.0 2.0
42 10 75.0 119.0
9 45 104.0 62.0
26 31 53.0 39.0
22 35 122.0 18.0
47 11 16.0 44.0
62 51 98.0 173.0
21 25 155.0 165.0
46 10 61.0 126.0
52 6 7.0 88.0
58 11 100.0 111.0
54 4 164.0 153.0
2 55 57.0 86.0
39 17 60.0 25.0
14 45 134.0 158.0
51 35 151.0 89.0
28 32 133.0 164.0
46 9 154.0 140.0
51 6 130.0 54.0
25 41 34.0 46.0
44 36 12.0 43.0
39 49 191.0 72.0
40 16 118.0 125.0
52 8 150.0 21.0
26 46 1.0 35.0
26 33 96.0 107.0
52 25 37.0 179.0
7 66 109.0 71.0
56 1 78.0 74.0
53 47 0.0 69.0
70 47 188.0 118.0
12 46 149.0 139.0
53 3 18.0 151.0
49 10 185.0 66.0
45 56 150.0 22.0
52 65 181.0 12.0
11 59 95.0 12.0
47 54 66.0 95.0
31 47 44.0 54.0
3 55 134.0 194.0
55 68 78.0 152.0
53 5 136.0 15.0
67 8 87.0 38.0
14 51 44.0 20.0
51 23 177.0 91.0
7 57 198.0 43.0
19 41 162.0 194.0
34 25 171.0 96.0
51 7 49.0 1.0
14 44 186.0 185.0
27 32 89.0 25.0
48 8 66.0 85.0
53 67 0.0 43.0
65 29 19.0 198.0
29 30 187.0 181.0
56 70 75.0 110.0
34 23 151.0 124.0
50 10 84.0 90.0
23 35 110.0 125.0
38 23 48.0 129.0
1 65 5.0 48.0
14 43 155.0 24.0
18 41 29.0 94.0
39 20 15.0 104.0
47 15 98.0 118.0
3 59 126.0 134.0
28 31 141.0 36.0
33 68 113.0 189.0
25 36 5.0 70.0
13 47 85.0 112.0
58 2 141.0 66.0
61 42 29.0 108.0
45 17 193.0 127.0
23 39 111.0 71.0
12 49 48.0 52.0
24 36 19.0 113.0
35 24 125.0 176.0
40 21 136.0 162.0
55 49 56.0 77.0
10 51 55.0 37.0
4 57 198.0 0.0
54 6 3.0 109.0
31 20 59.0 51.0
3 57 44.0 78.0
14 42 80.0 121.0
35 64 140.0 16.0
41 20 167.0 196.0
12 20 193.0 22.0
6 55 79.0 192.0
68 64 79.0 34.0
40 22 27.0 139.0
55 5 52.0 23.0
47 14 70.0 84.0
2 56 43.0 163.0
18 60 79.0 10.0
49 7 46.0 72.0
60 1 107.0 77.0
69 14 37.0 186.0
27 35 53.0 17.0
34 27 23.0 57.0
6 62 164.0 45.0
22 37 42.0 159.0
31 42 17.0 121.0
56 17 15.0 15.0
57 5 80.0 74.0
10 53 9.0 70.0
11 50 137.0 62.0
68 21 64.0 112.0
43 18 159.0 181.0
60 4 190.0 153.0
30 33 71.0 7.0
61 1 135.0 87.0
1 62 176.0 168.0
45 59 17.0 185.0
18 69 4.0 154.0
31 38 85.0 21.0
2 61 47.0 44.0
8 53 60.0 190.0
48 15 102.0 132.0
55 52 192.0 37.0
1 59 59.0 121.0
43 22 72.0 28.0
7 63 178.0 77.0
30 32 130.0 64.0
65 69 50.0 130.0
41 31 187.0 111.0
22 41 194.0 89.0
46 17 98.0 138.0
45 18 80.0 109.0
39 24 24.0 152.0
51 12 73.0 3.0
12 37 187.0 4.0
34 29 138.0 38.0
27 60 75.0 77.0
27 36 6.0 69.0
59 4 34.0 56.0
70 37 137.0 66.0
42 13 175.0 162.0
65 8 88.0 49.0
42 22 63.0 75.0
62 24 97.0 153.0
43 19 6.0 172.0
63 55 52.0 164.0
46 15 173.0 86.0
68 26 42.0 111.0
48 16 180.0 18.0
38 27 78.0 68.0
67 37 67.0 141.0
24 32 176.0 164.0
59 9 180.0 182.0
43 16 188.0 32.0
32 33 59.0 114.0
11 51 3.0 53.0
11 48 96.0 136.0
3 67 170.0 126.0
1 63 14.0 37.0
5 52 192.0 142.0
23 47 28.0 124.0
66 17 47.0 17.0
47 16 154.0 106.0
56 4 14.0 110.0
9 54 130.0 62.0
15 50 7.0 100.0
36 51 122.0 173.0
64 56 37.0 66.0
32 42 119.0 66.0
70 66 78.0 166.0
52 12 178.0 185.0
21 43 24.0 144.0
11 52 47.0 154.0
20 44 1.0 6.0
56 10 140.0 123.0
67 31 38.0 130.0
14 67 32.0 109.0
52 10 101.0 63.0
63 69 141.0 31.0
56 16 188.0 166.0
16 46 175.0 187.0
54 12 24.0 128.0
53 12 20.0 165.0
5 68 127.0 10.0
39 21 178.0 159.0
57 63 151.0 79.0
60 2 117.0 92.0
61 4 170.0 57.0
58 4 58.0 97.0
5 60 164.0 83.0
58 8 23.0 136.0
29 35 42.0 150.0
40 53 68.0 20.0
45 32 59.0 19.0
40 27 102.0 128.0
17 50 53.0 72.0
38 28 174.0 111.0
54 14 176.0 90.0
36 28 193.0 199.0
58 7 47.0 35.0
14 53 0.0 67.0
29 39 123.0 59.0
54 10 175.0 177.0
1 64 109.0 180.0
50 12 21.0 35.0
25 40 137.0 149.0
59 8 182.0 130.0
23 43 166.0 181.0
58 9 88.0 167.0
59 29 139.0 11.0
50 16 44.0 67.0
26 34 65.0 153.0
42 39 82.0 86.0
7 59 170.0 19.0
15 51 90.0 152.0
42 24 49.0 8.0
45 19 171.0 137.0
47 61 72.0 111.0
19 46 32.0 69.0
58 53 69.0 49.0
47 19 181.0 103.0
23 55 9.0 151.0
36 45 99.0 99.0
68 59 171.0 148.0
9 56 141.0 142.0
50 56 131.0 166.0
16 66 65.0 115.0
60 45 124.0 86.0
70 10 173.0 105.0
50 19 190.0 182.0
31 37 150.0 89.0
65 50 129.0 73.0
23 44 68.0 23.0
17 49 61.0 151.0
24 43 185.0 78.0
39 27 81.0 62.0
52 13 120.0 6.0
66 1 137.0 110.0
29 36 68.0 40.0
64 24 72.0 150.0
14 56 159.0 92.0
7 53 194.0 20.0
34 31 43.0 179.0
49 18 71.0 76.0
32 36 137.0 191.0
23 41 149.0 27.0
62 2 51.0 169.0
43 30 166.0 123.0
63 6 62.0 125.0
60 8 23.0 56.0
48 49 113.0 66.0
55 10 94.0 136.0
57 8 150.0 32.0
43 42 90.0 99.0
18 51 10.0 141.0
25 43 89.0 176.0
13 56 145.0 151.0
41 27 49.0 120.0
29 38 33.0 162.0
60 9 160.0 80.0
50 25 62.0 110.0
67 2 153.0 152.0
58 3 75.0 115.0
62 25 196.0 164.0
11 55 48.0 93.0
18 34 80.0 49.0
30 38 135.0 65.0
30 36 144.0 95.0
68 1 84.0 6.0
62 7 102.0 189.0
27 43 16.0 178.0
70 3 46.0 12.0
43 38 142.0 46.0
48 20 173.0 22.0
24 44 74.0 108.0
24 45 195.0 170.0
67 4 32.0 31.0
59 62 193.0 134.0
5 61 27.0 161.0
39 28 121.0 25.0
60 10 52.0 64.0
64 5 84.0 177.0
45 21 16.0 110.0
53 16 1.0 163.0
1 69 48.0 185.0
60 11 93.0 41.0
24 41 47.0 72.0
54 15 63.0 168.0
66 2 146.0 67.0
66 3 53.0 30.0
25 42 123.0 21.0
22 49 31.0 76.0
57 12 98.0 79.0
3 63 20.0 192.0
42 28 108.0 67.0
55 16 188.0 123.0
37 32 147.0 134.0
29 37 174.0 153.0
53 17 78.0 49.0
49 20 42.0 61.0
49 11 174.0 140.0
45 23 192.0 195.0
33 37 167.0 52.0
11 53 175.0 156.0
57 13 161.0 74.0
63 4 16.0 87.0
57 47 17.0 46.0
66 29 55.0 59.0
41 42 165.0 30.0
43 26 89.0 158.0
8 62 42.0 56.0
39 1 112.0 169.0
29 40 118.0 25.0
44 56 129.0 134.0
32 51 167.0 146.0
21 48 41.0 174.0
31 35 48.0 6.0
61 10 173.0 137.0
44 26 121.0 15.0
43 28 69.0 185.0
5 65 2.0 187.0
12 58 181.0 83.0
13 49 94.0 100.0
18 53 151.0 135.0
9 36 12.0 199.0
51 38 41.0 185.0
9 62 145.0 114.0
26 45 68.0 15.0
28 44 41.0 22.0
44 27 130.0 174.0
59 10 178.0 176.0
50 21 132.0 129.0
6 65 120.0 96.0
68 4 52.0 162.0
22 45 27.0 198.0
52 19 94.0 47.0
19 53 43.0 135.0
58 43 167.0 125.0
50 23 189.0 145.0
67 6 124.0 73.0
58 13 124.0 44.0
45 25 94.0 128.0
52 22 67.0 121.0
19 48 11.0 161.0
63 9 69.0 6.0
49 23 199.0 36.0
44 29 152.0 188.0
34 37 66.0 28.0
25 46 140.0 142.0
34 41 122.0 34.0
50 29 192.0 189.0
39 51 170.0 3.0
3 2 61.0 192.0
51 22 80.0 12.0
70 4 25.0 184.0
55 53 198.0 91.0
46 29 171.0 138.0
61 11 5.0 93.0
62 12 109.0 197.0
59 13 87.0 32.0
16 65 9.0 100.0
65 7 70.0 41.0
58 15 127.0 96.0
69 3 25.0 77.0
46 47 181.0 197.0
62 63 22.0 186.0
34 39 165.0 83.0
4 65 155.0 52.0
12 65 48.0 116.0
44 30 81.0 70.0
68 6 171.0 160.0
41 32 135.0 197.0
22 48 194.0 68.0
18 42 169.0 168.0
59 12 182.0 135.0
42 60 115.0 137.0
25 49 12.0 115.0
47 27 98.0 93.0
28 47 66.0 69.0
40 33 96.0 153.0
17 57 9.0 43.0
7 68 120.0 178.0
18 56 39.0 54.0
27 48 153.0 154.0
52 24 65.0 165.0
24 46 62.0 163.0
21 54 155.0 80.0
35 38 72.0 4.0
69 8 185.0 81.0
69 7 82.0 58.0
44 31 186.0 121.0
54 18 110.0 139.0
32 44 6.0 176.0
10 65 180.0 21.0
24 50 32.0 87.0
58 42 45.0 104.0
13 61 5.0 183.0
60 15 177.0 39.0
48 23 18.0 163.0
56 20 139.0 80.0
13 60 74.0 145.0
49 69 24.0 6.0
11 65 59.0 56.0
26 50 180.0 56.0
27 31 198.0 137.0
26 47 194.0 175.0
33 44 179.0 12.0
14 61 56.0 118.0
45 28 1.0 83.0
19 56 106.0 177.0
9 64 73.0 117.0
12 64 100.0 53.0
5 66 101.0 98.0
14 62 110.0 95.0
68 9 14.0 89.0
39 35 5.0 70.0
48 26 60.0 6.0
49 27 130.0 118.0
61 15 20.0 3.0
48 28 126.0 120.0
35 42 172.0 27.0
38 56 16.0 82.0
47 25 38.0 182.0
41 65 57.0 43.0
27 46 105.0 69.0
30 47 58.0 35.0
14 70 184.0 30.0
18 58 150.0 62.0
24 53 172.0 122.0
66 12 3.0 140.0
49 63 11.0 42.0
57 48 36.0 20.0
41 35 128.0 141.0
50 18 5.0 186.0
29 48 167.0 141.0
8 66 48.0 117.0
21 49 67.0 172.0
6 70 29.0 70.0
36 23 112.0 192.0
53 65 93.0 149.0
42 34 35.0 21.0
62 70 139.0 40.0
54 25 104.0 59.0
11 67 88.0 152.0
21 57 21.0 107.0
36 40 126.0 3.0
55 48 48.0 38.0
7 70 118.0 141.0
45 31 57.0 153.0
42 67 2.0 197.0
55 25 170.0 106.0
56 21 57.0 10.0
38 41 26.0 30.0
52 26 144.0 104.0
69 9 45.0 144.0
60 19 120.0 163.0
51 26 121.0 177.0
67 10 46.0 123.0
55 21 71.0 168.0
13 65 77.0 80.0
6 69 102.0 55.0
27 50 29.0 198.0
63 14 191.0 26.0
19 70 28.0 63.0
44 34 176.0 149.0
9 70 6.0 174.0
64 6 44.0 29.0
23 53 177.0 73.0
61 18 19.0 31.0
41 37 196.0 48.0
43 45 153.0 188.0
56 34 177.0 181.0
57 61 68.0 153.0
20 58 159.0 26.0
34 46 0.0 155.0
63 17 39.0 129.0
51 29 99.0 59.0
55 24 162.0 95.0
42 37 53.0 115.0
13 62 187.0 30.0
49 28 84.0 7.0
44 37 37.0 195.0
49 29 108.0 37.0
70 8 38.0 148.0
37 50 116.0 89.0
36 31 56.0 30.0
48 30 11.0 110.0
57 24 123.0 150.0
13 68 139.0 159.0
58 22 184.0 176.0
68 11 138.0 44.0
59 21 59.0 128.0
49 26 74.0 127.0
16 62 125.0 130.0
25 61 199.0 136.0
34 40 9.0 74.0
43 33 140.0 148.0
61 20 99.0 76.0
53 34 175.0 189.0
59 20 73.0 186.0
53 27 87.0 99.0
63 52 76.0 13.0
33 47 107.0 27.0
63 42 89.0 116.0
57 67 129.0 182.0
53 28 135.0 180.0
23 56 53.0 110.0
56 24 124.0 126.0
37 45 183.0 11.0
16 64 132.0 59.0
46 33 122.0 39.0
37 40 25.0 164.0
33 42 16.0 106.0
9 67 192.0 151.0
57 25 45.0 45.0
52 44 22.0 169.0
25 56 58.0 5.0
31 52 43.0 143.0
69 15 41.0 117.0
26 42 165.0 18.0
35 47 88.0 133.0
43 57 169.0 32.0
70 38 110.0 14.0
47 32 4.0 84.0
68 30 80.0 62.0
36 58 7.0 123.0
63 34 134.0 48.0
25 58 6.0 51.0
48 34 104.0 46.0
60 14 23.0 73.0
47 36 11.0 133.0
45 29 194.0 15.0
61 22 165.0 26.0
62 21 79.0 172.0
29 53 169.0 165.0
21 61 134.0 127.0
62 54 23.0 190.0
4 52 110.0 46.0
46 42 30.0 73.0
10 68 161.0 176.0
59 25 105.0 78.0
59 23 199.0 136.0
47 37 167.0 169.0
37 46 119.0 101.0
28 55 25.0 94.0
34 47 115.0 88.0
49 31 77.0 145.0
41 54 120.0 190.0
56 29 132.0 25.0
61 23 94.0 131.0
31 51 179.0 13.0
68 17 75.0 50.0
22 62 169.0 52.0
49 37 60.0 84.0
11 62 56.0 89.0
30 55 81.0 176.0
46 38 17.0 165.0
20 65 128.0 63.0
67 16 2.0 59.0
58 26 52.0 29.0
20 63 43.0 21.0
26 56 28.0 55.0
13 69 92.0 36.0
32 52 122.0 125.0
45 41 183.0 139.0
67 15 41.0 111.0
56 28 126.0 196.0
69 12 191.0 130.0
49 38 82.0 186.0
6 66 198.0 62.0
54 33 112.0 42.0
64 28 181.0 34.0
69 37 198.0 164.0
63 21 64.0 192.0
64 69 88.0 142.0
45 34 121.0 31.0
36 49 135.0 155.0
45 15 149.0 85.0
57 26 84.0 61.0
66 37 105.0 65.0
48 35 7.0 56.0
35 52 64.0 71.0
70 15 49.0 104.0
44 45 14.0 122.0
55 33 117.0 101.0
52 36 67.0 66.0
49 32 161.0 151.0
31 56 150.0 19.0
23 54 15.0 157.0
66 31 111.0 32.0
67 27 185.0 112.0
16 70 82.0 151.0
37 55 167.0 0.0
20 66 58.0 187.0
51 33 26.0 171.0
67 21 113.0 176.0
48 56 44.0 128.0
68 15 116.0 155.0
50 41 25.0 101.0
64 22 175.0 108.0
42 45 0.0 143.0
61 51 129.0 10.0
11 25 31.0 155.0
68 19 46.0 144.0
41 43 91.0 90.0
22 67 186.0 8.0
21 65 177.0 12.0
60 23 75.0 152.0
23 68 162.0 27.0
24 65 150.0 91.0
20 67 152.0 133.0
28 58 156.0 150.0
53 32 40.0 48.0
40 46 161.0 27.0
39 44 135.0 138.0
37 53 43.0 10.0
69 21 67.0 5.0
41 44 104.0 169.0
42 44 83.0 8.0
64 42 188.0 191.0
21 37 47.0 180.0
24 66 69.0 8.0
70 12 13.0 4.0
22 68 30.0 8.0
59 26 185.0 98.0
70 18 15.0 41.0
46 44 7.0 50.0
47 39 16.0 195.0
58 31 136.0 63.0
38 54 38.0 5.0
30 46 14.0 3.0
62 29 182.0 44.0
36 53 145.0 167.0
32 59 188.0 112.0
34 55 122.0 196.0
66 19 92.0 138.0
48 43 7.0 29.0
45 33 51.0 197.0
33 56 173.0 65.0
27 65 142.0 155.0
57 30 70.0 87.0
39 48 44.0 10.0
56 36 21.0 166.0
60 31 21.0 65.0
33 57 188.0 180.0
42 48 29.0 39.0
66 25 94.0 155.0
33 53 73.0 37.0
49 43 19.0 95.0
29 55 141.0 63.0
19 65 166.0 114.0
50 44 144.0 188.0
59 37 11.0 132.0
54 36 28.0 193.0
70 39 49.0 122.0
61 52 147.0 122.0
64 27 16.0 167.0
60 32 92.0 109.0
41 52 98.0 11.0
49 70 86.0 194.0
70 21 17.0 50.0
38 57 182.0 197.0
68 24 105.0 31.0
55 38 171.0 53.0
65 28 55.0 139.0
40 54 166.0 100.0
50 42 37.0 16.0
59 34 181.0 123.0
49 44 92.0 151.0
58 38 167.0 74.0
63 28 4.0 73.0
40 48 190.0 127.0
29 70 52.0 46.0
52 42 149.0 171.0
50 68 71.0 186.0
33 61 40.0 52.0
64 23 11.0 133.0
27 62 124.0 179.0
60 35 180.0 80.0
70 24 180.0 122.0
33 63 151.0 32.0
36 48 27.0 52.0
46 48 93.0 98.0
65 30 190.0 86.0
20 62 162.0 154.0
57 36 195.0 39.0
66 30 19.0 127.0
25 68 162.0 199.0
26 69 141.0 65.0
39 53 82.0 120.0
45 50 159.0 127.0
46 28 84.0 101.0
39 41 163.0 199.0
35 63 29.0 110.0
57 41 93.0 0.0
50 49 66.0 55.0
35 45 26.0 7.0
61 28 98.0 60.0
41 55 77.0 57.0
28 67 185.0 113.0
67 24 58.0 100.0
53 42 164.0 40.0
64 63 97.0 57.0
65 31 31.0 163.0
64 26 128.0 57.0
60 30 6.0 26.0
67 25 9.0 35.0
60 37 63.0 195.0
49 47 163.0 122.0
49 24 115.0 79.0
36 64 50.0 12.0
50 30 90.0 33.0
43 54 6.0 18.0
28 66 16.0 164.0
60 50 25.0 177.0
53 43 8.0 88.0
70 22 134.0 124.0
39 55 135.0 50.0
53 46 45.0 137.0
46 51 193.0 135.0
24 59 173.0 151.0
69 28 78.0 141.0
40 62 62.0 55.0
45 51 167.0 22.0
45 54 134.0 101.0
44 55 146.0 21.0
35 65 156.0 143.0
70 31 143.0 102.0
65 44 183.0 68.0
54 42 35.0 13.0
53 69 75.0 49.0
28 59 21.0 42.0
63 46 176.0 108.0
69 30 13.0 74.0
62 36 170.0 121.0
66 34 32.0 66.0
59 41 150.0 167.0
59 42 80.0 137.0
32 67 116.0 107.0
63 39 37.0 137.0
55 45 195.0 166.0
68 32 119.0 8.0
54 46 58.0 42.0
62 37 38.0 42.0
69 31 194.0 188.0
49 51 143.0 26.0
58 44 180.0 59.0
62 41 183.0 17.0
43 50 177.0 178.0
54 51 138.0 96.0
48 32 78.0 148.0
65 34 97.0 69.0
46 50 143.0 43.0
56 46 104.0 38.0
69 34 94.0 36.0
32 58 95.0 77.0
70 27 69.0 24.0
33 67 119.0 7.0
61 41 114.0 150.0
52 51 98.0 11.0
69 39 116.0 193.0
57 45 136.0 172.0
40 55 30.0 30.0
28 68 156.0 125.0
37 65 117.0 26.0
54 49 186.0 36.0
35 70 191.0 52.0
58 46 138.0 41.0
34 70 50.0 6.0
59 39 99.0 138.0
60 59 154.0 129.0
62 43 46.0 63.0
60 40 83.0 115.0
37 68 71.0 22.0
43 55 151.0 14.0
41 66 64.0 41.0
55 46 61.0 66.0
69 56 117.0 112.0
54 53 105.0 24.0
59 44 60.0 103.0
65 36 58.0 144.0
52 53 163.0 82.0
56 52 34.0 115.0
43 66 147.0 98.0
46 61 86.0 9.0
54 44 199.0 155.0
40 66 67.0 104.0
62 47 50.0 127.0
56 40 99.0 61.0
63 47 134.0 62.0
43 59 96.0 168.0
31 57 146.0 43.0
68 41 10.0 32.0
50 59 193.0 161.0
36 61 89.0 60.0
45 61 3.0 92.0
60 29 104.0 54.0
59 47 39.0 38.0
61 49 36.0 135.0
59 70 66.0 134.0
41 70 109.0 28.0
46 67 176.0 102.0
54 57 33.0 18.0
70 40 17.0 188.0
65 48 111.0 73.0
59 48 108.0 150.0
42 69 1.0 96.0
46 65 48.0 19.0
40 63 6.0 110.0
61 30 44.0 182.0
62 48 133.0 77.0
55 56 125.0 102.0
65 39 169.0 188.0
70 45 62.0 78.0
55 59 194.0 15.0
66 45 105.0 194.0
62 52 70.0 111.0
43 61 148.0 114.0
45 68 109.0 33.0
53 56 67.0 186.0
66 48 102.0 36.0
51 57 43.0 116.0
11 63 198.0 37.0
46 64 152.0 103.0
57 59 109.0 22.0
69 47 11.0 57.0
43 70 39.0 120.0
59 38 39.0 106.0
68 52 100.0 93.0
55 60 2.0 143.0
52 60 116.0 152.0
56 66 3.0 68.0
66 36 187.0 112.0
44 61 9.0 199.0
70 48 92.0 48.0
58 21 116.0 84.0
61 40 162.0 16.0
49 41 89.0 164.0
36 46 159.0 158.0
43 65 98.0 162.0
62 38 151.0 37.0
67 47 64.0 113.0
50 51 142.0 108.0
67 49 21.0 11.0
63 68 165.0 183.0
70 46 134.0 7.0
48 63 90.0 93.0
54 65 116.0 140.0
66 61 87.0 20.0
63 58 130.0 103.0
64 52 18.0 25.0
65 55 78.0 191.0
60 58 106.0 44.0
62 58 192.0 41.0
62 50 63.0 35.0
69 52 81.0 132.0
42 70 176.0 169.0
57 60 187.0 106.0
64 57 41.0 158.0
55 58 87.0 71.0
51 64 101.0 193.0
44 63 38.0 46.0
62 61 119.0 54.0
64 59 66.0 153.0
60 44 79.0 42.0
60 54 135.0 18.0
68 44 103.0 128.0
49 56 2.0 190.0
61 65 137.0 55.0
60 65 99.0 128.0
59 53 143.0 19.0
70 36 162.0 9.0
66 57 48.0 193.0
60 63 135.0 135.0
66 63 114.0 39.0
56 62 34.0 68.0
69 58 192.0 171.0
70 60 15.0 91.0
53 62 153.0 158.0
55 66 136.0 67.0
29 22 26.0 137.0
66 64 60.0 113.0
68 29 103.0 126.0
70 65 3.0 137.0
56 67 102.0 147.0
61 35 145.0 118.0
66 65 192.0 51.0
60 66 174.0 80.0
62 68 3.0 152.0
64 34 178.0 63.0
67 55 8.0 81.0
66 68 60.0 164.0
63 59 190.0 115.0
65 51 108.0 88.0
57 58 17.0 52.0
64 60 188.0 192.0
70 54 144.0 191.0
57 49 37.0 122.0
68 48 186.0 45.0
65 32 155.0 199.0
65 68 127.0 98.0
66 59 168.0 187.0
70 51 134.0 186.0
51 66 178.0 123.0
60 61 93.0 122.0
59 58 172.0 130.0
61 17 28.0 159.0
61 53 162.0 135.0
44 47 179.0 41.0
69 38 48.0 99.0
57 62 144.0 183.0
53 68 98.0 122.0
61 59 149.0 143.0
51 63 143.0 122.0
67 69 89.0 123.0
66 26 71.0 3.0
58 70 16.0 2.0
61 68 94.0 64.0
69 48 162.0 39.0
68 43 134.0 12.0
27 69 150.0 83.0
44 69 133.0 46.0
50 69 85.0 174.0
69 68 25.0 108.0
68 70 1.0 193.0
62 69 111.0 95.0
54 68 18.0 73.0
69 11 110.0 152.0
56 59 126.0 12.0
54 55 136.0 11.0
1 48 112.0 173.0
57 68 90.0 137.0
67 60 12.0 91.0
1 2 101.0 123.0
68 58 177.0 71.0
53 66 132.0 39.0
59 52 109.0 10.0
35 53 146.0 197.0
69 61 122.0 59.0
0
