87 3741 38 68 563971
35 37 133.0 97.0
43 79 99.0 166.0
49 38 4.0 20.0
3 59 161.0 186.0
80 74 126.0 107.0
67 13 65.0 147.0
30 72 76.0 54.0
21 81 75.0 45.0
22 10 99.0 8.0
80 77 180.0 198.0
27 8 183.0 184.0
67 38 102.0 144.0
24 48 93.0 28.0
53 82 170.0 159.0
66 69 198.0 47.0
62 40 54.0 25.0
41 38 3.0 153.0
7 5 72.0 183.0
34 16 100.0 56.0
53 63 52.0 155.0
16 79 151.0 98.0
73 81 141.0 73.0
54 76 69.0 139.0
21 73 8.0 123.0
23 52 14.0 163.0
70 57 7.0 38.0
64 56 14.0 60.0
24 60 3.0 18.0
51 47 166.0 106.0
40 56 99.0 107.0
37 11 73.0 169.0
83 17 63.0 81.0
60 21 6.0 29.0
77 34 67.0 166.0
81 62 113.0 33.0
26 73 143.0 116.0
25 33 197.0 109.0
2 80 110.0 49.0
3 63 80.0 183.0
79 20 40.0 96.0
40 34 109.0 46.0
59 47 12.0 176.0
13 58 183.0 77.0
36 76 37.0 79.0
21 27 74.0 186.0
20 81 75.0 184.0
56 41 172.0 156.0
61 82 149.0 12.0
28 72 27.0 11.0
32 19 165.0 191.0
77 72 66.0 149.0
60 84 87.0 103.0
23 24 29.0 113.0
18 42 82.0 57.0
82 59 105.0 54.0
53 4 50.0 7.0
76 6 4.0 77.0
24 82 10.0 169.0
59 25 7.0 76.0
21 25 171.0 94.0
49 7 146.0 152.0
48 45 27.0 180.0
16 36 143.0 85.0
39 53 186.0 194.0
50 20 123.0 190.0
7 69 37.0 134.0
85 11 137.0 44.0
28 8 163.0 108.0
14 35 157.0 61.0
80 56 196.0 136.0
4 87 186.0 92.0
44 33 31.0 172.0
44 75 57.0 155.0
3 12 113.0 94.0
55 19 145.0 50.0
26 13 129.0 108.0
48 83 97.0 86.0
44 81 143.0 93.0
73 11 13.0 129.0
35 31 37.0 197.0
18 2 148.0 46.0
46 60 148.0 13.0
70 69 14.0 94.0
73 37 49.0 95.0
11 1 39.0 146.0
10 8 103.0 182.0
18 84 105.0 69.0
27 34 39.0 94.0
27 68 67.0 139.0
32 18 17.0 167.0
78 51 95.0 183.0
1 42 44.0 96.0
58 57 119.0 35.0
56 15 20.0 22.0
3 45 151.0 77.0
78 57 183.0 190.0
30 68 49.0 50.0
78 53 2.0 67.0
16 71 151.0 49.0
26 29 44.0 147.0
85 28 184.0 163.0
35 85 185.0 4.0
42 36 43.0 89.0
84 34 21.0 26.0
7 18 195.0 71.0
70 50 182.0 197.0
33 5 125.0 86.0
33 29 142.0 122.0
49 76 72.0 126.0
65 79 157.0 9.0
27 73 26.0 152.0
20 68 43.0 47.0
77 24 158.0 38.0
65 69 157.0 93.0
73 54 35.0 82.0
82 81 84.0 177.0
62 1 169.0 108.0
80 46 6.0 126.0
31 85 2.0 32.0
58 59 168.0 45.0
74 64 167.0 127.0
38 59 113.0 124.0
25 18 67.0 149.0
4 47 157.0 104.0
48 67 24.0 126.0
25 42 107.0 30.0
31 60 44.0 61.0
23 45 53.0 13.0
10 4 21.0 20.0
2 10 167.0 135.0
36 81 18.0 186.0
40 5 48.0 175.0
64 78 193.0 72.0
24 65 46.0 100.0
11 2 21.0 90.0
70 7 19.0 74.0
64 32 163.0 193.0
57 6 94.0 82.0
86 80 182.0 112.0
76 18 118.0 183.0
9 44 103.0 112.0
21 76 36.0 149.0
6 46 3.0 57.0
52 63 147.0 175.0
86 3 170.0 110.0
8 42 68.0 65.0
34 70 77.0 2.0
80 40 14.0 196.0
84 15 7.0 69.0
82 7 7.0 196.0
52 45 162.0 162.0
12 33 116.0 109.0
2 12 161.0 87.0
78 5 83.0 29.0
66 42 2.0 160.0
81 86 114.0 16.0
5 66 97.0 74.0
72 24 172.0 56.0
60 58 13.0 134.0
4 63 69.0 129.0
4 42 37.0 31.0
38 86 58.0 120.0
40 21 118.0 12.0
20 21 13.0 32.0
78 68 28.0 110.0
83 85 156.0 0.0
56 20 197.0 169.0
74 25 50.0 18.0
59 48 195.0 87.0
47 54 10.0 5.0
14 6 85.0 128.0
87 15 122.0 98.0
74 21 4.0 102.0
18 20 168.0 160.0
39 77 23.0 165.0
6 5 102.0 25.0
52 61 199.0 98.0
19 81 168.0 10.0
68 1 128.0 5.0
15 10 127.0 2.0
30 82 96.0 131.0
6 13 51.0 65.0
12 6 55.0 26.0
40 60 104.0 158.0
25 40 197.0 55.0
25 79 193.0 165.0
80 45 111.0 121.0
46 17 92.0 190.0
3 54 43.0 140.0
66 34 40.0 46.0
70 19 58.0 48.0
78 17 48.0 162.0
56 9 133.0 45.0
5 11 143.0 126.0
48 38 112.0 7.0
54 53 8.0 156.0
20 82 139.0 3.0
28 13 42.0 132.0
31 3 149.0 101.0
19 25 56.0 197.0
33 63 173.0 189.0
66 32 42.0 68.0
18 1 144.0 154.0
27 80 96.0 104.0
74 43 62.0 35.0
4 13 183.0 57.0
61 15 189.0 132.0
31 8 111.0 197.0
70 83 183.0 36.0
19 79 75.0 25.0
53 74 5.0 19.0
66 83 51.0 53.0
38 31 45.0 65.0
3 40 11.0 28.0
54 46 158.0 1.0
45 79 172.0 69.0
66 45 96.0 155.0
28 29 93.0 171.0
10 7 4.0 98.0
80 59 153.0 7.0
3 60 104.0 198.0
13 69 27.0 115.0
27 2 83.0 185.0
73 4 108.0 55.0
8 9 25.0 157.0
14 4 105.0 118.0
24 12 41.0 61.0
70 2 16.0 194.0
53 32 87.0 72.0
13 32 62.0 67.0
33 66 179.0 97.0
70 9 26.0 40.0
60 5 60.0 51.0
1 13 148.0 117.0
49 32 115.0 189.0
3 14 90.0 132.0
18 67 4.0 130.0
11 74 57.0 18.0
44 52 164.0 188.0
52 2 137.0 143.0
6 25 151.0 149.0
62 21 159.0 51.0
52 32 146.0 75.0
18 37 162.0 36.0
2 5 116.0 118.0
81 85 21.0 173.0
49 74 74.0 137.0
76 78 167.0 163.0
16 7 143.0 70.0
27 1 78.0 55.0
12 1 148.0 176.0
54 11 60.0 62.0
19 11 198.0 176.0
8 21 170.0 19.0
8 72 157.0 196.0
62 87 16.0 124.0
85 82 105.0 160.0
82 31 88.0 135.0
48 31 42.0 188.0
34 29 159.0 102.0
39 34 148.0 109.0
46 72 195.0 70.0
16 3 179.0 152.0
50 5 154.0 196.0
86 46 149.0 11.0
76 45 76.0 189.0
67 59 86.0 118.0
87 82 9.0 197.0
28 87 184.0 109.0
63 75 178.0 179.0
38 47 81.0 157.0
15 3 41.0 187.0
84 7 88.0 190.0
43 26 60.0 116.0
76 28 135.0 99.0
23 66 10.0 144.0
65 85 191.0 194.0
64 43 89.0 169.0
4 3 123.0 170.0
49 36 198.0 116.0
34 13 159.0 38.0
38 26 145.0 171.0
53 12 52.0 32.0
70 13 122.0 63.0
2 49 72.0 66.0
83 45 97.0 161.0
55 59 3.0 172.0
7 36 55.0 1.0
17 3 135.0 166.0
84 13 192.0 32.0
8 1 79.0 44.0
16 42 31.0 1.0
83 28 108.0 104.0
73 40 25.0 6.0
4 6 95.0 28.0
55 85 117.0 150.0
65 67 71.0 5.0
72 74 166.0 63.0
77 28 103.0 45.0
69 35 140.0 134.0
55 62 177.0 49.0
15 42 157.0 154.0
60 16 156.0 53.0
13 65 89.0 26.0
45 6 30.0 161.0
79 49 178.0 196.0
76 11 156.0 81.0
37 53 113.0 48.0
5 14 166.0 42.0
26 11 42.0 76.0
18 59 48.0 150.0
36 18 60.0 138.0
15 38 132.0 90.0
78 25 16.0 110.0
27 19 175.0 124.0
71 54 22.0 40.0
39 86 126.0 141.0
1 14 116.0 120.0
39 47 134.0 116.0
56 34 159.0 195.0
12 9 37.0 43.0
80 23 107.0 53.0
41 53 113.0 34.0
11 30 75.0 88.0
28 36 46.0 154.0
16 55 144.0 114.0
14 67 49.0 30.0
3 5 142.0 8.0
58 10 139.0 131.0
10 9 110.0 198.0
6 7 119.0 23.0
13 2 74.0 146.0
29 83 138.0 120.0
19 1 176.0 34.0
26 34 101.0 25.0
28 74 57.0 196.0
75 45 49.0 148.0
16 67 129.0 159.0
81 68 144.0 0.0
62 42 90.0 18.0
37 30 30.0 29.0
68 48 188.0 159.0
73 85 75.0 42.0
64 40 14.0 132.0
11 9 181.0 15.0
76 58 112.0 63.0
31 1 59.0 8.0
42 29 66.0 149.0
58 45 88.0 48.0
85 30 26.0 28.0
28 63 122.0 101.0
15 62 26.0 136.0
71 13 199.0 159.0
70 32 139.0 63.0
33 41 104.0 150.0
61 16 13.0 122.0
60 32 176.0 53.0
53 7 130.0 155.0
62 19 164.0 52.0
72 18 13.0 142.0
30 62 75.0 164.0
85 41 66.0 167.0
73 17 51.0 171.0
32 41 0.0 16.0
5 15 51.0 176.0
39 84 7.0 181.0
8 81 134.0 123.0
3 48 172.0 148.0
14 56 196.0 47.0
10 43 46.0 15.0
52 25 101.0 98.0
57 21 152.0 101.0
17 2 39.0 3.0
33 76 53.0 198.0
61 79 49.0 188.0
31 62 59.0 21.0
22 26 148.0 8.0
60 71 71.0 147.0
87 58 144.0 125.0
70 3 199.0 96.0
31 56 122.0 38.0
37 29 158.0 175.0
13 15 1.0 8.0
68 55 60.0 61.0
80 38 142.0 8.0
21 50 157.0 13.0
12 79 16.0 101.0
74 61 125.0 15.0
29 35 189.0 199.0
55 64 8.0 100.0
70 44 198.0 162.0
3 6 196.0 58.0
43 77 192.0 138.0
32 12 30.0 149.0
10 12 159.0 46.0
18 26 2.0 36.0
52 54 70.0 143.0
22 82 5.0 79.0
38 84 145.0 3.0
1 6 164.0 141.0
1 51 158.0 156.0
4 18 24.0 140.0
14 7 108.0 135.0
9 4 77.0 62.0
49 9 75.0 147.0
4 44 152.0 32.0
40 24 139.0 97.0
34 76 185.0 55.0
3 19 52.0 95.0
66 20 176.0 28.0
3 68 128.0 36.0
63 31 152.0 5.0
31 28 56.0 179.0
72 62 54.0 9.0
20 2 153.0 146.0
17 45 70.0 138.0
36 11 33.0 122.0
3 10 45.0 9.0
70 46 59.0 125.0
68 87 103.0 11.0
27 57 21.0 159.0
23 87 153.0 76.0
20 75 180.0 106.0
32 84 140.0 50.0
7 39 52.0 126.0
41 81 47.0 49.0
40 84 132.0 106.0
83 23 195.0 187.0
12 11 12.0 16.0
51 35 150.0 117.0
22 53 194.0 82.0
50 84 154.0 86.0
27 10 190.0 7.0
4 39 185.0 189.0
2 14 39.0 69.0
50 77 175.0 186.0
41 46 127.0 139.0
22 1 18.0 78.0
84 67 108.0 164.0
55 76 111.0 63.0
78 74 67.0 53.0
17 37 61.0 4.0
72 73 101.0 101.0
54 87 38.0 76.0
15 8 42.0 166.0
7 12 161.0 12.0
31 79 10.0 70.0
17 5 145.0 121.0
34 36 81.0 12.0
72 45 107.0 95.0
23 57 124.0 160.0
56 45 182.0 163.0
29 77 182.0 176.0
41 54 89.0 95.0
15 1 94.0 99.0
64 53 53.0 40.0
1 74 69.0 87.0
24 42 63.0 128.0
11 20 117.0 139.0
64 13 187.0 99.0
4 1 164.0 121.0
55 15 131.0 6.0
32 86 32.0 178.0
43 52 82.0 86.0
30 45 195.0 104.0
78 44 37.0 10.0
63 21 55.0 106.0
33 34 92.0 194.0
35 74 1.0 8.0
81 77 18.0 84.0
16 2 54.0 2.0
52 9 55.0 137.0
45 61 120.0 50.0
9 26 51.0 109.0
38 85 167.0 106.0
31 34 159.0 11.0
12 61 4.0 112.0
42 57 58.0 174.0
57 13 92.0 113.0
21 78 31.0 99.0
51 14 20.0 103.0
31 16 77.0 71.0
9 5 107.0 197.0
16 5 103.0 18.0
8 55 119.0 108.0
24 55 91.0 177.0
67 4 77.0 135.0
73 60 191.0 60.0
74 38 154.0 12.0
53 10 61.0 184.0
27 24 100.0 120.0
58 79 74.0 4.0
10 14 6.0 193.0
53 66 158.0 49.0
4 16 65.0 35.0
70 58 163.0 57.0
87 50 91.0 70.0
14 8 174.0 104.0
53 81 80.0 26.0
72 23 194.0 154.0
21 75 193.0 152.0
46 23 43.0 151.0
33 11 166.0 108.0
19 2 147.0 81.0
19 4 195.0 38.0
69 6 192.0 121.0
86 11 92.0 73.0
26 25 24.0 86.0
5 69 157.0 169.0
83 10 82.0 152.0
8 2 147.0 48.0
28 19 68.0 95.0
43 34 190.0 63.0
31 74 4.0 183.0
77 3 14.0 96.0
19 77 170.0 190.0
58 68 164.0 79.0
77 13 147.0 46.0
12 30 22.0 94.0
8 7 160.0 90.0
29 75 111.0 151.0
53 52 126.0 68.0
46 74 185.0 140.0
64 21 23.0 108.0
80 47 27.0 139.0
52 65 15.0 174.0
7 23 63.0 189.0
17 1 93.0 175.0
24 35 180.0 157.0
78 1 10.0 58.0
66 71 144.0 148.0
83 75 77.0 120.0
34 59 118.0 56.0
37 7 132.0 133.0
13 8 118.0 195.0
7 11 91.0 12.0
37 82 14.0 23.0
74 26 191.0 176.0
9 51 19.0 136.0
11 13 32.0 48.0
37 22 64.0 150.0
6 8 91.0 197.0
74 85 160.0 10.0
8 63 165.0 4.0
57 25 145.0 131.0
42 23 198.0 136.0
74 5 20.0 169.0
20 3 148.0 52.0
33 53 113.0 164.0
70 17 45.0 157.0
15 65 173.0 6.0
32 47 92.0 90.0
71 18 155.0 37.0
41 25 169.0 153.0
22 17 30.0 141.0
35 42 70.0 178.0
86 12 188.0 136.0
20 12 114.0 33.0
76 52 161.0 40.0
11 81 95.0 53.0
5 10 89.0 50.0
46 62 13.0 58.0
70 16 179.0 44.0
57 69 46.0 1.0
72 4 78.0 186.0
9 3 50.0 192.0
5 20 69.0 11.0
39 1 19.0 116.0
22 50 122.0 108.0
1 21 160.0 87.0
82 14 167.0 139.0
75 67 127.0 165.0
63 6 164.0 5.0
28 69 39.0 15.0
34 53 49.0 60.0
46 33 101.0 20.0
82 15 24.0 23.0
81 78 20.0 184.0
83 79 52.0 139.0
50 10 45.0 132.0
7 1 84.0 162.0
69 54 22.0 124.0
11 10 150.0 71.0
43 2 63.0 52.0
16 50 123.0 87.0
32 15 85.0 95.0
85 76 114.0 89.0
77 35 99.0 111.0
28 62 198.0 183.0
20 45 158.0 172.0
55 79 13.0 60.0
72 2 12.0 76.0
44 61 182.0 87.0
67 37 38.0 67.0
25 9 11.0 152.0
43 1 41.0 62.0
63 16 91.0 192.0
18 8 53.0 49.0
6 20 0.0 18.0
72 42 18.0 165.0
7 2 150.0 1.0
42 22 107.0 188.0
30 67 60.0 118.0
6 19 196.0 53.0
66 30 187.0 88.0
4 12 122.0 192.0
12 46 78.0 123.0
87 43 115.0 96.0
39 31 31.0 17.0
53 35 199.0 139.0
6 11 156.0 11.0
61 19 72.0 153.0
48 15 72.0 59.0
35 86 82.0 195.0
44 60 165.0 112.0
7 50 2.0 32.0
81 25 32.0 34.0
59 64 103.0 31.0
74 83 28.0 60.0
5 13 122.0 100.0
49 34 88.0 147.0
32 55 71.0 170.0
19 60 26.0 189.0
23 63 157.0 28.0
1 3 77.0 189.0
66 68 26.0 181.0
63 60 179.0 54.0
7 65 116.0 54.0
11 35 77.0 4.0
2 60 163.0 100.0
24 36 108.0 189.0
12 17 182.0 17.0
16 9 123.0 59.0
13 14 50.0 149.0
6 17 47.0 182.0
7 27 177.0 163.0
61 28 188.0 54.0
79 57 112.0 103.0
84 21 107.0 173.0
29 10 197.0 41.0
83 73 32.0 73.0
58 71 135.0 34.0
13 78 41.0 182.0
7 13 193.0 171.0
63 54 169.0 133.0
15 4 81.0 81.0
16 33 94.0 188.0
35 22 98.0 43.0
86 34 80.0 82.0
10 67 173.0 15.0
50 18 89.0 167.0
14 12 18.0 35.0
13 9 152.0 187.0
54 61 37.0 33.0
12 15 24.0 83.0
67 15 142.0 74.0
40 36 190.0 23.0
7 80 61.0 164.0
10 87 140.0 103.0
43 42 40.0 158.0
1 5 167.0 192.0
64 16 97.0 157.0
54 40 10.0 73.0
46 44 19.0 153.0
71 12 183.0 9.0
9 1 11.0 197.0
5 56 181.0 151.0
2 77 152.0 22.0
22 6 29.0 72.0
79 76 199.0 126.0
28 82 45.0 161.0
30 55 105.0 64.0
58 7 65.0 41.0
5 32 7.0 76.0
79 38 32.0 189.0
19 43 1.0 136.0
18 34 25.0 30.0
22 38 115.0 24.0
24 19 159.0 112.0
65 4 199.0 64.0
16 6 152.0 64.0
75 60 185.0 160.0
2 38 161.0 169.0
72 31 41.0 162.0
64 31 160.0 67.0
60 55 162.0 27.0
4 23 138.0 121.0
62 4 20.0 137.0
48 71 90.0 173.0
17 8 164.0 28.0
6 21 98.0 77.0
77 46 26.0 91.0
69 51 189.0 138.0
11 83 39.0 151.0
54 70 75.0 177.0
74 20 109.0 95.0
6 10 112.0 151.0
73 57 91.0 29.0
9 17 88.0 189.0
55 66 34.0 66.0
29 78 49.0 23.0
65 18 81.0 89.0
79 48 65.0 156.0
68 21 152.0 126.0
16 10 82.0 17.0
8 60 90.0 173.0
68 23 154.0 131.0
1 40 91.0 140.0
31 43 179.0 141.0
60 78 146.0 61.0
38 64 85.0 164.0
11 15 150.0 190.0
53 59 130.0 32.0
31 65 13.0 20.0
79 81 68.0 120.0
34 4 159.0 160.0
46 56 123.0 138.0
25 3 139.0 22.0
54 65 46.0 25.0
71 45 101.0 148.0
3 21 83.0 31.0
31 77 58.0 48.0
63 85 8.0 79.0
2 81 61.0 167.0
41 31 183.0 137.0
9 6 34.0 74.0
62 38 29.0 32.0
20 7 144.0 82.0
10 19 51.0 27.0
64 8 176.0 62.0
84 20 129.0 136.0
13 3 32.0 191.0
37 69 25.0 15.0
66 75 88.0 59.0
26 55 159.0 69.0
76 62 138.0 104.0
48 52 86.0 142.0
15 9 108.0 14.0
12 8 133.0 189.0
11 57 70.0 165.0
30 20 51.0 95.0
4 17 66.0 91.0
5 8 176.0 178.0
73 33 82.0 66.0
84 19 29.0 121.0
24 15 61.0 89.0
20 28 43.0 146.0
17 13 23.0 113.0
9 62 169.0 27.0
2 33 67.0 35.0
52 58 96.0 43.0
4 7 117.0 179.0
9 14 34.0 98.0
29 30 25.0 48.0
57 4 28.0 69.0
81 35 101.0 52.0
18 6 59.0 70.0
75 32 181.0 78.0
81 45 71.0 77.0
50 34 5.0 188.0
48 10 48.0 39.0
22 3 90.0 73.0
10 18 92.0 71.0
14 70 124.0 193.0
25 14 55.0 184.0
37 75 145.0 36.0
33 8 23.0 16.0
41 68 183.0 28.0
2 24 67.0 183.0
20 8 45.0 110.0
17 10 84.0 137.0
4 8 114.0 8.0
21 5 20.0 121.0
26 4 47.0 166.0
30 1 50.0 22.0
41 39 85.0 33.0
41 67 32.0 105.0
46 37 32.0 77.0
69 29 108.0 116.0
25 35 43.0 174.0
2 67 132.0 64.0
56 33 133.0 179.0
8 3 159.0 184.0
47 86 128.0 45.0
4 22 115.0 161.0
41 87 17.0 147.0
29 85 54.0 77.0
24 26 112.0 97.0
84 51 8.0 44.0
75 87 164.0 141.0
8 73 83.0 123.0
72 79 33.0 12.0
83 8 187.0 100.0
7 3 72.0 156.0
14 16 153.0 126.0
12 18 39.0 66.0
8 82 89.0 199.0
23 6 166.0 53.0
85 8 113.0 50.0
87 85 71.0 98.0
5 87 6.0 59.0
81 63 59.0 79.0
12 5 93.0 164.0
23 3 175.0 84.0
80 84 131.0 64.0
9 39 194.0 97.0
38 11 198.0 59.0
87 1 156.0 70.0
22 8 104.0 163.0
8 11 105.0 115.0
24 30 85.0 151.0
28 80 155.0 12.0
69 22 47.0 38.0
52 40 46.0 41.0
43 60 4.0 45.0
5 24 116.0 161.0
25 5 100.0 172.0
47 66 21.0 158.0
5 18 180.0 58.0
20 17 15.0 135.0
30 27 195.0 14.0
67 55 152.0 42.0
27 26 68.0 108.0
71 84 158.0 184.0
24 43 167.0 10.0
16 12 114.0 141.0
1 10 22.0 94.0
21 85 72.0 189.0
15 2 120.0 68.0
7 21 71.0 24.0
40 55 111.0 139.0
51 75 4.0 21.0
22 49 180.0 123.0
22 9 77.0 94.0
2 85 190.0 51.0
3 29 30.0 62.0
74 3 160.0 150.0
17 76 149.0 183.0
43 65 118.0 12.0
44 62 87.0 74.0
24 34 65.0 19.0
11 16 134.0 94.0
32 56 128.0 76.0
23 2 88.0 158.0
7 72 22.0 0.0
60 59 0.0 171.0
28 54 114.0 70.0
28 84 34.0 153.0
22 36 13.0 99.0
77 6 148.0 148.0
53 9 31.0 77.0
7 17 41.0 119.0
10 65 36.0 63.0
28 2 66.0 188.0
47 79 92.0 132.0
67 70 3.0 126.0
18 23 153.0 16.0
28 79 16.0 102.0
1 34 8.0 47.0
51 2 15.0 1.0
58 26 197.0 51.0
15 7 77.0 15.0
76 67 159.0 169.0
49 59 197.0 114.0
81 58 198.0 150.0
50 67 140.0 166.0
5 72 150.0 100.0
65 46 24.0 165.0
63 38 25.0 21.0
43 54 11.0 103.0
25 10 123.0 170.0
68 12 98.0 120.0
62 82 166.0 48.0
28 4 10.0 58.0
45 86 14.0 112.0
36 30 83.0 39.0
68 49 6.0 108.0
24 4 138.0 170.0
68 11 60.0 61.0
15 34 96.0 111.0
29 86 183.0 14.0
60 36 105.0 145.0
34 62 147.0 120.0
17 11 85.0 30.0
24 70 125.0 44.0
41 28 194.0 63.0
38 61 187.0 6.0
25 4 118.0 35.0
64 27 3.0 101.0
54 57 8.0 60.0
15 16 96.0 155.0
49 39 167.0 134.0
13 87 33.0 92.0
27 60 154.0 27.0
25 30 147.0 142.0
86 52 180.0 17.0
24 9 4.0 135.0
40 38 127.0 164.0
12 19 172.0 23.0
25 80 140.0 91.0
71 33 183.0 173.0
23 5 131.0 90.0
1 32 42.0 30.0
34 7 140.0 175.0
69 39 36.0 97.0
76 66 91.0 115.0
61 66 45.0 63.0
58 15 40.0 185.0
39 30 35.0 175.0
4 11 155.0 166.0
82 13 11.0 197.0
2 21 114.0 103.0
54 82 197.0 151.0
16 17 51.0 88.0
57 19 110.0 96.0
25 50 50.0 102.0
18 13 161.0 86.0
21 58 144.0 116.0
71 27 197.0 155.0
42 80 177.0 111.0
66 79 177.0 126.0
63 79 94.0 180.0
10 71 32.0 156.0
33 24 8.0 34.0
32 4 183.0 169.0
62 57 78.0 127.0
83 22 92.0 27.0
7 9 57.0 21.0
80 69 90.0 35.0
60 54 137.0 136.0
26 3 107.0 121.0
20 13 191.0 67.0
68 59 153.0 126.0
20 23 176.0 183.0
36 5 135.0 68.0
6 64 158.0 192.0
37 6 57.0 0.0
52 26 143.0 194.0
59 45 37.0 51.0
30 2 52.0 180.0
61 57 180.0 158.0
71 26 2.0 108.0
19 9 5.0 137.0
83 58 9.0 163.0
56 52 8.0 66.0
77 84 33.0 151.0
24 6 56.0 70.0
35 65 84.0 109.0
34 20 22.0 16.0
45 63 64.0 176.0
82 69 73.0 69.0
25 2 8.0 82.0
66 52 199.0 168.0
48 14 193.0 184.0
39 45 3.0 49.0
22 31 70.0 87.0
50 47 90.0 44.0
14 83 34.0 106.0
56 65 185.0 107.0
79 17 12.0 193.0
60 9 2.0 11.0
15 81 11.0 195.0
38 60 161.0 14.0
4 85 84.0 183.0
36 67 137.0 126.0
54 23 39.0 171.0
87 46 177.0 25.0
62 12 62.0 189.0
13 33 117.0 64.0
26 44 4.0 128.0
8 84 162.0 118.0
81 29 103.0 199.0
4 27 82.0 192.0
18 9 127.0 74.0
69 1 119.0 105.0
19 5 105.0 181.0
56 4 50.0 22.0
47 17 64.0 55.0
13 59 143.0 178.0
79 1 108.0 47.0
24 7 69.0 190.0
10 13 54.0 197.0
7 30 89.0 126.0
30 4 51.0 194.0
80 60 113.0 102.0
8 24 20.0 129.0
28 5 60.0 115.0
27 6 92.0 168.0
65 11 13.0 162.0
25 71 195.0 20.0
13 68 17.0 36.0
21 12 62.0 69.0
8 23 175.0 176.0
78 36 18.0 195.0
58 66 3.0 30.0
59 20 83.0 95.0
14 15 189.0 96.0
11 64 37.0 136.0
36 15 20.0 55.0
66 51 106.0 82.0
22 11 135.0 81.0
3 30 185.0 153.0
58 28 116.0 140.0
9 23 196.0 199.0
28 1 70.0 138.0
20 71 130.0 59.0
86 9 154.0 102.0
59 71 93.0 12.0
57 60 167.0 28.0
51 54 13.0 105.0
74 33 51.0 81.0
85 64 31.0 0.0
20 14 196.0 53.0
7 25 115.0 78.0
28 49 73.0 21.0
24 84 17.0 167.0
8 25 2.0 185.0
11 40 198.0 168.0
72 40 121.0 49.0
17 81 114.0 104.0
72 53 8.0 62.0
71 79 104.0 123.0
32 39 143.0 178.0
35 62 11.0 161.0
18 87 173.0 165.0
31 12 27.0 171.0
44 21 17.0 148.0
6 32 18.0 83.0
76 73 135.0 26.0
64 47 111.0 39.0
85 47 81.0 54.0
21 70 111.0 44.0
61 7 157.0 36.0
10 66 30.0 185.0
86 70 59.0 199.0
21 4 99.0 29.0
22 2 65.0 34.0
13 19 107.0 176.0
59 8 62.0 189.0
70 4 119.0 125.0
10 80 91.0 77.0
58 49 6.0 121.0
31 73 37.0 18.0
80 29 135.0 89.0
43 85 164.0 152.0
3 11 49.0 71.0
5 26 116.0 111.0
35 1 89.0 36.0
59 65 71.0 132.0
27 5 130.0 29.0
29 25 186.0 168.0
18 15 54.0 73.0
17 15 138.0 18.0
41 80 24.0 187.0
5 29 148.0 140.0
32 36 187.0 189.0
23 11 24.0 10.0
34 6 159.0 155.0
22 75 38.0 97.0
24 64 120.0 92.0
15 50 110.0 58.0
43 84 6.0 134.0
49 4 85.0 154.0
40 27 148.0 25.0
23 1 97.0 173.0
11 21 19.0 8.0
51 58 191.0 57.0
26 36 81.0 111.0
85 16 68.0 143.0
18 14 119.0 74.0
69 46 11.0 156.0
16 18 93.0 111.0
27 50 196.0 191.0
1 24 23.0 15.0
23 12 38.0 14.0
14 22 43.0 72.0
80 13 71.0 64.0
78 30 5.0 142.0
68 69 147.0 16.0
5 47 1.0 40.0
2 41 32.0 198.0
44 24 144.0 56.0
55 53 21.0 135.0
22 19 100.0 17.0
5 30 75.0 124.0
1 29 194.0 80.0
14 38 54.0 141.0
77 70 44.0 55.0
13 12 4.0 76.0
26 16 65.0 149.0
69 55 7.0 39.0
24 10 121.0 108.0
4 5 164.0 149.0
26 67 24.0 159.0
18 57 158.0 30.0
25 11 152.0 2.0
16 19 166.0 156.0
29 57 70.0 183.0
24 16 88.0 77.0
23 13 23.0 162.0
76 5 28.0 140.0
71 57 122.0 4.0
26 87 138.0 80.0
73 82 114.0 90.0
15 6 28.0 32.0
63 1 149.0 50.0
16 8 173.0 38.0
2 31 42.0 148.0
59 21 155.0 22.0
9 27 195.0 30.0
26 33 36.0 133.0
15 20 162.0 150.0
19 18 29.0 190.0
59 74 141.0 131.0
81 87 88.0 66.0
54 83 184.0 131.0
16 49 51.0 139.0
76 13 96.0 46.0
16 20 81.0 84.0
30 6 127.0 43.0
44 49 73.0 109.0
35 39 96.0 14.0
16 13 82.0 137.0
26 6 159.0 66.0
5 85 9.0 10.0
3 2 111.0 58.0
53 70 93.0 192.0
47 12 51.0 173.0
60 81 149.0 124.0
32 73 35.0 45.0
79 10 76.0 117.0
61 75 32.0 187.0
64 70 19.0 41.0
71 24 98.0 130.0
86 18 123.0 143.0
34 3 33.0 175.0
70 40 176.0 182.0
18 11 66.0 163.0
10 26 21.0 142.0
5 64 60.0 5.0
2 35 190.0 79.0
3 33 92.0 40.0
50 68 50.0 167.0
57 76 155.0 83.0
11 24 136.0 83.0
5 31 64.0 3.0
6 28 199.0 37.0
83 86 11.0 59.0
65 49 91.0 154.0
73 7 89.0 135.0
74 87 183.0 139.0
27 12 143.0 138.0
13 22 190.0 79.0
39 65 4.0 7.0
6 74 63.0 3.0
65 48 32.0 27.0
15 19 157.0 75.0
69 47 154.0 198.0
38 32 13.0 89.0
25 70 104.0 156.0
6 31 173.0 46.0
9 29 154.0 129.0
20 58 41.0 170.0
19 8 2.0 73.0
61 18 105.0 111.0
1 33 174.0 11.0
7 31 110.0 140.0
58 9 32.0 166.0
31 61 107.0 157.0
7 33 20.0 13.0
19 7 68.0 61.0
14 27 62.0 22.0
36 17 144.0 120.0
25 22 194.0 70.0
1 25 63.0 56.0
14 21 143.0 47.0
23 32 156.0 50.0
64 9 60.0 176.0
16 43 132.0 80.0
61 11 109.0 146.0
27 20 88.0 5.0
42 84 86.0 82.0
83 21 97.0 101.0
36 3 51.0 41.0
75 24 44.0 7.0
24 56 107.0 56.0
2 9 1.0 191.0
14 68 85.0 110.0
80 52 58.0 173.0
40 86 182.0 96.0
23 15 163.0 32.0
17 21 52.0 14.0
20 9 24.0 48.0
71 76 187.0 83.0
79 29 89.0 140.0
1 2 71.0 126.0
17 19 14.0 81.0
30 8 62.0 197.0
75 54 177.0 25.0
2 32 122.0 181.0
38 76 178.0 146.0
25 12 135.0 117.0
35 32 171.0 177.0
26 72 130.0 42.0
2 29 71.0 145.0
27 11 84.0 134.0
24 57 129.0 62.0
71 23 20.0 51.0
12 28 167.0 150.0
4 31 139.0 102.0
9 30 89.0 110.0
49 12 146.0 172.0
3 28 138.0 18.0
59 83 38.0 174.0
13 25 118.0 167.0
67 28 113.0 90.0
1 38 156.0 80.0
87 69 42.0 95.0
4 33 5.0 84.0
32 7 98.0 103.0
54 86 88.0 36.0
81 65 193.0 78.0
14 50 87.0 63.0
77 8 192.0 152.0
14 23 112.0 148.0
76 51 188.0 106.0
80 26 117.0 145.0
78 45 27.0 15.0
43 33 52.0 67.0
3 62 21.0 45.0
28 7 62.0 60.0
25 53 65.0 54.0
60 39 66.0 129.0
2 65 5.0 55.0
82 57 81.0 74.0
10 20 76.0 60.0
37 65 115.0 80.0
37 1 168.0 88.0
64 45 104.0 182.0
10 28 108.0 169.0
34 5 43.0 127.0
23 55 17.0 0.0
10 21 40.0 50.0
9 21 114.0 68.0
71 51 16.0 181.0
2 37 162.0 136.0
81 16 83.0 66.0
84 59 0.0 143.0
25 45 126.0 195.0
17 18 195.0 143.0
40 49 138.0 35.0
55 39 96.0 4.0
2 6 28.0 112.0
37 79 130.0 190.0
13 21 178.0 165.0
1 57 36.0 130.0
14 47 192.0 162.0
79 22 95.0 139.0
62 85 156.0 34.0
10 30 184.0 4.0
74 77 88.0 12.0
68 73 141.0 171.0
19 20 160.0 71.0
22 72 185.0 196.0
32 9 57.0 177.0
11 28 67.0 153.0
27 13 175.0 176.0
87 40 10.0 111.0
29 36 23.0 98.0
13 45 89.0 117.0
11 32 107.0 1.0
8 49 126.0 92.0
38 8 124.0 184.0
72 80 35.0 192.0
1 20 109.0 162.0
40 68 6.0 119.0
21 18 26.0 29.0
32 3 149.0 67.0
56 73 181.0 9.0
26 1 175.0 60.0
22 16 68.0 51.0
41 11 113.0 56.0
18 22 168.0 174.0
58 1 96.0 174.0
47 68 159.0 74.0
5 37 141.0 61.0
15 85 132.0 122.0
77 40 54.0 59.0
24 3 63.0 75.0
38 3 22.0 128.0
57 17 153.0 142.0
17 55 69.0 50.0
35 73 77.0 180.0
16 25 84.0 18.0
2 39 43.0 16.0
69 84 158.0 49.0
26 15 45.0 173.0
42 2 165.0 67.0
6 67 162.0 118.0
34 41 53.0 31.0
27 84 167.0 130.0
19 21 172.0 51.0
44 65 125.0 15.0
61 29 34.0 83.0
18 77 101.0 80.0
74 75 172.0 18.0
47 74 90.0 134.0
28 64 6.0 143.0
60 49 37.0 173.0
55 83 25.0 162.0
60 47 43.0 150.0
14 26 88.0 29.0
86 50 58.0 141.0
21 15 22.0 30.0
71 35 56.0 112.0
26 7 113.0 62.0
58 46 113.0 103.0
41 66 111.0 90.0
17 23 141.0 154.0
54 17 125.0 181.0
59 57 158.0 135.0
54 58 32.0 180.0
29 8 66.0 41.0
41 71 86.0 180.0
30 84 158.0 199.0
3 39 94.0 69.0
2 26 12.0 187.0
11 67 108.0 90.0
28 24 179.0 66.0
19 23 24.0 12.0
56 54 95.0 91.0
37 66 55.0 181.0
14 28 158.0 14.0
17 14 8.0 4.0
6 68 122.0 173.0
36 2 59.0 182.0
29 11 31.0 38.0
57 3 88.0 8.0
13 30 68.0 135.0
25 17 84.0 123.0
84 87 176.0 194.0
22 12 136.0 137.0
2 40 159.0 10.0
14 75 13.0 18.0
32 10 190.0 45.0
63 29 66.0 30.0
14 19 34.0 134.0
52 67 37.0 118.0
58 67 24.0 165.0
77 68 157.0 160.0
79 60 137.0 116.0
39 18 58.0 103.0
85 54 1.0 48.0
16 29 113.0 68.0
35 8 184.0 147.0
65 82 64.0 21.0
61 58 143.0 88.0
31 46 5.0 100.0
10 23 38.0 143.0
40 30 45.0 48.0
83 9 3.0 46.0
82 68 29.0 68.0
27 15 185.0 13.0
84 57 65.0 49.0
19 64 165.0 8.0
14 24 14.0 171.0
39 57 84.0 4.0
78 58 162.0 129.0
66 85 134.0 165.0
58 16 15.0 163.0
34 2 184.0 0.0
26 17 86.0 49.0
16 56 135.0 52.0
72 70 100.0 101.0
39 27 153.0 184.0
84 11 117.0 115.0
8 43 186.0 51.0
50 63 17.0 1.0
58 62 104.0 153.0
14 46 48.0 190.0
4 29 82.0 135.0
72 12 58.0 134.0
37 3 109.0 11.0
22 40 79.0 26.0
11 31 79.0 18.0
23 22 137.0 96.0
49 86 81.0 193.0
22 20 167.0 81.0
28 35 148.0 1.0
22 21 3.0 6.0
48 62 44.0 113.0
27 16 63.0 123.0
78 63 116.0 142.0
9 34 142.0 54.0
33 20 196.0 176.0
45 44 114.0 163.0
79 46 87.0 14.0
36 8 8.0 90.0
61 87 95.0 52.0
77 87 168.0 158.0
4 41 38.0 36.0
25 77 84.0 132.0
10 62 25.0 80.0
19 37 0.0 91.0
82 12 10.0 87.0
15 22 124.0 170.0
31 10 132.0 19.0
35 5 74.0 52.0
38 6 25.0 64.0
68 16 173.0 61.0
24 20 79.0 150.0
49 42 47.0 79.0
45 15 129.0 9.0
31 36 133.0 54.0
63 83 7.0 65.0
13 24 137.0 81.0
30 17 40.0 114.0
32 8 152.0 165.0
37 58 158.0 32.0
12 74 9.0 157.0
2 48 30.0 139.0
83 49 156.0 115.0
44 23 77.0 115.0
39 48 110.0 166.0
9 36 189.0 103.0
21 46 78.0 142.0
35 4 46.0 188.0
10 72 123.0 56.0
24 67 19.0 105.0
1 36 166.0 127.0
24 18 153.0 44.0
74 54 133.0 16.0
50 8 52.0 123.0
45 9 28.0 83.0
32 54 84.0 74.0
30 26 186.0 8.0
84 61 25.0 6.0
68 37 38.0 192.0
5 41 167.0 144.0
6 39 194.0 52.0
67 35 74.0 198.0
35 72 87.0 102.0
39 44 122.0 172.0
61 39 145.0 61.0
27 3 131.0 170.0
30 56 80.0 122.0
43 36 101.0 47.0
37 8 161.0 95.0
32 48 124.0 35.0
33 78 32.0 11.0
26 40 134.0 154.0
42 5 65.0 31.0
61 34 139.0 148.0
81 33 67.0 19.0
3 41 114.0 168.0
17 24 50.0 27.0
71 55 139.0 174.0
45 41 76.0 171.0
10 35 93.0 162.0
3 42 80.0 110.0
46 18 64.0 19.0
51 37 17.0 131.0
28 15 80.0 84.0
27 55 31.0 131.0
8 34 183.0 170.0
71 80 69.0 59.0
8 26 65.0 114.0
17 71 68.0 145.0
14 11 163.0 132.0
36 80 164.0 181.0
83 68 38.0 45.0
27 74 55.0 69.0
35 6 181.0 38.0
18 51 105.0 50.0
47 62 96.0 171.0
20 26 22.0 164.0
73 41 188.0 186.0
25 58 36.0 152.0
30 71 112.0 26.0
49 51 63.0 167.0
31 15 124.0 44.0
70 81 136.0 29.0
47 34 150.0 184.0
9 33 150.0 172.0
17 28 165.0 138.0
81 10 109.0 153.0
73 48 117.0 174.0
11 87 16.0 180.0
19 45 11.0 140.0
12 29 80.0 99.0
39 16 39.0 30.0
39 8 132.0 189.0
31 25 191.0 49.0
30 14 162.0 52.0
61 14 111.0 79.0
14 41 171.0 127.0
1 45 11.0 135.0
39 37 112.0 43.0
3 43 101.0 104.0
14 32 94.0 185.0
65 19 47.0 85.0
14 31 121.0 9.0
57 51 84.0 32.0
83 25 193.0 8.0
30 15 74.0 156.0
51 67 47.0 138.0
33 14 6.0 101.0
36 4 165.0 53.0
41 1 13.0 12.0
34 11 97.0 135.0
58 24 18.0 133.0
38 5 67.0 163.0
36 6 14.0 141.0
77 55 96.0 13.0
36 53 66.0 54.0
59 27 130.0 31.0
44 48 130.0 143.0
16 32 134.0 27.0
8 41 85.0 104.0
42 85 139.0 153.0
10 34 160.0 105.0
1 44 57.0 56.0
28 43 42.0 123.0
61 53 120.0 124.0
23 16 23.0 51.0
83 53 104.0 109.0
85 36 94.0 141.0
2 45 74.0 185.0
36 12 123.0 34.0
59 56 1.0 180.0
30 16 76.0 43.0
27 45 17.0 197.0
49 72 189.0 192.0
37 63 70.0 45.0
11 62 2.0 116.0
48 51 78.0 76.0
48 23 159.0 1.0
70 63 60.0 161.0
43 5 153.0 136.0
27 86 15.0 170.0
70 80 116.0 156.0
55 52 35.0 138.0
29 13 172.0 37.0
37 12 106.0 50.0
6 43 131.0 65.0
3 35 80.0 143.0
74 73 115.0 185.0
21 26 50.0 82.0
28 9 39.0 166.0
24 21 130.0 26.0
17 27 121.0 55.0
6 71 58.0 27.0
25 15 103.0 189.0
10 33 62.0 183.0
10 84 129.0 177.0
37 10 98.0 131.0
66 9 192.0 89.0
15 74 169.0 75.0
35 7 12.0 42.0
11 39 153.0 71.0
41 9 42.0 8.0
29 14 61.0 57.0
9 73 140.0 142.0
47 31 95.0 191.0
31 54 134.0 40.0
46 1 31.0 55.0
41 69 136.0 43.0
57 33 138.0 41.0
23 25 176.0 181.0
31 13 58.0 37.0
4 38 22.0 151.0
43 15 136.0 70.0
18 29 26.0 70.0
9 35 174.0 57.0
7 42 46.0 110.0
35 12 46.0 184.0
55 18 100.0 174.0
38 39 84.0 158.0
59 73 3.0 106.0
79 44 130.0 139.0
52 24 15.0 156.0
17 86 116.0 141.0
60 62 138.0 114.0
24 78 62.0 137.0
31 20 180.0 114.0
29 17 121.0 64.0
80 48 89.0 76.0
5 82 41.0 171.0
31 17 70.0 9.0
65 73 65.0 139.0
39 14 62.0 155.0
83 62 129.0 76.0
49 81 31.0 109.0
1 81 101.0 104.0
13 36 50.0 142.0
43 7 181.0 44.0
9 37 192.0 51.0
47 2 110.0 9.0
40 6 108.0 124.0
7 38 13.0 37.0
19 26 62.0 196.0
4 40 23.0 163.0
37 13 182.0 73.0
30 21 118.0 115.0
71 46 30.0 62.0
17 32 161.0 92.0
37 15 44.0 69.0
30 59 17.0 9.0
49 3 181.0 79.0
12 52 91.0 4.0
44 6 177.0 25.0
29 15 125.0 47.0
46 3 72.0 155.0
75 41 167.0 33.0
18 30 41.0 12.0
9 31 71.0 58.0
9 75 37.0 4.0
39 23 90.0 128.0
45 4 192.0 67.0
36 14 57.0 118.0
10 60 107.0 129.0
14 57 145.0 74.0
81 30 82.0 186.0
19 29 39.0 105.0
3 44 172.0 76.0
66 3 115.0 14.0
85 61 61.0 107.0
51 79 74.0 70.0
52 81 28.0 181.0
29 22 83.0 173.0
22 24 106.0 118.0
40 81 195.0 97.0
38 83 10.0 119.0
18 33 96.0 125.0
15 80 65.0 109.0
63 87 13.0 139.0
9 42 46.0 41.0
50 2 126.0 129.0
8 75 34.0 184.0
69 48 12.0 30.0
35 61 87.0 174.0
24 41 1.0 135.0
25 82 95.0 67.0
23 27 107.0 109.0
72 85 111.0 153.0
74 58 147.0 189.0
45 40 9.0 181.0
87 7 60.0 173.0
68 54 52.0 99.0
39 13 85.0 53.0
46 32 159.0 132.0
27 22 62.0 67.0
22 7 165.0 125.0
56 67 194.0 64.0
5 39 93.0 155.0
7 67 178.0 153.0
18 27 29.0 30.0
32 20 23.0 114.0
30 58 139.0 182.0
46 5 88.0 153.0
34 17 85.0 5.0
52 78 183.0 31.0
28 23 179.0 76.0
23 21 97.0 157.0
12 34 25.0 126.0
26 12 187.0 0.0
57 77 30.0 126.0
15 33 14.0 70.0
27 48 53.0 99.0
40 9 163.0 36.0
17 33 90.0 142.0
38 13 30.0 187.0
14 37 70.0 7.0
43 9 95.0 57.0
49 1 30.0 78.0
55 82 27.0 44.0
31 18 72.0 32.0
47 19 0.0 187.0
4 48 129.0 42.0
38 51 77.0 112.0
1 60 151.0 100.0
31 21 173.0 199.0
40 10 163.0 3.0
53 31 105.0 191.0
52 84 25.0 130.0
6 42 80.0 177.0
12 39 85.0 162.0
24 69 96.0 163.0
21 29 24.0 199.0
27 25 121.0 197.0
50 82 109.0 37.0
7 40 46.0 166.0
6 54 151.0 23.0
10 76 117.0 32.0
49 85 70.0 3.0
28 25 165.0 118.0
40 8 9.0 190.0
46 2 151.0 83.0
30 19 43.0 12.0
32 61 7.0 41.0
6 41 97.0 111.0
8 44 85.0 15.0
38 16 109.0 107.0
16 28 125.0 26.0
5 45 19.0 86.0
38 12 0.0 170.0
40 13 93.0 43.0
44 7 45.0 53.0
52 1 118.0 95.0
50 43 148.0 4.0
5 81 72.0 9.0
87 52 40.0 149.0
83 81 112.0 59.0
51 4 198.0 64.0
40 16 134.0 44.0
47 7 198.0 132.0
54 25 120.0 116.0
67 82 73.0 20.0
68 57 129.0 145.0
10 38 124.0 121.0
30 22 38.0 188.0
7 45 182.0 189.0
23 30 8.0 116.0
53 1 95.0 158.0
38 9 116.0 15.0
11 49 139.0 189.0
39 10 40.0 20.0
47 46 166.0 165.0
10 42 187.0 156.0
21 79 22.0 121.0
48 5 12.0 182.0
23 26 65.0 59.0
28 21 123.0 134.0
61 63 85.0 63.0
85 69 94.0 126.0
48 1 50.0 12.0
78 47 58.0 189.0
35 13 197.0 80.0
55 78 138.0 161.0
48 6 28.0 155.0
32 21 13.0 151.0
29 54 79.0 98.0
28 37 179.0 125.0
19 35 168.0 29.0
2 64 125.0 178.0
51 3 181.0 74.0
11 48 182.0 71.0
49 66 8.0 10.0
37 16 185.0 173.0
87 3 34.0 16.0
39 26 172.0 165.0
76 48 139.0 92.0
16 72 199.0 16.0
40 14 155.0 180.0
42 11 40.0 137.0
6 29 51.0 0.0
42 14 197.0 189.0
1 50 102.0 183.0
22 32 179.0 74.0
75 76 164.0 70.0
23 31 70.0 115.0
27 76 9.0 26.0
12 73 130.0 49.0
82 18 132.0 134.0
5 44 77.0 81.0
19 34 28.0 180.0
50 39 162.0 159.0
53 2 114.0 78.0
24 25 47.0 184.0
80 17 140.0 56.0
18 35 45.0 23.0
80 37 186.0 177.0
44 67 160.0 63.0
2 57 142.0 140.0
9 50 127.0 56.0
29 23 199.0 193.0
27 36 73.0 46.0
41 12 74.0 166.0
69 15 17.0 119.0
51 34 178.0 3.0
35 16 84.0 90.0
3 71 168.0 178.0
25 47 13.0 47.0
11 43 154.0 164.0
15 39 166.0 179.0
34 14 23.0 40.0
8 66 184.0 192.0
28 22 169.0 162.0
33 22 181.0 5.0
86 68 71.0 150.0
19 85 195.0 36.0
20 25 112.0 101.0
47 8 74.0 78.0
47 28 64.0 49.0
2 44 92.0 49.0
42 56 4.0 13.0
71 28 108.0 186.0
1 55 178.0 179.0
24 32 75.0 173.0
2 54 177.0 187.0
41 10 85.0 3.0
39 17 172.0 101.0
46 8 35.0 16.0
86 51 186.0 40.0
70 74 8.0 95.0
36 46 151.0 139.0
37 81 57.0 179.0
12 44 198.0 187.0
12 84 175.0 83.0
14 44 89.0 148.0
74 34 57.0 76.0
77 10 49.0 195.0
75 79 112.0 10.0
50 4 111.0 16.0
33 21 152.0 120.0
13 42 1.0 102.0
36 35 93.0 129.0
71 83 113.0 134.0
21 80 43.0 122.0
31 26 125.0 93.0
53 69 181.0 190.0
84 85 169.0 92.0
46 67 18.0 74.0
17 35 74.0 172.0
35 21 188.0 119.0
51 5 179.0 53.0
37 26 94.0 23.0
78 12 4.0 172.0
47 11 79.0 185.0
77 9 177.0 0.0
68 74 170.0 147.0
3 52 165.0 44.0
19 33 158.0 105.0
54 21 183.0 138.0
8 48 129.0 30.0
85 22 56.0 134.0
36 10 44.0 87.0
33 6 199.0 21.0
43 14 165.0 169.0
1 47 20.0 82.0
3 82 0.0 179.0
12 42 30.0 135.0
14 59 67.0 159.0
72 54 43.0 123.0
11 44 122.0 87.0
16 75 163.0 121.0
36 19 77.0 128.0
29 45 191.0 97.0
44 10 46.0 143.0
5 49 183.0 28.0
75 80 19.0 50.0
38 23 54.0 15.0
40 15 89.0 128.0
24 29 48.0 52.0
70 23 154.0 125.0
12 45 197.0 145.0
57 86 52.0 43.0
7 56 67.0 188.0
53 5 149.0 38.0
23 76 3.0 156.0
31 24 71.0 92.0
41 17 81.0 71.0
56 71 29.0 36.0
34 78 125.0 26.0
51 8 93.0 130.0
52 28 58.0 160.0
19 87 24.0 7.0
1 56 112.0 28.0
87 86 86.0 135.0
16 41 103.0 167.0
47 21 124.0 133.0
12 55 15.0 2.0
44 13 179.0 108.0
74 23 62.0 37.0
14 58 126.0 87.0
35 15 112.0 190.0
17 40 61.0 150.0
52 4 85.0 164.0
21 37 66.0 162.0
9 46 46.0 81.0
72 11 154.0 26.0
25 76 36.0 16.0
40 18 77.0 162.0
85 18 14.0 189.0
3 53 114.0 75.0
76 7 187.0 151.0
73 6 154.0 54.0
23 65 181.0 0.0
76 81 142.0 135.0
18 38 6.0 130.0
73 75 34.0 35.0
2 55 180.0 48.0
52 5 79.0 94.0
19 38 59.0 18.0
58 12 93.0 13.0
77 20 141.0 26.0
27 28 186.0 35.0
46 25 177.0 145.0
4 46 113.0 163.0
64 58 74.0 93.0
85 58 57.0 105.0
34 22 49.0 68.0
53 47 12.0 94.0
55 4 40.0 105.0
17 72 53.0 179.0
47 3 174.0 30.0
5 54 62.0 87.0
44 38 100.0 136.0
40 12 10.0 109.0
15 44 122.0 12.0
19 39 59.0 135.0
48 60 62.0 52.0
21 38 96.0 115.0
4 43 11.0 22.0
84 41 105.0 73.0
71 74 18.0 5.0
83 18 130.0 29.0
50 3 7.0 52.0
13 41 127.0 67.0
83 56 169.0 189.0
41 40 161.0 18.0
47 10 151.0 172.0
52 7 48.0 56.0
20 37 68.0 66.0
9 48 76.0 150.0
38 42 140.0 84.0
65 80 26.0 19.0
40 19 180.0 195.0
58 53 172.0 93.0
63 58 60.0 123.0
43 13 127.0 60.0
61 50 178.0 147.0
62 53 62.0 7.0
19 41 194.0 154.0
42 44 24.0 172.0
25 32 151.0 156.0
59 1 43.0 76.0
58 6 34.0 55.0
17 38 133.0 113.0
20 36 15.0 112.0
29 27 114.0 30.0
56 75 12.0 108.0
24 39 44.0 36.0
45 43 37.0 147.0
17 42 11.0 80.0
65 83 162.0 45.0
80 83 195.0 96.0
83 27 186.0 163.0
50 6 97.0 101.0
79 8 191.0 109.0
39 59 146.0 35.0
45 8 34.0 183.0
78 27 37.0 45.0
31 19 8.0 152.0
56 2 30.0 155.0
55 5 143.0 168.0
12 43 145.0 40.0
10 49 129.0 136.0
23 34 191.0 75.0
11 46 169.0 25.0
31 27 183.0 159.0
30 35 171.0 191.0
83 4 71.0 1.0
28 34 80.0 14.0
42 76 126.0 25.0
64 76 57.0 55.0
7 48 97.0 0.0
44 16 173.0 18.0
59 26 65.0 156.0
31 30 103.0 36.0
20 40 63.0 174.0
53 6 103.0 143.0
8 52 5.0 30.0
9 59 169.0 14.0
85 17 68.0 18.0
37 24 191.0 42.0
82 49 158.0 8.0
30 42 144.0 62.0
71 2 146.0 7.0
54 8 27.0 50.0
78 10 154.0 185.0
61 1 93.0 75.0
28 18 109.0 162.0
39 21 48.0 100.0
34 25 4.0 6.0
42 82 91.0 100.0
2 58 138.0 38.0
20 39 33.0 117.0
21 16 45.0 140.0
85 26 124.0 91.0
30 28 191.0 33.0
38 35 67.0 39.0
34 58 3.0 72.0
53 85 75.0 95.0
38 20 98.0 165.0
48 86 101.0 83.0
32 28 47.0 146.0
23 35 52.0 171.0
73 42 155.0 43.0
68 84 141.0 23.0
54 24 49.0 144.0
59 2 107.0 124.0
26 35 1.0 5.0
69 26 165.0 102.0
15 41 55.0 12.0
25 37 33.0 107.0
20 42 134.0 188.0
3 55 120.0 75.0
27 51 30.0 169.0
25 63 87.0 137.0
45 38 163.0 89.0
55 28 152.0 80.0
64 57 135.0 8.0
15 78 71.0 120.0
56 3 10.0 157.0
51 7 82.0 82.0
43 18 166.0 64.0
68 26 137.0 54.0
41 21 185.0 53.0
15 47 135.0 137.0
4 54 109.0 70.0
43 17 191.0 180.0
49 75 122.0 1.0
46 13 29.0 157.0
40 79 138.0 147.0
36 21 176.0 27.0
87 78 39.0 113.0
35 75 144.0 174.0
16 52 121.0 53.0
85 77 36.0 112.0
22 39 149.0 111.0
55 29 190.0 130.0
12 63 169.0 128.0
23 37 31.0 97.0
7 55 154.0 22.0
59 4 170.0 98.0
47 72 130.0 44.0
61 80 165.0 167.0
45 10 124.0 114.0
45 11 91.0 114.0
55 74 56.0 12.0
32 44 90.0 88.0
54 7 143.0 44.0
30 46 155.0 65.0
22 77 135.0 38.0
70 27 40.0 100.0
31 37 37.0 165.0
45 14 83.0 80.0
81 67 176.0 92.0
21 34 132.0 66.0
33 27 5.0 75.0
57 40 49.0 113.0
22 64 20.0 184.0
39 25 95.0 60.0
6 52 12.0 132.0
51 6 83.0 48.0
56 8 164.0 11.0
50 12 66.0 96.0
1 54 95.0 24.0
41 20 66.0 96.0
49 14 100.0 86.0
47 13 120.0 195.0
57 7 85.0 84.0
79 7 53.0 120.0
52 11 96.0 17.0
32 26 3.0 115.0
45 16 53.0 98.0
31 33 20.0 119.0
13 49 49.0 120.0
7 46 84.0 121.0
82 17 93.0 121.0
29 32 114.0 146.0
49 15 36.0 11.0
40 23 19.0 39.0
21 43 149.0 73.0
6 55 63.0 121.0
7 41 62.0 112.0
47 9 110.0 98.0
33 23 80.0 155.0
59 6 136.0 195.0
66 80 104.0 172.0
25 36 157.0 123.0
63 20 183.0 106.0
33 30 51.0 198.0
56 86 184.0 65.0
7 29 86.0 46.0
13 48 146.0 166.0
13 51 129.0 82.0
44 20 59.0 33.0
51 42 117.0 16.0
53 48 6.0 52.0
27 35 177.0 9.0
5 59 161.0 113.0
38 24 75.0 199.0
43 20 24.0 21.0
5 57 54.0 154.0
79 33 126.0 66.0
43 22 162.0 195.0
12 76 114.0 168.0
44 37 68.0 44.0
86 78 146.0 181.0
81 38 86.0 21.0
22 41 33.0 110.0
59 11 160.0 39.0
44 18 108.0 38.0
69 40 1.0 70.0
28 50 189.0 67.0
10 55 77.0 9.0
54 9 42.0 175.0
43 23 125.0 128.0
47 18 42.0 110.0
53 79 115.0 154.0
15 46 147.0 23.0
83 51 117.0 100.0
19 42 158.0 58.0
55 61 52.0 187.0
32 30 86.0 46.0
16 48 56.0 163.0
52 83 124.0 50.0
1 64 183.0 39.0
10 46 33.0 83.0
64 84 193.0 102.0
25 86 183.0 103.0
51 61 94.0 187.0
11 50 166.0 180.0
38 25 77.0 22.0
33 28 97.0 1.0
61 8 131.0 81.0
10 51 11.0 164.0
82 41 51.0 157.0
10 54 110.0 186.0
21 51 109.0 4.0
45 21 120.0 75.0
43 47 105.0 197.0
64 25 103.0 154.0
24 80 46.0 187.0
46 20 3.0 10.0
67 29 100.0 6.0
20 47 35.0 10.0
17 48 29.0 144.0
62 22 38.0 101.0
13 50 47.0 95.0
18 41 193.0 103.0
2 61 140.0 39.0
84 33 163.0 143.0
38 28 52.0 64.0
51 52 163.0 87.0
6 56 47.0 144.0
4 60 81.0 37.0
55 9 97.0 128.0
49 17 171.0 90.0
62 5 67.0 111.0
57 15 3.0 182.0
66 25 154.0 55.0
22 45 18.0 69.0
6 47 185.0 17.0
15 51 57.0 66.0
84 37 121.0 106.0
62 20 4.0 92.0
56 11 65.0 23.0
69 4 175.0 68.0
58 8 77.0 81.0
26 62 0.0 95.0
41 23 29.0 186.0
77 56 59.0 87.0
29 31 82.0 132.0
14 52 124.0 38.0
20 73 152.0 189.0
76 26 70.0 127.0
82 75 8.0 147.0
53 11 131.0 8.0
45 24 130.0 112.0
72 1 102.0 141.0
32 31 39.0 136.0
84 76 40.0 163.0
53 42 54.0 192.0
1 65 151.0 124.0
19 46 96.0 159.0
66 13 29.0 179.0
41 26 65.0 160.0
15 52 140.0 119.0
75 40 82.0 179.0
13 53 170.0 122.0
20 69 63.0 176.0
38 27 18.0 166.0
21 42 95.0 66.0
48 12 159.0 124.0
74 57 132.0 176.0
61 4 17.0 72.0
3 65 86.0 52.0
22 44 47.0 56.0
4 2 179.0 110.0
4 64 113.0 149.0
87 55 199.0 8.0
59 32 54.0 110.0
23 36 11.0 138.0
19 48 85.0 180.0
30 34 14.0 171.0
60 37 0.0 61.0
38 52 152.0 131.0
38 46 107.0 65.0
46 16 166.0 59.0
8 57 182.0 20.0
44 19 142.0 145.0
40 29 39.0 179.0
66 77 117.0 53.0
58 5 198.0 69.0
28 40 144.0 150.0
17 50 185.0 3.0
27 42 53.0 151.0
80 9 96.0 36.0
3 58 156.0 38.0
18 48 18.0 195.0
67 1 155.0 135.0
2 66 11.0 105.0
17 56 142.0 107.0
53 15 14.0 128.0
55 13 165.0 19.0
32 33 38.0 61.0
59 7 48.0 195.0
57 67 93.0 18.0
32 34 115.0 0.0
54 13 20.0 126.0
51 16 86.0 115.0
56 13 77.0 52.0
73 18 30.0 42.0
8 53 20.0 68.0
43 25 78.0 68.0
61 5 53.0 171.0
30 80 8.0 169.0
79 64 92.0 180.0
73 58 33.0 178.0
6 62 69.0 62.0
38 29 133.0 99.0
46 22 17.0 153.0
79 26 93.0 95.0
48 54 157.0 98.0
38 73 123.0 117.0
42 37 52.0 15.0
86 82 140.0 37.0
85 40 30.0 9.0
71 39 66.0 163.0
76 15 114.0 35.0
20 49 6.0 7.0
39 51 196.0 116.0
28 39 144.0 119.0
67 61 181.0 196.0
50 19 57.0 121.0
4 37 39.0 87.0
18 49 169.0 105.0
37 87 65.0 84.0
68 2 76.0 72.0
13 52 179.0 24.0
61 10 57.0 123.0
44 76 110.0 190.0
31 52 38.0 167.0
49 23 183.0 77.0
63 2 81.0 104.0
79 78 2.0 147.0
53 14 85.0 31.0
67 3 132.0 64.0
35 47 181.0 189.0
43 27 165.0 91.0
42 40 35.0 155.0
54 14 76.0 170.0
6 65 99.0 109.0
64 26 199.0 102.0
56 12 138.0 85.0
29 39 43.0 23.0
51 23 53.0 24.0
14 73 138.0 19.0
33 35 193.0 126.0
46 40 135.0 21.0
19 49 139.0 35.0
51 20 118.0 138.0
72 44 18.0 9.0
41 72 70.0 62.0
54 12 92.0 124.0
7 60 81.0 183.0
52 18 37.0 26.0
17 53 33.0 172.0
60 6 69.0 124.0
84 81 174.0 187.0
30 44 19.0 193.0
21 48 129.0 41.0
26 42 48.0 173.0
26 28 186.0 81.0
55 14 79.0 23.0
62 2 85.0 112.0
66 4 107.0 154.0
57 12 192.0 34.0
47 23 175.0 163.0
61 9 79.0 56.0
24 47 135.0 79.0
16 53 59.0 73.0
48 82 176.0 138.0
54 15 102.0 62.0
16 83 193.0 10.0
51 19 105.0 137.0
63 48 9.0 32.0
29 41 180.0 40.0
78 72 159.0 115.0
77 51 102.0 19.0
65 5 184.0 30.0
59 10 6.0 86.0
54 35 75.0 151.0
37 32 67.0 132.0
12 81 0.0 76.0
10 52 74.0 180.0
49 24 22.0 185.0
51 17 177.0 76.0
43 29 130.0 161.0
52 72 164.0 88.0
20 87 92.0 191.0
32 40 175.0 160.0
61 68 197.0 175.0
69 21 46.0 23.0
3 61 144.0 20.0
30 38 31.0 73.0
10 57 106.0 113.0
22 47 81.0 22.0
33 58 26.0 174.0
54 16 34.0 1.0
7 63 84.0 31.0
63 5 191.0 130.0
52 20 27.0 87.0
64 73 154.0 10.0
27 41 180.0 12.0
45 26 70.0 13.0
70 1 193.0 97.0
37 33 52.0 179.0
8 76 15.0 136.0
1 66 79.0 6.0
31 42 121.0 58.0
39 81 153.0 75.0
30 41 21.0 85.0
63 27 26.0 44.0
31 87 15.0 172.0
68 4 122.0 19.0
34 38 130.0 137.0
30 43 95.0 161.0
9 69 148.0 16.0
54 37 137.0 53.0
86 62 6.0 111.0
81 72 179.0 185.0
63 41 95.0 194.0
33 40 126.0 170.0
6 72 47.0 9.0
12 51 97.0 143.0
10 63 39.0 198.0
7 64 87.0 177.0
44 29 131.0 46.0
45 28 147.0 110.0
86 15 104.0 42.0
65 8 144.0 183.0
22 51 27.0 191.0
29 20 113.0 77.0
37 36 1.0 104.0
11 58 20.0 41.0
11 55 68.0 103.0
63 14 162.0 15.0
28 42 92.0 66.0
15 59 94.0 36.0
54 19 164.0 74.0
21 52 160.0 29.0
59 12 8.0 114.0
3 69 40.0 181.0
39 33 112.0 109.0
55 57 120.0 74.0
47 26 61.0 12.0
59 51 143.0 155.0
45 18 191.0 59.0
69 81 62.0 104.0
11 60 93.0 71.0
61 81 71.0 85.0
53 18 186.0 135.0
1 73 61.0 58.0
38 33 51.0 122.0
51 80 149.0 195.0
5 68 144.0 92.0
66 7 21.0 6.0
27 46 147.0 66.0
18 56 122.0 18.0
13 60 73.0 60.0
37 34 120.0 134.0
44 25 62.0 171.0
44 28 146.0 163.0
54 34 20.0 42.0
48 20 74.0 193.0
55 81 16.0 174.0
60 20 12.0 90.0
33 36 164.0 85.0
8 62 163.0 36.0
29 49 164.0 25.0
24 46 51.0 62.0
20 55 152.0 23.0
80 76 40.0 178.0
61 48 142.0 56.0
60 34 99.0 154.0
22 52 70.0 63.0
20 54 89.0 186.0
1 71 90.0 5.0
67 31 100.0 142.0
72 3 182.0 52.0
38 36 113.0 23.0
50 23 136.0 55.0
40 58 179.0 35.0
47 16 14.0 1.0
35 40 114.0 55.0
11 63 55.0 157.0
35 34 156.0 155.0
83 69 102.0 90.0
80 5 28.0 16.0
11 78 179.0 116.0
46 29 35.0 158.0
64 12 56.0 1.0
83 77 2.0 123.0
27 49 4.0 57.0
26 48 99.0 112.0
84 17 64.0 154.0
26 46 69.0 45.0
44 31 179.0 48.0
48 34 19.0 166.0
18 58 72.0 27.0
52 37 53.0 26.0
58 17 65.0 57.0
63 9 122.0 117.0
39 36 95.0 139.0
27 32 90.0 164.0
53 23 114.0 69.0
71 75 96.0 85.0
50 36 140.0 120.0
53 24 150.0 193.0
84 29 30.0 15.0
59 17 95.0 152.0
22 76 100.0 190.0
75 26 77.0 191.0
9 65 98.0 143.0
18 54 60.0 194.0
82 45 13.0 1.0
32 42 44.0 163.0
54 80 168.0 26.0
62 13 19.0 15.0
20 61 1.0 119.0
78 26 40.0 78.0
42 52 27.0 138.0
48 22 1.0 88.0
14 62 164.0 166.0
82 6 136.0 160.0
77 76 76.0 57.0
20 67 91.0 95.0
52 19 199.0 92.0
17 52 56.0 40.0
68 9 4.0 84.0
51 11 118.0 157.0
43 32 104.0 82.0
68 7 66.0 193.0
42 33 2.0 143.0
53 20 57.0 45.0
13 61 139.0 8.0
73 2 62.0 195.0
67 8 146.0 18.0
39 80 120.0 16.0
3 64 104.0 177.0
67 9 131.0 170.0
57 20 46.0 133.0
82 36 165.0 103.0
61 72 186.0 104.0
40 31 195.0 0.0
40 83 87.0 93.0
75 85 91.0 159.0
44 27 5.0 195.0
50 35 78.0 136.0
82 4 39.0 125.0
28 46 126.0 157.0
2 79 61.0 64.0
81 32 149.0 56.0
4 71 179.0 188.0
60 12 171.0 22.0
56 10 142.0 129.0
37 43 71.0 173.0
38 72 96.0 63.0
81 14 179.0 174.0
1 76 99.0 40.0
72 55 192.0 0.0
5 67 10.0 171.0
48 25 171.0 133.0
37 38 4.0 66.0
6 86 175.0 75.0
62 64 175.0 72.0
37 41 48.0 154.0
5 70 195.0 99.0
75 1 193.0 188.0
29 48 174.0 155.0
10 75 21.0 146.0
37 77 87.0 25.0
53 26 148.0 63.0
63 76 158.0 75.0
58 50 26.0 6.0
66 12 171.0 22.0
13 83 91.0 117.0
21 55 179.0 65.0
71 5 169.0 0.0
73 52 34.0 56.0
24 51 174.0 134.0
26 51 196.0 84.0
62 52 120.0 22.0
9 57 151.0 44.0
4 77 32.0 194.0
63 40 51.0 163.0
48 28 7.0 20.0
67 42 124.0 193.0
33 45 10.0 99.0
12 65 34.0 6.0
42 69 173.0 154.0
77 42 88.0 125.0
11 66 1.0 120.0
16 87 11.0 52.0
63 13 44.0 170.0
66 50 0.0 168.0
48 55 133.0 11.0
18 60 181.0 167.0
45 42 80.0 154.0
83 2 40.0 168.0
6 70 138.0 193.0
34 44 177.0 101.0
50 26 169.0 173.0
56 36 78.0 122.0
49 30 68.0 164.0
48 30 109.0 1.0
29 62 182.0 141.0
63 24 194.0 174.0
31 45 128.0 85.0
19 58 33.0 57.0
22 55 197.0 2.0
71 69 38.0 27.0
34 45 168.0 107.0
60 17 32.0 29.0
22 54 108.0 14.0
49 31 84.0 54.0
25 49 71.0 164.0
44 53 40.0 56.0
50 24 129.0 189.0
15 63 1.0 168.0
36 41 35.0 121.0
41 35 56.0 67.0
75 2 103.0 116.0
14 65 34.0 187.0
16 57 44.0 57.0
65 36 129.0 36.0
69 17 164.0 58.0
71 7 105.0 165.0
16 62 45.0 140.0
82 10 108.0 53.0
48 50 72.0 11.0
71 9 57.0 58.0
59 19 26.0 101.0
37 40 59.0 107.0
44 36 60.0 175.0
71 82 5.0 117.0
3 73 168.0 2.0
44 56 68.0 28.0
76 3 172.0 140.0
57 22 44.0 29.0
14 60 1.0 22.0
25 55 191.0 12.0
69 10 94.0 51.0
56 19 12.0 52.0
35 44 100.0 180.0
8 68 190.0 168.0
4 74 143.0 162.0
28 53 79.0 187.0
64 15 103.0 80.0
3 75 136.0 46.0
15 60 64.0 183.0
66 14 148.0 76.0
5 22 103.0 1.0
8 71 169.0 46.0
50 30 42.0 112.0
25 56 35.0 121.0
29 50 150.0 91.0
5 73 181.0 38.0
7 62 157.0 45.0
57 65 50.0 57.0
68 10 49.0 105.0
22 59 162.0 170.0
4 75 120.0 157.0
42 39 97.0 156.0
65 17 133.0 199.0
64 17 75.0 114.0
80 18 172.0 32.0
18 62 65.0 174.0
18 66 32.0 67.0
50 42 47.0 147.0
58 22 61.0 167.0
45 36 22.0 159.0
29 47 163.0 108.0
12 67 112.0 38.0
78 2 70.0 84.0
80 35 117.0 88.0
21 53 72.0 150.0
66 28 120.0 71.0
18 63 143.0 182.0
47 30 141.0 166.0
46 84 104.0 56.0
67 78 86.0 16.0
62 51 86.0 109.0
52 29 151.0 4.0
28 51 152.0 24.0
51 25 60.0 73.0
80 20 105.0 155.0
41 57 55.0 198.0
53 27 100.0 111.0
63 17 122.0 138.0
34 46 193.0 8.0
33 49 52.0 145.0
66 16 177.0 5.0
75 7 159.0 189.0
46 35 89.0 64.0
70 82 70.0 96.0
54 26 120.0 122.0
51 29 171.0 42.0
14 64 56.0 116.0
84 16 142.0 109.0
45 35 7.0 71.0
10 86 85.0 166.0
6 66 128.0 126.0
61 17 64.0 198.0
69 11 174.0 184.0
76 4 41.0 145.0
51 31 101.0 49.0
75 46 113.0 195.0
57 26 24.0 120.0
10 70 38.0 61.0
10 64 64.0 166.0
69 12 96.0 128.0
66 17 122.0 70.0
82 83 26.0 115.0
59 24 160.0 79.0
78 3 4.0 25.0
53 29 22.0 180.0
17 74 5.0 12.0
75 30 143.0 21.0
53 30 37.0 192.0
52 27 11.0 159.0
86 1 115.0 189.0
36 47 67.0 75.0
84 47 189.0 23.0
51 36 135.0 163.0
33 47 27.0 140.0
11 71 105.0 171.0
30 60 134.0 142.0
56 26 111.0 145.0
50 32 121.0 26.0
1 77 154.0 140.0
46 45 152.0 144.0
51 32 166.0 87.0
66 65 93.0 193.0
76 2 60.0 150.0
76 46 161.0 195.0
79 3 28.0 72.0
56 21 38.0 101.0
30 87 58.0 192.0
44 74 77.0 163.0
11 70 87.0 43.0
65 16 27.0 132.0
5 75 89.0 87.0
39 40 26.0 2.0
74 2 58.0 6.0
50 33 182.0 48.0
69 14 10.0 192.0
49 26 181.0 40.0
5 79 92.0 68.0
30 51 82.0 119.0
52 30 10.0 171.0
35 48 72.0 188.0
74 8 77.0 82.0
78 19 107.0 11.0
33 87 3.0 70.0
77 5 69.0 184.0
12 70 74.0 161.0
48 33 39.0 156.0
73 77 183.0 1.0
79 4 155.0 55.0
22 60 191.0 184.0
45 54 142.0 50.0
30 54 110.0 145.0
42 41 32.0 131.0
77 7 91.0 106.0
82 2 162.0 82.0
23 59 49.0 98.0
40 44 9.0 156.0
53 19 14.0 152.0
37 48 39.0 156.0
4 80 9.0 101.0
83 1 22.0 193.0
17 62 48.0 65.0
78 75 62.0 163.0
43 38 55.0 111.0
39 43 161.0 16.0
58 38 1.0 176.0
23 79 197.0 193.0
40 43 122.0 159.0
85 1 155.0 145.0
87 35 21.0 156.0
32 45 140.0 36.0
49 53 50.0 147.0
49 21 32.0 12.0
27 54 158.0 186.0
16 69 163.0 107.0
37 47 104.0 85.0
70 8 127.0 12.0
53 67 55.0 100.0
13 73 171.0 195.0
78 7 107.0 21.0
20 64 94.0 140.0
52 33 102.0 4.0
61 22 82.0 65.0
14 71 53.0 139.0
61 23 30.0 180.0
74 10 158.0 37.0
58 23 109.0 129.0
64 65 90.0 16.0
27 58 13.0 136.0
23 56 43.0 115.0
69 18 133.0 126.0
54 33 72.0 186.0
44 41 87.0 54.0
25 61 24.0 197.0
19 66 155.0 133.0
68 15 164.0 197.0
56 29 196.0 178.0
79 42 28.0 40.0
75 11 117.0 162.0
18 64 103.0 189.0
49 64 122.0 142.0
78 8 113.0 146.0
7 74 93.0 68.0
72 13 94.0 58.0
81 3 175.0 91.0
17 67 115.0 4.0
23 62 88.0 32.0
17 75 37.0 143.0
52 34 54.0 159.0
6 80 193.0 168.0
43 41 173.0 86.0
45 37 156.0 67.0
51 33 22.0 84.0
60 23 50.0 89.0
36 48 176.0 138.0
6 75 16.0 166.0
63 77 198.0 22.0
31 55 175.0 191.0
53 51 89.0 148.0
72 86 115.0 197.0
80 3 176.0 89.0
73 10 31.0 26.0
60 42 52.0 8.0
47 71 173.0 68.0
60 70 138.0 171.0
56 28 68.0 114.0
7 81 175.0 109.0
79 62 61.0 90.0
86 7 13.0 37.0
60 25 66.0 45.0
4 78 83.0 118.0
57 28 182.0 8.0
32 68 166.0 121.0
1 84 143.0 186.0
65 21 184.0 119.0
37 49 45.0 45.0
86 85 155.0 11.0
50 37 30.0 173.0
79 6 144.0 65.0
9 74 11.0 78.0
50 31 51.0 129.0
46 42 140.0 146.0
76 9 116.0 76.0
19 76 72.0 161.0
24 62 156.0 179.0
70 84 145.0 138.0
78 9 27.0 41.0
17 44 33.0 190.0
68 17 162.0 36.0
58 29 150.0 54.0
23 64 179.0 66.0
84 2 110.0 51.0
21 66 84.0 66.0
67 19 83.0 182.0
48 40 189.0 62.0
3 85 167.0 174.0
73 15 16.0 81.0
61 21 192.0 166.0
82 19 20.0 171.0
18 68 67.0 130.0
59 16 195.0 104.0
61 6 18.0 30.0
62 61 5.0 7.0
41 47 125.0 124.0
84 3 135.0 141.0
65 22 109.0 128.0
62 25 158.0 129.0
60 67 134.0 178.0
75 39 17.0 129.0
28 60 181.0 35.0
70 18 52.0 138.0
24 61 70.0 129.0
26 61 111.0 5.0
60 26 124.0 172.0
22 63 163.0 34.0
83 5 24.0 97.0
81 6 166.0 193.0
67 22 94.0 148.0
29 76 101.0 146.0
38 50 72.0 171.0
61 27 178.0 184.0
84 63 199.0 54.0
11 77 74.0 114.0
39 46 99.0 50.0
22 56 81.0 18.0
42 47 149.0 175.0
67 21 9.0 2.0
14 84 149.0 82.0
63 67 116.0 79.0
81 4 88.0 67.0
22 66 130.0 163.0
9 72 87.0 30.0
69 19 136.0 120.0
4 84 74.0 86.0
26 63 20.0 36.0
60 29 68.0 121.0
77 12 14.0 136.0
6 83 162.0 103.0
76 14 184.0 93.0
77 86 144.0 71.0
43 46 145.0 81.0
80 8 110.0 171.0
22 73 125.0 82.0
35 64 165.0 145.0
59 29 40.0 180.0
71 87 28.0 155.0
75 62 36.0 165.0
19 68 150.0 181.0
42 34 170.0 47.0
47 40 44.0 33.0
65 25 103.0 170.0
70 20 74.0 21.0
79 9 41.0 67.0
54 36 41.0 22.0
58 31 145.0 77.0
74 79 107.0 47.0
44 43 109.0 30.0
36 52 90.0 106.0
81 18 49.0 146.0
32 57 196.0 124.0
69 2 108.0 38.0
41 48 187.0 149.0
13 75 174.0 132.0
74 14 117.0 82.0
50 83 89.0 27.0
45 47 9.0 132.0
78 6 56.0 59.0
71 15 21.0 5.0
31 59 195.0 81.0
35 49 54.0 182.0
61 60 101.0 28.0
61 30 174.0 19.0
57 30 157.0 15.0
1 82 196.0 167.0
59 28 30.0 4.0
22 68 95.0 51.0
55 41 59.0 42.0
53 40 27.0 113.0
70 15 39.0 128.0
35 70 35.0 13.0
4 20 132.0 192.0
87 49 9.0 128.0
78 62 106.0 40.0
40 51 99.0 153.0
49 41 42.0 158.0
16 73 61.0 69.0
24 66 122.0 52.0
76 30 51.0 157.0
27 62 126.0 183.0
33 59 103.0 135.0
40 50 195.0 161.0
33 55 147.0 46.0
57 34 82.0 189.0
11 79 195.0 95.0
80 11 114.0 117.0
44 47 11.0 117.0
86 2 190.0 89.0
55 43 18.0 45.0
19 73 123.0 165.0
9 81 184.0 70.0
85 6 198.0 18.0
52 41 40.0 193.0
56 48 27.0 154.0
15 77 18.0 191.0
65 86 194.0 161.0
27 65 10.0 164.0
52 39 191.0 133.0
13 79 62.0 128.0
42 68 95.0 12.0
64 29 122.0 135.0
81 13 61.0 150.0
41 51 142.0 32.0
4 86 31.0 88.0
82 9 173.0 41.0
83 7 179.0 164.0
27 56 2.0 42.0
24 68 51.0 49.0
69 78 184.0 126.0
70 49 195.0 197.0
15 66 94.0 90.0
55 36 182.0 125.0
76 39 117.0 155.0
22 70 79.0 96.0
22 74 107.0 34.0
53 38 61.0 110.0
75 12 102.0 197.0
53 46 185.0 49.0
67 25 6.0 32.0
71 21 53.0 188.0
56 37 25.0 122.0
55 75 83.0 104.0
14 77 110.0 142.0
67 23 98.0 123.0
42 48 153.0 152.0
85 13 98.0 139.0
41 50 115.0 105.0
23 69 60.0 168.0
72 19 156.0 37.0
57 35 25.0 191.0
75 50 110.0 87.0
77 16 74.0 8.0
80 14 5.0 28.0
64 30 111.0 103.0
16 76 26.0 26.0
68 44 195.0 87.0
61 65 152.0 103.0
43 80 155.0 178.0
18 75 164.0 65.0
5 86 62.0 39.0
31 57 4.0 67.0
68 43 84.0 115.0
71 19 137.0 110.0
35 58 179.0 132.0
85 10 148.0 132.0
58 36 60.0 103.0
87 2 155.0 25.0
87 9 37.0 170.0
85 9 77.0 194.0
58 72 196.0 113.0
80 1 146.0 85.0
60 33 55.0 126.0
63 30 87.0 3.0
20 72 199.0 147.0
65 26 79.0 155.0
12 80 127.0 116.0
67 27 179.0 156.0
8 69 127.0 175.0
6 87 26.0 73.0
58 32 188.0 81.0
24 83 33.0 27.0
13 74 27.0 33.0
85 7 191.0 106.0
56 78 83.0 71.0
19 63 57.0 62.0
45 49 150.0 136.0
48 77 184.0 128.0
48 46 27.0 172.0
15 75 45.0 12.0
72 21 129.0 72.0
83 12 106.0 120.0
66 57 191.0 190.0
70 26 76.0 1.0
50 78 148.0 26.0
55 38 117.0 132.0
22 71 16.0 144.0
66 26 134.0 61.0
37 72 43.0 63.0
43 51 75.0 150.0
48 47 154.0 66.0
83 3 42.0 30.0
37 59 8.0 190.0
59 36 181.0 77.0
50 46 188.0 198.0
30 65 188.0 75.0
61 33 18.0 183.0
65 84 58.0 93.0
50 44 26.0 164.0
9 84 88.0 68.0
47 49 22.0 49.0
77 64 18.0 155.0
14 78 134.0 158.0
71 86 166.0 122.0
50 45 102.0 185.0
25 68 24.0 112.0
77 38 122.0 2.0
51 74 131.0 10.0
57 37 120.0 153.0
15 79 190.0 90.0
15 72 83.0 124.0
35 60 158.0 2.0
80 16 102.0 12.0
48 43 160.0 79.0
19 75 130.0 34.0
45 53 90.0 13.0
68 28 98.0 162.0
56 39 146.0 88.0
17 77 135.0 30.0
84 6 121.0 45.0
37 61 140.0 176.0
73 24 40.0 100.0
32 63 193.0 170.0
32 65 91.0 83.0
33 65 35.0 141.0
80 85 103.0 133.0
65 29 59.0 190.0
36 57 118.0 132.0
45 51 179.0 11.0
66 44 52.0 172.0
66 27 33.0 45.0
62 32 85.0 76.0
80 19 129.0 72.0
69 27 143.0 32.0
48 70 69.0 154.0
31 75 55.0 139.0
16 82 110.0 187.0
44 54 116.0 162.0
66 31 84.0 149.0
82 11 70.0 121.0
49 48 192.0 199.0
42 55 25.0 87.0
83 78 169.0 46.0
23 73 26.0 177.0
42 54 6.0 89.0
43 49 80.0 122.0
28 65 155.0 164.0
49 46 194.0 25.0
76 72 88.0 138.0
44 51 120.0 113.0
43 78 50.0 41.0
58 4 138.0 28.0
69 32 9.0 97.0
38 71 188.0 90.0
54 38 195.0 143.0
68 31 180.0 142.0
30 77 10.0 68.0
35 66 76.0 82.0
46 52 144.0 78.0
62 33 77.0 34.0
25 69 1.0 38.0
87 12 50.0 189.0
35 59 179.0 45.0
35 63 6.0 112.0
57 38 78.0 169.0
55 45 160.0 106.0
87 22 22.0 104.0
85 12 124.0 51.0
38 66 77.0 126.0
79 41 153.0 127.0
85 14 109.0 84.0
59 41 84.0 115.0
69 30 195.0 114.0
44 57 167.0 156.0
55 44 106.0 189.0
23 75 174.0 30.0
63 34 52.0 3.0
68 29 128.0 5.0
59 66 120.0 189.0
5 84 71.0 157.0
78 16 133.0 66.0
78 20 58.0 100.0
23 77 138.0 164.0
42 58 116.0 64.0
56 84 183.0 168.0
14 72 7.0 63.0
15 83 61.0 127.0
24 74 2.0 132.0
67 34 8.0 135.0
27 72 160.0 19.0
33 64 64.0 98.0
40 59 42.0 132.0
73 36 134.0 177.0
60 41 49.0 141.0
74 60 106.0 110.0
27 77 69.0 60.0
25 73 166.0 29.0
33 68 164.0 78.0
8 87 18.0 180.0
64 37 26.0 12.0
47 55 96.0 160.0
21 77 28.0 146.0
70 30 131.0 135.0
28 70 44.0 152.0
34 64 30.0 162.0
78 22 118.0 194.0
51 56 164.0 88.0
61 40 158.0 142.0
52 47 26.0 6.0
52 77 182.0 6.0
65 34 164.0 113.0
43 56 136.0 160.0
29 71 133.0 166.0
51 50 186.0 51.0
41 58 31.0 102.0
59 42 187.0 141.0
20 76 8.0 165.0
13 86 69.0 191.0
67 33 10.0 33.0
61 36 25.0 98.0
41 61 85.0 158.0
25 72 120.0 24.0
66 36 149.0 104.0
80 22 23.0 88.0
62 39 54.0 184.0
86 16 99.0 123.0
87 60 9.0 110.0
69 44 74.0 34.0
75 27 154.0 111.0
57 81 62.0 74.0
63 39 185.0 11.0
37 62 25.0 161.0
67 40 35.0 79.0
74 29 111.0 135.0
31 70 118.0 121.0
74 18 182.0 144.0
25 75 61.0 136.0
46 57 5.0 123.0
87 14 173.0 143.0
83 20 91.0 199.0
73 29 129.0 127.0
36 71 1.0 192.0
71 31 168.0 72.0
36 64 177.0 151.0
83 19 16.0 38.0
75 28 48.0 173.0
76 31 34.0 173.0
50 55 77.0 126.0
62 41 92.0 158.0
68 35 182.0 46.0
49 50 141.0 150.0
87 17 159.0 118.0
79 73 95.0 127.0
73 28 71.0 95.0
32 67 45.0 106.0
31 69 148.0 75.0
80 63 112.0 41.0
47 57 105.0 94.0
33 72 91.0 46.0
33 70 87.0 2.0
14 86 49.0 182.0
18 78 55.0 72.0
43 57 140.0 52.0
24 79 7.0 41.0
84 22 153.0 119.0
69 34 30.0 10.0
73 30 4.0 73.0
23 78 152.0 43.0
58 47 43.0 153.0
34 68 106.0 50.0
46 64 22.0 199.0
81 23 199.0 30.0
39 64 147.0 105.0
81 22 21.0 177.0
36 68 50.0 177.0
20 86 188.0 154.0
79 27 157.0 183.0
60 45 193.0 63.0
29 66 175.0 15.0
68 38 128.0 127.0
69 38 62.0 27.0
51 46 72.0 35.0
63 43 37.0 74.0
49 54 85.0 25.0
40 66 173.0 42.0
44 59 188.0 118.0
74 30 79.0 115.0
56 50 78.0 159.0
64 42 174.0 92.0
35 43 102.0 46.0
65 41 75.0 140.0
52 49 190.0 113.0
51 55 25.0 115.0
39 58 190.0 165.0
49 55 51.0 21.0
37 70 102.0 82.0
50 53 15.0 76.0
52 50 193.0 69.0
81 26 48.0 21.0
61 43 157.0 190.0
21 86 159.0 135.0
60 83 163.0 101.0
74 32 161.0 167.0
29 70 126.0 15.0
85 20 181.0 93.0
57 45 63.0 127.0
36 72 155.0 63.0
43 62 27.0 112.0
35 20 58.0 138.0
26 77 89.0 174.0
80 50 120.0 2.0
65 40 173.0 198.0
65 38 177.0 107.0
46 61 81.0 193.0
39 66 24.0 36.0
56 49 77.0 3.0
54 55 104.0 87.0
29 72 199.0 146.0
86 19 0.0 71.0
27 47 178.0 126.0
57 48 117.0 108.0
59 43 9.0 199.0
73 39 123.0 33.0
34 71 141.0 152.0
48 58 16.0 197.0
61 42 8.0 15.0
36 70 162.0 8.0
37 71 67.0 92.0
28 78 42.0 136.0
46 55 163.0 51.0
53 57 115.0 86.0
70 38 155.0 56.0
84 23 84.0 123.0
59 46 193.0 44.0
20 65 131.0 107.0
61 47 11.0 150.0
63 44 54.0 53.0
64 41 105.0 169.0
45 65 118.0 21.0
39 54 29.0 26.0
24 76 185.0 66.0
68 64 16.0 130.0
26 82 7.0 100.0
68 51 142.0 170.0
62 45 72.0 148.0
21 87 78.0 177.0
83 26 123.0 196.0
32 78 63.0 105.0
71 32 116.0 0.0
82 21 101.0 84.0
66 81 63.0 60.0
42 65 132.0 157.0
39 70 190.0 4.0
57 49 148.0 68.0
47 56 160.0 24.0
82 23 19.0 176.0
79 30 37.0 87.0
86 24 84.0 90.0
60 50 199.0 99.0
79 14 42.0 131.0
35 83 138.0 184.0
23 86 2.0 39.0
77 54 115.0 115.0
69 43 196.0 86.0
77 36 183.0 33.0
27 81 109.0 67.0
64 44 111.0 108.0
81 31 91.0 105.0
51 82 197.0 29.0
50 54 17.0 0.0
87 25 179.0 85.0
75 34 129.0 175.0
58 43 50.0 112.0
87 24 15.0 111.0
76 35 27.0 126.0
76 32 138.0 70.0
43 66 117.0 87.0
51 60 107.0 87.0
57 50 112.0 39.0
63 47 96.0 194.0
61 49 164.0 98.0
8 86 41.0 132.0
78 35 143.0 68.0
37 76 66.0 33.0
46 78 14.0 136.0
84 26 114.0 73.0
80 33 194.0 179.0
73 34 6.0 43.0
77 32 70.0 123.0
82 27 83.0 111.0
75 33 59.0 26.0
24 81 164.0 78.0
34 72 92.0 130.0
40 71 40.0 158.0
32 79 147.0 186.0
52 57 142.0 154.0
37 74 178.0 164.0
65 47 149.0 61.0
56 57 134.0 161.0
30 83 135.0 50.0
85 23 50.0 27.0
48 64 5.0 90.0
36 74 138.0 153.0
25 85 133.0 80.0
58 55 172.0 63.0
67 43 183.0 73.0
45 69 120.0 69.0
58 82 134.0 7.0
69 36 93.0 184.0
46 66 0.0 51.0
32 80 65.0 138.0
50 59 103.0 150.0
36 63 38.0 27.0
44 58 158.0 173.0
36 62 16.0 30.0
50 62 70.0 151.0
63 74 101.0 163.0
51 63 121.0 102.0
80 31 137.0 186.0
64 63 177.0 192.0
71 43 142.0 167.0
79 34 63.0 52.0
80 34 0.0 79.0
63 49 0.0 22.0
70 42 136.0 102.0
37 55 74.0 9.0
28 86 159.0 164.0
27 85 88.0 89.0
59 54 152.0 30.0
41 74 35.0 15.0
71 42 93.0 187.0
48 66 155.0 46.0
56 55 51.0 91.0
68 39 52.0 77.0
64 52 34.0 12.0
52 59 78.0 122.0
79 36 10.0 30.0
81 34 161.0 46.0
78 37 128.0 6.0
58 56 142.0 83.0
32 83 56.0 193.0
64 50 177.0 109.0
49 62 166.0 11.0
39 67 187.0 44.0
56 60 81.0 198.0
76 40 122.0 42.0
44 71 24.0 51.0
65 53 54.0 166.0
86 30 143.0 62.0
51 65 102.0 121.0
72 56 122.0 68.0
60 53 112.0 62.0
31 84 65.0 145.0
86 73 37.0 187.0
74 39 42.0 62.0
38 78 90.0 48.0
83 33 130.0 33.0
46 73 31.0 32.0
70 41 65.0 105.0
55 35 6.0 129.0
56 61 187.0 23.0
51 64 3.0 177.0
66 84 182.0 198.0
31 83 167.0 24.0
77 41 96.0 97.0
65 50 11.0 79.0
43 75 49.0 76.0
69 50 83.0 7.0
70 45 46.0 23.0
74 40 50.0 49.0
63 55 114.0 32.0
85 24 11.0 82.0
53 77 133.0 59.0
76 41 98.0 96.0
56 63 179.0 148.0
27 87 161.0 14.0
64 54 35.0 7.0
16 74 132.0 37.0
85 34 110.0 47.0
79 35 46.0 121.0
33 85 177.0 132.0
53 43 146.0 76.0
56 35 130.0 125.0
26 86 173.0 43.0
66 86 71.0 160.0
32 85 19.0 155.0
84 36 199.0 129.0
82 35 0.0 46.0
45 73 55.0 177.0
84 35 159.0 1.0
41 78 113.0 42.0
47 67 52.0 38.0
82 32 99.0 75.0
87 32 167.0 70.0
76 43 173.0 166.0
75 38 137.0 173.0
78 42 53.0 192.0
61 59 137.0 164.0
37 85 195.0 50.0
34 83 84.0 0.0
44 73 36.0 183.0
28 81 44.0 155.0
59 62 157.0 17.0
40 82 85.0 46.0
43 70 48.0 138.0
56 53 160.0 186.0
39 83 9.0 108.0
56 62 69.0 93.0
87 34 42.0 106.0
79 39 37.0 86.0
49 69 30.0 146.0
44 77 185.0 115.0
63 57 119.0 186.0
45 68 72.0 32.0
60 85 142.0 33.0
50 71 135.0 11.0
72 51 139.0 129.0
78 31 122.0 128.0
45 77 115.0 104.0
36 75 3.0 53.0
52 68 188.0 123.0
66 56 27.0 12.0
49 71 151.0 169.0
86 37 31.0 86.0
52 70 85.0 170.0
74 48 6.0 160.0
62 63 146.0 73.0
82 44 164.0 149.0
83 37 32.0 152.0
65 55 130.0 60.0
47 73 87.0 33.0
47 70 117.0 118.0
66 54 175.0 154.0
85 39 170.0 181.0
83 36 119.0 116.0
42 74 3.0 83.0
70 51 125.0 35.0
65 58 68.0 8.0
22 86 95.0 107.0
83 41 153.0 12.0
75 47 63.0 129.0
54 67 116.0 33.0
38 82 155.0 187.0
45 74 112.0 158.0
75 48 68.0 38.0
65 60 126.0 136.0
70 62 153.0 21.0
68 56 192.0 58.0
50 74 138.0 55.0
78 40 23.0 55.0
34 82 60.0 178.0
63 46 180.0 172.0
72 48 131.0 48.0
63 42 0.0 57.0
43 81 105.0 105.0
59 69 17.0 50.0
44 80 105.0 156.0
86 64 87.0 128.0
77 33 79.0 99.0
31 86 85.0 59.0
77 49 99.0 16.0
74 56 80.0 51.0
60 64 120.0 138.0
45 84 22.0 90.0
69 56 143.0 79.0
87 39 22.0 31.0
63 59 118.0 101.0
65 76 197.0 4.0
87 38 121.0 96.0
81 48 54.0 154.0
86 42 126.0 126.0
43 73 29.0 101.0
52 79 127.0 173.0
60 52 159.0 102.0
82 33 49.0 78.0
45 85 41.0 46.0
53 71 4.0 115.0
55 70 48.0 58.0
72 39 49.0 126.0
49 67 120.0 78.0
43 82 100.0 199.0
72 43 150.0 12.0
73 49 125.0 199.0
47 76 130.0 119.0
60 66 84.0 87.0
75 53 72.0 84.0
33 86 140.0 73.0
72 50 102.0 60.0
74 52 66.0 2.0
78 49 122.0 168.0
83 42 132.0 199.0
66 62 7.0 15.0
87 36 63.0 43.0
81 46 186.0 87.0
78 48 184.0 126.0
36 86 123.0 86.0
42 75 14.0 141.0
67 45 15.0 136.0
71 62 98.0 100.0
37 27 167.0 105.0
72 57 120.0 30.0
66 64 174.0 106.0
69 33 46.0 110.0
62 65 72.0 169.0
78 54 148.0 86.0
76 53 154.0 163.0
87 29 125.0 52.0
68 53 99.0 44.0
62 67 143.0 172.0
46 83 79.0 70.0
32 72 137.0 126.0
71 61 70.0 161.0
52 75 83.0 170.0
58 69 94.0 38.0
47 77 31.0 19.0
85 48 163.0 83.0
79 56 140.0 107.0
47 83 100.0 19.0
61 70 190.0 190.0
86 44 7.0 12.0
42 87 182.0 91.0
57 75 121.0 76.0
76 50 124.0 152.0
56 76 107.0 87.0
68 63 176.0 47.0
59 72 185.0 28.0
70 59 13.0 127.0
80 49 177.0 172.0
65 68 46.0 112.0
48 84 20.0 167.0
68 62 52.0 96.0
54 79 150.0 159.0
51 81 109.0 78.0
80 57 45.0 94.0
45 87 151.0 10.0
53 73 92.0 80.0
63 69 46.0 91.0
63 71 121.0 66.0
72 60 190.0 174.0
82 52 84.0 92.0
59 75 173.0 193.0
78 39 57.0 170.0
87 83 32.0 160.0
62 69 64.0 76.0
61 73 118.0 111.0
80 53 60.0 192.0
70 65 94.0 2.0
55 73 199.0 130.0
83 43 197.0 124.0
51 85 81.0 54.0
56 70 93.0 113.0
71 64 145.0 109.0
63 65 87.0 16.0
73 50 194.0 100.0
84 25 129.0 40.0
44 83 165.0 81.0
87 47 161.0 162.0
87 51 30.0 194.0
73 62 96.0 75.0
61 69 111.0 41.0
68 70 155.0 151.0
69 60 95.0 149.0
67 74 54.0 177.0
73 51 109.0 20.0
46 85 67.0 70.0
53 86 39.0 98.0
85 68 78.0 135.0
77 58 116.0 190.0
63 72 60.0 71.0
80 55 49.0 107.0
47 82 178.0 56.0
81 56 62.0 87.0
71 70 18.0 81.0
73 63 2.0 57.0
60 77 15.0 80.0
67 68 68.0 131.0
62 77 59.0 128.0
81 64 42.0 61.0
49 6 23.0 172.0
71 67 59.0 37.0
62 74 46.0 77.0
41 86 155.0 0.0
56 82 10.0 122.0
69 72 170.0 78.0
81 54 137.0 182.0
82 84 75.0 131.0
87 56 9.0 98.0
73 66 36.0 20.0
85 56 56.0 82.0
82 60 169.0 11.0
75 64 169.0 131.0
81 59 148.0 92.0
65 72 171.0 37.0
84 55 133.0 47.0
59 78 92.0 94.0
64 69 191.0 128.0
57 83 101.0 47.0
77 71 111.0 22.0
80 62 187.0 32.0
66 74 139.0 135.0
65 74 19.0 111.0
86 55 23.0 104.0
43 86 144.0 67.0
69 67 181.0 87.0
59 77 59.0 35.0
52 85 144.0 170.0
53 87 30.0 131.0
85 59 29.0 121.0
86 58 141.0 1.0
83 61 54.0 116.0
39 82 25.0 150.0
58 80 146.0 6.0
66 82 173.0 157.0
70 73 166.0 69.0
75 65 113.0 148.0
72 67 18.0 142.0
58 75 100.0 159.0
68 76 9.0 106.0
55 34 0.0 34.0
70 76 123.0 98.0
67 83 189.0 48.0
87 57 169.0 155.0
50 85 192.0 34.0
64 72 178.0 10.0
75 69 25.0 79.0
60 76 65.0 34.0
58 84 193.0 17.0
44 84 151.0 117.0
78 70 163.0 140.0
77 67 104.0 133.0
70 66 122.0 48.0
80 64 73.0 53.0
59 86 33.0 98.0
78 65 16.0 51.0
63 82 70.0 9.0
66 67 164.0 173.0
80 67 31.0 128.0
85 44 110.0 87.0
59 87 133.0 185.0
76 61 30.0 6.0
84 62 191.0 16.0
77 65 199.0 7.0
76 74 128.0 21.0
87 66 195.0 44.0
79 68 21.0 26.0
75 77 174.0 131.0
69 86 100.0 107.0
81 42 76.0 131.0
79 77 63.0 20.0
59 76 157.0 14.0
73 80 148.0 85.0
61 86 43.0 95.0
53 84 96.0 64.0
73 71 142.0 70.0
71 85 122.0 42.0
73 87 163.0 199.0
67 79 142.0 178.0
72 82 51.0 100.0
80 68 114.0 151.0
87 65 178.0 109.0
78 80 108.0 26.0
69 74 89.0 50.0
84 75 171.0 11.0
78 71 147.0 86.0
84 49 36.0 89.0
69 76 141.0 87.0
86 74 2.0 56.0
68 71 157.0 132.0
57 85 116.0 17.0
81 71 135.0 157.0
82 29 35.0 106.0
74 84 168.0 182.0
79 59 171.0 4.0
86 63 100.0 113.0
76 86 70.0 103.0
79 82 129.0 179.0
70 85 152.0 197.0
84 83 81.0 40.0
54 62 158.0 117.0
78 84 53.0 78.0
87 64 145.0 177.0
76 83 112.0 45.0
81 80 1.0 134.0
79 85 34.0 83.0
78 85 78.0 138.0
86 75 62.0 159.0
84 72 168.0 20.0
86 60 155.0 174.0
71 72 12.0 52.0
72 75 156.0 76.0
68 60 86.0 109.0
81 75 136.0 72.0
50 81 12.0 14.0
74 19 66.0 74.0
81 74 34.0 187.0
56 38 30.0 190.0
48 87 105.0 194.0
79 87 43.0 13.0
18 79 59.0 81.0
68 46 92.0 195.0
80 82 106.0 104.0
87 44 42.0 173.0
82 46 72.0 77.0
79 69 185.0 102.0
70 87 58.0 42.0
86 79 102.0 53.0
67 86 44.0 113.0
86 84 157.0 88.0
64 61 111.0 64.0
35 52 2.0 105.0
70 75 174.0 75.0
83 72 119.0 159.0
74 82 48.0 129.0
78 61 137.0 103.0
1 16 61.0 134.0
66 78 100.0 18.0
66 63 193.0 163.0
3 18 76.0 148.0
84 73 61.0 50.0
64 82 82.0 132.0
79 84 122.0 83.0
72 66 15.0 12.0
77 78 184.0 28.0
76 87 39.0 36.0
69 52 9.0 185.0
82 78 176.0 37.0
52 71 12.0 37.0
78 73 116.0 95.0
68 75 129.0 38.0
65 71 126.0 97.0
76 82 69.0 62.0
73 69 62.0 108.0
77 69 24.0 71.0
67 73 134.0 152.0
77 61 150.0 147.0
64 83 46.0 66.0
70 79 96.0 127.0
47 81 7.0 22.0
67 87 130.0 76.0
79 80 187.0 192.0
87 80 57.0 163.0
79 50 24.0 143.0
54 84 121.0 126.0
72 87 112.0 119.0
64 67 60.0 8.0
85 67 77.0 67.0
72 68 4.0 7.0
77 82 63.0 143.0
0
