83 3403 26 49 516165
48 70 58.0 142.0
44 51 84.0 194.0
34 83 9.0 72.0
83 40 10.0 45.0
58 81 58.0 80.0
12 53 189.0 155.0
73 34 126.0 188.0
53 71 129.0 154.0
58 29 68.0 139.0
82 59 92.0 152.0
59 55 189.0 102.0
11 25 186.0 151.0
25 23 5.0 196.0
78 25 146.0 146.0
58 50 152.0 72.0
38 59 22.0 33.0
7 44 104.0 90.0
22 18 167.0 148.0
75 2 22.0 156.0
26 75 98.0 160.0
15 40 15.0 55.0
64 78 104.0 161.0
44 46 34.0 9.0
24 33 37.0 8.0
79 55 130.0 93.0
72 79 166.0 97.0
80 71 50.0 140.0
62 59 108.0 100.0
15 5 175.0 124.0
82 6 51.0 31.0
52 19 186.0 38.0
55 66 106.0 176.0
41 61 93.0 36.0
59 1 12.0 12.0
71 81 109.0 14.0
56 82 71.0 18.0
3 58 185.0 46.0
63 19 154.0 36.0
40 16 57.0 93.0
82 50 122.0 164.0
30 47 106.0 167.0
47 1 82.0 70.0
82 67 145.0 144.0
65 56 27.0 17.0
6 7 139.0 12.0
54 40 68.0 46.0
56 71 52.0 125.0
37 4 50.0 126.0
54 4 184.0 156.0
5 57 165.0 19.0
40 65 116.0 62.0
40 28 85.0 95.0
64 82 92.0 176.0
42 48 87.0 160.0
35 74 121.0 91.0
80 4 177.0 172.0
7 53 191.0 114.0
30 43 25.0 108.0
24 4 173.0 94.0
34 19 49.0 10.0
21 56 109.0 94.0
21 17 122.0 148.0
10 70 28.0 196.0
73 31 22.0 5.0
3 45 163.0 166.0
9 2 52.0 189.0
40 30 48.0 177.0
48 65 25.0 49.0
41 57 135.0 86.0
77 46 98.0 9.0
32 6 185.0 126.0
39 68 30.0 160.0
29 44 112.0 193.0
80 10 150.0 116.0
39 80 146.0 150.0
64 39 159.0 123.0
16 49 197.0 46.0
14 42 174.0 95.0
50 23 43.0 159.0
10 17 117.0 25.0
60 39 54.0 29.0
52 61 74.0 4.0
60 51 177.0 172.0
9 13 152.0 89.0
61 67 54.0 101.0
28 49 61.0 28.0
71 31 85.0 56.0
50 52 113.0 2.0
10 33 156.0 167.0
13 24 74.0 183.0
74 3 86.0 51.0
18 17 61.0 191.0
4 60 123.0 116.0
28 33 68.0 136.0
66 30 96.0 153.0
81 57 125.0 9.0
9 70 22.0 33.0
10 58 32.0 96.0
64 51 127.0 70.0
68 29 20.0 189.0
1 13 51.0 95.0
22 52 86.0 120.0
1 73 2.0 134.0
46 18 121.0 79.0
7 82 74.0 143.0
57 11 5.0 58.0
62 24 131.0 132.0
56 35 0.0 103.0
24 65 132.0 51.0
36 78 159.0 18.0
71 6 178.0 161.0
26 49 70.0 100.0
50 6 185.0 96.0
17 70 174.0 190.0
13 19 128.0 57.0
10 3 127.0 128.0
74 79 93.0 11.0
76 11 52.0 4.0
16 23 132.0 31.0
71 28 13.0 154.0
33 44 161.0 199.0
33 47 190.0 87.0
68 17 61.0 71.0
26 6 167.0 140.0
4 75 139.0 12.0
2 28 17.0 191.0
50 77 42.0 101.0
21 60 136.0 7.0
20 64 13.0 97.0
28 80 60.0 3.0
13 54 90.0 73.0
60 5 109.0 57.0
82 23 0.0 0.0
50 38 122.0 169.0
34 4 128.0 116.0
63 59 182.0 64.0
43 58 30.0 195.0
54 75 84.0 42.0
45 56 155.0 174.0
1 12 150.0 65.0
27 68 193.0 102.0
25 3 80.0 115.0
6 77 172.0 160.0
14 4 140.0 154.0
43 46 92.0 170.0
40 7 30.0 176.0
65 33 114.0 186.0
37 31 41.0 16.0
15 83 182.0 34.0
5 77 189.0 14.0
70 53 142.0 161.0
38 74 39.0 35.0
39 63 23.0 83.0
69 18 51.0 53.0
53 19 198.0 118.0
52 35 15.0 39.0
37 51 100.0 149.0
44 43 10.0 90.0
15 51 39.0 105.0
7 9 193.0 30.0
30 67 20.0 16.0
4 74 191.0 23.0
5 2 8.0 141.0
36 56 33.0 175.0
13 4 85.0 86.0
37 3 128.0 47.0
56 12 107.0 119.0
62 75 46.0 100.0
61 11 45.0 18.0
1 14 104.0 36.0
15 28 67.0 112.0
3 41 69.0 52.0
35 76 2.0 154.0
78 33 150.0 82.0
48 62 54.0 9.0
57 1 22.0 52.0
11 66 21.0 67.0
80 64 55.0 126.0
9 20 143.0 122.0
64 29 145.0 164.0
22 56 83.0 148.0
9 49 130.0 185.0
31 58 191.0 136.0
62 38 186.0 165.0
20 58 179.0 8.0
41 34 73.0 34.0
56 17 58.0 169.0
49 21 52.0 156.0
77 62 76.0 87.0
27 83 22.0 158.0
57 63 27.0 165.0
7 4 47.0 14.0
80 38 156.0 178.0
74 13 40.0 30.0
29 65 60.0 51.0
5 58 88.0 64.0
39 77 149.0 164.0
76 67 100.0 124.0
50 24 4.0 128.0
43 39 88.0 3.0
76 9 80.0 45.0
21 81 172.0 120.0
65 32 62.0 185.0
6 31 193.0 151.0
24 77 186.0 95.0
64 73 111.0 87.0
13 77 185.0 67.0
32 49 129.0 25.0
57 9 56.0 9.0
6 39 179.0 180.0
71 10 135.0 194.0
41 51 176.0 81.0
44 71 106.0 163.0
60 73 111.0 169.0
69 77 78.0 48.0
42 61 121.0 7.0
69 54 98.0 177.0
9 58 54.0 77.0
68 48 98.0 142.0
15 34 85.0 74.0
21 16 2.0 143.0
9 5 56.0 113.0
54 35 66.0 134.0
15 57 84.0 139.0
27 42 159.0 134.0
19 67 156.0 165.0
31 34 108.0 54.0
70 47 185.0 145.0
62 28 110.0 187.0
5 83 159.0 118.0
37 71 155.0 177.0
44 20 160.0 191.0
64 50 162.0 71.0
33 71 29.0 118.0
22 38 178.0 89.0
1 54 124.0 164.0
82 32 180.0 186.0
31 27 75.0 92.0
14 52 112.0 30.0
72 7 170.0 72.0
59 81 142.0 84.0
72 59 28.0 171.0
16 24 134.0 6.0
80 46 122.0 10.0
78 48 134.0 55.0
74 64 68.0 10.0
3 13 154.0 180.0
63 36 66.0 77.0
36 48 32.0 8.0
23 44 92.0 60.0
67 62 40.0 178.0
24 59 119.0 115.0
23 64 192.0 6.0
47 66 189.0 60.0
39 4 127.0 144.0
39 15 98.0 193.0
1 15 99.0 130.0
67 57 31.0 143.0
35 21 55.0 71.0
79 12 49.0 175.0
75 50 33.0 41.0
35 57 109.0 23.0
63 62 91.0 188.0
79 70 26.0 189.0
10 36 126.0 77.0
9 29 176.0 157.0
52 82 158.0 32.0
14 22 83.0 7.0
71 25 41.0 117.0
1 7 146.0 102.0
68 28 55.0 189.0
10 1 65.0 81.0
12 5 16.0 191.0
60 71 179.0 193.0
72 49 103.0 137.0
70 66 28.0 187.0
7 61 149.0 69.0
67 20 159.0 47.0
47 76 191.0 166.0
14 80 169.0 56.0
25 28 194.0 138.0
15 2 132.0 125.0
3 12 148.0 187.0
9 17 6.0 176.0
77 18 130.0 107.0
40 13 87.0 41.0
5 68 111.0 30.0
65 74 117.0 33.0
21 68 138.0 64.0
72 40 66.0 22.0
67 52 114.0 166.0
72 13 70.0 121.0
33 30 115.0 1.0
45 80 79.0 2.0
65 64 57.0 191.0
10 4 110.0 126.0
74 63 105.0 0.0
23 73 136.0 123.0
12 2 176.0 50.0
4 6 26.0 46.0
15 4 39.0 141.0
16 3 92.0 119.0
21 44 105.0 101.0
47 63 89.0 167.0
46 19 102.0 194.0
8 36 182.0 38.0
52 72 141.0 158.0
78 21 68.0 119.0
1 19 46.0 107.0
62 3 93.0 138.0
46 34 30.0 198.0
1 16 141.0 119.0
3 71 84.0 195.0
2 13 92.0 19.0
32 68 189.0 185.0
8 43 91.0 57.0
65 10 129.0 137.0
12 17 88.0 23.0
53 42 190.0 70.0
26 46 129.0 131.0
3 11 142.0 166.0
67 28 89.0 34.0
12 42 1.0 30.0
4 19 97.0 92.0
31 22 4.0 27.0
41 78 181.0 44.0
36 17 19.0 123.0
65 58 16.0 100.0
81 55 149.0 110.0
82 44 166.0 190.0
5 43 145.0 167.0
64 69 17.0 43.0
7 32 154.0 174.0
29 83 151.0 87.0
19 62 94.0 122.0
11 8 55.0 111.0
34 8 93.0 156.0
51 20 187.0 59.0
65 1 179.0 85.0
69 70 181.0 148.0
21 37 78.0 87.0
37 22 130.0 181.0
12 6 58.0 25.0
59 74 120.0 65.0
81 18 132.0 165.0
40 9 190.0 71.0
2 7 143.0 121.0
6 48 138.0 77.0
2 33 189.0 16.0
58 26 84.0 119.0
25 75 85.0 94.0
65 20 46.0 157.0
40 55 5.0 130.0
11 10 54.0 195.0
79 16 194.0 149.0
14 7 33.0 85.0
3 7 42.0 174.0
45 42 9.0 126.0
33 70 127.0 94.0
9 82 170.0 125.0
56 33 26.0 175.0
14 77 166.0 32.0
9 14 79.0 113.0
72 42 159.0 65.0
64 4 55.0 1.0
48 33 28.0 64.0
20 5 88.0 155.0
6 17 90.0 58.0
52 49 95.0 68.0
45 44 49.0 14.0
57 6 99.0 129.0
6 11 128.0 11.0
30 32 71.0 183.0
68 75 48.0 99.0
82 12 74.0 136.0
31 36 125.0 116.0
4 1 88.0 20.0
44 62 24.0 89.0
67 70 142.0 76.0
13 29 150.0 71.0
63 43 95.0 21.0
37 34 165.0 95.0
45 10 164.0 191.0
48 30 159.0 89.0
34 64 81.0 199.0
14 5 113.0 58.0
29 81 24.0 56.0
29 50 128.0 174.0
9 43 92.0 24.0
76 33 97.0 9.0
42 44 82.0 61.0
73 32 104.0 194.0
12 78 163.0 186.0
37 36 142.0 77.0
36 70 159.0 118.0
17 1 1.0 87.0
81 51 10.0 93.0
1 6 190.0 59.0
55 68 116.0 25.0
16 30 89.0 21.0
27 12 199.0 53.0
50 9 93.0 93.0
78 4 83.0 52.0
39 61 94.0 84.0
32 5 194.0 56.0
19 59 41.0 136.0
43 52 113.0 109.0
1 31 97.0 2.0
45 13 52.0 96.0
21 65 56.0 145.0
11 7 55.0 139.0
69 46 100.0 101.0
50 11 91.0 94.0
18 4 115.0 84.0
21 18 76.0 28.0
52 20 173.0 125.0
33 64 31.0 26.0
48 50 66.0 40.0
58 40 18.0 121.0
2 43 13.0 118.0
53 29 11.0 104.0
80 20 42.0 126.0
41 7 114.0 71.0
30 11 183.0 87.0
75 59 84.0 14.0
29 27 166.0 151.0
15 7 197.0 184.0
1 11 186.0 11.0
51 5 116.0 198.0
4 11 142.0 159.0
35 30 24.0 56.0
43 25 148.0 7.0
3 1 102.0 185.0
31 69 118.0 68.0
41 75 15.0 115.0
14 51 76.0 2.0
59 78 2.0 144.0
10 5 11.0 96.0
54 65 64.0 187.0
6 3 160.0 164.0
4 45 100.0 62.0
30 70 54.0 18.0
64 59 192.0 21.0
30 9 110.0 20.0
8 2 156.0 64.0
40 76 58.0 119.0
57 42 111.0 74.0
44 79 125.0 72.0
41 30 81.0 25.0
17 49 55.0 87.0
25 26 45.0 0.0
37 59 164.0 155.0
77 64 110.0 72.0
56 69 43.0 120.0
27 79 8.0 154.0
74 6 124.0 133.0
36 34 34.0 6.0
3 17 187.0 89.0
31 44 191.0 32.0
20 50 103.0 107.0
6 9 137.0 165.0
78 15 77.0 180.0
10 52 64.0 85.0
57 48 130.0 188.0
1 63 140.0 164.0
69 28 98.0 79.0
71 18 61.0 41.0
70 32 10.0 117.0
1 21 154.0 147.0
3 63 47.0 31.0
31 80 184.0 63.0
47 55 24.0 115.0
37 78 142.0 116.0
25 74 37.0 41.0
8 46 111.0 50.0
81 44 62.0 121.0
35 43 170.0 16.0
22 67 19.0 169.0
66 69 10.0 4.0
43 80 187.0 186.0
74 46 44.0 82.0
36 61 157.0 33.0
26 55 140.0 68.0
19 60 157.0 155.0
22 68 62.0 127.0
52 62 142.0 33.0
21 3 70.0 104.0
78 62 115.0 10.0
24 28 42.0 159.0
10 7 124.0 199.0
14 69 182.0 65.0
48 39 169.0 139.0
26 18 18.0 183.0
80 50 100.0 113.0
51 13 171.0 123.0
78 65 4.0 38.0
12 46 144.0 46.0
5 28 120.0 68.0
13 26 24.0 55.0
67 68 153.0 194.0
6 80 136.0 123.0
49 36 57.0 36.0
52 27 18.0 28.0
11 24 173.0 22.0
5 19 108.0 117.0
16 11 83.0 180.0
16 7 33.0 107.0
65 59 51.0 138.0
59 40 129.0 187.0
79 43 8.0 186.0
20 2 35.0 26.0
53 3 47.0 9.0
74 61 40.0 107.0
74 58 192.0 75.0
54 48 9.0 177.0
24 9 123.0 12.0
51 17 82.0 52.0
63 71 118.0 90.0
20 32 142.0 153.0
38 72 42.0 141.0
53 75 9.0 34.0
49 77 164.0 1.0
42 49 136.0 126.0
57 83 78.0 59.0
20 13 73.0 160.0
3 8 68.0 143.0
42 20 44.0 162.0
9 10 52.0 39.0
44 63 145.0 13.0
57 21 83.0 62.0
2 18 95.0 171.0
12 9 176.0 125.0
8 65 156.0 1.0
72 81 64.0 24.0
18 59 4.0 108.0
28 52 50.0 8.0
20 1 60.0 147.0
66 33 86.0 95.0
39 38 84.0 181.0
33 9 149.0 12.0
73 24 88.0 57.0
21 14 151.0 152.0
2 21 165.0 155.0
5 4 37.0 167.0
46 7 125.0 97.0
3 14 129.0 11.0
46 21 114.0 165.0
29 46 98.0 15.0
69 10 102.0 186.0
23 14 30.0 6.0
56 41 118.0 195.0
44 38 14.0 155.0
47 13 56.0 139.0
21 41 62.0 186.0
64 54 50.0 176.0
16 20 177.0 100.0
29 33 75.0 32.0
46 62 182.0 105.0
19 18 132.0 101.0
55 42 43.0 146.0
55 32 113.0 99.0
75 30 188.0 176.0
4 46 126.0 190.0
65 14 17.0 56.0
46 35 56.0 93.0
12 8 133.0 191.0
72 36 169.0 66.0
80 5 17.0 164.0
39 11 95.0 131.0
40 29 98.0 36.0
74 71 12.0 25.0
3 4 197.0 181.0
41 54 55.0 54.0
28 6 132.0 140.0
11 9 197.0 101.0
26 51 29.0 167.0
61 59 39.0 77.0
4 21 72.0 138.0
8 50 8.0 36.0
56 40 21.0 6.0
13 39 173.0 76.0
19 6 154.0 105.0
14 45 2.0 103.0
12 59 11.0 31.0
37 41 181.0 2.0
61 76 113.0 6.0
42 5 3.0 73.0
47 64 9.0 176.0
22 16 4.0 182.0
9 83 100.0 110.0
6 16 24.0 102.0
2 10 109.0 187.0
48 56 15.0 42.0
52 53 137.0 80.0
61 19 7.0 93.0
2 55 29.0 16.0
22 2 199.0 185.0
27 5 86.0 99.0
50 2 50.0 62.0
8 9 32.0 159.0
21 5 24.0 48.0
36 15 197.0 162.0
33 74 20.0 5.0
23 1 102.0 1.0
75 71 59.0 101.0
78 58 96.0 145.0
59 56 144.0 147.0
67 83 151.0 128.0
66 40 167.0 175.0
24 1 195.0 116.0
48 82 173.0 167.0
47 21 115.0 27.0
5 7 141.0 175.0
69 71 91.0 38.0
47 3 88.0 187.0
2 74 160.0 39.0
31 11 53.0 79.0
65 51 1.0 48.0
10 14 12.0 126.0
75 23 43.0 79.0
34 40 68.0 185.0
31 61 159.0 159.0
66 17 59.0 199.0
7 29 105.0 171.0
22 3 14.0 110.0
39 52 67.0 15.0
20 25 15.0 31.0
48 1 81.0 59.0
44 28 148.0 149.0
2 6 187.0 107.0
19 12 20.0 46.0
40 33 7.0 77.0
20 29 170.0 22.0
80 75 130.0 189.0
6 8 82.0 145.0
14 48 152.0 163.0
78 1 75.0 100.0
6 33 84.0 62.0
44 50 67.0 56.0
82 40 155.0 26.0
68 18 76.0 126.0
13 63 177.0 6.0
76 34 171.0 59.0
21 7 109.0 123.0
1 28 69.0 136.0
6 20 103.0 105.0
37 6 43.0 122.0
48 24 72.0 198.0
44 56 43.0 100.0
39 24 32.0 20.0
57 18 167.0 3.0
19 17 197.0 28.0
44 49 139.0 66.0
9 15 176.0 42.0
18 9 35.0 19.0
8 4 167.0 107.0
59 13 38.0 11.0
36 33 125.0 70.0
54 82 69.0 45.0
18 40 108.0 66.0
5 35 106.0 199.0
12 47 45.0 82.0
37 62 176.0 80.0
68 25 165.0 144.0
6 18 117.0 155.0
11 19 153.0 194.0
20 72 57.0 22.0
29 62 7.0 117.0
16 19 86.0 114.0
15 10 20.0 83.0
14 63 73.0 196.0
7 23 57.0 190.0
16 9 90.0 174.0
39 45 124.0 195.0
34 44 177.0 133.0
25 30 89.0 184.0
3 18 27.0 127.0
47 16 153.0 199.0
81 56 189.0 26.0
78 19 40.0 46.0
39 12 35.0 130.0
56 78 4.0 111.0
41 67 58.0 181.0
16 10 164.0 147.0
27 13 71.0 143.0
31 82 172.0 24.0
57 34 131.0 161.0
55 8 83.0 171.0
8 14 176.0 70.0
50 59 26.0 132.0
45 82 175.0 85.0
8 21 56.0 139.0
33 68 153.0 128.0
69 1 173.0 78.0
38 45 77.0 104.0
53 64 82.0 161.0
35 27 60.0 58.0
3 77 94.0 87.0
75 8 193.0 70.0
31 77 120.0 1.0
64 67 78.0 25.0
14 13 141.0 3.0
21 28 46.0 18.0
11 54 17.0 128.0
81 54 32.0 78.0
47 65 91.0 126.0
75 1 149.0 36.0
78 76 58.0 21.0
63 54 153.0 89.0
29 39 149.0 94.0
66 26 88.0 195.0
12 14 15.0 106.0
83 12 97.0 47.0
79 56 142.0 140.0
57 44 184.0 91.0
36 22 84.0 194.0
78 54 166.0 189.0
10 60 128.0 116.0
13 6 0.0 17.0
70 37 154.0 15.0
48 5 112.0 3.0
2 23 13.0 6.0
79 51 189.0 149.0
75 34 26.0 25.0
4 36 155.0 193.0
8 7 102.0 36.0
55 7 16.0 54.0
43 27 91.0 170.0
34 61 23.0 155.0
16 12 93.0 188.0
5 22 173.0 34.0
8 20 61.0 151.0
3 24 29.0 17.0
79 46 186.0 83.0
52 33 42.0 2.0
59 35 43.0 133.0
15 80 120.0 66.0
11 77 11.0 13.0
54 16 26.0 136.0
38 16 37.0 88.0
80 24 94.0 66.0
69 13 24.0 32.0
15 11 199.0 66.0
13 11 57.0 42.0
74 67 40.0 177.0
63 23 11.0 3.0
41 46 151.0 37.0
61 5 164.0 188.0
31 17 148.0 10.0
33 17 147.0 172.0
70 24 35.0 146.0
18 64 180.0 44.0
47 78 67.0 172.0
5 11 8.0 78.0
54 76 96.0 159.0
1 70 183.0 12.0
6 68 62.0 132.0
12 4 46.0 10.0
48 66 36.0 81.0
50 10 97.0 169.0
9 3 69.0 164.0
17 27 185.0 77.0
20 61 111.0 81.0
47 36 43.0 94.0
23 19 86.0 105.0
4 22 82.0 132.0
39 9 121.0 70.0
21 69 196.0 18.0
78 68 2.0 65.0
11 56 143.0 188.0
34 26 171.0 54.0
64 25 184.0 14.0
43 71 114.0 23.0
43 53 115.0 148.0
65 82 19.0 188.0
67 31 95.0 16.0
26 1 175.0 98.0
13 16 11.0 119.0
23 32 175.0 182.0
6 22 154.0 111.0
50 43 112.0 68.0
16 31 19.0 28.0
6 15 102.0 38.0
17 8 21.0 150.0
29 73 168.0 197.0
70 72 97.0 179.0
23 13 116.0 72.0
75 33 35.0 70.0
78 42 16.0 148.0
22 8 199.0 35.0
6 5 72.0 102.0
35 39 72.0 93.0
31 54 146.0 192.0
42 74 48.0 43.0
4 52 51.0 116.0
1 2 178.0 87.0
46 17 136.0 195.0
2 11 59.0 135.0
22 26 41.0 131.0
15 12 101.0 65.0
2 25 74.0 47.0
15 64 122.0 74.0
35 13 67.0 126.0
14 66 156.0 45.0
82 42 67.0 92.0
61 2 183.0 126.0
30 80 163.0 176.0
28 17 102.0 16.0
41 60 89.0 128.0
40 22 18.0 164.0
34 20 176.0 85.0
2 68 7.0 133.0
30 50 50.0 74.0
54 14 127.0 33.0
13 66 149.0 42.0
7 22 112.0 52.0
16 66 29.0 153.0
5 13 87.0 47.0
39 1 166.0 64.0
69 42 42.0 125.0
8 48 84.0 44.0
62 31 66.0 11.0
13 75 147.0 168.0
34 28 186.0 11.0
10 74 95.0 15.0
10 78 194.0 183.0
78 77 18.0 160.0
35 53 26.0 12.0
20 23 93.0 62.0
11 12 77.0 112.0
81 28 142.0 177.0
55 54 108.0 80.0
44 24 140.0 156.0
18 70 162.0 86.0
66 29 38.0 180.0
1 81 74.0 16.0
20 7 87.0 119.0
13 15 183.0 117.0
45 58 19.0 77.0
28 45 92.0 80.0
71 12 67.0 184.0
13 12 17.0 29.0
19 2 153.0 55.0
27 1 4.0 179.0
71 64 7.0 43.0
79 14 1.0 142.0
71 61 41.0 21.0
25 70 84.0 85.0
81 60 16.0 151.0
45 46 7.0 33.0
70 64 48.0 112.0
45 41 166.0 4.0
2 16 80.0 125.0
14 11 63.0 81.0
26 43 118.0 56.0
19 7 148.0 154.0
16 4 53.0 164.0
49 8 84.0 12.0
74 44 157.0 85.0
9 4 166.0 75.0
17 5 146.0 46.0
77 26 57.0 161.0
71 59 146.0 127.0
18 51 24.0 94.0
57 77 82.0 29.0
8 18 6.0 118.0
20 21 143.0 163.0
32 26 30.0 109.0
54 12 9.0 128.0
40 26 178.0 18.0
4 55 120.0 124.0
25 17 22.0 96.0
13 70 198.0 104.0
50 3 141.0 4.0
27 54 175.0 36.0
82 60 99.0 157.0
74 16 146.0 60.0
41 5 34.0 76.0
6 23 58.0 154.0
47 38 10.0 80.0
27 34 199.0 8.0
36 16 192.0 93.0
69 76 146.0 167.0
55 69 33.0 45.0
1 60 90.0 131.0
64 56 16.0 76.0
3 76 37.0 26.0
33 59 114.0 47.0
19 3 104.0 66.0
24 5 9.0 97.0
12 18 68.0 155.0
58 61 8.0 101.0
40 41 3.0 51.0
13 32 154.0 171.0
24 37 96.0 191.0
7 13 145.0 163.0
46 6 122.0 49.0
44 14 180.0 83.0
4 67 160.0 48.0
47 43 9.0 121.0
83 69 128.0 12.0
20 15 114.0 82.0
26 2 35.0 162.0
34 56 12.0 180.0
1 30 198.0 86.0
1 25 147.0 179.0
41 13 158.0 59.0
55 36 16.0 167.0
21 43 108.0 96.0
15 14 46.0 22.0
38 28 18.0 81.0
15 3 168.0 31.0
2 3 178.0 167.0
9 21 54.0 77.0
43 1 111.0 12.0
36 44 126.0 79.0
6 62 176.0 186.0
11 20 110.0 22.0
4 25 6.0 128.0
3 23 15.0 175.0
26 59 76.0 193.0
6 54 21.0 130.0
3 28 181.0 132.0
17 62 89.0 59.0
2 24 46.0 65.0
41 18 198.0 108.0
38 27 12.0 4.0
49 43 185.0 27.0
18 74 169.0 13.0
44 25 3.0 191.0
81 64 17.0 137.0
42 22 131.0 58.0
35 49 47.0 130.0
66 41 11.0 45.0
20 10 184.0 175.0
51 49 159.0 121.0
19 10 122.0 80.0
55 10 22.0 78.0
74 54 90.0 39.0
30 2 5.0 174.0
5 25 194.0 53.0
24 6 178.0 157.0
42 25 186.0 114.0
23 8 118.0 97.0
41 14 153.0 41.0
24 63 52.0 175.0
33 57 49.0 142.0
18 1 95.0 55.0
9 79 171.0 41.0
32 81 11.0 101.0
25 62 75.0 197.0
75 6 125.0 145.0
22 15 176.0 30.0
77 33 47.0 28.0
6 35 94.0 97.0
43 28 68.0 141.0
26 15 170.0 39.0
15 8 120.0 181.0
1 58 61.0 147.0
18 14 0.0 138.0
55 74 40.0 176.0
23 33 4.0 88.0
70 49 71.0 50.0
79 71 101.0 139.0
5 23 113.0 23.0
45 47 33.0 185.0
27 3 112.0 95.0
29 1 56.0 64.0
18 15 33.0 48.0
14 17 77.0 189.0
68 80 162.0 101.0
70 34 115.0 15.0
60 83 49.0 181.0
49 76 83.0 83.0
3 26 28.0 147.0
14 2 22.0 84.0
73 43 105.0 55.0
63 11 94.0 135.0
21 6 27.0 9.0
21 12 55.0 142.0
37 2 115.0 57.0
16 18 45.0 199.0
82 74 137.0 73.0
82 24 170.0 159.0
69 44 14.0 75.0
57 4 104.0 61.0
21 11 179.0 83.0
81 49 166.0 186.0
53 2 47.0 81.0
10 22 157.0 44.0
26 12 145.0 95.0
2 29 124.0 115.0
14 6 41.0 90.0
5 16 151.0 98.0
51 25 172.0 130.0
76 29 13.0 138.0
30 38 96.0 12.0
73 26 135.0 5.0
37 52 9.0 32.0
4 27 136.0 85.0
77 8 42.0 178.0
24 7 52.0 194.0
78 14 169.0 24.0
45 33 58.0 134.0
74 50 90.0 106.0
75 76 186.0 25.0
29 4 175.0 195.0
15 16 45.0 111.0
50 5 86.0 88.0
58 28 127.0 139.0
44 78 8.0 48.0
28 78 116.0 66.0
44 5 36.0 6.0
83 2 199.0 22.0
50 12 196.0 174.0
54 22 8.0 193.0
29 52 197.0 95.0
82 49 82.0 76.0
13 18 179.0 90.0
18 50 138.0 95.0
25 7 67.0 174.0
19 8 124.0 67.0
19 40 118.0 72.0
64 1 111.0 127.0
52 13 71.0 108.0
64 83 109.0 153.0
23 60 70.0 41.0
26 5 135.0 160.0
52 42 74.0 2.0
49 73 153.0 151.0
33 41 198.0 71.0
41 70 45.0 61.0
2 46 36.0 68.0
48 72 69.0 98.0
48 32 71.0 91.0
65 52 65.0 6.0
25 6 174.0 92.0
40 80 101.0 127.0
37 27 164.0 51.0
16 32 178.0 9.0
80 69 92.0 14.0
60 9 18.0 113.0
22 12 79.0 89.0
34 9 148.0 96.0
58 2 141.0 122.0
1 80 106.0 42.0
3 20 54.0 70.0
40 47 193.0 184.0
35 63 110.0 85.0
74 34 19.0 128.0
16 58 117.0 50.0
19 15 23.0 17.0
42 39 174.0 165.0
35 61 94.0 32.0
69 39 164.0 101.0
2 81 145.0 110.0
60 63 52.0 55.0
7 12 6.0 71.0
62 64 120.0 123.0
13 10 10.0 144.0
34 1 125.0 137.0
43 24 178.0 172.0
66 2 109.0 94.0
2 39 99.0 55.0
19 77 2.0 103.0
82 38 54.0 9.0
25 8 170.0 175.0
66 36 161.0 133.0
18 43 104.0 86.0
1 32 167.0 34.0
22 73 146.0 29.0
20 14 37.0 197.0
62 42 48.0 40.0
79 64 25.0 103.0
37 72 14.0 147.0
24 69 185.0 175.0
4 20 198.0 41.0
25 40 60.0 165.0
32 27 42.0 6.0
12 77 33.0 80.0
8 24 81.0 81.0
10 18 110.0 58.0
18 5 19.0 125.0
13 17 92.0 156.0
7 26 139.0 90.0
63 38 135.0 199.0
8 26 89.0 177.0
21 22 167.0 122.0
51 47 106.0 48.0
68 54 162.0 17.0
72 19 101.0 134.0
59 22 61.0 194.0
45 81 18.0 0.0
5 29 151.0 105.0
78 35 172.0 192.0
59 5 78.0 139.0
35 2 65.0 184.0
30 5 108.0 28.0
24 12 194.0 162.0
82 68 197.0 55.0
65 81 141.0 167.0
51 39 18.0 44.0
73 57 104.0 190.0
8 28 123.0 182.0
56 6 65.0 141.0
48 25 120.0 125.0
2 27 191.0 114.0
11 41 92.0 140.0
10 24 38.0 185.0
23 10 193.0 56.0
31 39 167.0 49.0
4 28 99.0 42.0
27 8 23.0 116.0
62 9 91.0 95.0
12 20 76.0 83.0
57 37 10.0 120.0
2 31 168.0 48.0
38 75 151.0 113.0
33 42 37.0 118.0
83 45 98.0 136.0
2 59 153.0 121.0
12 23 127.0 44.0
40 37 13.0 155.0
36 1 138.0 23.0
21 45 68.0 59.0
39 79 39.0 19.0
13 22 34.0 76.0
7 28 51.0 132.0
52 75 15.0 4.0
15 50 153.0 94.0
3 52 183.0 118.0
10 12 11.0 74.0
58 72 150.0 31.0
70 56 145.0 141.0
19 41 48.0 179.0
17 20 104.0 99.0
72 44 141.0 72.0
13 21 137.0 46.0
75 46 46.0 73.0
59 83 129.0 10.0
12 25 89.0 31.0
30 4 89.0 34.0
15 71 78.0 137.0
65 28 44.0 182.0
21 15 102.0 137.0
42 36 93.0 39.0
81 27 111.0 92.0
29 70 43.0 192.0
30 6 92.0 133.0
14 16 92.0 133.0
71 52 11.0 122.0
79 80 9.0 7.0
17 2 140.0 111.0
40 10 132.0 185.0
40 46 178.0 196.0
35 29 131.0 174.0
8 13 113.0 175.0
1 9 112.0 157.0
55 45 95.0 75.0
42 77 151.0 104.0
27 11 11.0 91.0
2 34 37.0 96.0
7 17 189.0 15.0
39 73 149.0 72.0
80 42 179.0 62.0
27 10 39.0 43.0
9 46 139.0 87.0
33 3 85.0 90.0
15 24 29.0 96.0
28 72 68.0 66.0
4 33 173.0 9.0
26 4 175.0 74.0
69 36 189.0 154.0
83 81 112.0 29.0
47 46 21.0 51.0
81 12 18.0 106.0
75 43 189.0 199.0
34 38 40.0 9.0
8 30 26.0 165.0
5 8 134.0 1.0
15 23 188.0 124.0
56 77 173.0 100.0
30 7 184.0 195.0
50 72 25.0 155.0
34 35 12.0 166.0
73 41 23.0 4.0
11 18 0.0 49.0
37 1 39.0 86.0
35 1 64.0 27.0
9 23 192.0 189.0
49 57 28.0 177.0
46 52 150.0 5.0
2 32 10.0 162.0
1 8 95.0 185.0
31 5 199.0 47.0
31 7 99.0 191.0
32 9 115.0 115.0
28 11 33.0 108.0
1 38 183.0 13.0
6 38 7.0 134.0
17 15 91.0 170.0
3 34 6.0 138.0
11 75 83.0 158.0
41 26 166.0 182.0
83 23 73.0 82.0
50 73 196.0 106.0
30 78 148.0 180.0
8 31 34.0 107.0
9 56 185.0 125.0
17 82 127.0 144.0
73 6 70.0 162.0
31 10 178.0 37.0
35 4 101.0 52.0
47 44 40.0 50.0
38 69 73.0 140.0
48 77 66.0 107.0
50 79 110.0 52.0
77 22 199.0 189.0
27 82 109.0 70.0
7 18 146.0 87.0
63 31 191.0 199.0
75 10 184.0 31.0
78 50 31.0 58.0
46 53 95.0 98.0
17 22 101.0 5.0
60 11 4.0 53.0
12 49 97.0 65.0
57 79 64.0 43.0
27 24 150.0 55.0
37 7 27.0 134.0
14 27 131.0 59.0
48 19 12.0 27.0
57 32 13.0 65.0
46 10 28.0 169.0
29 10 79.0 77.0
23 66 86.0 143.0
9 28 111.0 36.0
64 41 101.0 138.0
35 77 177.0 33.0
3 29 21.0 141.0
49 83 79.0 186.0
12 69 23.0 60.0
16 72 32.0 102.0
55 15 29.0 118.0
72 82 89.0 92.0
42 24 145.0 190.0
18 79 38.0 123.0
11 22 88.0 12.0
19 45 101.0 119.0
34 65 199.0 124.0
54 45 183.0 31.0
59 23 77.0 164.0
24 36 87.0 118.0
59 42 18.0 184.0
14 26 127.0 9.0
83 47 99.0 15.0
14 19 77.0 152.0
7 73 39.0 77.0
38 25 87.0 22.0
47 11 171.0 164.0
46 11 81.0 10.0
53 34 83.0 51.0
35 3 82.0 10.0
21 10 53.0 134.0
25 10 83.0 82.0
30 13 178.0 123.0
21 24 134.0 65.0
35 37 30.0 106.0
3 36 63.0 63.0
23 18 22.0 146.0
4 23 9.0 104.0
22 48 152.0 14.0
54 23 96.0 35.0
13 25 180.0 74.0
28 14 196.0 114.0
17 11 90.0 178.0
37 43 56.0 153.0
12 29 36.0 78.0
5 33 48.0 197.0
80 67 2.0 152.0
7 52 20.0 98.0
29 6 162.0 0.0
1 22 89.0 158.0
32 39 80.0 131.0
17 26 143.0 88.0
27 7 2.0 132.0
24 17 27.0 2.0
20 39 57.0 30.0
10 47 47.0 77.0
2 40 173.0 9.0
74 41 182.0 14.0
31 13 42.0 14.0
58 15 24.0 138.0
40 8 124.0 178.0
46 24 148.0 151.0
65 7 131.0 157.0
54 71 171.0 131.0
11 29 159.0 96.0
81 48 20.0 93.0
42 67 143.0 14.0
10 30 185.0 167.0
16 8 78.0 109.0
25 15 115.0 178.0
43 48 112.0 199.0
28 12 90.0 35.0
66 21 34.0 49.0
71 8 2.0 6.0
77 52 117.0 145.0
7 34 52.0 54.0
49 2 192.0 82.0
38 52 26.0 107.0
28 10 175.0 90.0
57 76 163.0 65.0
27 6 153.0 197.0
11 81 67.0 107.0
52 80 54.0 136.0
33 8 32.0 106.0
41 1 34.0 176.0
53 26 101.0 12.0
59 8 35.0 28.0
83 8 91.0 198.0
1 33 24.0 197.0
16 55 80.0 91.0
54 29 27.0 135.0
65 70 77.0 12.0
74 20 183.0 63.0
17 23 119.0 36.0
24 71 14.0 154.0
21 23 22.0 57.0
24 20 3.0 198.0
5 37 20.0 83.0
20 22 191.0 0.0
72 30 146.0 20.0
35 7 129.0 81.0
48 53 194.0 0.0
31 9 45.0 160.0
73 55 109.0 19.0
4 32 87.0 64.0
61 68 78.0 107.0
27 15 186.0 21.0
42 68 128.0 132.0
30 12 188.0 57.0
16 27 17.0 134.0
6 72 173.0 62.0
47 81 40.0 34.0
81 52 108.0 127.0
36 73 21.0 187.0
23 11 21.0 8.0
11 26 79.0 149.0
9 19 141.0 19.0
71 67 130.0 110.0
58 62 64.0 103.0
62 56 57.0 104.0
34 5 188.0 165.0
8 10 16.0 9.0
22 79 19.0 189.0
28 31 72.0 50.0
1 42 65.0 13.0
50 27 128.0 195.0
9 26 7.0 144.0
10 35 178.0 64.0
31 3 154.0 166.0
14 75 103.0 122.0
74 77 63.0 74.0
38 4 100.0 135.0
17 55 25.0 117.0
27 9 24.0 153.0
38 58 105.0 31.0
14 30 83.0 35.0
32 12 66.0 189.0
29 8 81.0 121.0
10 34 27.0 144.0
61 12 169.0 127.0
21 25 3.0 194.0
23 80 178.0 179.0
32 10 199.0 83.0
9 35 37.0 82.0
69 58 103.0 56.0
58 77 159.0 185.0
5 38 196.0 138.0
77 71 140.0 165.0
70 62 77.0 95.0
58 51 159.0 55.0
54 70 45.0 158.0
27 49 31.0 35.0
23 26 103.0 86.0
12 31 145.0 62.0
7 36 66.0 142.0
6 36 186.0 6.0
13 61 133.0 15.0
8 32 117.0 44.0
81 78 120.0 114.0
29 14 66.0 103.0
43 65 61.0 169.0
25 19 70.0 158.0
40 3 107.0 136.0
19 20 35.0 45.0
2 78 77.0 120.0
38 3 42.0 146.0
19 26 170.0 114.0
34 13 2.0 36.0
51 54 76.0 15.0
2 41 77.0 146.0
2 38 138.0 136.0
39 3 125.0 125.0
23 22 125.0 154.0
26 16 186.0 119.0
80 59 122.0 108.0
30 15 114.0 125.0
3 75 194.0 190.0
42 2 93.0 71.0
24 75 99.0 183.0
24 14 136.0 24.0
9 77 70.0 13.0
16 29 142.0 8.0
48 61 74.0 17.0
10 56 67.0 140.0
47 56 5.0 61.0
72 57 142.0 50.0
51 38 185.0 41.0
39 5 1.0 73.0
78 46 129.0 23.0
35 26 41.0 23.0
33 7 114.0 115.0
80 53 121.0 133.0
25 59 110.0 126.0
32 61 26.0 4.0
1 40 8.0 11.0
27 19 113.0 9.0
30 71 44.0 194.0
37 8 70.0 85.0
43 3 144.0 136.0
58 68 50.0 17.0
40 4 199.0 112.0
28 19 185.0 25.0
2 62 79.0 145.0
29 17 98.0 144.0
24 18 12.0 94.0
60 53 118.0 82.0
57 30 196.0 62.0
17 78 161.0 199.0
12 33 151.0 160.0
37 55 197.0 88.0
1 45 101.0 77.0
38 8 31.0 151.0
53 59 20.0 43.0
41 4 166.0 90.0
43 4 194.0 163.0
39 82 112.0 155.0
60 29 109.0 15.0
25 16 35.0 107.0
19 38 75.0 136.0
82 34 173.0 58.0
12 72 168.0 145.0
4 31 133.0 134.0
47 8 76.0 127.0
8 35 93.0 140.0
70 7 12.0 2.0
4 42 146.0 47.0
8 66 11.0 22.0
16 64 13.0 136.0
1 46 66.0 133.0
21 26 161.0 199.0
46 50 33.0 190.0
20 18 119.0 78.0
11 34 96.0 83.0
36 2 195.0 43.0
24 25 193.0 6.0
39 7 184.0 159.0
80 35 198.0 2.0
70 82 134.0 112.0
51 74 49.0 167.0
42 3 70.0 121.0
82 43 123.0 119.0
60 50 105.0 119.0
29 18 132.0 50.0
6 41 149.0 68.0
75 47 70.0 100.0
47 2 161.0 4.0
20 27 98.0 11.0
67 47 150.0 121.0
16 28 127.0 25.0
83 26 37.0 32.0
46 3 146.0 169.0
1 74 154.0 96.0
37 18 86.0 177.0
20 77 74.0 199.0
6 34 129.0 124.0
22 25 135.0 31.0
18 31 191.0 62.0
24 19 127.0 28.0
35 14 182.0 26.0
42 6 49.0 137.0
62 36 182.0 87.0
29 31 8.0 56.0
39 18 143.0 90.0
50 41 15.0 78.0
30 59 84.0 7.0
38 11 174.0 163.0
11 35 125.0 156.0
5 36 85.0 174.0
59 15 63.0 67.0
5 40 197.0 23.0
9 36 138.0 92.0
2 45 117.0 153.0
7 42 156.0 153.0
37 12 37.0 82.0
20 28 122.0 163.0
43 15 99.0 159.0
41 8 51.0 162.0
76 79 14.0 0.0
27 18 142.0 152.0
30 17 31.0 12.0
69 78 70.0 139.0
44 1 45.0 60.0
33 16 96.0 119.0
14 32 167.0 147.0
14 34 64.0 170.0
32 62 155.0 78.0
3 30 30.0 98.0
1 49 163.0 14.0
26 24 166.0 186.0
60 37 187.0 11.0
55 62 37.0 35.0
4 17 122.0 5.0
53 50 44.0 186.0
32 56 113.0 152.0
44 2 144.0 95.0
37 9 43.0 60.0
52 60 190.0 161.0
16 78 17.0 177.0
41 9 119.0 54.0
63 70 39.0 193.0
37 29 37.0 35.0
32 3 99.0 150.0
10 37 53.0 195.0
12 34 122.0 49.0
82 62 49.0 112.0
37 14 93.0 18.0
39 8 199.0 164.0
77 10 175.0 190.0
6 40 36.0 12.0
9 38 155.0 87.0
62 47 67.0 160.0
4 47 143.0 189.0
64 35 11.0 193.0
14 31 99.0 56.0
19 21 25.0 50.0
14 55 19.0 0.0
63 66 136.0 7.0
22 28 87.0 43.0
6 43 18.0 106.0
39 17 193.0 162.0
12 36 146.0 4.0
24 52 107.0 197.0
56 60 116.0 132.0
31 19 164.0 87.0
39 10 25.0 52.0
57 71 69.0 64.0
19 30 121.0 39.0
32 19 71.0 115.0
66 71 179.0 169.0
33 14 70.0 86.0
62 26 160.0 187.0
5 45 152.0 76.0
10 38 13.0 177.0
16 35 28.0 34.0
79 69 135.0 102.0
37 45 136.0 158.0
32 38 125.0 115.0
23 24 13.0 195.0
32 15 25.0 125.0
69 52 82.0 177.0
35 17 106.0 95.0
11 37 16.0 87.0
42 16 31.0 103.0
21 31 150.0 167.0
14 36 187.0 27.0
57 14 110.0 153.0
34 16 70.0 88.0
44 6 114.0 104.0
19 65 24.0 20.0
18 30 38.0 192.0
38 7 158.0 21.0
74 22 2.0 61.0
13 38 163.0 142.0
38 24 125.0 73.0
66 58 109.0 195.0
43 7 103.0 23.0
17 44 86.0 79.0
37 13 104.0 124.0
23 27 133.0 14.0
12 35 62.0 87.0
5 46 131.0 25.0
45 6 154.0 8.0
82 11 143.0 63.0
3 48 60.0 198.0
12 60 138.0 146.0
18 33 124.0 194.0
79 15 6.0 57.0
54 7 56.0 68.0
34 50 154.0 140.0
73 72 59.0 60.0
82 79 112.0 154.0
47 15 198.0 124.0
24 29 34.0 88.0
47 6 12.0 110.0
61 44 184.0 170.0
50 83 93.0 41.0
34 18 82.0 48.0
39 49 138.0 94.0
33 19 51.0 2.0
74 29 134.0 1.0
13 33 42.0 120.0
37 15 121.0 6.0
62 1 165.0 57.0
83 76 153.0 10.0
20 31 17.0 35.0
8 45 159.0 155.0
21 48 35.0 11.0
30 23 186.0 121.0
20 33 83.0 28.0
22 29 126.0 4.0
13 57 80.0 91.0
30 21 48.0 33.0
36 18 135.0 17.0
25 27 184.0 94.0
4 44 70.0 171.0
75 66 28.0 56.0
30 26 111.0 112.0
38 35 136.0 37.0
18 32 99.0 16.0
83 48 197.0 99.0
42 83 123.0 84.0
29 23 73.0 59.0
51 2 10.0 95.0
27 22 161.0 39.0
45 7 113.0 24.0
65 46 6.0 49.0
50 1 179.0 57.0
17 32 40.0 128.0
38 79 112.0 163.0
30 24 180.0 185.0
42 10 32.0 191.0
37 19 76.0 146.0
21 32 160.0 189.0
18 78 29.0 118.0
49 5 75.0 8.0
28 77 3.0 115.0
35 20 46.0 67.0
19 82 115.0 178.0
26 10 22.0 147.0
15 38 92.0 50.0
22 32 0.0 53.0
44 10 87.0 29.0
44 3 182.0 114.0
43 11 133.0 138.0
49 3 169.0 179.0
38 29 48.0 84.0
34 69 134.0 23.0
65 75 45.0 27.0
70 61 96.0 197.0
41 10 54.0 136.0
42 9 0.0 37.0
45 75 44.0 85.0
30 22 95.0 13.0
67 13 4.0 95.0
81 62 15.0 91.0
54 33 161.0 13.0
19 29 9.0 58.0
71 27 62.0 16.0
38 14 28.0 14.0
30 20 64.0 72.0
63 30 41.0 159.0
34 17 122.0 197.0
21 34 21.0 137.0
35 15 116.0 183.0
69 25 54.0 126.0
54 56 135.0 69.0
9 22 79.0 164.0
33 15 154.0 143.0
37 17 162.0 195.0
66 53 187.0 36.0
28 26 48.0 161.0
12 38 189.0 164.0
50 42 28.0 196.0
14 74 131.0 163.0
17 38 139.0 162.0
48 52 190.0 94.0
51 1 71.0 105.0
77 37 124.0 58.0
18 25 144.0 172.0
45 9 156.0 133.0
13 36 115.0 136.0
39 14 103.0 199.0
19 22 47.0 42.0
48 9 180.0 190.0
26 54 20.0 51.0
3 51 56.0 144.0
6 49 53.0 0.0
11 36 136.0 9.0
49 31 17.0 3.0
42 13 81.0 120.0
24 31 135.0 129.0
31 32 37.0 68.0
27 21 106.0 58.0
53 1 71.0 162.0
78 27 28.0 124.0
31 25 71.0 116.0
25 29 133.0 88.0
4 53 142.0 15.0
33 22 31.0 29.0
44 9 85.0 21.0
75 31 6.0 191.0
72 68 56.0 77.0
19 36 172.0 36.0
53 11 70.0 43.0
79 13 98.0 156.0
10 59 121.0 192.0
27 28 186.0 104.0
1 52 144.0 71.0
77 72 142.0 150.0
44 13 141.0 150.0
58 47 172.0 65.0
57 61 163.0 195.0
7 50 190.0 13.0
45 12 141.0 111.0
46 54 2.0 127.0
21 83 1.0 146.0
49 7 133.0 95.0
80 62 114.0 74.0
29 21 76.0 86.0
70 8 145.0 40.0
9 47 106.0 135.0
12 40 142.0 199.0
48 10 11.0 96.0
40 17 41.0 164.0
60 32 175.0 174.0
10 64 195.0 41.0
70 31 92.0 23.0
12 41 145.0 37.0
40 21 184.0 4.0
40 23 41.0 78.0
28 18 62.0 4.0
56 2 66.0 55.0
21 82 143.0 41.0
62 39 73.0 90.0
13 43 123.0 117.0
34 68 150.0 20.0
21 33 155.0 86.0
83 16 166.0 196.0
31 43 162.0 180.0
12 44 55.0 28.0
28 29 103.0 198.0
12 75 18.0 128.0
11 42 82.0 93.0
37 16 183.0 32.0
78 7 22.0 138.0
25 79 76.0 140.0
5 47 9.0 38.0
61 26 182.0 64.0
82 55 49.0 37.0
46 81 56.0 68.0
20 36 66.0 138.0
19 39 70.0 49.0
74 11 28.0 44.0
6 61 113.0 104.0
65 60 119.0 74.0
16 17 59.0 101.0
58 67 8.0 108.0
42 15 171.0 16.0
27 30 69.0 37.0
11 40 71.0 139.0
27 26 98.0 99.0
71 19 179.0 163.0
78 43 116.0 50.0
7 47 34.0 127.0
26 31 99.0 194.0
34 23 54.0 70.0
75 5 146.0 76.0
28 32 170.0 17.0
42 37 24.0 68.0
56 24 26.0 155.0
66 12 103.0 95.0
56 1 151.0 89.0
73 16 23.0 2.0
62 71 115.0 29.0
78 57 28.0 14.0
54 3 128.0 198.0
23 31 28.0 105.0
46 13 25.0 54.0
43 10 127.0 128.0
28 23 134.0 30.0
15 41 4.0 109.0
20 26 93.0 71.0
38 21 125.0 121.0
16 41 121.0 54.0
53 32 94.0 149.0
14 43 141.0 71.0
80 7 181.0 20.0
45 11 126.0 67.0
57 29 45.0 82.0
24 35 16.0 138.0
51 40 60.0 142.0
75 35 127.0 181.0
18 42 134.0 21.0
4 51 46.0 28.0
24 32 67.0 179.0
16 43 135.0 145.0
55 5 92.0 181.0
28 30 172.0 60.0
74 40 167.0 32.0
25 34 113.0 46.0
18 35 188.0 0.0
37 20 10.0 35.0
25 9 80.0 30.0
49 10 37.0 15.0
10 62 40.0 129.0
43 12 55.0 164.0
64 24 199.0 175.0
6 52 64.0 64.0
52 5 56.0 4.0
77 41 25.0 67.0
46 82 19.0 105.0
41 17 35.0 57.0
16 39 145.0 27.0
64 22 177.0 152.0
45 24 4.0 128.0
49 54 94.0 20.0
27 33 157.0 102.0
74 37 22.0 134.0
35 70 51.0 194.0
50 4 189.0 86.0
23 38 22.0 86.0
22 72 149.0 199.0
13 28 123.0 105.0
81 37 136.0 169.0
70 12 119.0 94.0
8 52 115.0 94.0
51 10 188.0 166.0
9 55 32.0 129.0
55 44 128.0 54.0
32 44 27.0 29.0
8 53 108.0 150.0
30 82 116.0 44.0
3 55 88.0 187.0
50 13 147.0 3.0
51 11 164.0 135.0
25 32 198.0 149.0
46 14 188.0 78.0
81 70 45.0 16.0
59 3 8.0 105.0
38 18 133.0 124.0
54 2 167.0 173.0
34 58 170.0 114.0
42 26 177.0 87.0
43 41 48.0 127.0
45 15 152.0 37.0
29 15 61.0 150.0
36 21 113.0 69.0
76 16 54.0 198.0
35 23 57.0 21.0
73 21 150.0 180.0
39 22 59.0 80.0
33 26 198.0 107.0
13 48 183.0 151.0
71 73 25.0 44.0
56 3 18.0 138.0
44 16 19.0 72.0
56 5 160.0 76.0
51 9 175.0 63.0
79 23 82.0 34.0
13 49 172.0 81.0
52 55 195.0 107.0
47 59 193.0 20.0
53 6 28.0 11.0
20 38 12.0 199.0
14 47 166.0 173.0
62 4 111.0 93.0
25 36 89.0 194.0
62 43 67.0 61.0
37 23 144.0 62.0
43 34 42.0 137.0
5 64 50.0 70.0
48 7 17.0 62.0
49 14 133.0 136.0
83 78 10.0 44.0
70 6 34.0 100.0
57 2 172.0 101.0
27 36 155.0 68.0
22 34 48.0 150.0
46 16 195.0 98.0
29 26 43.0 165.0
23 36 28.0 128.0
33 37 191.0 190.0
42 17 28.0 177.0
29 32 38.0 153.0
4 58 48.0 146.0
58 24 38.0 49.0
49 4 62.0 34.0
29 71 65.0 57.0
48 11 134.0 93.0
61 49 73.0 78.0
60 68 130.0 53.0
62 40 184.0 120.0
39 23 111.0 184.0
56 4 183.0 150.0
8 51 145.0 197.0
20 76 139.0 10.0
1 55 150.0 73.0
43 19 17.0 23.0
3 57 149.0 99.0
51 7 167.0 85.0
25 33 152.0 31.0
35 25 188.0 135.0
40 24 156.0 85.0
67 45 180.0 47.0
66 60 194.0 131.0
52 11 135.0 11.0
38 26 171.0 84.0
60 3 120.0 90.0
12 48 45.0 72.0
64 6 123.0 33.0
50 14 185.0 31.0
4 77 70.0 165.0
57 55 127.0 65.0
28 36 138.0 14.0
25 41 21.0 109.0
28 35 161.0 93.0
63 2 80.0 7.0
64 58 122.0 155.0
17 60 78.0 107.0
53 20 120.0 101.0
33 31 76.0 47.0
36 26 37.0 167.0
25 37 34.0 10.0
21 39 6.0 196.0
40 14 98.0 38.0
54 10 107.0 173.0
4 2 54.0 137.0
60 2 179.0 174.0
42 8 55.0 7.0
8 56 51.0 44.0
25 39 183.0 85.0
20 40 131.0 141.0
62 5 184.0 182.0
18 45 161.0 43.0
60 33 45.0 15.0
52 12 79.0 176.0
43 17 151.0 86.0
26 39 113.0 2.0
23 41 48.0 48.0
35 22 110.0 132.0
24 34 198.0 46.0
70 59 160.0 112.0
53 5 144.0 5.0
44 66 185.0 176.0
83 56 75.0 89.0
48 17 83.0 140.0
59 27 157.0 132.0
10 53 156.0 67.0
57 62 103.0 106.0
40 31 127.0 63.0
24 41 167.0 72.0
45 69 167.0 153.0
16 45 160.0 194.0
83 62 121.0 43.0
22 24 109.0 30.0
50 56 73.0 65.0
61 3 68.0 176.0
73 2 88.0 195.0
49 15 15.0 56.0
3 68 34.0 135.0
71 26 144.0 146.0
8 81 195.0 17.0
44 15 108.0 104.0
5 3 58.0 182.0
50 16 36.0 78.0
72 80 115.0 77.0
17 63 17.0 83.0
47 68 153.0 3.0
42 19 67.0 97.0
19 80 55.0 62.0
15 46 11.0 116.0
20 79 87.0 21.0
69 17 63.0 75.0
29 30 123.0 130.0
77 25 35.0 140.0
43 20 83.0 140.0
66 25 135.0 150.0
48 18 171.0 190.0
17 45 29.0 134.0
61 4 117.0 68.0
53 13 86.0 132.0
47 17 37.0 161.0
44 19 163.0 73.0
34 29 194.0 46.0
32 45 60.0 129.0
43 66 102.0 184.0
52 2 86.0 131.0
57 36 186.0 155.0
71 36 94.0 24.0
40 27 186.0 84.0
7 58 141.0 101.0
35 31 126.0 135.0
7 57 115.0 138.0
15 48 18.0 169.0
12 51 19.0 56.0
6 58 49.0 158.0
32 34 9.0 96.0
39 27 64.0 147.0
63 5 11.0 6.0
49 45 102.0 89.0
74 12 46.0 169.0
65 3 47.0 64.0
79 3 193.0 19.0
43 22 40.0 194.0
65 42 184.0 49.0
41 22 63.0 0.0
71 68 3.0 27.0
30 34 58.0 105.0
45 57 55.0 104.0
54 50 154.0 102.0
52 15 29.0 99.0
55 60 114.0 69.0
19 49 62.0 50.0
2 65 73.0 78.0
40 45 157.0 76.0
15 53 126.0 15.0
64 2 123.0 133.0
30 31 135.0 29.0
32 35 159.0 164.0
50 17 14.0 25.0
21 42 179.0 76.0
73 18 135.0 5.0
43 23 193.0 92.0
20 47 78.0 71.0
44 22 169.0 154.0
16 48 100.0 56.0
73 15 38.0 60.0
78 82 166.0 52.0
18 44 191.0 98.0
6 60 54.0 126.0
45 23 7.0 47.0
61 1 7.0 86.0
28 37 114.0 128.0
59 7 87.0 14.0
33 32 116.0 125.0
20 46 129.0 34.0
52 16 197.0 120.0
17 52 28.0 51.0
54 15 197.0 35.0
57 8 44.0 156.0
66 3 89.0 110.0
64 17 26.0 176.0
55 11 167.0 94.0
83 38 41.0 96.0
60 28 56.0 190.0
24 81 86.0 84.0
35 33 166.0 35.0
6 59 163.0 10.0
29 36 47.0 52.0
7 62 148.0 25.0
19 74 170.0 67.0
53 14 117.0 163.0
62 35 49.0 173.0
8 58 145.0 135.0
67 78 131.0 111.0
47 77 92.0 94.0
35 82 191.0 91.0
74 70 17.0 91.0
6 63 188.0 139.0
63 4 156.0 57.0
75 63 157.0 5.0
2 48 75.0 102.0
11 44 31.0 158.0
36 30 82.0 75.0
41 81 134.0 25.0
67 72 72.0 104.0
51 72 101.0 13.0
37 32 155.0 57.0
56 14 46.0 64.0
32 36 122.0 73.0
20 45 171.0 153.0
70 83 92.0 5.0
47 23 32.0 27.0
39 28 175.0 56.0
4 48 177.0 76.0
78 61 145.0 84.0
47 39 56.0 144.0
44 26 151.0 130.0
19 47 38.0 75.0
38 31 165.0 131.0
1 66 163.0 149.0
22 46 23.0 91.0
8 61 119.0 0.0
3 64 154.0 16.0
54 21 53.0 163.0
42 23 179.0 5.0
18 52 98.0 18.0
62 27 128.0 15.0
51 70 156.0 43.0
49 11 149.0 179.0
78 24 59.0 20.0
39 54 155.0 166.0
28 42 31.0 8.0
60 8 56.0 10.0
61 10 62.0 106.0
72 65 44.0 142.0
27 41 160.0 0.0
50 19 174.0 61.0
4 65 185.0 185.0
11 58 123.0 140.0
56 66 159.0 106.0
73 52 15.0 15.0
34 33 82.0 29.0
12 55 34.0 127.0
45 25 181.0 194.0
81 76 75.0 107.0
38 33 15.0 60.0
66 82 28.0 90.0
65 18 71.0 187.0
73 25 114.0 38.0
57 80 23.0 196.0
5 65 4.0 57.0
56 7 14.0 185.0
68 1 5.0 90.0
30 37 133.0 21.0
47 22 60.0 113.0
59 9 77.0 131.0
36 35 35.0 191.0
31 52 37.0 11.0
3 67 18.0 41.0
72 43 188.0 184.0
63 7 8.0 146.0
4 59 136.0 141.0
10 57 194.0 196.0
22 45 67.0 71.0
47 24 94.0 55.0
46 25 169.0 83.0
42 29 63.0 139.0
9 74 127.0 3.0
58 60 31.0 135.0
67 14 3.0 119.0
16 51 96.0 197.0
20 41 98.0 163.0
8 63 189.0 192.0
45 26 27.0 110.0
13 58 159.0 90.0
28 41 179.0 86.0
61 55 63.0 10.0
71 1 191.0 66.0
33 53 142.0 87.0
59 52 72.0 192.0
37 26 113.0 14.0
62 54 68.0 140.0
13 56 155.0 28.0
4 66 23.0 134.0
21 62 147.0 38.0
8 54 173.0 90.0
73 35 110.0 67.0
23 46 57.0 134.0
54 17 113.0 170.0
67 60 103.0 181.0
71 2 73.0 10.0
41 29 172.0 96.0
58 14 169.0 72.0
22 49 17.0 94.0
21 51 176.0 79.0
42 34 73.0 185.0
33 39 139.0 186.0
55 13 16.0 194.0
56 63 61.0 41.0
26 60 92.0 185.0
40 63 121.0 13.0
56 68 168.0 138.0
24 49 96.0 96.0
60 7 48.0 169.0
68 4 63.0 139.0
16 56 156.0 31.0
46 27 189.0 169.0
56 15 139.0 33.0
54 19 192.0 60.0
18 47 125.0 160.0
36 38 54.0 22.0
43 29 181.0 54.0
9 61 174.0 44.0
49 18 169.0 82.0
79 52 110.0 110.0
8 64 177.0 50.0
72 1 48.0 121.0
27 70 132.0 125.0
69 63 130.0 138.0
61 56 142.0 64.0
12 57 18.0 68.0
5 66 84.0 139.0
25 47 166.0 146.0
29 56 40.0 144.0
83 55 72.0 40.0
45 63 140.0 156.0
21 50 60.0 23.0
72 78 179.0 154.0
47 26 83.0 197.0
6 65 29.0 167.0
45 27 37.0 196.0
16 57 73.0 29.0
82 51 160.0 97.0
33 82 5.0 53.0
2 67 141.0 66.0
2 69 62.0 120.0
8 62 119.0 146.0
47 27 145.0 149.0
46 28 194.0 134.0
70 44 50.0 67.0
1 67 22.0 11.0
18 53 72.0 27.0
58 54 7.0 13.0
12 58 61.0 69.0
4 70 161.0 180.0
49 47 12.0 106.0
16 53 119.0 158.0
9 64 143.0 122.0
5 67 66.0 165.0
64 11 41.0 90.0
50 47 56.0 0.0
81 68 94.0 69.0
50 25 22.0 55.0
3 69 13.0 186.0
2 70 64.0 133.0
45 48 18.0 7.0
69 67 41.0 36.0
62 79 10.0 82.0
22 50 25.0 18.0
51 6 92.0 119.0
42 30 172.0 66.0
9 63 196.0 185.0
64 7 73.0 12.0
59 60 169.0 43.0
43 61 115.0 10.0
35 40 42.0 126.0
6 67 182.0 67.0
76 72 73.0 26.0
32 40 2.0 197.0
23 49 96.0 150.0
14 59 34.0 169.0
31 41 180.0 4.0
30 44 152.0 96.0
69 50 41.0 146.0
29 69 54.0 23.0
60 30 17.0 79.0
4 69 41.0 19.0
38 78 168.0 89.0
44 27 122.0 2.0
51 69 17.0 102.0
31 42 88.0 121.0
23 52 195.0 129.0
4 71 135.0 1.0
24 51 2.0 152.0
64 45 72.0 195.0
42 43 34.0 40.0
56 19 68.0 156.0
17 53 78.0 37.0
38 37 38.0 166.0
77 73 9.0 185.0
23 51 60.0 96.0
71 72 81.0 14.0
47 28 123.0 105.0
6 66 139.0 157.0
9 54 142.0 159.0
33 51 190.0 21.0
18 56 131.0 28.0
21 67 92.0 92.0
55 18 123.0 152.0
23 48 66.0 156.0
71 5 172.0 141.0
17 57 149.0 111.0
34 79 146.0 43.0
29 45 172.0 136.0
43 32 95.0 55.0
30 45 82.0 188.0
63 10 181.0 158.0
16 67 186.0 48.0
30 39 136.0 111.0
65 9 109.0 37.0
7 66 15.0 7.0
41 32 53.0 140.0
71 34 191.0 149.0
27 60 87.0 26.0
69 61 40.0 68.0
55 21 179.0 179.0
78 71 2.0 115.0
6 55 13.0 112.0
52 9 83.0 29.0
14 61 28.0 89.0
14 62 115.0 172.0
3 70 60.0 2.0
69 27 136.0 101.0
69 6 149.0 115.0
41 35 138.0 152.0
10 83 74.0 104.0
21 52 55.0 109.0
67 23 74.0 35.0
67 10 19.0 190.0
63 81 195.0 32.0
51 19 107.0 132.0
39 36 39.0 56.0
39 34 70.0 129.0
11 62 16.0 144.0
35 69 76.0 23.0
67 7 145.0 103.0
25 14 127.0 116.0
83 17 157.0 123.0
72 3 198.0 64.0
53 37 189.0 189.0
33 43 161.0 59.0
52 45 127.0 129.0
67 9 14.0 155.0
31 45 133.0 159.0
42 32 45.0 12.0
60 14 58.0 154.0
57 19 149.0 8.0
76 32 75.0 138.0
76 5 29.0 189.0
49 80 115.0 108.0
45 77 90.0 130.0
72 2 34.0 175.0
10 66 94.0 79.0
27 48 17.0 104.0
73 3 45.0 118.0
13 62 187.0 121.0
60 22 111.0 169.0
53 21 155.0 27.0
30 46 24.0 197.0
70 5 68.0 58.0
46 31 187.0 114.0
65 11 77.0 156.0
62 16 49.0 122.0
7 68 41.0 188.0
65 12 38.0 153.0
57 69 184.0 145.0
54 24 143.0 8.0
62 12 179.0 11.0
68 9 181.0 166.0
16 59 178.0 10.0
52 26 33.0 27.0
19 55 186.0 27.0
5 73 64.0 176.0
18 58 57.0 0.0
68 8 132.0 152.0
61 16 87.0 111.0
48 31 137.0 68.0
8 67 7.0 67.0
62 66 44.0 192.0
20 49 90.0 182.0
75 81 119.0 106.0
55 20 144.0 128.0
4 73 47.0 28.0
60 77 38.0 134.0
25 49 131.0 127.0
64 13 198.0 90.0
59 17 158.0 42.0
54 5 109.0 0.0
69 8 63.0 29.0
36 40 34.0 160.0
78 20 187.0 81.0
20 56 106.0 26.0
53 24 5.0 37.0
76 1 148.0 3.0
76 2 120.0 58.0
15 61 158.0 29.0
53 23 84.0 21.0
60 13 110.0 118.0
40 50 106.0 98.0
52 25 186.0 13.0
76 45 137.0 143.0
17 58 44.0 86.0
35 83 118.0 164.0
31 56 73.0 76.0
47 31 76.0 157.0
60 18 57.0 138.0
38 70 42.0 164.0
71 7 198.0 181.0
79 78 109.0 135.0
28 50 167.0 153.0
14 64 73.0 85.0
73 44 171.0 147.0
38 40 147.0 199.0
36 41 159.0 157.0
26 50 142.0 1.0
67 73 133.0 92.0
51 28 82.0 43.0
7 69 71.0 1.0
40 39 33.0 97.0
19 58 164.0 156.0
74 43 184.0 64.0
18 61 170.0 143.0
55 25 48.0 65.0
25 54 90.0 133.0
29 48 91.0 172.0
74 75 47.0 114.0
63 20 12.0 80.0
5 72 60.0 129.0
49 30 187.0 44.0
10 68 12.0 110.0
47 32 116.0 12.0
69 5 174.0 7.0
63 15 151.0 17.0
16 60 69.0 150.0
35 45 102.0 33.0
9 69 113.0 162.0
30 62 25.0 52.0
67 44 136.0 37.0
73 66 78.0 52.0
83 53 173.0 52.0
67 12 152.0 76.0
57 22 47.0 173.0
21 58 130.0 102.0
51 29 132.0 43.0
22 55 26.0 158.0
17 61 155.0 162.0
38 41 0.0 33.0
66 9 25.0 173.0
72 8 11.0 129.0
20 59 139.0 10.0
56 46 38.0 69.0
5 74 56.0 170.0
2 77 25.0 83.0
44 35 177.0 133.0
48 28 143.0 177.0
56 25 14.0 120.0
58 23 34.0 177.0
61 81 69.0 173.0
43 54 133.0 59.0
60 75 17.0 190.0
38 42 138.0 195.0
23 55 35.0 67.0
7 74 2.0 130.0
23 57 105.0 169.0
59 21 109.0 139.0
65 16 43.0 130.0
38 56 12.0 176.0
46 33 34.0 182.0
57 24 14.0 173.0
13 65 151.0 49.0
68 13 39.0 154.0
68 45 34.0 145.0
54 18 12.0 95.0
81 20 7.0 7.0
78 9 91.0 20.0
12 63 45.0 126.0
51 27 36.0 11.0
68 11 32.0 187.0
12 68 125.0 24.0
76 19 94.0 111.0
23 56 106.0 58.0
36 43 55.0 114.0
71 9 102.0 146.0
51 52 171.0 100.0
2 79 71.0 7.0
8 73 67.0 55.0
53 28 160.0 144.0
50 31 158.0 54.0
68 14 197.0 64.0
46 32 178.0 52.0
22 58 8.0 32.0
66 15 106.0 131.0
11 69 72.0 177.0
9 72 77.0 91.0
35 48 17.0 37.0
39 37 105.0 175.0
47 79 86.0 54.0
45 36 42.0 16.0
73 9 39.0 3.0
1 77 129.0 146.0
57 31 110.0 153.0
82 1 125.0 187.0
75 7 76.0 142.0
2 80 177.0 133.0
50 45 134.0 15.0
34 45 157.0 177.0
26 48 164.0 197.0
39 44 139.0 45.0
63 16 79.0 1.0
76 4 179.0 156.0
74 78 89.0 7.0
44 37 179.0 18.0
63 49 76.0 114.0
21 61 48.0 34.0
51 30 89.0 164.0
50 33 96.0 181.0
15 67 59.0 127.0
60 20 144.0 191.0
35 66 4.0 185.0
82 81 170.0 136.0
63 18 6.0 47.0
48 34 172.0 6.0
20 57 142.0 13.0
55 24 149.0 190.0
55 27 108.0 160.0
22 71 39.0 52.0
62 20 97.0 195.0
10 79 183.0 67.0
12 64 34.0 141.0
55 67 115.0 6.0
36 46 10.0 9.0
69 15 47.0 159.0
41 58 23.0 155.0
61 22 181.0 14.0
40 42 94.0 78.0
67 11 83.0 29.0
26 57 15.0 117.0
74 8 195.0 131.0
75 36 62.0 5.0
38 43 114.0 110.0
29 47 66.0 138.0
55 29 30.0 199.0
68 15 160.0 124.0
30 53 43.0 43.0
46 37 98.0 58.0
34 47 132.0 93.0
79 4 126.0 147.0
80 3 105.0 193.0
22 70 155.0 124.0
60 76 102.0 185.0
73 69 32.0 62.0
63 37 92.0 27.0
10 72 158.0 190.0
20 70 13.0 90.0
41 42 3.0 139.0
15 31 25.0 61.0
76 74 3.0 132.0
14 70 165.0 105.0
10 73 148.0 149.0
76 77 145.0 40.0
47 35 193.0 55.0
44 59 8.0 6.0
49 69 134.0 11.0
3 81 149.0 111.0
34 49 174.0 152.0
9 81 93.0 139.0
57 25 104.0 41.0
19 35 183.0 2.0
59 11 139.0 176.0
69 60 43.0 147.0
49 53 166.0 129.0
15 65 49.0 67.0
36 74 197.0 23.0
66 18 158.0 90.0
5 79 173.0 14.0
9 75 39.0 108.0
27 56 181.0 178.0
76 8 107.0 24.0
78 3 124.0 25.0
26 56 29.0 173.0
61 24 94.0 26.0
68 77 18.0 4.0
18 62 22.0 191.0
81 22 61.0 13.0
55 28 12.0 195.0
53 22 11.0 120.0
73 11 22.0 135.0
22 62 55.0 51.0
55 30 24.0 102.0
64 21 2.0 43.0
81 39 65.0 177.0
27 57 79.0 78.0
67 17 4.0 92.0
6 76 122.0 167.0
78 6 4.0 144.0
37 47 29.0 11.0
43 40 75.0 54.0
32 52 1.0 30.0
21 63 122.0 18.0
39 41 132.0 1.0
71 11 71.0 88.0
69 16 175.0 145.0
62 15 179.0 131.0
51 34 119.0 8.0
4 72 132.0 147.0
71 13 195.0 85.0
72 60 181.0 69.0
61 25 131.0 65.0
82 2 181.0 3.0
27 53 25.0 108.0
30 54 132.0 156.0
14 71 142.0 52.0
23 61 42.0 74.0
63 83 160.0 37.0
46 38 72.0 93.0
48 20 101.0 4.0
52 34 179.0 34.0
79 8 50.0 156.0
35 50 20.0 182.0
36 50 159.0 162.0
77 7 9.0 154.0
42 35 19.0 121.0
81 4 131.0 92.0
1 83 143.0 184.0
28 57 66.0 74.0
68 16 48.0 116.0
81 5 74.0 68.0
39 46 119.0 186.0
53 31 175.0 80.0
1 79 133.0 195.0
15 70 47.0 16.0
22 51 46.0 142.0
35 51 84.0 64.0
19 66 44.0 84.0
65 17 117.0 70.0
61 54 163.0 36.0
7 79 32.0 139.0
54 79 192.0 117.0
78 5 12.0 191.0
58 30 9.0 10.0
28 56 3.0 46.0
46 83 39.0 47.0
48 38 27.0 157.0
59 28 74.0 191.0
55 31 85.0 58.0
49 29 93.0 77.0
66 20 52.0 105.0
54 32 6.0 62.0
3 83 149.0 9.0
67 34 130.0 140.0
56 30 156.0 157.0
14 72 105.0 182.0
82 63 102.0 143.0
44 40 31.0 195.0
58 46 146.0 83.0
73 12 13.0 105.0
52 36 100.0 114.0
46 42 57.0 182.0
4 83 147.0 13.0
63 22 78.0 52.0
10 76 109.0 133.0
49 33 161.0 92.0
81 6 156.0 59.0
23 71 135.0 169.0
64 19 10.0 187.0
17 72 194.0 19.0
70 42 156.0 141.0
68 62 72.0 187.0
18 67 61.0 181.0
24 60 37.0 174.0
58 25 131.0 194.0
68 20 85.0 66.0
55 33 41.0 47.0
59 29 139.0 187.0
28 61 133.0 95.0
65 22 118.0 5.0
19 68 107.0 131.0
71 17 119.0 144.0
38 73 193.0 2.0
54 34 157.0 78.0
40 48 153.0 150.0
76 12 145.0 44.0
55 34 194.0 78.0
59 48 80.0 113.0
31 51 92.0 139.0
38 49 193.0 163.0
14 82 84.0 138.0
51 32 165.0 41.0
25 63 140.0 70.0
64 26 1.0 37.0
73 14 83.0 196.0
66 72 30.0 164.0
47 41 7.0 74.0
25 60 170.0 152.0
65 25 141.0 54.0
76 7 7.0 106.0
27 64 24.0 99.0
17 73 0.0 177.0
48 41 59.0 83.0
50 37 92.0 42.0
8 80 146.0 51.0
36 53 109.0 116.0
20 69 9.0 2.0
22 66 162.0 16.0
61 27 80.0 186.0
41 49 160.0 80.0
51 36 76.0 172.0
39 50 170.0 168.0
6 83 36.0 116.0
40 49 126.0 97.0
58 32 79.0 87.0
15 72 150.0 41.0
26 63 128.0 182.0
15 74 185.0 40.0
23 65 93.0 13.0
68 23 61.0 15.0
48 44 80.0 49.0
9 80 128.0 158.0
65 26 64.0 7.0
61 29 24.0 14.0
60 15 125.0 152.0
8 82 141.0 62.0
82 5 88.0 186.0
69 22 114.0 149.0
19 69 105.0 147.0
70 11 0.0 34.0
82 83 52.0 64.0
65 71 71.0 76.0
38 54 143.0 196.0
79 11 187.0 37.0
11 78 96.0 75.0
75 16 14.0 11.0
24 66 176.0 71.0
28 64 14.0 129.0
41 52 141.0 18.0
69 48 156.0 165.0
7 81 58.0 52.0
37 83 107.0 45.0
48 37 193.0 4.0
65 27 176.0 159.0
37 65 188.0 105.0
46 73 139.0 155.0
71 49 108.0 33.0
83 7 152.0 64.0
38 53 84.0 162.0
42 47 22.0 143.0
77 29 130.0 15.0
75 15 191.0 59.0
11 72 198.0 132.0
35 58 129.0 138.0
82 3 185.0 37.0
19 70 32.0 89.0
4 82 80.0 116.0
63 41 93.0 54.0
69 41 26.0 175.0
24 67 58.0 169.0
61 30 148.0 57.0
21 72 153.0 78.0
77 53 39.0 90.0
55 70 196.0 71.0
16 71 195.0 28.0
73 33 111.0 40.0
73 47 156.0 137.0
73 20 153.0 14.0
20 71 101.0 101.0
63 27 88.0 6.0
58 36 72.0 127.0
17 76 115.0 20.0
35 55 91.0 110.0
77 30 90.0 2.0
83 11 73.0 198.0
14 76 111.0 26.0
36 54 158.0 164.0
23 70 162.0 47.0
64 75 198.0 187.0
48 74 168.0 113.0
33 58 42.0 59.0
80 12 101.0 84.0
39 55 57.0 127.0
19 73 187.0 120.0
24 68 101.0 145.0
25 67 26.0 15.0
13 76 196.0 176.0
71 21 122.0 165.0
70 68 47.0 116.0
53 41 96.0 100.0
70 21 34.0 105.0
46 48 22.0 21.0
74 17 70.0 75.0
75 18 182.0 48.0
18 76 159.0 131.0
56 37 82.0 33.0
13 81 15.0 81.0
69 23 138.0 63.0
60 35 198.0 173.0
51 42 162.0 172.0
44 53 177.0 32.0
37 54 136.0 111.0
8 78 75.0 96.0
83 33 67.0 109.0
20 54 134.0 34.0
67 27 36.0 25.0
61 51 117.0 186.0
81 15 10.0 79.0
68 26 50.0 187.0
18 72 106.0 186.0
49 74 135.0 133.0
82 10 99.0 154.0
15 77 60.0 186.0
33 61 8.0 96.0
70 26 105.0 78.0
55 38 105.0 67.0
9 53 174.0 107.0
81 25 150.0 81.0
66 27 100.0 37.0
70 39 193.0 151.0
44 52 170.0 5.0
52 30 13.0 131.0
32 64 35.0 71.0
62 34 196.0 92.0
54 59 2.0 170.0
63 29 28.0 152.0
13 78 179.0 128.0
75 69 114.0 124.0
69 26 22.0 36.0
19 75 25.0 187.0
64 30 199.0 12.0
30 65 94.0 147.0
17 75 51.0 96.0
51 43 43.0 80.0
39 56 75.0 174.0
45 51 114.0 189.0
49 46 116.0 88.0
79 17 73.0 93.0
64 31 35.0 24.0
70 28 16.0 129.0
10 81 18.0 68.0
15 76 118.0 13.0
82 77 157.0 193.0
13 82 122.0 71.0
57 65 105.0 38.0
82 15 24.0 130.0
75 22 199.0 59.0
27 58 23.0 15.0
60 31 142.0 193.0
72 24 100.0 61.0
34 60 183.0 57.0
59 31 101.0 105.0
16 77 129.0 158.0
58 73 121.0 106.0
14 83 178.0 72.0
57 38 23.0 153.0
80 17 162.0 166.0
44 54 99.0 62.0
49 37 126.0 34.0
33 62 94.0 27.0
39 58 118.0 176.0
57 39 173.0 191.0
43 45 57.0 103.0
29 67 177.0 81.0
68 30 61.0 140.0
66 31 115.0 112.0
66 32 129.0 42.0
65 35 176.0 176.0
42 54 185.0 46.0
36 60 185.0 110.0
53 47 2.0 195.0
81 19 131.0 132.0
34 63 157.0 144.0
53 45 108.0 24.0
55 43 193.0 38.0
21 75 199.0 121.0
30 69 104.0 184.0
20 75 8.0 41.0
80 16 35.0 162.0
13 80 43.0 118.0
63 32 49.0 152.0
53 40 179.0 157.0
16 82 187.0 124.0
13 83 183.0 186.0
44 8 24.0 87.0
24 74 29.0 32.0
11 80 134.0 17.0
41 55 112.0 177.0
77 23 126.0 161.0
27 72 6.0 106.0
40 52 35.0 194.0
57 43 144.0 19.0
22 76 72.0 169.0
66 79 57.0 53.0
19 83 94.0 143.0
63 28 12.0 6.0
79 63 13.0 139.0
81 17 159.0 20.0
81 43 55.0 195.0
77 21 1.0 152.0
60 45 164.0 73.0
61 38 79.0 173.0
36 64 59.0 173.0
27 74 191.0 72.0
80 18 39.0 156.0
79 6 187.0 151.0
51 50 89.0 195.0
74 26 88.0 90.0
68 31 198.0 52.0
79 65 96.0 77.0
40 57 82.0 156.0
66 37 31.0 25.0
32 67 55.0 71.0
83 18 52.0 42.0
29 72 184.0 93.0
78 22 108.0 24.0
76 27 47.0 59.0
48 51 100.0 143.0
83 20 24.0 134.0
79 21 126.0 8.0
76 25 2.0 181.0
18 82 77.0 55.0
26 72 54.0 13.0
19 79 136.0 114.0
46 51 73.0 135.0
65 36 57.0 173.0
54 47 114.0 33.0
72 31 110.0 192.0
59 41 29.0 65.0
13 73 67.0 106.0
49 48 57.0 121.0
34 59 127.0 145.0
69 32 175.0 0.0
37 64 194.0 184.0
80 74 2.0 60.0
38 60 36.0 65.0
44 58 81.0 65.0
25 72 174.0 100.0
60 44 104.0 183.0
23 76 171.0 184.0
42 60 26.0 99.0
28 74 46.0 172.0
50 49 65.0 49.0
24 76 121.0 101.0
64 38 198.0 154.0
32 72 38.0 172.0
46 55 38.0 94.0
69 33 151.0 162.0
39 59 77.0 129.0
61 37 102.0 123.0
28 75 180.0 119.0
59 43 34.0 101.0
60 43 181.0 32.0
39 53 90.0 19.0
65 39 54.0 81.0
42 63 159.0 5.0
23 78 56.0 36.0
71 42 130.0 110.0
23 72 122.0 110.0
27 73 140.0 157.0
67 36 81.0 121.0
48 55 11.0 172.0
77 17 149.0 65.0
74 30 8.0 60.0
31 74 0.0 16.0
41 62 140.0 130.0
68 36 62.0 62.0
33 72 72.0 154.0
27 75 59.0 105.0
26 76 124.0 71.0
67 33 82.0 26.0
52 47 123.0 42.0
42 58 191.0 123.0
65 38 150.0 83.0
16 81 50.0 12.0
22 80 30.0 74.0
73 37 112.0 89.0
58 49 92.0 37.0
45 59 16.0 126.0
21 76 36.0 91.0
27 77 70.0 179.0
25 80 170.0 172.0
61 47 29.0 21.0
33 63 49.0 11.0
57 50 37.0 161.0
39 66 118.0 81.0
41 44 19.0 86.0
83 22 12.0 7.0
46 59 69.0 34.0
47 57 161.0 39.0
81 23 47.0 142.0
65 41 135.0 48.0
65 31 19.0 124.0
57 46 78.0 89.0
69 37 197.0 49.0
78 26 49.0 10.0
34 66 45.0 70.0
40 61 147.0 158.0
38 68 30.0 147.0
59 51 108.0 117.0
55 51 70.0 79.0
68 37 68.0 148.0
23 62 0.0 66.0
26 67 49.0 1.0
82 25 28.0 46.0
32 50 54.0 127.0
36 59 112.0 84.0
37 67 179.0 172.0
26 80 51.0 1.0
76 31 68.0 120.0
78 29 104.0 68.0
35 71 190.0 105.0
24 79 24.0 170.0
71 32 165.0 79.0
62 45 98.0 77.0
79 28 121.0 30.0
74 32 26.0 173.0
24 83 183.0 94.0
65 77 197.0 87.0
30 76 27.0 139.0
73 30 3.0 51.0
78 31 188.0 168.0
38 67 19.0 87.0
26 82 100.0 141.0
51 56 185.0 78.0
30 79 190.0 169.0
49 60 125.0 139.0
64 42 48.0 104.0
64 60 4.0 3.0
46 60 188.0 193.0
45 65 119.0 159.0
64 46 105.0 171.0
53 55 125.0 91.0
70 40 163.0 67.0
32 78 125.0 40.0
29 75 81.0 174.0
28 76 193.0 86.0
80 21 125.0 181.0
27 80 116.0 196.0
64 43 160.0 21.0
58 79 141.0 85.0
83 28 1.0 104.0
55 49 100.0 126.0
48 58 92.0 134.0
61 45 139.0 37.0
39 71 18.0 64.0
35 72 57.0 86.0
82 22 197.0 17.0
79 31 104.0 90.0
25 83 23.0 105.0
58 52 84.0 76.0
66 45 122.0 128.0
77 32 137.0 13.0
78 51 0.0 155.0
82 28 23.0 58.0
68 41 176.0 172.0
71 38 146.0 81.0
81 31 5.0 122.0
43 68 63.0 89.0
79 32 94.0 137.0
81 26 175.0 183.0
29 79 176.0 176.0
51 53 183.0 199.0
63 48 0.0 160.0
67 39 149.0 146.0
1 5 6.0 154.0
54 57 130.0 21.0
57 51 4.0 176.0
81 30 146.0 180.0
53 58 132.0 122.0
66 42 59.0 116.0
83 30 33.0 59.0
56 55 104.0 182.0
50 62 197.0 62.0
50 61 50.0 127.0
39 72 159.0 54.0
56 42 17.0 106.0
48 64 188.0 149.0
43 69 148.0 0.0
66 38 170.0 181.0
37 76 148.0 75.0
40 68 136.0 145.0
37 75 119.0 138.0
21 74 48.0 78.0
67 35 178.0 17.0
76 36 19.0 166.0
58 55 85.0 168.0
60 54 99.0 56.0
40 67 173.0 47.0
46 66 145.0 109.0
53 57 153.0 16.0
34 72 28.0 153.0
71 40 100.0 6.0
61 53 177.0 120.0
64 40 173.0 62.0
34 78 62.0 25.0
79 26 126.0 35.0
46 68 42.0 71.0
81 34 194.0 195.0
46 61 70.0 22.0
80 34 112.0 171.0
64 49 149.0 89.0
29 80 176.0 75.0
83 31 80.0 191.0
58 56 45.0 6.0
49 56 124.0 87.0
11 33 108.0 70.0
72 41 55.0 179.0
52 57 132.0 168.0
77 34 180.0 81.0
62 49 192.0 108.0
71 45 85.0 72.0
56 53 57.0 130.0
76 38 81.0 182.0
49 66 189.0 189.0
20 82 123.0 44.0
79 33 71.0 55.0
75 40 191.0 51.0
80 33 158.0 183.0
67 48 193.0 195.0
79 37 97.0 51.0
44 64 100.0 130.0
52 64 87.0 89.0
46 70 166.0 162.0
80 58 128.0 38.0
50 66 8.0 120.0
52 63 117.0 166.0
37 58 148.0 62.0
46 71 86.0 45.0
16 70 40.0 139.0
36 79 191.0 79.0
39 78 21.0 109.0
47 72 22.0 149.0
49 67 94.0 31.0
63 46 36.0 163.0
60 48 54.0 184.0
73 40 94.0 92.0
53 63 108.0 134.0
77 40 182.0 51.0
67 46 122.0 3.0
44 65 1.0 144.0
43 56 147.0 48.0
63 50 44.0 183.0
73 45 185.0 98.0
67 43 163.0 79.0
48 47 90.0 24.0
36 80 40.0 24.0
40 60 49.0 162.0
25 53 107.0 2.0
50 65 167.0 55.0
44 68 59.0 163.0
38 81 164.0 196.0
52 56 82.0 80.0
47 71 74.0 172.0
63 55 168.0 67.0
69 47 109.0 169.0
76 41 131.0 169.0
62 53 44.0 50.0
38 77 29.0 103.0
81 36 183.0 193.0
36 82 72.0 65.0
33 81 109.0 98.0
76 42 66.0 29.0
77 43 139.0 128.0
66 65 199.0 70.0
42 75 39.0 195.0
39 75 114.0 68.0
46 72 182.0 98.0
83 58 17.0 54.0
75 32 195.0 78.0
79 42 17.0 13.0
70 45 34.0 157.0
37 80 111.0 186.0
76 43 139.0 103.0
64 55 135.0 54.0
55 65 25.0 118.0
57 64 28.0 42.0
45 72 148.0 23.0
60 57 44.0 165.0
77 36 121.0 78.0
51 68 154.0 32.0
62 61 30.0 94.0
51 62 44.0 118.0
68 52 175.0 69.0
65 49 190.0 4.0
23 74 170.0 138.0
52 66 99.0 14.0
67 51 32.0 20.0
59 58 107.0 186.0
57 56 151.0 90.0
68 53 136.0 147.0
59 49 156.0 64.0
79 40 120.0 146.0
40 78 120.0 42.0
57 66 22.0 171.0
72 54 115.0 6.0
37 82 191.0 175.0
40 81 109.0 94.0
67 53 21.0 198.0
63 61 195.0 177.0
71 48 33.0 67.0
77 44 156.0 105.0
44 75 125.0 130.0
71 50 119.0 40.0
79 35 58.0 110.0
51 66 57.0 119.0
68 57 162.0 78.0
71 51 13.0 157.0
47 74 100.0 199.0
41 79 110.0 9.0
60 62 104.0 35.0
50 70 61.0 23.0
49 68 27.0 71.0
63 51 90.0 85.0
73 53 39.0 52.0
44 80 111.0 5.0
39 76 129.0 164.0
57 59 97.0 39.0
50 67 196.0 2.0
80 41 49.0 57.0
32 80 154.0 76.0
52 74 131.0 44.0
48 76 104.0 122.0
73 42 148.0 168.0
61 65 48.0 30.0
52 54 73.0 145.0
72 56 54.0 70.0
74 53 140.0 103.0
50 76 183.0 95.0
75 48 26.0 66.0
53 76 150.0 82.0
58 63 103.0 50.0
53 72 191.0 103.0
52 70 150.0 65.0
45 78 129.0 4.0
61 64 78.0 70.0
74 45 187.0 61.0
56 73 148.0 165.0
66 61 88.0 50.0
49 79 185.0 191.0
66 59 35.0 176.0
49 78 196.0 185.0
76 51 199.0 78.0
73 59 143.0 77.0
77 51 25.0 82.0
62 69 38.0 126.0
82 41 98.0 126.0
55 71 11.0 35.0
51 80 13.0 46.0
70 58 190.0 9.0
69 59 78.0 189.0
67 59 4.0 173.0
82 47 176.0 182.0
67 63 151.0 166.0
75 56 66.0 2.0
76 46 128.0 29.0
78 52 63.0 141.0
78 53 41.0 53.0
47 80 81.0 71.0
79 53 170.0 38.0
54 73 155.0 98.0
80 48 68.0 58.0
48 73 72.0 86.0
78 55 107.0 0.0
59 76 10.0 170.0
60 74 90.0 51.0
52 83 134.0 123.0
64 66 170.0 104.0
75 55 165.0 125.0
76 58 128.0 186.0
69 53 150.0 0.0
49 75 187.0 57.0
54 53 194.0 197.0
83 65 29.0 36.0
79 48 194.0 163.0
83 39 7.0 164.0
75 57 39.0 124.0
52 76 124.0 167.0
29 82 27.0 26.0
50 68 119.0 166.0
54 66 123.0 114.0
67 65 192.0 152.0
55 76 88.0 138.0
78 60 155.0 47.0
56 76 119.0 195.0
55 77 169.0 196.0
65 68 155.0 196.0
81 50 74.0 75.0
62 65 146.0 198.0
73 63 10.0 90.0
73 51 152.0 98.0
67 66 25.0 108.0
74 57 54.0 96.0
11 32 52.0 23.0
62 74 125.0 7.0
63 72 115.0 152.0
51 83 171.0 13.0
73 62 70.0 181.0
83 41 165.0 23.0
44 83 100.0 142.0
54 80 155.0 155.0
77 54 54.0 7.0
64 72 139.0 131.0
70 43 177.0 6.0
58 71 38.0 148.0
55 80 157.0 60.0
64 76 192.0 122.0
83 54 104.0 44.0
70 60 194.0 60.0
63 68 136.0 48.0
64 68 36.0 75.0
80 63 0.0 13.0
66 68 128.0 38.0
61 73 58.0 85.0
65 80 53.0 2.0
76 66 87.0 109.0
73 65 80.0 81.0
61 77 23.0 16.0
59 77 28.0 11.0
66 78 131.0 180.0
76 65 35.0 11.0
59 79 108.0 45.0
35 81 137.0 113.0
70 73 196.0 24.0
74 66 181.0 76.0
42 81 104.0 157.0
62 76 117.0 132.0
70 76 186.0 0.0
76 63 58.0 22.0
68 73 68.0 166.0
69 40 113.0 157.0
63 78 199.0 109.0
58 57 83.0 133.0
61 82 172.0 187.0
80 66 107.0 41.0
66 77 173.0 94.0
74 68 64.0 31.0
72 55 2.0 84.0
74 72 36.0 115.0
65 63 70.0 188.0
74 56 198.0 153.0
72 75 173.0 123.0
76 44 101.0 81.0
66 83 162.0 74.0
61 83 178.0 178.0
81 53 140.0 181.0
77 80 86.0 177.0
70 75 42.0 108.0
61 75 1.0 193.0
73 28 166.0 174.0
67 77 38.0 67.0
65 69 177.0 153.0
59 68 158.0 156.0
60 61 57.0 99.0
75 79 114.0 95.0
76 71 183.0 109.0
59 32 18.0 136.0
67 79 50.0 136.0
66 81 4.0 89.0
82 75 49.0 134.0
73 76 175.0 159.0
73 83 68.0 185.0
57 70 135.0 135.0
69 82 52.0 70.0
79 73 116.0 22.0
73 75 139.0 166.0
73 74 163.0 95.0
58 82 79.0 164.0
63 77 154.0 6.0
80 70 125.0 23.0
70 77 12.0 12.0
73 80 52.0 16.0
68 79 158.0 168.0
83 32 63.0 49.0
60 80 143.0 27.0
63 64 198.0 174.0
81 79 106.0 152.0
83 72 148.0 183.0
69 68 143.0 112.0
41 71 120.0 195.0
61 79 117.0 30.0
60 79 192.0 133.0
83 36 151.0 135.0
53 65 75.0 101.0
81 77 167.0 133.0
83 68 123.0 68.0
82 76 94.0 18.0
78 73 29.0 14.0
80 76 27.0 99.0
83 79 101.0 171.0
67 56 151.0 53.0
83 71 12.0 178.0
75 78 46.0 179.0
74 81 43.0 121.0
79 45 41.0 89.0
35 68 83.0 23.0
43 83 176.0 62.0
55 50 2.0 77.0
54 28 14.0 105.0
71 70 101.0 178.0
67 54 127.0 99.0
77 75 89.0 122.0
62 72 17.0 82.0
61 72 117.0 52.0
83 74 37.0 93.0
71 82 146.0 191.0
57 82 98.0 112.0
39 74 80.0 152.0
73 81 156.0 7.0
67 81 88.0 197.0
82 80 110.0 57.0
78 70 117.0 28.0
53 82 182.0 106.0
6 10 58.0 128.0
80 83 80.0 156.0
58 75 129.0 160.0
80 56 40.0 38.0
78 80 46.0 80.0
79 77 5.0 156.0
69 81 128.0 74.0
83 75 110.0 110.0
75 67 129.0 168.0
69 74 112.0 9.0
81 80 1.0 194.0
77 83 91.0 41.0
68 76 191.0 137.0
69 72 10.0 148.0
73 82 144.0 91.0
28 66 137.0 7.0
75 51 174.0 18.0
14 81 190.0 39.0
80 61 192.0 191.0
60 47 92.0 35.0
0
