82 3321 6 37 473795
20 33 106.0 176.0
81 75 103.0 172.0
46 80 98.0 108.0
1 26 13.0 195.0
3 7 156.0 50.0
38 64 29.0 67.0
75 2 106.0 83.0
18 75 14.0 170.0
25 6 168.0 72.0
82 23 171.0 23.0
20 13 181.0 69.0
40 38 10.0 195.0
46 14 1.0 166.0
80 65 87.0 30.0
66 30 20.0 193.0
24 31 71.0 34.0
36 53 134.0 192.0
75 26 75.0 105.0
40 50 103.0 57.0
5 63 185.0 113.0
76 20 34.0 186.0
2 44 0.0 122.0
75 74 108.0 20.0
24 29 94.0 131.0
1 56 166.0 29.0
82 17 190.0 194.0
66 46 5.0 93.0
26 79 8.0 191.0
19 14 7.0 195.0
59 78 29.0 8.0
71 75 168.0 89.0
22 53 51.0 62.0
29 8 187.0 170.0
25 27 191.0 177.0
72 26 126.0 197.0
24 43 19.0 86.0
56 48 16.0 179.0
43 68 191.0 45.0
62 75 58.0 159.0
47 38 154.0 62.0
46 45 147.0 141.0
71 12 19.0 138.0
37 80 123.0 97.0
42 30 145.0 95.0
80 5 175.0 113.0
74 55 132.0 166.0
49 40 54.0 143.0
78 2 20.0 9.0
46 29 89.0 167.0
40 30 67.0 60.0
30 8 20.0 143.0
39 3 117.0 117.0
7 57 29.0 93.0
31 70 136.0 113.0
30 29 140.0 143.0
30 19 50.0 112.0
47 18 132.0 91.0
7 8 129.0 151.0
49 63 9.0 102.0
65 76 100.0 126.0
51 38 94.0 129.0
28 44 72.0 183.0
72 11 113.0 164.0
29 69 188.0 163.0
6 42 43.0 72.0
1 7 123.0 125.0
69 38 155.0 132.0
33 17 152.0 55.0
57 36 117.0 199.0
81 3 31.0 141.0
15 62 90.0 144.0
50 25 192.0 30.0
68 42 177.0 187.0
48 79 197.0 100.0
36 15 42.0 104.0
34 55 81.0 146.0
8 74 181.0 150.0
78 70 139.0 164.0
51 6 185.0 181.0
30 11 140.0 177.0
52 17 194.0 117.0
14 43 120.0 143.0
59 65 101.0 162.0
37 26 9.0 182.0
19 29 86.0 142.0
3 10 27.0 177.0
52 80 192.0 12.0
10 5 38.0 132.0
11 23 135.0 184.0
67 54 126.0 55.0
36 33 135.0 28.0
60 71 37.0 96.0
18 5 126.0 75.0
52 38 168.0 154.0
37 27 135.0 113.0
21 42 166.0 125.0
64 22 171.0 53.0
75 51 12.0 98.0
3 63 61.0 99.0
51 55 39.0 99.0
59 71 187.0 166.0
28 49 95.0 156.0
75 76 50.0 182.0
35 50 170.0 168.0
73 20 157.0 141.0
73 76 112.0 169.0
56 35 62.0 174.0
9 32 107.0 53.0
20 42 83.0 94.0
8 69 186.0 130.0
62 58 194.0 188.0
27 62 93.0 164.0
1 20 12.0 50.0
16 20 22.0 77.0
54 40 112.0 84.0
73 35 179.0 19.0
76 68 105.0 14.0
57 10 43.0 43.0
69 22 134.0 37.0
1 8 71.0 179.0
30 38 164.0 83.0
57 61 144.0 138.0
20 54 191.0 56.0
6 66 126.0 123.0
53 82 160.0 31.0
9 7 148.0 4.0
31 38 198.0 35.0
46 43 62.0 69.0
81 32 196.0 178.0
12 77 181.0 92.0
50 19 156.0 124.0
4 64 20.0 83.0
64 61 75.0 180.0
68 67 151.0 24.0
23 80 29.0 149.0
40 4 21.0 91.0
35 22 141.0 18.0
16 21 29.0 74.0
42 40 138.0 185.0
23 17 87.0 110.0
78 22 28.0 163.0
6 68 109.0 179.0
65 51 127.0 138.0
54 80 175.0 149.0
19 80 36.0 69.0
20 52 144.0 17.0
11 65 93.0 35.0
2 48 158.0 180.0
7 10 16.0 138.0
23 64 136.0 125.0
32 41 1.0 64.0
40 14 96.0 128.0
11 70 17.0 84.0
4 11 187.0 162.0
22 40 126.0 80.0
5 44 131.0 36.0
15 1 95.0 99.0
66 15 97.0 31.0
57 62 38.0 50.0
75 41 48.0 134.0
29 9 173.0 66.0
48 51 174.0 160.0
8 46 71.0 101.0
9 34 66.0 154.0
7 11 163.0 161.0
13 62 22.0 12.0
41 67 5.0 12.0
26 77 25.0 5.0
5 78 35.0 198.0
46 5 132.0 162.0
52 54 13.0 4.0
7 79 120.0 80.0
77 16 146.0 36.0
77 25 131.0 120.0
12 82 160.0 88.0
78 30 100.0 185.0
26 56 24.0 87.0
60 16 101.0 157.0
69 34 17.0 114.0
30 75 139.0 89.0
9 22 30.0 37.0
49 33 141.0 161.0
34 30 26.0 53.0
60 25 68.0 126.0
82 7 122.0 92.0
22 42 128.0 23.0
75 17 90.0 97.0
11 45 80.0 181.0
67 6 142.0 111.0
40 67 124.0 83.0
15 27 73.0 102.0
53 58 51.0 141.0
66 74 10.0 173.0
34 40 53.0 90.0
58 26 179.0 95.0
71 24 142.0 12.0
29 34 177.0 36.0
18 20 125.0 101.0
48 4 133.0 150.0
63 24 131.0 136.0
8 3 168.0 142.0
61 75 153.0 21.0
5 9 2.0 85.0
73 34 42.0 96.0
67 71 71.0 19.0
10 71 10.0 197.0
74 64 60.0 95.0
8 66 172.0 191.0
5 76 159.0 140.0
69 70 194.0 64.0
37 46 176.0 148.0
79 75 74.0 18.0
65 58 83.0 98.0
46 26 137.0 93.0
9 45 137.0 149.0
30 33 71.0 61.0
4 9 152.0 182.0
18 42 97.0 98.0
5 35 3.0 74.0
29 53 122.0 29.0
29 58 95.0 5.0
1 57 169.0 184.0
19 44 17.0 58.0
79 69 60.0 88.0
18 22 140.0 12.0
8 11 74.0 190.0
17 15 150.0 77.0
67 60 94.0 72.0
35 64 9.0 142.0
38 39 69.0 130.0
3 79 46.0 38.0
67 27 134.0 106.0
48 67 75.0 26.0
49 53 40.0 150.0
1 14 141.0 142.0
69 5 73.0 187.0
68 78 74.0 34.0
37 29 172.0 95.0
27 22 165.0 18.0
48 65 65.0 51.0
51 58 30.0 140.0
29 61 30.0 22.0
69 31 60.0 171.0
37 60 181.0 133.0
55 58 48.0 7.0
6 45 92.0 172.0
68 7 150.0 9.0
71 63 68.0 167.0
40 15 39.0 50.0
77 61 172.0 70.0
9 76 126.0 33.0
53 37 145.0 107.0
15 35 25.0 193.0
3 13 107.0 117.0
9 19 79.0 10.0
1 74 180.0 147.0
8 15 188.0 19.0
75 34 115.0 112.0
28 26 139.0 193.0
63 40 54.0 84.0
76 59 88.0 31.0
61 72 8.0 147.0
10 4 118.0 39.0
80 24 124.0 50.0
40 82 111.0 112.0
34 76 98.0 178.0
21 9 138.0 189.0
50 1 144.0 144.0
61 15 4.0 32.0
6 23 8.0 164.0
26 13 128.0 126.0
38 79 32.0 53.0
81 38 165.0 143.0
31 71 17.0 15.0
79 73 23.0 155.0
73 55 38.0 167.0
71 51 57.0 42.0
73 36 125.0 65.0
13 4 106.0 54.0
31 74 126.0 138.0
29 32 71.0 43.0
20 77 105.0 88.0
68 8 149.0 80.0
62 77 75.0 188.0
47 41 188.0 132.0
78 53 104.0 65.0
7 20 118.0 10.0
11 51 107.0 45.0
3 51 145.0 130.0
46 55 66.0 51.0
62 28 13.0 15.0
22 38 35.0 88.0
79 58 127.0 23.0
30 2 65.0 184.0
21 5 43.0 183.0
58 61 133.0 102.0
32 13 168.0 78.0
69 44 119.0 186.0
72 34 48.0 132.0
74 24 95.0 84.0
1 28 117.0 174.0
31 21 13.0 134.0
28 60 104.0 56.0
41 81 119.0 37.0
11 66 48.0 87.0
28 12 66.0 167.0
47 57 135.0 114.0
82 33 123.0 182.0
63 14 62.0 192.0
34 15 124.0 75.0
74 70 45.0 28.0
68 50 87.0 116.0
36 8 186.0 135.0
19 42 159.0 4.0
18 33 84.0 46.0
66 52 183.0 7.0
13 6 157.0 197.0
62 40 24.0 34.0
27 69 102.0 22.0
39 29 21.0 189.0
37 8 26.0 159.0
51 56 87.0 185.0
6 63 6.0 123.0
34 21 103.0 189.0
68 14 62.0 60.0
5 12 120.0 86.0
11 2 45.0 22.0
58 27 45.0 66.0
34 26 69.0 71.0
1 30 173.0 108.0
12 76 158.0 180.0
14 34 50.0 61.0
1 13 24.0 112.0
55 71 181.0 97.0
18 32 10.0 26.0
1 16 124.0 7.0
56 77 161.0 145.0
26 2 32.0 86.0
13 8 53.0 190.0
15 64 104.0 103.0
2 58 197.0 129.0
47 19 177.0 178.0
52 27 133.0 139.0
57 65 173.0 9.0
61 56 16.0 86.0
57 67 197.0 0.0
48 46 35.0 50.0
29 75 23.0 139.0
50 43 39.0 20.0
63 53 96.0 168.0
81 56 58.0 181.0
40 23 182.0 183.0
78 8 106.0 150.0
77 67 137.0 103.0
5 6 40.0 172.0
82 64 85.0 15.0
25 11 82.0 124.0
65 68 93.0 130.0
41 20 110.0 103.0
45 42 151.0 44.0
51 45 102.0 57.0
31 41 142.0 39.0
51 26 181.0 134.0
8 48 63.0 66.0
58 6 172.0 145.0
73 77 92.0 17.0
16 61 145.0 154.0
22 55 68.0 97.0
17 35 41.0 122.0
78 41 189.0 183.0
68 70 104.0 122.0
37 36 4.0 119.0
41 66 24.0 128.0
62 80 184.0 68.0
60 22 129.0 130.0
76 82 118.0 149.0
36 28 104.0 159.0
6 11 63.0 45.0
80 11 29.0 119.0
46 78 145.0 185.0
63 22 101.0 121.0
19 26 132.0 85.0
6 9 90.0 13.0
17 71 32.0 160.0
18 36 171.0 136.0
46 81 128.0 186.0
9 30 11.0 109.0
27 46 152.0 108.0
69 18 75.0 53.0
43 10 87.0 159.0
27 1 157.0 129.0
73 22 23.0 189.0
57 18 125.0 194.0
16 79 113.0 5.0
27 63 86.0 76.0
28 57 74.0 39.0
3 16 136.0 149.0
42 25 146.0 23.0
7 4 70.0 55.0
34 49 153.0 93.0
66 43 85.0 30.0
39 12 162.0 150.0
9 10 63.0 49.0
82 21 129.0 137.0
53 57 124.0 65.0
22 1 130.0 22.0
5 34 137.0 152.0
82 66 194.0 42.0
28 77 10.0 31.0
6 15 160.0 172.0
40 10 124.0 23.0
30 57 50.0 53.0
31 63 48.0 126.0
55 15 6.0 130.0
48 11 98.0 143.0
79 64 117.0 44.0
58 23 20.0 79.0
39 63 171.0 133.0
72 3 143.0 47.0
62 70 123.0 145.0
50 38 186.0 172.0
52 11 196.0 192.0
24 19 169.0 46.0
16 4 187.0 38.0
47 55 80.0 7.0
35 23 51.0 3.0
14 2 126.0 194.0
23 70 27.0 1.0
27 56 133.0 165.0
69 19 69.0 129.0
39 4 71.0 38.0
27 73 192.0 58.0
47 59 68.0 73.0
1 77 15.0 72.0
32 73 183.0 93.0
63 54 72.0 163.0
18 1 0.0 6.0
81 22 84.0 69.0
28 54 137.0 156.0
47 11 34.0 129.0
71 45 47.0 55.0
10 8 62.0 62.0
32 53 55.0 46.0
24 10 71.0 128.0
72 29 80.0 24.0
50 12 188.0 164.0
66 21 145.0 125.0
7 6 71.0 131.0
7 14 192.0 70.0
14 28 115.0 7.0
82 60 92.0 122.0
69 81 7.0 115.0
27 64 62.0 87.0
12 11 194.0 50.0
13 2 115.0 139.0
64 53 144.0 139.0
28 76 178.0 89.0
21 81 135.0 93.0
58 67 19.0 179.0
65 40 59.0 26.0
23 69 75.0 73.0
61 82 98.0 69.0
46 3 186.0 14.0
58 18 192.0 83.0
11 63 9.0 170.0
61 55 73.0 144.0
39 19 154.0 92.0
60 23 109.0 165.0
11 39 110.0 137.0
41 11 117.0 9.0
16 12 198.0 56.0
3 12 146.0 142.0
12 45 35.0 155.0
17 49 16.0 60.0
9 11 99.0 123.0
53 31 63.0 160.0
70 64 145.0 173.0
77 31 23.0 62.0
42 73 141.0 173.0
20 82 176.0 88.0
44 24 164.0 11.0
72 50 175.0 180.0
80 34 150.0 26.0
65 72 175.0 13.0
53 3 44.0 120.0
34 37 134.0 67.0
28 61 166.0 28.0
60 17 143.0 143.0
42 23 63.0 107.0
75 42 57.0 38.0
78 34 191.0 7.0
23 75 144.0 166.0
80 35 136.0 189.0
73 21 81.0 22.0
3 4 12.0 48.0
1 19 182.0 107.0
12 7 131.0 45.0
5 14 101.0 189.0
69 39 160.0 92.0
34 59 136.0 57.0
13 51 124.0 24.0
71 7 159.0 6.0
22 11 167.0 124.0
82 56 102.0 101.0
65 69 4.0 186.0
21 14 138.0 105.0
13 5 148.0 51.0
80 25 159.0 36.0
75 15 64.0 83.0
24 36 108.0 176.0
48 27 52.0 27.0
21 3 33.0 155.0
2 20 113.0 37.0
9 13 95.0 52.0
34 12 2.0 196.0
36 17 173.0 161.0
34 54 104.0 189.0
9 64 142.0 164.0
2 10 53.0 194.0
5 3 148.0 38.0
81 13 14.0 13.0
25 40 118.0 62.0
51 53 139.0 120.0
16 7 191.0 64.0
24 45 125.0 95.0
28 20 141.0 67.0
56 37 75.0 146.0
40 43 62.0 175.0
55 12 135.0 28.0
51 37 31.0 5.0
9 68 151.0 170.0
38 62 46.0 142.0
26 23 12.0 172.0
42 26 4.0 105.0
64 58 25.0 32.0
19 52 0.0 87.0
63 32 3.0 87.0
69 51 66.0 34.0
39 81 81.0 17.0
60 19 184.0 128.0
41 73 103.0 197.0
5 15 153.0 60.0
45 23 94.0 178.0
74 6 96.0 94.0
37 49 146.0 51.0
19 58 196.0 13.0
56 17 185.0 78.0
17 1 44.0 169.0
19 17 157.0 148.0
6 17 31.0 110.0
39 57 199.0 77.0
62 8 142.0 47.0
58 9 84.0 88.0
68 66 129.0 80.0
3 23 130.0 66.0
16 5 30.0 175.0
4 17 31.0 140.0
54 57 135.0 14.0
34 64 148.0 86.0
73 47 72.0 90.0
57 78 72.0 156.0
61 17 172.0 1.0
8 6 167.0 103.0
45 61 64.0 150.0
16 17 36.0 47.0
20 3 183.0 123.0
17 42 71.0 132.0
8 75 80.0 95.0
70 24 42.0 104.0
42 34 138.0 14.0
41 58 82.0 58.0
36 7 52.0 99.0
10 6 94.0 40.0
61 40 16.0 30.0
82 5 68.0 39.0
79 65 146.0 100.0
8 19 129.0 188.0
54 71 137.0 19.0
47 64 123.0 172.0
70 42 143.0 176.0
70 15 81.0 38.0
55 77 57.0 50.0
81 52 174.0 77.0
35 55 17.0 120.0
75 21 148.0 98.0
12 65 143.0 37.0
11 13 41.0 18.0
39 35 154.0 184.0
23 2 47.0 35.0
75 44 128.0 56.0
14 62 7.0 55.0
36 54 198.0 176.0
12 10 107.0 98.0
16 2 196.0 50.0
54 47 129.0 37.0
2 51 130.0 83.0
49 38 143.0 129.0
81 76 139.0 23.0
55 25 134.0 98.0
81 74 194.0 132.0
11 35 199.0 101.0
12 68 62.0 147.0
32 66 138.0 144.0
36 38 107.0 68.0
75 82 111.0 50.0
3 17 5.0 2.0
25 72 110.0 139.0
63 20 182.0 56.0
56 18 122.0 133.0
5 71 184.0 137.0
10 13 176.0 122.0
3 78 63.0 84.0
79 59 27.0 174.0
61 81 65.0 184.0
72 24 109.0 175.0
43 49 103.0 91.0
68 55 106.0 25.0
44 53 74.0 90.0
20 19 8.0 3.0
16 40 104.0 71.0
18 12 86.0 131.0
12 52 155.0 151.0
75 35 88.0 64.0
6 4 4.0 143.0
77 57 141.0 110.0
8 5 30.0 168.0
31 2 80.0 38.0
14 4 183.0 184.0
27 70 80.0 69.0
20 4 124.0 187.0
16 18 113.0 164.0
18 4 44.0 69.0
18 72 62.0 137.0
82 48 104.0 93.0
51 10 38.0 184.0
26 61 99.0 174.0
4 19 121.0 131.0
15 7 19.0 197.0
73 24 81.0 84.0
67 73 199.0 125.0
13 12 121.0 62.0
2 21 149.0 177.0
81 16 31.0 139.0
21 6 68.0 83.0
44 7 77.0 189.0
60 5 7.0 48.0
28 23 71.0 40.0
13 65 76.0 70.0
40 69 53.0 149.0
58 77 78.0 154.0
10 61 24.0 61.0
54 79 68.0 92.0
7 2 100.0 97.0
18 48 22.0 59.0
71 32 172.0 45.0
14 78 150.0 0.0
24 2 39.0 156.0
54 7 170.0 69.0
67 20 68.0 194.0
16 33 194.0 88.0
14 11 146.0 94.0
32 36 17.0 120.0
70 12 22.0 142.0
10 23 33.0 173.0
4 2 23.0 72.0
16 55 52.0 146.0
74 23 108.0 120.0
58 17 58.0 103.0
3 34 134.0 5.0
72 44 60.0 103.0
56 80 28.0 34.0
23 34 184.0 61.0
41 14 184.0 159.0
68 34 108.0 36.0
57 21 185.0 17.0
4 15 167.0 43.0
54 69 180.0 101.0
31 51 73.0 40.0
12 6 94.0 101.0
35 49 179.0 30.0
62 10 179.0 163.0
46 30 149.0 87.0
50 15 79.0 134.0
35 30 54.0 46.0
17 44 8.0 34.0
13 76 10.0 33.0
77 43 192.0 56.0
11 69 95.0 171.0
80 79 26.0 74.0
26 69 48.0 127.0
3 36 99.0 128.0
66 51 73.0 153.0
15 18 34.0 33.0
11 19 20.0 44.0
61 63 48.0 13.0
51 63 165.0 95.0
60 21 60.0 192.0
7 72 6.0 61.0
11 1 76.0 57.0
54 13 93.0 101.0
31 57 68.0 127.0
77 24 104.0 41.0
6 3 113.0 104.0
65 26 165.0 79.0
48 32 109.0 178.0
23 46 75.0 68.0
49 32 47.0 103.0
45 69 142.0 141.0
45 25 194.0 162.0
51 82 15.0 98.0
2 59 152.0 129.0
5 57 27.0 69.0
19 5 125.0 89.0
37 10 18.0 153.0
41 57 26.0 66.0
44 36 7.0 120.0
60 34 67.0 154.0
33 61 0.0 35.0
40 37 65.0 104.0
11 50 59.0 44.0
44 42 59.0 184.0
53 46 181.0 30.0
18 2 63.0 159.0
66 13 178.0 22.0
15 9 105.0 198.0
16 76 44.0 57.0
30 58 177.0 109.0
3 18 60.0 36.0
1 24 33.0 71.0
71 74 112.0 14.0
22 77 52.0 127.0
1 21 73.0 183.0
2 19 163.0 130.0
37 11 67.0 7.0
68 29 140.0 44.0
66 5 60.0 0.0
31 75 170.0 94.0
14 10 75.0 82.0
7 24 192.0 127.0
8 65 141.0 17.0
26 47 9.0 56.0
57 76 93.0 76.0
24 75 104.0 34.0
79 63 61.0 165.0
55 20 136.0 183.0
30 81 58.0 163.0
24 61 90.0 2.0
15 10 196.0 31.0
9 44 112.0 6.0
37 17 89.0 5.0
2 5 163.0 194.0
9 18 188.0 176.0
77 5 145.0 76.0
2 17 157.0 3.0
25 33 187.0 48.0
77 42 50.0 183.0
4 30 77.0 162.0
49 12 35.0 119.0
16 10 89.0 198.0
3 22 50.0 29.0
6 16 17.0 195.0
82 70 131.0 174.0
22 41 135.0 118.0
1 75 77.0 185.0
24 4 123.0 106.0
15 72 81.0 158.0
1 32 66.0 170.0
17 11 27.0 68.0
27 61 155.0 44.0
50 9 172.0 87.0
3 24 199.0 59.0
6 19 55.0 76.0
28 27 65.0 178.0
17 40 2.0 147.0
73 26 138.0 69.0
14 60 127.0 165.0
38 76 120.0 35.0
2 39 124.0 44.0
22 2 91.0 123.0
26 4 146.0 146.0
12 15 198.0 164.0
14 6 67.0 0.0
39 74 154.0 157.0
52 33 16.0 33.0
26 81 15.0 137.0
7 13 126.0 139.0
14 30 136.0 17.0
33 66 4.0 35.0
62 34 109.0 2.0
47 16 146.0 176.0
9 31 87.0 100.0
65 75 44.0 104.0
7 18 1.0 11.0
15 45 59.0 127.0
23 7 36.0 148.0
60 4 50.0 40.0
4 21 196.0 159.0
57 15 174.0 142.0
47 68 134.0 62.0
60 31 187.0 178.0
34 2 85.0 188.0
47 14 113.0 97.0
16 9 70.0 149.0
20 10 114.0 73.0
34 79 183.0 110.0
12 8 198.0 109.0
24 34 32.0 133.0
66 50 152.0 172.0
52 57 1.0 38.0
9 20 191.0 114.0
45 43 112.0 14.0
35 4 191.0 26.0
23 4 48.0 126.0
3 25 44.0 46.0
21 7 0.0 28.0
48 43 152.0 153.0
18 6 45.0 153.0
14 12 10.0 188.0
12 17 193.0 122.0
68 37 169.0 184.0
43 71 32.0 169.0
57 70 57.0 76.0
68 60 142.0 57.0
20 23 26.0 46.0
28 6 183.0 71.0
20 5 6.0 145.0
29 16 64.0 199.0
52 75 59.0 33.0
63 1 48.0 92.0
70 9 68.0 105.0
68 36 139.0 162.0
4 25 183.0 165.0
66 10 178.0 118.0
11 18 71.0 136.0
72 76 59.0 87.0
70 21 126.0 118.0
15 13 196.0 174.0
4 43 12.0 16.0
80 76 24.0 151.0
54 46 147.0 159.0
27 4 163.0 77.0
13 14 33.0 186.0
33 59 28.0 92.0
18 13 125.0 154.0
23 8 8.0 73.0
43 12 107.0 21.0
5 43 8.0 84.0
8 76 155.0 155.0
70 63 23.0 70.0
15 11 1.0 9.0
7 22 133.0 29.0
16 14 142.0 58.0
65 74 176.0 150.0
4 42 193.0 36.0
5 81 41.0 1.0
76 7 93.0 197.0
69 12 41.0 68.0
67 16 111.0 195.0
12 51 99.0 45.0
33 8 128.0 193.0
2 25 64.0 56.0
46 25 67.0 57.0
3 9 32.0 109.0
12 59 116.0 77.0
72 22 154.0 157.0
38 67 106.0 17.0
8 18 193.0 5.0
8 20 161.0 121.0
46 42 66.0 25.0
67 65 138.0 134.0
5 25 69.0 170.0
18 30 82.0 185.0
8 16 168.0 188.0
74 59 80.0 26.0
7 5 42.0 25.0
4 22 29.0 155.0
56 75 49.0 96.0
58 11 116.0 140.0
21 11 182.0 185.0
31 47 55.0 64.0
56 66 168.0 175.0
42 72 183.0 0.0
1 5 119.0 178.0
20 58 150.0 100.0
24 5 185.0 152.0
41 5 59.0 53.0
5 42 16.0 41.0
6 81 82.0 71.0
64 51 26.0 2.0
20 6 88.0 9.0
17 8 102.0 7.0
15 2 91.0 53.0
55 72 90.0 28.0
14 15 3.0 150.0
43 28 138.0 20.0
15 16 168.0 172.0
47 58 145.0 194.0
78 35 157.0 185.0
68 79 120.0 11.0
10 11 164.0 163.0
3 26 70.0 54.0
72 37 49.0 26.0
65 47 53.0 187.0
42 35 187.0 22.0
12 57 168.0 85.0
9 69 172.0 77.0
66 12 123.0 44.0
32 55 127.0 87.0
42 8 176.0 149.0
45 64 150.0 178.0
28 70 71.0 155.0
22 62 68.0 58.0
3 19 174.0 37.0
27 7 37.0 146.0
80 40 61.0 160.0
27 3 54.0 188.0
77 48 190.0 183.0
30 72 142.0 140.0
29 2 60.0 13.0
1 23 75.0 80.0
56 76 189.0 50.0
7 25 91.0 26.0
10 21 194.0 104.0
2 6 126.0 49.0
55 3 199.0 68.0
74 30 175.0 93.0
17 14 34.0 187.0
26 5 154.0 110.0
2 37 25.0 96.0
7 55 104.0 69.0
26 8 198.0 50.0
14 18 152.0 76.0
19 12 132.0 103.0
20 12 115.0 60.0
52 62 138.0 149.0
14 20 109.0 45.0
16 34 136.0 86.0
12 2 180.0 192.0
74 5 3.0 179.0
47 2 81.0 155.0
47 45 162.0 166.0
65 49 62.0 77.0
17 13 197.0 0.0
25 14 66.0 106.0
47 63 106.0 154.0
81 33 85.0 86.0
39 56 138.0 88.0
60 50 81.0 172.0
12 53 59.0 44.0
21 74 93.0 121.0
39 33 195.0 42.0
48 75 114.0 13.0
56 16 97.0 20.0
22 10 109.0 182.0
19 7 5.0 48.0
1 29 174.0 38.0
28 3 178.0 33.0
81 18 160.0 23.0
52 49 156.0 155.0
43 47 11.0 70.0
62 19 56.0 108.0
64 37 33.0 166.0
45 41 185.0 190.0
59 19 0.0 159.0
26 76 123.0 130.0
11 40 137.0 83.0
8 80 138.0 45.0
46 33 199.0 149.0
53 59 115.0 55.0
1 12 69.0 100.0
9 23 29.0 54.0
56 5 86.0 181.0
19 16 163.0 9.0
1 9 140.0 52.0
82 74 147.0 78.0
4 28 28.0 146.0
39 50 42.0 95.0
27 8 170.0 111.0
21 27 61.0 0.0
33 48 91.0 147.0
22 17 166.0 6.0
5 22 140.0 106.0
24 52 73.0 87.0
26 7 107.0 53.0
28 75 18.0 101.0
61 70 135.0 188.0
4 8 63.0 196.0
51 73 23.0 106.0
9 37 61.0 141.0
69 6 77.0 2.0
59 30 5.0 102.0
8 14 14.0 64.0
21 35 152.0 32.0
5 28 110.0 39.0
74 79 187.0 125.0
71 82 192.0 162.0
36 64 65.0 54.0
28 8 39.0 94.0
17 7 20.0 44.0
45 52 160.0 186.0
11 5 158.0 65.0
5 27 104.0 20.0
63 68 80.0 43.0
67 76 71.0 25.0
57 74 114.0 136.0
64 81 184.0 153.0
32 2 84.0 157.0
38 6 190.0 196.0
25 32 105.0 148.0
17 51 66.0 161.0
36 69 89.0 99.0
64 19 77.0 112.0
1 10 42.0 191.0
3 14 162.0 178.0
17 5 10.0 46.0
28 53 193.0 152.0
3 73 30.0 50.0
41 30 133.0 96.0
18 70 136.0 174.0
8 59 26.0 13.0
63 41 116.0 20.0
60 10 52.0 78.0
31 17 165.0 62.0
26 9 31.0 110.0
22 8 134.0 61.0
60 32 146.0 19.0
22 74 128.0 34.0
50 34 165.0 107.0
77 64 9.0 34.0
73 31 117.0 62.0
50 63 164.0 34.0
6 22 109.0 195.0
58 43 85.0 196.0
76 70 126.0 183.0
64 31 40.0 55.0
64 13 125.0 158.0
76 3 24.0 135.0
35 68 197.0 93.0
48 6 20.0 161.0
35 71 82.0 130.0
31 25 138.0 119.0
2 9 6.0 64.0
10 17 194.0 199.0
14 9 179.0 119.0
21 8 157.0 3.0
6 1 133.0 155.0
3 11 48.0 153.0
3 33 45.0 82.0
12 23 111.0 183.0
24 15 32.0 69.0
18 27 153.0 26.0
2 33 30.0 132.0
1 36 11.0 188.0
36 70 158.0 96.0
76 19 140.0 158.0
64 57 55.0 186.0
31 7 105.0 166.0
19 15 137.0 137.0
7 66 185.0 42.0
45 21 116.0 168.0
10 25 148.0 80.0
3 30 14.0 58.0
59 58 120.0 155.0
34 32 59.0 175.0
29 76 80.0 164.0
53 48 88.0 169.0
28 7 28.0 26.0
66 39 102.0 145.0
75 20 153.0 50.0
13 22 188.0 119.0
82 41 191.0 108.0
74 16 30.0 50.0
19 13 160.0 62.0
4 46 83.0 49.0
11 64 83.0 111.0
15 21 75.0 185.0
25 1 43.0 180.0
30 60 77.0 31.0
21 32 93.0 20.0
47 53 54.0 75.0
11 16 103.0 14.0
34 4 66.0 186.0
28 10 167.0 149.0
12 24 43.0 42.0
28 39 73.0 38.0
19 34 0.0 102.0
65 77 190.0 45.0
49 4 180.0 196.0
21 13 83.0 35.0
35 34 173.0 149.0
31 52 128.0 92.0
9 27 163.0 124.0
62 33 183.0 188.0
67 5 0.0 183.0
1 4 60.0 191.0
3 15 64.0 192.0
12 22 81.0 99.0
47 12 22.0 6.0
63 23 141.0 103.0
25 12 95.0 56.0
4 69 29.0 78.0
73 61 154.0 30.0
66 40 97.0 166.0
43 65 63.0 113.0
78 54 89.0 96.0
65 21 170.0 64.0
13 24 138.0 63.0
9 24 191.0 185.0
1 37 107.0 173.0
38 70 24.0 61.0
27 23 40.0 121.0
31 3 28.0 55.0
19 10 118.0 69.0
3 29 110.0 40.0
75 66 102.0 48.0
78 38 44.0 94.0
11 20 30.0 151.0
3 45 102.0 54.0
67 13 83.0 142.0
13 23 19.0 63.0
30 6 107.0 137.0
55 40 174.0 17.0
29 7 160.0 77.0
1 64 154.0 4.0
11 29 164.0 184.0
44 62 64.0 66.0
76 51 34.0 147.0
67 19 60.0 5.0
65 37 168.0 119.0
78 25 7.0 95.0
70 79 59.0 167.0
60 54 37.0 13.0
53 77 198.0 153.0
58 8 60.0 62.0
58 68 90.0 46.0
10 26 73.0 102.0
22 36 168.0 194.0
11 26 118.0 175.0
28 78 108.0 129.0
51 47 97.0 97.0
22 15 185.0 95.0
50 82 152.0 197.0
1 35 97.0 42.0
73 45 191.0 170.0
10 27 82.0 111.0
14 24 18.0 0.0
63 66 104.0 78.0
31 50 172.0 1.0
18 10 198.0 110.0
6 31 179.0 103.0
14 23 101.0 76.0
41 48 15.0 45.0
54 37 121.0 98.0
14 22 33.0 139.0
29 59 60.0 138.0
25 8 75.0 184.0
4 33 97.0 73.0
55 21 9.0 77.0
24 6 20.0 110.0
1 38 172.0 187.0
24 11 11.0 93.0
79 25 124.0 45.0
1 2 52.0 136.0
13 53 14.0 127.0
36 4 121.0 64.0
28 2 107.0 130.0
5 29 55.0 79.0
33 1 164.0 27.0
61 49 144.0 175.0
10 29 163.0 20.0
27 6 86.0 167.0
5 32 43.0 100.0
7 49 79.0 164.0
50 67 8.0 138.0
16 23 187.0 15.0
6 32 92.0 151.0
23 25 74.0 36.0
50 57 62.0 189.0
39 1 40.0 148.0
2 35 153.0 84.0
2 38 127.0 32.0
7 32 134.0 87.0
51 57 128.0 121.0
23 15 114.0 20.0
40 1 105.0 140.0
24 8 180.0 168.0
37 3 145.0 21.0
68 72 187.0 98.0
32 39 152.0 66.0
18 17 98.0 86.0
82 14 55.0 178.0
48 44 134.0 121.0
10 78 128.0 191.0
80 70 190.0 108.0
39 70 97.0 135.0
35 7 196.0 84.0
4 31 25.0 148.0
34 20 14.0 123.0
15 20 178.0 21.0
49 75 164.0 64.0
73 78 107.0 92.0
16 25 195.0 49.0
14 26 76.0 92.0
48 50 189.0 72.0
60 18 39.0 14.0
37 76 106.0 53.0
81 34 99.0 36.0
28 17 181.0 15.0
7 30 75.0 89.0
32 3 197.0 70.0
2 73 196.0 26.0
42 79 179.0 137.0
12 21 135.0 18.0
2 8 39.0 42.0
37 33 172.0 138.0
52 78 39.0 153.0
33 7 23.0 114.0
38 7 112.0 173.0
79 46 198.0 60.0
44 57 73.0 177.0
8 32 46.0 160.0
24 17 21.0 85.0
28 52 164.0 193.0
47 35 140.0 155.0
44 46 130.0 115.0
52 25 7.0 42.0
72 49 41.0 157.0
25 71 154.0 66.0
4 45 52.0 152.0
36 2 166.0 73.0
55 29 92.0 82.0
32 10 9.0 184.0
31 8 63.0 139.0
73 68 83.0 22.0
35 43 88.0 124.0
33 29 100.0 194.0
18 25 54.0 152.0
5 37 99.0 20.0
28 13 111.0 143.0
52 4 197.0 73.0
27 14 119.0 60.0
21 79 134.0 2.0
39 42 33.0 174.0
10 31 94.0 133.0
6 26 155.0 100.0
59 39 161.0 54.0
43 51 113.0 72.0
56 46 104.0 110.0
2 40 160.0 175.0
38 15 123.0 94.0
58 25 134.0 156.0
46 16 9.0 181.0
23 50 92.0 164.0
7 59 176.0 53.0
29 13 198.0 42.0
60 63 37.0 54.0
18 19 136.0 197.0
33 68 73.0 11.0
18 21 5.0 159.0
64 5 88.0 14.0
57 33 128.0 180.0
12 63 21.0 56.0
77 19 87.0 19.0
33 11 182.0 77.0
32 4 120.0 70.0
11 62 134.0 193.0
11 27 115.0 139.0
30 39 171.0 155.0
73 18 137.0 51.0
82 22 185.0 159.0
43 1 161.0 25.0
73 1 12.0 95.0
25 68 46.0 132.0
47 6 104.0 180.0
31 59 131.0 19.0
29 6 14.0 102.0
32 52 183.0 152.0
73 48 170.0 120.0
50 80 198.0 83.0
80 59 24.0 10.0
46 82 46.0 22.0
5 40 106.0 150.0
29 4 5.0 189.0
20 78 108.0 171.0
47 42 161.0 43.0
17 21 28.0 83.0
28 66 109.0 178.0
44 61 193.0 85.0
25 17 8.0 191.0
69 28 41.0 66.0
33 35 13.0 46.0
1 41 0.0 121.0
30 26 32.0 161.0
56 25 142.0 12.0
8 39 61.0 3.0
13 16 14.0 6.0
33 5 10.0 174.0
35 3 8.0 52.0
42 1 100.0 21.0
45 57 66.0 52.0
30 13 44.0 98.0
37 6 125.0 187.0
25 9 30.0 138.0
2 27 179.0 44.0
9 12 87.0 189.0
31 1 11.0 47.0
42 2 16.0 63.0
37 4 126.0 34.0
14 29 42.0 170.0
4 38 94.0 119.0
71 8 83.0 125.0
12 4 198.0 14.0
30 10 103.0 37.0
30 67 145.0 114.0
35 29 66.0 113.0
27 17 78.0 144.0
31 82 27.0 120.0
59 14 28.0 121.0
23 73 153.0 111.0
77 10 12.0 151.0
36 23 182.0 67.0
20 17 80.0 79.0
42 33 109.0 98.0
28 11 125.0 187.0
19 66 134.0 152.0
81 24 98.0 163.0
12 27 96.0 51.0
15 26 185.0 60.0
51 42 70.0 119.0
53 41 124.0 102.0
73 37 187.0 185.0
56 63 1.0 64.0
29 15 33.0 88.0
76 36 169.0 83.0
5 38 181.0 17.0
71 38 38.0 166.0
79 12 65.0 60.0
54 33 130.0 189.0
69 13 6.0 117.0
77 2 33.0 159.0
54 26 94.0 18.0
63 76 128.0 16.0
35 6 131.0 109.0
10 34 19.0 121.0
14 32 53.0 84.0
32 74 9.0 183.0
4 65 49.0 167.0
68 20 134.0 82.0
25 19 129.0 180.0
46 71 44.0 9.0
73 75 149.0 127.0
63 13 164.0 168.0
3 40 28.0 169.0
69 57 30.0 190.0
39 5 189.0 31.0
67 37 67.0 75.0
12 31 72.0 196.0
43 2 90.0 116.0
19 21 126.0 39.0
17 78 26.0 90.0
42 3 43.0 6.0
6 59 119.0 25.0
25 43 142.0 108.0
79 62 193.0 9.0
59 24 146.0 65.0
28 16 190.0 36.0
32 30 22.0 116.0
22 19 151.0 0.0
46 73 84.0 146.0
50 42 61.0 3.0
1 34 6.0 3.0
71 50 84.0 199.0
24 22 37.0 31.0
18 23 79.0 179.0
46 1 186.0 53.0
13 25 126.0 89.0
79 17 119.0 10.0
11 34 91.0 180.0
59 46 170.0 98.0
20 24 175.0 6.0
49 26 168.0 164.0
60 40 160.0 47.0
15 28 147.0 98.0
35 72 70.0 73.0
41 3 183.0 141.0
31 13 124.0 74.0
20 21 61.0 94.0
21 77 192.0 188.0
25 15 3.0 112.0
44 66 141.0 163.0
22 16 23.0 40.0
77 14 24.0 45.0
2 3 148.0 7.0
41 34 117.0 72.0
67 33 36.0 131.0
24 18 13.0 180.0
17 39 23.0 16.0
5 36 168.0 165.0
21 22 192.0 143.0
54 5 123.0 16.0
6 82 84.0 72.0
34 61 71.0 153.0
1 44 186.0 107.0
6 34 180.0 199.0
56 60 134.0 3.0
19 28 90.0 54.0
25 34 53.0 34.0
7 37 113.0 176.0
40 6 187.0 149.0
40 26 112.0 58.0
41 2 95.0 50.0
18 26 87.0 75.0
41 7 114.0 174.0
50 41 181.0 156.0
45 1 116.0 34.0
32 42 20.0 29.0
33 9 12.0 159.0
37 43 77.0 124.0
40 7 44.0 173.0
60 69 143.0 83.0
52 50 87.0 57.0
11 38 168.0 20.0
33 10 149.0 36.0
27 19 133.0 121.0
53 16 134.0 146.0
58 73 90.0 12.0
32 78 76.0 86.0
66 27 73.0 20.0
78 36 17.0 112.0
74 69 103.0 137.0
72 56 109.0 52.0
6 33 139.0 195.0
20 62 10.0 74.0
52 61 16.0 100.0
56 28 16.0 93.0
56 2 40.0 89.0
39 52 41.0 10.0
39 72 177.0 144.0
30 15 64.0 39.0
13 27 82.0 3.0
62 42 194.0 92.0
44 3 194.0 11.0
20 49 144.0 11.0
21 25 63.0 137.0
12 29 44.0 57.0
32 11 167.0 21.0
43 53 177.0 31.0
55 6 173.0 59.0
25 22 36.0 168.0
47 22 83.0 182.0
45 2 156.0 180.0
26 20 156.0 171.0
49 9 62.0 0.0
37 82 84.0 182.0
55 78 32.0 62.0
13 33 73.0 158.0
50 47 177.0 109.0
34 13 44.0 12.0
11 36 187.0 0.0
10 64 29.0 143.0
75 72 134.0 92.0
8 41 54.0 18.0
15 31 48.0 87.0
35 14 35.0 121.0
3 38 132.0 164.0
26 71 62.0 176.0
29 20 134.0 1.0
60 55 3.0 164.0
9 35 108.0 89.0
81 27 129.0 114.0
46 2 150.0 129.0
35 12 73.0 137.0
41 64 58.0 5.0
44 4 103.0 72.0
24 23 65.0 189.0
19 54 10.0 20.0
10 39 3.0 70.0
16 27 166.0 133.0
13 39 136.0 117.0
14 36 49.0 10.0
59 20 138.0 59.0
30 20 66.0 193.0
39 67 80.0 131.0
41 39 57.0 42.0
31 61 40.0 61.0
31 18 35.0 6.0
75 12 177.0 123.0
20 22 38.0 179.0
14 33 106.0 128.0
43 6 32.0 172.0
3 43 199.0 65.0
7 39 30.0 9.0
73 17 69.0 70.0
55 75 32.0 56.0
5 72 130.0 10.0
27 20 70.0 120.0
26 17 54.0 128.0
76 55 80.0 38.0
75 36 172.0 80.0
6 39 183.0 2.0
26 35 135.0 4.0
30 37 53.0 119.0
8 34 8.0 135.0
67 42 2.0 30.0
48 15 176.0 56.0
72 63 23.0 56.0
19 71 161.0 148.0
78 11 144.0 96.0
48 59 76.0 31.0
13 68 55.0 129.0
71 77 55.0 64.0
4 41 126.0 9.0
32 68 168.0 102.0
50 55 61.0 143.0
44 38 176.0 174.0
51 79 169.0 73.0
55 1 138.0 197.0
70 43 144.0 194.0
39 31 165.0 151.0
26 21 61.0 91.0
10 44 88.0 181.0
36 9 150.0 102.0
61 19 162.0 79.0
25 24 77.0 83.0
1 59 120.0 16.0
23 19 4.0 16.0
23 22 28.0 121.0
32 16 104.0 90.0
16 26 61.0 144.0
37 61 69.0 11.0
80 27 30.0 183.0
21 24 155.0 107.0
25 26 162.0 27.0
17 34 161.0 166.0
13 37 89.0 190.0
11 31 162.0 145.0
26 24 4.0 23.0
43 55 67.0 73.0
47 5 23.0 97.0
72 59 127.0 130.0
43 76 69.0 89.0
41 10 66.0 31.0
30 5 52.0 155.0
24 37 108.0 166.0
21 78 182.0 64.0
27 24 156.0 49.0
8 43 173.0 180.0
57 55 134.0 52.0
49 10 76.0 4.0
66 22 52.0 143.0
45 5 165.0 56.0
38 10 197.0 25.0
36 10 43.0 179.0
44 8 77.0 199.0
49 50 76.0 3.0
29 18 118.0 11.0
16 30 106.0 194.0
31 16 66.0 158.0
33 12 147.0 31.0
60 45 105.0 144.0
53 30 78.0 148.0
6 46 77.0 155.0
36 12 177.0 105.0
47 33 19.0 95.0
38 68 141.0 125.0
8 40 127.0 159.0
51 1 192.0 74.0
13 36 97.0 97.0
2 66 44.0 127.0
30 21 127.0 73.0
49 3 63.0 56.0
76 24 34.0 34.0
12 60 28.0 176.0
18 52 101.0 155.0
31 14 29.0 93.0
60 11 92.0 78.0
46 7 36.0 88.0
12 37 138.0 115.0
76 21 90.0 2.0
39 9 20.0 77.0
63 42 199.0 0.0
30 17 170.0 100.0
37 41 87.0 151.0
51 23 180.0 131.0
5 58 133.0 16.0
9 52 176.0 71.0
72 20 131.0 18.0
38 9 66.0 103.0
41 9 193.0 17.0
15 32 100.0 115.0
46 22 104.0 187.0
44 6 141.0 36.0
65 71 175.0 74.0
50 2 143.0 151.0
47 7 41.0 26.0
12 80 69.0 107.0
10 35 149.0 62.0
8 38 9.0 49.0
42 9 150.0 65.0
54 74 150.0 91.0
28 24 144.0 125.0
22 26 41.0 39.0
24 38 118.0 34.0
36 46 84.0 188.0
19 32 163.0 33.0
17 32 129.0 124.0
33 15 130.0 79.0
30 22 51.0 32.0
20 48 158.0 195.0
78 80 87.0 151.0
35 59 103.0 5.0
35 8 1.0 140.0
1 47 128.0 164.0
71 61 183.0 10.0
36 6 127.0 65.0
22 32 107.0 130.0
23 30 193.0 17.0
75 78 117.0 32.0
56 32 90.0 20.0
36 49 131.0 91.0
81 50 46.0 59.0
42 10 180.0 181.0
52 35 179.0 59.0
2 49 152.0 86.0
19 31 131.0 145.0
2 70 36.0 48.0
20 25 101.0 126.0
31 23 171.0 184.0
47 3 25.0 169.0
18 34 80.0 157.0
62 32 141.0 59.0
3 50 177.0 45.0
33 77 83.0 109.0
50 5 190.0 71.0
81 66 64.0 43.0
4 50 97.0 35.0
7 45 41.0 74.0
24 16 104.0 122.0
49 56 63.0 198.0
20 35 137.0 40.0
42 11 9.0 20.0
8 82 141.0 199.0
18 35 64.0 157.0
28 22 47.0 161.0
29 21 9.0 88.0
1 49 123.0 66.0
57 49 79.0 186.0
38 74 197.0 17.0
9 80 139.0 159.0
82 39 178.0 81.0
41 12 176.0 194.0
26 59 37.0 23.0
4 51 66.0 47.0
51 40 74.0 190.0
37 14 188.0 154.0
38 13 84.0 138.0
9 43 97.0 175.0
12 30 113.0 27.0
13 35 182.0 41.0
73 64 177.0 20.0
32 82 59.0 196.0
39 23 61.0 86.0
63 33 70.0 1.0
48 78 179.0 106.0
41 13 196.0 29.0
2 52 89.0 61.0
81 11 64.0 23.0
74 14 152.0 194.0
35 16 146.0 164.0
37 18 42.0 159.0
38 12 157.0 64.0
22 29 41.0 136.0
53 24 46.0 189.0
9 61 156.0 135.0
27 29 176.0 173.0
14 39 120.0 128.0
23 29 189.0 67.0
34 7 88.0 183.0
28 67 192.0 45.0
37 15 78.0 33.0
62 31 25.0 124.0
11 46 128.0 134.0
37 78 28.0 56.0
61 78 87.0 100.0
21 33 28.0 28.0
47 76 37.0 116.0
60 1 134.0 29.0
19 33 99.0 12.0
49 5 12.0 125.0
53 2 174.0 93.0
32 20 144.0 154.0
37 48 68.0 183.0
16 36 72.0 96.0
27 39 186.0 110.0
39 16 174.0 120.0
22 31 94.0 26.0
60 26 178.0 107.0
4 47 80.0 104.0
34 22 36.0 176.0
39 80 40.0 56.0
31 33 144.0 65.0
73 82 43.0 82.0
15 39 76.0 169.0
37 16 116.0 171.0
5 51 60.0 94.0
63 38 131.0 92.0
21 28 76.0 119.0
82 16 101.0 68.0
50 62 196.0 46.0
63 75 31.0 39.0
12 42 74.0 107.0
59 61 6.0 190.0
12 44 90.0 19.0
35 46 198.0 174.0
49 70 111.0 74.0
5 23 100.0 13.0
67 8 192.0 96.0
9 8 126.0 175.0
38 18 156.0 152.0
60 70 126.0 114.0
69 24 120.0 168.0
72 77 129.0 118.0
67 53 161.0 192.0
55 4 66.0 61.0
11 61 12.0 11.0
62 49 197.0 138.0
48 14 87.0 105.0
14 38 118.0 165.0
58 74 54.0 38.0
3 52 16.0 135.0
71 11 138.0 177.0
9 40 158.0 157.0
71 9 50.0 170.0
57 27 128.0 199.0
40 44 89.0 167.0
78 9 86.0 159.0
27 30 93.0 93.0
62 25 109.0 61.0
5 48 50.0 0.0
40 13 81.0 8.0
42 13 135.0 83.0
15 41 94.0 15.0
40 18 169.0 183.0
81 20 132.0 55.0
65 63 54.0 177.0
8 45 93.0 163.0
22 33 162.0 95.0
1 53 53.0 196.0
44 52 128.0 141.0
28 9 6.0 22.0
20 37 109.0 175.0
23 33 49.0 193.0
32 24 116.0 103.0
25 28 47.0 162.0
43 72 158.0 162.0
80 31 50.0 12.0
26 29 56.0 178.0
62 37 8.0 14.0
71 69 114.0 118.0
47 9 160.0 163.0
29 25 100.0 29.0
54 1 171.0 148.0
26 31 65.0 129.0
29 56 113.0 68.0
55 2 116.0 121.0
30 24 61.0 124.0
23 47 3.0 175.0
23 32 92.0 163.0
2 54 98.0 145.0
64 72 88.0 21.0
24 33 79.0 105.0
32 27 147.0 192.0
45 10 171.0 63.0
39 26 128.0 184.0
35 24 88.0 131.0
26 27 16.0 132.0
48 22 30.0 114.0
11 67 181.0 118.0
19 36 187.0 12.0
42 66 73.0 134.0
68 56 121.0 196.0
4 5 71.0 49.0
73 29 46.0 111.0
41 74 73.0 62.0
47 8 99.0 104.0
10 69 8.0 33.0
21 36 4.0 195.0
37 19 121.0 77.0
17 38 120.0 194.0
45 13 98.0 143.0
74 3 10.0 97.0
79 44 75.0 35.0
54 6 57.0 174.0
71 62 168.0 17.0
30 25 55.0 124.0
44 13 78.0 177.0
59 16 186.0 151.0
62 53 46.0 37.0
44 14 151.0 8.0
74 53 86.0 26.0
10 47 153.0 95.0
5 52 13.0 74.0
48 1 125.0 68.0
21 48 132.0 3.0
7 50 40.0 119.0
58 81 54.0 38.0
41 16 87.0 5.0
2 72 178.0 125.0
50 8 95.0 84.0
28 29 164.0 60.0
38 16 109.0 89.0
71 79 103.0 193.0
53 4 104.0 143.0
56 3 62.0 158.0
58 1 176.0 150.0
12 40 185.0 106.0
1 67 134.0 33.0
71 64 57.0 50.0
17 29 157.0 118.0
7 60 87.0 60.0
29 71 44.0 191.0
44 11 23.0 59.0
9 46 66.0 199.0
40 19 37.0 51.0
19 38 196.0 123.0
65 55 56.0 53.0
23 37 49.0 165.0
46 31 11.0 88.0
39 20 24.0 7.0
9 51 148.0 47.0
82 3 64.0 14.0
10 48 151.0 53.0
11 75 136.0 100.0
16 42 16.0 145.0
43 15 64.0 17.0
79 23 22.0 27.0
53 5 70.0 198.0
26 33 80.0 18.0
62 54 99.0 144.0
35 25 57.0 50.0
43 17 28.0 146.0
13 56 37.0 196.0
22 61 194.0 53.0
54 4 161.0 168.0
42 14 167.0 31.0
49 6 8.0 48.0
37 21 190.0 107.0
18 39 172.0 199.0
15 54 172.0 0.0
42 15 142.0 9.0
76 53 187.0 136.0
46 12 160.0 100.0
52 29 36.0 80.0
59 69 73.0 44.0
41 68 22.0 63.0
48 9 176.0 194.0
6 41 196.0 148.0
31 28 11.0 138.0
80 67 169.0 150.0
38 20 2.0 82.0
46 15 172.0 38.0
37 75 170.0 45.0
62 65 54.0 193.0
48 3 131.0 30.0
19 82 134.0 127.0
16 43 116.0 145.0
51 7 23.0 85.0
51 18 136.0 26.0
68 59 75.0 109.0
54 9 92.0 46.0
74 72 138.0 146.0
77 52 169.0 69.0
51 61 52.0 103.0
44 16 59.0 168.0
21 41 146.0 34.0
46 10 7.0 83.0
6 56 32.0 34.0
79 35 17.0 76.0
38 21 154.0 107.0
43 7 116.0 123.0
76 17 43.0 168.0
78 76 76.0 54.0
66 58 124.0 22.0
80 38 130.0 131.0
49 8 4.0 114.0
48 13 174.0 173.0
1 52 70.0 80.0
57 3 86.0 186.0
7 53 9.0 82.0
31 27 146.0 37.0
50 13 79.0 71.0
38 75 174.0 161.0
79 31 23.0 130.0
41 17 185.0 149.0
56 4 146.0 7.0
2 57 165.0 33.0
38 34 103.0 126.0
13 47 181.0 49.0
28 30 196.0 12.0
25 38 51.0 170.0
20 64 172.0 74.0
10 50 142.0 109.0
67 61 188.0 40.0
59 3 17.0 154.0
67 49 96.0 120.0
79 6 123.0 77.0
45 16 21.0 119.0
51 68 168.0 72.0
27 34 99.0 140.0
32 28 31.0 193.0
37 55 132.0 19.0
21 23 152.0 101.0
53 52 106.0 48.0
32 31 40.0 29.0
57 11 84.0 13.0
78 1 36.0 52.0
40 21 163.0 135.0
12 48 17.0 146.0
22 59 78.0 149.0
37 25 153.0 30.0
14 45 70.0 11.0
46 13 25.0 110.0
11 43 34.0 110.0
18 44 51.0 70.0
49 13 6.0 166.0
43 20 9.0 24.0
46 58 26.0 88.0
55 5 55.0 132.0
78 66 8.0 77.0
57 6 180.0 34.0
79 77 130.0 14.0
49 55 70.0 133.0
7 56 136.0 28.0
62 2 99.0 146.0
31 29 10.0 78.0
41 29 157.0 65.0
12 54 145.0 166.0
44 15 51.0 126.0
23 77 106.0 181.0
50 79 75.0 176.0
70 46 82.0 163.0
58 3 91.0 181.0
32 40 152.0 53.0
55 8 79.0 109.0
19 35 49.0 24.0
44 73 75.0 100.0
70 58 124.0 182.0
19 43 112.0 151.0
35 27 29.0 194.0
53 6 71.0 120.0
17 46 9.0 23.0
53 10 11.0 40.0
20 40 188.0 12.0
31 30 10.0 63.0
8 51 44.0 86.0
53 20 127.0 156.0
24 40 183.0 156.0
11 49 170.0 55.0
64 3 152.0 131.0
58 4 124.0 163.0
3 54 3.0 64.0
56 44 136.0 165.0
29 36 137.0 180.0
13 43 199.0 64.0
44 70 126.0 135.0
9 55 61.0 49.0
27 36 136.0 13.0
54 8 92.0 12.0
68 71 46.0 47.0
17 47 32.0 182.0
35 28 111.0 169.0
7 63 50.0 62.0
52 68 17.0 128.0
44 20 112.0 78.0
45 18 166.0 48.0
28 47 26.0 58.0
56 9 195.0 24.0
70 5 188.0 180.0
3 60 178.0 99.0
23 41 150.0 180.0
30 44 50.0 167.0
3 61 148.0 162.0
8 56 59.0 66.0
42 7 14.0 37.0
4 78 154.0 162.0
31 34 43.0 142.0
39 24 83.0 174.0
36 20 18.0 33.0
10 52 54.0 20.0
12 26 87.0 154.0
8 53 72.0 98.0
43 18 183.0 38.0
28 34 73.0 137.0
44 22 90.0 68.0
15 49 180.0 173.0
27 38 116.0 198.0
2 60 158.0 170.0
5 59 51.0 45.0
4 61 99.0 75.0
58 21 85.0 34.0
53 35 113.0 110.0
54 10 29.0 155.0
24 41 122.0 10.0
39 73 198.0 190.0
82 80 37.0 156.0
67 14 192.0 41.0
53 81 184.0 43.0
27 33 153.0 21.0
47 40 158.0 18.0
20 45 34.0 187.0
36 26 91.0 108.0
51 14 193.0 89.0
53 26 154.0 31.0
45 19 103.0 98.0
7 52 75.0 39.0
33 32 173.0 28.0
24 67 108.0 131.0
27 40 24.0 143.0
21 44 130.0 115.0
39 25 66.0 76.0
59 38 161.0 172.0
60 59 23.0 16.0
48 19 135.0 98.0
60 73 66.0 109.0
59 25 143.0 174.0
22 68 84.0 119.0
42 48 127.0 14.0
43 23 2.0 194.0
64 33 32.0 163.0
25 36 153.0 56.0
41 18 157.0 40.0
76 52 157.0 175.0
77 29 157.0 53.0
8 52 44.0 41.0
60 13 55.0 172.0
39 37 152.0 58.0
71 28 25.0 184.0
7 58 43.0 130.0
50 16 132.0 153.0
35 77 118.0 89.0
59 4 2.0 28.0
54 11 26.0 46.0
46 61 80.0 82.0
17 45 173.0 184.0
62 3 74.0 150.0
36 80 60.0 118.0
64 2 132.0 192.0
38 28 182.0 51.0
39 22 43.0 136.0
26 38 82.0 69.0
70 48 89.0 162.0
50 17 165.0 14.0
19 46 179.0 39.0
65 2 10.0 191.0
13 74 36.0 142.0
72 60 145.0 170.0
71 49 77.0 140.0
15 51 193.0 159.0
55 10 12.0 35.0
61 5 189.0 129.0
79 10 20.0 121.0
52 13 115.0 30.0
62 4 17.0 151.0
38 23 95.0 114.0
20 46 19.0 172.0
14 53 32.0 13.0
41 55 175.0 197.0
34 65 168.0 116.0
10 56 30.0 140.0
11 56 150.0 145.0
24 42 118.0 119.0
46 21 100.0 165.0
62 1 6.0 71.0
23 49 24.0 39.0
11 55 134.0 151.0
29 38 114.0 54.0
47 21 159.0 144.0
45 22 69.0 109.0
48 17 162.0 188.0
8 60 156.0 14.0
61 7 63.0 163.0
59 10 6.0 40.0
25 41 8.0 140.0
16 75 21.0 122.0
46 39 162.0 180.0
32 26 100.0 32.0
49 18 188.0 14.0
21 43 120.0 144.0
53 15 188.0 136.0
46 57 107.0 194.0
61 2 35.0 68.0
26 41 126.0 8.0
49 19 20.0 89.0
73 72 5.0 73.0
10 58 74.0 145.0
40 28 134.0 147.0
50 6 66.0 122.0
64 6 82.0 126.0
11 53 37.0 69.0
33 34 49.0 115.0
41 27 152.0 22.0
6 60 74.0 109.0
77 51 2.0 101.0
79 47 101.0 88.0
50 45 94.0 167.0
23 44 34.0 128.0
28 41 80.0 23.0
61 8 149.0 129.0
12 56 173.0 54.0
71 56 85.0 199.0
8 57 122.0 39.0
69 53 183.0 23.0
61 1 17.0 77.0
9 57 131.0 52.0
14 54 135.0 11.0
17 68 110.0 85.0
49 16 147.0 35.0
59 67 176.0 32.0
4 63 91.0 98.0
32 54 90.0 75.0
60 9 156.0 59.0
9 59 18.0 87.0
68 74 57.0 154.0
61 80 92.0 119.0
37 28 184.0 191.0
6 62 84.0 113.0
16 48 150.0 175.0
60 61 5.0 40.0
62 5 169.0 161.0
51 16 6.0 188.0
1 68 147.0 16.0
56 62 15.0 192.0
27 42 135.0 199.0
47 20 158.0 19.0
66 1 65.0 108.0
32 37 56.0 70.0
26 43 68.0 25.0
74 80 35.0 27.0
58 48 192.0 134.0
27 53 20.0 159.0
35 48 21.0 107.0
68 81 51.0 131.0
49 14 126.0 68.0
81 65 45.0 182.0
67 3 9.0 66.0
60 52 32.0 44.0
17 65 66.0 177.0
36 77 71.0 87.0
31 37 71.0 44.0
65 1 154.0 74.0
34 36 11.0 80.0
52 15 59.0 56.0
62 73 194.0 68.0
7 62 103.0 179.0
9 63 3.0 170.0
26 44 44.0 26.0
16 52 84.0 67.0
30 36 164.0 38.0
71 1 22.0 175.0
75 80 154.0 33.0
42 28 177.0 100.0
31 35 15.0 81.0
70 30 136.0 171.0
62 9 71.0 132.0
13 57 65.0 108.0
51 21 81.0 181.0
14 75 101.0 103.0
73 13 102.0 55.0
67 4 114.0 79.0
80 21 79.0 81.0
52 23 31.0 15.0
65 22 22.0 55.0
59 62 142.0 39.0
68 3 182.0 23.0
49 21 173.0 84.0
81 80 11.0 27.0
45 27 139.0 77.0
15 47 39.0 18.0
55 14 165.0 22.0
33 70 182.0 139.0
25 44 110.0 124.0
65 3 81.0 92.0
52 6 145.0 55.0
2 68 171.0 108.0
27 44 65.0 110.0
48 23 60.0 104.0
50 77 149.0 26.0
16 54 156.0 83.0
50 20 96.0 66.0
77 68 86.0 178.0
4 68 163.0 183.0
35 37 113.0 87.0
56 14 79.0 178.0
58 14 95.0 139.0
66 4 124.0 45.0
35 36 131.0 81.0
56 15 100.0 28.0
63 8 106.0 139.0
22 51 114.0 69.0
29 79 100.0 27.0
24 46 88.0 179.0
54 17 56.0 183.0
7 64 23.0 180.0
28 64 101.0 155.0
69 1 27.0 2.0
57 14 140.0 133.0
22 50 86.0 6.0
34 51 121.0 138.0
40 31 87.0 161.0
65 5 177.0 143.0
82 68 138.0 153.0
51 19 106.0 192.0
18 71 88.0 85.0
53 9 6.0 180.0
55 18 141.0 44.0
23 66 68.0 63.0
70 29 194.0 155.0
19 53 151.0 123.0
22 49 166.0 89.0
32 38 179.0 24.0
74 77 170.0 19.0
59 11 7.0 177.0
17 55 62.0 148.0
47 27 113.0 130.0
47 24 13.0 107.0
62 12 165.0 116.0
61 12 196.0 83.0
65 7 123.0 127.0
1 72 51.0 93.0
81 57 36.0 58.0
55 79 104.0 51.0
63 10 14.0 170.0
55 19 10.0 179.0
42 29 24.0 175.0
81 62 197.0 172.0
66 64 137.0 120.0
27 43 49.0 188.0
57 16 184.0 37.0
2 69 30.0 41.0
53 18 145.0 196.0
59 13 53.0 155.0
65 6 182.0 29.0
67 82 61.0 179.0
52 21 3.0 150.0
61 23 102.0 52.0
15 76 196.0 87.0
79 15 104.0 179.0
15 59 131.0 49.0
26 45 31.0 136.0
17 53 181.0 165.0
19 41 171.0 194.0
29 40 63.0 126.0
45 49 26.0 165.0
44 63 101.0 175.0
79 49 175.0 5.0
42 57 41.0 59.0
8 72 50.0 24.0
50 18 183.0 184.0
53 21 84.0 106.0
14 52 13.0 147.0
39 36 182.0 192.0
70 1 105.0 35.0
54 58 10.0 33.0
34 67 10.0 3.0
30 45 104.0 13.0
17 57 9.0 40.0
42 31 106.0 93.0
38 35 93.0 72.0
69 3 77.0 75.0
18 54 112.0 135.0
63 81 103.0 74.0
54 21 3.0 66.0
49 68 180.0 60.0
71 3 59.0 141.0
33 45 129.0 118.0
75 39 82.0 23.0
20 51 93.0 112.0
50 30 169.0 157.0
15 58 179.0 25.0
58 12 119.0 134.0
50 24 102.0 51.0
40 33 149.0 161.0
2 71 4.0 30.0
6 80 131.0 39.0
45 48 121.0 176.0
79 72 117.0 43.0
43 29 26.0 48.0
48 24 81.0 98.0
80 18 183.0 183.0
29 45 72.0 84.0
41 35 101.0 29.0
75 47 128.0 185.0
65 9 121.0 2.0
25 48 164.0 38.0
15 60 176.0 142.0
31 20 5.0 9.0
3 66 188.0 141.0
34 39 120.0 60.0
47 29 13.0 174.0
44 32 80.0 93.0
8 64 71.0 153.0
4 70 61.0 35.0
68 5 106.0 37.0
13 61 16.0 63.0
52 22 183.0 156.0
59 56 122.0 55.0
3 70 120.0 135.0
66 9 13.0 0.0
43 34 25.0 84.0
70 8 183.0 86.0
26 48 76.0 89.0
69 47 17.0 45.0
64 68 139.0 152.0
43 42 29.0 61.0
71 4 177.0 149.0
57 22 110.0 142.0
82 54 9.0 135.0
46 69 53.0 192.0
35 40 172.0 81.0
25 47 94.0 189.0
7 67 98.0 33.0
50 14 138.0 79.0
25 49 78.0 67.0
43 31 193.0 188.0
75 3 88.0 2.0
4 73 196.0 93.0
2 74 165.0 120.0
22 71 133.0 59.0
38 33 152.0 183.0
36 31 40.0 42.0
19 57 29.0 118.0
65 41 109.0 175.0
16 58 32.0 149.0
81 79 103.0 28.0
69 62 125.0 68.0
7 69 14.0 10.0
27 50 17.0 119.0
80 58 156.0 57.0
44 29 95.0 138.0
56 22 120.0 156.0
43 32 166.0 152.0
38 60 76.0 22.0
39 43 197.0 1.0
48 7 47.0 11.0
34 44 119.0 16.0
33 50 171.0 27.0
1 76 90.0 19.0
55 62 121.0 10.0
43 33 140.0 39.0
45 31 33.0 16.0
65 10 178.0 30.0
38 37 196.0 178.0
4 74 176.0 115.0
72 6 124.0 100.0
24 49 90.0 14.0
67 63 135.0 163.0
32 80 42.0 76.0
41 69 24.0 76.0
40 36 52.0 3.0
48 28 33.0 48.0
21 56 99.0 161.0
51 32 22.0 24.0
57 20 179.0 64.0
28 46 162.0 66.0
35 32 151.0 4.0
82 77 57.0 176.0
51 27 47.0 110.0
54 23 191.0 32.0
51 39 188.0 91.0
70 20 36.0 162.0
23 55 128.0 167.0
42 37 189.0 42.0
4 57 171.0 141.0
30 47 74.0 180.0
5 73 16.0 122.0
70 7 131.0 159.0
65 14 4.0 119.0
56 50 31.0 192.0
12 64 114.0 159.0
41 36 128.0 103.0
46 32 184.0 51.0
14 64 17.0 59.0
29 49 179.0 185.0
63 2 188.0 110.0
71 6 121.0 192.0
67 69 74.0 152.0
48 29 47.0 188.0
58 72 170.0 128.0
33 80 57.0 155.0
2 76 190.0 27.0
11 68 186.0 121.0
25 53 161.0 174.0
61 18 180.0 34.0
47 39 5.0 6.0
16 62 19.0 5.0
67 9 29.0 141.0
37 69 180.0 87.0
37 22 113.0 170.0
59 82 140.0 100.0
56 23 193.0 53.0
35 44 151.0 125.0
67 2 26.0 109.0
70 6 66.0 197.0
67 12 63.0 48.0
61 14 2.0 43.0
45 28 31.0 115.0
61 6 36.0 171.0
79 37 139.0 181.0
50 29 88.0 42.0
77 4 18.0 115.0
78 67 64.0 85.0
15 63 191.0 128.0
54 25 125.0 193.0
12 73 50.0 156.0
17 59 174.0 86.0
23 53 120.0 65.0
26 50 116.0 8.0
80 60 28.0 86.0
41 38 39.0 93.0
18 46 180.0 182.0
4 75 89.0 57.0
24 54 120.0 139.0
51 28 102.0 94.0
6 73 76.0 174.0
10 67 133.0 144.0
77 78 46.0 162.0
49 31 163.0 38.0
54 22 180.0 95.0
51 24 88.0 70.0
59 18 117.0 160.0
77 3 89.0 19.0
49 30 87.0 118.0
64 16 187.0 173.0
48 60 48.0 186.0
30 51 26.0 163.0
43 36 96.0 158.0
29 51 186.0 184.0
59 21 33.0 103.0
79 2 19.0 75.0
70 72 150.0 59.0
44 39 53.0 89.0
58 13 13.0 53.0
82 15 0.0 39.0
66 14 94.0 96.0
69 30 72.0 80.0
62 17 32.0 57.0
80 51 32.0 51.0
42 81 37.0 182.0
31 48 13.0 90.0
50 28 54.0 26.0
38 43 89.0 54.0
63 17 193.0 183.0
77 63 113.0 65.0
79 61 163.0 97.0
63 16 36.0 195.0
38 42 106.0 73.0
73 14 155.0 71.0
33 69 169.0 10.0
22 58 130.0 59.0
62 63 151.0 123.0
40 41 162.0 17.0
65 15 174.0 77.0
24 55 27.0 10.0
66 59 106.0 85.0
74 63 10.0 13.0
65 16 170.0 131.0
47 71 7.0 52.0
10 70 147.0 111.0
72 9 35.0 62.0
52 26 10.0 161.0
27 54 117.0 189.0
62 18 63.0 175.0
73 52 189.0 25.0
57 24 4.0 111.0
74 7 36.0 164.0
24 78 112.0 136.0
56 20 101.0 147.0
45 36 157.0 63.0
45 34 97.0 27.0
34 46 165.0 160.0
21 50 108.0 154.0
56 24 146.0 64.0
19 63 120.0 135.0
50 78 114.0 184.0
55 26 118.0 16.0
5 75 129.0 76.0
1 82 18.0 178.0
37 45 1.0 183.0
76 4 124.0 61.0
8 73 183.0 22.0
34 48 65.0 55.0
36 42 57.0 180.0
71 27 19.0 176.0
80 29 119.0 100.0
28 58 164.0 138.0
47 34 199.0 165.0
25 57 165.0 75.0
6 76 114.0 100.0
66 16 139.0 179.0
65 38 173.0 197.0
36 47 143.0 144.0
30 77 36.0 62.0
54 43 45.0 152.0
17 66 37.0 44.0
7 75 152.0 154.0
33 44 176.0 18.0
69 25 165.0 115.0
64 75 73.0 90.0
2 81 70.0 16.0
82 2 58.0 58.0
58 24 9.0 103.0
74 9 129.0 46.0
74 43 140.0 34.0
79 4 178.0 116.0
65 31 16.0 95.0
9 73 94.0 89.0
57 26 105.0 116.0
2 80 70.0 115.0
79 52 171.0 79.0
80 3 42.0 52.0
50 32 93.0 135.0
14 69 197.0 71.0
40 39 92.0 13.0
54 30 178.0 186.0
64 18 199.0 36.0
7 77 119.0 69.0
45 72 145.0 42.0
17 64 160.0 140.0
78 6 80.0 54.0
61 21 170.0 30.0
43 78 99.0 62.0
63 25 161.0 78.0
65 19 84.0 112.0
54 51 140.0 3.0
42 61 13.0 85.0
80 30 82.0 174.0
29 54 131.0 163.0
70 13 101.0 101.0
59 23 190.0 1.0
41 42 65.0 104.0
44 31 162.0 101.0
71 80 33.0 102.0
58 37 100.0 47.0
66 80 18.0 182.0
16 68 10.0 101.0
45 38 183.0 64.0
45 35 80.0 125.0
6 77 145.0 97.0
18 65 148.0 59.0
27 55 63.0 134.0
51 33 19.0 115.0
10 68 11.0 189.0
51 25 189.0 21.0
77 8 161.0 124.0
28 55 102.0 193.0
48 68 181.0 199.0
68 15 2.0 82.0
75 6 27.0 65.0
72 10 159.0 198.0
73 7 176.0 170.0
30 52 75.0 118.0
1 79 35.0 36.0
29 81 180.0 90.0
12 72 19.0 113.0
71 15 73.0 21.0
66 18 168.0 52.0
77 9 199.0 127.0
62 24 21.0 128.0
78 23 126.0 96.0
74 11 37.0 113.0
62 36 44.0 17.0
72 14 97.0 15.0
45 40 145.0 123.0
41 44 196.0 114.0
25 70 169.0 195.0
75 10 188.0 143.0
74 76 162.0 114.0
69 15 47.0 199.0
44 55 132.0 91.0
43 41 80.0 29.0
73 10 120.0 26.0
70 17 58.0 68.0
47 37 128.0 180.0
80 7 61.0 116.0
74 12 95.0 175.0
45 79 97.0 142.0
53 79 144.0 29.0
62 21 139.0 25.0
30 55 195.0 11.0
79 5 28.0 5.0
78 7 187.0 157.0
72 13 127.0 48.0
9 82 122.0 22.0
80 47 43.0 19.0
71 13 195.0 140.0
20 65 125.0 86.0
21 39 63.0 72.0
4 81 177.0 91.0
69 17 28.0 165.0
27 59 186.0 155.0
40 70 90.0 108.0
9 75 148.0 134.0
42 65 41.0 143.0
36 48 63.0 119.0
34 52 160.0 126.0
66 20 141.0 137.0
10 74 196.0 169.0
23 57 57.0 134.0
21 63 2.0 147.0
76 14 152.0 150.0
19 68 154.0 145.0
27 49 105.0 17.0
63 58 133.0 17.0
54 31 187.0 74.0
60 66 77.0 135.0
21 64 28.0 134.0
70 16 136.0 183.0
79 8 30.0 40.0
63 26 5.0 185.0
45 32 162.0 62.0
39 48 19.0 95.0
51 36 43.0 158.0
18 63 189.0 120.0
49 39 81.0 169.0
62 23 10.0 17.0
44 45 17.0 41.0
57 32 196.0 174.0
4 82 86.0 158.0
67 18 102.0 57.0
71 16 93.0 97.0
50 37 30.0 82.0
39 45 167.0 111.0
63 37 146.0 129.0
67 17 84.0 163.0
67 23 81.0 80.0
76 10 195.0 119.0
54 42 21.0 50.0
69 32 109.0 114.0
4 72 148.0 139.0
40 46 13.0 115.0
15 67 125.0 160.0
44 68 116.0 9.0
76 11 44.0 149.0
35 54 77.0 192.0
14 71 190.0 98.0
60 27 114.0 99.0
77 59 171.0 63.0
1 80 29.0 136.0
72 16 95.0 154.0
28 59 41.0 11.0
55 67 37.0 86.0
34 53 178.0 114.0
69 20 165.0 168.0
43 44 100.0 80.0
17 72 155.0 23.0
81 8 153.0 136.0
51 35 132.0 48.0
24 60 113.0 125.0
33 53 55.0 102.0
58 78 65.0 33.0
7 81 168.0 31.0
73 15 86.0 20.0
31 56 135.0 193.0
9 81 10.0 88.0
37 52 32.0 94.0
46 38 126.0 145.0
14 70 177.0 182.0
80 14 7.0 42.0
29 60 45.0 127.0
29 57 150.0 131.0
25 61 192.0 86.0
20 71 128.0 155.0
32 59 66.0 112.0
58 31 109.0 145.0
31 55 131.0 86.0
65 23 167.0 138.0
16 69 98.0 13.0
23 81 154.0 49.0
74 15 178.0 98.0
25 64 28.0 59.0
37 44 132.0 47.0
24 65 143.0 41.0
19 70 117.0 74.0
80 10 18.0 85.0
65 25 145.0 68.0
67 72 119.0 51.0
36 52 18.0 98.0
77 15 114.0 198.0
30 48 14.0 47.0
68 21 60.0 157.0
33 58 32.0 178.0
69 21 34.0 2.0
36 50 11.0 131.0
57 34 144.0 131.0
43 30 40.0 114.0
32 47 122.0 155.0
48 38 100.0 136.0
11 77 114.0 160.0
75 19 82.0 98.0
39 53 18.0 116.0
67 26 63.0 30.0
74 17 68.0 159.0
56 33 88.0 108.0
25 67 49.0 162.0
62 29 116.0 149.0
79 14 79.0 182.0
58 32 154.0 161.0
19 72 56.0 172.0
29 63 61.0 71.0
28 18 65.0 129.0
71 21 196.0 105.0
22 70 78.0 45.0
82 26 168.0 194.0
38 54 105.0 47.0
79 11 47.0 59.0
44 47 68.0 56.0
16 73 110.0 129.0
13 79 167.0 127.0
65 27 157.0 163.0
18 74 124.0 187.0
49 42 61.0 92.0
66 24 177.0 118.0
54 61 42.0 24.0
71 23 4.0 110.0
34 56 70.0 66.0
19 73 154.0 38.0
78 12 136.0 63.0
64 26 166.0 12.0
54 81 0.0 179.0
62 30 150.0 177.0
40 52 94.0 192.0
61 32 194.0 50.0
56 64 49.0 64.0
55 33 146.0 4.0
41 52 18.0 34.0
73 49 55.0 137.0
46 47 1.0 55.0
50 44 194.0 103.0
77 13 20.0 88.0
78 16 198.0 14.0
63 30 23.0 47.0
72 28 189.0 121.0
39 55 189.0 159.0
26 66 159.0 45.0
64 24 179.0 160.0
80 15 71.0 174.0
53 38 62.0 43.0
38 57 161.0 60.0
41 49 124.0 184.0
40 72 30.0 65.0
57 72 117.0 20.0
29 64 86.0 76.0
21 67 2.0 18.0
59 36 115.0 25.0
41 51 112.0 130.0
18 68 21.0 73.0
31 67 162.0 97.0
35 57 32.0 192.0
29 66 13.0 101.0
36 61 147.0 52.0
13 75 122.0 101.0
68 26 172.0 190.0
28 65 81.0 84.0
60 35 113.0 102.0
28 63 139.0 75.0
1 81 158.0 123.0
58 35 13.0 172.0
68 27 73.0 112.0
64 30 60.0 148.0
50 65 192.0 32.0
20 74 24.0 73.0
23 72 99.0 89.0
62 26 145.0 190.0
24 68 72.0 104.0
10 82 94.0 85.0
78 18 50.0 119.0
30 61 57.0 110.0
39 54 71.0 49.0
77 18 38.0 96.0
45 58 81.0 89.0
77 49 142.0 179.0
19 74 133.0 166.0
41 54 67.0 179.0
22 43 117.0 69.0
60 33 75.0 174.0
76 77 133.0 147.0
82 13 53.0 123.0
13 80 90.0 87.0
46 77 39.0 184.0
14 81 68.0 172.0
51 72 107.0 87.0
46 51 119.0 25.0
65 30 8.0 195.0
73 25 130.0 141.0
12 81 125.0 136.0
29 65 123.0 16.0
47 48 46.0 162.0
57 37 57.0 114.0
48 54 142.0 164.0
72 21 44.0 62.0
61 35 124.0 4.0
76 18 96.0 7.0
78 19 145.0 21.0
46 50 63.0 68.0
41 33 93.0 109.0
32 65 161.0 150.0
40 48 37.0 103.0
37 66 53.0 81.0
57 40 181.0 177.0
38 58 98.0 29.0
42 52 149.0 43.0
33 65 182.0 12.0
27 72 169.0 75.0
66 31 176.0 130.0
56 40 52.0 13.0
78 71 30.0 105.0
43 52 19.0 163.0
67 29 50.0 118.0
11 82 188.0 0.0
58 40 78.0 171.0
16 80 38.0 48.0
37 59 20.0 15.0
65 53 68.0 72.0
68 28 63.0 50.0
36 60 86.0 82.0
49 46 154.0 137.0
22 75 147.0 143.0
72 69 91.0 25.0
39 58 40.0 82.0
15 81 120.0 60.0
44 54 160.0 140.0
52 46 129.0 23.0
61 38 66.0 15.0
53 40 180.0 21.0
55 38 47.0 79.0
75 25 46.0 90.0
18 79 38.0 87.0
76 22 155.0 159.0
42 53 149.0 115.0
58 36 150.0 78.0
17 77 63.0 168.0
39 76 96.0 44.0
52 47 39.0 95.0
79 19 15.0 86.0
60 42 35.0 53.0
66 34 56.0 190.0
75 33 10.0 6.0
66 73 50.0 112.0
74 25 137.0 113.0
61 39 79.0 185.0
76 23 165.0 119.0
34 63 31.0 180.0
43 57 154.0 19.0
56 42 166.0 11.0
67 35 168.0 128.0
48 49 192.0 18.0
66 47 47.0 129.0
44 51 26.0 126.0
55 48 67.0 192.0
45 54 36.0 51.0
47 61 157.0 191.0
59 41 3.0 75.0
59 42 128.0 171.0
74 27 21.0 120.0
73 11 171.0 20.0
45 53 165.0 198.0
67 51 3.0 33.0
36 63 73.0 39.0
44 49 41.0 182.0
34 58 107.0 44.0
39 62 162.0 36.0
73 63 88.0 135.0
51 50 177.0 59.0
55 45 55.0 143.0
51 49 66.0 10.0
33 73 174.0 139.0
32 67 169.0 15.0
81 47 96.0 28.0
75 59 90.0 58.0
79 24 35.0 178.0
25 66 12.0 164.0
60 41 150.0 68.0
76 25 55.0 16.0
36 66 17.0 29.0
66 35 159.0 138.0
64 32 85.0 55.0
13 78 60.0 127.0
74 26 168.0 47.0
71 33 45.0 180.0
59 43 162.0 148.0
38 56 63.0 18.0
10 81 100.0 32.0
54 49 101.0 59.0
76 61 176.0 138.0
82 62 46.0 188.0
74 29 121.0 14.0
79 22 173.0 118.0
31 72 130.0 88.0
50 73 55.0 145.0
17 81 150.0 155.0
75 46 141.0 3.0
50 53 69.0 117.0
58 60 34.0 67.0
20 80 195.0 155.0
48 62 126.0 120.0
35 62 75.0 56.0
67 36 172.0 130.0
59 44 184.0 74.0
75 27 38.0 126.0
68 30 35.0 59.0
66 49 49.0 21.0
34 71 138.0 196.0
69 35 45.0 65.0
41 62 144.0 120.0
70 81 159.0 68.0
54 50 140.0 96.0
17 80 47.0 130.0
60 39 126.0 34.0
65 36 74.0 128.0
39 64 136.0 13.0
41 46 71.0 182.0
81 19 83.0 167.0
66 38 193.0 194.0
71 30 52.0 133.0
48 52 186.0 51.0
44 60 73.0 64.0
27 79 75.0 99.0
29 78 110.0 164.0
61 43 150.0 133.0
80 26 105.0 185.0
78 27 64.0 98.0
78 26 86.0 69.0
28 74 157.0 24.0
20 60 98.0 182.0
66 77 150.0 126.0
76 30 145.0 13.0
82 25 140.0 47.0
36 71 86.0 46.0
70 35 33.0 151.0
53 54 184.0 120.0
42 55 98.0 142.0
34 70 67.0 149.0
69 68 9.0 169.0
56 45 57.0 106.0
64 43 32.0 197.0
58 50 148.0 118.0
63 45 76.0 134.0
63 43 86.0 13.0
41 80 136.0 136.0
65 39 94.0 155.0
82 24 133.0 55.0
61 41 44.0 142.0
72 33 155.0 76.0
82 81 83.0 55.0
63 82 113.0 160.0
52 51 146.0 151.0
43 56 15.0 82.0
78 15 94.0 61.0
27 76 124.0 27.0
72 36 47.0 168.0
68 40 101.0 154.0
57 48 15.0 185.0
74 34 195.0 80.0
36 55 54.0 141.0
64 42 101.0 69.0
53 60 77.0 147.0
70 37 181.0 154.0
56 19 63.0 180.0
28 81 166.0 116.0
82 18 144.0 181.0
52 58 124.0 91.0
40 64 69.0 130.0
58 42 123.0 123.0
27 77 34.0 1.0
73 30 46.0 15.0
22 67 52.0 61.0
28 79 28.0 18.0
47 56 134.0 124.0
79 30 162.0 58.0
43 60 112.0 184.0
71 37 128.0 35.0
76 33 79.0 162.0
44 58 77.0 77.0
78 31 113.0 81.0
46 63 100.0 93.0
62 47 120.0 34.0
61 50 90.0 83.0
46 64 79.0 154.0
54 55 7.0 7.0
53 55 177.0 38.0
48 64 129.0 6.0
36 56 28.0 194.0
56 54 143.0 128.0
44 65 194.0 64.0
55 56 146.0 36.0
31 5 196.0 25.0
42 69 14.0 155.0
29 82 5.0 143.0
72 38 125.0 86.0
56 52 178.0 105.0
49 60 25.0 73.0
27 82 60.0 172.0
64 44 58.0 6.0
50 59 35.0 54.0
74 36 121.0 1.0
47 60 122.0 78.0
45 67 36.0 47.0
70 32 118.0 14.0
46 67 38.0 95.0
48 63 118.0 50.0
33 79 131.0 128.0
46 62 8.0 118.0
38 73 101.0 81.0
76 46 166.0 175.0
49 59 25.0 2.0
65 78 167.0 143.0
62 43 186.0 157.0
81 25 190.0 56.0
40 74 9.0 73.0
31 76 65.0 169.0
77 75 133.0 118.0
70 41 189.0 99.0
49 64 145.0 14.0
51 60 80.0 64.0
48 61 61.0 18.0
53 56 47.0 51.0
74 37 84.0 56.0
32 72 33.0 149.0
65 45 190.0 119.0
39 71 131.0 179.0
30 56 47.0 28.0
33 78 105.0 79.0
63 35 144.0 167.0
35 65 193.0 143.0
74 33 66.0 77.0
43 81 158.0 52.0
70 45 61.0 100.0
48 66 166.0 192.0
52 65 30.0 165.0
45 59 27.0 88.0
77 37 124.0 123.0
72 48 72.0 117.0
55 59 197.0 91.0
67 43 25.0 107.0
39 68 55.0 86.0
46 68 16.0 173.0
77 38 162.0 198.0
82 30 31.0 141.0
35 74 119.0 107.0
79 32 55.0 143.0
69 48 150.0 4.0
74 42 91.0 175.0
71 44 159.0 99.0
34 77 141.0 175.0
32 76 99.0 103.0
81 35 153.0 82.0
28 73 50.0 24.0
39 79 191.0 105.0
40 73 132.0 141.0
76 35 92.0 175.0
49 69 172.0 51.0
59 57 14.0 113.0
31 68 163.0 114.0
76 42 84.0 69.0
64 50 7.0 86.0
78 40 168.0 151.0
66 45 176.0 100.0
55 63 194.0 68.0
61 53 153.0 119.0
73 43 49.0 167.0
74 44 71.0 164.0
47 67 72.0 155.0
58 56 92.0 31.0
79 40 188.0 60.0
49 47 140.0 165.0
54 65 194.0 86.0
65 46 154.0 147.0
52 55 143.0 3.0
44 76 82.0 167.0
71 42 32.0 106.0
75 40 4.0 125.0
59 54 147.0 145.0
80 22 190.0 39.0
52 64 104.0 184.0
58 57 25.0 59.0
52 67 1.0 120.0
49 74 88.0 35.0
34 82 182.0 120.0
55 64 103.0 186.0
69 43 33.0 2.0
40 76 193.0 175.0
46 72 105.0 97.0
75 67 47.0 82.0
45 68 105.0 49.0
81 31 108.0 145.0
36 81 113.0 90.0
78 42 198.0 168.0
40 59 10.0 183.0
78 39 185.0 3.0
62 45 15.0 43.0
75 32 84.0 63.0
76 41 75.0 141.0
69 50 134.0 183.0
57 63 120.0 199.0
75 45 119.0 119.0
49 58 4.0 129.0
66 55 34.0 190.0
68 23 50.0 50.0
40 81 191.0 86.0
82 38 181.0 18.0
61 68 123.0 68.0
77 44 34.0 196.0
54 66 28.0 106.0
48 76 86.0 33.0
45 76 9.0 121.0
72 47 118.0 11.0
71 48 117.0 61.0
42 80 95.0 50.0
52 71 12.0 170.0
66 57 77.0 199.0
53 71 107.0 57.0
74 47 12.0 193.0
80 44 25.0 173.0
65 56 25.0 96.0
79 41 62.0 142.0
70 56 174.0 109.0
77 45 153.0 186.0
59 51 183.0 182.0
77 39 183.0 90.0
82 35 148.0 147.0
57 68 188.0 125.0
64 76 195.0 165.0
69 55 120.0 9.0
45 74 20.0 94.0
53 73 99.0 174.0
68 54 60.0 83.0
75 54 31.0 43.0
56 67 160.0 179.0
56 41 129.0 100.0
41 71 57.0 76.0
74 50 130.0 129.0
50 75 57.0 151.0
59 64 25.0 108.0
60 46 182.0 86.0
82 42 126.0 13.0
68 53 144.0 38.0
63 59 78.0 74.0
59 52 129.0 87.0
45 78 95.0 12.0
80 49 199.0 104.0
40 77 25.0 24.0
80 43 121.0 159.0
64 54 120.0 0.0
77 47 21.0 65.0
79 43 133.0 99.0
64 60 29.0 14.0
78 49 147.0 125.0
62 66 181.0 146.0
80 48 199.0 159.0
52 70 177.0 120.0
74 52 63.0 97.0
56 69 40.0 84.0
81 37 47.0 125.0
75 53 78.0 76.0
60 62 59.0 25.0
55 70 25.0 41.0
62 64 127.0 24.0
62 61 113.0 104.0
76 50 32.0 177.0
81 48 73.0 24.0
82 47 72.0 120.0
54 76 159.0 151.0
61 69 85.0 18.0
60 57 194.0 111.0
71 58 34.0 121.0
73 56 106.0 99.0
69 58 198.0 90.0
63 52 191.0 24.0
75 43 9.0 16.0
57 56 148.0 120.0
82 28 99.0 33.0
78 51 18.0 93.0
54 77 168.0 4.0
70 59 74.0 26.0
53 72 126.0 24.0
67 62 104.0 69.0
61 74 94.0 66.0
81 49 4.0 194.0
49 82 132.0 55.0
44 82 12.0 102.0
45 80 11.0 181.0
63 64 93.0 37.0
53 70 164.0 171.0
69 63 63.0 69.0
78 56 35.0 109.0
53 80 151.0 191.0
74 51 112.0 35.0
71 57 15.0 125.0
67 44 156.0 26.0
62 72 198.0 2.0
62 51 42.0 162.0
79 56 45.0 105.0
52 82 192.0 80.0
54 72 107.0 95.0
79 57 17.0 171.0
58 76 118.0 32.0
81 59 28.0 26.0
65 70 101.0 26.0
81 55 168.0 144.0
61 66 194.0 13.0
60 76 39.0 138.0
58 82 138.0 98.0
67 70 190.0 107.0
78 63 81.0 60.0
78 62 174.0 109.0
57 75 69.0 27.0
57 73 55.0 190.0
79 36 93.0 2.0
70 75 69.0 85.0
73 54 97.0 7.0
43 82 28.0 40.0
80 57 58.0 61.0
66 67 55.0 32.0
72 66 188.0 124.0
44 81 60.0 196.0
65 66 71.0 154.0
68 62 120.0 140.0
73 65 132.0 170.0
82 36 124.0 112.0
76 71 2.0 182.0
69 66 104.0 9.0
60 77 66.0 92.0
75 58 22.0 127.0
67 79 81.0 45.0
60 81 46.0 153.0
66 76 108.0 130.0
60 79 52.0 32.0
69 80 62.0 6.0
49 76 16.0 118.0
70 73 52.0 83.0
75 60 42.0 26.0
74 67 67.0 75.0
12 32 198.0 65.0
62 76 141.0 106.0
69 64 62.0 193.0
82 55 46.0 76.0
63 80 19.0 15.0
77 41 161.0 71.0
50 70 7.0 155.0
80 77 82.0 26.0
55 13 115.0 81.0
74 60 86.0 56.0
82 78 143.0 148.0
70 66 120.0 189.0
74 78 81.0 139.0
78 47 170.0 195.0
72 52 134.0 129.0
77 32 144.0 168.0
75 68 94.0 59.0
73 74 75.0 132.0
45 82 23.0 170.0
71 40 180.0 95.0
78 72 74.0 62.0
28 80 113.0 45.0
67 81 92.0 199.0
53 66 185.0 188.0
71 70 62.0 31.0
76 69 88.0 89.0
26 70 5.0 111.0
79 9 38.0 186.0
80 64 93.0 113.0
69 52 16.0 6.0
64 78 70.0 61.0
80 73 93.0 7.0
74 62 68.0 107.0
72 81 151.0 156.0
71 81 26.0 157.0
70 77 123.0 64.0
79 78 104.0 16.0
71 72 180.0 72.0
65 64 55.0 2.0
60 78 88.0 101.0
60 65 4.0 108.0
66 79 12.0 107.0
73 69 15.0 38.0
72 41 6.0 138.0
82 72 80.0 62.0
74 48 11.0 12.0
82 79 107.0 18.0
69 75 177.0 195.0
64 67 85.0 181.0
66 71 108.0 49.0
20 61 17.0 75.0
70 47 183.0 175.0
71 73 103.0 15.0
70 54 145.0 66.0
68 80 170.0 5.0
81 51 36.0 148.0
9 17 128.0 73.0
69 82 28.0 36.0
20 79 10.0 197.0
78 81 53.0 145.0
1 3 39.0 156.0
45 81 134.0 185.0
69 78 168.0 105.0
77 81 198.0 5.0
79 76 9.0 78.0
70 51 116.0 189.0
55 80 160.0 126.0
82 57 25.0 13.0
56 74 125.0 16.0
80 72 109.0 12.0
82 65 38.0 77.0
80 4 8.0 188.0
81 73 66.0 169.0
33 28 65.0 183.0
69 77 7.0 177.0
65 61 70.0 184.0
44 78 66.0 148.0
73 59 49.0 175.0
46 74 103.0 87.0
0
