84 3486 44 47 503469
24 35 110.0 98.0
1 83 115.0 136.0
9 69 12.0 139.0
67 3 100.0 50.0
84 70 97.0 0.0
22 51 90.0 67.0
43 7 60.0 46.0
6 79 68.0 90.0
29 69 153.0 179.0
23 12 186.0 20.0
80 48 42.0 198.0
50 69 28.0 94.0
55 35 43.0 125.0
41 21 166.0 86.0
68 5 56.0 178.0
39 61 39.0 124.0
1 44 10.0 144.0
55 77 198.0 196.0
40 68 180.0 40.0
8 35 181.0 161.0
69 47 80.0 25.0
24 80 6.0 198.0
40 10 30.0 62.0
70 7 158.0 21.0
51 66 164.0 168.0
12 5 108.0 114.0
81 47 115.0 88.0
37 62 68.0 49.0
65 31 71.0 100.0
26 20 36.0 77.0
29 40 177.0 18.0
2 72 71.0 87.0
53 1 37.0 188.0
14 7 93.0 145.0
10 7 49.0 160.0
24 74 27.0 70.0
20 63 76.0 98.0
82 48 153.0 65.0
43 36 48.0 83.0
64 75 31.0 71.0
31 36 7.0 69.0
83 3 123.0 52.0
49 62 92.0 124.0
7 31 162.0 71.0
10 31 90.0 38.0
78 4 68.0 196.0
80 68 166.0 68.0
14 4 132.0 197.0
80 11 65.0 91.0
14 53 89.0 140.0
30 49 83.0 133.0
36 34 128.0 45.0
64 81 128.0 170.0
40 79 182.0 148.0
18 1 151.0 148.0
5 7 107.0 35.0
17 31 101.0 124.0
83 73 179.0 143.0
77 49 91.0 63.0
82 73 64.0 171.0
25 35 92.0 145.0
69 38 10.0 74.0
39 16 66.0 113.0
62 57 37.0 125.0
3 30 97.0 91.0
58 63 145.0 28.0
27 40 0.0 189.0
69 61 104.0 64.0
51 30 67.0 196.0
68 36 165.0 77.0
7 19 71.0 183.0
31 57 164.0 108.0
42 32 126.0 13.0
50 11 0.0 23.0
6 9 141.0 0.0
26 9 131.0 46.0
39 19 81.0 198.0
54 12 167.0 198.0
30 54 107.0 38.0
66 12 102.0 24.0
83 34 36.0 28.0
44 8 69.0 188.0
57 5 93.0 10.0
13 69 182.0 24.0
4 48 172.0 15.0
59 18 172.0 140.0
27 23 139.0 31.0
74 64 80.0 41.0
4 5 180.0 116.0
62 25 193.0 1.0
2 12 0.0 86.0
33 51 127.0 183.0
14 23 192.0 52.0
81 29 14.0 116.0
51 4 104.0 154.0
24 8 56.0 184.0
22 17 146.0 188.0
81 19 0.0 139.0
67 10 126.0 0.0
60 16 29.0 6.0
39 7 154.0 173.0
35 42 76.0 168.0
1 35 95.0 180.0
43 25 143.0 103.0
81 17 172.0 89.0
35 41 188.0 124.0
50 30 196.0 66.0
1 73 50.0 177.0
79 23 84.0 4.0
20 78 180.0 113.0
28 66 173.0 27.0
47 56 178.0 116.0
28 58 9.0 103.0
54 44 46.0 197.0
29 16 117.0 195.0
45 9 170.0 119.0
32 5 114.0 55.0
82 5 152.0 46.0
26 27 175.0 126.0
38 7 84.0 154.0
21 58 193.0 93.0
57 67 141.0 40.0
38 8 145.0 10.0
56 6 34.0 116.0
10 12 110.0 101.0
56 76 8.0 63.0
58 74 130.0 184.0
36 7 191.0 14.0
20 24 183.0 137.0
6 10 159.0 76.0
57 59 75.0 56.0
65 29 29.0 110.0
40 76 42.0 140.0
67 20 84.0 51.0
49 68 183.0 166.0
30 34 24.0 175.0
17 1 46.0 7.0
22 69 157.0 5.0
83 58 146.0 32.0
43 83 137.0 128.0
74 41 16.0 180.0
16 48 119.0 100.0
31 55 95.0 102.0
44 74 144.0 119.0
2 55 86.0 190.0
79 52 93.0 43.0
65 69 98.0 191.0
67 60 180.0 36.0
56 21 162.0 196.0
68 73 121.0 33.0
83 25 18.0 16.0
14 44 163.0 114.0
54 49 184.0 49.0
56 2 163.0 29.0
3 7 147.0 62.0
25 75 31.0 79.0
11 40 169.0 194.0
10 3 94.0 90.0
52 71 185.0 112.0
30 39 62.0 100.0
43 66 85.0 198.0
67 84 171.0 0.0
49 19 92.0 71.0
9 71 82.0 123.0
27 6 157.0 3.0
34 14 116.0 51.0
84 56 48.0 53.0
50 54 127.0 111.0
36 26 153.0 12.0
26 22 89.0 77.0
40 77 44.0 181.0
63 1 132.0 78.0
47 75 79.0 90.0
44 46 31.0 147.0
18 54 54.0 79.0
23 7 65.0 182.0
33 3 45.0 19.0
24 13 91.0 134.0
5 20 102.0 87.0
60 6 153.0 187.0
36 82 79.0 184.0
83 5 83.0 110.0
8 10 143.0 138.0
7 12 40.0 9.0
67 1 178.0 85.0
53 24 128.0 69.0
83 9 65.0 182.0
3 11 25.0 171.0
55 48 121.0 56.0
52 31 124.0 4.0
4 19 143.0 68.0
83 70 81.0 135.0
70 53 189.0 59.0
76 53 85.0 69.0
61 84 13.0 151.0
58 79 171.0 190.0
42 71 69.0 92.0
16 3 24.0 193.0
80 6 6.0 167.0
31 28 51.0 87.0
80 39 171.0 192.0
3 5 118.0 8.0
54 60 190.0 83.0
54 39 15.0 113.0
25 7 189.0 84.0
68 2 198.0 13.0
48 49 85.0 156.0
76 20 15.0 89.0
58 14 23.0 138.0
68 71 16.0 93.0
3 6 43.0 158.0
44 28 27.0 58.0
74 35 36.0 16.0
77 70 119.0 35.0
35 80 101.0 4.0
16 38 184.0 116.0
52 67 78.0 160.0
54 2 11.0 46.0
47 1 137.0 54.0
28 2 9.0 165.0
76 2 187.0 45.0
72 57 29.0 58.0
53 52 67.0 130.0
5 16 139.0 3.0
82 12 110.0 169.0
14 72 151.0 73.0
72 41 151.0 89.0
42 47 8.0 160.0
4 54 54.0 148.0
27 75 118.0 35.0
42 15 82.0 137.0
70 21 74.0 173.0
33 60 73.0 185.0
47 3 34.0 24.0
43 34 187.0 137.0
80 70 11.0 196.0
39 41 148.0 65.0
71 82 124.0 66.0
52 68 88.0 158.0
45 4 0.0 162.0
63 84 89.0 25.0
4 2 152.0 75.0
40 13 138.0 140.0
82 25 19.0 149.0
65 60 86.0 168.0
13 23 39.0 10.0
7 65 86.0 127.0
25 66 30.0 38.0
66 72 3.0 71.0
77 75 83.0 107.0
43 20 123.0 22.0
7 6 119.0 143.0
23 40 158.0 6.0
62 61 191.0 149.0
42 21 141.0 77.0
3 28 11.0 123.0
15 84 99.0 166.0
74 66 52.0 134.0
2 57 8.0 127.0
65 55 122.0 128.0
6 2 135.0 33.0
4 11 143.0 126.0
9 12 129.0 84.0
24 61 106.0 92.0
60 47 96.0 157.0
28 36 52.0 100.0
9 21 136.0 13.0
31 50 136.0 10.0
56 64 33.0 71.0
23 74 189.0 177.0
70 14 129.0 70.0
74 67 128.0 187.0
29 45 151.0 177.0
80 46 91.0 156.0
66 26 60.0 27.0
31 59 41.0 196.0
78 72 11.0 74.0
17 48 122.0 152.0
18 35 142.0 51.0
17 51 108.0 23.0
51 21 121.0 60.0
66 53 191.0 165.0
34 33 103.0 51.0
47 20 16.0 144.0
47 51 34.0 179.0
55 25 95.0 156.0
59 68 147.0 189.0
34 1 179.0 55.0
21 44 98.0 53.0
52 3 76.0 89.0
75 17 97.0 131.0
15 1 157.0 65.0
43 45 124.0 191.0
25 73 91.0 171.0
56 73 105.0 38.0
74 18 193.0 36.0
62 2 148.0 91.0
44 13 126.0 177.0
12 4 115.0 23.0
37 21 86.0 24.0
21 69 117.0 162.0
57 42 175.0 8.0
70 27 122.0 80.0
84 30 52.0 116.0
71 72 122.0 153.0
41 71 68.0 48.0
31 8 78.0 136.0
68 57 147.0 164.0
81 59 44.0 64.0
56 1 57.0 172.0
67 61 162.0 131.0
46 76 184.0 166.0
20 44 3.0 106.0
70 79 144.0 23.0
42 44 88.0 174.0
17 52 48.0 187.0
66 69 29.0 45.0
25 14 99.0 86.0
30 46 47.0 61.0
38 28 128.0 31.0
8 7 52.0 131.0
32 71 20.0 148.0
31 64 186.0 108.0
13 6 31.0 186.0
16 76 128.0 60.0
45 39 174.0 27.0
1 29 37.0 21.0
12 1 118.0 165.0
38 77 184.0 123.0
19 32 68.0 4.0
11 61 112.0 54.0
8 62 163.0 144.0
8 1 177.0 91.0
48 59 171.0 151.0
3 21 129.0 8.0
61 2 21.0 0.0
34 56 175.0 157.0
3 2 197.0 44.0
18 19 192.0 109.0
36 10 20.0 155.0
4 16 113.0 197.0
33 49 130.0 36.0
25 21 56.0 12.0
22 53 94.0 29.0
64 3 137.0 21.0
4 74 132.0 86.0
9 37 63.0 124.0
2 1 163.0 83.0
59 49 99.0 28.0
13 61 60.0 181.0
37 38 85.0 116.0
46 2 196.0 179.0
6 1 38.0 86.0
17 6 190.0 170.0
29 64 178.0 54.0
64 78 5.0 141.0
43 39 6.0 56.0
15 75 151.0 67.0
14 6 141.0 36.0
38 45 68.0 137.0
46 56 43.0 107.0
49 66 172.0 34.0
45 69 51.0 150.0
18 65 3.0 9.0
19 50 104.0 10.0
16 7 191.0 55.0
21 57 197.0 132.0
57 18 85.0 18.0
74 14 97.0 128.0
5 18 183.0 21.0
63 5 84.0 34.0
69 28 86.0 87.0
8 15 20.0 190.0
63 67 91.0 11.0
79 16 158.0 40.0
5 17 66.0 195.0
80 72 194.0 115.0
67 41 144.0 177.0
1 84 132.0 28.0
9 8 172.0 18.0
38 54 44.0 144.0
76 13 57.0 135.0
28 24 72.0 15.0
7 55 73.0 90.0
42 6 27.0 67.0
3 13 58.0 172.0
53 61 167.0 191.0
21 6 34.0 91.0
15 56 137.0 78.0
24 42 99.0 194.0
21 18 182.0 123.0
72 15 161.0 56.0
20 52 17.0 140.0
21 33 32.0 76.0
50 44 85.0 199.0
5 71 7.0 71.0
82 26 125.0 144.0
23 8 63.0 176.0
25 8 176.0 45.0
22 6 141.0 89.0
58 6 1.0 158.0
79 35 159.0 33.0
34 41 90.0 44.0
67 65 7.0 97.0
6 78 188.0 84.0
1 69 89.0 51.0
77 13 81.0 65.0
19 31 31.0 22.0
36 66 29.0 184.0
2 13 29.0 140.0
82 54 83.0 119.0
34 57 174.0 42.0
14 5 198.0 162.0
20 10 3.0 39.0
23 61 164.0 85.0
7 72 49.0 195.0
4 6 64.0 79.0
49 12 53.0 93.0
22 1 113.0 88.0
81 15 197.0 40.0
10 75 149.0 147.0
41 75 182.0 152.0
51 14 4.0 98.0
42 82 41.0 6.0
45 78 76.0 105.0
5 55 117.0 129.0
79 26 150.0 182.0
80 3 109.0 148.0
34 80 49.0 58.0
71 23 76.0 31.0
37 22 1.0 33.0
19 16 102.0 194.0
6 12 36.0 178.0
79 32 21.0 105.0
13 33 127.0 171.0
35 12 143.0 36.0
8 39 105.0 192.0
62 64 113.0 133.0
1 75 134.0 114.0
46 1 137.0 36.0
69 19 67.0 174.0
6 20 5.0 40.0
52 28 134.0 85.0
40 74 106.0 29.0
29 83 81.0 11.0
13 9 6.0 194.0
8 17 172.0 140.0
17 70 185.0 110.0
44 45 25.0 4.0
64 69 187.0 182.0
12 44 194.0 73.0
34 55 165.0 52.0
9 40 26.0 46.0
57 33 127.0 32.0
4 18 172.0 51.0
62 50 53.0 157.0
50 38 17.0 78.0
22 5 117.0 156.0
49 42 77.0 63.0
52 41 160.0 194.0
80 73 147.0 138.0
4 7 84.0 74.0
79 55 100.0 8.0
20 3 189.0 153.0
20 56 141.0 6.0
16 23 179.0 10.0
20 18 178.0 8.0
58 67 129.0 138.0
11 1 26.0 76.0
3 84 45.0 62.0
54 16 68.0 97.0
38 35 124.0 9.0
46 60 84.0 17.0
38 76 24.0 64.0
10 53 50.0 3.0
36 42 21.0 131.0
13 7 72.0 0.0
44 43 44.0 69.0
14 39 82.0 112.0
73 47 57.0 159.0
22 73 123.0 142.0
21 7 65.0 99.0
59 27 161.0 67.0
25 36 174.0 135.0
36 40 174.0 198.0
38 57 43.0 170.0
11 83 59.0 125.0
1 81 150.0 116.0
26 39 121.0 25.0
45 65 103.0 186.0
48 78 183.0 16.0
69 32 115.0 109.0
27 28 44.0 41.0
40 56 66.0 87.0
11 5 154.0 125.0
2 74 14.0 56.0
29 66 124.0 135.0
47 14 193.0 179.0
47 25 35.0 128.0
9 1 90.0 102.0
69 17 176.0 86.0
28 46 105.0 42.0
50 72 90.0 12.0
17 33 68.0 104.0
55 56 116.0 145.0
11 10 95.0 61.0
13 58 20.0 82.0
15 61 26.0 62.0
33 77 188.0 2.0
15 5 114.0 45.0
32 54 180.0 5.0
43 78 132.0 0.0
50 78 69.0 0.0
67 46 142.0 116.0
20 1 180.0 162.0
48 33 15.0 158.0
65 2 149.0 155.0
46 22 25.0 16.0
31 66 88.0 5.0
59 2 87.0 172.0
80 65 125.0 109.0
17 4 35.0 67.0
53 67 63.0 167.0
15 11 35.0 30.0
12 63 196.0 136.0
40 69 149.0 21.0
6 83 160.0 38.0
1 55 191.0 199.0
36 49 168.0 116.0
31 20 14.0 156.0
8 12 76.0 29.0
11 2 40.0 63.0
14 3 136.0 37.0
18 6 181.0 86.0
74 77 77.0 93.0
47 62 173.0 68.0
26 33 39.0 94.0
5 9 37.0 5.0
30 19 127.0 65.0
79 69 43.0 167.0
40 45 87.0 180.0
3 17 108.0 69.0
35 19 132.0 185.0
80 74 161.0 58.0
22 49 108.0 152.0
15 9 31.0 145.0
53 11 190.0 110.0
35 31 122.0 186.0
19 3 153.0 9.0
17 67 30.0 61.0
42 55 104.0 162.0
84 77 40.0 17.0
41 83 30.0 149.0
33 35 24.0 14.0
2 21 99.0 167.0
1 14 141.0 173.0
52 8 55.0 94.0
74 21 62.0 85.0
31 32 158.0 119.0
25 33 48.0 198.0
18 7 90.0 31.0
43 14 155.0 67.0
34 63 124.0 54.0
56 17 10.0 17.0
5 8 32.0 17.0
28 75 78.0 47.0
22 63 177.0 188.0
20 4 17.0 178.0
59 70 184.0 107.0
39 71 127.0 139.0
5 50 51.0 51.0
66 57 40.0 61.0
65 83 55.0 73.0
73 13 90.0 85.0
31 22 44.0 67.0
29 70 50.0 13.0
2 7 164.0 186.0
72 30 112.0 92.0
11 12 196.0 163.0
73 6 0.0 36.0
21 1 44.0 7.0
15 7 171.0 134.0
15 6 34.0 16.0
76 18 109.0 36.0
19 15 54.0 26.0
44 39 170.0 118.0
54 6 33.0 166.0
51 75 170.0 185.0
22 2 149.0 14.0
55 41 60.0 121.0
46 50 52.0 95.0
67 28 125.0 114.0
6 16 53.0 131.0
39 2 127.0 23.0
7 46 93.0 113.0
37 7 64.0 63.0
68 66 33.0 13.0
62 67 78.0 94.0
32 6 46.0 83.0
73 10 130.0 123.0
18 2 51.0 136.0
20 60 185.0 178.0
22 8 101.0 78.0
55 58 185.0 165.0
39 35 99.0 171.0
18 10 144.0 178.0
15 50 134.0 142.0
15 30 51.0 65.0
3 15 174.0 102.0
22 3 69.0 160.0
33 39 18.0 170.0
13 48 6.0 155.0
39 27 139.0 106.0
76 57 53.0 83.0
62 31 11.0 140.0
16 74 67.0 62.0
43 33 126.0 41.0
15 4 176.0 196.0
41 7 28.0 146.0
11 43 128.0 34.0
25 37 76.0 19.0
49 71 25.0 81.0
17 66 28.0 36.0
11 27 40.0 95.0
15 49 19.0 119.0
51 24 186.0 147.0
1 26 95.0 166.0
77 29 80.0 175.0
66 55 21.0 156.0
42 7 33.0 47.0
28 68 94.0 13.0
51 13 108.0 86.0
18 82 191.0 79.0
61 80 162.0 129.0
30 44 173.0 57.0
72 82 92.0 53.0
52 23 132.0 114.0
69 46 115.0 118.0
69 24 90.0 9.0
8 16 93.0 199.0
50 59 78.0 84.0
54 62 130.0 40.0
1 23 59.0 103.0
23 50 118.0 152.0
28 7 71.0 2.0
4 8 183.0 186.0
41 73 100.0 74.0
41 78 97.0 193.0
8 74 9.0 175.0
51 60 6.0 91.0
46 72 155.0 65.0
37 2 71.0 73.0
48 9 22.0 142.0
65 53 8.0 158.0
41 69 72.0 60.0
3 9 160.0 170.0
79 30 180.0 121.0
2 9 34.0 186.0
41 57 112.0 189.0
14 84 65.0 135.0
48 42 47.0 39.0
10 74 138.0 8.0
14 13 190.0 162.0
19 41 60.0 103.0
27 49 199.0 41.0
18 36 101.0 185.0
48 19 13.0 165.0
18 17 88.0 78.0
14 22 143.0 136.0
18 8 0.0 33.0
65 24 38.0 143.0
21 59 14.0 99.0
23 17 164.0 13.0
10 5 159.0 17.0
41 60 18.0 172.0
32 23 117.0 106.0
84 39 42.0 12.0
2 8 103.0 43.0
2 26 72.0 141.0
53 29 158.0 86.0
1 36 60.0 74.0
14 81 126.0 171.0
12 48 62.0 96.0
26 15 72.0 131.0
54 24 87.0 115.0
29 23 181.0 142.0
57 65 32.0 5.0
49 65 17.0 142.0
16 78 97.0 29.0
74 33 40.0 175.0
80 20 144.0 102.0
10 14 126.0 168.0
66 76 118.0 166.0
54 17 41.0 99.0
13 11 77.0 25.0
57 17 44.0 94.0
10 64 150.0 141.0
52 9 170.0 190.0
68 77 116.0 66.0
75 23 56.0 43.0
55 74 63.0 174.0
46 42 166.0 105.0
4 21 182.0 43.0
2 14 187.0 26.0
69 44 87.0 137.0
16 1 126.0 9.0
17 16 2.0 42.0
78 18 83.0 58.0
15 13 20.0 99.0
78 77 43.0 138.0
1 5 137.0 25.0
17 7 186.0 124.0
19 11 61.0 25.0
14 12 17.0 187.0
70 18 178.0 20.0
76 27 169.0 14.0
64 50 128.0 189.0
82 4 155.0 123.0
13 12 34.0 44.0
10 1 177.0 20.0
56 10 180.0 38.0
64 18 196.0 150.0
36 59 82.0 127.0
1 4 119.0 51.0
7 62 75.0 0.0
21 32 133.0 182.0
17 68 127.0 119.0
73 17 187.0 57.0
26 44 169.0 119.0
9 16 136.0 117.0
12 15 96.0 18.0
70 10 191.0 15.0
15 10 87.0 18.0
72 34 115.0 172.0
6 19 184.0 42.0
68 60 169.0 171.0
16 12 172.0 90.0
22 4 55.0 60.0
41 31 189.0 151.0
4 26 114.0 133.0
67 4 177.0 153.0
37 10 140.0 92.0
17 72 152.0 124.0
47 12 85.0 73.0
59 12 2.0 9.0
21 5 174.0 9.0
80 54 199.0 116.0
41 14 118.0 65.0
17 35 161.0 48.0
84 41 15.0 101.0
28 71 166.0 167.0
82 13 163.0 51.0
24 58 30.0 117.0
14 8 182.0 4.0
12 3 24.0 181.0
4 23 26.0 94.0
5 47 63.0 187.0
44 33 14.0 78.0
59 67 140.0 180.0
79 21 98.0 55.0
78 70 31.0 128.0
57 81 44.0 13.0
18 75 30.0 68.0
45 23 112.0 56.0
26 68 44.0 127.0
17 19 150.0 58.0
41 24 146.0 42.0
44 71 124.0 44.0
56 69 75.0 155.0
66 78 166.0 119.0
24 44 12.0 196.0
66 14 62.0 76.0
81 33 84.0 106.0
8 13 118.0 187.0
65 46 35.0 64.0
12 17 150.0 159.0
70 19 42.0 177.0
52 61 103.0 160.0
11 6 41.0 67.0
19 44 162.0 103.0
76 79 61.0 199.0
76 67 91.0 179.0
28 81 199.0 126.0
82 46 42.0 101.0
20 36 187.0 37.0
12 34 163.0 90.0
79 78 68.0 156.0
77 72 152.0 183.0
22 7 156.0 13.0
73 62 191.0 47.0
14 54 46.0 190.0
55 81 114.0 88.0
32 66 98.0 53.0
56 36 181.0 13.0
69 10 56.0 2.0
27 3 58.0 160.0
10 16 95.0 15.0
36 51 108.0 86.0
61 74 54.0 106.0
26 47 44.0 120.0
29 34 99.0 142.0
69 77 24.0 80.0
2 63 10.0 33.0
3 18 42.0 69.0
44 41 86.0 137.0
47 61 94.0 146.0
6 8 126.0 149.0
60 70 23.0 170.0
20 9 119.0 74.0
1 43 2.0 96.0
22 38 160.0 164.0
19 8 42.0 155.0
46 77 24.0 80.0
11 18 25.0 118.0
20 40 182.0 103.0
66 42 140.0 157.0
7 32 14.0 11.0
19 9 79.0 168.0
5 42 111.0 191.0
47 67 140.0 105.0
16 2 163.0 116.0
61 3 100.0 141.0
83 81 199.0 34.0
39 65 64.0 139.0
52 63 65.0 30.0
24 7 46.0 144.0
4 10 154.0 109.0
31 51 177.0 46.0
61 31 172.0 93.0
30 2 155.0 24.0
63 16 4.0 154.0
18 14 82.0 20.0
4 64 157.0 100.0
31 5 38.0 156.0
53 74 167.0 144.0
41 20 88.0 96.0
50 70 102.0 12.0
8 34 6.0 57.0
1 19 107.0 162.0
25 3 156.0 141.0
75 42 140.0 113.0
2 17 170.0 130.0
60 55 71.0 89.0
74 11 171.0 159.0
80 32 151.0 25.0
5 23 112.0 109.0
3 68 159.0 19.0
39 62 144.0 115.0
59 45 192.0 36.0
31 11 89.0 163.0
66 81 58.0 112.0
7 44 118.0 181.0
7 20 107.0 69.0
47 31 192.0 19.0
14 48 112.0 151.0
65 59 58.0 8.0
60 34 153.0 51.0
44 3 4.0 194.0
83 67 161.0 15.0
66 33 75.0 31.0
8 20 101.0 182.0
35 3 87.0 94.0
15 2 1.0 151.0
11 9 119.0 59.0
34 39 168.0 72.0
41 15 47.0 125.0
81 41 53.0 160.0
73 4 148.0 80.0
2 24 177.0 49.0
21 8 66.0 64.0
42 53 13.0 67.0
9 55 85.0 132.0
23 3 17.0 5.0
51 39 50.0 64.0
10 13 15.0 55.0
8 3 162.0 115.0
3 73 119.0 139.0
7 11 57.0 137.0
13 81 52.0 70.0
15 17 176.0 89.0
23 43 36.0 193.0
38 23 151.0 86.0
63 50 58.0 118.0
9 42 179.0 20.0
71 77 162.0 50.0
81 21 144.0 19.0
57 58 83.0 148.0
44 82 105.0 11.0
40 14 108.0 141.0
36 80 105.0 12.0
45 71 148.0 115.0
29 4 66.0 79.0
13 75 20.0 180.0
51 72 166.0 164.0
45 37 35.0 2.0
74 78 32.0 92.0
47 74 89.0 93.0
69 82 36.0 147.0
24 43 103.0 184.0
63 57 150.0 169.0
3 74 16.0 170.0
9 10 92.0 134.0
43 29 99.0 79.0
9 24 176.0 84.0
23 6 72.0 18.0
31 30 21.0 108.0
28 74 82.0 77.0
2 35 7.0 32.0
65 32 0.0 175.0
38 42 192.0 45.0
71 29 4.0 43.0
29 3 156.0 180.0
73 7 42.0 29.0
76 62 47.0 16.0
5 6 147.0 129.0
36 14 191.0 106.0
45 62 110.0 144.0
60 22 93.0 54.0
50 14 113.0 97.0
54 34 33.0 70.0
41 68 143.0 76.0
30 1 179.0 190.0
82 68 28.0 126.0
82 22 101.0 172.0
83 57 161.0 163.0
34 70 170.0 54.0
24 5 92.0 36.0
10 71 9.0 77.0
54 58 153.0 152.0
54 40 38.0 132.0
23 72 95.0 19.0
9 84 14.0 149.0
12 53 116.0 176.0
79 75 101.0 38.0
51 27 115.0 145.0
13 43 193.0 124.0
10 22 29.0 147.0
19 10 34.0 20.0
35 68 38.0 81.0
2 31 89.0 53.0
76 22 81.0 5.0
52 36 97.0 182.0
1 24 2.0 164.0
24 6 181.0 196.0
66 40 88.0 163.0
3 40 17.0 122.0
63 29 4.0 55.0
11 77 33.0 45.0
14 31 53.0 66.0
22 45 115.0 150.0
16 68 181.0 70.0
76 35 24.0 114.0
74 62 39.0 65.0
57 64 186.0 56.0
8 57 82.0 142.0
49 28 166.0 67.0
4 13 187.0 171.0
21 10 14.0 102.0
19 5 96.0 195.0
47 54 55.0 120.0
72 58 103.0 95.0
38 48 20.0 42.0
20 25 44.0 54.0
9 35 65.0 162.0
37 78 94.0 52.0
18 12 195.0 108.0
32 1 174.0 43.0
26 5 8.0 181.0
22 29 178.0 111.0
77 34 51.0 150.0
15 34 166.0 47.0
68 30 39.0 183.0
63 9 101.0 85.0
4 63 78.0 48.0
70 28 118.0 52.0
75 71 107.0 126.0
23 2 98.0 37.0
44 81 137.0 150.0
14 17 24.0 55.0
32 76 53.0 63.0
30 4 122.0 106.0
14 15 48.0 0.0
26 34 4.0 118.0
25 6 109.0 63.0
16 50 34.0 8.0
2 10 34.0 124.0
9 17 18.0 10.0
11 22 149.0 24.0
14 11 172.0 23.0
54 13 82.0 20.0
20 11 76.0 38.0
64 35 26.0 185.0
40 82 196.0 13.0
44 34 163.0 182.0
11 23 191.0 133.0
42 2 94.0 92.0
6 26 125.0 66.0
37 55 177.0 159.0
30 23 168.0 5.0
18 9 159.0 147.0
53 45 191.0 107.0
78 30 117.0 106.0
50 17 2.0 60.0
18 42 37.0 96.0
9 23 65.0 162.0
22 19 34.0 42.0
41 64 76.0 155.0
78 11 29.0 187.0
55 59 111.0 173.0
4 72 168.0 180.0
44 22 21.0 170.0
25 5 167.0 10.0
42 50 39.0 32.0
24 27 23.0 25.0
6 81 166.0 99.0
7 83 48.0 148.0
57 14 115.0 159.0
12 19 24.0 83.0
82 78 31.0 197.0
24 16 109.0 198.0
21 71 131.0 100.0
30 5 185.0 154.0
63 46 44.0 103.0
84 12 175.0 45.0
25 17 125.0 90.0
37 6 133.0 101.0
83 79 154.0 116.0
19 13 190.0 63.0
10 23 8.0 73.0
21 49 2.0 145.0
31 3 29.0 199.0
27 8 25.0 156.0
81 84 1.0 102.0
5 72 55.0 134.0
22 68 110.0 161.0
21 11 118.0 52.0
20 83 83.0 78.0
3 81 43.0 38.0
34 18 125.0 72.0
38 30 33.0 150.0
29 73 104.0 186.0
60 42 12.0 111.0
25 57 145.0 75.0
77 32 91.0 63.0
5 27 63.0 127.0
11 17 191.0 107.0
59 8 187.0 68.0
37 40 92.0 172.0
28 64 183.0 149.0
21 45 108.0 147.0
58 59 85.0 53.0
47 50 59.0 129.0
4 25 129.0 75.0
66 15 127.0 72.0
10 26 178.0 66.0
24 4 87.0 22.0
70 4 181.0 22.0
5 13 21.0 89.0
25 72 198.0 58.0
28 6 127.0 9.0
20 37 120.0 56.0
7 45 84.0 199.0
33 42 132.0 14.0
5 73 5.0 19.0
33 2 96.0 187.0
51 37 58.0 117.0
24 32 87.0 8.0
12 20 62.0 14.0
23 83 25.0 183.0
25 13 123.0 61.0
77 8 56.0 55.0
36 75 175.0 61.0
32 17 181.0 71.0
54 65 152.0 192.0
53 81 183.0 192.0
12 22 177.0 45.0
58 41 83.0 154.0
76 44 163.0 6.0
51 2 57.0 19.0
76 45 106.0 33.0
20 15 110.0 40.0
18 81 65.0 14.0
77 23 155.0 0.0
13 22 98.0 84.0
15 55 141.0 181.0
14 65 151.0 104.0
66 48 193.0 8.0
8 82 140.0 51.0
35 4 199.0 2.0
84 26 108.0 64.0
4 53 140.0 15.0
14 21 39.0 38.0
38 33 198.0 180.0
16 18 17.0 149.0
32 2 171.0 162.0
40 35 57.0 63.0
38 67 181.0 56.0
48 69 162.0 41.0
37 29 101.0 55.0
3 24 148.0 141.0
15 18 129.0 98.0
43 80 173.0 99.0
81 10 115.0 96.0
20 17 133.0 172.0
63 13 117.0 66.0
37 8 44.0 31.0
36 39 174.0 98.0
13 20 149.0 74.0
77 61 126.0 31.0
56 83 31.0 100.0
48 41 171.0 147.0
37 60 190.0 56.0
29 27 160.0 59.0
34 28 48.0 5.0
66 52 109.0 174.0
71 73 62.0 59.0
49 3 191.0 189.0
41 70 115.0 22.0
34 2 50.0 86.0
82 7 149.0 192.0
15 21 149.0 109.0
56 51 72.0 149.0
18 24 119.0 134.0
52 78 143.0 134.0
9 29 159.0 86.0
9 58 57.0 26.0
16 14 127.0 59.0
48 1 176.0 28.0
69 63 151.0 77.0
69 52 30.0 23.0
18 13 26.0 101.0
30 7 41.0 121.0
32 4 178.0 0.0
29 2 3.0 188.0
65 48 51.0 131.0
25 2 59.0 27.0
38 26 158.0 10.0
33 11 138.0 140.0
23 15 150.0 116.0
38 71 139.0 191.0
71 53 67.0 70.0
76 39 15.0 22.0
14 9 165.0 66.0
16 20 18.0 24.0
7 29 139.0 176.0
66 73 68.0 29.0
27 1 139.0 18.0
45 51 134.0 78.0
19 33 29.0 1.0
27 4 24.0 44.0
62 55 146.0 189.0
21 62 163.0 116.0
33 10 173.0 102.0
6 29 71.0 194.0
16 21 166.0 10.0
7 34 184.0 100.0
22 34 156.0 13.0
77 6 109.0 180.0
13 17 28.0 7.0
79 61 87.0 192.0
26 83 82.0 12.0
35 51 112.0 154.0
48 61 1.0 30.0
1 33 3.0 186.0
48 20 116.0 111.0
66 64 129.0 25.0
34 6 50.0 109.0
42 78 30.0 89.0
77 7 182.0 112.0
13 59 183.0 95.0
11 25 196.0 185.0
57 16 95.0 151.0
35 59 131.0 11.0
4 33 173.0 12.0
29 8 187.0 176.0
36 70 27.0 17.0
76 54 180.0 10.0
29 78 187.0 163.0
75 45 142.0 183.0
60 44 98.0 38.0
6 33 159.0 181.0
24 15 68.0 132.0
73 53 195.0 7.0
79 49 45.0 23.0
59 14 158.0 25.0
47 46 24.0 145.0
46 37 17.0 167.0
29 5 117.0 67.0
43 49 5.0 28.0
79 9 62.0 25.0
30 8 147.0 10.0
82 50 67.0 144.0
19 63 60.0 177.0
24 75 104.0 84.0
28 48 74.0 73.0
6 31 23.0 143.0
78 40 135.0 180.0
5 62 105.0 150.0
55 53 0.0 4.0
22 15 115.0 67.0
83 78 181.0 175.0
24 64 26.0 38.0
68 8 31.0 101.0
37 53 97.0 54.0
49 31 52.0 184.0
27 9 30.0 157.0
31 18 95.0 182.0
19 14 84.0 10.0
40 46 118.0 65.0
66 60 68.0 97.0
68 11 123.0 99.0
19 59 114.0 20.0
25 10 36.0 166.0
36 24 41.0 19.0
10 28 2.0 137.0
4 28 50.0 86.0
66 84 138.0 169.0
60 19 78.0 6.0
29 10 114.0 153.0
34 4 8.0 29.0
70 64 172.0 196.0
8 28 11.0 14.0
38 24 68.0 13.0
1 39 87.0 71.0
56 61 66.0 25.0
79 72 130.0 144.0
38 82 156.0 44.0
1 25 103.0 116.0
30 82 196.0 76.0
22 9 145.0 7.0
74 54 43.0 166.0
19 21 179.0 131.0
30 69 143.0 197.0
13 46 133.0 73.0
83 22 164.0 41.0
32 27 68.0 68.0
64 13 103.0 16.0
63 68 131.0 49.0
22 18 21.0 126.0
9 82 89.0 152.0
67 27 10.0 32.0
28 14 186.0 143.0
35 65 21.0 150.0
21 12 69.0 41.0
83 82 52.0 173.0
66 35 77.0 135.0
74 15 49.0 50.0
12 36 189.0 138.0
62 43 196.0 151.0
56 27 153.0 134.0
8 58 29.0 175.0
26 11 122.0 99.0
59 61 107.0 174.0
34 5 91.0 136.0
49 40 195.0 140.0
75 19 95.0 137.0
61 37 131.0 43.0
64 79 118.0 84.0
8 56 70.0 99.0
33 75 6.0 192.0
16 13 20.0 113.0
25 15 57.0 111.0
7 27 130.0 52.0
14 82 89.0 25.0
35 14 117.0 172.0
48 6 14.0 187.0
3 36 0.0 84.0
32 3 59.0 6.0
28 9 33.0 32.0
26 48 13.0 90.0
44 55 188.0 144.0
53 30 66.0 78.0
83 15 141.0 135.0
60 7 80.0 155.0
81 77 45.0 32.0
24 14 73.0 57.0
19 82 39.0 106.0
7 1 139.0 53.0
28 13 78.0 80.0
3 55 13.0 96.0
25 80 20.0 106.0
2 19 114.0 52.0
51 69 179.0 111.0
6 35 194.0 52.0
1 37 2.0 33.0
3 37 100.0 93.0
52 18 10.0 131.0
72 48 92.0 175.0
7 33 164.0 64.0
20 21 101.0 78.0
7 26 84.0 80.0
59 53 176.0 78.0
10 32 4.0 178.0
7 35 89.0 57.0
10 65 128.0 99.0
68 51 178.0 172.0
61 57 51.0 143.0
53 62 161.0 105.0
13 21 130.0 45.0
67 72 16.0 106.0
28 1 88.0 21.0
38 3 56.0 130.0
79 22 185.0 185.0
29 42 116.0 164.0
55 68 2.0 119.0
9 4 52.0 115.0
30 6 32.0 134.0
48 81 174.0 48.0
1 62 87.0 14.0
76 77 69.0 144.0
12 25 86.0 7.0
20 14 88.0 2.0
71 50 166.0 91.0
55 71 60.0 170.0
4 31 106.0 92.0
14 27 76.0 32.0
7 80 117.0 164.0
12 24 21.0 139.0
78 27 83.0 107.0
70 82 3.0 172.0
12 30 33.0 121.0
58 5 44.0 93.0
11 28 45.0 151.0
54 56 199.0 121.0
51 10 126.0 117.0
58 77 142.0 147.0
59 28 127.0 26.0
13 30 3.0 130.0
70 52 138.0 36.0
56 82 148.0 135.0
63 7 104.0 145.0
62 51 108.0 103.0
10 30 57.0 34.0
49 10 86.0 0.0
77 67 161.0 13.0
65 36 45.0 164.0
44 38 50.0 135.0
41 1 157.0 198.0
29 28 82.0 61.0
79 1 122.0 142.0
27 13 69.0 131.0
58 80 154.0 108.0
36 2 141.0 67.0
14 60 172.0 138.0
11 16 123.0 174.0
13 29 5.0 32.0
27 10 134.0 39.0
20 2 50.0 56.0
50 25 122.0 72.0
60 45 85.0 28.0
31 12 126.0 178.0
24 26 167.0 98.0
9 33 87.0 42.0
24 11 18.0 92.0
12 72 33.0 153.0
21 17 173.0 35.0
70 44 125.0 96.0
4 41 45.0 10.0
45 61 51.0 171.0
25 9 96.0 170.0
52 50 197.0 184.0
2 27 63.0 15.0
42 1 176.0 48.0
23 80 135.0 102.0
25 16 134.0 60.0
4 40 198.0 131.0
60 40 116.0 1.0
27 15 76.0 165.0
32 9 128.0 73.0
3 26 193.0 143.0
36 6 195.0 122.0
84 73 122.0 82.0
12 27 0.0 8.0
1 38 128.0 199.0
56 25 176.0 197.0
31 1 61.0 4.0
52 30 48.0 142.0
42 22 30.0 42.0
26 21 56.0 177.0
9 53 114.0 130.0
76 51 24.0 114.0
67 34 81.0 153.0
15 63 190.0 9.0
36 8 183.0 4.0
30 9 160.0 31.0
72 10 12.0 142.0
30 81 129.0 20.0
49 47 191.0 43.0
26 14 175.0 15.0
13 26 41.0 9.0
8 32 190.0 184.0
81 37 26.0 125.0
36 4 21.0 138.0
39 4 76.0 186.0
30 71 37.0 157.0
22 20 150.0 180.0
12 40 38.0 125.0
27 16 42.0 32.0
35 10 89.0 185.0
28 5 146.0 67.0
80 67 58.0 119.0
16 34 192.0 134.0
21 72 21.0 181.0
57 22 59.0 171.0
33 5 128.0 98.0
68 19 192.0 171.0
71 61 110.0 33.0
27 65 142.0 56.0
47 28 145.0 0.0
62 23 145.0 137.0
50 7 126.0 166.0
68 58 44.0 185.0
29 14 24.0 172.0
26 12 119.0 16.0
34 9 22.0 29.0
19 74 56.0 116.0
18 41 150.0 154.0
12 28 83.0 47.0
19 78 49.0 9.0
8 11 191.0 93.0
36 5 52.0 168.0
21 22 165.0 123.0
1 45 136.0 139.0
27 60 59.0 144.0
56 19 77.0 9.0
31 21 56.0 112.0
54 15 75.0 57.0
18 44 155.0 19.0
66 24 130.0 7.0
56 60 157.0 47.0
5 38 178.0 45.0
74 63 68.0 38.0
24 21 30.0 97.0
13 31 77.0 38.0
14 30 57.0 153.0
36 33 16.0 164.0
56 29 34.0 98.0
34 11 43.0 144.0
69 18 78.0 173.0
80 44 68.0 98.0
72 45 19.0 50.0
3 46 194.0 96.0
26 18 136.0 51.0
21 23 188.0 104.0
36 23 146.0 23.0
77 44 33.0 189.0
43 3 40.0 63.0
51 6 89.0 60.0
15 28 115.0 108.0
20 34 40.0 61.0
75 57 36.0 128.0
65 81 123.0 24.0
12 33 135.0 70.0
10 17 179.0 120.0
15 16 5.0 171.0
62 32 158.0 46.0
40 5 197.0 26.0
29 48 174.0 189.0
3 42 184.0 10.0
31 56 89.0 107.0
24 17 57.0 177.0
27 19 19.0 188.0
54 20 34.0 24.0
6 38 35.0 192.0
67 43 194.0 184.0
4 37 10.0 168.0
31 16 146.0 194.0
31 38 56.0 36.0
56 70 124.0 113.0
67 6 199.0 143.0
30 11 2.0 185.0
32 75 73.0 190.0
73 75 6.0 19.0
61 40 144.0 16.0
31 15 140.0 43.0
77 64 47.0 197.0
6 40 10.0 171.0
21 27 176.0 10.0
71 40 33.0 179.0
45 3 26.0 106.0
20 19 148.0 32.0
27 17 87.0 92.0
16 30 27.0 28.0
39 6 114.0 74.0
28 50 51.0 125.0
33 28 106.0 28.0
67 36 160.0 140.0
27 18 79.0 186.0
57 71 93.0 27.0
48 57 183.0 180.0
52 33 30.0 162.0
3 4 25.0 144.0
51 54 154.0 28.0
17 30 143.0 13.0
8 33 151.0 103.0
56 50 179.0 31.0
76 19 31.0 72.0
75 62 194.0 166.0
50 53 103.0 24.0
23 19 8.0 128.0
47 2 50.0 162.0
22 24 36.0 193.0
65 77 184.0 140.0
42 4 149.0 163.0
2 40 16.0 180.0
34 47 158.0 162.0
29 19 48.0 61.0
32 12 0.0 56.0
71 7 167.0 51.0
71 1 178.0 155.0
25 22 134.0 114.0
18 30 152.0 83.0
79 48 11.0 120.0
10 55 44.0 121.0
81 32 78.0 44.0
33 37 126.0 79.0
41 9 120.0 93.0
2 43 27.0 51.0
23 20 67.0 162.0
24 23 165.0 171.0
46 32 78.0 128.0
3 34 145.0 74.0
82 27 109.0 23.0
63 47 193.0 36.0
1 40 119.0 113.0
15 77 83.0 98.0
67 45 77.0 102.0
2 44 23.0 43.0
39 5 41.0 101.0
43 4 158.0 186.0
67 54 65.0 20.0
44 5 56.0 10.0
2 60 76.0 127.0
41 3 122.0 159.0
25 18 96.0 151.0
40 8 154.0 71.0
43 46 43.0 147.0
24 25 147.0 154.0
51 79 166.0 164.0
49 1 23.0 23.0
23 22 90.0 51.0
28 17 119.0 164.0
60 28 13.0 167.0
47 8 84.0 119.0
37 11 65.0 79.0
38 12 102.0 164.0
13 32 93.0 68.0
20 28 105.0 69.0
45 2 178.0 147.0
19 26 58.0 97.0
17 29 145.0 24.0
9 60 68.0 181.0
15 53 169.0 85.0
26 16 109.0 23.0
51 73 186.0 155.0
44 65 185.0 43.0
69 76 179.0 164.0
2 38 137.0 190.0
32 14 134.0 34.0
22 64 79.0 154.0
73 40 82.0 1.0
46 9 123.0 191.0
81 71 60.0 61.0
24 19 171.0 45.0
21 29 6.0 102.0
15 32 53.0 96.0
47 23 176.0 140.0
11 35 134.0 7.0
47 57 79.0 16.0
26 23 109.0 2.0
15 69 132.0 169.0
10 24 73.0 55.0
35 5 151.0 79.0
47 72 165.0 157.0
51 78 164.0 141.0
36 13 181.0 98.0
28 19 150.0 60.0
18 60 83.0 59.0
6 44 104.0 168.0
49 60 124.0 177.0
5 46 136.0 28.0
20 30 50.0 101.0
75 63 129.0 14.0
39 11 107.0 111.0
10 41 155.0 9.0
10 39 121.0 191.0
71 80 198.0 177.0
55 39 116.0 122.0
76 31 3.0 52.0
15 29 25.0 53.0
72 44 193.0 155.0
13 37 165.0 53.0
14 75 32.0 120.0
28 23 133.0 105.0
79 28 5.0 131.0
17 26 104.0 121.0
37 18 148.0 59.0
67 29 177.0 173.0
72 37 118.0 170.0
63 60 40.0 35.0
31 9 121.0 24.0
33 18 194.0 7.0
49 67 154.0 199.0
38 11 5.0 58.0
18 67 75.0 105.0
46 6 18.0 52.0
6 41 9.0 88.0
39 49 188.0 1.0
53 46 3.0 109.0
28 57 23.0 197.0
80 57 55.0 177.0
17 34 169.0 60.0
79 2 192.0 44.0
8 43 59.0 162.0
60 12 173.0 20.0
16 35 111.0 113.0
22 28 58.0 66.0
68 45 50.0 82.0
29 18 137.0 105.0
40 83 57.0 58.0
84 48 135.0 50.0
84 33 78.0 194.0
52 1 142.0 3.0
46 81 188.0 5.0
28 18 134.0 199.0
73 70 52.0 184.0
53 2 92.0 141.0
49 2 147.0 101.0
10 42 62.0 82.0
20 29 131.0 141.0
65 9 33.0 26.0
16 33 56.0 173.0
12 81 143.0 190.0
22 43 50.0 148.0
45 5 79.0 94.0
42 76 152.0 178.0
36 15 15.0 15.0
78 5 85.0 98.0
53 13 17.0 70.0
34 19 115.0 73.0
9 56 126.0 59.0
4 38 61.0 128.0
41 11 194.0 92.0
43 5 68.0 98.0
71 70 124.0 35.0
30 47 26.0 9.0
13 34 22.0 43.0
41 26 148.0 90.0
81 22 178.0 26.0
29 51 60.0 191.0
61 28 146.0 6.0
43 6 139.0 14.0
55 63 192.0 63.0
25 26 50.0 170.0
13 35 133.0 73.0
12 39 71.0 33.0
41 49 76.0 1.0
15 45 143.0 136.0
28 32 36.0 89.0
3 39 122.0 127.0
11 42 145.0 114.0
5 65 73.0 196.0
28 16 36.0 158.0
61 76 104.0 107.0
33 15 18.0 180.0
29 12 31.0 161.0
80 47 67.0 19.0
6 72 67.0 190.0
36 11 58.0 164.0
24 29 95.0 131.0
38 15 173.0 131.0
4 47 188.0 77.0
50 1 152.0 6.0
23 76 145.0 135.0
78 84 130.0 13.0
47 6 96.0 149.0
25 19 104.0 154.0
37 16 64.0 199.0
15 60 62.0 189.0
63 40 21.0 50.0
53 57 58.0 125.0
31 23 48.0 4.0
51 3 126.0 179.0
16 32 183.0 22.0
75 49 173.0 88.0
4 50 91.0 189.0
3 71 92.0 105.0
22 30 26.0 66.0
20 35 44.0 84.0
52 2 76.0 92.0
44 9 29.0 2.0
42 8 146.0 13.0
57 26 165.0 71.0
53 69 63.0 8.0
56 67 188.0 107.0
83 38 90.0 14.0
38 52 25.0 134.0
22 27 149.0 54.0
48 5 50.0 178.0
9 38 137.0 149.0
2 50 89.0 55.0
30 60 72.0 104.0
25 28 151.0 60.0
46 16 158.0 194.0
23 81 17.0 183.0
50 3 6.0 166.0
33 14 135.0 8.0
33 50 189.0 72.0
45 6 11.0 30.0
36 16 72.0 35.0
48 7 186.0 176.0
35 21 152.0 96.0
26 28 6.0 122.0
10 45 171.0 164.0
38 13 130.0 106.0
30 25 12.0 71.0
24 31 153.0 175.0
8 83 36.0 178.0
62 35 36.0 175.0
65 64 126.0 188.0
25 27 125.0 84.0
2 41 192.0 96.0
14 56 55.0 74.0
40 15 144.0 67.0
41 8 137.0 50.0
9 7 117.0 126.0
29 26 162.0 153.0
9 43 28.0 88.0
33 54 11.0 105.0
66 82 146.0 156.0
9 59 42.0 1.0
37 5 30.0 139.0
51 46 122.0 120.0
39 13 103.0 192.0
17 37 23.0 65.0
68 74 148.0 3.0
43 41 4.0 159.0
43 12 122.0 102.0
41 16 130.0 117.0
43 10 195.0 160.0
3 48 166.0 69.0
71 34 129.0 21.0
44 83 198.0 153.0
8 46 174.0 98.0
54 7 183.0 130.0
22 65 127.0 105.0
17 36 69.0 57.0
75 35 179.0 16.0
26 30 33.0 97.0
48 27 58.0 114.0
65 68 100.0 8.0
42 14 97.0 26.0
25 31 194.0 32.0
46 4 133.0 122.0
69 20 94.0 154.0
10 83 56.0 74.0
32 18 106.0 41.0
15 37 198.0 116.0
12 42 55.0 50.0
30 24 101.0 152.0
69 33 29.0 95.0
23 18 137.0 114.0
45 8 154.0 32.0
12 41 197.0 162.0
49 5 71.0 56.0
36 69 38.0 22.0
78 49 81.0 93.0
25 32 141.0 182.0
38 39 158.0 122.0
44 53 52.0 96.0
77 73 198.0 7.0
59 74 167.0 148.0
52 4 140.0 191.0
44 10 26.0 130.0
66 20 194.0 107.0
10 47 57.0 88.0
57 51 175.0 15.0
5 51 159.0 28.0
47 9 81.0 110.0
38 17 185.0 49.0
35 77 142.0 77.0
10 84 98.0 168.0
51 1 106.0 45.0
43 74 198.0 163.0
22 35 198.0 173.0
46 11 90.0 158.0
33 41 97.0 171.0
37 12 44.0 34.0
13 42 73.0 138.0
46 10 54.0 172.0
32 38 61.0 160.0
27 61 149.0 59.0
2 48 153.0 148.0
29 11 174.0 43.0
7 47 60.0 23.0
16 83 104.0 56.0
27 30 145.0 177.0
82 58 92.0 199.0
41 5 124.0 153.0
41 17 195.0 26.0
78 39 135.0 148.0
45 17 14.0 61.0
24 50 98.0 74.0
48 8 121.0 154.0
54 3 82.0 66.0
30 21 56.0 174.0
35 45 166.0 180.0
13 55 193.0 113.0
39 15 68.0 128.0
16 40 116.0 82.0
38 20 74.0 167.0
8 50 19.0 147.0
17 40 39.0 101.0
68 20 161.0 95.0
21 36 104.0 79.0
21 38 166.0 49.0
8 49 163.0 35.0
15 35 99.0 32.0
5 52 72.0 125.0
57 1 78.0 91.0
4 44 21.0 117.0
26 31 31.0 134.0
80 51 177.0 87.0
17 42 68.0 96.0
48 40 139.0 32.0
61 73 34.0 38.0
16 64 87.0 107.0
13 41 176.0 165.0
56 3 67.0 149.0
51 61 94.0 50.0
67 35 16.0 71.0
20 32 142.0 85.0
59 42 155.0 81.0
30 28 52.0 189.0
19 36 173.0 139.0
36 30 94.0 101.0
9 49 42.0 161.0
52 84 193.0 136.0
15 43 176.0 9.0
7 49 129.0 70.0
6 52 152.0 36.0
67 71 160.0 4.0
33 23 73.0 85.0
58 36 44.0 167.0
27 77 29.0 86.0
19 37 145.0 174.0
45 13 13.0 74.0
3 77 97.0 142.0
73 64 174.0 50.0
47 11 135.0 87.0
51 77 103.0 161.0
68 9 101.0 148.0
10 48 157.0 82.0
70 25 47.0 102.0
32 26 174.0 60.0
9 39 25.0 23.0
70 6 194.0 199.0
73 55 182.0 130.0
53 7 74.0 86.0
36 35 84.0 176.0
37 79 133.0 41.0
53 6 11.0 180.0
16 44 49.0 137.0
4 61 32.0 74.0
49 4 18.0 179.0
61 82 27.0 152.0
51 8 75.0 102.0
34 10 197.0 160.0
81 70 59.0 82.0
54 72 122.0 22.0
25 34 106.0 123.0
54 5 10.0 91.0
22 36 40.0 180.0
26 35 35.0 20.0
39 18 147.0 110.0
5 79 96.0 144.0
21 84 121.0 156.0
58 1 1.0 195.0
75 16 162.0 60.0
38 10 45.0 124.0
20 39 104.0 37.0
12 45 111.0 139.0
38 18 187.0 59.0
57 40 96.0 84.0
39 37 80.0 169.0
83 74 60.0 34.0
54 1 105.0 174.0
34 35 66.0 150.0
79 4 143.0 170.0
26 46 128.0 6.0
23 54 134.0 116.0
50 13 59.0 182.0
53 5 162.0 140.0
19 38 153.0 175.0
47 13 65.0 58.0
30 29 154.0 83.0
72 26 144.0 97.0
71 17 128.0 73.0
32 22 46.0 15.0
54 70 85.0 106.0
39 21 18.0 199.0
19 40 144.0 123.0
57 30 124.0 161.0
21 34 41.0 30.0
2 73 67.0 185.0
29 25 57.0 147.0
24 79 44.0 56.0
21 47 61.0 81.0
50 10 36.0 80.0
6 50 83.0 132.0
43 16 30.0 159.0
82 55 138.0 23.0
14 45 6.0 157.0
44 17 123.0 15.0
30 32 83.0 119.0
11 48 97.0 144.0
39 77 193.0 85.0
9 66 21.0 77.0
43 57 199.0 3.0
29 32 0.0 89.0
5 56 159.0 158.0
32 11 26.0 82.0
52 7 183.0 109.0
19 43 189.0 80.0
24 34 66.0 134.0
16 84 46.0 39.0
57 7 82.0 45.0
60 1 113.0 83.0
58 46 188.0 73.0
25 23 165.0 166.0
11 45 64.0 148.0
14 37 15.0 5.0
17 46 82.0 33.0
72 29 7.0 80.0
75 78 96.0 90.0
77 18 146.0 9.0
63 43 86.0 86.0
56 4 99.0 51.0
37 36 161.0 116.0
23 39 30.0 128.0
18 66 21.0 64.0
50 37 12.0 180.0
70 3 34.0 108.0
17 39 114.0 132.0
53 79 142.0 0.0
42 16 104.0 193.0
23 46 85.0 17.0
51 11 52.0 115.0
3 59 53.0 25.0
64 15 97.0 65.0
18 43 24.0 131.0
15 44 194.0 90.0
31 29 9.0 136.0
42 27 151.0 113.0
72 43 78.0 36.0
65 17 144.0 83.0
27 34 111.0 149.0
47 35 143.0 160.0
24 37 133.0 119.0
23 78 91.0 128.0
22 33 0.0 100.0
46 12 138.0 103.0
16 47 180.0 168.0
45 19 183.0 76.0
26 37 178.0 46.0
12 79 82.0 73.0
9 36 155.0 16.0
58 2 108.0 198.0
53 8 107.0 60.0
52 10 16.0 197.0
28 62 2.0 197.0
17 43 33.0 185.0
64 48 194.0 11.0
4 59 38.0 29.0
11 49 135.0 145.0
9 51 53.0 195.0
28 73 11.0 112.0
84 34 178.0 180.0
55 4 100.0 181.0
27 35 53.0 85.0
83 37 43.0 0.0
74 50 115.0 34.0
55 8 119.0 2.0
27 31 22.0 124.0
56 7 129.0 186.0
75 59 181.0 107.0
22 41 97.0 33.0
52 51 61.0 103.0
61 1 4.0 56.0
54 10 110.0 71.0
67 2 49.0 181.0
4 57 132.0 72.0
39 22 97.0 61.0
65 34 71.0 78.0
19 42 120.0 120.0
49 14 53.0 133.0
29 33 162.0 58.0
61 22 54.0 72.0
64 6 130.0 56.0
21 40 5.0 62.0
35 29 66.0 54.0
23 37 158.0 89.0
24 39 83.0 31.0
59 6 63.0 137.0
27 64 139.0 26.0
24 33 183.0 145.0
35 28 167.0 65.0
37 27 171.0 172.0
31 34 105.0 189.0
59 1 13.0 63.0
25 67 25.0 48.0
32 78 69.0 88.0
46 18 113.0 8.0
18 45 21.0 96.0
42 20 141.0 188.0
54 9 150.0 64.0
47 18 107.0 7.0
19 46 124.0 72.0
50 12 80.0 149.0
43 75 143.0 149.0
65 1 173.0 8.0
33 53 75.0 146.0
64 1 164.0 168.0
16 66 194.0 66.0
40 24 123.0 54.0
40 25 165.0 48.0
36 27 10.0 197.0
68 23 100.0 105.0
22 40 128.0 73.0
26 45 140.0 156.0
40 26 113.0 104.0
11 44 196.0 60.0
23 42 92.0 72.0
18 40 144.0 9.0
60 5 113.0 106.0
51 15 169.0 13.0
47 19 93.0 98.0
60 3 173.0 33.0
20 45 40.0 38.0
6 71 9.0 188.0
65 41 109.0 54.0
23 34 154.0 5.0
21 28 183.0 19.0
54 11 198.0 104.0
57 6 137.0 43.0
63 3 91.0 62.0
84 57 84.0 83.0
84 64 115.0 93.0
61 72 16.0 176.0
84 2 89.0 122.0
5 61 118.0 24.0
70 69 52.0 116.0
61 6 195.0 189.0
82 28 12.0 38.0
40 70 54.0 96.0
50 66 29.0 170.0
54 71 156.0 197.0
25 42 124.0 197.0
78 62 43.0 43.0
52 11 88.0 95.0
48 37 116.0 36.0
20 55 142.0 128.0
66 1 141.0 197.0
55 72 159.0 170.0
59 7 49.0 115.0
33 30 5.0 174.0
38 25 90.0 0.0
56 11 56.0 131.0
24 84 122.0 172.0
64 2 37.0 64.0
22 70 99.0 130.0
57 77 102.0 58.0
37 30 163.0 151.0
2 70 74.0 168.0
19 57 79.0 117.0
4 58 50.0 135.0
60 4 8.0 124.0
32 33 94.0 198.0
63 73 191.0 193.0
57 9 153.0 93.0
35 23 119.0 68.0
75 34 120.0 145.0
46 71 77.0 151.0
44 23 77.0 79.0
62 4 162.0 86.0
46 14 3.0 8.0
25 39 145.0 194.0
59 72 39.0 50.0
77 36 110.0 158.0
25 41 17.0 182.0
16 45 29.0 94.0
73 59 22.0 106.0
23 53 131.0 185.0
41 28 41.0 134.0
10 58 9.0 186.0
81 74 108.0 1.0
25 44 168.0 170.0
84 82 182.0 185.0
9 50 163.0 11.0
79 46 192.0 186.0
49 16 138.0 123.0
37 34 72.0 131.0
7 61 115.0 33.0
47 22 119.0 175.0
31 79 9.0 87.0
76 1 42.0 191.0
58 3 166.0 157.0
8 54 134.0 110.0
71 18 39.0 24.0
48 15 189.0 111.0
27 41 37.0 104.0
60 8 125.0 108.0
63 32 181.0 134.0
61 8 180.0 175.0
68 1 152.0 146.0
17 47 198.0 86.0
46 21 189.0 189.0
33 27 197.0 179.0
12 55 80.0 186.0
11 55 197.0 157.0
7 58 12.0 130.0
62 34 154.0 192.0
14 52 122.0 106.0
52 15 94.0 120.0
50 18 179.0 36.0
51 19 63.0 176.0
43 21 22.0 95.0
81 49 49.0 19.0
38 29 121.0 61.0
22 48 101.0 75.0
82 79 197.0 23.0
3 53 191.0 91.0
24 46 72.0 170.0
67 11 49.0 88.0
33 80 20.0 71.0
45 31 140.0 21.0
53 17 104.0 61.0
81 78 137.0 5.0
31 33 6.0 134.0
45 24 35.0 197.0
31 37 104.0 59.0
58 12 29.0 153.0
8 73 127.0 1.0
19 55 163.0 67.0
25 77 49.0 67.0
70 33 144.0 186.0
42 58 82.0 102.0
62 6 60.0 69.0
67 42 35.0 164.0
9 62 15.0 16.0
29 39 16.0 142.0
84 46 152.0 131.0
39 31 11.0 153.0
63 56 180.0 108.0
29 75 167.0 14.0
26 42 80.0 28.0
6 55 97.0 68.0
57 12 11.0 65.0
35 30 101.0 27.0
74 39 11.0 53.0
35 32 35.0 174.0
13 52 14.0 167.0
30 62 59.0 134.0
56 12 86.0 139.0
36 32 120.0 184.0
37 70 154.0 132.0
53 60 129.0 55.0
52 16 82.0 92.0
11 59 21.0 69.0
37 32 50.0 188.0
43 27 91.0 109.0
81 26 190.0 178.0
21 48 108.0 63.0
32 56 75.0 62.0
71 51 80.0 5.0
41 23 150.0 115.0
56 13 170.0 172.0
46 61 143.0 20.0
55 14 118.0 34.0
60 61 195.0 60.0
23 84 145.0 104.0
26 43 129.0 173.0
49 20 167.0 161.0
60 69 96.0 70.0
30 40 34.0 66.0
42 28 140.0 129.0
11 57 155.0 58.0
17 83 62.0 151.0
24 47 64.0 8.0
32 39 114.0 145.0
56 80 90.0 33.0
64 68 148.0 186.0
47 15 155.0 134.0
80 8 67.0 95.0
41 29 163.0 175.0
40 28 122.0 25.0
62 18 10.0 138.0
11 58 181.0 76.0
62 10 30.0 24.0
41 30 63.0 131.0
2 69 162.0 170.0
61 10 116.0 29.0
32 61 51.0 31.0
13 57 119.0 173.0
11 60 16.0 82.0
19 52 91.0 198.0
9 61 34.0 121.0
49 61 151.0 49.0
23 60 7.0 113.0
54 68 161.0 75.0
44 75 86.0 12.0
75 39 12.0 5.0
47 68 198.0 29.0
4 66 170.0 89.0
28 43 185.0 156.0
63 8 141.0 137.0
20 33 166.0 100.0
46 20 149.0 127.0
18 49 99.0 35.0
30 42 80.0 112.0
15 46 134.0 78.0
45 28 121.0 56.0
67 5 0.0 58.0
29 44 51.0 93.0
60 13 47.0 18.0
73 50 105.0 196.0
16 56 19.0 5.0
46 25 8.0 51.0
19 66 130.0 94.0
51 20 82.0 3.0
28 54 190.0 34.0
28 39 111.0 41.0
58 52 98.0 158.0
50 21 98.0 3.0
83 13 114.0 70.0
74 46 87.0 122.0
16 55 3.0 169.0
6 66 186.0 37.0
66 2 195.0 128.0
23 48 81.0 106.0
82 49 42.0 179.0
64 12 62.0 93.0
24 76 173.0 176.0
77 4 191.0 12.0
3 66 90.0 195.0
27 57 92.0 29.0
38 27 160.0 87.0
80 50 13.0 42.0
48 25 133.0 55.0
77 41 4.0 195.0
32 45 52.0 129.0
26 8 194.0 43.0
30 43 134.0 37.0
3 69 31.0 26.0
48 18 55.0 144.0
72 19 173.0 20.0
40 84 20.0 59.0
21 52 191.0 24.0
25 49 153.0 195.0
75 84 26.0 100.0
65 8 156.0 160.0
68 67 178.0 188.0
57 3 16.0 185.0
53 20 133.0 141.0
78 21 161.0 153.0
16 51 185.0 104.0
7 64 33.0 91.0
60 36 176.0 11.0
27 44 35.0 133.0
10 59 66.0 165.0
70 72 179.0 34.0
65 56 93.0 112.0
77 47 183.0 54.0
32 40 134.0 120.0
76 36 6.0 167.0
67 7 186.0 182.0
58 40 162.0 173.0
10 57 49.0 180.0
57 15 150.0 180.0
4 69 70.0 44.0
16 22 10.0 5.0
55 17 124.0 144.0
69 5 147.0 82.0
32 43 46.0 86.0
73 60 177.0 161.0
39 42 192.0 26.0
13 49 2.0 95.0
38 36 115.0 24.0
11 64 55.0 77.0
43 71 99.0 131.0
50 20 183.0 47.0
64 46 115.0 181.0
31 43 95.0 92.0
38 34 96.0 39.0
49 23 34.0 50.0
65 11 71.0 101.0
24 48 113.0 126.0
64 5 142.0 13.0
84 45 54.0 125.0
10 63 41.0 170.0
58 16 37.0 88.0
1 70 19.0 85.0
59 80 192.0 53.0
52 22 16.0 63.0
36 29 189.0 81.0
55 27 22.0 83.0
68 6 155.0 28.0
24 59 20.0 149.0
51 12 154.0 9.0
23 51 180.0 174.0
31 44 142.0 172.0
49 24 123.0 110.0
5 66 126.0 64.0
31 69 48.0 100.0
4 68 127.0 4.0
65 6 196.0 147.0
55 57 60.0 151.0
45 27 135.0 192.0
69 49 142.0 77.0
66 10 79.0 17.0
22 50 73.0 157.0
51 26 138.0 121.0
52 42 18.0 18.0
37 28 125.0 167.0
40 33 180.0 137.0
68 50 3.0 116.0
42 31 148.0 98.0
53 16 120.0 27.0
38 81 179.0 193.0
79 59 133.0 70.0
9 64 78.0 104.0
11 63 31.0 155.0
12 61 88.0 12.0
54 45 66.0 91.0
62 14 110.0 166.0
2 71 54.0 182.0
55 64 28.0 34.0
79 13 90.0 162.0
13 62 149.0 120.0
58 15 30.0 181.0
77 22 94.0 70.0
66 30 146.0 112.0
65 4 8.0 9.0
11 66 58.0 14.0
56 33 113.0 87.0
19 54 0.0 155.0
62 11 60.0 150.0
72 40 128.0 42.0
69 7 197.0 174.0
66 47 176.0 95.0
58 17 46.0 136.0
49 84 15.0 104.0
27 46 112.0 128.0
73 32 163.0 112.0
71 15 70.0 175.0
54 26 21.0 150.0
62 17 155.0 170.0
12 62 136.0 83.0
19 61 66.0 134.0
55 22 130.0 81.0
44 32 78.0 42.0
59 17 59.0 194.0
14 78 67.0 81.0
60 84 20.0 88.0
56 72 173.0 175.0
32 41 47.0 109.0
75 2 58.0 66.0
51 32 168.0 188.0
34 40 57.0 198.0
20 27 107.0 68.0
39 58 5.0 126.0
57 44 39.0 25.0
54 21 55.0 13.0
52 24 99.0 54.0
51 25 104.0 109.0
49 58 129.0 24.0
5 70 122.0 138.0
52 25 185.0 30.0
65 13 89.0 142.0
28 76 53.0 128.0
47 29 140.0 60.0
7 68 86.0 191.0
4 71 7.0 142.0
29 46 86.0 136.0
35 37 11.0 9.0
58 20 190.0 148.0
42 34 175.0 31.0
55 18 138.0 28.0
61 14 173.0 79.0
10 68 143.0 11.0
41 36 177.0 151.0
66 13 164.0 63.0
61 16 100.0 127.0
32 53 163.0 43.0
54 25 32.0 90.0
19 67 144.0 171.0
76 55 67.0 69.0
69 14 147.0 163.0
63 14 10.0 76.0
40 31 172.0 126.0
2 5 28.0 72.0
62 15 152.0 143.0
52 12 80.0 184.0
61 18 167.0 24.0
31 46 182.0 186.0
20 82 113.0 81.0
71 8 169.0 75.0
59 15 166.0 141.0
69 6 40.0 146.0
27 47 175.0 192.0
1 74 82.0 55.0
62 16 194.0 49.0
42 37 53.0 176.0
2 77 152.0 118.0
21 55 121.0 73.0
84 19 58.0 88.0
59 20 165.0 99.0
50 27 102.0 140.0
52 27 105.0 184.0
72 3 105.0 99.0
19 53 110.0 158.0
9 70 108.0 14.0
53 25 74.0 29.0
34 32 90.0 133.0
38 40 132.0 55.0
60 17 96.0 34.0
58 22 74.0 1.0
25 45 81.0 180.0
8 69 67.0 143.0
20 79 94.0 127.0
22 54 156.0 121.0
75 3 82.0 47.0
43 79 113.0 166.0
51 74 49.0 9.0
56 22 32.0 123.0
28 51 197.0 66.0
74 6 169.0 65.0
72 73 69.0 64.0
55 23 32.0 26.0
12 74 29.0 66.0
65 12 81.0 142.0
18 58 62.0 130.0
79 47 185.0 46.0
50 61 111.0 182.0
55 84 193.0 81.0
44 36 197.0 15.0
41 37 177.0 181.0
79 29 97.0 6.0
45 33 19.0 131.0
77 66 175.0 81.0
77 1 33.0 112.0
59 5 114.0 96.0
52 26 142.0 59.0
45 34 12.0 139.0
70 8 37.0 189.0
58 48 154.0 135.0
70 11 156.0 125.0
60 75 51.0 131.0
30 45 29.0 36.0
17 61 88.0 95.0
39 48 40.0 30.0
66 8 1.0 5.0
67 13 115.0 38.0
18 53 142.0 21.0
84 11 175.0 98.0
78 1 142.0 178.0
68 12 19.0 171.0
38 41 64.0 107.0
79 74 107.0 57.0
65 15 157.0 108.0
57 20 150.0 25.0
77 83 168.0 44.0
10 80 49.0 95.0
50 26 6.0 143.0
24 56 41.0 26.0
72 8 12.0 58.0
20 64 138.0 119.0
33 47 89.0 95.0
31 48 103.0 192.0
12 73 112.0 23.0
23 56 160.0 113.0
78 2 134.0 167.0
65 50 162.0 128.0
50 29 109.0 174.0
27 53 86.0 47.0
3 78 56.0 127.0
21 53 134.0 112.0
67 12 143.0 198.0
72 9 149.0 56.0
35 46 149.0 84.0
32 47 54.0 111.0
37 44 107.0 164.0
47 48 12.0 145.0
39 81 26.0 20.0
25 61 108.0 112.0
53 36 26.0 51.0
44 68 152.0 175.0
35 44 154.0 101.0
34 46 77.0 9.0
62 19 187.0 136.0
65 66 99.0 151.0
63 77 154.0 77.0
18 56 76.0 62.0
14 64 83.0 54.0
58 43 7.0 35.0
68 13 121.0 114.0
23 57 53.0 150.0
45 80 40.0 193.0
55 26 26.0 91.0
72 1 125.0 180.0
3 79 66.0 153.0
65 61 33.0 150.0
43 38 135.0 40.0
40 41 78.0 8.0
66 56 181.0 84.0
51 82 166.0 174.0
37 43 90.0 193.0
1 80 96.0 15.0
76 4 28.0 162.0
73 37 70.0 13.0
32 49 28.0 6.0
11 69 141.0 106.0
58 19 171.0 75.0
56 26 41.0 90.0
46 33 52.0 131.0
49 29 80.0 148.0
10 60 147.0 60.0
44 66 129.0 17.0
62 22 191.0 109.0
39 40 67.0 84.0
5 76 178.0 191.0
74 7 179.0 171.0
65 47 76.0 31.0
49 37 170.0 109.0
84 54 74.0 69.0
76 72 26.0 156.0
48 34 156.0 17.0
35 43 144.0 24.0
80 2 125.0 74.0
1 82 164.0 56.0
44 49 155.0 40.0
20 61 71.0 77.0
48 32 18.0 97.0
31 58 0.0 44.0
28 53 8.0 157.0
49 34 31.0 104.0
45 83 148.0 109.0
75 6 178.0 112.0
76 6 81.0 85.0
16 65 29.0 152.0
16 59 0.0 199.0
64 60 182.0 0.0
68 15 26.0 191.0
23 64 94.0 58.0
3 76 153.0 42.0
23 59 194.0 84.0
64 42 169.0 75.0
29 52 98.0 198.0
43 70 141.0 98.0
62 20 104.0 124.0
5 84 107.0 130.0
63 61 140.0 153.0
8 75 96.0 94.0
74 9 17.0 42.0
75 4 88.0 186.0
63 18 183.0 186.0
69 12 181.0 125.0
57 74 152.0 85.0
73 69 182.0 59.0
45 50 120.0 123.0
82 6 167.0 168.0
56 75 102.0 137.0
56 48 129.0 190.0
14 67 49.0 112.0
55 38 6.0 183.0
36 48 162.0 158.0
55 28 49.0 145.0
61 21 48.0 169.0
22 78 40.0 167.0
7 66 82.0 142.0
71 11 144.0 163.0
70 15 180.0 193.0
56 28 112.0 186.0
13 70 185.0 74.0
24 57 153.0 34.0
44 40 180.0 1.0
80 5 47.0 20.0
43 40 157.0 82.0
64 21 110.0 101.0
49 17 91.0 90.0
8 67 172.0 3.0
71 12 191.0 158.0
2 82 40.0 144.0
81 4 48.0 21.0
63 21 44.0 48.0
35 48 52.0 2.0
21 60 1.0 162.0
17 63 126.0 44.0
41 42 5.0 98.0
27 54 29.0 148.0
32 50 109.0 70.0
59 25 161.0 109.0
73 46 193.0 158.0
16 73 119.0 45.0
84 17 70.0 120.0
11 73 149.0 196.0
14 68 191.0 106.0
68 27 112.0 21.0
45 36 41.0 21.0
75 5 122.0 2.0
54 31 31.0 67.0
61 30 192.0 150.0
46 55 93.0 62.0
83 75 101.0 42.0
13 71 15.0 45.0
80 4 53.0 79.0
26 73 99.0 94.0
52 32 127.0 173.0
53 31 33.0 158.0
9 67 83.0 25.0
83 2 22.0 176.0
27 58 58.0 75.0
48 53 122.0 73.0
55 29 199.0 175.0
47 38 140.0 98.0
6 63 78.0 67.0
9 76 19.0 64.0
26 59 26.0 54.0
35 49 130.0 0.0
30 65 169.0 188.0
7 76 135.0 91.0
8 76 124.0 134.0
72 22 156.0 17.0
65 20 122.0 187.0
58 26 157.0 93.0
81 72 173.0 136.0
16 69 27.0 56.0
81 2 9.0 196.0
55 30 129.0 96.0
78 35 96.0 6.0
19 65 24.0 4.0
12 76 178.0 146.0
60 24 39.0 87.0
63 23 116.0 164.0
24 62 124.0 95.0
52 34 179.0 85.0
77 9 91.0 61.0
15 67 131.0 187.0
25 60 157.0 156.0
5 77 33.0 135.0
8 64 184.0 24.0
75 50 110.0 100.0
75 7 130.0 35.0
63 41 72.0 62.0
13 72 18.0 163.0
14 73 88.0 149.0
58 25 37.0 45.0
70 12 110.0 22.0
46 38 58.0 46.0
79 8 149.0 169.0
50 35 37.0 80.0
81 75 130.0 109.0
81 5 111.0 148.0
64 43 125.0 199.0
43 42 123.0 114.0
45 41 189.0 185.0
64 19 172.0 0.0
75 12 129.0 73.0
18 68 153.0 166.0
30 48 64.0 84.0
35 52 180.0 127.0
61 26 46.0 58.0
46 36 108.0 121.0
47 37 45.0 50.0
57 29 174.0 169.0
51 18 48.0 55.0
16 67 148.0 1.0
29 59 151.0 164.0
35 73 8.0 83.0
55 54 197.0 6.0
79 7 175.0 106.0
67 22 78.0 21.0
71 14 129.0 4.0
74 13 86.0 177.0
42 79 83.0 34.0
42 45 142.0 34.0
78 10 13.0 150.0
55 32 125.0 162.0
11 75 176.0 101.0
79 10 86.0 54.0
41 79 2.0 167.0
11 72 55.0 40.0
16 70 147.0 138.0
50 34 67.0 89.0
39 46 6.0 32.0
7 78 89.0 84.0
53 34 95.0 65.0
22 66 75.0 134.0
84 4 55.0 29.0
54 35 129.0 62.0
58 29 72.0 76.0
64 17 24.0 91.0
10 77 161.0 31.0
50 48 140.0 2.0
79 11 63.0 36.0
63 25 77.0 90.0
4 83 125.0 132.0
50 39 189.0 54.0
43 47 176.0 61.0
73 15 108.0 0.0
47 41 152.0 69.0
52 37 54.0 93.0
11 76 135.0 69.0
51 38 178.0 12.0
36 47 173.0 104.0
71 63 140.0 162.0
16 72 40.0 68.0
53 35 58.0 148.0
32 58 159.0 163.0
60 26 188.0 13.0
65 3 92.0 75.0
34 51 75.0 22.0
20 70 129.0 48.0
82 24 30.0 22.0
21 67 18.0 22.0
68 84 20.0 28.0
7 81 37.0 179.0
14 77 136.0 26.0
19 71 174.0 28.0
38 68 28.0 49.0
5 74 118.0 158.0
42 65 151.0 100.0
67 40 38.0 121.0
9 81 90.0 58.0
67 24 189.0 128.0
65 25 65.0 77.0
63 24 148.0 39.0
81 8 190.0 129.0
80 9 56.0 61.0
25 64 193.0 159.0
55 33 34.0 31.0
58 30 124.0 125.0
60 29 68.0 65.0
40 80 166.0 133.0
78 12 62.0 67.0
29 62 160.0 52.0
56 62 6.0 168.0
18 73 15.0 199.0
81 11 96.0 50.0
44 47 159.0 20.0
61 75 139.0 27.0
26 64 134.0 57.0
38 53 154.0 196.0
71 20 107.0 66.0
24 55 45.0 113.0
60 31 28.0 60.0
26 63 176.0 124.0
71 16 17.0 135.0
54 37 115.0 108.0
32 57 15.0 1.0
47 40 115.0 121.0
76 10 16.0 174.0
76 15 137.0 61.0
40 42 105.0 165.0
3 82 125.0 81.0
17 74 72.0 95.0
21 65 110.0 140.0
78 46 12.0 77.0
9 75 41.0 127.0
23 67 112.0 57.0
47 39 198.0 49.0
57 35 31.0 103.0
55 36 98.0 109.0
41 46 189.0 123.0
56 35 81.0 99.0
50 41 47.0 93.0
77 16 16.0 40.0
34 66 71.0 128.0
59 30 15.0 69.0
56 30 9.0 198.0
69 23 120.0 59.0
59 34 175.0 109.0
13 80 154.0 56.0
74 34 168.0 1.0
62 71 2.0 136.0
23 66 11.0 73.0
56 37 146.0 178.0
33 58 34.0 107.0
45 47 99.0 154.0
26 62 98.0 74.0
72 20 66.0 52.0
73 19 8.0 186.0
52 40 91.0 11.0
79 73 35.0 54.0
34 58 151.0 133.0
74 69 45.0 185.0
36 54 12.0 96.0
46 45 131.0 110.0
67 26 37.0 197.0
80 12 73.0 197.0
58 81 147.0 116.0
39 53 176.0 183.0
84 37 116.0 80.0
62 66 172.0 113.0
82 10 64.0 184.0
68 24 186.0 147.0
63 30 186.0 175.0
61 33 90.0 59.0
31 63 130.0 37.0
52 39 54.0 59.0
48 44 102.0 123.0
83 12 17.0 74.0
78 9 131.0 33.0
41 62 170.0 70.0
65 28 110.0 108.0
15 79 8.0 152.0
73 43 147.0 90.0
75 82 155.0 153.0
27 63 101.0 57.0
14 79 63.0 70.0
70 23 102.0 195.0
80 14 19.0 24.0
76 17 89.0 81.0
32 60 100.0 97.0
66 27 138.0 47.0
51 42 33.0 94.0
82 52 94.0 86.0
80 78 32.0 158.0
51 41 154.0 134.0
28 63 88.0 173.0
84 51 47.0 129.0
53 41 64.0 100.0
59 60 7.0 3.0
11 82 130.0 40.0
12 77 139.0 176.0
24 71 1.0 172.0
70 24 17.0 155.0
35 58 164.0 58.0
23 65 175.0 163.0
40 51 132.0 39.0
38 56 63.0 139.0
33 59 44.0 145.0
83 71 46.0 135.0
61 29 104.0 199.0
57 36 39.0 121.0
61 34 73.0 155.0
50 43 85.0 48.0
48 45 97.0 169.0
58 37 125.0 112.0
60 35 2.0 169.0
15 78 92.0 48.0
73 20 186.0 148.0
79 19 93.0 177.0
82 33 72.0 118.0
63 33 137.0 109.0
46 49 87.0 186.0
67 30 130.0 13.0
38 58 40.0 84.0
50 40 60.0 133.0
7 51 191.0 46.0
68 61 57.0 36.0
43 53 111.0 81.0
46 48 77.0 0.0
78 17 64.0 165.0
8 84 193.0 146.0
65 26 56.0 34.0
19 77 199.0 116.0
45 49 56.0 142.0
56 39 199.0 65.0
45 63 156.0 62.0
25 68 119.0 185.0
72 24 86.0 135.0
57 39 145.0 32.0
3 62 129.0 153.0
41 56 137.0 80.0
52 75 74.0 145.0
53 51 140.0 25.0
70 48 158.0 48.0
33 62 152.0 77.0
14 83 17.0 190.0
70 63 60.0 162.0
71 25 25.0 142.0
35 63 71.0 115.0
13 84 53.0 97.0
52 44 140.0 146.0
69 27 112.0 98.0
73 49 165.0 16.0
81 76 90.0 182.0
61 35 22.0 102.0
55 40 147.0 199.0
42 54 120.0 170.0
46 52 158.0 125.0
21 73 104.0 50.0
71 26 46.0 169.0
50 36 73.0 11.0
77 30 30.0 163.0
66 21 100.0 4.0
63 64 33.0 199.0
59 39 5.0 105.0
75 22 84.0 163.0
36 63 24.0 141.0
79 17 46.0 70.0
22 74 96.0 119.0
56 42 117.0 126.0
22 71 113.0 169.0
30 74 59.0 146.0
73 23 81.0 64.0
80 18 144.0 165.0
69 39 114.0 168.0
21 83 168.0 160.0
17 77 4.0 16.0
59 41 164.0 121.0
80 17 61.0 78.0
57 37 102.0 121.0
15 82 70.0 183.0
32 64 13.0 14.0
40 7 128.0 127.0
30 64 101.0 48.0
36 61 87.0 105.0
68 32 134.0 4.0
71 27 32.0 195.0
75 65 94.0 134.0
21 76 123.0 164.0
80 15 130.0 88.0
21 77 141.0 10.0
76 71 182.0 42.0
60 38 184.0 69.0
38 78 145.0 70.0
40 53 70.0 177.0
68 21 92.0 164.0
35 70 105.0 167.0
60 39 28.0 187.0
18 79 87.0 169.0
80 19 83.0 69.0
59 56 35.0 19.0
72 18 24.0 132.0
38 62 194.0 94.0
83 18 12.0 87.0
32 67 55.0 69.0
44 56 190.0 35.0
63 37 63.0 78.0
65 33 29.0 98.0
44 51 155.0 16.0
68 31 19.0 179.0
61 38 40.0 14.0
70 26 31.0 52.0
60 62 26.0 86.0
41 54 136.0 16.0
43 56 196.0 151.0
73 27 88.0 25.0
70 31 182.0 43.0
59 40 56.0 2.0
69 26 139.0 96.0
64 36 184.0 170.0
47 52 56.0 10.0
55 45 158.0 145.0
50 81 75.0 106.0
67 31 73.0 164.0
55 43 121.0 55.0
7 84 85.0 177.0
82 31 54.0 24.0
17 82 53.0 39.0
51 49 35.0 62.0
48 52 158.0 145.0
74 20 161.0 185.0
68 29 162.0 34.0
38 79 43.0 84.0
81 20 133.0 80.0
80 21 118.0 187.0
59 43 158.0 124.0
47 53 160.0 193.0
62 84 56.0 70.0
71 65 181.0 170.0
78 73 66.0 95.0
49 52 2.0 61.0
30 70 136.0 87.0
76 25 2.0 7.0
46 54 137.0 160.0
42 63 70.0 97.0
62 81 43.0 78.0
77 26 133.0 24.0
72 28 51.0 0.0
34 68 196.0 5.0
64 34 154.0 133.0
45 56 76.0 109.0
44 58 44.0 165.0
26 74 76.0 114.0
84 18 110.0 120.0
37 64 46.0 44.0
32 70 68.0 49.0
51 48 165.0 16.0
32 59 170.0 119.0
58 65 16.0 198.0
51 50 81.0 12.0
22 80 112.0 110.0
37 66 16.0 23.0
75 26 47.0 62.0
84 44 72.0 67.0
78 24 18.0 37.0
26 76 130.0 188.0
63 39 43.0 99.0
27 72 80.0 77.0
71 33 165.0 193.0
40 62 151.0 133.0
59 44 98.0 150.0
64 39 129.0 170.0
37 65 38.0 99.0
27 74 158.0 120.0
50 49 129.0 154.0
43 52 177.0 9.0
67 37 43.0 142.0
71 31 5.0 194.0
57 45 32.0 55.0
54 48 15.0 113.0
34 69 7.0 5.0
82 21 78.0 117.0
53 49 132.0 159.0
58 45 24.0 109.0
49 56 46.0 67.0
20 77 4.0 3.0
45 52 73.0 37.0
68 33 127.0 41.0
73 24 15.0 86.0
65 52 174.0 45.0
40 65 129.0 106.0
38 63 153.0 106.0
31 74 2.0 151.0
78 25 146.0 6.0
75 72 155.0 172.0
54 43 13.0 34.0
80 41 88.0 180.0
23 58 150.0 14.0
43 60 60.0 32.0
59 37 12.0 166.0
25 79 51.0 14.0
69 57 190.0 149.0
16 81 18.0 97.0
29 74 98.0 31.0
27 79 127.0 138.0
14 76 123.0 29.0
41 61 17.0 135.0
32 72 15.0 29.0
29 76 195.0 66.0
82 23 39.0 138.0
26 78 23.0 57.0
47 59 122.0 73.0
69 35 144.0 1.0
57 46 44.0 19.0
75 30 196.0 61.0
59 46 131.0 11.0
43 48 156.0 78.0
82 16 181.0 196.0
49 55 75.0 5.0
67 75 1.0 149.0
64 38 61.0 145.0
28 78 26.0 105.0
72 36 31.0 22.0
61 43 197.0 114.0
50 55 107.0 154.0
71 35 117.0 88.0
67 39 153.0 192.0
74 32 70.0 107.0
37 68 26.0 131.0
70 38 144.0 5.0
66 38 116.0 175.0
64 40 27.0 65.0
64 33 194.0 134.0
58 50 181.0 111.0
76 30 96.0 134.0
52 54 193.0 166.0
81 27 119.0 20.0
84 6 98.0 63.0
81 24 169.0 14.0
26 80 64.0 149.0
73 34 125.0 59.0
75 20 79.0 106.0
84 22 127.0 175.0
51 58 184.0 120.0
58 47 87.0 55.0
46 75 26.0 185.0
60 48 139.0 147.0
56 53 187.0 155.0
55 52 190.0 112.0
58 71 19.0 69.0
78 8 101.0 98.0
24 83 187.0 37.0
19 83 84.0 74.0
57 49 22.0 110.0
25 84 147.0 113.0
35 72 38.0 135.0
59 52 76.0 181.0
43 65 85.0 95.0
65 38 90.0 186.0
72 68 130.0 77.0
62 42 181.0 15.0
79 33 78.0 3.0
48 62 146.0 26.0
71 36 123.0 184.0
64 45 82.0 151.0
31 75 167.0 167.0
52 57 59.0 10.0
27 83 99.0 189.0
68 39 58.0 32.0
16 80 73.0 88.0
73 36 144.0 19.0
33 78 92.0 19.0
76 33 193.0 174.0
37 71 65.0 113.0
80 30 32.0 124.0
73 38 57.0 83.0
63 44 160.0 67.0
52 60 63.0 33.0
44 64 154.0 159.0
38 72 186.0 46.0
77 31 23.0 132.0
29 80 170.0 88.0
50 60 34.0 2.0
78 54 155.0 44.0
39 70 113.0 115.0
73 30 146.0 176.0
38 75 171.0 100.0
28 77 119.0 109.0
73 33 89.0 94.0
82 29 158.0 59.0
59 82 31.0 145.0
38 74 108.0 187.0
51 59 24.0 173.0
66 45 61.0 170.0
46 66 53.0 32.0
36 74 190.0 124.0
74 37 174.0 79.0
42 61 2.0 84.0
76 34 106.0 34.0
27 84 175.0 14.0
64 49 31.0 151.0
65 78 76.0 44.0
68 42 15.0 81.0
70 42 10.0 5.0
31 72 81.0 184.0
84 29 31.0 83.0
20 84 173.0 137.0
44 62 70.0 100.0
63 48 130.0 53.0
37 76 19.0 158.0
44 61 1.0 34.0
80 27 174.0 12.0
72 39 156.0 55.0
83 32 172.0 187.0
77 24 154.0 97.0
46 62 69.0 176.0
68 43 124.0 151.0
59 54 157.0 143.0
68 46 98.0 111.0
58 53 149.0 24.0
64 47 193.0 105.0
69 37 33.0 117.0
78 31 147.0 140.0
27 62 115.0 16.0
34 78 177.0 191.0
33 83 80.0 134.0
83 31 135.0 130.0
58 56 144.0 84.0
83 30 107.0 89.0
37 75 49.0 92.0
34 82 191.0 196.0
70 46 199.0 106.0
34 81 15.0 176.0
48 75 150.0 48.0
75 40 132.0 85.0
64 52 22.0 76.0
63 51 193.0 81.0
81 35 151.0 194.0
39 73 59.0 142.0
41 66 95.0 58.0
38 59 184.0 62.0
81 36 109.0 134.0
32 84 78.0 41.0
82 35 101.0 52.0
48 67 15.0 46.0
61 66 18.0 118.0
25 74 43.0 78.0
50 57 167.0 138.0
64 51 172.0 151.0
72 63 56.0 33.0
84 31 104.0 134.0
80 38 84.0 157.0
9 73 85.0 51.0
48 68 29.0 103.0
63 49 100.0 24.0
47 55 97.0 67.0
56 57 131.0 21.0
73 45 170.0 188.0
73 44 177.0 74.0
51 70 86.0 13.0
82 37 33.0 171.0
42 72 72.0 14.0
70 49 86.0 172.0
48 71 21.0 135.0
32 82 170.0 105.0
36 79 147.0 140.0
71 47 133.0 76.0
63 53 139.0 19.0
48 74 194.0 124.0
62 52 34.0 66.0
61 55 82.0 73.0
25 81 39.0 55.0
47 70 183.0 9.0
40 81 125.0 130.0
31 80 171.0 58.0
74 42 56.0 62.0
58 61 46.0 3.0
83 36 5.0 33.0
45 70 89.0 87.0
66 58 135.0 128.0
42 77 60.0 71.0
82 39 11.0 137.0
28 84 111.0 183.0
37 77 101.0 168.0
35 84 60.0 148.0
29 54 52.0 65.0
48 73 105.0 142.0
38 49 6.0 193.0
78 47 151.0 18.0
43 76 129.0 162.0
39 79 80.0 41.0
84 58 31.0 134.0
79 34 124.0 43.0
52 72 6.0 129.0
51 67 116.0 63.0
63 62 5.0 74.0
31 81 90.0 156.0
63 54 56.0 19.0
73 52 15.0 137.0
52 74 105.0 198.0
68 53 72.0 30.0
75 21 68.0 78.0
70 57 27.0 137.0
79 56 70.0 33.0
77 43 9.0 112.0
64 58 85.0 66.0
45 77 118.0 52.0
64 53 83.0 23.0
58 62 196.0 155.0
44 79 50.0 16.0
66 54 76.0 78.0
44 78 77.0 99.0
43 81 169.0 87.0
76 47 192.0 54.0
55 67 134.0 62.0
59 62 2.0 169.0
41 82 63.0 150.0
41 76 187.0 114.0
83 42 45.0 64.0
80 42 59.0 123.0
65 51 174.0 28.0
82 45 23.0 118.0
67 50 2.0 109.0
42 73 116.0 157.0
44 67 15.0 180.0
42 69 107.0 154.0
56 71 141.0 104.0
77 52 12.0 152.0
54 57 104.0 138.0
49 72 108.0 79.0
59 66 109.0 111.0
74 45 172.0 26.0
72 53 58.0 139.0
83 46 138.0 165.0
81 45 102.0 31.0
49 74 190.0 66.0
78 36 132.0 47.0
56 68 152.0 192.0
65 62 85.0 13.0
58 69 3.0 10.0
78 55 97.0 13.0
42 84 116.0 187.0
37 80 152.0 170.0
54 53 70.0 143.0
69 25 108.0 154.0
58 73 87.0 60.0
58 60 126.0 125.0
84 43 62.0 81.0
39 83 88.0 112.0
43 82 175.0 4.0
65 63 24.0 128.0
63 66 58.0 94.0
69 55 137.0 166.0
82 47 150.0 177.0
38 84 20.0 28.0
52 81 177.0 83.0
64 59 179.0 17.0
75 53 116.0 155.0
70 55 61.0 140.0
72 62 127.0 119.0
48 77 136.0 16.0
80 49 171.0 86.0
36 84 36.0 191.0
83 50 180.0 166.0
51 83 20.0 111.0
71 59 104.0 88.0
83 52 15.0 118.0
79 54 108.0 142.0
76 49 194.0 44.0
80 52 152.0 165.0
61 70 126.0 140.0
60 83 109.0 106.0
74 56 151.0 81.0
75 54 41.0 7.0
57 60 70.0 57.0
52 56 142.0 130.0
75 55 15.0 88.0
69 62 158.0 119.0
54 77 98.0 84.0
64 72 160.0 7.0
62 70 148.0 111.0
79 50 112.0 141.0
53 77 63.0 135.0
60 72 164.0 157.0
33 72 1.0 131.0
79 57 62.0 159.0
76 50 28.0 113.0
69 68 98.0 140.0
54 81 75.0 198.0
69 54 69.0 187.0
78 57 144.0 132.0
83 54 84.0 109.0
59 69 34.0 85.0
53 80 105.0 49.0
78 59 131.0 133.0
58 76 99.0 181.0
83 47 101.0 126.0
74 60 66.0 171.0
81 56 80.0 11.0
42 81 80.0 164.0
36 62 59.0 66.0
83 48 142.0 164.0
59 22 168.0 73.0
47 84 54.0 19.0
56 77 11.0 156.0
53 84 152.0 77.0
51 81 79.0 185.0
72 69 129.0 159.0
84 83 53.0 140.0
82 53 27.0 195.0
59 77 133.0 147.0
64 76 15.0 139.0
67 66 76.0 178.0
78 58 109.0 29.0
56 78 112.0 188.0
63 78 122.0 41.0
83 55 75.0 127.0
78 53 97.0 54.0
49 6 124.0 182.0
83 59 32.0 139.0
84 59 144.0 61.0
58 70 124.0 5.0
76 60 27.0 189.0
77 62 27.0 150.0
76 59 155.0 103.0
39 66 48.0 5.0
67 70 31.0 172.0
83 53 79.0 63.0
70 74 161.0 175.0
80 55 126.0 37.0
57 82 75.0 154.0
51 55 125.0 102.0
54 73 38.0 33.0
60 79 178.0 86.0
67 73 39.0 9.0
83 63 159.0 70.0
70 68 19.0 72.0
70 66 54.0 146.0
81 67 97.0 129.0
82 60 41.0 174.0
68 75 8.0 79.0
54 61 127.0 186.0
69 71 155.0 118.0
71 74 121.0 66.0
75 66 114.0 140.0
68 76 88.0 120.0
71 66 198.0 137.0
60 78 127.0 192.0
79 67 172.0 88.0
50 77 70.0 99.0
76 63 42.0 178.0
66 79 46.0 115.0
84 65 135.0 112.0
72 74 184.0 175.0
70 65 125.0 135.0
62 82 102.0 4.0
83 69 92.0 75.0
71 78 141.0 114.0
83 49 157.0 183.0
64 54 24.0 156.0
74 65 151.0 111.0
67 64 144.0 88.0
64 82 181.0 21.0
71 64 52.0 84.0
60 81 189.0 144.0
78 61 85.0 130.0
69 78 192.0 43.0
76 73 21.0 168.0
83 64 177.0 172.0
60 80 171.0 73.0
84 76 185.0 105.0
71 60 143.0 38.0
63 81 89.0 133.0
84 71 1.0 175.0
76 65 44.0 145.0
76 80 92.0 65.0
68 83 63.0 69.0
82 77 86.0 34.0
66 80 15.0 71.0
79 68 132.0 158.0
43 51 45.0 174.0
64 61 36.0 46.0
69 81 40.0 80.0
79 80 51.0 132.0
81 73 186.0 114.0
78 76 143.0 72.0
75 80 25.0 158.0
35 83 57.0 109.0
66 83 19.0 55.0
80 81 103.0 7.0
84 80 103.0 143.0
69 84 73.0 107.0
75 76 183.0 12.0
69 43 67.0 126.0
76 82 194.0 92.0
1 3 64.0 51.0
31 73 69.0 83.0
62 68 157.0 125.0
13 1 67.0 61.0
82 80 30.0 93.0
68 81 120.0 13.0
83 28 26.0 187.0
84 74 80.0 20.0
67 82 21.0 144.0
81 61 194.0 43.0
73 57 104.0 151.0
77 60 37.0 124.0
62 83 130.0 67.0
77 80 167.0 50.0
79 63 52.0 145.0
61 83 4.0 132.0
14 38 127.0 178.0
72 83 31.0 121.0
26 49 129.0 135.0
79 45 25.0 166.0
76 48 54.0 155.0
84 79 47.0 22.0
64 80 118.0 99.0
69 75 82.0 75.0
67 69 20.0 9.0
81 79 15.0 3.0
62 79 95.0 144.0
63 82 131.0 73.0
28 80 20.0 185.0
62 80 36.0 67.0
70 76 68.0 155.0
79 77 114.0 102.0
79 65 109.0 87.0
75 70 51.0 124.0
13 78 36.0 99.0
59 63 180.0 119.0
83 76 42.0 152.0
74 76 47.0 31.0
65 72 145.0 67.0
72 84 3.0 12.0
63 80 177.0 112.0
68 78 27.0 180.0
80 83 36.0 15.0
58 75 156.0 168.0
71 79 158.0 150.0
82 74 40.0 5.0
75 74 87.0 185.0
80 69 177.0 90.0
53 26 94.0 154.0
65 73 95.0 121.0
84 50 170.0 83.0
81 82 164.0 78.0
73 74 73.0 123.0
67 33 81.0 65.0
76 52 98.0 121.0
67 78 153.0 76.0
82 65 108.0 47.0
0
