86 3655 10 49 537886
21 45 76.0 111.0
31 48 124.0 45.0
64 42 8.0 57.0
70 25 129.0 73.0
55 4 0.0 28.0
31 86 58.0 122.0
31 53 32.0 144.0
31 35 28.0 4.0
71 12 51.0 105.0
51 85 137.0 127.0
32 50 106.0 145.0
74 50 115.0 35.0
53 69 23.0 116.0
68 23 187.0 81.0
76 78 17.0 19.0
18 68 127.0 198.0
71 72 81.0 130.0
70 45 110.0 18.0
86 65 54.0 16.0
28 5 161.0 169.0
65 24 35.0 136.0
47 66 49.0 22.0
49 38 111.0 66.0
11 77 58.0 191.0
62 52 28.0 139.0
10 69 30.0 90.0
47 80 113.0 84.0
76 69 187.0 26.0
6 34 23.0 22.0
5 45 79.0 72.0
74 16 109.0 142.0
6 84 131.0 119.0
50 84 90.0 159.0
66 69 147.0 73.0
54 22 124.0 12.0
4 63 159.0 111.0
2 76 38.0 182.0
26 22 174.0 117.0
29 68 109.0 83.0
58 79 104.0 40.0
68 9 86.0 146.0
69 20 15.0 185.0
34 68 44.0 139.0
37 47 93.0 155.0
28 67 24.0 131.0
80 71 147.0 198.0
53 58 109.0 56.0
42 38 153.0 165.0
46 4 155.0 39.0
16 40 164.0 170.0
21 22 114.0 160.0
60 5 6.0 8.0
63 20 103.0 30.0
5 7 104.0 2.0
56 21 0.0 165.0
58 13 60.0 105.0
8 10 180.0 167.0
49 4 48.0 96.0
17 46 117.0 163.0
42 16 131.0 123.0
27 10 154.0 186.0
8 39 146.0 10.0
59 40 10.0 99.0
52 5 51.0 22.0
6 75 23.0 183.0
70 51 182.0 24.0
2 36 166.0 99.0
43 34 124.0 49.0
43 22 62.0 31.0
6 11 77.0 8.0
14 84 122.0 87.0
81 7 165.0 125.0
73 10 131.0 141.0
52 66 182.0 113.0
15 14 166.0 148.0
47 44 116.0 42.0
57 28 111.0 178.0
2 48 132.0 188.0
37 5 62.0 6.0
3 7 142.0 28.0
16 76 38.0 25.0
47 76 142.0 172.0
3 17 196.0 108.0
52 45 5.0 112.0
73 64 91.0 68.0
17 71 132.0 175.0
75 64 126.0 195.0
62 20 114.0 20.0
1 85 182.0 152.0
74 65 97.0 124.0
81 27 169.0 93.0
71 48 62.0 126.0
25 85 86.0 105.0
70 21 191.0 19.0
77 75 183.0 70.0
86 3 189.0 98.0
1 75 81.0 171.0
54 50 27.0 178.0
76 60 117.0 149.0
22 50 133.0 132.0
49 50 129.0 20.0
71 62 188.0 72.0
50 27 2.0 171.0
30 52 129.0 191.0
41 77 55.0 11.0
14 1 192.0 82.0
14 38 98.0 61.0
2 8 137.0 183.0
58 40 109.0 18.0
7 51 55.0 97.0
78 25 26.0 57.0
17 1 18.0 155.0
13 1 123.0 73.0
75 60 25.0 67.0
12 76 54.0 123.0
83 75 113.0 143.0
21 8 8.0 22.0
58 86 92.0 16.0
17 68 134.0 118.0
23 1 36.0 104.0
35 42 52.0 112.0
15 24 127.0 29.0
13 11 39.0 133.0
86 43 25.0 104.0
7 8 97.0 185.0
23 10 90.0 141.0
78 29 149.0 176.0
29 57 182.0 185.0
4 70 46.0 35.0
86 61 41.0 173.0
72 34 132.0 80.0
68 44 181.0 109.0
67 17 62.0 30.0
19 20 123.0 105.0
48 70 173.0 24.0
33 56 123.0 156.0
32 12 88.0 169.0
72 66 80.0 129.0
5 31 145.0 164.0
66 20 163.0 126.0
29 61 168.0 177.0
16 4 15.0 43.0
57 54 78.0 189.0
15 44 87.0 153.0
55 76 199.0 127.0
55 16 124.0 80.0
46 35 70.0 21.0
47 53 190.0 33.0
19 15 88.0 110.0
80 66 161.0 104.0
33 30 152.0 191.0
14 5 30.0 40.0
54 66 37.0 29.0
73 50 147.0 113.0
85 14 128.0 17.0
58 7 43.0 118.0
14 43 10.0 132.0
22 79 9.0 171.0
14 83 23.0 161.0
53 74 126.0 5.0
46 55 1.0 115.0
19 82 106.0 149.0
9 79 103.0 34.0
12 8 86.0 146.0
17 9 121.0 48.0
1 58 3.0 130.0
46 64 191.0 26.0
44 82 174.0 69.0
51 50 18.0 127.0
45 49 34.0 124.0
12 3 20.0 137.0
9 46 98.0 106.0
2 15 36.0 19.0
18 26 58.0 40.0
81 41 45.0 49.0
29 4 124.0 171.0
53 34 174.0 94.0
82 43 26.0 8.0
69 54 142.0 46.0
5 11 102.0 40.0
57 36 135.0 139.0
61 56 8.0 145.0
2 22 55.0 6.0
25 22 26.0 179.0
47 74 108.0 0.0
22 23 123.0 134.0
68 30 93.0 17.0
40 54 0.0 196.0
81 40 132.0 87.0
1 24 71.0 93.0
37 14 102.0 127.0
27 45 9.0 128.0
25 11 79.0 117.0
25 76 1.0 3.0
11 3 174.0 46.0
49 11 2.0 126.0
50 26 3.0 135.0
41 11 130.0 75.0
24 67 59.0 184.0
25 69 48.0 68.0
71 34 136.0 128.0
16 18 125.0 89.0
12 67 37.0 51.0
77 26 116.0 40.0
44 4 141.0 119.0
14 31 186.0 24.0
11 15 113.0 45.0
76 5 17.0 161.0
15 1 40.0 106.0
14 6 180.0 118.0
46 36 118.0 17.0
62 46 42.0 34.0
41 48 91.0 135.0
71 66 0.0 29.0
73 42 145.0 65.0
46 74 144.0 114.0
31 1 145.0 137.0
59 80 3.0 77.0
12 2 27.0 121.0
83 12 40.0 21.0
52 6 161.0 84.0
71 46 44.0 113.0
1 20 33.0 189.0
7 43 178.0 130.0
43 28 196.0 123.0
13 41 2.0 0.0
78 54 103.0 182.0
58 18 90.0 95.0
23 66 37.0 3.0
18 63 185.0 81.0
82 64 53.0 171.0
20 58 107.0 32.0
77 64 194.0 104.0
11 69 107.0 148.0
36 47 6.0 10.0
57 58 102.0 48.0
30 70 82.0 91.0
47 32 63.0 19.0
7 1 27.0 117.0
58 50 115.0 134.0
27 47 116.0 61.0
29 69 24.0 23.0
21 72 130.0 182.0
44 76 80.0 185.0
51 45 2.0 114.0
76 64 197.0 18.0
73 72 23.0 24.0
35 82 196.0 139.0
34 39 196.0 113.0
21 9 7.0 172.0
81 71 117.0 89.0
52 77 172.0 197.0
36 16 152.0 126.0
79 55 176.0 102.0
40 7 123.0 152.0
80 12 187.0 120.0
50 20 110.0 135.0
28 4 99.0 69.0
66 17 151.0 16.0
8 50 136.0 75.0
65 50 177.0 40.0
19 41 33.0 153.0
48 42 58.0 157.0
45 62 96.0 45.0
73 39 39.0 6.0
42 72 53.0 91.0
80 62 18.0 156.0
18 84 101.0 106.0
39 70 186.0 78.0
24 57 110.0 172.0
4 50 142.0 169.0
25 61 28.0 38.0
6 33 90.0 19.0
7 4 8.0 95.0
3 10 91.0 179.0
13 5 123.0 192.0
83 36 26.0 109.0
6 20 48.0 88.0
6 15 176.0 190.0
43 19 27.0 4.0
43 9 151.0 69.0
35 52 104.0 112.0
61 34 107.0 195.0
3 14 65.0 30.0
82 10 170.0 43.0
30 28 39.0 170.0
10 58 69.0 168.0
68 3 22.0 48.0
3 82 83.0 173.0
47 28 107.0 187.0
61 20 161.0 14.0
66 75 190.0 178.0
84 10 12.0 112.0
37 45 197.0 4.0
8 33 89.0 66.0
27 77 45.0 111.0
65 81 18.0 128.0
23 38 106.0 125.0
49 16 29.0 67.0
4 58 175.0 171.0
67 30 75.0 139.0
75 42 113.0 24.0
74 42 116.0 2.0
24 76 141.0 161.0
63 8 176.0 112.0
45 48 15.0 82.0
9 12 168.0 44.0
46 5 70.0 95.0
16 3 169.0 97.0
27 74 102.0 83.0
29 64 74.0 18.0
46 48 53.0 15.0
47 56 32.0 181.0
18 76 150.0 47.0
56 15 169.0 70.0
5 6 63.0 191.0
4 61 139.0 185.0
48 59 30.0 41.0
28 32 8.0 56.0
79 64 114.0 13.0
34 3 172.0 147.0
71 23 31.0 74.0
37 81 2.0 152.0
5 72 71.0 66.0
10 9 1.0 11.0
34 49 128.0 183.0
81 78 6.0 137.0
47 23 165.0 121.0
26 29 59.0 137.0
51 56 5.0 90.0
43 2 122.0 7.0
65 44 26.0 194.0
19 60 51.0 179.0
22 67 25.0 180.0
58 42 167.0 184.0
64 66 164.0 133.0
8 15 43.0 175.0
71 29 94.0 0.0
5 12 151.0 168.0
24 17 166.0 129.0
76 23 81.0 17.0
81 2 79.0 58.0
35 67 86.0 199.0
46 49 128.0 50.0
55 65 140.0 124.0
7 35 57.0 34.0
15 28 70.0 160.0
36 19 189.0 188.0
1 16 181.0 22.0
50 15 21.0 12.0
74 38 126.0 107.0
78 79 2.0 7.0
57 62 84.0 94.0
10 40 140.0 93.0
59 68 105.0 162.0
86 33 54.0 94.0
80 21 62.0 35.0
28 36 176.0 36.0
66 34 58.0 54.0
18 6 93.0 60.0
67 78 0.0 129.0
31 13 176.0 92.0
81 53 27.0 81.0
77 3 15.0 81.0
23 61 97.0 78.0
3 51 79.0 25.0
76 79 15.0 137.0
84 23 38.0 60.0
14 13 197.0 38.0
25 37 144.0 173.0
81 23 44.0 124.0
25 84 131.0 59.0
51 48 142.0 180.0
4 51 117.0 21.0
35 39 35.0 132.0
61 57 117.0 73.0
69 24 3.0 114.0
52 44 33.0 99.0
59 76 28.0 77.0
66 44 55.0 159.0
83 23 86.0 149.0
65 83 88.0 3.0
27 56 189.0 123.0
18 22 70.0 58.0
37 74 62.0 25.0
6 12 58.0 95.0
61 38 33.0 87.0
73 3 96.0 40.0
17 32 36.0 182.0
28 46 39.0 124.0
15 35 8.0 180.0
48 12 17.0 30.0
77 8 80.0 79.0
78 16 135.0 139.0
14 4 18.0 168.0
47 41 163.0 66.0
64 74 108.0 151.0
25 49 115.0 100.0
83 3 81.0 75.0
6 72 91.0 98.0
16 2 99.0 172.0
15 4 109.0 187.0
28 78 65.0 127.0
25 86 17.0 180.0
65 7 85.0 78.0
15 3 140.0 0.0
20 2 90.0 173.0
67 8 148.0 181.0
7 6 106.0 199.0
19 21 57.0 15.0
13 61 114.0 75.0
53 60 34.0 131.0
58 28 3.0 119.0
14 7 6.0 95.0
6 9 182.0 96.0
43 6 141.0 130.0
34 63 199.0 48.0
83 52 66.0 9.0
27 29 150.0 132.0
2 67 183.0 136.0
10 2 69.0 138.0
76 35 178.0 27.0
13 9 42.0 160.0
51 68 135.0 136.0
44 53 97.0 135.0
10 45 61.0 116.0
73 69 23.0 163.0
49 35 194.0 158.0
67 14 139.0 15.0
48 27 33.0 69.0
72 83 69.0 28.0
7 11 102.0 5.0
71 75 51.0 199.0
33 68 120.0 65.0
43 41 132.0 143.0
67 21 140.0 78.0
2 18 82.0 80.0
6 60 52.0 115.0
48 54 156.0 74.0
80 52 159.0 58.0
32 49 111.0 163.0
22 71 193.0 183.0
17 55 41.0 78.0
67 3 131.0 181.0
4 13 137.0 13.0
72 86 46.0 142.0
53 59 188.0 155.0
24 54 122.0 147.0
16 57 5.0 33.0
41 3 51.0 150.0
49 51 75.0 92.0
46 66 139.0 6.0
78 19 154.0 28.0
18 31 181.0 152.0
3 42 89.0 169.0
10 22 0.0 11.0
5 19 22.0 5.0
81 45 59.0 25.0
1 26 73.0 134.0
83 5 181.0 164.0
23 48 69.0 135.0
78 51 158.0 51.0
84 13 172.0 47.0
13 8 173.0 173.0
15 7 20.0 147.0
3 37 127.0 79.0
54 52 183.0 0.0
48 4 26.0 165.0
51 79 177.0 95.0
8 4 40.0 87.0
20 16 112.0 12.0
75 38 153.0 85.0
5 33 58.0 173.0
17 7 197.0 185.0
30 27 131.0 133.0
30 21 117.0 157.0
13 53 195.0 46.0
52 23 126.0 187.0
30 16 119.0 190.0
54 13 157.0 72.0
45 41 121.0 167.0
19 34 76.0 118.0
52 38 50.0 159.0
58 77 108.0 119.0
35 60 79.0 103.0
74 1 24.0 5.0
16 5 130.0 143.0
7 12 188.0 87.0
13 56 120.0 109.0
12 1 155.0 148.0
78 8 189.0 5.0
76 81 104.0 97.0
46 33 45.0 135.0
33 78 35.0 69.0
9 14 17.0 118.0
8 5 99.0 5.0
85 66 76.0 171.0
12 35 30.0 31.0
4 17 11.0 171.0
55 53 106.0 67.0
85 55 166.0 151.0
46 57 136.0 154.0
14 77 70.0 153.0
20 30 194.0 121.0
5 2 25.0 22.0
38 41 96.0 7.0
15 42 107.0 59.0
86 39 172.0 13.0
86 5 176.0 138.0
61 75 26.0 65.0
65 35 146.0 48.0
56 57 11.0 92.0
7 10 28.0 188.0
43 57 163.0 76.0
12 81 78.0 70.0
19 4 47.0 50.0
2 6 191.0 176.0
80 44 198.0 17.0
70 43 197.0 96.0
13 33 51.0 160.0
14 8 23.0 31.0
30 76 176.0 186.0
62 49 162.0 54.0
2 17 146.0 9.0
25 60 79.0 137.0
17 40 94.0 77.0
82 6 113.0 91.0
30 32 16.0 116.0
83 74 49.0 191.0
63 72 106.0 177.0
26 85 132.0 20.0
18 38 135.0 78.0
2 7 49.0 166.0
51 17 199.0 143.0
14 35 83.0 64.0
67 37 190.0 51.0
16 53 190.0 192.0
30 44 108.0 48.0
19 3 194.0 40.0
4 37 120.0 81.0
48 33 112.0 170.0
41 30 13.0 63.0
65 9 90.0 48.0
37 8 92.0 32.0
52 85 16.0 34.0
35 59 51.0 76.0
17 5 151.0 198.0
21 6 176.0 24.0
38 45 123.0 88.0
74 36 63.0 89.0
36 24 92.0 153.0
32 7 186.0 136.0
83 67 164.0 155.0
31 24 106.0 168.0
1 21 86.0 9.0
26 76 125.0 14.0
26 59 191.0 48.0
1 68 37.0 54.0
11 4 120.0 81.0
41 36 116.0 58.0
8 86 95.0 81.0
24 72 145.0 1.0
6 48 12.0 183.0
29 23 128.0 89.0
2 21 58.0 71.0
82 14 6.0 48.0
48 28 87.0 78.0
64 30 142.0 156.0
29 12 195.0 38.0
75 4 5.0 92.0
6 13 103.0 17.0
39 78 126.0 183.0
1 5 176.0 137.0
10 18 169.0 135.0
37 76 117.0 8.0
19 81 53.0 60.0
84 83 191.0 0.0
78 64 148.0 196.0
80 57 195.0 3.0
1 22 174.0 73.0
55 43 123.0 150.0
60 84 62.0 44.0
66 70 153.0 179.0
56 76 75.0 158.0
72 26 83.0 18.0
3 2 173.0 31.0
50 23 158.0 168.0
6 19 164.0 84.0
9 8 199.0 39.0
49 29 27.0 61.0
11 12 162.0 132.0
22 3 178.0 189.0
63 57 54.0 61.0
50 7 108.0 27.0
29 54 98.0 18.0
17 29 192.0 14.0
79 56 64.0 192.0
76 46 34.0 91.0
27 85 87.0 197.0
36 77 69.0 65.0
47 35 121.0 75.0
9 11 48.0 181.0
78 12 189.0 98.0
40 19 46.0 134.0
66 1 159.0 110.0
38 47 34.0 193.0
37 13 197.0 121.0
4 85 179.0 18.0
3 20 186.0 101.0
22 5 148.0 34.0
69 81 143.0 89.0
3 21 113.0 189.0
8 17 33.0 24.0
71 79 136.0 19.0
83 59 145.0 85.0
57 72 46.0 125.0
18 8 143.0 32.0
47 73 150.0 43.0
67 79 194.0 94.0
77 80 57.0 107.0
18 77 93.0 42.0
61 12 166.0 29.0
70 11 135.0 64.0
25 3 165.0 181.0
56 68 131.0 60.0
54 62 181.0 82.0
55 63 144.0 127.0
56 48 99.0 1.0
1 18 125.0 192.0
34 65 11.0 43.0
13 10 10.0 146.0
79 59 167.0 127.0
40 33 29.0 51.0
8 84 31.0 10.0
17 6 176.0 127.0
66 12 100.0 75.0
26 51 30.0 25.0
21 71 186.0 193.0
85 7 128.0 196.0
10 15 17.0 96.0
67 86 11.0 46.0
83 34 197.0 195.0
52 21 128.0 173.0
32 60 176.0 28.0
11 8 119.0 159.0
26 73 105.0 105.0
79 83 168.0 34.0
31 21 146.0 138.0
12 75 165.0 157.0
22 15 196.0 162.0
3 13 30.0 76.0
79 15 61.0 159.0
9 15 39.0 180.0
13 71 123.0 96.0
67 71 22.0 43.0
5 26 97.0 120.0
15 80 15.0 62.0
1 53 161.0 164.0
73 77 0.0 191.0
1 6 110.0 14.0
5 10 147.0 149.0
83 27 28.0 70.0
11 78 197.0 2.0
4 20 165.0 94.0
63 22 38.0 132.0
66 41 45.0 199.0
32 65 34.0 198.0
62 79 17.0 96.0
5 35 47.0 164.0
53 57 28.0 75.0
49 19 99.0 177.0
79 61 56.0 64.0
82 29 66.0 94.0
62 2 182.0 64.0
59 33 137.0 168.0
10 6 40.0 154.0
55 48 10.0 87.0
18 46 109.0 39.0
56 35 49.0 8.0
9 85 173.0 106.0
20 7 18.0 40.0
1 51 90.0 152.0
83 19 48.0 27.0
47 12 151.0 88.0
59 15 14.0 161.0
60 1 140.0 75.0
28 53 161.0 189.0
43 52 185.0 87.0
59 56 102.0 3.0
20 32 5.0 144.0
5 15 116.0 53.0
2 13 13.0 19.0
34 29 16.0 27.0
1 25 102.0 156.0
37 71 151.0 15.0
23 5 97.0 136.0
52 79 116.0 199.0
24 56 131.0 121.0
59 81 75.0 47.0
23 77 41.0 88.0
3 8 131.0 58.0
76 57 60.0 185.0
41 62 162.0 163.0
23 4 85.0 59.0
26 24 143.0 153.0
28 2 125.0 74.0
72 10 21.0 152.0
86 83 41.0 63.0
80 86 180.0 173.0
56 43 104.0 192.0
18 4 63.0 18.0
10 16 150.0 100.0
67 4 99.0 45.0
73 46 82.0 176.0
47 39 187.0 55.0
27 3 179.0 29.0
2 11 183.0 159.0
45 3 72.0 39.0
6 44 66.0 87.0
1 40 79.0 17.0
43 29 73.0 178.0
67 25 78.0 107.0
63 43 106.0 18.0
10 14 128.0 85.0
9 3 113.0 111.0
9 69 8.0 137.0
18 75 46.0 74.0
28 44 108.0 125.0
73 8 40.0 133.0
32 77 147.0 70.0
25 41 187.0 53.0
50 85 88.0 116.0
5 24 187.0 2.0
85 70 41.0 147.0
59 36 31.0 39.0
80 9 123.0 91.0
8 43 84.0 115.0
4 24 19.0 183.0
33 15 65.0 158.0
13 47 117.0 154.0
25 2 40.0 104.0
86 18 67.0 33.0
45 8 193.0 51.0
8 79 65.0 68.0
28 24 183.0 101.0
27 1 51.0 154.0
16 6 104.0 116.0
86 21 49.0 21.0
37 24 130.0 41.0
33 18 56.0 197.0
3 18 41.0 50.0
18 29 62.0 106.0
53 77 31.0 197.0
66 25 70.0 82.0
72 79 12.0 126.0
14 78 55.0 14.0
15 74 56.0 137.0
5 62 182.0 113.0
16 14 30.0 24.0
78 75 191.0 44.0
18 11 39.0 22.0
79 53 19.0 62.0
38 63 84.0 183.0
47 70 64.0 139.0
58 60 39.0 121.0
4 21 3.0 22.0
84 33 134.0 186.0
10 1 75.0 78.0
55 41 74.0 114.0
8 29 20.0 45.0
84 40 5.0 104.0
3 24 87.0 21.0
41 85 140.0 127.0
33 36 29.0 96.0
60 57 131.0 116.0
24 2 193.0 6.0
59 4 59.0 19.0
32 64 118.0 79.0
9 78 176.0 75.0
7 22 155.0 64.0
16 13 72.0 48.0
83 9 95.0 53.0
57 10 194.0 178.0
20 26 66.0 139.0
21 84 59.0 77.0
53 42 22.0 130.0
33 34 127.0 198.0
5 3 46.0 83.0
14 11 49.0 118.0
6 46 5.0 96.0
56 50 112.0 151.0
10 17 22.0 178.0
4 6 26.0 33.0
48 22 113.0 0.0
56 25 23.0 41.0
22 81 18.0 69.0
78 56 34.0 20.0
16 35 108.0 191.0
1 28 107.0 20.0
40 8 35.0 129.0
11 17 28.0 13.0
11 46 199.0 141.0
19 9 25.0 175.0
30 1 17.0 195.0
4 5 151.0 3.0
37 19 179.0 59.0
46 20 26.0 87.0
19 2 45.0 62.0
8 58 66.0 25.0
18 20 5.0 17.0
24 13 64.0 182.0
46 52 125.0 33.0
54 68 133.0 28.0
78 34 176.0 112.0
10 20 5.0 3.0
3 76 107.0 2.0
39 61 189.0 173.0
80 10 0.0 194.0
5 18 124.0 64.0
75 35 155.0 1.0
8 60 22.0 88.0
20 11 139.0 151.0
25 55 176.0 96.0
44 5 119.0 35.0
4 25 73.0 109.0
41 76 135.0 74.0
4 3 146.0 60.0
29 30 75.0 101.0
4 54 111.0 50.0
86 46 101.0 2.0
14 49 182.0 29.0
54 38 75.0 53.0
69 79 26.0 149.0
24 6 58.0 113.0
32 78 54.0 4.0
22 66 182.0 81.0
25 20 147.0 45.0
19 12 95.0 49.0
17 57 95.0 29.0
8 76 169.0 171.0
68 73 23.0 147.0
16 48 112.0 33.0
39 44 77.0 166.0
23 15 148.0 59.0
34 8 72.0 96.0
3 28 51.0 167.0
48 36 71.0 147.0
4 22 133.0 192.0
5 9 189.0 157.0
20 9 139.0 101.0
71 3 178.0 17.0
17 33 55.0 79.0
32 84 190.0 127.0
75 34 199.0 42.0
2 27 28.0 22.0
56 2 153.0 161.0
10 19 60.0 94.0
46 80 145.0 199.0
82 13 187.0 75.0
27 4 34.0 195.0
54 83 57.0 25.0
30 50 165.0 9.0
61 50 123.0 193.0
51 76 57.0 76.0
86 9 94.0 69.0
80 70 85.0 191.0
82 78 138.0 24.0
48 14 159.0 173.0
29 1 15.0 168.0
38 24 129.0 181.0
74 21 63.0 52.0
4 10 67.0 73.0
21 25 119.0 113.0
8 80 105.0 156.0
71 50 1.0 195.0
55 35 46.0 112.0
23 80 87.0 62.0
17 14 75.0 16.0
26 79 11.0 139.0
13 29 150.0 78.0
45 34 174.0 22.0
19 25 172.0 79.0
74 59 64.0 126.0
86 49 65.0 110.0
34 77 34.0 153.0
4 26 145.0 109.0
19 63 90.0 156.0
5 53 23.0 41.0
78 86 26.0 197.0
24 39 105.0 150.0
3 23 1.0 169.0
8 23 138.0 67.0
25 65 27.0 172.0
6 3 83.0 172.0
19 14 199.0 126.0
39 84 92.0 174.0
83 18 79.0 118.0
48 37 157.0 184.0
60 44 164.0 159.0
2 30 93.0 102.0
29 6 43.0 120.0
10 68 143.0 79.0
62 74 88.0 94.0
71 47 10.0 180.0
15 18 198.0 89.0
19 77 119.0 156.0
34 16 20.0 35.0
66 59 43.0 65.0
64 51 178.0 86.0
32 52 156.0 73.0
39 75 198.0 196.0
27 49 36.0 8.0
39 49 1.0 34.0
39 79 159.0 72.0
86 53 54.0 180.0
25 18 67.0 97.0
68 71 118.0 197.0
36 9 128.0 75.0
75 24 131.0 126.0
73 60 130.0 119.0
22 16 165.0 83.0
11 1 105.0 124.0
65 15 70.0 160.0
7 18 37.0 89.0
80 45 103.0 156.0
45 14 99.0 31.0
29 74 158.0 182.0
22 9 85.0 41.0
51 73 102.0 50.0
85 46 104.0 160.0
12 16 37.0 174.0
22 36 179.0 27.0
72 84 10.0 34.0
3 30 76.0 61.0
9 2 75.0 187.0
15 16 54.0 160.0
31 38 41.0 109.0
75 86 25.0 97.0
4 31 174.0 15.0
58 25 141.0 105.0
14 52 151.0 151.0
12 20 83.0 179.0
27 5 55.0 158.0
25 63 51.0 61.0
10 11 75.0 44.0
12 42 132.0 53.0
64 71 5.0 107.0
1 55 95.0 146.0
13 34 108.0 46.0
60 66 172.0 191.0
2 29 138.0 179.0
26 2 5.0 141.0
54 76 154.0 81.0
6 22 196.0 87.0
13 17 168.0 1.0
63 74 14.0 15.0
21 46 113.0 75.0
29 3 182.0 85.0
17 41 92.0 73.0
82 39 20.0 97.0
19 8 183.0 174.0
53 12 122.0 179.0
20 40 174.0 42.0
27 78 133.0 188.0
37 42 109.0 46.0
12 10 106.0 91.0
43 37 157.0 198.0
68 72 83.0 129.0
19 1 194.0 66.0
14 56 133.0 69.0
31 2 115.0 107.0
18 17 39.0 48.0
32 5 49.0 148.0
7 79 31.0 155.0
21 32 87.0 188.0
17 63 82.0 122.0
73 23 147.0 29.0
79 13 20.0 32.0
12 46 178.0 135.0
36 78 2.0 170.0
8 27 160.0 51.0
63 85 19.0 191.0
13 15 167.0 106.0
75 72 32.0 50.0
8 44 59.0 131.0
56 69 138.0 80.0
16 7 194.0 117.0
82 68 133.0 196.0
52 28 20.0 45.0
26 84 20.0 191.0
10 86 27.0 188.0
23 11 48.0 11.0
12 85 46.0 107.0
67 38 114.0 184.0
42 6 58.0 108.0
65 58 154.0 143.0
32 3 62.0 126.0
48 60 154.0 34.0
59 69 45.0 133.0
37 79 185.0 93.0
78 65 145.0 31.0
21 10 199.0 59.0
48 81 18.0 9.0
44 73 129.0 124.0
15 12 126.0 143.0
72 35 133.0 80.0
15 17 21.0 178.0
53 66 197.0 6.0
37 11 172.0 95.0
53 41 83.0 171.0
27 69 99.0 53.0
1 33 80.0 181.0
84 75 98.0 6.0
12 21 63.0 32.0
54 65 115.0 84.0
37 59 66.0 65.0
61 55 94.0 190.0
9 16 141.0 130.0
4 56 81.0 40.0
42 28 44.0 161.0
9 1 104.0 143.0
72 16 116.0 167.0
72 20 179.0 31.0
71 19 182.0 197.0
73 22 75.0 29.0
23 6 145.0 16.0
9 23 63.0 178.0
37 31 80.0 108.0
25 8 123.0 136.0
17 16 123.0 191.0
30 9 57.0 55.0
20 13 183.0 192.0
67 20 44.0 10.0
21 85 82.0 142.0
8 53 169.0 146.0
83 21 176.0 1.0
68 52 91.0 51.0
1 34 5.0 14.0
80 42 192.0 14.0
11 19 18.0 175.0
64 3 15.0 62.0
19 16 103.0 98.0
6 45 89.0 72.0
65 20 11.0 66.0
64 38 108.0 54.0
32 2 129.0 65.0
9 31 116.0 73.0
75 21 170.0 134.0
15 45 103.0 185.0
76 22 30.0 158.0
66 18 33.0 119.0
37 78 123.0 196.0
12 22 15.0 184.0
28 7 161.0 96.0
16 54 168.0 77.0
74 6 108.0 138.0
7 23 64.0 163.0
14 21 94.0 94.0
14 20 65.0 80.0
66 35 6.0 188.0
8 1 150.0 21.0
73 78 103.0 63.0
11 21 160.0 23.0
26 46 166.0 20.0
31 3 52.0 183.0
20 5 113.0 98.0
17 12 195.0 178.0
60 83 38.0 1.0
84 24 169.0 140.0
15 78 35.0 72.0
27 6 150.0 195.0
12 86 102.0 68.0
13 12 158.0 106.0
24 42 124.0 23.0
66 48 94.0 71.0
22 14 115.0 84.0
5 85 196.0 84.0
76 63 74.0 183.0
21 43 22.0 24.0
42 30 199.0 124.0
27 7 129.0 110.0
19 18 27.0 6.0
16 8 159.0 74.0
69 61 6.0 26.0
60 79 162.0 155.0
47 59 31.0 37.0
28 6 166.0 53.0
83 82 107.0 166.0
27 71 4.0 36.0
48 69 48.0 32.0
19 17 78.0 159.0
11 16 199.0 85.0
22 8 122.0 162.0
1 50 199.0 153.0
9 25 23.0 166.0
12 79 104.0 82.0
22 13 73.0 60.0
86 13 89.0 74.0
41 18 167.0 167.0
25 10 170.0 166.0
15 21 175.0 92.0
68 12 196.0 174.0
28 41 195.0 171.0
33 14 40.0 51.0
30 26 140.0 66.0
31 11 106.0 29.0
20 8 96.0 73.0
50 39 198.0 67.0
28 9 56.0 125.0
58 74 112.0 52.0
29 16 120.0 59.0
21 13 103.0 161.0
31 70 130.0 44.0
72 50 44.0 188.0
17 20 128.0 93.0
25 5 30.0 78.0
70 50 28.0 38.0
15 20 46.0 93.0
44 61 93.0 167.0
66 77 189.0 197.0
52 74 26.0 71.0
37 12 145.0 22.0
68 74 31.0 73.0
12 58 147.0 14.0
21 47 160.0 127.0
11 27 112.0 159.0
34 35 140.0 6.0
7 21 113.0 81.0
29 10 70.0 91.0
78 42 37.0 15.0
30 31 56.0 68.0
2 63 1.0 155.0
24 48 182.0 114.0
33 3 180.0 46.0
14 23 157.0 120.0
27 9 11.0 22.0
26 3 117.0 82.0
37 52 159.0 154.0
83 85 185.0 168.0
62 16 48.0 139.0
55 50 14.0 182.0
11 22 77.0 146.0
46 50 144.0 34.0
9 41 174.0 156.0
10 26 51.0 91.0
4 2 129.0 11.0
78 40 84.0 67.0
47 63 165.0 132.0
24 10 137.0 131.0
44 74 128.0 166.0
35 1 165.0 72.0
71 73 81.0 139.0
25 6 10.0 84.0
84 48 6.0 91.0
23 17 81.0 91.0
55 52 127.0 198.0
73 18 137.0 64.0
21 5 103.0 65.0
45 12 142.0 68.0
85 40 192.0 175.0
36 53 24.0 154.0
6 55 134.0 30.0
47 30 25.0 167.0
29 11 91.0 152.0
77 16 52.0 28.0
22 34 86.0 155.0
45 4 156.0 180.0
25 12 27.0 149.0
85 84 27.0 3.0
44 21 10.0 113.0
32 4 60.0 187.0
26 14 43.0 151.0
81 20 12.0 48.0
37 2 63.0 98.0
66 67 17.0 171.0
11 26 106.0 197.0
61 21 181.0 134.0
33 70 198.0 143.0
77 79 29.0 58.0
59 43 82.0 25.0
11 28 174.0 94.0
17 21 63.0 189.0
22 37 161.0 33.0
2 33 113.0 20.0
61 27 73.0 94.0
4 33 33.0 71.0
73 20 142.0 63.0
16 23 41.0 25.0
54 64 45.0 15.0
19 33 143.0 109.0
16 24 53.0 56.0
37 7 58.0 166.0
33 50 184.0 131.0
36 75 123.0 169.0
1 57 183.0 66.0
35 54 89.0 176.0
18 13 82.0 135.0
38 35 168.0 25.0
23 59 166.0 173.0
65 53 141.0 176.0
29 5 108.0 77.0
27 39 154.0 31.0
26 6 159.0 90.0
65 45 55.0 49.0
43 25 13.0 137.0
51 28 126.0 133.0
86 68 107.0 92.0
1 37 104.0 0.0
17 80 95.0 164.0
35 2 11.0 1.0
48 32 185.0 122.0
69 4 72.0 192.0
20 53 95.0 37.0
80 78 146.0 21.0
12 28 29.0 53.0
47 83 14.0 85.0
76 80 111.0 61.0
21 58 193.0 74.0
7 13 16.0 131.0
14 12 132.0 40.0
62 3 2.0 27.0
80 36 79.0 148.0
9 71 48.0 108.0
67 46 195.0 15.0
31 27 190.0 59.0
4 34 102.0 184.0
24 8 3.0 118.0
12 26 196.0 135.0
58 27 190.0 150.0
62 70 78.0 21.0
14 24 117.0 78.0
61 46 68.0 64.0
73 32 69.0 10.0
30 71 91.0 171.0
78 23 52.0 94.0
78 4 94.0 48.0
31 39 11.0 36.0
31 8 6.0 41.0
81 5 164.0 75.0
50 63 191.0 184.0
12 4 72.0 13.0
74 49 2.0 164.0
63 41 83.0 54.0
37 65 192.0 177.0
10 66 54.0 3.0
37 30 64.0 61.0
30 10 34.0 28.0
6 32 92.0 178.0
28 82 148.0 116.0
36 73 106.0 150.0
20 34 139.0 189.0
12 50 64.0 131.0
3 36 11.0 119.0
10 31 152.0 27.0
23 55 49.0 187.0
71 86 179.0 93.0
81 42 187.0 79.0
29 65 189.0 93.0
4 84 198.0 80.0
39 28 142.0 15.0
8 55 85.0 105.0
25 14 38.0 37.0
62 43 161.0 39.0
42 33 153.0 141.0
75 43 192.0 141.0
13 75 141.0 133.0
72 48 79.0 92.0
26 15 81.0 22.0
4 1 11.0 166.0
24 12 153.0 1.0
75 70 130.0 115.0
16 47 75.0 83.0
18 9 183.0 19.0
80 43 136.0 76.0
11 24 197.0 16.0
70 53 20.0 79.0
27 14 82.0 183.0
86 42 190.0 187.0
17 35 159.0 120.0
81 52 43.0 187.0
57 15 95.0 26.0
50 11 180.0 31.0
41 1 50.0 130.0
50 78 11.0 23.0
12 27 64.0 45.0
86 7 177.0 6.0
42 27 101.0 89.0
2 39 165.0 144.0
57 5 97.0 60.0
14 18 152.0 30.0
12 77 185.0 2.0
60 52 79.0 196.0
11 40 183.0 143.0
38 62 112.0 113.0
80 41 13.0 166.0
30 5 120.0 178.0
30 4 114.0 170.0
18 35 30.0 66.0
25 29 81.0 167.0
81 34 86.0 160.0
73 45 182.0 69.0
30 11 137.0 46.0
39 21 22.0 150.0
42 61 60.0 143.0
56 66 58.0 126.0
6 59 25.0 89.0
28 10 10.0 58.0
13 19 32.0 96.0
53 67 88.0 14.0
65 8 93.0 25.0
8 28 100.0 115.0
64 37 79.0 112.0
21 16 140.0 137.0
1 3 195.0 117.0
38 4 111.0 157.0
26 16 28.0 143.0
38 3 128.0 116.0
52 34 100.0 21.0
7 34 28.0 153.0
2 78 127.0 107.0
29 59 38.0 19.0
62 32 162.0 185.0
75 10 66.0 25.0
24 18 25.0 47.0
20 22 57.0 153.0
66 30 181.0 158.0
81 56 115.0 161.0
47 77 88.0 194.0
37 6 192.0 79.0
18 23 71.0 106.0
7 33 108.0 90.0
86 82 186.0 85.0
23 13 165.0 43.0
35 6 30.0 147.0
3 35 97.0 97.0
27 15 98.0 137.0
63 23 161.0 90.0
38 55 192.0 32.0
8 26 82.0 53.0
86 57 16.0 68.0
72 19 143.0 181.0
7 31 186.0 125.0
32 46 22.0 35.0
36 23 125.0 120.0
38 25 174.0 38.0
79 49 189.0 118.0
54 10 108.0 71.0
59 5 191.0 124.0
15 63 77.0 87.0
59 85 183.0 63.0
44 11 158.0 5.0
26 64 116.0 83.0
2 46 149.0 42.0
23 19 41.0 138.0
85 71 146.0 149.0
75 67 162.0 137.0
9 32 126.0 191.0
46 70 80.0 110.0
72 38 32.0 39.0
4 36 136.0 148.0
6 30 44.0 38.0
18 47 187.0 85.0
31 69 96.0 85.0
49 69 48.0 10.0
30 57 140.0 175.0
13 30 66.0 172.0
6 36 1.0 51.0
23 20 186.0 138.0
19 29 149.0 30.0
41 2 99.0 136.0
86 20 66.0 147.0
80 19 146.0 114.0
67 32 121.0 38.0
40 3 135.0 139.0
25 31 12.0 136.0
29 53 140.0 198.0
73 17 163.0 89.0
4 35 197.0 14.0
8 35 193.0 63.0
23 2 183.0 92.0
40 27 1.0 56.0
7 38 68.0 136.0
27 32 184.0 80.0
84 38 158.0 124.0
35 9 3.0 73.0
85 8 140.0 152.0
85 76 24.0 86.0
83 73 67.0 7.0
17 22 106.0 69.0
41 22 102.0 174.0
53 63 186.0 39.0
36 1 97.0 96.0
32 8 23.0 52.0
55 47 112.0 164.0
36 7 67.0 136.0
35 11 192.0 135.0
38 5 172.0 98.0
58 35 96.0 26.0
42 1 68.0 34.0
12 31 166.0 117.0
38 2 11.0 189.0
19 22 96.0 123.0
12 33 87.0 164.0
81 32 68.0 80.0
60 63 72.0 192.0
4 83 186.0 120.0
75 19 73.0 54.0
9 51 87.0 39.0
52 7 19.0 98.0
24 20 193.0 115.0
69 60 46.0 33.0
83 38 193.0 114.0
6 49 46.0 18.0
45 31 16.0 32.0
50 6 81.0 89.0
17 25 8.0 169.0
30 36 99.0 179.0
26 74 83.0 92.0
9 33 65.0 129.0
63 86 34.0 10.0
40 75 130.0 32.0
26 17 116.0 146.0
17 27 123.0 149.0
59 9 129.0 83.0
37 40 187.0 28.0
19 64 92.0 71.0
5 34 141.0 109.0
28 17 49.0 127.0
61 14 171.0 179.0
27 19 88.0 39.0
23 46 182.0 163.0
20 21 53.0 64.0
38 1 76.0 193.0
62 33 68.0 168.0
77 21 68.0 9.0
7 75 50.0 118.0
2 66 80.0 174.0
52 82 193.0 120.0
41 5 118.0 128.0
23 12 49.0 123.0
15 53 154.0 77.0
77 22 53.0 22.0
9 29 177.0 121.0
28 19 22.0 28.0
58 49 120.0 54.0
43 3 74.0 66.0
78 31 198.0 144.0
39 64 78.0 199.0
3 39 20.0 184.0
10 35 101.0 73.0
76 72 164.0 78.0
34 10 83.0 139.0
32 15 132.0 156.0
73 35 83.0 158.0
65 67 162.0 33.0
44 85 105.0 40.0
29 80 134.0 126.0
24 22 77.0 35.0
32 13 93.0 193.0
39 7 136.0 128.0
12 34 198.0 20.0
33 11 82.0 82.0
39 56 2.0 44.0
30 15 8.0 107.0
19 24 197.0 142.0
7 26 187.0 26.0
60 61 119.0 32.0
24 9 182.0 7.0
2 65 8.0 181.0
44 2 191.0 42.0
39 80 30.0 193.0
25 16 90.0 191.0
45 24 127.0 39.0
30 25 10.0 114.0
85 78 142.0 129.0
8 38 105.0 125.0
11 32 27.0 65.0
15 31 3.0 18.0
20 27 175.0 186.0
60 34 5.0 65.0
57 65 77.0 132.0
3 74 64.0 39.0
57 33 158.0 7.0
11 36 125.0 15.0
6 31 167.0 104.0
14 57 88.0 170.0
36 8 53.0 63.0
10 36 100.0 10.0
5 42 163.0 129.0
21 23 40.0 27.0
39 9 98.0 150.0
29 70 116.0 176.0
26 9 139.0 83.0
62 61 144.0 179.0
27 25 152.0 197.0
21 24 163.0 52.0
30 8 197.0 78.0
34 9 144.0 37.0
15 29 66.0 42.0
63 33 103.0 183.0
38 15 110.0 42.0
67 81 139.0 54.0
10 33 43.0 91.0
77 84 67.0 158.0
25 13 131.0 64.0
14 66 89.0 75.0
59 46 96.0 156.0
79 30 195.0 151.0
6 41 182.0 105.0
69 12 184.0 73.0
27 18 79.0 179.0
2 42 39.0 98.0
28 18 171.0 122.0
4 41 63.0 60.0
15 25 59.0 112.0
39 4 17.0 6.0
76 48 25.0 151.0
4 40 138.0 162.0
41 74 151.0 169.0
24 43 156.0 142.0
43 4 54.0 79.0
67 47 33.0 117.0
53 48 168.0 44.0
50 21 102.0 137.0
60 67 88.0 80.0
75 29 4.0 26.0
16 38 14.0 107.0
72 8 102.0 123.0
32 1 81.0 108.0
47 8 155.0 114.0
56 64 4.0 75.0
84 81 27.0 58.0
61 43 116.0 115.0
63 78 116.0 72.0
29 48 8.0 82.0
55 10 95.0 62.0
39 1 54.0 128.0
1 43 10.0 161.0
86 69 67.0 166.0
63 44 4.0 46.0
78 18 0.0 72.0
16 27 46.0 68.0
82 45 104.0 6.0
5 40 20.0 151.0
26 21 42.0 26.0
36 14 179.0 4.0
45 2 129.0 198.0
51 19 15.0 85.0
36 35 11.0 15.0
30 18 130.0 9.0
61 5 94.0 186.0
21 18 179.0 114.0
23 27 89.0 21.0
39 11 57.0 68.0
6 38 96.0 138.0
42 4 19.0 112.0
7 42 92.0 182.0
25 23 149.0 174.0
3 47 44.0 195.0
4 68 113.0 23.0
9 37 34.0 154.0
2 14 74.0 43.0
14 28 56.0 171.0
7 76 146.0 75.0
65 61 29.0 190.0
33 45 10.0 130.0
25 80 173.0 6.0
53 23 92.0 38.0
15 47 104.0 126.0
49 1 161.0 179.0
29 22 10.0 17.0
58 5 155.0 108.0
31 16 56.0 137.0
41 14 90.0 66.0
38 11 83.0 63.0
34 11 185.0 175.0
51 16 165.0 90.0
9 52 124.0 126.0
42 26 12.0 87.0
16 28 146.0 119.0
7 67 60.0 3.0
73 6 173.0 151.0
17 31 53.0 8.0
14 30 66.0 39.0
45 1 12.0 31.0
77 55 177.0 88.0
80 72 97.0 141.0
74 75 169.0 44.0
38 9 145.0 181.0
3 44 67.0 118.0
9 40 119.0 120.0
27 46 4.0 185.0
47 5 198.0 16.0
47 57 84.0 127.0
35 33 107.0 181.0
16 32 102.0 28.0
51 30 197.0 199.0
1 80 193.0 64.0
16 33 162.0 64.0
71 6 144.0 166.0
76 29 48.0 95.0
13 36 22.0 84.0
22 27 124.0 129.0
86 28 171.0 26.0
58 14 61.0 168.0
85 75 193.0 6.0
14 29 73.0 155.0
14 32 40.0 169.0
46 65 94.0 88.0
84 27 130.0 116.0
57 75 185.0 6.0
12 30 74.0 108.0
6 39 7.0 87.0
84 46 38.0 0.0
68 81 34.0 63.0
12 44 85.0 27.0
14 46 136.0 131.0
38 13 30.0 18.0
32 45 105.0 167.0
53 6 121.0 179.0
38 10 22.0 128.0
75 32 76.0 12.0
2 40 18.0 62.0
31 20 158.0 103.0
2 77 197.0 47.0
35 30 183.0 179.0
47 6 2.0 88.0
36 15 182.0 76.0
58 11 151.0 4.0
42 31 26.0 179.0
37 49 105.0 197.0
4 71 192.0 64.0
62 50 25.0 141.0
71 59 74.0 160.0
34 18 96.0 77.0
20 80 12.0 78.0
4 53 99.0 163.0
75 28 47.0 77.0
19 30 124.0 152.0
23 26 166.0 69.0
42 43 64.0 143.0
40 6 5.0 138.0
13 50 29.0 101.0
34 17 134.0 41.0
41 7 120.0 185.0
53 7 93.0 167.0
47 1 16.0 17.0
10 37 175.0 134.0
10 42 36.0 39.0
5 79 141.0 41.0
42 56 170.0 122.0
48 1 192.0 56.0
56 26 77.0 64.0
24 68 96.0 170.0
17 64 198.0 64.0
71 33 179.0 174.0
8 46 64.0 15.0
48 3 193.0 157.0
3 46 130.0 115.0
84 12 20.0 74.0
37 33 123.0 97.0
27 13 127.0 172.0
82 81 137.0 126.0
10 32 166.0 116.0
54 8 161.0 182.0
50 2 147.0 106.0
12 60 166.0 29.0
10 43 12.0 187.0
36 12 66.0 87.0
18 32 15.0 193.0
36 17 139.0 152.0
28 23 189.0 57.0
74 7 146.0 102.0
58 39 102.0 45.0
7 44 77.0 69.0
48 5 26.0 41.0
45 39 52.0 92.0
77 51 44.0 67.0
41 12 33.0 183.0
8 42 94.0 174.0
39 51 164.0 41.0
81 43 17.0 66.0
34 38 98.0 46.0
13 39 92.0 77.0
60 36 67.0 144.0
22 32 21.0 111.0
21 29 23.0 54.0
12 38 23.0 117.0
43 49 92.0 187.0
40 15 118.0 61.0
7 45 189.0 168.0
7 64 73.0 33.0
52 1 126.0 141.0
36 18 77.0 99.0
39 10 42.0 52.0
34 62 141.0 65.0
35 13 85.0 33.0
84 35 152.0 3.0
26 13 107.0 93.0
41 10 136.0 181.0
85 3 101.0 14.0
16 37 177.0 130.0
66 11 105.0 19.0
73 80 40.0 46.0
1 83 149.0 125.0
31 51 184.0 53.0
44 14 172.0 91.0
12 49 185.0 108.0
51 74 73.0 39.0
20 84 8.0 50.0
19 26 112.0 113.0
6 61 149.0 104.0
57 4 22.0 50.0
9 45 64.0 158.0
36 5 180.0 37.0
65 16 125.0 117.0
21 34 57.0 198.0
67 85 86.0 18.0
30 23 33.0 150.0
52 41 139.0 182.0
15 34 96.0 162.0
7 49 42.0 160.0
40 12 53.0 174.0
2 47 115.0 178.0
28 13 30.0 125.0
27 21 103.0 116.0
19 7 22.0 88.0
44 10 107.0 161.0
62 64 95.0 3.0
19 57 126.0 90.0
62 65 160.0 131.0
7 72 157.0 28.0
82 26 70.0 139.0
32 19 26.0 125.0
23 58 195.0 48.0
19 35 92.0 54.0
7 30 89.0 139.0
71 14 143.0 16.0
14 40 2.0 104.0
29 20 150.0 111.0
11 43 189.0 20.0
70 18 181.0 15.0
76 77 195.0 128.0
43 12 119.0 39.0
12 39 71.0 161.0
45 44 6.0 14.0
61 59 37.0 161.0
81 3 95.0 188.0
33 21 134.0 84.0
23 31 65.0 68.0
37 17 198.0 60.0
60 33 28.0 69.0
64 85 143.0 99.0
42 83 36.0 102.0
47 54 147.0 25.0
42 11 163.0 42.0
49 10 80.0 97.0
36 44 151.0 145.0
2 34 197.0 101.0
53 2 192.0 26.0
46 7 160.0 88.0
78 69 136.0 148.0
28 59 92.0 83.0
7 48 113.0 55.0
45 22 191.0 145.0
57 83 136.0 94.0
79 50 161.0 86.0
26 28 119.0 106.0
66 51 189.0 31.0
50 5 93.0 77.0
37 57 45.0 185.0
28 20 98.0 159.0
43 67 120.0 41.0
2 54 147.0 9.0
15 37 153.0 108.0
7 9 156.0 24.0
47 75 48.0 97.0
13 40 142.0 141.0
43 13 28.0 187.0
18 37 170.0 126.0
2 52 102.0 42.0
22 30 91.0 1.0
21 68 161.0 196.0
48 8 140.0 70.0
41 8 65.0 141.0
28 21 180.0 7.0
36 20 33.0 8.0
80 67 0.0 155.0
42 14 165.0 54.0
4 52 52.0 8.0
17 60 48.0 165.0
51 5 103.0 141.0
8 75 97.0 168.0
35 22 78.0 29.0
14 55 70.0 63.0
27 80 34.0 70.0
22 33 122.0 0.0
70 67 104.0 174.0
40 41 191.0 104.0
32 76 82.0 94.0
55 2 196.0 179.0
27 26 119.0 26.0
25 24 27.0 189.0
44 1 133.0 14.0
4 47 172.0 56.0
11 45 140.0 28.0
51 69 2.0 131.0
51 21 9.0 36.0
63 71 38.0 157.0
24 30 80.0 157.0
50 3 189.0 59.0
83 46 199.0 123.0
54 20 14.0 171.0
51 2 140.0 154.0
62 24 165.0 142.0
28 25 112.0 127.0
46 10 27.0 102.0
33 66 45.0 107.0
60 78 68.0 34.0
37 60 32.0 67.0
79 63 106.0 198.0
1 54 176.0 46.0
30 85 109.0 94.0
85 86 169.0 173.0
39 16 77.0 196.0
10 47 195.0 122.0
40 18 119.0 15.0
39 5 163.0 151.0
57 50 117.0 69.0
51 6 99.0 46.0
2 49 181.0 160.0
7 47 122.0 150.0
79 34 198.0 152.0
22 49 82.0 193.0
86 34 106.0 153.0
41 15 20.0 69.0
77 15 164.0 89.0
19 38 68.0 15.0
57 3 92.0 1.0
24 27 20.0 167.0
42 60 62.0 170.0
31 19 33.0 96.0
35 78 120.0 139.0
44 9 65.0 92.0
19 44 111.0 181.0
47 11 96.0 131.0
68 37 31.0 141.0
53 37 143.0 3.0
2 80 124.0 157.0
39 15 165.0 157.0
23 32 161.0 37.0
31 26 114.0 26.0
24 33 179.0 177.0
23 37 126.0 76.0
38 17 133.0 109.0
54 31 56.0 29.0
24 53 30.0 180.0
5 73 95.0 195.0
31 22 3.0 8.0
54 12 175.0 117.0
34 23 102.0 155.0
25 32 52.0 28.0
56 1 125.0 138.0
32 26 144.0 181.0
42 9 145.0 126.0
80 32 198.0 192.0
60 80 170.0 1.0
5 77 86.0 145.0
46 77 177.0 188.0
10 76 83.0 29.0
20 33 13.0 8.0
65 4 192.0 109.0
17 30 162.0 137.0
27 28 165.0 112.0
80 82 23.0 87.0
25 35 157.0 109.0
56 3 121.0 134.0
1 59 78.0 4.0
38 20 122.0 91.0
69 32 65.0 114.0
29 32 97.0 180.0
32 55 168.0 14.0
29 28 198.0 143.0
45 16 76.0 155.0
42 18 74.0 149.0
8 49 41.0 152.0
9 48 177.0 163.0
77 54 137.0 195.0
78 38 166.0 34.0
6 57 177.0 135.0
57 21 141.0 175.0
43 5 90.0 170.0
56 6 131.0 116.0
55 5 96.0 172.0
35 23 164.0 26.0
68 84 46.0 101.0
39 18 15.0 13.0
67 11 190.0 145.0
9 49 118.0 84.0
54 49 128.0 160.0
10 50 151.0 11.0
54 17 113.0 199.0
31 68 37.0 30.0
65 38 42.0 36.0
28 31 107.0 10.0
52 22 183.0 97.0
39 20 183.0 101.0
66 37 65.0 63.0
13 44 140.0 168.0
58 68 83.0 6.0
42 57 191.0 72.0
54 5 186.0 186.0
22 61 162.0 93.0
16 44 130.0 98.0
22 38 16.0 113.0
24 32 104.0 33.0
81 70 167.0 197.0
43 16 17.0 2.0
72 49 6.0 161.0
55 3 196.0 145.0
29 24 46.0 159.0
38 58 162.0 176.0
25 39 22.0 130.0
13 48 79.0 78.0
29 86 44.0 198.0
24 35 69.0 62.0
19 70 161.0 76.0
20 35 65.0 158.0
26 80 1.0 111.0
58 3 86.0 115.0
8 64 52.0 60.0
23 24 84.0 131.0
23 74 197.0 128.0
44 79 108.0 66.0
45 17 87.0 21.0
4 74 135.0 152.0
33 29 30.0 136.0
54 7 184.0 117.0
27 82 160.0 189.0
6 54 187.0 196.0
55 15 35.0 136.0
9 53 32.0 95.0
35 27 68.0 72.0
53 11 153.0 3.0
81 8 47.0 183.0
43 18 190.0 183.0
21 35 50.0 102.0
82 33 151.0 37.0
48 34 42.0 186.0
48 10 129.0 74.0
20 37 151.0 149.0
11 48 67.0 56.0
51 43 91.0 114.0
69 40 122.0 33.0
26 35 19.0 173.0
25 7 113.0 170.0
35 57 168.0 155.0
28 22 45.0 97.0
33 28 155.0 149.0
14 80 52.0 174.0
36 45 138.0 143.0
77 9 112.0 12.0
60 2 155.0 83.0
61 58 188.0 68.0
37 21 8.0 156.0
17 43 142.0 53.0
51 8 59.0 50.0
39 17 5.0 111.0
20 42 155.0 143.0
26 37 151.0 67.0
13 46 145.0 106.0
3 49 20.0 133.0
25 36 164.0 28.0
20 41 50.0 59.0
3 54 44.0 109.0
26 34 150.0 50.0
31 50 112.0 105.0
36 51 99.0 63.0
81 54 181.0 196.0
71 49 102.0 154.0
51 12 66.0 19.0
42 19 53.0 116.0
52 11 24.0 49.0
34 27 127.0 175.0
33 26 50.0 191.0
53 3 183.0 101.0
55 9 128.0 117.0
15 46 199.0 183.0
21 41 126.0 17.0
52 8 123.0 131.0
73 21 11.0 147.0
18 44 29.0 90.0
60 23 168.0 79.0
40 34 17.0 151.0
42 13 163.0 98.0
3 59 153.0 114.0
22 39 19.0 79.0
1 61 32.0 142.0
51 34 174.0 43.0
51 10 127.0 3.0
2 58 57.0 95.0
67 39 151.0 26.0
56 45 14.0 114.0
15 48 40.0 167.0
75 79 82.0 59.0
50 9 151.0 114.0
5 56 63.0 125.0
86 30 11.0 190.0
63 36 84.0 20.0
47 17 54.0 35.0
86 22 129.0 69.0
49 15 146.0 121.0
13 49 195.0 180.0
28 34 81.0 146.0
32 59 199.0 144.0
80 61 69.0 10.0
8 6 55.0 105.0
29 31 153.0 109.0
20 79 178.0 82.0
40 24 154.0 124.0
33 32 23.0 149.0
44 17 106.0 57.0
27 33 177.0 105.0
36 21 107.0 198.0
21 40 32.0 114.0
39 23 92.0 186.0
9 75 25.0 70.0
56 8 113.0 131.0
38 44 106.0 89.0
76 75 105.0 12.0
32 70 35.0 34.0
69 19 187.0 95.0
45 19 186.0 19.0
23 40 196.0 78.0
2 61 154.0 173.0
59 2 3.0 20.0
54 9 123.0 109.0
47 14 106.0 28.0
27 36 78.0 94.0
65 30 37.0 65.0
52 12 192.0 23.0
13 60 124.0 188.0
35 29 1.0 31.0
37 28 60.0 156.0
21 42 23.0 183.0
24 41 80.0 81.0
44 70 175.0 110.0
41 16 171.0 12.0
10 52 63.0 163.0
28 35 42.0 140.0
10 56 35.0 195.0
2 57 190.0 47.0
41 84 58.0 13.0
65 31 76.0 90.0
7 69 90.0 3.0
32 34 45.0 13.0
43 20 44.0 109.0
64 1 48.0 38.0
7 55 98.0 35.0
71 1 8.0 40.0
6 58 12.0 18.0
32 37 73.0 40.0
14 34 141.0 164.0
62 36 167.0 186.0
64 2 137.0 163.0
34 31 20.0 185.0
57 7 26.0 118.0
30 34 72.0 34.0
66 57 15.0 84.0
36 29 124.0 88.0
11 65 131.0 65.0
45 18 40.0 50.0
6 76 52.0 129.0
34 24 152.0 72.0
24 58 94.0 130.0
40 25 17.0 167.0
21 54 32.0 184.0
26 39 152.0 109.0
14 79 11.0 35.0
32 31 86.0 3.0
2 85 66.0 138.0
16 81 191.0 170.0
52 70 159.0 85.0
23 43 138.0 128.0
33 81 192.0 122.0
29 84 13.0 96.0
19 46 40.0 176.0
10 53 69.0 78.0
62 4 15.0 135.0
64 70 36.0 6.0
23 42 128.0 195.0
14 39 160.0 18.0
11 55 172.0 104.0
21 38 34.0 137.0
7 83 53.0 26.0
37 29 61.0 74.0
9 56 4.0 29.0
52 13 129.0 41.0
68 45 32.0 57.0
43 30 99.0 144.0
63 48 44.0 23.0
42 84 37.0 30.0
1 65 176.0 43.0
18 50 139.0 38.0
40 44 50.0 143.0
27 41 38.0 179.0
38 26 37.0 70.0
47 20 136.0 136.0
20 51 73.0 132.0
14 51 4.0 62.0
46 68 140.0 180.0
66 21 158.0 31.0
56 38 196.0 160.0
56 7 36.0 34.0
43 47 49.0 73.0
50 14 142.0 137.0
14 53 51.0 15.0
61 82 163.0 7.0
17 49 62.0 104.0
47 50 51.0 172.0
79 17 126.0 47.0
36 52 104.0 114.0
12 73 64.0 105.0
52 3 128.0 158.0
47 42 153.0 179.0
63 1 89.0 68.0
60 3 187.0 103.0
65 3 74.0 191.0
7 60 31.0 152.0
77 82 113.0 87.0
27 38 109.0 129.0
45 20 3.0 189.0
52 15 167.0 108.0
79 85 31.0 56.0
60 9 113.0 171.0
46 69 147.0 139.0
47 9 176.0 130.0
82 70 70.0 42.0
64 84 99.0 131.0
58 73 23.0 54.0
67 61 146.0 190.0
26 41 192.0 129.0
44 23 50.0 57.0
67 1 119.0 149.0
22 46 55.0 47.0
8 57 161.0 77.0
13 51 176.0 13.0
44 24 72.0 151.0
55 13 73.0 170.0
1 62 4.0 17.0
13 57 71.0 6.0
40 28 167.0 142.0
38 29 188.0 22.0
54 15 148.0 149.0
15 43 45.0 124.0
3 72 164.0 69.0
22 40 14.0 37.0
18 48 100.0 170.0
23 41 54.0 123.0
30 78 24.0 21.0
28 71 190.0 12.0
29 40 60.0 138.0
81 73 162.0 57.0
12 56 115.0 126.0
60 20 67.0 129.0
59 10 153.0 119.0
22 42 66.0 160.0
15 84 171.0 42.0
68 2 129.0 161.0
80 50 149.0 190.0
38 28 11.0 112.0
57 11 149.0 126.0
23 33 131.0 168.0
32 38 40.0 85.0
19 39 47.0 58.0
55 12 12.0 19.0
53 71 77.0 141.0
37 27 105.0 178.0
51 18 161.0 116.0
74 13 139.0 63.0
50 17 61.0 70.0
36 84 58.0 54.0
81 21 139.0 106.0
19 50 25.0 103.0
3 63 49.0 54.0
26 40 163.0 155.0
44 25 156.0 76.0
48 17 20.0 47.0
46 25 146.0 33.0
61 3 34.0 5.0
57 9 21.0 125.0
9 58 53.0 47.0
53 17 104.0 103.0
53 51 10.0 19.0
68 19 51.0 166.0
45 23 62.0 71.0
67 82 61.0 161.0
11 61 0.0 47.0
62 69 121.0 22.0
25 42 177.0 126.0
81 10 57.0 81.0
66 3 177.0 67.0
30 84 88.0 28.0
31 36 83.0 103.0
4 60 5.0 145.0
17 52 11.0 6.0
7 62 21.0 84.0
20 48 123.0 198.0
5 69 87.0 180.0
12 57 82.0 64.0
60 11 184.0 122.0
40 30 54.0 68.0
84 62 71.0 59.0
60 30 178.0 82.0
54 23 150.0 0.0
18 59 25.0 74.0
54 14 115.0 112.0
27 64 143.0 149.0
31 33 119.0 127.0
58 22 139.0 173.0
6 63 22.0 10.0
51 15 103.0 152.0
25 45 92.0 6.0
48 21 37.0 69.0
29 39 196.0 153.0
66 6 85.0 139.0
59 30 176.0 156.0
39 30 127.0 115.0
22 44 171.0 101.0
62 8 86.0 27.0
1 69 117.0 178.0
53 18 55.0 106.0
32 35 45.0 4.0
65 52 192.0 82.0
81 29 81.0 168.0
44 26 88.0 8.0
34 37 83.0 60.0
33 54 128.0 169.0
51 11 41.0 197.0
64 6 82.0 96.0
20 49 133.0 79.0
65 36 62.0 126.0
56 17 22.0 143.0
43 78 43.0 110.0
62 6 135.0 126.0
52 16 185.0 63.0
81 30 0.0 26.0
72 14 88.0 34.0
18 56 27.0 22.0
26 36 129.0 42.0
4 66 76.0 151.0
10 60 157.0 119.0
70 1 145.0 92.0
47 29 98.0 83.0
50 36 94.0 98.0
8 61 168.0 134.0
74 33 127.0 195.0
43 27 155.0 56.0
54 86 168.0 31.0
40 31 156.0 77.0
49 21 147.0 54.0
75 22 55.0 45.0
59 12 39.0 101.0
44 27 32.0 7.0
5 66 104.0 159.0
26 43 71.0 59.0
56 11 98.0 39.0
49 73 143.0 55.0
38 30 124.0 42.0
17 82 148.0 179.0
65 5 17.0 187.0
61 35 164.0 49.0
56 75 45.0 68.0
19 47 5.0 116.0
67 5 117.0 103.0
52 39 118.0 12.0
61 10 169.0 42.0
30 69 179.0 70.0
56 16 26.0 196.0
36 32 57.0 142.0
26 25 84.0 54.0
24 59 166.0 89.0
52 20 4.0 83.0
58 15 178.0 122.0
26 45 194.0 100.0
72 81 49.0 173.0
7 66 39.0 28.0
22 51 75.0 48.0
62 67 80.0 159.0
29 41 53.0 198.0
71 2 103.0 58.0
49 24 77.0 82.0
34 59 44.0 23.0
34 36 187.0 94.0
64 35 139.0 27.0
47 22 34.0 14.0
17 76 154.0 66.0
25 33 22.0 8.0
31 67 27.0 125.0
11 59 104.0 104.0
17 42 149.0 148.0
69 2 50.0 89.0
77 49 17.0 189.0
25 48 25.0 3.0
52 18 7.0 132.0
21 65 185.0 29.0
45 55 164.0 12.0
59 7 111.0 68.0
35 37 129.0 13.0
70 3 184.0 179.0
52 19 65.0 1.0
59 13 6.0 43.0
29 42 64.0 13.0
72 69 129.0 1.0
1 72 70.0 93.0
31 41 86.0 182.0
9 61 198.0 167.0
24 47 19.0 182.0
55 78 143.0 36.0
24 46 21.0 101.0
64 5 73.0 85.0
67 51 112.0 154.0
36 38 140.0 135.0
59 62 149.0 178.0
29 44 65.0 99.0
63 10 62.0 36.0
11 54 13.0 5.0
10 62 158.0 34.0
49 23 184.0 184.0
50 25 16.0 96.0
48 26 52.0 108.0
60 14 20.0 153.0
85 38 28.0 37.0
51 24 8.0 90.0
77 44 2.0 173.0
40 35 77.0 160.0
85 31 43.0 61.0
46 16 173.0 59.0
9 63 97.0 178.0
19 53 191.0 70.0
32 43 175.0 171.0
56 86 79.0 136.0
39 33 165.0 81.0
2 72 3.0 194.0
64 10 125.0 199.0
67 6 162.0 50.0
37 61 137.0 11.0
25 34 0.0 81.0
67 9 170.0 128.0
81 35 78.0 1.0
32 39 50.0 196.0
58 63 69.0 6.0
83 40 115.0 146.0
31 43 194.0 77.0
80 75 89.0 83.0
81 75 159.0 42.0
11 62 187.0 81.0
31 83 63.0 65.0
64 9 47.0 66.0
73 1 2.0 69.0
57 18 92.0 117.0
48 19 142.0 38.0
59 16 156.0 183.0
15 68 7.0 67.0
72 33 133.0 194.0
65 6 2.0 149.0
73 2 29.0 50.0
50 24 116.0 183.0
45 29 3.0 8.0
37 36 137.0 97.0
62 13 159.0 93.0
32 41 109.0 167.0
50 42 148.0 195.0
18 55 103.0 150.0
5 70 150.0 84.0
62 12 14.0 18.0
63 37 23.0 17.0
44 71 98.0 160.0
47 25 60.0 58.0
66 8 84.0 170.0
41 34 168.0 32.0
6 68 124.0 23.0
60 15 14.0 26.0
64 21 0.0 28.0
49 44 0.0 175.0
28 56 114.0 98.0
57 81 11.0 174.0
2 70 128.0 95.0
74 2 74.0 48.0
34 42 52.0 150.0
51 23 58.0 67.0
65 12 195.0 58.0
56 20 156.0 195.0
11 84 60.0 22.0
71 70 191.0 71.0
13 64 59.0 71.0
80 56 59.0 85.0
37 38 121.0 111.0
14 59 137.0 179.0
53 21 71.0 84.0
45 28 142.0 179.0
49 26 182.0 154.0
26 67 148.0 126.0
61 32 94.0 7.0
80 24 59.0 105.0
70 57 197.0 132.0
5 63 77.0 86.0
15 75 122.0 148.0
36 39 30.0 16.0
68 5 32.0 164.0
65 10 101.0 181.0
71 51 61.0 147.0
74 17 170.0 72.0
11 64 24.0 168.0
26 47 17.0 53.0
64 12 130.0 91.0
16 58 114.0 160.0
63 14 188.0 146.0
8 68 159.0 89.0
41 44 109.0 172.0
51 25 166.0 80.0
55 20 118.0 190.0
68 7 135.0 135.0
83 8 29.0 66.0
16 73 126.0 143.0
63 12 127.0 66.0
82 42 45.0 38.0
67 10 90.0 154.0
55 37 106.0 56.0
47 58 193.0 24.0
77 1 39.0 128.0
60 51 34.0 20.0
70 6 84.0 112.0
57 20 77.0 163.0
7 63 134.0 122.0
46 34 69.0 24.0
71 5 2.0 127.0
19 58 122.0 195.0
9 66 10.0 113.0
71 78 3.0 196.0
63 11 52.0 39.0
71 32 76.0 82.0
52 71 18.0 10.0
54 18 153.0 87.0
44 31 98.0 155.0
49 18 85.0 172.0
50 28 103.0 95.0
15 61 18.0 106.0
59 8 191.0 22.0
32 63 106.0 19.0
40 56 198.0 124.0
70 22 185.0 103.0
46 41 46.0 83.0
71 7 42.0 83.0
6 69 14.0 145.0
33 41 127.0 184.0
27 66 3.0 70.0
29 46 76.0 61.0
57 52 189.0 27.0
65 69 29.0 127.0
16 75 53.0 27.0
38 39 62.0 95.0
25 53 17.0 29.0
30 49 51.0 96.0
49 28 36.0 6.0
63 13 31.0 64.0
75 2 56.0 172.0
63 54 67.0 85.0
35 41 32.0 120.0
4 64 17.0 46.0
74 8 110.0 186.0
86 44 13.0 113.0
63 46 162.0 1.0
76 1 46.0 193.0
38 40 187.0 102.0
8 70 31.0 6.0
82 8 27.0 63.0
7 61 160.0 44.0
69 3 26.0 70.0
65 13 20.0 192.0
24 55 48.0 182.0
58 83 73.0 46.0
31 46 63.0 12.0
33 44 90.0 95.0
57 71 145.0 117.0
29 50 158.0 105.0
52 24 115.0 184.0
37 41 20.0 135.0
42 32 133.0 20.0
18 67 91.0 158.0
56 22 157.0 107.0
72 4 88.0 199.0
62 15 37.0 185.0
38 33 80.0 195.0
32 68 183.0 195.0
34 44 182.0 155.0
82 30 45.0 67.0
16 50 63.0 88.0
40 60 139.0 20.0
78 44 166.0 179.0
83 55 71.0 3.0
79 1 127.0 103.0
22 55 141.0 110.0
25 54 180.0 75.0
39 40 137.0 177.0
35 43 70.0 0.0
78 83 66.0 161.0
40 55 32.0 184.0
60 18 118.0 55.0
68 11 171.0 45.0
72 78 190.0 64.0
17 75 68.0 122.0
32 44 108.0 5.0
51 27 33.0 130.0
16 60 72.0 100.0
68 47 143.0 104.0
54 19 113.0 61.0
68 13 80.0 36.0
52 86 41.0 22.0
66 55 84.0 109.0
72 67 16.0 192.0
3 75 104.0 49.0
74 30 100.0 176.0
69 74 10.0 195.0
45 35 16.0 75.0
17 61 135.0 96.0
39 41 166.0 176.0
34 76 115.0 50.0
56 23 78.0 83.0
83 69 33.0 182.0
62 17 20.0 85.0
58 71 88.0 182.0
31 47 106.0 56.0
18 72 142.0 41.0
51 32 143.0 108.0
30 48 61.0 10.0
63 40 20.0 91.0
61 16 12.0 53.0
52 25 31.0 32.0
35 44 10.0 119.0
70 7 97.0 116.0
14 65 9.0 39.0
70 12 188.0 104.0
13 67 11.0 49.0
62 14 34.0 31.0
64 16 53.0 46.0
61 19 98.0 84.0
25 82 172.0 108.0
5 74 116.0 69.0
53 27 69.0 77.0
83 37 67.0 57.0
52 27 105.0 78.0
38 60 69.0 92.0
41 79 178.0 74.0
52 51 69.0 28.0
44 37 149.0 41.0
59 19 56.0 17.0
64 14 131.0 77.0
7 73 78.0 150.0
71 11 49.0 183.0
1 78 92.0 70.0
29 51 143.0 22.0
62 9 71.0 12.0
84 71 4.0 172.0
47 33 191.0 12.0
69 14 18.0 75.0
43 36 121.0 96.0
73 38 152.0 122.0
84 5 129.0 44.0
65 17 94.0 72.0
72 9 8.0 166.0
69 75 63.0 165.0
8 71 69.0 6.0
19 56 195.0 87.0
32 54 169.0 116.0
79 2 178.0 121.0
42 41 24.0 59.0
61 28 6.0 118.0
63 16 66.0 14.0
18 62 55.0 129.0
62 19 128.0 125.0
57 22 180.0 123.0
29 52 19.0 149.0
15 67 166.0 149.0
36 85 124.0 142.0
75 5 66.0 130.0
39 42 24.0 132.0
43 38 137.0 79.0
30 46 118.0 65.0
76 71 173.0 50.0
62 78 114.0 144.0
22 60 8.0 32.0
52 67 152.0 132.0
10 70 35.0 18.0
25 57 187.0 59.0
59 21 113.0 76.0
50 38 120.0 183.0
22 84 116.0 45.0
75 82 53.0 182.0
23 57 95.0 62.0
81 1 31.0 47.0
53 26 120.0 18.0
48 65 133.0 59.0
74 32 168.0 199.0
69 85 13.0 41.0
75 73 0.0 129.0
61 83 118.0 6.0
40 32 75.0 14.0
85 24 175.0 106.0
28 81 0.0 95.0
59 63 27.0 86.0
72 11 21.0 196.0
18 61 187.0 34.0
15 64 7.0 140.0
27 54 162.0 78.0
45 43 132.0 189.0
69 13 89.0 108.0
20 44 30.0 41.0
61 48 151.0 58.0
60 24 136.0 173.0
28 55 174.0 75.0
36 42 7.0 182.0
14 68 31.0 122.0
65 80 113.0 164.0
7 29 35.0 2.0
5 49 89.0 65.0
57 27 40.0 193.0
68 55 28.0 128.0
82 1 105.0 3.0
42 70 36.0 64.0
14 73 5.0 68.0
48 35 161.0 118.0
41 54 139.0 148.0
4 79 144.0 29.0
40 42 170.0 136.0
46 1 169.0 151.0
9 74 191.0 26.0
18 64 40.0 27.0
26 57 79.0 45.0
30 53 143.0 192.0
76 4 57.0 83.0
55 26 195.0 154.0
77 6 130.0 117.0
39 43 79.0 51.0
83 13 65.0 22.0
74 10 198.0 105.0
31 52 184.0 30.0
21 62 6.0 128.0
69 16 21.0 64.0
24 61 17.0 16.0
37 39 23.0 147.0
65 18 80.0 102.0
80 3 149.0 146.0
55 34 31.0 100.0
83 71 172.0 15.0
40 43 19.0 178.0
43 33 37.0 40.0
58 26 81.0 54.0
83 2 152.0 104.0
33 51 84.0 184.0
72 12 65.0 186.0
58 17 40.0 96.0
14 70 24.0 164.0
36 49 170.0 196.0
84 69 157.0 159.0
34 50 195.0 190.0
54 70 23.0 147.0
81 80 41.0 60.0
55 29 100.0 59.0
51 62 108.0 92.0
36 40 83.0 132.0
25 59 143.0 5.0
3 78 18.0 53.0
15 70 50.0 13.0
34 47 144.0 73.0
76 50 9.0 138.0
39 46 71.0 61.0
5 78 28.0 179.0
70 17 16.0 63.0
46 38 165.0 111.0
73 11 67.0 183.0
27 55 50.0 117.0
46 37 56.0 147.0
7 78 15.0 65.0
60 26 90.0 39.0
49 33 146.0 118.0
9 70 83.0 162.0
58 62 138.0 0.0
31 77 150.0 157.0
45 13 145.0 152.0
64 20 148.0 1.0
6 79 74.0 164.0
7 77 130.0 165.0
22 62 160.0 76.0
3 79 170.0 195.0
86 16 53.0 60.0
19 67 16.0 3.0
16 68 164.0 161.0
48 49 0.0 112.0
84 2 78.0 74.0
86 1 109.0 8.0
82 31 196.0 21.0
63 31 89.0 118.0
81 6 143.0 143.0
29 79 144.0 111.0
21 63 118.0 108.0
73 9 166.0 70.0
49 31 136.0 44.0
82 4 67.0 197.0
29 73 114.0 63.0
62 23 198.0 4.0
19 66 13.0 93.0
35 50 156.0 157.0
19 65 14.0 26.0
72 13 94.0 180.0
5 80 32.0 183.0
56 30 70.0 99.0
18 71 185.0 136.0
15 69 160.0 135.0
58 75 141.0 173.0
71 15 12.0 97.0
80 6 193.0 26.0
58 84 115.0 87.0
84 1 165.0 100.0
26 66 2.0 187.0
51 63 114.0 139.0
43 44 160.0 74.0
54 28 40.0 101.0
5 82 182.0 52.0
59 27 196.0 175.0
40 47 78.0 111.0
78 58 40.0 195.0
38 86 181.0 194.0
51 35 27.0 95.0
69 38 64.0 139.0
30 55 100.0 104.0
78 6 167.0 34.0
68 26 81.0 163.0
59 22 164.0 159.0
77 78 153.0 156.0
69 63 101.0 134.0
13 73 44.0 128.0
11 75 168.0 108.0
48 39 59.0 20.0
72 53 12.0 26.0
71 16 95.0 94.0
58 29 159.0 11.0
77 4 2.0 113.0
69 68 106.0 103.0
64 83 180.0 151.0
2 82 120.0 100.0
76 11 97.0 179.0
8 69 199.0 61.0
56 29 21.0 46.0
24 63 25.0 180.0
45 42 48.0 180.0
72 64 26.0 154.0
15 72 127.0 6.0
27 60 45.0 0.0
52 64 163.0 94.0
9 76 141.0 162.0
4 81 128.0 114.0
23 64 147.0 153.0
49 40 89.0 195.0
48 38 44.0 115.0
74 40 28.0 124.0
55 31 15.0 25.0
68 38 49.0 130.0
45 85 41.0 142.0
53 32 174.0 169.0
62 25 148.0 121.0
37 50 33.0 38.0
53 33 128.0 30.0
60 29 63.0 156.0
62 26 189.0 30.0
69 18 79.0 38.0
71 10 10.0 72.0
47 49 150.0 184.0
40 64 29.0 98.0
77 13 142.0 15.0
2 86 77.0 23.0
30 54 181.0 140.0
40 46 117.0 122.0
7 80 41.0 148.0
32 57 140.0 3.0
78 10 132.0 90.0
26 61 121.0 161.0
20 68 127.0 15.0
72 17 124.0 156.0
65 22 35.0 57.0
49 41 6.0 152.0
70 13 91.0 199.0
82 9 137.0 31.0
55 33 89.0 21.0
28 60 146.0 162.0
53 35 36.0 25.0
62 27 186.0 113.0
23 65 152.0 21.0
52 33 195.0 158.0
76 13 52.0 86.0
58 32 156.0 189.0
51 57 108.0 197.0
66 15 8.0 6.0
54 26 56.0 196.0
14 76 195.0 194.0
31 59 182.0 147.0
56 31 71.0 130.0
37 54 181.0 124.0
45 40 132.0 89.0
61 30 173.0 40.0
50 41 37.0 133.0
85 6 196.0 46.0
49 42 71.0 191.0
45 53 53.0 5.0
60 72 65.0 124.0
30 58 142.0 46.0
16 66 46.0 74.0
14 75 122.0 171.0
71 25 49.0 112.0
34 56 24.0 45.0
77 10 158.0 47.0
79 10 27.0 11.0
63 27 44.0 44.0
63 28 58.0 138.0
77 56 152.0 104.0
54 36 50.0 26.0
36 71 117.0 99.0
74 14 47.0 93.0
7 82 13.0 157.0
31 57 38.0 192.0
55 36 49.0 83.0
40 48 58.0 60.0
24 66 122.0 162.0
60 21 75.0 172.0
79 11 127.0 192.0
70 20 53.0 174.0
62 73 29.0 66.0
30 75 14.0 19.0
26 65 30.0 15.0
37 51 166.0 40.0
45 46 184.0 89.0
62 30 22.0 59.0
83 10 5.0 149.0
56 32 125.0 58.0
45 30 165.0 106.0
61 31 38.0 179.0
84 3 160.0 21.0
69 22 62.0 126.0
4 80 7.0 198.0
11 81 18.0 29.0
6 83 55.0 23.0
53 38 166.0 132.0
44 46 150.0 131.0
51 42 48.0 140.0
29 62 31.0 8.0
50 77 39.0 93.0
34 54 187.0 46.0
77 28 114.0 5.0
62 28 164.0 169.0
4 86 28.0 82.0
26 63 8.0 178.0
23 67 37.0 56.0
43 48 159.0 20.0
20 59 109.0 198.0
45 71 9.0 96.0
31 58 84.0 123.0
13 78 150.0 48.0
13 80 191.0 178.0
19 73 29.0 151.0
23 69 115.0 67.0
44 48 31.0 26.0
53 39 13.0 140.0
31 79 99.0 22.0
68 25 26.0 183.0
79 25 192.0 129.0
33 58 68.0 135.0
55 39 99.0 97.0
58 34 79.0 166.0
17 77 109.0 111.0
66 28 92.0 74.0
71 24 185.0 191.0
33 61 192.0 164.0
38 57 129.0 185.0
18 74 72.0 197.0
81 13 14.0 123.0
84 7 167.0 94.0
24 64 153.0 28.0
17 59 104.0 45.0
54 39 50.0 90.0
67 29 177.0 43.0
11 83 3.0 59.0
38 51 68.0 28.0
76 86 67.0 82.0
46 43 26.0 186.0
30 63 46.0 180.0
81 50 126.0 150.0
63 77 185.0 128.0
65 70 97.0 114.0
40 51 108.0 53.0
36 56 37.0 176.0
40 53 25.0 56.0
27 65 24.0 4.0
82 12 136.0 70.0
43 50 31.0 14.0
41 51 164.0 168.0
82 15 169.0 13.0
73 55 142.0 77.0
56 37 84.0 132.0
85 10 107.0 61.0
31 62 49.0 131.0
34 69 115.0 137.0
64 25 44.0 98.0
11 74 112.0 160.0
63 45 110.0 81.0
29 63 44.0 53.0
76 19 84.0 128.0
36 58 13.0 143.0
15 76 8.0 62.0
70 16 12.0 75.0
28 69 101.0 56.0
22 72 95.0 13.0
45 47 191.0 157.0
26 70 74.0 187.0
29 66 73.0 111.0
58 69 16.0 86.0
44 50 14.0 176.0
58 37 108.0 26.0
69 26 75.0 9.0
57 34 3.0 122.0
39 57 76.0 146.0
54 42 189.0 102.0
62 60 10.0 14.0
35 77 53.0 26.0
62 86 157.0 68.0
79 18 41.0 17.0
47 48 141.0 116.0
51 46 24.0 96.0
20 75 63.0 100.0
26 52 178.0 53.0
81 15 188.0 189.0
70 24 177.0 41.0
17 78 33.0 86.0
86 11 45.0 74.0
58 55 189.0 187.0
69 21 154.0 13.0
28 65 55.0 17.0
71 20 187.0 34.0
45 50 66.0 127.0
76 21 169.0 195.0
41 57 42.0 154.0
74 12 172.0 88.0
43 54 56.0 161.0
64 31 141.0 162.0
46 58 11.0 196.0
64 33 148.0 150.0
20 76 4.0 166.0
77 20 181.0 125.0
68 27 132.0 176.0
25 72 184.0 104.0
44 55 57.0 192.0
81 9 136.0 198.0
66 84 39.0 99.0
26 71 87.0 187.0
53 43 78.0 43.0
38 59 61.0 12.0
58 41 12.0 145.0
79 19 151.0 148.0
62 81 116.0 8.0
21 55 83.0 4.0
80 16 131.0 123.0
43 83 184.0 170.0
81 17 186.0 14.0
59 39 85.0 199.0
16 79 122.0 49.0
80 18 117.0 73.0
70 27 135.0 185.0
41 56 43.0 170.0
65 33 149.0 126.0
47 82 28.0 133.0
9 84 148.0 14.0
34 64 92.0 185.0
15 83 8.0 15.0
54 44 72.0 78.0
43 68 163.0 159.0
36 61 49.0 6.0
28 72 83.0 150.0
73 25 196.0 111.0
51 47 61.0 96.0
31 66 106.0 153.0
74 25 50.0 66.0
24 74 83.0 122.0
53 46 69.0 47.0
74 70 186.0 70.0
20 78 24.0 21.0
69 37 191.0 173.0
85 11 157.0 52.0
44 51 122.0 63.0
15 86 39.0 173.0
72 23 90.0 123.0
82 16 44.0 111.0
80 68 122.0 182.0
23 70 59.0 146.0
35 62 0.0 50.0
39 60 44.0 109.0
60 31 139.0 166.0
83 22 136.0 179.0
74 19 172.0 178.0
54 45 7.0 168.0
28 64 73.0 129.0
14 86 96.0 84.0
82 20 88.0 48.0
16 83 2.0 84.0
50 48 40.0 94.0
75 48 137.0 176.0
70 79 7.0 61.0
54 46 66.0 14.0
19 55 140.0 91.0
75 44 71.0 188.0
22 78 3.0 112.0
67 33 133.0 157.0
36 64 198.0 174.0
18 82 59.0 87.0
61 40 4.0 66.0
64 22 118.0 22.0
63 35 101.0 10.0
75 23 102.0 124.0
17 84 87.0 57.0
73 28 136.0 20.0
71 31 198.0 86.0
76 39 10.0 10.0
56 71 109.0 166.0
46 56 190.0 27.0
59 41 143.0 43.0
25 75 129.0 197.0
40 57 141.0 16.0
52 50 190.0 30.0
64 57 88.0 141.0
55 42 21.0 98.0
20 74 193.0 131.0
60 43 60.0 183.0
24 73 41.0 155.0
13 85 103.0 170.0
21 78 26.0 197.0
85 16 14.0 169.0
11 80 90.0 102.0
52 63 144.0 111.0
43 58 126.0 137.0
67 36 157.0 138.0
55 54 199.0 151.0
85 17 3.0 54.0
53 80 43.0 29.0
44 57 174.0 9.0
58 45 177.0 64.0
62 72 135.0 74.0
63 39 27.0 13.0
79 80 88.0 136.0
53 49 193.0 87.0
84 47 29.0 196.0
58 44 176.0 72.0
29 72 93.0 102.0
20 83 111.0 70.0
28 83 15.0 198.0
28 68 96.0 194.0
81 18 64.0 185.0
45 57 139.0 9.0
42 62 16.0 168.0
72 30 64.0 192.0
77 25 17.0 109.0
46 47 57.0 80.0
41 60 88.0 73.0
33 69 110.0 185.0
68 22 129.0 126.0
62 40 17.0 68.0
28 70 30.0 33.0
37 62 151.0 46.0
66 36 35.0 120.0
28 74 116.0 92.0
75 26 75.0 5.0
24 78 191.0 137.0
42 52 10.0 120.0
63 62 198.0 27.0
18 85 7.0 28.0
49 52 12.0 158.0
69 35 118.0 47.0
30 73 16.0 35.0
15 85 146.0 43.0
53 50 198.0 90.0
43 65 100.0 160.0
72 31 81.0 98.0
78 26 94.0 89.0
17 83 183.0 58.0
59 67 166.0 102.0
24 77 159.0 182.0
74 22 119.0 58.0
20 85 154.0 117.0
79 24 118.0 55.0
65 39 74.0 151.0
19 84 185.0 168.0
35 68 126.0 168.0
21 82 186.0 93.0
56 49 96.0 98.0
74 79 163.0 15.0
68 36 22.0 69.0
64 41 83.0 140.0
67 27 166.0 157.0
82 23 28.0 151.0
48 52 92.0 107.0
47 52 109.0 79.0
78 66 184.0 6.0
72 32 93.0 99.0
53 52 124.0 67.0
45 59 179.0 159.0
57 74 88.0 145.0
35 70 2.0 69.0
44 56 166.0 95.0
51 54 107.0 75.0
45 60 140.0 44.0
50 40 17.0 185.0
66 40 62.0 93.0
46 60 64.0 41.0
61 45 20.0 105.0
62 44 59.0 174.0
31 74 182.0 25.0
59 42 2.0 41.0
12 18 93.0 142.0
57 49 93.0 62.0
52 40 144.0 155.0
69 80 33.0 161.0
40 67 27.0 53.0
71 35 198.0 39.0
66 38 149.0 180.0
29 77 4.0 151.0
36 69 40.0 49.0
42 71 57.0 85.0
82 62 179.0 154.0
26 81 182.0 165.0
60 81 29.0 161.0
85 22 0.0 27.0
73 34 86.0 101.0
65 41 191.0 42.0
77 30 176.0 31.0
79 28 175.0 185.0
68 39 4.0 107.0
24 81 195.0 186.0
79 23 193.0 24.0
75 50 21.0 145.0
81 14 143.0 59.0
67 34 101.0 134.0
25 81 102.0 77.0
28 76 97.0 29.0
68 41 16.0 101.0
39 62 3.0 12.0
42 46 142.0 196.0
55 80 2.0 163.0
65 40 189.0 97.0
66 45 23.0 90.0
45 64 89.0 77.0
31 76 144.0 186.0
49 59 155.0 160.0
86 24 168.0 158.0
60 49 105.0 63.0
42 66 186.0 59.0
36 72 30.0 176.0
19 85 195.0 5.0
86 17 24.0 36.0
36 81 88.0 168.0
77 33 91.0 43.0
54 61 118.0 11.0
69 17 108.0 23.0
80 33 6.0 46.0
32 66 84.0 189.0
64 44 179.0 31.0
33 73 74.0 3.0
51 55 54.0 162.0
83 24 8.0 145.0
74 34 124.0 126.0
85 23 188.0 184.0
38 70 127.0 147.0
59 51 46.0 164.0
59 44 15.0 25.0
55 49 160.0 89.0
86 23 58.0 15.0
24 82 176.0 67.0
47 60 5.0 100.0
53 56 135.0 145.0
30 80 72.0 14.0
31 75 63.0 70.0
34 70 197.0 30.0
66 39 82.0 109.0
27 76 188.0 92.0
42 69 10.0 165.0
68 40 8.0 167.0
62 47 121.0 143.0
64 43 186.0 145.0
69 39 70.0 1.0
43 66 41.0 19.0
66 79 179.0 123.0
42 67 194.0 167.0
52 58 136.0 156.0
52 56 4.0 144.0
33 76 146.0 77.0
42 63 140.0 132.0
70 37 3.0 162.0
50 60 124.0 44.0
50 59 19.0 55.0
73 31 165.0 13.0
75 37 9.0 53.0
56 55 34.0 165.0
28 84 89.0 181.0
41 71 109.0 181.0
25 83 124.0 64.0
72 40 91.0 48.0
72 59 18.0 110.0
64 48 138.0 183.0
84 16 42.0 100.0
45 67 79.0 77.0
40 71 28.0 168.0
61 49 82.0 90.0
52 59 75.0 6.0
56 54 146.0 118.0
80 34 142.0 164.0
44 42 101.0 32.0
21 79 75.0 144.0
58 54 10.0 106.0
27 86 114.0 190.0
72 27 125.0 197.0
86 60 2.0 152.0
53 61 177.0 100.0
31 80 108.0 119.0
36 76 102.0 10.0
30 83 34.0 129.0
51 58 166.0 44.0
40 70 190.0 80.0
63 49 54.0 68.0
68 42 51.0 8.0
69 43 95.0 29.0
73 37 139.0 156.0
58 48 41.0 193.0
49 64 103.0 75.0
60 54 125.0 69.0
29 83 126.0 67.0
39 74 68.0 181.0
51 84 151.0 119.0
77 39 176.0 199.0
72 41 53.0 67.0
68 65 97.0 94.0
32 79 45.0 152.0
45 78 53.0 122.0
61 51 53.0 131.0
82 32 185.0 121.0
57 84 8.0 89.0
72 65 142.0 185.0
48 62 172.0 148.0
19 86 0.0 69.0
39 71 62.0 197.0
35 74 116.0 67.0
7 24 187.0 122.0
82 50 69.0 173.0
43 72 130.0 78.0
72 37 1.0 72.0
48 57 36.0 173.0
75 33 83.0 188.0
81 31 161.0 98.0
70 41 120.0 77.0
76 38 28.0 59.0
60 65 183.0 49.0
41 69 52.0 65.0
85 28 18.0 53.0
53 62 29.0 54.0
45 72 139.0 65.0
66 86 39.0 100.0
56 58 45.0 111.0
73 41 180.0 25.0
4 73 105.0 164.0
51 65 104.0 110.0
61 41 86.0 122.0
35 80 66.0 115.0
34 82 153.0 158.0
77 38 128.0 192.0
44 72 126.0 125.0
74 45 84.0 106.0
75 41 186.0 142.0
46 72 75.0 43.0
66 50 61.0 161.0
48 68 66.0 80.0
70 36 161.0 19.0
47 61 93.0 89.0
73 43 148.0 19.0
27 73 148.0 184.0
39 85 152.0 87.0
49 67 98.0 179.0
60 70 94.0 111.0
71 43 187.0 160.0
79 40 182.0 100.0
40 76 66.0 75.0
29 85 175.0 166.0
43 74 119.0 124.0
32 83 159.0 23.0
49 66 140.0 9.0
22 80 74.0 34.0
58 59 46.0 61.0
28 80 126.0 180.0
37 80 163.0 192.0
55 62 72.0 138.0
34 84 90.0 144.0
36 79 70.0 49.0
79 38 122.0 11.0
83 56 196.0 196.0
50 67 175.0 194.0
38 71 27.0 102.0
31 84 82.0 190.0
79 35 18.0 155.0
80 38 73.0 60.0
80 40 93.0 95.0
61 63 4.0 15.0
45 69 0.0 1.0
37 77 98.0 128.0
47 69 151.0 77.0
83 35 137.0 186.0
59 55 100.0 107.0
27 75 162.0 173.0
37 82 101.0 7.0
48 73 135.0 106.0
85 35 65.0 88.0
70 49 128.0 115.0
42 76 26.0 32.0
59 57 17.0 164.0
82 36 55.0 118.0
73 40 20.0 169.0
64 55 144.0 73.0
59 64 43.0 79.0
52 72 197.0 108.0
76 43 133.0 125.0
74 48 132.0 112.0
39 72 38.0 101.0
72 47 42.0 93.0
75 46 31.0 14.0
53 68 144.0 175.0
45 75 10.0 187.0
82 40 14.0 7.0
67 48 37.0 147.0
45 77 169.0 121.0
54 67 91.0 160.0
67 56 161.0 85.0
64 61 12.0 145.0
40 77 159.0 108.0
82 38 158.0 169.0
69 44 116.0 172.0
33 85 55.0 106.0
70 84 74.0 176.0
83 39 149.0 117.0
32 85 162.0 62.0
68 49 195.0 127.0
60 64 63.0 154.0
54 53 129.0 21.0
58 64 17.0 198.0
82 85 4.0 24.0
72 51 38.0 78.0
79 45 183.0 187.0
83 41 158.0 146.0
37 84 193.0 105.0
46 78 95.0 56.0
40 86 44.0 177.0
85 34 144.0 13.0
59 65 162.0 148.0
79 43 184.0 0.0
77 42 182.0 168.0
50 69 54.0 140.0
68 57 151.0 199.0
79 48 48.0 199.0
52 75 13.0 44.0
86 36 182.0 109.0
67 55 46.0 96.0
53 73 20.0 31.0
37 86 33.0 2.0
56 63 60.0 39.0
38 81 51.0 11.0
42 79 35.0 51.0
60 56 41.0 0.0
73 52 160.0 23.0
48 77 13.0 7.0
64 50 13.0 185.0
64 53 110.0 47.0
60 59 76.0 170.0
49 76 27.0 127.0
49 75 34.0 14.0
43 84 139.0 28.0
75 51 149.0 52.0
56 65 148.0 114.0
66 58 94.0 162.0
39 81 71.0 156.0
26 86 180.0 147.0
71 55 107.0 159.0
15 73 40.0 94.0
62 66 66.0 179.0
83 44 153.0 15.0
33 79 147.0 101.0
68 50 18.0 193.0
41 86 128.0 89.0
42 85 39.0 108.0
66 61 172.0 146.0
57 67 183.0 12.0
16 67 192.0 1.0
63 67 73.0 145.0
72 56 77.0 21.0
55 72 190.0 95.0
73 54 95.0 118.0
46 81 34.0 134.0
70 55 41.0 6.0
75 54 188.0 176.0
84 44 89.0 180.0
72 54 42.0 162.0
79 47 89.0 71.0
54 71 122.0 80.0
55 57 26.0 17.0
70 59 176.0 60.0
76 53 10.0 17.0
68 70 199.0 150.0
78 41 19.0 88.0
78 52 187.0 61.0
65 64 144.0 76.0
79 27 8.0 18.0
33 83 36.0 34.0
83 48 29.0 13.0
72 61 199.0 39.0
74 55 154.0 199.0
83 45 136.0 174.0
60 71 85.0 75.0
75 53 26.0 181.0
86 32 71.0 35.0
55 69 128.0 59.0
85 47 30.0 109.0
57 73 39.0 182.0
63 66 19.0 193.0
57 77 167.0 107.0
51 80 131.0 52.0
49 82 97.0 109.0
57 69 21.0 120.0
84 45 34.0 101.0
81 44 163.0 17.0
62 68 105.0 154.0
48 80 56.0 124.0
72 58 126.0 175.0
61 71 51.0 57.0
85 43 150.0 100.0
64 69 133.0 124.0
76 52 109.0 120.0
49 84 51.0 25.0
65 63 172.0 156.0
63 68 147.0 28.0
57 78 134.0 25.0
51 82 148.0 185.0
60 68 65.0 99.0
51 83 115.0 151.0
35 86 140.0 25.0
70 61 48.0 143.0
37 85 61.0 20.0
85 49 53.0 160.0
70 56 92.0 187.0
61 52 22.0 192.0
84 52 76.0 40.0
71 65 171.0 192.0
69 52 22.0 63.0
48 85 104.0 22.0
80 58 48.0 165.0
46 79 103.0 53.0
59 75 187.0 147.0
79 54 183.0 10.0
64 67 153.0 60.0
83 50 159.0 76.0
50 86 144.0 133.0
63 73 62.0 48.0
73 56 95.0 62.0
77 60 10.0 198.0
59 73 178.0 198.0
64 68 172.0 161.0
48 86 107.0 77.0
64 63 198.0 18.0
66 68 97.0 142.0
81 58 7.0 111.0
63 70 152.0 102.0
54 80 149.0 115.0
59 77 187.0 127.0
62 76 187.0 111.0
84 53 39.0 46.0
58 76 45.0 38.0
66 81 73.0 94.0
74 60 32.0 32.0
82 46 66.0 137.0
61 73 138.0 167.0
79 57 142.0 125.0
86 55 149.0 129.0
47 78 177.0 188.0
82 55 158.0 22.0
53 82 34.0 183.0
86 45 51.0 19.0
73 70 137.0 69.0
66 65 29.0 27.0
68 67 18.0 171.0
56 62 71.0 167.0
64 47 18.0 0.0
75 55 197.0 128.0
51 86 163.0 32.0
62 75 27.0 166.0
81 49 71.0 116.0
67 58 156.0 52.0
74 56 189.0 175.0
71 69 54.0 13.0
67 73 41.0 24.0
67 76 182.0 38.0
62 77 141.0 98.0
57 85 184.0 168.0
81 61 173.0 7.0
48 82 28.0 130.0
61 74 61.0 18.0
58 82 106.0 115.0
84 54 40.0 99.0
69 70 10.0 23.0
47 65 185.0 151.0
47 81 38.0 122.0
76 65 89.0 11.0
82 63 23.0 118.0
81 55 54.0 37.0
67 69 123.0 112.0
82 54 191.0 164.0
75 65 12.0 2.0
77 65 45.0 150.0
67 74 86.0 83.0
65 49 142.0 128.0
85 56 195.0 118.0
53 83 109.0 1.0
85 62 7.0 32.0
75 63 80.0 151.0
66 83 43.0 45.0
70 72 140.0 41.0
83 63 172.0 178.0
85 60 168.0 67.0
63 81 190.0 163.0
74 72 103.0 99.0
45 76 9.0 63.0
82 69 64.0 41.0
64 80 33.0 59.0
77 67 52.0 125.0
63 80 4.0 25.0
67 41 67.0 124.0
85 53 121.0 57.0
75 68 88.0 176.0
70 76 169.0 97.0
73 65 180.0 33.0
70 78 59.0 14.0
82 84 26.0 111.0
74 71 158.0 31.0
77 72 9.0 25.0
82 65 102.0 82.0
71 77 32.0 191.0
58 70 160.0 2.0
66 74 109.0 140.0
68 76 130.0 120.0
57 82 193.0 156.0
85 65 4.0 151.0
54 85 194.0 14.0
84 78 106.0 96.0
86 59 62.0 91.0
83 70 11.0 174.0
86 47 65.0 120.0
70 77 171.0 195.0
84 73 96.0 164.0
42 65 90.0 52.0
82 59 63.0 84.0
84 59 78.0 122.0
54 74 100.0 92.0
85 68 90.0 63.0
81 79 106.0 155.0
86 73 152.0 77.0
76 66 145.0 0.0
68 78 162.0 35.0
82 72 138.0 177.0
74 82 23.0 169.0
72 85 170.0 75.0
65 79 13.0 61.0
77 69 3.0 119.0
64 86 173.0 156.0
77 86 107.0 118.0
81 83 81.0 21.0
61 77 179.0 171.0
80 74 162.0 155.0
84 63 82.0 85.0
55 60 148.0 47.0
59 54 137.0 152.0
74 81 111.0 110.0
76 83 26.0 18.0
73 76 13.0 59.0
74 78 40.0 145.0
64 81 77.0 154.0
6 86 156.0 111.0
22 82 108.0 104.0
86 74 94.0 45.0
83 49 181.0 5.0
84 80 174.0 159.0
83 80 157.0 139.0
85 74 75.0 149.0
86 79 171.0 152.0
82 66 137.0 127.0
61 68 49.0 45.0
84 65 156.0 143.0
84 74 135.0 137.0
53 78 44.0 61.0
84 61 67.0 2.0
84 79 77.0 142.0
61 76 55.0 0.0
61 85 36.0 192.0
82 73 103.0 37.0
68 83 78.0 59.0
1 2 111.0 165.0
77 85 112.0 155.0
55 84 119.0 131.0
86 81 172.0 197.0
43 77 135.0 27.0
78 49 140.0 123.0
81 51 88.0 43.0
41 82 31.0 166.0
81 77 49.0 142.0
58 85 191.0 113.0
77 74 76.0 111.0
84 86 94.0 49.0
70 86 38.0 181.0
82 60 56.0 130.0
11 82 14.0 96.0
78 48 31.0 45.0
82 76 158.0 32.0
4 9 53.0 150.0
83 26 163.0 130.0
68 77 34.0 57.0
73 79 7.0 73.0
59 78 62.0 16.0
13 66 109.0 28.0
56 84 128.0 140.0
73 85 60.0 39.0
74 76 12.0 65.0
80 85 179.0 127.0
83 62 38.0 13.0
85 81 172.0 45.0
49 80 171.0 186.0
83 77 157.0 80.0
68 79 111.0 85.0
67 84 120.0 171.0
73 66 171.0 84.0
61 78 166.0 150.0
22 53 73.0 156.0
74 73 44.0 197.0
84 76 45.0 15.0
79 82 191.0 2.0
82 71 69.0 102.0
56 82 134.0 141.0
44 67 54.0 57.0
0
