80 3160 24 7 399327
40 54 155.0 180.0
62 61 135.0 101.0
6 11 175.0 117.0
33 2 160.0 65.0
46 66 97.0 78.0
53 38 7.0 173.0
59 40 38.0 40.0
55 1 133.0 84.0
54 65 146.0 41.0
77 23 34.0 34.0
34 64 57.0 9.0
18 75 22.0 17.0
60 48 191.0 119.0
5 45 182.0 151.0
36 72 129.0 173.0
24 18 157.0 15.0
34 57 189.0 55.0
31 50 55.0 23.0
66 25 122.0 112.0
19 42 29.0 144.0
9 16 124.0 173.0
61 37 15.0 107.0
60 33 123.0 97.0
50 33 114.0 32.0
41 80 70.0 103.0
2 80 26.0 78.0
56 71 74.0 148.0
65 53 152.0 55.0
68 69 119.0 77.0
57 17 76.0 87.0
49 25 9.0 199.0
57 24 16.0 123.0
23 19 103.0 38.0
50 77 25.0 129.0
20 78 83.0 51.0
2 27 181.0 187.0
48 17 143.0 52.0
33 20 72.0 19.0
44 51 19.0 81.0
26 37 128.0 187.0
56 27 144.0 183.0
55 34 153.0 121.0
63 53 16.0 188.0
80 57 166.0 149.0
25 42 49.0 61.0
62 2 64.0 121.0
4 76 109.0 36.0
32 64 198.0 189.0
42 53 96.0 95.0
38 17 132.0 1.0
22 71 20.0 100.0
79 10 14.0 138.0
51 40 191.0 63.0
73 26 188.0 8.0
53 5 155.0 49.0
20 39 21.0 106.0
43 42 152.0 69.0
10 71 110.0 36.0
13 57 82.0 82.0
66 53 187.0 97.0
13 1 156.0 179.0
58 60 141.0 96.0
64 26 154.0 97.0
16 44 50.0 127.0
37 29 125.0 2.0
20 31 183.0 188.0
7 31 111.0 18.0
4 28 167.0 50.0
28 30 77.0 75.0
41 53 55.0 18.0
30 68 157.0 10.0
63 58 178.0 7.0
7 2 57.0 56.0
32 77 77.0 192.0
27 3 61.0 140.0
30 71 9.0 180.0
53 49 92.0 86.0
21 17 1.0 148.0
37 31 98.0 158.0
40 6 37.0 29.0
39 38 29.0 46.0
34 80 51.0 58.0
34 71 183.0 65.0
14 6 17.0 192.0
54 71 185.0 109.0
39 50 114.0 139.0
32 58 71.0 165.0
16 35 45.0 60.0
72 28 16.0 27.0
59 6 51.0 67.0
29 13 81.0 34.0
51 19 135.0 98.0
9 40 47.0 73.0
42 13 192.0 113.0
22 39 76.0 15.0
25 37 7.0 74.0
64 22 33.0 23.0
27 12 126.0 84.0
56 32 105.0 7.0
50 26 58.0 41.0
18 35 138.0 57.0
47 3 139.0 82.0
74 19 177.0 16.0
7 3 61.0 137.0
24 73 81.0 94.0
36 51 131.0 8.0
2 56 51.0 188.0
34 70 90.0 61.0
10 8 21.0 180.0
73 63 97.0 161.0
9 6 38.0 75.0
4 5 66.0 51.0
77 26 32.0 147.0
77 36 29.0 115.0
44 64 148.0 80.0
54 14 180.0 190.0
4 11 108.0 154.0
25 76 97.0 5.0
77 33 119.0 87.0
37 60 25.0 137.0
37 5 64.0 9.0
73 45 67.0 94.0
60 47 64.0 15.0
61 78 135.0 45.0
40 80 63.0 43.0
27 42 62.0 112.0
74 73 182.0 133.0
52 63 79.0 159.0
19 49 50.0 144.0
45 71 23.0 69.0
37 77 88.0 88.0
74 54 72.0 24.0
53 60 198.0 88.0
21 41 6.0 12.0
33 58 195.0 140.0
40 12 177.0 27.0
60 4 15.0 180.0
74 2 181.0 38.0
79 39 31.0 70.0
44 47 95.0 56.0
26 25 38.0 45.0
17 50 1.0 196.0
27 9 177.0 196.0
20 16 110.0 107.0
19 80 163.0 125.0
1 36 30.0 145.0
27 8 109.0 14.0
54 31 30.0 157.0
2 4 62.0 20.0
5 9 22.0 63.0
17 13 147.0 0.0
28 60 38.0 57.0
11 55 42.0 1.0
43 67 148.0 73.0
26 48 30.0 9.0
30 47 75.0 13.0
8 7 85.0 89.0
35 66 162.0 107.0
12 5 56.0 110.0
31 40 120.0 94.0
47 17 8.0 115.0
35 29 12.0 108.0
28 38 136.0 42.0
5 56 157.0 163.0
2 53 195.0 42.0
38 30 26.0 157.0
50 60 79.0 83.0
20 50 145.0 152.0
66 28 172.0 105.0
8 6 34.0 184.0
43 59 118.0 122.0
35 6 27.0 75.0
10 78 199.0 174.0
60 44 28.0 25.0
24 61 194.0 59.0
31 52 167.0 91.0
31 69 37.0 139.0
74 36 195.0 71.0
15 66 40.0 66.0
23 22 72.0 67.0
52 42 30.0 71.0
5 17 179.0 10.0
78 70 99.0 173.0
74 17 63.0 66.0
5 79 77.0 53.0
66 37 39.0 25.0
23 52 4.0 31.0
25 19 195.0 28.0
12 60 168.0 177.0
29 20 57.0 147.0
10 34 194.0 156.0
50 15 6.0 9.0
13 55 70.0 83.0
12 69 65.0 109.0
72 62 136.0 69.0
32 11 83.0 83.0
70 22 49.0 51.0
41 71 161.0 106.0
24 15 65.0 107.0
4 9 73.0 71.0
4 35 174.0 143.0
56 6 166.0 191.0
19 14 89.0 54.0
24 59 164.0 124.0
32 8 151.0 14.0
79 73 101.0 65.0
8 13 28.0 118.0
42 30 77.0 101.0
8 5 111.0 3.0
75 76 52.0 29.0
2 5 71.0 93.0
15 59 125.0 35.0
18 10 175.0 76.0
3 14 161.0 29.0
27 68 59.0 189.0
50 43 185.0 88.0
80 13 193.0 48.0
8 78 95.0 197.0
34 52 87.0 118.0
62 74 158.0 12.0
36 2 29.0 86.0
15 68 152.0 190.0
55 60 55.0 164.0
22 13 13.0 40.0
57 49 183.0 6.0
2 14 31.0 30.0
8 29 108.0 71.0
55 44 9.0 18.0
77 65 11.0 38.0
4 29 90.0 115.0
6 13 180.0 145.0
45 27 180.0 145.0
27 33 144.0 116.0
69 67 107.0 128.0
16 40 149.0 15.0
7 11 111.0 110.0
3 29 165.0 74.0
9 30 87.0 55.0
14 1 105.0 19.0
60 46 165.0 37.0
30 34 129.0 62.0
21 71 147.0 36.0
30 44 23.0 48.0
29 39 182.0 86.0
19 41 186.0 100.0
71 36 123.0 25.0
69 5 199.0 28.0
2 26 30.0 117.0
60 20 71.0 111.0
10 28 110.0 170.0
23 59 43.0 85.0
2 16 186.0 25.0
1 7 34.0 124.0
74 70 93.0 157.0
26 18 59.0 93.0
76 51 174.0 41.0
22 74 110.0 197.0
53 8 155.0 172.0
18 58 65.0 198.0
30 16 114.0 3.0
54 80 86.0 100.0
21 19 125.0 179.0
68 25 102.0 184.0
27 67 127.0 28.0
12 26 183.0 189.0
65 2 81.0 138.0
60 9 0.0 98.0
25 54 117.0 114.0
53 48 112.0 155.0
66 7 124.0 190.0
32 47 49.0 27.0
65 56 35.0 177.0
34 7 177.0 171.0
9 22 99.0 11.0
31 22 166.0 99.0
76 47 47.0 35.0
14 31 110.0 112.0
37 63 139.0 34.0
61 54 85.0 141.0
30 39 102.0 72.0
77 4 116.0 31.0
26 3 55.0 15.0
13 5 171.0 173.0
34 49 118.0 18.0
79 43 26.0 28.0
57 15 117.0 118.0
69 20 49.0 2.0
10 75 165.0 151.0
79 15 175.0 34.0
16 3 33.0 182.0
37 76 101.0 4.0
44 15 113.0 19.0
10 80 145.0 91.0
47 2 146.0 62.0
21 25 101.0 195.0
52 19 161.0 19.0
33 14 161.0 136.0
15 39 123.0 146.0
34 23 188.0 24.0
38 77 38.0 53.0
28 65 113.0 183.0
67 7 78.0 59.0
63 15 153.0 132.0
65 72 137.0 114.0
37 43 10.0 50.0
1 78 145.0 133.0
7 6 128.0 85.0
59 19 5.0 166.0
4 15 93.0 71.0
29 43 10.0 171.0
10 16 193.0 116.0
7 63 114.0 82.0
26 14 57.0 125.0
11 51 181.0 3.0
33 41 82.0 62.0
60 61 14.0 88.0
3 32 30.0 59.0
74 63 82.0 193.0
79 70 196.0 28.0
52 71 28.0 111.0
10 7 125.0 86.0
79 2 23.0 59.0
42 2 12.0 105.0
62 26 184.0 178.0
9 38 2.0 166.0
21 40 58.0 36.0
29 65 112.0 54.0
6 2 170.0 92.0
34 51 104.0 48.0
52 68 5.0 79.0
69 25 81.0 169.0
3 69 90.0 17.0
26 65 157.0 92.0
24 2 164.0 15.0
18 23 24.0 28.0
60 1 45.0 195.0
52 76 174.0 101.0
63 61 82.0 131.0
5 22 46.0 163.0
10 22 186.0 89.0
38 62 60.0 144.0
15 32 112.0 176.0
6 5 25.0 136.0
38 44 80.0 22.0
39 44 132.0 54.0
24 67 19.0 14.0
8 59 88.0 66.0
32 36 28.0 74.0
49 51 55.0 40.0
3 18 167.0 167.0
54 56 50.0 144.0
52 7 121.0 82.0
50 18 192.0 54.0
36 69 114.0 12.0
79 71 109.0 2.0
58 77 177.0 89.0
80 51 81.0 32.0
68 72 72.0 0.0
80 66 50.0 75.0
24 38 153.0 123.0
55 58 169.0 97.0
47 22 196.0 83.0
44 78 180.0 106.0
27 76 65.0 110.0
78 55 24.0 98.0
47 19 157.0 49.0
36 45 59.0 159.0
2 43 176.0 164.0
21 22 58.0 97.0
44 54 118.0 54.0
3 73 188.0 99.0
21 42 137.0 53.0
16 32 53.0 114.0
3 44 197.0 10.0
40 42 120.0 8.0
10 5 64.0 48.0
9 10 61.0 74.0
72 41 153.0 179.0
34 39 5.0 142.0
32 28 47.0 94.0
60 41 53.0 52.0
36 56 114.0 50.0
17 20 140.0 35.0
24 4 169.0 156.0
70 71 12.0 30.0
32 51 56.0 166.0
41 61 32.0 13.0
8 28 58.0 31.0
69 4 143.0 111.0
59 35 187.0 58.0
3 4 108.0 127.0
9 77 110.0 78.0
12 10 129.0 122.0
71 1 111.0 137.0
13 71 12.0 95.0
51 47 30.0 70.0
2 55 60.0 125.0
9 2 125.0 199.0
21 39 109.0 33.0
35 24 133.0 19.0
13 54 194.0 14.0
55 73 138.0 105.0
15 41 16.0 150.0
39 14 40.0 46.0
68 5 107.0 52.0
20 12 40.0 32.0
16 1 196.0 149.0
42 1 53.0 129.0
54 64 99.0 199.0
8 26 54.0 38.0
18 21 136.0 70.0
5 11 20.0 176.0
34 21 52.0 79.0
32 72 112.0 44.0
2 11 162.0 108.0
34 78 79.0 15.0
14 47 132.0 130.0
72 49 81.0 186.0
70 50 174.0 169.0
31 18 175.0 195.0
38 27 108.0 179.0
51 65 171.0 20.0
50 10 83.0 133.0
6 10 3.0 114.0
67 45 90.0 136.0
46 3 26.0 171.0
4 53 113.0 0.0
70 68 66.0 88.0
15 69 64.0 126.0
5 19 13.0 35.0
15 3 50.0 48.0
61 3 86.0 53.0
80 30 124.0 176.0
8 12 195.0 150.0
32 71 132.0 61.0
11 70 24.0 150.0
10 77 165.0 40.0
48 36 106.0 179.0
76 28 15.0 156.0
63 51 101.0 53.0
32 31 63.0 25.0
42 8 25.0 11.0
30 73 79.0 157.0
14 29 95.0 55.0
57 56 15.0 60.0
43 72 117.0 74.0
12 3 161.0 84.0
33 19 144.0 14.0
1 40 153.0 159.0
79 3 147.0 178.0
27 49 72.0 27.0
9 3 36.0 167.0
11 20 52.0 52.0
12 47 142.0 122.0
29 7 53.0 103.0
57 78 168.0 149.0
69 29 26.0 74.0
64 53 129.0 125.0
21 65 40.0 1.0
20 1 69.0 77.0
21 50 23.0 121.0
9 8 115.0 165.0
12 6 50.0 168.0
10 38 197.0 19.0
19 54 161.0 175.0
58 61 190.0 90.0
78 45 96.0 30.0
45 68 16.0 165.0
69 47 195.0 39.0
43 45 84.0 111.0
25 40 65.0 134.0
78 26 175.0 62.0
31 30 48.0 88.0
4 17 199.0 190.0
55 21 139.0 95.0
17 1 20.0 155.0
19 68 132.0 16.0
32 48 128.0 16.0
39 64 155.0 193.0
9 1 111.0 82.0
70 51 191.0 159.0
62 22 75.0 190.0
74 78 105.0 166.0
18 43 148.0 126.0
30 63 172.0 80.0
62 10 179.0 52.0
4 20 112.0 87.0
39 42 107.0 23.0
45 55 145.0 51.0
76 2 61.0 172.0
80 20 128.0 166.0
14 53 34.0 28.0
67 22 159.0 158.0
31 44 62.0 139.0
42 59 71.0 126.0
20 63 95.0 178.0
37 70 24.0 192.0
24 6 54.0 85.0
57 44 21.0 134.0
17 44 34.0 55.0
65 6 86.0 194.0
49 6 41.0 100.0
64 27 114.0 112.0
3 5 117.0 10.0
73 43 47.0 93.0
18 4 127.0 101.0
62 29 29.0 148.0
72 76 127.0 64.0
2 51 49.0 13.0
56 26 110.0 91.0
52 36 172.0 176.0
39 59 71.0 41.0
54 55 164.0 70.0
25 5 45.0 92.0
15 5 15.0 27.0
16 4 69.0 94.0
6 68 100.0 70.0
45 34 15.0 162.0
16 5 67.0 139.0
70 21 74.0 138.0
75 42 178.0 38.0
46 11 197.0 176.0
19 2 23.0 164.0
79 19 3.0 92.0
38 3 41.0 55.0
37 50 97.0 8.0
60 29 40.0 164.0
49 16 195.0 114.0
57 26 101.0 173.0
68 22 62.0 50.0
17 7 54.0 85.0
25 58 141.0 9.0
5 7 120.0 134.0
66 63 197.0 17.0
11 62 171.0 37.0
29 25 4.0 166.0
2 52 148.0 57.0
74 60 49.0 11.0
66 57 1.0 56.0
67 58 70.0 142.0
75 69 19.0 142.0
52 72 13.0 168.0
8 1 33.0 184.0
14 10 23.0 37.0
35 48 187.0 123.0
27 15 84.0 188.0
24 45 161.0 85.0
23 61 96.0 31.0
4 14 131.0 67.0
4 19 80.0 145.0
22 2 8.0 113.0
25 24 178.0 183.0
71 27 8.0 117.0
74 26 128.0 92.0
23 51 164.0 89.0
31 33 70.0 12.0
38 72 33.0 2.0
7 14 165.0 113.0
61 20 116.0 125.0
43 69 184.0 94.0
48 4 160.0 144.0
30 78 171.0 88.0
80 50 181.0 87.0
2 12 198.0 51.0
35 46 54.0 183.0
11 10 37.0 171.0
28 18 61.0 105.0
38 1 124.0 45.0
3 20 184.0 36.0
20 37 98.0 107.0
6 67 158.0 31.0
30 43 184.0 156.0
41 20 96.0 190.0
29 34 167.0 85.0
51 72 120.0 29.0
21 2 58.0 196.0
9 26 147.0 195.0
62 15 19.0 197.0
34 61 102.0 129.0
56 7 55.0 38.0
23 2 117.0 103.0
20 2 56.0 37.0
5 27 27.0 176.0
45 6 13.0 37.0
31 65 123.0 112.0
18 2 96.0 142.0
11 73 105.0 150.0
1 18 39.0 112.0
8 3 63.0 109.0
70 27 193.0 120.0
5 49 8.0 172.0
54 42 83.0 21.0
59 55 41.0 7.0
37 62 38.0 137.0
8 2 187.0 96.0
69 1 198.0 179.0
4 7 189.0 13.0
67 46 150.0 182.0
47 27 59.0 110.0
21 13 118.0 95.0
19 55 14.0 111.0
68 49 185.0 52.0
56 21 164.0 124.0
22 24 189.0 114.0
64 80 129.0 131.0
46 34 51.0 31.0
13 63 144.0 62.0
16 8 44.0 14.0
44 6 23.0 58.0
54 23 60.0 8.0
76 53 176.0 176.0
13 2 131.0 117.0
6 3 87.0 13.0
75 37 38.0 90.0
12 7 116.0 182.0
15 37 177.0 160.0
74 11 46.0 152.0
66 1 100.0 58.0
17 6 33.0 28.0
70 58 151.0 164.0
14 12 12.0 190.0
15 33 64.0 2.0
7 16 151.0 181.0
8 14 5.0 80.0
65 74 1.0 3.0
4 13 190.0 53.0
8 11 30.0 23.0
19 61 76.0 133.0
38 37 43.0 40.0
11 12 197.0 60.0
59 34 110.0 100.0
7 54 102.0 67.0
79 31 63.0 55.0
77 69 36.0 54.0
62 70 72.0 18.0
6 18 39.0 148.0
2 17 40.0 34.0
2 15 162.0 38.0
80 11 78.0 24.0
1 25 141.0 132.0
35 69 150.0 5.0
9 12 190.0 139.0
22 3 10.0 62.0
62 43 41.0 1.0
64 36 39.0 82.0
51 33 169.0 153.0
18 5 138.0 199.0
22 53 88.0 79.0
41 77 168.0 190.0
8 50 40.0 110.0
1 24 100.0 2.0
8 4 190.0 94.0
39 9 120.0 181.0
2 25 114.0 42.0
73 2 85.0 4.0
54 5 45.0 173.0
1 45 120.0 166.0
46 37 84.0 160.0
1 19 88.0 137.0
46 72 155.0 78.0
32 61 63.0 76.0
67 39 58.0 129.0
40 55 133.0 96.0
59 30 90.0 130.0
8 17 31.0 10.0
14 51 174.0 115.0
45 13 49.0 62.0
36 53 146.0 5.0
65 42 51.0 9.0
32 52 110.0 61.0
26 38 195.0 195.0
20 47 164.0 85.0
23 49 195.0 195.0
19 72 103.0 121.0
36 24 151.0 104.0
29 22 132.0 97.0
15 20 45.0 135.0
71 78 127.0 108.0
18 8 85.0 122.0
70 80 4.0 2.0
48 38 178.0 151.0
7 19 128.0 81.0
9 58 36.0 79.0
32 49 45.0 121.0
5 14 41.0 43.0
46 32 112.0 168.0
7 43 36.0 149.0
4 23 161.0 192.0
62 24 113.0 139.0
21 4 177.0 41.0
71 33 13.0 13.0
9 17 92.0 58.0
72 14 148.0 86.0
45 7 11.0 60.0
19 3 155.0 199.0
66 24 118.0 116.0
11 13 55.0 32.0
29 66 90.0 32.0
19 46 51.0 103.0
53 75 75.0 95.0
8 54 124.0 23.0
13 14 141.0 135.0
79 7 63.0 96.0
30 13 67.0 182.0
61 7 1.0 122.0
72 75 41.0 43.0
73 20 36.0 92.0
14 21 132.0 111.0
74 55 165.0 56.0
43 64 120.0 106.0
22 75 162.0 136.0
40 71 139.0 30.0
21 7 179.0 92.0
60 57 163.0 21.0
28 26 152.0 199.0
46 23 31.0 84.0
29 54 71.0 196.0
69 16 170.0 191.0
10 40 80.0 132.0
62 75 89.0 20.0
18 9 78.0 69.0
9 19 139.0 193.0
68 73 65.0 91.0
47 9 154.0 96.0
1 11 161.0 177.0
11 3 61.0 83.0
41 9 102.0 141.0
3 34 101.0 191.0
19 13 82.0 179.0
12 13 162.0 22.0
19 6 74.0 27.0
66 36 70.0 29.0
72 79 123.0 32.0
80 28 80.0 184.0
68 38 70.0 134.0
24 78 73.0 123.0
11 56 96.0 155.0
68 50 96.0 10.0
28 70 92.0 170.0
25 72 88.0 115.0
71 60 141.0 11.0
7 36 154.0 173.0
25 28 167.0 176.0
58 20 179.0 40.0
27 29 134.0 75.0
78 47 24.0 182.0
68 65 92.0 69.0
9 65 70.0 180.0
76 24 1.0 11.0
59 66 114.0 107.0
45 76 133.0 82.0
48 75 193.0 112.0
19 8 52.0 79.0
59 62 5.0 28.0
79 50 126.0 49.0
66 22 20.0 148.0
45 40 14.0 174.0
57 42 93.0 129.0
70 44 156.0 26.0
70 52 164.0 149.0
64 70 161.0 16.0
3 77 160.0 118.0
79 49 183.0 38.0
22 27 26.0 156.0
19 11 146.0 40.0
2 3 32.0 191.0
45 11 26.0 188.0
11 15 196.0 190.0
80 79 113.0 157.0
27 28 104.0 74.0
8 20 97.0 40.0
4 37 53.0 75.0
7 22 41.0 199.0
30 32 25.0 74.0
23 7 174.0 51.0
4 26 175.0 170.0
72 40 58.0 89.0
67 36 54.0 114.0
12 35 134.0 103.0
71 19 28.0 187.0
46 20 186.0 70.0
3 17 195.0 12.0
23 64 167.0 121.0
58 4 160.0 142.0
75 24 132.0 170.0
59 46 30.0 138.0
80 42 190.0 116.0
12 57 169.0 170.0
76 33 29.0 155.0
49 8 151.0 176.0
24 58 192.0 70.0
3 10 118.0 104.0
29 36 46.0 50.0
1 30 151.0 28.0
71 66 154.0 93.0
18 11 148.0 123.0
17 31 97.0 129.0
71 26 85.0 0.0
35 71 198.0 77.0
75 14 182.0 116.0
49 7 120.0 181.0
36 42 138.0 72.0
22 4 11.0 44.0
22 8 38.0 159.0
70 41 99.0 135.0
66 16 51.0 184.0
38 54 191.0 49.0
17 10 107.0 126.0
13 20 39.0 28.0
61 53 79.0 177.0
58 22 199.0 90.0
23 3 90.0 189.0
43 77 140.0 141.0
4 10 120.0 191.0
60 2 38.0 111.0
7 70 138.0 146.0
9 55 69.0 130.0
18 7 195.0 100.0
2 71 173.0 146.0
25 8 139.0 15.0
4 78 126.0 79.0
4 31 174.0 46.0
5 21 70.0 165.0
20 32 148.0 8.0
38 11 15.0 169.0
11 16 31.0 162.0
25 6 108.0 4.0
29 21 112.0 47.0
18 47 12.0 38.0
77 46 60.0 138.0
76 64 46.0 130.0
47 11 155.0 194.0
22 44 131.0 170.0
13 15 148.0 162.0
75 39 142.0 56.0
1 27 67.0 6.0
70 6 177.0 31.0
5 1 29.0 37.0
18 48 144.0 75.0
11 23 191.0 99.0
66 23 122.0 122.0
76 77 101.0 70.0
35 47 45.0 195.0
70 3 10.0 112.0
8 57 81.0 187.0
59 26 195.0 110.0
13 16 154.0 91.0
14 9 145.0 97.0
54 12 120.0 19.0
12 4 162.0 21.0
24 3 196.0 7.0
14 15 169.0 158.0
8 66 137.0 50.0
43 41 67.0 133.0
59 25 57.0 173.0
8 72 132.0 154.0
35 14 2.0 52.0
55 66 181.0 164.0
35 44 116.0 129.0
27 48 114.0 86.0
34 17 155.0 3.0
6 15 147.0 174.0
74 21 80.0 4.0
44 80 117.0 165.0
45 58 99.0 119.0
16 17 141.0 80.0
39 11 57.0 57.0
10 64 82.0 123.0
33 7 81.0 190.0
1 26 128.0 180.0
21 8 139.0 160.0
48 46 132.0 57.0
7 24 90.0 31.0
5 64 74.0 183.0
16 6 75.0 131.0
17 15 120.0 157.0
22 20 196.0 1.0
57 54 32.0 124.0
70 77 117.0 172.0
43 22 9.0 49.0
30 33 73.0 99.0
6 20 121.0 148.0
35 40 162.0 196.0
55 26 115.0 82.0
78 76 173.0 63.0
49 20 38.0 157.0
21 1 89.0 107.0
63 77 172.0 98.0
29 30 35.0 197.0
29 2 10.0 108.0
18 65 111.0 172.0
43 56 119.0 178.0
51 74 11.0 44.0
1 12 107.0 1.0
44 69 145.0 197.0
65 16 4.0 69.0
78 68 180.0 191.0
13 61 141.0 190.0
18 14 118.0 52.0
23 1 12.0 189.0
16 74 107.0 175.0
28 57 70.0 167.0
21 10 100.0 167.0
12 38 160.0 104.0
24 8 20.0 141.0
1 22 104.0 162.0
39 7 120.0 23.0
30 45 76.0 85.0
71 61 137.0 184.0
70 32 73.0 159.0
28 39 30.0 174.0
28 71 123.0 191.0
39 53 178.0 144.0
3 21 118.0 83.0
33 59 173.0 190.0
23 76 124.0 50.0
9 67 77.0 61.0
50 53 156.0 102.0
12 29 118.0 138.0
52 50 89.0 194.0
54 51 181.0 68.0
77 24 20.0 51.0
7 20 135.0 146.0
1 31 157.0 60.0
14 17 23.0 186.0
7 41 49.0 131.0
4 27 80.0 119.0
72 34 164.0 121.0
36 62 103.0 97.0
9 13 5.0 124.0
63 23 11.0 141.0
11 34 104.0 120.0
67 59 24.0 79.0
19 43 167.0 73.0
64 66 134.0 199.0
25 4 166.0 51.0
29 5 107.0 69.0
2 66 143.0 64.0
8 38 137.0 106.0
25 7 89.0 193.0
77 73 134.0 113.0
35 60 170.0 54.0
45 54 94.0 104.0
55 28 37.0 12.0
9 43 9.0 96.0
6 23 99.0 104.0
71 11 132.0 36.0
29 23 24.0 21.0
47 8 193.0 110.0
5 28 110.0 163.0
19 60 144.0 156.0
10 1 135.0 181.0
76 70 134.0 144.0
15 8 12.0 33.0
11 63 150.0 96.0
37 79 162.0 126.0
6 69 31.0 155.0
19 12 123.0 93.0
7 13 65.0 67.0
35 42 29.0 152.0
63 49 124.0 116.0
49 62 10.0 88.0
76 26 31.0 112.0
56 79 60.0 194.0
27 6 131.0 43.0
61 9 110.0 6.0
3 28 116.0 127.0
18 12 9.0 145.0
80 14 79.0 86.0
76 15 190.0 89.0
32 1 14.0 22.0
72 9 169.0 26.0
16 14 41.0 53.0
70 20 151.0 151.0
6 31 112.0 67.0
62 5 140.0 74.0
10 20 45.0 19.0
6 26 46.0 35.0
15 9 4.0 12.0
18 40 47.0 126.0
21 60 122.0 88.0
79 1 124.0 73.0
29 6 84.0 188.0
9 63 138.0 176.0
23 37 157.0 183.0
7 15 22.0 155.0
15 12 158.0 178.0
79 57 171.0 5.0
36 46 74.0 93.0
78 7 60.0 150.0
11 59 170.0 144.0
19 10 23.0 109.0
21 12 29.0 132.0
14 11 148.0 3.0
48 62 165.0 106.0
1 33 25.0 136.0
16 18 146.0 99.0
20 5 109.0 158.0
22 14 93.0 80.0
2 31 195.0 68.0
22 11 153.0 24.0
41 68 199.0 101.0
1 80 150.0 117.0
63 6 82.0 176.0
68 28 86.0 180.0
7 27 121.0 196.0
73 69 119.0 166.0
2 35 58.0 114.0
68 11 28.0 163.0
30 25 29.0 179.0
30 6 149.0 180.0
63 69 89.0 184.0
10 13 116.0 175.0
9 23 199.0 189.0
10 25 24.0 118.0
71 25 177.0 35.0
35 39 143.0 157.0
16 58 190.0 125.0
66 18 87.0 92.0
6 77 52.0 128.0
22 6 47.0 121.0
20 71 83.0 47.0
59 38 8.0 59.0
63 55 176.0 137.0
16 19 60.0 72.0
14 23 121.0 2.0
5 23 19.0 161.0
10 15 163.0 23.0
34 25 125.0 10.0
16 50 73.0 160.0
21 6 29.0 33.0
67 3 63.0 157.0
25 12 105.0 123.0
1 35 80.0 179.0
18 19 142.0 51.0
14 24 175.0 105.0
21 11 26.0 100.0
78 53 156.0 51.0
64 37 1.0 185.0
10 23 128.0 64.0
1 28 103.0 186.0
29 1 85.0 135.0
17 19 86.0 27.0
55 46 185.0 61.0
32 7 182.0 12.0
46 56 109.0 139.0
13 37 11.0 110.0
52 16 48.0 91.0
75 78 179.0 151.0
35 7 51.0 16.0
66 5 191.0 138.0
50 72 34.0 177.0
18 30 142.0 16.0
5 76 8.0 3.0
22 12 155.0 19.0
74 32 107.0 3.0
30 4 135.0 39.0
32 4 170.0 186.0
52 45 132.0 162.0
33 3 45.0 166.0
41 16 36.0 139.0
11 64 74.0 45.0
20 9 154.0 30.0
48 74 68.0 13.0
26 5 85.0 3.0
61 30 63.0 7.0
5 24 94.0 196.0
13 35 44.0 91.0
50 71 92.0 33.0
54 79 134.0 166.0
11 25 174.0 40.0
15 55 26.0 194.0
19 38 118.0 111.0
19 31 156.0 134.0
18 20 108.0 2.0
37 14 198.0 153.0
5 67 49.0 42.0
17 41 62.0 136.0
30 57 43.0 36.0
31 71 89.0 69.0
23 15 70.0 159.0
31 3 98.0 26.0
16 22 124.0 7.0
35 33 150.0 122.0
19 77 114.0 0.0
37 9 185.0 128.0
65 46 47.0 28.0
68 10 79.0 136.0
25 13 136.0 149.0
16 12 68.0 186.0
18 17 135.0 144.0
20 19 155.0 85.0
55 38 11.0 21.0
46 71 142.0 196.0
68 58 166.0 189.0
67 78 8.0 45.0
3 35 169.0 96.0
75 3 134.0 190.0
69 55 85.0 69.0
34 28 87.0 41.0
65 15 22.0 98.0
17 11 183.0 164.0
14 20 50.0 150.0
23 68 58.0 10.0
55 27 120.0 28.0
62 19 121.0 54.0
12 28 105.0 6.0
24 48 79.0 145.0
63 4 178.0 101.0
51 18 114.0 162.0
43 25 56.0 165.0
12 48 105.0 115.0
27 16 127.0 25.0
34 73 17.0 48.0
21 16 43.0 75.0
15 21 68.0 122.0
23 16 106.0 198.0
5 35 68.0 20.0
17 58 188.0 124.0
58 72 3.0 93.0
18 15 151.0 130.0
24 51 163.0 169.0
17 37 142.0 6.0
11 9 183.0 162.0
26 13 50.0 41.0
34 15 50.0 118.0
1 34 120.0 38.0
27 44 72.0 123.0
29 9 9.0 24.0
16 26 72.0 172.0
2 30 61.0 166.0
60 10 115.0 196.0
51 79 163.0 117.0
13 68 155.0 165.0
23 36 120.0 28.0
80 72 145.0 144.0
38 41 92.0 155.0
66 40 110.0 116.0
7 9 69.0 123.0
13 41 102.0 136.0
71 55 162.0 17.0
74 56 175.0 69.0
11 58 81.0 95.0
3 30 158.0 27.0
73 15 130.0 50.0
39 2 23.0 40.0
3 45 166.0 44.0
37 54 146.0 20.0
12 24 180.0 60.0
1 6 167.0 108.0
60 36 132.0 0.0
68 60 60.0 90.0
74 13 79.0 190.0
12 63 165.0 54.0
27 20 182.0 131.0
11 28 171.0 128.0
54 21 169.0 103.0
23 44 1.0 136.0
32 18 18.0 133.0
77 16 182.0 30.0
28 53 31.0 61.0
5 32 53.0 196.0
10 2 150.0 36.0
24 37 28.0 73.0
58 10 79.0 198.0
53 15 115.0 32.0
64 78 92.0 134.0
26 10 111.0 74.0
9 21 44.0 142.0
75 52 73.0 97.0
4 6 58.0 175.0
75 50 163.0 87.0
15 22 174.0 42.0
60 67 195.0 90.0
64 25 187.0 87.0
5 34 181.0 50.0
33 34 58.0 177.0
37 28 159.0 131.0
31 9 18.0 17.0
26 11 38.0 181.0
70 16 161.0 12.0
9 28 48.0 108.0
79 68 123.0 35.0
61 47 164.0 104.0
32 35 19.0 22.0
62 67 77.0 178.0
14 28 73.0 48.0
53 70 193.0 111.0
38 36 110.0 106.0
6 32 160.0 111.0
42 67 173.0 83.0
34 6 167.0 137.0
41 1 187.0 186.0
59 77 31.0 64.0
25 73 116.0 56.0
15 48 3.0 61.0
35 49 124.0 65.0
55 17 96.0 37.0
36 41 11.0 69.0
61 40 186.0 179.0
32 38 89.0 125.0
35 23 98.0 72.0
15 49 100.0 166.0
48 28 41.0 55.0
28 74 82.0 118.0
10 36 76.0 130.0
28 40 40.0 88.0
30 7 133.0 26.0
57 33 170.0 174.0
55 39 100.0 20.0
6 28 125.0 153.0
3 13 65.0 119.0
39 4 35.0 147.0
25 70 123.0 111.0
20 21 91.0 163.0
15 25 107.0 25.0
55 80 140.0 77.0
32 9 76.0 192.0
25 16 2.0 154.0
3 37 91.0 68.0
63 48 158.0 126.0
38 79 178.0 81.0
22 17 160.0 69.0
28 7 33.0 67.0
32 2 196.0 173.0
75 46 31.0 24.0
64 59 121.0 185.0
4 54 17.0 164.0
8 31 170.0 127.0
42 50 22.0 100.0
15 16 145.0 134.0
49 2 166.0 130.0
19 64 44.0 162.0
61 59 35.0 27.0
22 19 120.0 108.0
59 74 143.0 90.0
37 18 149.0 113.0
67 54 184.0 171.0
13 24 55.0 81.0
22 18 157.0 21.0
30 11 39.0 154.0
34 22 142.0 74.0
4 33 117.0 63.0
9 74 124.0 60.0
43 47 149.0 73.0
52 77 178.0 85.0
23 80 114.0 33.0
26 7 149.0 71.0
62 58 167.0 188.0
5 33 9.0 109.0
30 5 109.0 126.0
30 20 152.0 185.0
66 11 108.0 53.0
11 29 61.0 87.0
10 41 140.0 175.0
5 39 20.0 41.0
31 5 39.0 187.0
17 26 49.0 49.0
54 48 3.0 158.0
67 57 83.0 155.0
67 49 65.0 192.0
59 80 108.0 79.0
72 7 30.0 0.0
25 3 86.0 3.0
32 10 169.0 125.0
8 30 165.0 18.0
55 50 72.0 168.0
13 23 83.0 156.0
52 69 29.0 101.0
33 9 82.0 89.0
67 10 144.0 65.0
11 69 104.0 30.0
51 28 154.0 26.0
35 37 40.0 119.0
38 80 102.0 112.0
35 61 45.0 138.0
31 11 99.0 26.0
12 37 109.0 134.0
46 80 88.0 53.0
68 76 29.0 144.0
5 36 129.0 135.0
40 15 196.0 169.0
25 17 159.0 51.0
15 70 174.0 156.0
36 6 151.0 26.0
18 13 8.0 60.0
80 67 178.0 48.0
3 41 196.0 159.0
76 16 34.0 125.0
62 47 147.0 183.0
1 75 134.0 58.0
27 11 107.0 108.0
71 47 153.0 58.0
47 31 157.0 113.0
49 43 142.0 87.0
68 8 174.0 138.0
23 17 195.0 161.0
63 65 142.0 94.0
31 12 105.0 76.0
8 33 118.0 12.0
24 63 22.0 71.0
45 25 133.0 131.0
14 25 5.0 27.0
27 46 160.0 132.0
30 12 196.0 155.0
6 38 119.0 138.0
44 8 123.0 24.0
17 69 31.0 41.0
3 65 6.0 53.0
41 18 51.0 91.0
37 39 174.0 8.0
37 21 169.0 134.0
35 8 22.0 117.0
8 23 198.0 93.0
6 37 183.0 121.0
58 35 171.0 14.0
51 21 131.0 130.0
38 22 113.0 182.0
9 34 80.0 87.0
24 20 68.0 1.0
7 80 10.0 43.0
2 34 54.0 8.0
31 10 15.0 189.0
29 44 79.0 187.0
16 38 132.0 162.0
4 34 134.0 197.0
10 33 121.0 14.0
42 9 128.0 190.0
8 74 166.0 138.0
36 3 127.0 172.0
39 3 81.0 143.0
32 12 92.0 160.0
80 3 41.0 24.0
43 1 8.0 176.0
43 23 124.0 130.0
6 33 149.0 4.0
26 63 26.0 115.0
33 40 125.0 154.0
1 50 117.0 6.0
44 79 34.0 9.0
33 66 162.0 75.0
7 38 74.0 170.0
27 21 56.0 150.0
44 2 77.0 158.0
9 66 192.0 56.0
29 10 17.0 117.0
41 5 94.0 134.0
17 27 137.0 128.0
74 76 96.0 99.0
80 71 105.0 122.0
13 31 95.0 113.0
19 32 178.0 124.0
18 61 114.0 171.0
63 41 105.0 131.0
69 19 13.0 151.0
26 40 50.0 103.0
68 3 146.0 147.0
35 10 147.0 3.0
15 77 24.0 42.0
17 28 189.0 3.0
28 47 41.0 55.0
27 13 186.0 147.0
46 1 174.0 0.0
51 64 117.0 24.0
39 1 82.0 15.0
34 19 39.0 29.0
11 33 178.0 63.0
33 12 88.0 119.0
26 15 63.0 130.0
11 36 69.0 49.0
19 24 57.0 43.0
30 15 114.0 126.0
29 16 136.0 196.0
31 16 198.0 127.0
41 32 189.0 128.0
9 25 106.0 78.0
37 1 135.0 169.0
18 27 116.0 157.0
61 33 76.0 174.0
53 13 68.0 190.0
35 27 105.0 156.0
38 4 115.0 55.0
68 17 36.0 57.0
34 8 6.0 94.0
48 64 36.0 94.0
22 25 54.0 152.0
36 79 128.0 130.0
24 10 77.0 148.0
60 65 127.0 134.0
69 23 15.0 42.0
39 60 62.0 4.0
27 19 33.0 20.0
35 75 148.0 21.0
6 39 73.0 2.0
28 2 87.0 153.0
15 29 169.0 116.0
38 52 146.0 96.0
40 8 71.0 161.0
71 38 176.0 85.0
1 44 130.0 162.0
17 30 41.0 30.0
70 73 66.0 66.0
77 60 26.0 105.0
33 23 30.0 195.0
74 52 18.0 128.0
42 3 171.0 89.0
40 47 127.0 148.0
72 63 155.0 9.0
42 6 107.0 197.0
72 64 139.0 125.0
76 71 59.0 117.0
6 41 29.0 41.0
76 50 137.0 47.0
15 19 122.0 108.0
55 49 198.0 1.0
7 40 68.0 153.0
50 23 72.0 127.0
39 45 153.0 11.0
35 50 191.0 164.0
74 79 149.0 20.0
80 29 42.0 38.0
69 59 123.0 116.0
32 13 81.0 73.0
2 38 176.0 101.0
42 69 199.0 48.0
33 13 19.0 104.0
14 61 86.0 10.0
20 26 58.0 187.0
51 26 159.0 100.0
5 58 183.0 34.0
15 28 14.0 64.0
46 47 118.0 190.0
67 32 131.0 69.0
23 21 48.0 150.0
67 73 76.0 86.0
47 75 97.0 134.0
12 36 127.0 8.0
77 75 90.0 110.0
4 43 138.0 56.0
42 7 191.0 9.0
26 22 145.0 74.0
37 57 102.0 193.0
2 40 87.0 178.0
58 26 109.0 184.0
18 25 8.0 36.0
51 60 143.0 50.0
59 68 175.0 33.0
32 14 48.0 118.0
34 74 29.0 193.0
50 59 10.0 83.0
42 62 179.0 97.0
37 7 130.0 88.0
10 37 19.0 138.0
48 30 57.0 162.0
49 76 154.0 32.0
31 72 63.0 154.0
46 2 65.0 44.0
19 28 158.0 75.0
32 17 67.0 137.0
38 18 86.0 149.0
24 21 85.0 57.0
30 60 77.0 143.0
10 30 109.0 183.0
39 18 22.0 172.0
47 1 73.0 88.0
56 76 35.0 31.0
1 2 197.0 54.0
51 45 56.0 36.0
45 14 73.0 142.0
26 46 32.0 150.0
24 16 91.0 141.0
23 26 58.0 65.0
14 36 80.0 83.0
16 34 61.0 115.0
34 13 38.0 58.0
47 55 170.0 46.0
41 8 53.0 195.0
29 19 38.0 37.0
33 17 156.0 81.0
28 67 132.0 166.0
53 10 73.0 12.0
76 80 55.0 86.0
34 65 79.0 45.0
48 3 131.0 1.0
49 1 57.0 136.0
6 54 27.0 47.0
56 9 154.0 183.0
35 11 31.0 86.0
71 51 18.0 56.0
2 63 35.0 25.0
4 46 29.0 66.0
74 61 145.0 160.0
9 57 14.0 155.0
62 35 28.0 41.0
44 58 62.0 182.0
39 69 29.0 93.0
4 47 104.0 199.0
52 65 129.0 139.0
15 36 159.0 159.0
21 30 98.0 57.0
27 10 93.0 112.0
47 66 1.0 122.0
75 25 65.0 15.0
46 69 147.0 94.0
10 46 100.0 51.0
30 23 115.0 182.0
2 45 29.0 74.0
45 44 36.0 79.0
56 64 14.0 130.0
25 20 35.0 167.0
21 64 137.0 100.0
2 41 53.0 85.0
18 33 12.0 105.0
5 43 83.0 127.0
61 75 97.0 64.0
38 25 85.0 85.0
40 3 88.0 51.0
30 14 32.0 76.0
17 29 197.0 169.0
76 7 66.0 50.0
28 24 78.0 79.0
4 79 175.0 161.0
73 18 150.0 24.0
42 31 9.0 187.0
78 79 49.0 49.0
49 46 162.0 33.0
15 43 129.0 159.0
48 2 56.0 147.0
37 19 111.0 134.0
34 14 49.0 39.0
21 28 98.0 151.0
46 51 155.0 59.0
49 69 137.0 156.0
67 30 40.0 51.0
72 11 152.0 121.0
36 16 39.0 160.0
2 37 184.0 103.0
30 19 70.0 185.0
15 31 35.0 168.0
22 28 60.0 142.0
48 19 73.0 149.0
48 1 30.0 65.0
26 19 133.0 135.0
8 36 54.0 124.0
55 68 187.0 190.0
42 16 31.0 9.0
57 50 148.0 18.0
77 1 196.0 8.0
51 78 97.0 69.0
78 16 119.0 79.0
42 55 128.0 4.0
23 41 156.0 182.0
5 44 133.0 95.0
61 26 116.0 164.0
75 55 143.0 16.0
41 4 56.0 139.0
54 1 90.0 153.0
21 26 169.0 161.0
40 78 61.0 49.0
39 33 58.0 17.0
77 34 8.0 191.0
34 12 4.0 77.0
3 54 41.0 99.0
47 7 3.0 97.0
80 12 46.0 94.0
77 48 35.0 167.0
46 58 123.0 49.0
27 23 109.0 133.0
12 77 101.0 118.0
27 25 179.0 58.0
49 38 158.0 20.0
69 38 99.0 162.0
24 11 108.0 97.0
8 37 92.0 96.0
14 38 187.0 167.0
35 9 143.0 48.0
10 47 65.0 196.0
15 38 2.0 44.0
45 17 64.0 112.0
51 1 6.0 163.0
67 53 154.0 115.0
78 52 63.0 198.0
47 6 119.0 2.0
27 14 51.0 14.0
58 52 131.0 117.0
58 74 133.0 85.0
49 3 16.0 197.0
49 73 66.0 174.0
46 42 2.0 172.0
4 40 112.0 18.0
10 39 163.0 32.0
43 10 193.0 167.0
21 31 179.0 76.0
21 33 79.0 112.0
50 4 142.0 47.0
55 23 99.0 9.0
64 62 68.0 54.0
46 7 97.0 180.0
10 42 20.0 61.0
4 61 124.0 13.0
24 29 165.0 103.0
75 9 168.0 197.0
71 77 4.0 111.0
19 73 82.0 56.0
18 34 110.0 102.0
55 43 130.0 7.0
42 4 10.0 150.0
5 42 16.0 134.0
37 71 110.0 134.0
8 39 140.0 79.0
80 63 50.0 96.0
55 33 67.0 132.0
15 35 148.0 177.0
29 18 115.0 79.0
13 38 158.0 77.0
5 46 53.0 126.0
8 46 64.0 116.0
16 33 79.0 156.0
18 45 103.0 129.0
78 14 123.0 122.0
11 42 67.0 72.0
30 72 146.0 135.0
8 43 181.0 56.0
17 24 82.0 187.0
28 64 195.0 146.0
51 15 187.0 26.0
48 6 168.0 42.0
49 45 167.0 91.0
57 36 5.0 34.0
59 10 103.0 152.0
50 2 110.0 84.0
24 64 43.0 145.0
24 27 176.0 190.0
11 37 109.0 115.0
26 29 91.0 29.0
5 48 90.0 58.0
29 45 6.0 96.0
24 9 52.0 109.0
44 4 56.0 114.0
23 25 96.0 99.0
24 23 1.0 24.0
51 3 180.0 62.0
9 36 123.0 71.0
35 17 151.0 14.0
38 31 195.0 158.0
63 68 22.0 199.0
20 34 135.0 30.0
20 23 76.0 31.0
3 56 131.0 29.0
7 48 149.0 63.0
63 47 98.0 72.0
11 41 197.0 49.0
69 8 10.0 144.0
51 4 192.0 185.0
5 40 183.0 127.0
30 22 123.0 12.0
39 74 65.0 7.0
51 5 19.0 14.0
38 40 76.0 117.0
31 25 26.0 25.0
36 4 105.0 188.0
4 45 28.0 98.0
14 58 94.0 163.0
24 26 6.0 169.0
28 23 6.0 23.0
45 8 156.0 177.0
70 48 106.0 184.0
12 43 92.0 84.0
5 74 102.0 198.0
56 1 43.0 82.0
39 13 65.0 89.0
32 21 142.0 71.0
17 36 34.0 100.0
70 38 170.0 142.0
43 11 90.0 28.0
50 34 125.0 135.0
45 10 136.0 27.0
13 40 110.0 132.0
3 52 79.0 176.0
41 40 68.0 21.0
79 42 187.0 102.0
32 78 75.0 109.0
45 59 165.0 118.0
12 46 189.0 90.0
26 27 175.0 77.0
4 52 36.0 37.0
24 54 63.0 116.0
13 43 163.0 131.0
52 67 114.0 103.0
64 13 59.0 141.0
23 60 105.0 176.0
57 27 58.0 94.0
14 40 65.0 33.0
47 5 68.0 101.0
42 12 153.0 84.0
41 12 70.0 69.0
53 3 88.0 184.0
10 44 191.0 99.0
18 76 105.0 96.0
26 30 28.0 164.0
32 26 152.0 93.0
13 28 161.0 173.0
77 18 175.0 66.0
25 56 130.0 45.0
60 22 148.0 170.0
60 31 148.0 91.0
58 28 191.0 53.0
6 46 149.0 19.0
19 36 91.0 54.0
20 36 80.0 52.0
17 40 60.0 56.0
6 43 18.0 142.0
36 34 46.0 118.0
9 46 32.0 146.0
7 50 31.0 175.0
50 36 40.0 132.0
32 22 176.0 131.0
6 57 1.0 56.0
8 73 165.0 14.0
7 77 153.0 135.0
62 14 156.0 151.0
4 49 115.0 141.0
49 77 169.0 146.0
64 71 75.0 9.0
24 30 134.0 51.0
5 50 36.0 136.0
25 33 90.0 153.0
11 50 32.0 195.0
9 45 109.0 140.0
11 48 44.0 176.0
71 75 165.0 165.0
6 52 73.0 41.0
48 9 97.0 8.0
25 65 77.0 85.0
52 8 8.0 119.0
55 5 174.0 192.0
42 14 9.0 35.0
79 52 20.0 5.0
50 6 141.0 186.0
18 60 165.0 15.0
31 24 128.0 62.0
40 20 117.0 157.0
51 37 169.0 77.0
64 63 157.0 143.0
20 59 129.0 118.0
30 36 26.0 150.0
49 9 143.0 168.0
60 24 42.0 60.0
47 36 77.0 122.0
55 32 64.0 194.0
69 24 3.0 186.0
28 20 104.0 112.0
27 31 49.0 34.0
66 17 103.0 28.0
44 12 195.0 198.0
7 44 89.0 189.0
46 13 12.0 166.0
17 39 155.0 28.0
16 55 181.0 111.0
65 64 4.0 37.0
47 24 63.0 5.0
51 8 87.0 166.0
22 77 64.0 34.0
2 54 164.0 153.0
24 33 87.0 128.0
26 31 167.0 195.0
41 14 67.0 100.0
3 50 135.0 23.0
50 9 24.0 151.0
11 44 148.0 64.0
43 17 65.0 164.0
27 39 18.0 181.0
51 10 21.0 58.0
60 14 142.0 188.0
72 1 40.0 162.0
50 66 42.0 128.0
39 80 85.0 67.0
55 3 86.0 185.0
14 70 160.0 103.0
60 78 57.0 178.0
68 77 166.0 30.0
42 51 152.0 108.0
46 14 139.0 145.0
1 53 78.0 134.0
57 74 156.0 163.0
77 21 169.0 195.0
22 35 21.0 129.0
32 23 34.0 30.0
49 21 42.0 152.0
15 45 192.0 146.0
76 12 43.0 84.0
4 56 76.0 122.0
58 1 159.0 33.0
51 29 92.0 80.0
11 49 166.0 113.0
7 51 22.0 0.0
37 34 139.0 16.0
24 32 153.0 131.0
47 16 75.0 197.0
26 72 108.0 151.0
21 57 150.0 19.0
9 44 195.0 194.0
34 27 36.0 161.0
35 21 160.0 10.0
27 32 136.0 99.0
71 24 196.0 90.0
55 6 136.0 23.0
23 56 122.0 196.0
64 57 28.0 25.0
77 20 130.0 175.0
40 57 83.0 118.0
44 13 20.0 196.0
68 56 49.0 156.0
26 36 29.0 198.0
78 54 99.0 117.0
36 22 164.0 174.0
45 12 197.0 192.0
42 15 2.0 79.0
4 55 8.0 37.0
45 16 137.0 28.0
28 31 159.0 139.0
56 50 173.0 140.0
23 58 163.0 24.0
12 39 100.0 127.0
44 14 24.0 50.0
58 2 197.0 26.0
22 37 157.0 5.0
18 67 178.0 46.0
44 18 58.0 89.0
67 71 89.0 31.0
80 17 10.0 52.0
7 60 108.0 63.0
43 74 192.0 132.0
3 71 121.0 141.0
14 67 22.0 30.0
55 7 55.0 152.0
38 5 193.0 114.0
34 26 63.0 82.0
26 47 112.0 74.0
58 50 19.0 172.0
57 2 196.0 163.0
20 35 91.0 70.0
43 21 87.0 66.0
33 22 96.0 142.0
23 38 188.0 41.0
59 76 163.0 52.0
50 12 130.0 27.0
8 80 121.0 101.0
48 25 125.0 117.0
16 39 122.0 17.0
1 76 169.0 9.0
46 25 170.0 17.0
25 51 122.0 158.0
26 35 198.0 38.0
41 26 7.0 80.0
20 42 24.0 128.0
23 39 117.0 150.0
10 49 25.0 192.0
13 47 159.0 147.0
12 49 122.0 81.0
24 34 164.0 196.0
27 30 43.0 163.0
61 76 117.0 2.0
58 12 126.0 93.0
42 44 18.0 44.0
6 51 68.0 44.0
30 64 47.0 180.0
29 28 138.0 121.0
53 7 104.0 103.0
9 52 4.0 147.0
14 43 142.0 73.0
73 39 65.0 69.0
3 66 76.0 84.0
6 53 194.0 145.0
64 46 34.0 193.0
19 75 40.0 125.0
65 61 88.0 96.0
59 4 115.0 44.0
17 70 81.0 10.0
9 53 149.0 146.0
57 31 101.0 178.0
28 33 85.0 95.0
1 57 138.0 72.0
76 30 91.0 130.0
2 59 31.0 179.0
29 33 118.0 146.0
4 57 32.0 151.0
13 50 187.0 133.0
3 58 142.0 88.0
40 19 186.0 28.0
36 21 84.0 77.0
42 48 82.0 176.0
44 19 159.0 113.0
31 23 175.0 29.0
1 61 11.0 159.0
25 35 110.0 199.0
77 80 143.0 52.0
16 73 104.0 81.0
5 71 37.0 141.0
10 52 56.0 119.0
24 40 107.0 15.0
29 46 20.0 35.0
9 51 55.0 31.0
54 10 148.0 165.0
35 28 197.0 91.0
40 11 87.0 54.0
76 36 105.0 124.0
25 77 40.0 161.0
14 48 80.0 100.0
58 6 151.0 100.0
24 39 25.0 158.0
35 45 136.0 173.0
46 17 96.0 134.0
17 42 175.0 135.0
5 52 151.0 80.0
49 74 140.0 143.0
3 76 47.0 21.0
13 51 116.0 198.0
43 20 72.0 93.0
40 22 79.0 8.0
49 13 22.0 127.0
67 64 73.0 150.0
55 8 83.0 176.0
47 15 50.0 23.0
54 9 150.0 97.0
46 18 179.0 18.0
2 61 190.0 51.0
18 36 11.0 69.0
59 37 45.0 33.0
21 38 134.0 70.0
79 48 94.0 17.0
80 74 186.0 96.0
40 23 11.0 88.0
11 52 46.0 191.0
27 37 98.0 36.0
3 59 17.0 109.0
22 41 65.0 14.0
42 22 148.0 152.0
36 25 2.0 194.0
32 29 104.0 189.0
77 78 77.0 115.0
5 59 105.0 124.0
49 14 59.0 156.0
20 38 128.0 28.0
33 75 95.0 145.0
25 41 162.0 43.0
12 71 85.0 117.0
33 67 68.0 189.0
64 58 71.0 146.0
39 25 16.0 177.0
33 32 8.0 28.0
3 57 15.0 88.0
44 75 34.0 110.0
44 26 6.0 148.0
48 66 80.0 92.0
42 23 107.0 148.0
56 8 6.0 178.0
29 68 155.0 174.0
33 43 95.0 115.0
37 16 166.0 62.0
79 45 73.0 0.0
70 29 77.0 80.0
48 8 137.0 109.0
70 18 152.0 196.0
65 48 124.0 158.0
57 5 179.0 79.0
80 36 50.0 26.0
1 62 189.0 16.0
56 10 193.0 14.0
77 47 130.0 22.0
44 20 32.0 20.0
13 48 197.0 184.0
64 55 130.0 121.0
30 37 17.0 61.0
61 48 51.0 19.0
31 34 91.0 192.0
27 36 72.0 36.0
43 16 127.0 154.0
11 54 83.0 111.0
24 56 38.0 80.0
30 35 120.0 168.0
45 21 159.0 137.0
29 38 147.0 10.0
59 1 52.0 38.0
51 16 117.0 124.0
7 71 28.0 45.0
78 37 100.0 64.0
45 57 193.0 138.0
18 42 109.0 113.0
1 63 109.0 20.0
73 71 8.0 56.0
1 64 97.0 60.0
41 24 160.0 14.0
48 52 124.0 140.0
67 1 124.0 176.0
54 75 55.0 69.0
22 45 166.0 165.0
19 66 50.0 75.0
60 5 104.0 58.0
7 57 4.0 1.0
3 62 22.0 116.0
46 15 99.0 98.0
6 75 170.0 23.0
53 11 66.0 26.0
64 2 166.0 32.0
49 60 48.0 168.0
43 24 73.0 105.0
58 27 105.0 30.0
58 7 6.0 79.0
53 12 25.0 57.0
45 42 145.0 195.0
29 31 106.0 164.0
14 50 45.0 24.0
17 73 151.0 45.0
46 21 20.0 24.0
59 7 35.0 125.0
51 12 164.0 193.0
55 12 187.0 141.0
45 50 162.0 84.0
52 12 179.0 68.0
78 5 53.0 24.0
77 62 158.0 156.0
5 61 133.0 178.0
21 44 196.0 120.0
29 75 42.0 112.0
57 11 1.0 181.0
56 59 157.0 163.0
28 41 63.0 136.0
4 65 15.0 68.0
55 65 58.0 173.0
78 65 48.0 143.0
8 64 67.0 44.0
58 29 94.0 62.0
3 64 161.0 47.0
54 43 80.0 119.0
58 48 76.0 95.0
73 5 158.0 91.0
52 13 49.0 16.0
20 45 128.0 97.0
16 48 152.0 148.0
75 51 68.0 198.0
46 39 19.0 30.0
33 62 10.0 51.0
61 67 132.0 86.0
62 6 155.0 90.0
8 60 68.0 4.0
36 28 192.0 148.0
21 48 53.0 96.0
59 47 64.0 74.0
40 27 157.0 35.0
42 24 17.0 119.0
15 52 199.0 102.0
21 47 34.0 154.0
56 14 20.0 54.0
17 49 16.0 12.0
52 21 110.0 69.0
48 22 103.0 126.0
55 10 60.0 12.0
61 6 183.0 30.0
48 20 176.0 182.0
36 13 127.0 163.0
80 18 163.0 148.0
61 73 72.0 131.0
40 29 32.0 182.0
41 29 0.0 87.0
31 35 20.0 12.0
32 43 72.0 155.0
32 25 3.0 49.0
19 45 177.0 130.0
62 31 2.0 93.0
43 26 20.0 26.0
50 41 178.0 52.0
17 53 41.0 130.0
46 22 23.0 13.0
66 41 63.0 47.0
26 42 141.0 66.0
7 62 194.0 70.0
35 36 122.0 148.0
53 55 21.0 142.0
15 67 106.0 199.0
69 2 181.0 147.0
65 73 161.0 4.0
33 45 195.0 24.0
4 64 65.0 88.0
62 4 19.0 11.0
54 15 70.0 142.0
57 14 171.0 91.0
9 59 125.0 77.0
33 26 100.0 106.0
34 32 72.0 13.0
7 64 71.0 19.0
42 68 121.0 136.0
1 68 196.0 140.0
33 38 95.0 66.0
12 56 158.0 66.0
37 33 29.0 35.0
80 62 159.0 81.0
37 56 23.0 32.0
24 44 166.0 47.0
27 41 81.0 87.0
76 20 45.0 77.0
15 56 37.0 141.0
51 17 109.0 147.0
56 63 126.0 90.0
76 44 32.0 86.0
56 13 103.0 7.0
31 39 136.0 21.0
61 11 177.0 169.0
36 31 6.0 22.0
14 76 98.0 195.0
56 16 82.0 159.0
77 42 103.0 8.0
44 25 95.0 135.0
5 63 94.0 198.0
28 42 43.0 182.0
33 73 24.0 20.0
31 76 196.0 182.0
10 57 89.0 46.0
6 64 147.0 171.0
68 2 82.0 3.0
51 59 199.0 177.0
26 49 87.0 45.0
21 68 84.0 130.0
12 72 82.0 61.0
16 46 160.0 78.0
65 5 92.0 2.0
23 12 39.0 192.0
58 36 140.0 73.0
46 52 71.0 91.0
52 17 31.0 110.0
4 1 47.0 67.0
24 49 193.0 129.0
53 80 145.0 154.0
68 37 68.0 189.0
47 23 91.0 59.0
48 10 166.0 183.0
16 75 66.0 189.0
58 8 125.0 49.0
54 16 187.0 172.0
9 62 121.0 180.0
43 27 151.0 66.0
40 30 28.0 171.0
62 71 22.0 71.0
46 24 2.0 140.0
59 12 138.0 69.0
16 53 23.0 15.0
18 52 137.0 162.0
51 20 158.0 58.0
45 26 176.0 61.0
16 57 74.0 4.0
63 8 82.0 48.0
50 29 9.0 85.0
49 22 1.0 99.0
57 75 116.0 25.0
37 36 48.0 5.0
1 65 16.0 158.0
13 60 25.0 192.0
66 6 172.0 52.0
53 19 56.0 54.0
39 19 110.0 65.0
70 45 126.0 112.0
60 11 133.0 194.0
69 80 63.0 133.0
55 52 107.0 79.0
42 32 19.0 132.0
52 57 146.0 191.0
18 55 30.0 2.0
18 53 190.0 140.0
54 20 13.0 68.0
32 37 122.0 98.0
54 72 28.0 137.0
13 59 89.0 135.0
72 20 114.0 108.0
1 73 97.0 60.0
29 42 41.0 127.0
74 68 16.0 184.0
22 50 117.0 181.0
61 8 32.0 39.0
28 44 138.0 60.0
53 20 39.0 179.0
48 40 75.0 153.0
18 49 42.0 172.0
59 14 12.0 36.0
79 13 142.0 180.0
52 14 195.0 60.0
1 70 105.0 28.0
38 34 28.0 195.0
39 36 107.0 68.0
4 68 7.0 182.0
68 67 166.0 50.0
8 65 27.0 131.0
20 55 186.0 170.0
52 22 67.0 182.0
39 32 165.0 125.0
3 1 142.0 146.0
41 31 12.0 49.0
28 43 126.0 20.0
10 63 198.0 45.0
17 56 70.0 26.0
40 37 65.0 56.0
7 65 163.0 84.0
47 25 3.0 81.0
2 67 81.0 97.0
23 53 132.0 93.0
56 18 172.0 11.0
51 22 99.0 122.0
41 34 175.0 169.0
10 61 26.0 192.0
45 28 169.0 190.0
24 50 120.0 124.0
2 72 43.0 1.0
49 48 3.0 127.0
70 2 104.0 175.0
62 13 82.0 3.0
19 56 94.0 58.0
33 36 119.0 121.0
40 64 118.0 40.0
47 45 136.0 190.0
35 38 106.0 131.0
10 65 7.0 109.0
72 3 95.0 63.0
79 60 36.0 178.0
70 4 47.0 82.0
68 7 22.0 118.0
41 35 56.0 92.0
44 43 61.0 144.0
31 45 169.0 120.0
59 16 35.0 129.0
64 12 8.0 82.0
71 4 155.0 196.0
41 39 143.0 154.0
75 34 4.0 117.0
60 16 107.0 13.0
58 15 70.0 121.0
73 4 71.0 39.0
52 1 96.0 106.0
22 55 76.0 56.0
59 17 105.0 184.0
60 15 69.0 0.0
29 47 195.0 25.0
34 42 18.0 55.0
30 46 181.0 88.0
50 40 47.0 4.0
50 25 65.0 96.0
23 48 107.0 141.0
64 9 192.0 13.0
24 52 27.0 13.0
10 66 9.0 23.0
28 50 177.0 179.0
69 7 127.0 110.0
60 75 51.0 174.0
46 28 130.0 116.0
61 15 132.0 38.0
21 53 151.0 76.0
8 67 51.0 130.0
80 26 60.0 61.0
18 57 141.0 37.0
74 3 63.0 68.0
72 4 141.0 66.0
34 40 40.0 24.0
43 34 30.0 124.0
54 22 185.0 133.0
72 5 73.0 37.0
50 51 105.0 133.0
43 31 6.0 198.0
11 67 188.0 21.0
59 18 79.0 81.0
24 53 165.0 120.0
27 50 136.0 147.0
78 2 38.0 122.0
58 80 18.0 63.0
32 45 155.0 75.0
46 31 142.0 114.0
60 17 107.0 82.0
61 16 44.0 186.0
70 59 189.0 9.0
56 30 52.0 125.0
52 25 39.0 42.0
44 34 71.0 57.0
19 57 175.0 179.0
51 27 4.0 69.0
26 53 51.0 63.0
12 62 137.0 48.0
58 13 115.0 126.0
74 1 60.0 167.0
76 42 66.0 99.0
8 71 122.0 89.0
12 65 153.0 49.0
64 16 142.0 109.0
72 53 139.0 145.0
20 52 33.0 76.0
62 17 73.0 148.0
66 13 66.0 134.0
70 10 48.0 132.0
64 14 136.0 123.0
68 9 108.0 41.0
44 71 66.0 2.0
2 77 48.0 5.0
12 61 0.0 33.0
71 6 100.0 25.0
29 49 182.0 166.0
26 52 39.0 31.0
26 67 19.0 128.0
4 74 74.0 127.0
5 70 146.0 140.0
22 59 26.0 146.0
41 37 73.0 178.0
18 54 115.0 173.0
75 2 60.0 98.0
63 42 167.0 51.0
63 14 17.0 139.0
50 30 173.0 91.0
65 13 129.0 71.0
22 57 14.0 155.0
55 24 112.0 87.0
14 65 3.0 27.0
64 38 198.0 15.0
79 28 97.0 165.0
79 65 99.0 115.0
40 36 71.0 24.0
65 11 24.0 152.0
12 68 112.0 190.0
16 63 32.0 24.0
49 28 97.0 188.0
36 43 191.0 95.0
40 32 173.0 41.0
6 72 192.0 72.0
33 42 9.0 15.0
44 36 11.0 185.0
59 57 74.0 123.0
42 38 199.0 106.0
58 21 135.0 96.0
40 39 24.0 79.0
16 28 72.0 197.0
29 52 94.0 16.0
22 56 168.0 55.0
64 15 80.0 179.0
31 49 126.0 154.0
34 54 7.0 77.0
27 52 61.0 95.0
37 55 72.0 38.0
9 70 74.0 96.0
75 5 184.0 120.0
46 33 199.0 104.0
52 28 42.0 79.0
67 13 194.0 120.0
74 7 10.0 2.0
6 60 40.0 24.0
57 23 69.0 112.0
66 14 115.0 95.0
34 56 122.0 51.0
38 43 16.0 121.0
37 42 81.0 58.0
47 33 89.0 75.0
26 54 52.0 100.0
79 77 101.0 44.0
33 48 195.0 122.0
61 17 94.0 110.0
73 7 80.0 16.0
31 58 61.0 97.0
44 33 28.0 142.0
43 39 167.0 70.0
69 9 78.0 172.0
25 57 40.0 131.0
29 53 146.0 187.0
66 12 160.0 40.0
71 9 82.0 41.0
48 29 188.0 143.0
47 34 36.0 17.0
50 19 159.0 155.0
27 54 159.0 37.0
18 62 173.0 151.0
6 74 150.0 119.0
69 72 152.0 63.0
41 65 19.0 34.0
63 18 143.0 7.0
63 17 80.0 131.0
56 48 176.0 39.0
70 12 110.0 135.0
17 64 77.0 83.0
63 19 69.0 179.0
6 76 138.0 22.0
30 51 44.0 157.0
35 34 10.0 140.0
22 72 109.0 42.0
16 62 125.0 85.0
54 28 13.0 35.0
37 45 92.0 42.0
21 61 43.0 162.0
53 31 114.0 182.0
73 12 83.0 159.0
49 52 102.0 45.0
6 73 33.0 11.0
37 44 185.0 158.0
70 66 33.0 150.0
57 73 42.0 125.0
53 27 29.0 37.0
70 8 168.0 144.0
14 68 71.0 3.0
53 25 28.0 125.0
50 32 10.0 61.0
7 75 54.0 195.0
78 66 133.0 39.0
58 78 103.0 127.0
62 21 180.0 132.0
57 77 151.0 100.0
52 64 37.0 175.0
72 21 192.0 18.0
70 72 174.0 2.0
19 58 120.0 180.0
20 62 137.0 5.0
41 30 45.0 40.0
51 53 138.0 177.0
43 40 132.0 90.0
45 38 84.0 122.0
51 31 106.0 76.0
4 75 126.0 80.0
60 25 28.0 198.0
30 49 122.0 165.0
10 73 91.0 167.0
48 31 130.0 181.0
53 32 155.0 15.0
62 8 158.0 191.0
44 40 0.0 16.0
10 74 182.0 79.0
31 78 95.0 162.0
49 36 74.0 17.0
75 8 117.0 117.0
55 30 104.0 0.0
4 80 163.0 11.0
9 73 133.0 73.0
60 3 174.0 133.0
41 42 152.0 108.0
63 21 75.0 47.0
62 65 137.0 150.0
78 3 130.0 7.0
33 49 41.0 186.0
34 48 78.0 156.0
51 35 28.0 11.0
8 76 113.0 155.0
16 68 103.0 65.0
76 9 139.0 130.0
13 70 178.0 29.0
13 72 18.0 109.0
45 23 169.0 11.0
10 72 52.0 47.0
52 33 123.0 81.0
27 69 119.0 188.0
56 28 41.0 174.0
39 66 48.0 181.0
58 43 189.0 26.0
67 16 193.0 8.0
77 5 84.0 162.0
20 64 39.0 136.0
17 67 29.0 162.0
52 35 113.0 149.0
20 67 26.0 106.0
47 39 70.0 74.0
67 4 199.0 59.0
5 80 27.0 144.0
32 59 130.0 63.0
77 8 190.0 121.0
76 10 31.0 172.0
67 74 94.0 96.0
15 72 81.0 121.0
63 22 147.0 151.0
61 25 93.0 99.0
44 41 173.0 72.0
67 19 121.0 55.0
47 38 161.0 64.0
53 37 151.0 192.0
62 23 9.0 197.0
59 29 189.0 90.0
27 59 18.0 88.0
37 48 90.0 63.0
72 57 85.0 15.0
11 75 64.0 6.0
65 20 163.0 25.0
56 29 71.0 66.0
49 37 157.0 33.0
6 78 104.0 98.0
60 27 177.0 74.0
45 41 5.0 67.0
59 21 50.0 42.0
22 65 54.0 66.0
75 13 186.0 17.0
14 71 176.0 57.0
33 53 185.0 133.0
69 14 35.0 89.0
55 31 145.0 12.0
27 61 79.0 103.0
29 55 169.0 81.0
25 62 122.0 175.0
29 57 156.0 108.0
39 49 127.0 132.0
12 67 126.0 64.0
39 48 21.0 161.0
70 46 122.0 166.0
72 16 21.0 154.0
47 37 113.0 142.0
68 18 78.0 35.0
41 46 91.0 186.0
22 80 21.0 170.0
66 20 139.0 147.0
65 19 9.0 160.0
66 79 93.0 132.0
11 77 19.0 114.0
46 38 160.0 132.0
78 41 140.0 190.0
30 52 28.0 183.0
50 38 185.0 49.0
61 29 81.0 124.0
67 21 193.0 90.0
79 9 118.0 38.0
30 53 38.0 137.0
59 28 190.0 198.0
47 41 109.0 82.0
44 46 166.0 138.0
18 69 111.0 151.0
71 17 48.0 192.0
56 35 81.0 194.0
30 58 21.0 0.0
31 56 1.0 59.0
26 60 53.0 143.0
48 41 21.0 163.0
35 43 61.0 187.0
73 51 32.0 124.0
27 62 36.0 33.0
71 68 111.0 69.0
52 62 148.0 133.0
18 72 22.0 102.0
63 25 9.0 76.0
73 14 65.0 30.0
75 12 188.0 126.0
4 66 32.0 173.0
49 40 21.0 68.0
51 38 196.0 132.0
35 54 22.0 97.0
75 40 20.0 45.0
14 74 19.0 182.0
65 45 60.0 85.0
3 63 97.0 48.0
8 79 36.0 82.0
33 56 116.0 57.0
33 63 104.0 113.0
28 61 73.0 126.0
43 46 109.0 46.0
77 61 60.0 81.0
25 79 30.0 120.0
15 71 199.0 80.0
54 33 26.0 36.0
78 11 9.0 142.0
19 70 147.0 113.0
77 13 34.0 172.0
76 11 111.0 96.0
12 79 95.0 172.0
9 78 128.0 77.0
46 45 164.0 128.0
64 77 40.0 190.0
66 21 149.0 49.0
46 40 165.0 48.0
54 32 20.0 152.0
30 54 45.0 132.0
58 57 24.0 140.0
69 13 170.0 104.0
40 65 103.0 134.0
43 48 14.0 95.0
79 11 4.0 115.0
59 36 163.0 122.0
27 63 182.0 184.0
55 35 51.0 28.0
35 19 176.0 27.0
43 52 122.0 98.0
69 33 120.0 177.0
63 29 21.0 134.0
17 54 26.0 25.0
18 71 156.0 141.0
75 17 47.0 138.0
68 26 69.0 98.0
80 78 33.0 198.0
25 55 29.0 155.0
26 39 189.0 149.0
79 14 124.0 162.0
66 26 106.0 102.0
80 37 13.0 14.0
60 34 19.0 12.0
70 24 14.0 40.0
62 30 101.0 47.0
65 24 168.0 130.0
77 14 148.0 109.0
48 44 9.0 72.0
22 61 51.0 67.0
37 52 196.0 16.0
67 70 9.0 167.0
69 10 32.0 175.0
71 23 189.0 134.0
53 34 169.0 157.0
49 42 68.0 117.0
74 18 103.0 30.0
58 34 143.0 106.0
78 13 165.0 92.0
57 35 196.0 126.0
55 36 74.0 28.0
12 78 157.0 63.0
71 16 131.0 126.0
73 36 83.0 152.0
28 63 109.0 138.0
72 37 10.0 52.0
30 65 23.0 127.0
27 65 31.0 171.0
59 73 86.0 105.0
76 17 149.0 43.0
6 80 134.0 33.0
39 54 156.0 169.0
73 23 54.0 65.0
23 67 175.0 17.0
74 15 26.0 150.0
32 60 160.0 58.0
76 19 44.0 198.0
77 74 178.0 194.0
41 49 134.0 64.0
69 74 91.0 43.0
45 48 148.0 145.0
65 17 49.0 123.0
60 66 161.0 75.0
23 65 125.0 73.0
9 80 37.0 170.0
64 29 132.0 168.0
74 20 115.0 18.0
73 21 62.0 158.0
22 73 4.0 10.0
20 68 77.0 53.0
57 32 162.0 190.0
69 21 119.0 40.0
23 72 153.0 109.0
31 70 77.0 85.0
62 34 183.0 144.0
41 52 191.0 198.0
15 75 127.0 195.0
31 61 61.0 156.0
31 63 0.0 175.0
38 56 97.0 72.0
69 26 159.0 50.0
51 48 175.0 188.0
28 62 12.0 159.0
21 76 96.0 3.0
40 56 115.0 23.0
63 34 185.0 128.0
46 50 40.0 186.0
72 59 1.0 138.0
75 23 153.0 112.0
62 32 171.0 128.0
30 66 172.0 183.0
23 70 66.0 20.0
37 58 192.0 133.0
48 47 6.0 129.0
33 64 37.0 46.0
79 16 116.0 190.0
40 58 153.0 69.0
66 31 141.0 76.0
72 24 138.0 113.0
17 78 189.0 4.0
57 20 8.0 133.0
43 53 69.0 166.0
78 19 56.0 59.0
57 38 178.0 124.0
24 74 12.0 83.0
65 32 85.0 154.0
67 31 71.0 23.0
39 57 186.0 61.0
44 50 124.0 194.0
27 66 140.0 194.0
56 41 179.0 148.0
70 26 15.0 158.0
66 32 114.0 27.0
31 68 75.0 0.0
42 56 58.0 147.0
47 49 176.0 44.0
64 31 68.0 100.0
64 47 181.0 8.0
52 44 162.0 161.0
48 50 151.0 177.0
69 30 17.0 65.0
75 21 43.0 93.0
66 73 100.0 101.0
73 58 58.0 28.0
44 49 191.0 78.0
28 69 82.0 124.0
31 59 79.0 196.0
36 61 21.0 30.0
17 77 172.0 38.0
53 46 162.0 15.0
55 41 27.0 14.0
43 51 4.0 38.0
35 77 153.0 147.0
76 73 101.0 188.0
79 22 66.0 132.0
71 43 144.0 87.0
22 76 179.0 68.0
65 33 188.0 141.0
36 63 68.0 168.0
74 23 175.0 24.0
35 53 181.0 129.0
53 47 153.0 35.0
73 27 115.0 19.0
71 29 44.0 59.0
73 13 1.0 23.0
79 20 65.0 189.0
33 68 172.0 85.0
38 58 94.0 99.0
53 44 78.0 27.0
58 41 103.0 183.0
63 76 64.0 18.0
68 32 101.0 60.0
50 49 120.0 102.0
27 72 22.0 137.0
39 56 173.0 146.0
79 21 71.0 67.0
78 21 123.0 101.0
64 35 43.0 178.0
59 44 5.0 59.0
68 40 136.0 106.0
75 20 153.0 56.0
78 27 62.0 175.0
38 61 158.0 35.0
35 65 144.0 181.0
60 38 162.0 20.0
60 40 110.0 5.0
29 73 126.0 115.0
74 25 137.0 63.0
41 54 43.0 42.0
29 72 90.0 106.0
58 39 160.0 0.0
69 32 1.0 105.0
62 39 134.0 163.0
40 52 175.0 44.0
18 79 71.0 101.0
80 15 171.0 160.0
34 69 157.0 14.0
67 34 165.0 0.0
54 47 66.0 77.0
30 70 197.0 67.0
68 35 39.0 83.0
13 76 190.0 14.0
23 79 123.0 13.0
67 25 76.0 94.0
59 41 2.0 33.0
45 56 99.0 119.0
54 46 120.0 165.0
44 73 94.0 117.0
44 32 20.0 85.0
35 67 119.0 162.0
80 56 55.0 194.0
39 51 179.0 83.0
34 68 33.0 181.0
75 26 40.0 132.0
56 47 131.0 160.0
42 70 199.0 178.0
27 75 63.0 19.0
57 43 186.0 134.0
62 40 8.0 193.0
70 33 68.0 187.0
74 27 198.0 54.0
23 78 173.0 190.0
38 63 69.0 56.0
65 38 114.0 21.0
50 47 69.0 177.0
24 80 82.0 55.0
15 78 111.0 43.0
53 52 124.0 132.0
52 51 179.0 123.0
37 65 160.0 104.0
57 41 100.0 182.0
38 66 101.0 14.0
76 65 121.0 170.0
42 60 151.0 4.0
73 31 157.0 62.0
74 30 188.0 82.0
65 39 57.0 168.0
43 61 190.0 169.0
80 25 37.0 42.0
28 75 102.0 138.0
79 26 112.0 23.0
58 42 120.0 63.0
47 57 64.0 77.0
56 49 157.0 52.0
65 36 91.0 166.0
79 24 30.0 81.0
35 63 97.0 19.0
67 38 38.0 151.0
78 25 113.0 150.0
55 48 189.0 33.0
54 50 20.0 53.0
78 29 91.0 129.0
44 61 123.0 182.0
77 28 174.0 105.0
42 47 176.0 71.0
46 61 158.0 14.0
77 31 8.0 71.0
40 63 79.0 149.0
80 21 142.0 99.0
68 39 138.0 33.0
73 32 11.0 61.0
64 79 26.0 185.0
41 64 30.0 3.0
47 58 134.0 140.0
57 46 121.0 94.0
72 33 189.0 0.0
62 44 58.0 131.0
76 29 61.0 196.0
39 63 19.0 25.0
70 36 75.0 46.0
74 12 155.0 58.0
45 61 9.0 41.0
79 6 183.0 130.0
74 33 82.0 172.0
64 42 120.0 141.0
51 56 57.0 133.0
35 73 131.0 77.0
57 48 196.0 6.0
67 37 198.0 104.0
77 29 129.0 159.0
55 51 69.0 113.0
72 17 12.0 152.0
31 74 114.0 132.0
54 52 185.0 124.0
65 44 153.0 116.0
43 63 56.0 101.0
77 27 106.0 54.0
18 78 192.0 36.0
57 70 181.0 62.0
52 47 80.0 145.0
45 64 145.0 146.0
80 27 126.0 131.0
63 32 3.0 31.0
42 61 14.0 59.0
63 44 49.0 120.0
53 56 88.0 194.0
29 67 196.0 21.0
53 40 137.0 28.0
63 45 193.0 34.0
32 75 76.0 72.0
61 39 39.0 80.0
30 77 135.0 53.0
70 55 141.0 184.0
69 22 92.0 29.0
17 79 112.0 40.0
41 62 115.0 1.0
61 49 47.0 109.0
66 43 70.0 124.0
32 76 129.0 110.0
28 78 157.0 64.0
27 79 124.0 98.0
36 54 69.0 16.0
52 39 51.0 134.0
30 79 174.0 118.0
57 51 77.0 22.0
75 36 101.0 147.0
35 74 101.0 30.0
53 58 14.0 58.0
66 44 177.0 138.0
73 38 71.0 47.0
30 75 94.0 74.0
29 74 144.0 21.0
47 65 85.0 21.0
46 62 195.0 138.0
59 49 151.0 48.0
34 76 108.0 117.0
80 32 157.0 38.0
37 73 133.0 28.0
28 73 190.0 27.0
43 65 172.0 134.0
64 50 88.0 9.0
51 61 54.0 83.0
72 39 81.0 157.0
65 49 159.0 190.0
51 58 149.0 116.0
59 54 187.0 82.0
53 54 103.0 177.0
68 44 57.0 76.0
42 72 143.0 146.0
43 68 52.0 197.0
66 75 8.0 134.0
69 40 63.0 167.0
37 74 73.0 164.0
68 24 187.0 12.0
61 70 122.0 91.0
78 35 121.0 179.0
42 71 93.0 64.0
59 52 76.0 98.0
49 54 101.0 85.0
78 22 20.0 117.0
67 40 28.0 45.0
41 69 140.0 15.0
61 52 100.0 62.0
75 38 38.0 21.0
68 46 130.0 131.0
61 50 124.0 6.0
74 41 81.0 177.0
76 38 192.0 53.0
45 66 56.0 20.0
43 70 106.0 196.0
40 70 127.0 158.0
53 45 74.0 165.0
39 70 124.0 156.0
56 55 100.0 0.0
79 58 158.0 133.0
33 78 0.0 150.0
78 36 97.0 8.0
39 76 108.0 155.0
62 51 17.0 35.0
64 49 116.0 44.0
79 35 184.0 192.0
47 70 74.0 36.0
62 53 194.0 184.0
69 45 146.0 194.0
31 80 167.0 195.0
42 73 124.0 27.0
38 74 115.0 93.0
58 49 18.0 184.0
39 77 53.0 2.0
54 63 91.0 79.0
40 73 70.0 37.0
40 76 8.0 16.0
79 34 95.0 128.0
55 61 186.0 19.0
80 35 186.0 101.0
20 56 140.0 4.0
38 78 183.0 145.0
72 45 159.0 26.0
45 62 40.0 29.0
57 53 183.0 0.0
32 79 180.0 78.0
67 44 6.0 166.0
59 58 115.0 193.0
50 69 119.0 55.0
55 62 58.0 54.0
80 33 19.0 169.0
45 74 141.0 11.0
56 62 61.0 124.0
49 70 80.0 41.0
62 54 116.0 86.0
60 56 188.0 32.0
61 56 193.0 107.0
77 44 122.0 52.0
79 33 40.0 93.0
68 47 120.0 133.0
68 48 112.0 181.0
41 73 14.0 144.0
42 74 17.0 130.0
59 53 147.0 5.0
60 54 98.0 140.0
41 76 122.0 21.0
78 39 90.0 162.0
58 56 143.0 10.0
60 52 67.0 7.0
73 50 5.0 33.0
72 47 147.0 22.0
54 58 184.0 46.0
50 67 22.0 35.0
69 48 49.0 96.0
48 67 197.0 139.0
51 68 163.0 140.0
77 40 163.0 30.0
44 74 184.0 120.0
56 52 162.0 83.0
78 42 71.0 99.0
66 54 0.0 45.0
62 50 16.0 2.0
67 56 59.0 14.0
68 54 40.0 22.0
74 47 56.0 155.0
63 57 1.0 192.0
46 63 150.0 115.0
70 35 75.0 21.0
53 68 90.0 75.0
79 41 162.0 107.0
74 40 118.0 173.0
51 66 33.0 110.0
63 50 126.0 42.0
35 76 120.0 127.0
73 47 116.0 70.0
61 57 157.0 191.0
77 45 24.0 0.0
58 66 123.0 138.0
57 65 159.0 41.0
50 74 116.0 193.0
46 74 166.0 42.0
59 60 132.0 39.0
40 79 125.0 0.0
66 65 168.0 34.0
46 78 163.0 192.0
67 41 73.0 87.0
71 39 5.0 33.0
65 59 57.0 74.0
54 77 186.0 175.0
80 43 106.0 118.0
62 63 181.0 183.0
79 47 130.0 102.0
68 36 145.0 45.0
62 57 123.0 19.0
70 54 101.0 80.0
31 75 195.0 110.0
67 55 13.0 133.0
48 73 128.0 71.0
73 46 90.0 61.0
78 48 27.0 20.0
45 75 91.0 125.0
50 78 19.0 166.0
49 78 130.0 72.0
76 54 128.0 77.0
46 76 71.0 93.0
55 77 89.0 151.0
43 75 145.0 179.0
55 57 194.0 125.0
45 60 23.0 85.0
75 49 94.0 194.0
66 62 155.0 176.0
43 78 19.0 35.0
35 72 30.0 43.0
80 45 166.0 119.0
63 67 192.0 63.0
79 46 123.0 186.0
53 74 136.0 146.0
60 70 181.0 182.0
62 68 158.0 136.0
79 29 27.0 130.0
69 54 95.0 9.0
55 76 183.0 13.0
65 58 134.0 127.0
72 56 56.0 57.0
51 67 21.0 144.0
42 66 7.0 2.0
64 60 49.0 165.0
64 61 66.0 28.0
59 63 44.0 113.0
69 53 49.0 179.0
66 61 21.0 183.0
48 72 13.0 29.0
68 61 197.0 34.0
71 53 186.0 4.0
51 69 94.0 187.0
66 49 93.0 112.0
41 75 122.0 89.0
58 69 156.0 171.0
60 69 98.0 130.0
73 60 47.0 63.0
67 47 186.0 44.0
56 66 69.0 173.0
49 71 42.0 115.0
49 80 84.0 136.0
48 76 157.0 158.0
77 51 172.0 65.0
78 62 86.0 22.0
78 63 88.0 133.0
34 66 76.0 75.0
41 51 2.0 145.0
67 66 144.0 45.0
76 58 43.0 29.0
65 69 156.0 0.0
66 68 56.0 81.0
72 66 168.0 142.0
69 57 179.0 9.0
64 68 37.0 7.0
79 59 52.0 40.0
79 61 155.0 197.0
75 58 80.0 199.0
67 72 34.0 37.0
71 69 183.0 43.0
63 60 18.0 103.0
70 56 121.0 198.0
64 74 136.0 111.0
62 73 26.0 189.0
75 68 110.0 134.0
73 64 129.0 190.0
60 76 158.0 116.0
73 56 175.0 93.0
78 59 61.0 193.0
69 61 9.0 135.0
76 57 163.0 146.0
75 59 41.0 141.0
72 60 189.0 151.0
61 80 149.0 70.0
43 76 170.0 107.0
76 67 194.0 145.0
58 71 57.0 55.0
71 72 87.0 67.0
55 79 89.0 50.0
78 56 29.0 130.0
62 69 180.0 18.0
37 69 48.0 129.0
66 77 124.0 170.0
80 65 136.0 118.0
60 80 145.0 146.0
53 73 9.0 33.0
64 75 86.0 50.0
60 62 151.0 115.0
52 80 141.0 131.0
53 79 104.0 141.0
66 74 140.0 181.0
65 75 91.0 28.0
73 54 198.0 36.0
74 71 21.0 7.0
68 57 140.0 59.0
76 69 157.0 91.0
69 70 89.0 50.0
71 48 138.0 145.0
76 79 36.0 30.0
63 79 59.0 127.0
77 67 125.0 57.0
65 67 98.0 146.0
59 48 64.0 38.0
64 18 48.0 21.0
74 75 195.0 89.0
78 73 72.0 85.0
65 71 195.0 108.0
43 3 8.0 54.0
17 12 39.0 85.0
78 69 154.0 89.0
75 56 26.0 19.0
64 69 18.0 74.0
75 63 184.0 165.0
53 77 167.0 56.0
62 76 46.0 162.0
63 70 6.0 6.0
75 70 113.0 197.0
68 80 18.0 19.0
65 70 129.0 196.0
80 48 103.0 99.0
43 60 88.0 88.0
77 56 139.0 7.0
80 75 68.0 185.0
67 79 74.0 74.0
72 74 111.0 139.0
71 63 126.0 81.0
44 72 36.0 55.0
1 15 39.0 140.0
62 79 191.0 80.0
14 55 41.0 130.0
78 72 51.0 110.0
72 73 46.0 125.0
69 79 167.0 110.0
69 56 29.0 45.0
66 69 170.0 66.0
75 79 130.0 162.0
55 72 166.0 122.0
47 80 90.0 8.0
71 59 83.0 141.0
73 75 167.0 81.0
73 80 116.0 86.0
66 76 4.0 145.0
57 71 143.0 127.0
65 50 59.0 26.0
44 56 164.0 26.0
75 67 176.0 55.0
72 61 14.0 11.0
77 72 155.0 133.0
66 52 171.0 71.0
52 73 40.0 128.0
16 80 54.0 136.0
0
