84 3486 44 47 260320
74 29 145.0 174.0
46 24 57.0 96.0
58 9 57.0 6.0
43 62 77.0 52.0
53 75 63.0 133.0
15 43 163.0 69.0
45 65 140.0 107.0
43 37 35.0 197.0
65 80 5.0 180.0
60 6 24.0 15.0
54 14 131.0 82.0
32 31 175.0 161.0
21 43 122.0 38.0
41 52 77.0 37.0
32 54 73.0 17.0
46 20 26.0 61.0
55 18 105.0 183.0
63 51 12.0 130.0
21 61 27.0 95.0
7 77 175.0 2.0
76 45 11.0 97.0
53 68 199.0 88.0
77 35 125.0 25.0
10 47 19.0 103.0
17 1 198.0 125.0
70 64 161.0 162.0
40 70 21.0 188.0
63 55 121.0 196.0
16 43 35.0 132.0
66 26 165.0 34.0
16 48 160.0 90.0
10 27 25.0 131.0
46 5 70.0 175.0
24 58 34.0 32.0
43 1 164.0 56.0
56 5 50.0 37.0
3 23 31.0 85.0
4 68 78.0 196.0
32 4 28.0 190.0
70 82 18.0 5.0
43 9 193.0 88.0
22 49 168.0 28.0
6 61 112.0 84.0
65 63 139.0 162.0
41 8 91.0 170.0
75 84 153.0 121.0
43 56 191.0 182.0
9 40 114.0 9.0
5 26 189.0 108.0
31 73 71.0 109.0
49 39 164.0 183.0
57 54 64.0 103.0
17 11 118.0 155.0
10 25 151.0 72.0
36 83 123.0 142.0
78 84 17.0 190.0
25 39 26.0 7.0
27 21 14.0 97.0
15 57 82.0 178.0
26 63 177.0 146.0
73 46 5.0 48.0
70 29 20.0 156.0
67 35 175.0 144.0
34 71 105.0 193.0
65 33 74.0 132.0
9 30 187.0 40.0
3 7 95.0 69.0
25 5 64.0 73.0
6 70 103.0 69.0
14 10 175.0 75.0
84 28 28.0 102.0
54 64 41.0 134.0
12 27 172.0 67.0
56 72 13.0 111.0
35 49 82.0 109.0
53 23 26.0 99.0
48 33 104.0 129.0
43 53 173.0 31.0
81 62 33.0 154.0
42 29 84.0 27.0
55 31 57.0 8.0
59 68 184.0 23.0
33 77 104.0 18.0
55 50 129.0 130.0
83 16 136.0 185.0
69 45 96.0 61.0
22 60 186.0 129.0
4 61 161.0 71.0
8 12 61.0 19.0
80 31 51.0 197.0
23 52 48.0 107.0
58 79 123.0 177.0
10 43 169.0 59.0
43 41 183.0 65.0
17 36 191.0 170.0
52 66 162.0 105.0
77 25 71.0 175.0
55 65 148.0 122.0
33 79 25.0 196.0
29 34 21.0 100.0
76 24 169.0 191.0
64 81 71.0 152.0
72 3 163.0 15.0
24 45 188.0 77.0
25 6 18.0 59.0
70 55 69.0 118.0
5 11 136.0 46.0
44 79 78.0 109.0
18 9 41.0 199.0
46 68 64.0 64.0
71 4 45.0 179.0
4 82 99.0 185.0
3 66 191.0 117.0
76 48 151.0 13.0
14 64 92.0 39.0
59 5 167.0 122.0
14 62 110.0 160.0
46 18 155.0 174.0
61 75 8.0 152.0
28 59 25.0 107.0
80 70 122.0 168.0
73 58 18.0 25.0
38 1 103.0 110.0
5 54 13.0 22.0
31 68 83.0 123.0
41 75 168.0 38.0
21 56 119.0 176.0
30 1 72.0 96.0
26 45 81.0 194.0
19 28 95.0 99.0
68 23 47.0 150.0
76 21 53.0 13.0
44 73 19.0 137.0
1 10 94.0 188.0
83 49 151.0 13.0
5 74 117.0 23.0
35 54 28.0 199.0
37 51 175.0 123.0
73 2 111.0 175.0
10 4 57.0 165.0
77 51 15.0 76.0
78 73 52.0 61.0
78 48 85.0 155.0
37 60 166.0 155.0
29 63 193.0 146.0
29 58 121.0 168.0
59 44 196.0 32.0
48 74 64.0 53.0
80 74 137.0 31.0
19 53 31.0 141.0
16 33 8.0 116.0
48 28 80.0 126.0
6 30 86.0 25.0
3 50 45.0 7.0
10 40 28.0 193.0
70 67 96.0 92.0
12 56 177.0 185.0
25 71 135.0 160.0
60 42 154.0 95.0
25 83 30.0 186.0
68 24 197.0 116.0
74 24 150.0 194.0
19 52 55.0 178.0
74 16 65.0 104.0
15 2 114.0 194.0
61 24 143.0 2.0
21 50 84.0 49.0
48 25 174.0 114.0
4 47 108.0 124.0
8 10 172.0 10.0
23 78 195.0 179.0
9 28 62.0 12.0
62 80 141.0 177.0
59 48 50.0 36.0
13 82 4.0 134.0
22 66 177.0 178.0
5 10 41.0 37.0
30 45 135.0 165.0
78 57 105.0 130.0
41 68 105.0 167.0
19 37 168.0 198.0
40 79 104.0 18.0
76 17 49.0 108.0
82 71 41.0 26.0
46 52 170.0 82.0
52 4 4.0 105.0
16 12 123.0 61.0
35 78 32.0 28.0
30 79 153.0 0.0
29 67 36.0 9.0
84 58 180.0 85.0
44 64 152.0 21.0
71 8 142.0 122.0
51 68 150.0 98.0
80 81 145.0 73.0
74 63 170.0 130.0
13 79 45.0 123.0
62 33 176.0 33.0
6 3 61.0 108.0
22 67 11.0 13.0
30 81 96.0 105.0
18 2 82.0 46.0
77 52 161.0 180.0
70 39 158.0 131.0
33 40 197.0 155.0
28 53 141.0 125.0
11 31 191.0 2.0
53 44 157.0 154.0
40 81 123.0 53.0
77 8 36.0 157.0
16 34 48.0 197.0
72 1 48.0 6.0
40 34 27.0 45.0
42 48 159.0 120.0
34 51 25.0 102.0
50 34 49.0 134.0
70 73 37.0 124.0
36 54 162.0 73.0
44 47 26.0 11.0
47 2 38.0 74.0
76 29 184.0 17.0
76 34 152.0 96.0
40 75 52.0 177.0
24 60 28.0 101.0
48 70 43.0 65.0
80 63 134.0 5.0
65 9 15.0 160.0
11 7 69.0 53.0
12 3 54.0 53.0
36 22 170.0 6.0
13 44 11.0 174.0
19 41 2.0 40.0
66 62 64.0 45.0
41 23 12.0 150.0
72 76 5.0 27.0
59 25 109.0 26.0
27 16 13.0 163.0
38 46 185.0 135.0
45 43 158.0 196.0
39 81 95.0 160.0
15 58 146.0 160.0
81 7 179.0 158.0
38 31 23.0 136.0
55 7 25.0 84.0
22 16 126.0 38.0
17 63 128.0 111.0
3 8 78.0 39.0
3 13 94.0 173.0
50 70 117.0 40.0
77 24 121.0 48.0
54 81 107.0 97.0
43 26 91.0 132.0
82 72 101.0 170.0
50 58 37.0 182.0
78 66 142.0 115.0
13 73 81.0 36.0
59 74 122.0 150.0
13 39 69.0 195.0
35 25 80.0 176.0
51 58 7.0 124.0
45 47 185.0 108.0
20 3 173.0 174.0
24 26 188.0 67.0
14 56 55.0 69.0
45 29 64.0 129.0
7 9 153.0 133.0
2 75 195.0 185.0
48 58 59.0 2.0
20 68 187.0 196.0
70 83 121.0 112.0
24 28 92.0 61.0
39 55 119.0 100.0
39 50 73.0 183.0
27 42 28.0 178.0
32 80 6.0 23.0
54 3 84.0 17.0
26 6 146.0 71.0
44 32 98.0 19.0
59 61 149.0 190.0
72 31 17.0 68.0
81 60 130.0 90.0
17 33 155.0 158.0
69 79 161.0 161.0
37 75 153.0 45.0
36 46 78.0 99.0
77 4 119.0 176.0
64 72 66.0 20.0
18 29 185.0 84.0
4 31 68.0 68.0
20 35 131.0 23.0
10 6 24.0 44.0
4 14 11.0 177.0
15 70 115.0 41.0
29 47 51.0 186.0
74 35 2.0 118.0
19 3 193.0 140.0
73 5 75.0 61.0
9 11 99.0 6.0
71 39 193.0 123.0
53 82 154.0 156.0
23 59 30.0 69.0
21 44 161.0 33.0
34 68 11.0 115.0
26 28 186.0 157.0
72 23 2.0 61.0
36 25 133.0 53.0
63 1 66.0 79.0
38 36 111.0 21.0
50 79 153.0 141.0
39 36 63.0 66.0
2 6 88.0 27.0
30 21 5.0 26.0
83 32 162.0 159.0
56 81 34.0 47.0
6 7 170.0 52.0
55 26 99.0 81.0
61 28 166.0 5.0
19 36 84.0 181.0
38 33 43.0 124.0
9 51 99.0 48.0
83 76 1.0 13.0
72 9 111.0 187.0
28 57 5.0 81.0
38 16 133.0 104.0
83 58 96.0 51.0
10 66 138.0 180.0
54 46 138.0 181.0
12 62 149.0 37.0
53 67 159.0 103.0
16 1 153.0 71.0
27 69 196.0 158.0
84 64 13.0 129.0
37 18 161.0 109.0
83 63 111.0 52.0
12 1 58.0 49.0
4 55 107.0 160.0
77 12 151.0 19.0
66 23 84.0 56.0
7 10 118.0 32.0
63 62 58.0 131.0
79 10 164.0 172.0
13 4 134.0 76.0
82 26 80.0 144.0
37 77 4.0 188.0
4 16 121.0 107.0
78 41 147.0 157.0
40 18 113.0 65.0
79 38 53.0 123.0
3 44 25.0 17.0
56 58 185.0 111.0
40 32 39.0 65.0
65 18 79.0 43.0
73 20 165.0 152.0
60 82 150.0 113.0
6 4 9.0 63.0
8 59 117.0 62.0
59 12 57.0 94.0
6 15 152.0 194.0
18 5 77.0 191.0
3 14 134.0 156.0
2 70 108.0 99.0
67 5 125.0 58.0
60 14 70.0 134.0
73 81 46.0 140.0
8 67 8.0 55.0
53 27 109.0 160.0
31 64 31.0 186.0
47 39 131.0 165.0
24 2 30.0 192.0
46 3 124.0 155.0
17 46 88.0 147.0
82 76 72.0 134.0
58 34 17.0 81.0
16 46 5.0 126.0
66 69 139.0 37.0
24 23 114.0 22.0
24 47 153.0 144.0
50 8 45.0 77.0
9 5 185.0 133.0
80 68 89.0 58.0
57 84 152.0 58.0
1 82 85.0 157.0
22 39 112.0 176.0
62 36 72.0 179.0
38 12 134.0 177.0
20 32 123.0 131.0
76 1 47.0 61.0
24 36 196.0 88.0
10 9 150.0 100.0
20 54 141.0 188.0
9 61 9.0 53.0
52 49 33.0 81.0
17 8 187.0 119.0
39 64 1.0 62.0
20 4 103.0 0.0
13 5 108.0 51.0
72 60 126.0 11.0
29 72 20.0 19.0
48 46 31.0 29.0
50 84 69.0 64.0
7 16 92.0 8.0
79 32 54.0 93.0
35 83 141.0 109.0
3 49 73.0 49.0
24 33 79.0 152.0
20 40 175.0 100.0
1 58 158.0 158.0
57 51 18.0 27.0
66 45 96.0 110.0
76 5 53.0 102.0
3 84 184.0 194.0
4 69 42.0 58.0
57 71 68.0 121.0
66 30 34.0 195.0
4 46 199.0 192.0
52 16 84.0 170.0
60 57 114.0 132.0
21 1 38.0 168.0
30 39 72.0 23.0
63 58 167.0 114.0
84 45 32.0 187.0
17 3 16.0 66.0
80 71 62.0 16.0
2 3 37.0 98.0
59 40 7.0 104.0
70 53 15.0 197.0
7 73 97.0 39.0
2 59 152.0 16.0
19 84 55.0 137.0
8 11 72.0 24.0
11 49 196.0 86.0
51 21 100.0 185.0
16 6 137.0 107.0
2 14 100.0 104.0
50 16 35.0 149.0
74 62 95.0 139.0
17 69 9.0 103.0
1 18 46.0 33.0
6 5 49.0 194.0
76 8 175.0 101.0
2 8 182.0 112.0
75 17 47.0 34.0
72 4 161.0 82.0
65 51 76.0 8.0
75 76 82.0 85.0
43 71 109.0 80.0
2 35 45.0 110.0
12 6 75.0 20.0
50 1 143.0 9.0
57 81 11.0 190.0
9 8 136.0 124.0
84 42 97.0 12.0
33 11 35.0 132.0
81 37 158.0 96.0
72 36 93.0 3.0
11 3 96.0 168.0
20 1 159.0 39.0
26 18 57.0 170.0
51 56 53.0 193.0
13 50 24.0 103.0
60 20 176.0 11.0
12 73 86.0 86.0
64 78 38.0 179.0
17 20 75.0 86.0
50 22 154.0 34.0
79 25 113.0 11.0
36 49 31.0 118.0
15 38 169.0 56.0
57 76 160.0 97.0
20 8 194.0 46.0
1 47 144.0 32.0
22 83 58.0 19.0
60 38 54.0 165.0
19 25 13.0 167.0
30 58 95.0 197.0
12 18 19.0 16.0
49 31 0.0 179.0
78 27 130.0 194.0
29 28 137.0 26.0
66 15 45.0 148.0
52 50 117.0 99.0
74 19 22.0 83.0
32 49 66.0 69.0
22 47 157.0 86.0
33 26 9.0 109.0
8 33 55.0 91.0
60 67 36.0 145.0
37 34 71.0 33.0
83 45 47.0 141.0
19 21 158.0 70.0
69 20 141.0 24.0
22 27 137.0 98.0
9 81 179.0 147.0
29 55 51.0 187.0
77 49 176.0 87.0
82 78 183.0 0.0
78 58 60.0 30.0
34 65 173.0 18.0
1 23 25.0 114.0
50 5 41.0 115.0
1 27 140.0 172.0
37 76 113.0 143.0
80 72 20.0 41.0
21 42 61.0 3.0
55 3 3.0 121.0
67 80 134.0 176.0
19 75 95.0 112.0
3 18 83.0 88.0
14 61 45.0 24.0
9 52 15.0 110.0
79 1 6.0 36.0
22 2 32.0 68.0
62 2 168.0 35.0
82 25 71.0 102.0
12 10 165.0 118.0
50 27 138.0 49.0
3 22 38.0 136.0
29 11 95.0 6.0
51 7 48.0 53.0
66 58 163.0 80.0
16 20 0.0 131.0
84 62 142.0 71.0
41 58 49.0 59.0
40 17 13.0 188.0
38 45 182.0 4.0
11 63 73.0 77.0
11 10 37.0 121.0
9 34 171.0 152.0
1 19 156.0 171.0
22 11 173.0 98.0
68 38 130.0 174.0
11 83 55.0 95.0
83 68 161.0 37.0
46 71 65.0 186.0
22 48 105.0 55.0
81 76 184.0 76.0
76 36 64.0 140.0
46 31 128.0 189.0
25 44 70.0 10.0
5 16 116.0 77.0
6 64 170.0 29.0
50 72 34.0 188.0
35 24 38.0 91.0
55 56 197.0 23.0
7 44 63.0 61.0
75 79 6.0 191.0
2 20 44.0 28.0
8 13 168.0 160.0
21 35 58.0 90.0
8 15 184.0 92.0
4 11 28.0 174.0
76 26 174.0 25.0
9 15 123.0 37.0
14 78 7.0 81.0
31 74 193.0 51.0
31 29 139.0 113.0
19 9 15.0 197.0
27 2 60.0 199.0
62 83 81.0 40.0
9 1 140.0 55.0
65 49 98.0 15.0
42 5 160.0 57.0
34 82 124.0 105.0
10 13 83.0 63.0
60 61 113.0 50.0
18 79 127.0 125.0
33 18 51.0 8.0
4 7 191.0 144.0
12 36 189.0 41.0
81 32 165.0 101.0
69 23 89.0 89.0
74 77 104.0 124.0
53 79 66.0 170.0
29 32 104.0 193.0
50 66 196.0 156.0
29 1 131.0 187.0
19 2 19.0 72.0
2 17 192.0 185.0
21 67 109.0 81.0
60 34 143.0 14.0
14 7 60.0 9.0
5 14 92.0 164.0
52 13 179.0 88.0
13 17 136.0 111.0
70 36 137.0 107.0
34 53 89.0 129.0
36 79 2.0 150.0
6 9 50.0 97.0
5 40 84.0 110.0
26 12 73.0 128.0
64 62 24.0 52.0
78 16 54.0 112.0
52 32 112.0 191.0
6 1 87.0 1.0
3 24 153.0 89.0
53 71 72.0 3.0
26 23 11.0 156.0
74 50 192.0 36.0
27 25 3.0 168.0
23 4 159.0 9.0
69 81 68.0 71.0
7 1 58.0 155.0
32 13 147.0 163.0
83 75 132.0 20.0
53 81 77.0 95.0
46 72 123.0 22.0
52 51 127.0 126.0
48 40 75.0 86.0
36 50 15.0 143.0
58 27 61.0 73.0
79 77 180.0 8.0
24 17 91.0 64.0
54 4 178.0 121.0
13 11 14.0 102.0
2 1 108.0 93.0
41 9 59.0 183.0
58 3 175.0 75.0
19 7 22.0 36.0
12 14 44.0 155.0
54 68 190.0 135.0
28 17 173.0 120.0
52 31 37.0 139.0
72 14 175.0 145.0
15 5 6.0 34.0
8 42 184.0 181.0
67 18 51.0 158.0
55 22 47.0 95.0
46 67 16.0 189.0
40 74 94.0 141.0
6 14 191.0 131.0
27 30 79.0 166.0
35 1 117.0 37.0
83 64 176.0 53.0
81 1 10.0 27.0
22 59 162.0 9.0
81 71 199.0 178.0
2 10 48.0 94.0
26 54 115.0 39.0
39 26 68.0 146.0
26 52 75.0 186.0
71 20 47.0 51.0
60 63 81.0 9.0
37 16 113.0 43.0
3 16 181.0 64.0
39 63 47.0 29.0
33 45 46.0 114.0
70 81 39.0 67.0
4 2 102.0 114.0
61 31 0.0 101.0
11 15 157.0 81.0
14 49 51.0 22.0
75 55 144.0 184.0
18 7 189.0 191.0
79 70 164.0 187.0
22 19 17.0 155.0
20 14 56.0 119.0
12 9 192.0 56.0
23 62 68.0 149.0
66 76 16.0 71.0
2 72 110.0 160.0
22 41 56.0 99.0
66 56 183.0 20.0
74 20 153.0 0.0
73 80 88.0 9.0
18 6 29.0 32.0
11 82 23.0 49.0
73 33 17.0 39.0
21 81 45.0 80.0
77 28 121.0 53.0
83 2 112.0 104.0
61 1 101.0 17.0
80 79 122.0 141.0
68 74 53.0 104.0
71 38 114.0 76.0
8 16 2.0 83.0
21 20 76.0 199.0
48 14 17.0 149.0
15 3 183.0 81.0
43 19 190.0 84.0
4 19 71.0 64.0
23 57 56.0 124.0
51 50 100.0 122.0
30 18 137.0 102.0
38 82 120.0 165.0
51 43 137.0 89.0
1 28 183.0 120.0
2 49 98.0 125.0
82 2 179.0 121.0
15 31 184.0 187.0
8 14 68.0 36.0
55 51 43.0 157.0
4 43 98.0 115.0
41 46 13.0 35.0
73 84 149.0 148.0
48 34 92.0 47.0
75 46 76.0 23.0
32 35 118.0 60.0
72 37 193.0 138.0
43 68 178.0 37.0
66 49 13.0 28.0
50 4 37.0 178.0
15 4 185.0 187.0
44 23 118.0 77.0
24 21 74.0 194.0
55 16 37.0 192.0
8 31 42.0 30.0
14 80 2.0 172.0
1 25 33.0 168.0
12 13 89.0 71.0
42 67 176.0 74.0
45 36 152.0 94.0
20 7 17.0 26.0
81 24 103.0 6.0
54 53 135.0 97.0
5 62 84.0 137.0
42 30 188.0 117.0
61 53 29.0 29.0
35 80 195.0 157.0
31 5 113.0 147.0
70 10 45.0 82.0
24 5 150.0 100.0
6 75 189.0 37.0
8 39 193.0 73.0
25 67 188.0 133.0
10 16 81.0 169.0
31 71 177.0 28.0
25 4 79.0 42.0
42 38 197.0 124.0
21 4 42.0 99.0
48 49 146.0 31.0
44 17 47.0 139.0
40 2 82.0 187.0
26 1 158.0 115.0
23 29 21.0 87.0
60 55 172.0 52.0
8 18 20.0 122.0
75 70 33.0 15.0
14 15 125.0 179.0
12 60 54.0 124.0
61 36 84.0 88.0
72 48 109.0 42.0
76 67 171.0 130.0
37 84 67.0 143.0
17 66 170.0 87.0
52 71 53.0 155.0
66 43 108.0 130.0
18 43 101.0 114.0
78 75 40.0 185.0
38 29 105.0 101.0
51 5 170.0 76.0
44 56 183.0 37.0
38 37 132.0 105.0
19 5 32.0 137.0
59 72 152.0 140.0
30 31 142.0 53.0
7 8 13.0 134.0
8 28 81.0 70.0
72 71 138.0 3.0
43 57 11.0 73.0
9 23 199.0 95.0
83 77 137.0 183.0
2 12 124.0 41.0
50 71 137.0 18.0
2 11 160.0 103.0
52 34 111.0 193.0
15 7 94.0 1.0
13 28 161.0 57.0
50 45 148.0 112.0
8 19 35.0 37.0
12 23 53.0 111.0
49 42 66.0 142.0
10 19 76.0 26.0
68 57 195.0 139.0
13 6 61.0 41.0
73 27 173.0 22.0
27 3 138.0 73.0
79 15 106.0 125.0
77 5 17.0 111.0
11 1 6.0 35.0
12 82 22.0 34.0
10 75 2.0 169.0
80 51 83.0 15.0
33 2 62.0 8.0
44 15 58.0 152.0
69 62 37.0 116.0
14 11 134.0 6.0
77 70 131.0 92.0
23 51 88.0 105.0
41 67 15.0 42.0
73 54 96.0 50.0
11 76 121.0 110.0
6 67 141.0 131.0
84 44 156.0 130.0
15 1 59.0 42.0
46 83 136.0 142.0
50 41 161.0 176.0
16 2 111.0 129.0
32 56 177.0 159.0
3 63 187.0 98.0
45 55 176.0 129.0
14 44 160.0 84.0
65 20 181.0 171.0
9 14 122.0 69.0
2 21 140.0 36.0
84 66 98.0 3.0
5 17 39.0 75.0
81 35 21.0 178.0
45 40 89.0 149.0
84 18 123.0 1.0
22 7 174.0 104.0
83 51 103.0 48.0
68 61 43.0 43.0
42 7 50.0 93.0
26 78 97.0 41.0
68 72 3.0 70.0
28 12 102.0 44.0
30 43 165.0 25.0
79 46 8.0 91.0
52 21 35.0 64.0
37 8 130.0 30.0
15 68 19.0 180.0
61 54 139.0 68.0
41 28 127.0 142.0
39 24 163.0 29.0
22 51 107.0 81.0
53 73 151.0 68.0
9 37 89.0 186.0
84 25 97.0 19.0
9 20 136.0 68.0
29 62 172.0 28.0
5 7 186.0 100.0
70 14 198.0 102.0
21 64 80.0 58.0
52 27 20.0 31.0
17 12 1.0 61.0
16 14 182.0 51.0
7 21 11.0 71.0
53 4 36.0 183.0
10 44 83.0 23.0
14 74 5.0 81.0
3 10 15.0 85.0
46 61 75.0 187.0
5 21 177.0 29.0
17 25 15.0 111.0
60 47 160.0 26.0
13 15 103.0 196.0
10 48 162.0 186.0
15 12 108.0 167.0
68 25 176.0 124.0
2 48 111.0 4.0
13 42 192.0 40.0
66 37 64.0 160.0
83 43 168.0 24.0
4 9 146.0 71.0
65 26 193.0 108.0
73 45 187.0 53.0
69 30 57.0 116.0
78 1 105.0 169.0
11 18 18.0 49.0
62 18 0.0 34.0
11 12 96.0 120.0
9 80 80.0 194.0
21 32 180.0 25.0
76 16 67.0 168.0
45 17 1.0 125.0
57 55 61.0 58.0
25 7 73.0 31.0
6 42 65.0 25.0
77 46 164.0 114.0
13 14 88.0 197.0
28 71 198.0 68.0
2 41 14.0 18.0
4 17 180.0 167.0
2 79 196.0 193.0
22 6 3.0 21.0
63 35 22.0 69.0
80 8 79.0 139.0
4 81 111.0 167.0
21 8 68.0 61.0
69 80 1.0 82.0
27 62 11.0 133.0
7 23 113.0 160.0
76 30 49.0 117.0
65 27 171.0 24.0
8 22 20.0 51.0
72 15 65.0 131.0
83 30 135.0 133.0
25 60 47.0 88.0
32 1 196.0 10.0
53 55 60.0 62.0
41 20 84.0 109.0
2 34 94.0 55.0
65 83 51.0 114.0
54 7 35.0 117.0
76 51 63.0 122.0
67 51 187.0 110.0
9 16 140.0 135.0
24 62 147.0 0.0
37 67 197.0 183.0
16 72 196.0 43.0
70 51 22.0 47.0
13 61 147.0 10.0
28 37 33.0 10.0
44 82 183.0 172.0
51 4 141.0 75.0
66 33 185.0 41.0
15 45 37.0 183.0
28 3 161.0 33.0
1 66 92.0 135.0
42 14 12.0 39.0
7 75 77.0 197.0
28 14 173.0 12.0
58 72 86.0 114.0
20 72 109.0 71.0
33 63 195.0 147.0
14 37 169.0 156.0
18 45 11.0 14.0
58 82 19.0 175.0
72 70 82.0 96.0
16 15 75.0 7.0
6 23 167.0 161.0
17 9 113.0 77.0
25 3 24.0 109.0
41 54 74.0 146.0
54 37 99.0 37.0
10 20 21.0 118.0
6 72 136.0 55.0
15 10 175.0 11.0
5 22 70.0 95.0
20 11 149.0 184.0
4 3 160.0 174.0
13 16 20.0 186.0
19 6 197.0 71.0
21 54 181.0 18.0
81 55 184.0 117.0
6 34 130.0 159.0
2 13 164.0 152.0
63 41 30.0 113.0
5 2 44.0 143.0
68 70 143.0 16.0
66 12 101.0 141.0
21 28 185.0 82.0
82 5 130.0 169.0
26 7 87.0 60.0
84 34 169.0 51.0
74 9 187.0 152.0
1 13 67.0 31.0
17 7 137.0 163.0
59 41 18.0 38.0
24 38 105.0 3.0
42 1 106.0 35.0
14 45 196.0 193.0
10 22 66.0 165.0
18 10 20.0 53.0
73 17 45.0 40.0
19 13 25.0 134.0
84 54 26.0 44.0
7 80 23.0 83.0
37 20 185.0 129.0
64 59 84.0 181.0
55 83 86.0 150.0
61 5 84.0 59.0
61 40 180.0 81.0
31 3 17.0 5.0
34 22 139.0 195.0
58 16 29.0 114.0
75 32 21.0 14.0
46 28 43.0 105.0
29 4 117.0 81.0
16 17 156.0 2.0
12 68 101.0 136.0
48 66 144.0 70.0
44 19 0.0 83.0
74 30 199.0 181.0
61 80 165.0 172.0
63 54 43.0 160.0
65 23 0.0 161.0
1 31 182.0 156.0
23 61 2.0 35.0
82 59 136.0 146.0
33 55 21.0 136.0
84 38 28.0 20.0
26 8 110.0 193.0
16 18 57.0 154.0
49 4 186.0 9.0
43 2 180.0 120.0
18 61 51.0 182.0
75 30 138.0 187.0
84 69 146.0 159.0
22 84 10.0 126.0
28 5 48.0 120.0
75 63 78.0 57.0
9 21 171.0 16.0
53 42 146.0 152.0
12 20 59.0 197.0
36 13 134.0 197.0
10 24 158.0 81.0
68 40 66.0 168.0
84 81 9.0 114.0
16 28 56.0 39.0
39 21 23.0 28.0
18 17 190.0 121.0
67 75 90.0 49.0
12 4 171.0 24.0
7 78 145.0 129.0
74 38 48.0 11.0
74 26 52.0 58.0
9 2 39.0 109.0
29 2 50.0 14.0
30 84 191.0 40.0
22 12 163.0 81.0
19 16 193.0 134.0
24 40 180.0 138.0
1 33 50.0 29.0
51 16 27.0 54.0
57 24 194.0 66.0
37 69 25.0 44.0
68 10 172.0 17.0
71 15 118.0 87.0
5 27 72.0 111.0
66 19 102.0 52.0
44 74 130.0 104.0
45 63 9.0 157.0
10 21 30.0 155.0
68 32 22.0 8.0
81 50 19.0 194.0
64 58 136.0 137.0
6 27 197.0 8.0
2 7 106.0 51.0
21 12 118.0 188.0
10 46 43.0 79.0
3 29 127.0 26.0
43 67 174.0 149.0
27 7 190.0 193.0
6 20 136.0 78.0
20 39 133.0 85.0
80 77 97.0 191.0
7 24 12.0 15.0
17 15 148.0 8.0
38 47 67.0 75.0
69 33 135.0 42.0
80 12 0.0 77.0
79 9 1.0 88.0
3 74 45.0 86.0
22 79 8.0 142.0
54 43 134.0 172.0
26 73 38.0 82.0
35 7 90.0 58.0
18 14 6.0 177.0
6 11 157.0 158.0
16 35 157.0 158.0
34 1 184.0 3.0
52 78 132.0 144.0
76 33 116.0 66.0
22 54 119.0 107.0
60 50 97.0 162.0
54 16 56.0 55.0
23 2 157.0 14.0
76 9 134.0 115.0
22 23 44.0 70.0
28 6 127.0 177.0
40 52 132.0 195.0
61 11 11.0 3.0
9 13 188.0 61.0
17 6 99.0 45.0
43 40 45.0 57.0
48 13 105.0 180.0
75 51 9.0 101.0
9 22 100.0 136.0
4 24 26.0 184.0
79 56 110.0 38.0
70 32 10.0 98.0
72 44 1.0 109.0
83 23 42.0 199.0
75 16 84.0 147.0
22 77 198.0 46.0
48 75 57.0 50.0
59 75 5.0 35.0
19 11 127.0 115.0
81 14 44.0 137.0
58 19 119.0 197.0
42 65 111.0 161.0
19 18 109.0 196.0
30 5 92.0 59.0
11 24 43.0 101.0
45 81 118.0 0.0
7 68 38.0 45.0
81 75 45.0 34.0
50 73 50.0 117.0
53 31 156.0 161.0
68 2 104.0 17.0
76 25 80.0 148.0
79 66 83.0 75.0
62 56 3.0 1.0
39 32 78.0 194.0
22 45 114.0 76.0
2 26 41.0 116.0
48 67 66.0 197.0
68 19 43.0 122.0
43 47 181.0 75.0
68 39 17.0 64.0
23 10 23.0 172.0
14 1 150.0 101.0
14 19 7.0 16.0
51 54 146.0 0.0
13 22 54.0 12.0
52 84 158.0 49.0
15 20 37.0 91.0
55 72 155.0 54.0
8 27 93.0 178.0
10 17 92.0 43.0
6 44 180.0 99.0
53 37 59.0 78.0
24 13 117.0 66.0
4 28 191.0 27.0
65 47 170.0 28.0
26 10 101.0 126.0
1 73 5.0 146.0
14 17 146.0 97.0
32 2 145.0 78.0
7 12 154.0 157.0
27 80 128.0 23.0
83 39 34.0 119.0
41 36 49.0 157.0
70 16 145.0 103.0
4 62 28.0 103.0
72 53 192.0 126.0
18 15 6.0 89.0
41 79 62.0 113.0
4 22 16.0 190.0
84 14 163.0 50.0
49 8 45.0 165.0
15 19 86.0 191.0
34 7 60.0 66.0
15 49 52.0 52.0
31 6 164.0 58.0
69 64 66.0 26.0
69 2 103.0 82.0
15 41 143.0 66.0
18 13 38.0 140.0
16 11 169.0 124.0
2 31 128.0 181.0
7 83 34.0 180.0
29 15 172.0 198.0
28 10 126.0 38.0
15 65 176.0 29.0
22 20 153.0 71.0
64 9 130.0 191.0
28 65 177.0 51.0
67 66 145.0 105.0
20 50 99.0 179.0
20 31 141.0 71.0
44 43 53.0 67.0
24 12 195.0 181.0
3 5 175.0 148.0
10 77 16.0 57.0
13 58 18.0 145.0
39 7 65.0 115.0
22 1 115.0 164.0
42 76 36.0 8.0
74 73 40.0 89.0
5 20 172.0 35.0
12 29 148.0 99.0
7 28 36.0 165.0
75 15 16.0 6.0
22 15 0.0 81.0
11 23 50.0 67.0
45 61 138.0 86.0
5 60 132.0 130.0
70 46 129.0 57.0
30 41 177.0 77.0
58 67 187.0 165.0
38 13 170.0 3.0
55 69 119.0 122.0
82 19 170.0 169.0
35 36 74.0 60.0
11 71 83.0 158.0
32 12 9.0 12.0
9 47 141.0 138.0
69 13 93.0 129.0
65 13 178.0 63.0
38 35 2.0 49.0
33 4 98.0 172.0
78 61 111.0 124.0
9 3 82.0 194.0
19 72 126.0 91.0
74 70 37.0 19.0
38 69 65.0 131.0
1 36 154.0 195.0
19 12 164.0 156.0
63 50 143.0 62.0
66 63 40.0 54.0
70 54 175.0 122.0
41 66 113.0 53.0
26 3 32.0 150.0
10 38 6.0 97.0
65 66 64.0 160.0
42 9 8.0 29.0
25 13 15.0 151.0
35 3 155.0 7.0
56 38 119.0 82.0
59 84 88.0 32.0
21 13 180.0 120.0
29 39 148.0 186.0
6 32 8.0 12.0
72 38 68.0 16.0
5 23 19.0 35.0
7 29 85.0 126.0
21 16 65.0 156.0
17 21 102.0 106.0
67 27 194.0 83.0
65 74 67.0 142.0
9 68 191.0 76.0
20 18 185.0 11.0
65 72 42.0 156.0
46 39 13.0 79.0
33 5 137.0 30.0
60 1 154.0 40.0
28 72 167.0 148.0
24 8 120.0 35.0
47 12 98.0 63.0
56 8 24.0 36.0
14 24 163.0 18.0
20 23 69.0 128.0
8 25 165.0 159.0
44 52 18.0 71.0
79 68 74.0 186.0
47 34 12.0 147.0
45 7 143.0 63.0
14 68 7.0 167.0
48 79 22.0 123.0
1 24 73.0 44.0
51 8 114.0 190.0
2 28 180.0 132.0
2 67 47.0 6.0
56 50 127.0 12.0
57 32 1.0 23.0
5 32 73.0 9.0
7 31 68.0 48.0
40 29 50.0 94.0
36 4 1.0 164.0
31 45 83.0 133.0
14 21 10.0 82.0
34 39 161.0 90.0
70 34 151.0 162.0
11 26 136.0 177.0
6 21 95.0 156.0
1 8 116.0 145.0
20 13 137.0 69.0
62 47 28.0 172.0
30 67 90.0 39.0
12 25 126.0 51.0
39 11 49.0 30.0
16 24 145.0 137.0
37 7 53.0 192.0
53 2 183.0 121.0
59 63 59.0 72.0
25 29 141.0 40.0
26 9 104.0 32.0
41 12 154.0 182.0
3 33 139.0 155.0
25 9 3.0 36.0
68 33 35.0 8.0
74 34 67.0 171.0
37 1 119.0 78.0
1 75 91.0 13.0
26 34 109.0 147.0
45 34 82.0 63.0
75 64 113.0 21.0
2 25 155.0 69.0
35 4 154.0 142.0
17 22 182.0 21.0
21 15 149.0 102.0
75 60 167.0 40.0
2 37 144.0 29.0
41 49 10.0 178.0
5 29 31.0 76.0
33 14 197.0 186.0
39 62 133.0 151.0
37 3 55.0 116.0
45 51 146.0 4.0
66 29 149.0 65.0
80 83 52.0 93.0
48 61 106.0 14.0
18 21 184.0 138.0
13 26 10.0 181.0
38 14 104.0 143.0
30 4 137.0 111.0
8 32 66.0 35.0
25 54 48.0 15.0
8 70 38.0 52.0
28 11 108.0 145.0
18 4 96.0 44.0
3 36 173.0 58.0
2 30 24.0 77.0
29 10 147.0 114.0
41 18 121.0 165.0
33 7 150.0 169.0
83 50 31.0 140.0
80 42 100.0 91.0
9 69 136.0 149.0
83 84 177.0 109.0
42 83 31.0 1.0
43 36 87.0 130.0
10 56 19.0 8.0
69 14 126.0 169.0
19 71 141.0 109.0
68 6 172.0 194.0
23 18 51.0 60.0
11 30 16.0 28.0
27 14 41.0 47.0
6 29 66.0 128.0
21 45 157.0 85.0
58 12 119.0 35.0
38 6 168.0 13.0
11 56 83.0 140.0
11 25 52.0 86.0
26 79 84.0 20.0
28 56 48.0 126.0
27 11 173.0 114.0
35 8 112.0 130.0
80 26 28.0 32.0
39 3 8.0 196.0
17 58 154.0 43.0
46 62 115.0 6.0
30 10 195.0 199.0
13 27 195.0 195.0
14 23 27.0 120.0
22 14 173.0 139.0
26 14 30.0 153.0
23 16 20.0 190.0
2 38 32.0 174.0
24 70 63.0 99.0
9 67 110.0 10.0
33 34 108.0 57.0
4 37 81.0 135.0
68 67 99.0 54.0
17 19 118.0 81.0
15 27 3.0 139.0
46 2 125.0 187.0
27 31 62.0 140.0
14 47 161.0 125.0
9 27 127.0 21.0
65 57 91.0 8.0
29 9 84.0 190.0
4 26 187.0 3.0
44 51 152.0 191.0
32 9 110.0 77.0
24 6 154.0 124.0
31 9 179.0 67.0
7 30 96.0 106.0
33 31 82.0 187.0
78 55 8.0 167.0
14 55 48.0 195.0
4 39 23.0 153.0
23 8 38.0 85.0
5 39 23.0 144.0
52 48 147.0 154.0
24 69 199.0 195.0
31 12 8.0 81.0
13 23 170.0 168.0
59 29 34.0 171.0
34 8 75.0 10.0
67 32 162.0 65.0
70 42 21.0 186.0
45 37 175.0 120.0
62 37 80.0 126.0
2 36 68.0 40.0
37 10 83.0 38.0
78 74 131.0 117.0
54 60 144.0 159.0
48 21 184.0 106.0
10 31 110.0 157.0
46 43 90.0 38.0
35 33 197.0 122.0
21 3 37.0 17.0
12 52 0.0 120.0
82 66 102.0 84.0
82 48 196.0 198.0
18 24 5.0 180.0
34 10 190.0 68.0
53 15 114.0 32.0
30 3 99.0 63.0
22 69 144.0 88.0
38 5 56.0 97.0
3 42 170.0 159.0
45 78 43.0 166.0
55 24 20.0 1.0
34 38 157.0 162.0
8 36 101.0 71.0
54 83 170.0 0.0
23 25 157.0 115.0
25 15 150.0 14.0
46 34 169.0 72.0
27 64 153.0 164.0
17 23 127.0 173.0
3 60 17.0 84.0
11 72 184.0 119.0
19 23 63.0 154.0
26 15 64.0 20.0
74 15 130.0 14.0
48 12 194.0 51.0
31 25 16.0 99.0
74 61 72.0 143.0
3 41 194.0 89.0
35 61 31.0 178.0
40 1 48.0 94.0
22 18 43.0 112.0
8 30 60.0 126.0
1 44 196.0 6.0
38 7 79.0 12.0
34 3 41.0 103.0
27 29 124.0 187.0
21 11 41.0 155.0
42 58 11.0 89.0
52 38 16.0 7.0
61 38 46.0 29.0
63 76 8.0 194.0
18 27 174.0 87.0
50 11 55.0 15.0
39 1 143.0 179.0
31 13 73.0 184.0
19 26 3.0 36.0
20 24 155.0 19.0
61 29 39.0 154.0
24 19 81.0 199.0
48 47 124.0 55.0
16 29 18.0 180.0
34 4 97.0 162.0
39 2 133.0 122.0
57 19 47.0 136.0
43 77 130.0 2.0
61 65 144.0 121.0
2 77 164.0 177.0
30 13 90.0 40.0
49 57 81.0 109.0
21 68 178.0 130.0
58 53 141.0 63.0
5 37 117.0 140.0
29 44 168.0 47.0
24 54 60.0 65.0
8 29 152.0 176.0
12 5 83.0 42.0
58 20 121.0 117.0
5 8 96.0 99.0
5 34 15.0 37.0
52 63 79.0 132.0
22 24 28.0 199.0
43 3 94.0 89.0
12 54 38.0 46.0
36 6 24.0 122.0
53 80 70.0 97.0
40 4 90.0 166.0
38 3 83.0 105.0
12 30 111.0 162.0
22 25 173.0 139.0
29 13 141.0 67.0
23 34 136.0 179.0
33 12 2.0 112.0
34 11 131.0 72.0
15 30 23.0 173.0
24 9 185.0 58.0
1 77 141.0 96.0
74 28 15.0 115.0
81 83 70.0 108.0
33 37 58.0 6.0
41 4 138.0 60.0
6 8 40.0 21.0
44 2 174.0 15.0
62 82 46.0 111.0
38 9 130.0 139.0
35 9 67.0 98.0
34 55 93.0 89.0
47 8 92.0 151.0
71 76 199.0 182.0
21 25 27.0 191.0
2 71 127.0 1.0
25 20 28.0 125.0
57 37 171.0 159.0
72 26 164.0 190.0
36 28 166.0 57.0
11 35 197.0 10.0
20 49 122.0 149.0
72 77 48.0 101.0
64 24 130.0 127.0
33 41 144.0 159.0
78 83 92.0 116.0
24 31 198.0 56.0
15 34 17.0 164.0
40 6 148.0 166.0
27 36 169.0 22.0
29 21 155.0 170.0
32 11 51.0 85.0
47 17 123.0 195.0
15 40 145.0 167.0
5 36 60.0 144.0
41 61 17.0 77.0
15 33 57.0 117.0
14 30 167.0 179.0
31 16 98.0 74.0
83 52 52.0 149.0
25 14 70.0 127.0
23 15 130.0 16.0
20 28 13.0 190.0
57 72 111.0 30.0
26 20 78.0 169.0
40 73 158.0 197.0
26 68 47.0 57.0
75 35 138.0 52.0
39 6 16.0 9.0
63 42 47.0 98.0
41 5 13.0 13.0
21 60 27.0 125.0
48 55 134.0 105.0
43 27 147.0 92.0
10 42 108.0 194.0
33 67 19.0 46.0
83 24 4.0 187.0
33 9 25.0 3.0
25 18 139.0 191.0
15 32 155.0 119.0
36 9 60.0 89.0
46 1 108.0 7.0
10 36 199.0 16.0
17 56 82.0 18.0
35 79 111.0 86.0
13 33 123.0 136.0
35 48 70.0 62.0
4 66 109.0 25.0
31 51 141.0 121.0
31 14 138.0 49.0
79 23 90.0 89.0
8 40 7.0 172.0
29 14 62.0 118.0
22 26 61.0 185.0
31 56 34.0 131.0
78 65 91.0 95.0
31 58 78.0 184.0
62 26 35.0 168.0
48 71 36.0 125.0
27 82 136.0 196.0
6 33 63.0 150.0
30 19 64.0 124.0
40 3 67.0 98.0
5 58 91.0 158.0
31 67 116.0 169.0
3 32 131.0 103.0
76 38 17.0 120.0
35 29 42.0 105.0
22 21 160.0 105.0
75 62 77.0 24.0
42 47 154.0 144.0
60 68 86.0 197.0
50 67 29.0 154.0
31 19 107.0 161.0
23 74 69.0 124.0
25 24 83.0 63.0
34 14 132.0 195.0
18 48 91.0 9.0
50 46 17.0 197.0
15 28 62.0 55.0
77 82 71.0 91.0
19 29 57.0 130.0
58 32 186.0 78.0
18 31 178.0 22.0
23 21 114.0 110.0
26 64 34.0 5.0
66 71 41.0 51.0
81 3 164.0 103.0
17 27 134.0 188.0
36 7 189.0 191.0
34 42 66.0 127.0
63 38 23.0 45.0
11 37 108.0 137.0
20 19 60.0 94.0
2 45 102.0 53.0
45 82 72.0 18.0
34 13 55.0 158.0
66 2 154.0 196.0
43 69 84.0 173.0
22 63 144.0 107.0
5 35 160.0 52.0
52 60 45.0 172.0
18 51 1.0 147.0
4 78 39.0 25.0
13 80 153.0 46.0
81 68 6.0 59.0
35 12 192.0 90.0
71 70 32.0 137.0
35 10 93.0 144.0
69 26 37.0 138.0
32 62 30.0 191.0
56 37 127.0 21.0
73 68 188.0 80.0
6 41 29.0 147.0
65 70 126.0 22.0
12 64 141.0 110.0
29 60 45.0 34.0
41 82 171.0 34.0
35 14 13.0 1.0
67 55 98.0 140.0
78 21 152.0 38.0
77 6 36.0 181.0
76 60 170.0 114.0
47 3 23.0 111.0
37 42 60.0 68.0
39 10 33.0 31.0
35 17 26.0 46.0
37 12 199.0 76.0
1 49 71.0 151.0
16 32 83.0 59.0
29 83 11.0 5.0
26 16 87.0 34.0
20 29 188.0 147.0
45 3 140.0 21.0
11 84 72.0 118.0
40 11 166.0 71.0
42 4 169.0 189.0
57 42 4.0 52.0
34 17 30.0 167.0
74 66 90.0 69.0
36 14 68.0 30.0
47 80 12.0 160.0
36 56 77.0 84.0
15 36 142.0 43.0
35 26 94.0 111.0
13 37 113.0 51.0
17 67 49.0 143.0
49 61 83.0 92.0
5 43 30.0 103.0
32 10 197.0 42.0
24 27 176.0 74.0
32 18 68.0 71.0
28 63 89.0 162.0
51 38 174.0 2.0
29 17 60.0 24.0
51 2 145.0 95.0
1 45 68.0 175.0
8 66 14.0 65.0
41 7 32.0 142.0
2 42 65.0 100.0
65 40 198.0 154.0
77 45 68.0 172.0
62 77 18.0 80.0
53 41 7.0 163.0
84 7 94.0 27.0
72 10 58.0 108.0
78 19 147.0 42.0
21 80 12.0 12.0
2 50 42.0 10.0
15 35 31.0 111.0
39 14 147.0 49.0
11 38 46.0 106.0
10 33 17.0 140.0
45 6 164.0 75.0
40 12 115.0 111.0
69 36 74.0 79.0
46 66 67.0 117.0
56 29 106.0 98.0
51 1 91.0 6.0
44 69 21.0 137.0
47 35 177.0 38.0
40 13 129.0 141.0
75 13 147.0 196.0
4 64 120.0 21.0
45 67 44.0 187.0
51 66 90.0 102.0
25 81 151.0 133.0
18 28 171.0 124.0
5 71 179.0 149.0
37 15 162.0 60.0
20 33 78.0 61.0
22 29 105.0 199.0
6 46 43.0 149.0
9 56 64.0 133.0
7 43 85.0 168.0
25 26 189.0 56.0
43 11 34.0 120.0
13 70 151.0 148.0
75 14 26.0 29.0
73 57 17.0 131.0
84 5 47.0 60.0
4 38 148.0 63.0
73 4 53.0 185.0
30 20 83.0 195.0
32 19 103.0 117.0
30 17 190.0 6.0
40 76 119.0 169.0
28 25 87.0 136.0
22 78 121.0 134.0
84 82 59.0 69.0
39 12 57.0 65.0
48 41 150.0 92.0
68 30 128.0 5.0
6 43 55.0 70.0
35 13 15.0 126.0
25 80 177.0 102.0
42 12 59.0 50.0
48 3 70.0 118.0
42 72 124.0 79.0
7 47 75.0 27.0
1 48 160.0 3.0
81 34 43.0 15.0
42 71 109.0 10.0
66 77 73.0 86.0
28 23 141.0 132.0
76 15 84.0 12.0
43 64 181.0 160.0
16 40 148.0 56.0
73 32 16.0 108.0
4 44 54.0 11.0
7 32 79.0 163.0
18 35 41.0 152.0
21 33 48.0 182.0
15 55 24.0 132.0
75 5 5.0 158.0
45 27 52.0 153.0
34 19 119.0 68.0
52 1 59.0 125.0
12 34 41.0 90.0
70 27 82.0 82.0
27 20 21.0 130.0
64 67 105.0 197.0
19 35 138.0 110.0
27 26 156.0 190.0
30 16 118.0 27.0
41 10 197.0 129.0
53 65 137.0 38.0
7 13 101.0 171.0
62 70 4.0 122.0
51 3 173.0 61.0
38 8 5.0 112.0
53 3 166.0 113.0
48 6 58.0 84.0
31 22 140.0 56.0
27 19 56.0 77.0
72 49 160.0 157.0
38 17 168.0 116.0
36 16 82.0 141.0
7 46 38.0 87.0
17 31 125.0 4.0
53 46 88.0 183.0
39 9 145.0 28.0
38 18 5.0 153.0
66 40 158.0 117.0
4 45 45.0 126.0
39 40 62.0 127.0
50 7 133.0 52.0
75 73 114.0 10.0
45 5 56.0 2.0
66 27 23.0 1.0
44 8 48.0 180.0
27 23 160.0 158.0
32 14 44.0 158.0
81 18 129.0 58.0
13 41 26.0 14.0
11 45 168.0 141.0
27 4 106.0 24.0
7 49 21.0 129.0
28 22 103.0 22.0
8 46 40.0 15.0
50 42 121.0 36.0
31 21 119.0 50.0
16 25 179.0 145.0
15 39 9.0 147.0
8 43 164.0 116.0
10 45 90.0 137.0
80 20 113.0 193.0
69 74 157.0 154.0
71 27 49.0 78.0
11 41 145.0 168.0
23 30 184.0 124.0
32 23 190.0 145.0
29 26 104.0 154.0
12 65 14.0 195.0
52 2 95.0 79.0
34 18 188.0 4.0
13 83 13.0 189.0
50 6 10.0 110.0
69 76 32.0 146.0
11 69 61.0 23.0
46 22 12.0 166.0
35 6 129.0 178.0
44 11 107.0 176.0
36 30 19.0 47.0
9 45 34.0 184.0
19 40 74.0 44.0
71 44 148.0 107.0
28 51 188.0 162.0
9 48 185.0 153.0
74 60 46.0 66.0
26 47 137.0 153.0
30 28 95.0 156.0
74 42 87.0 129.0
37 74 78.0 162.0
11 42 55.0 26.0
21 26 162.0 196.0
69 46 61.0 147.0
47 6 126.0 60.0
17 54 183.0 63.0
7 40 59.0 30.0
37 52 108.0 146.0
39 17 9.0 186.0
12 45 80.0 65.0
74 46 174.0 43.0
47 55 146.0 187.0
69 8 116.0 72.0
25 33 35.0 99.0
41 16 179.0 94.0
41 17 182.0 40.0
62 67 78.0 144.0
52 18 49.0 111.0
19 39 184.0 23.0
33 23 4.0 130.0
3 68 127.0 120.0
23 37 5.0 114.0
24 29 199.0 137.0
13 43 149.0 134.0
36 21 51.0 180.0
8 45 61.0 100.0
42 16 197.0 45.0
32 22 151.0 154.0
12 44 77.0 30.0
54 1 4.0 82.0
41 14 153.0 156.0
20 36 56.0 54.0
42 15 111.0 59.0
70 44 130.0 124.0
6 37 175.0 128.0
53 5 179.0 127.0
49 5 107.0 56.0
48 7 6.0 63.0
15 84 162.0 111.0
5 48 37.0 170.0
11 47 86.0 148.0
65 5 126.0 16.0
34 21 42.0 54.0
35 46 87.0 21.0
11 46 192.0 146.0
21 37 133.0 199.0
45 13 146.0 48.0
33 19 133.0 184.0
6 49 92.0 171.0
14 52 54.0 171.0
13 74 62.0 96.0
46 13 96.0 149.0
40 14 170.0 89.0
47 5 190.0 55.0
35 76 131.0 136.0
31 23 178.0 16.0
53 6 18.0 70.0
43 58 58.0 72.0
1 55 24.0 121.0
36 18 41.0 121.0
23 36 175.0 163.0
34 20 104.0 165.0
11 74 4.0 35.0
7 72 35.0 182.0
56 1 165.0 5.0
12 43 160.0 175.0
32 24 93.0 137.0
26 32 189.0 134.0
32 25 174.0 116.0
20 38 197.0 30.0
57 2 164.0 1.0
74 56 60.0 151.0
44 5 82.0 177.0
22 37 88.0 194.0
55 2 24.0 181.0
46 84 113.0 165.0
44 16 88.0 87.0
38 19 0.0 85.0
27 32 157.0 117.0
23 73 58.0 169.0
38 55 115.0 140.0
26 31 4.0 3.0
1 57 8.0 28.0
34 25 73.0 73.0
11 36 140.0 161.0
2 54 119.0 92.0
7 52 108.0 76.0
52 3 7.0 166.0
61 16 43.0 122.0
22 35 12.0 199.0
9 44 171.0 172.0
6 51 198.0 44.0
10 51 190.0 90.0
72 52 89.0 109.0
41 70 22.0 197.0
46 15 128.0 181.0
51 84 120.0 123.0
2 80 147.0 133.0
51 46 75.0 118.0
30 26 14.0 25.0
64 37 75.0 156.0
42 18 43.0 116.0
68 66 90.0 18.0
39 16 107.0 18.0
52 8 188.0 27.0
13 47 71.0 135.0
45 16 25.0 146.0
21 53 192.0 192.0
14 43 139.0 67.0
52 6 73.0 182.0
73 25 132.0 163.0
41 21 159.0 39.0
77 60 197.0 147.0
3 56 101.0 68.0
7 53 9.0 79.0
44 68 179.0 1.0
1 59 89.0 118.0
76 13 59.0 162.0
78 51 61.0 191.0
4 48 192.0 172.0
63 36 181.0 189.0
30 25 194.0 35.0
32 28 115.0 155.0
33 22 108.0 94.0
30 22 187.0 150.0
49 9 174.0 46.0
29 30 106.0 187.0
22 38 174.0 98.0
9 46 135.0 108.0
51 11 25.0 81.0
58 45 146.0 141.0
55 8 24.0 6.0
1 69 121.0 163.0
3 57 163.0 47.0
33 29 123.0 70.0
66 25 127.0 98.0
73 19 161.0 62.0
10 73 110.0 186.0
73 52 29.0 8.0
40 83 171.0 5.0
8 54 192.0 92.0
33 27 81.0 107.0
54 10 22.0 5.0
35 28 162.0 149.0
2 56 114.0 75.0
30 33 192.0 176.0
46 14 112.0 21.0
28 34 121.0 83.0
80 28 78.0 113.0
43 20 95.0 111.0
9 53 104.0 117.0
84 27 88.0 18.0
38 50 89.0 2.0
60 39 152.0 81.0
71 59 65.0 16.0
1 64 28.0 186.0
4 56 196.0 58.0
14 50 79.0 91.0
23 49 113.0 184.0
50 9 55.0 2.0
49 10 107.0 96.0
64 38 153.0 11.0
52 76 112.0 18.0
17 32 56.0 92.0
60 4 34.0 52.0
84 68 109.0 113.0
72 74 129.0 175.0
81 58 52.0 184.0
38 58 124.0 111.0
52 5 194.0 78.0
35 27 179.0 106.0
52 10 62.0 35.0
8 53 171.0 96.0
67 47 85.0 33.0
47 15 15.0 14.0
54 27 174.0 67.0
84 67 146.0 99.0
81 82 105.0 140.0
6 56 79.0 84.0
1 80 48.0 141.0
79 7 140.0 19.0
53 45 163.0 25.0
38 23 53.0 131.0
38 25 125.0 28.0
28 31 85.0 71.0
21 40 129.0 191.0
57 4 157.0 160.0
44 67 105.0 5.0
73 22 196.0 46.0
11 52 98.0 159.0
56 71 157.0 151.0
55 6 26.0 82.0
27 55 114.0 111.0
2 58 79.0 196.0
58 4 29.0 188.0
50 10 102.0 134.0
10 53 56.0 98.0
61 7 123.0 106.0
77 15 45.0 80.0
44 18 0.0 71.0
48 15 90.0 114.0
44 20 71.0 121.0
49 12 29.0 100.0
64 20 130.0 132.0
80 39 179.0 139.0
59 3 45.0 102.0
18 39 197.0 42.0
40 22 69.0 149.0
70 28 142.0 159.0
51 12 97.0 14.0
67 23 149.0 126.0
82 15 77.0 80.0
54 76 33.0 8.0
27 34 72.0 30.0
57 7 94.0 21.0
84 79 92.0 164.0
23 39 15.0 34.0
30 24 2.0 64.0
13 49 72.0 151.0
50 12 146.0 101.0
30 32 171.0 132.0
16 49 170.0 43.0
34 30 126.0 17.0
59 42 123.0 18.0
7 56 116.0 91.0
33 32 72.0 70.0
25 37 52.0 97.0
34 59 64.0 150.0
77 59 137.0 35.0
4 59 32.0 60.0
20 42 184.0 111.0
45 19 18.0 107.0
63 43 92.0 87.0
75 38 4.0 116.0
23 40 193.0 56.0
53 76 80.0 57.0
37 26 86.0 18.0
79 59 120.0 71.0
20 51 69.0 104.0
23 42 150.0 87.0
59 6 68.0 42.0
61 3 119.0 24.0
17 43 40.0 112.0
57 34 33.0 72.0
42 79 87.0 72.0
53 84 179.0 7.0
26 17 140.0 48.0
34 31 189.0 90.0
63 77 2.0 9.0
52 30 119.0 122.0
25 41 58.0 111.0
30 35 121.0 92.0
55 25 146.0 9.0
24 53 88.0 78.0
17 51 155.0 28.0
19 76 133.0 144.0
19 46 102.0 135.0
19 62 157.0 21.0
23 35 104.0 15.0
69 16 46.0 25.0
54 9 186.0 144.0
57 5 187.0 26.0
8 57 67.0 142.0
16 47 137.0 152.0
36 29 33.0 40.0
34 78 141.0 190.0
60 2 118.0 197.0
10 84 97.0 164.0
10 81 68.0 35.0
26 36 136.0 55.0
58 7 147.0 155.0
22 42 82.0 84.0
21 77 93.0 68.0
71 51 140.0 187.0
45 25 90.0 10.0
6 58 73.0 187.0
31 79 21.0 93.0
17 74 105.0 157.0
47 58 190.0 4.0
24 34 121.0 24.0
31 36 7.0 166.0
44 22 175.0 99.0
8 48 49.0 65.0
52 61 22.0 122.0
56 69 167.0 43.0
27 38 119.0 73.0
13 53 143.0 109.0
83 67 188.0 16.0
26 38 185.0 147.0
65 16 26.0 113.0
47 18 192.0 75.0
48 17 18.0 166.0
39 42 187.0 185.0
55 10 132.0 106.0
31 35 158.0 27.0
62 6 136.0 146.0
43 25 114.0 74.0
28 27 49.0 140.0
45 23 156.0 41.0
10 76 35.0 174.0
34 41 35.0 174.0
43 34 10.0 120.0
22 43 7.0 169.0
33 28 169.0 95.0
10 78 54.0 83.0
41 56 178.0 104.0
14 51 60.0 86.0
65 1 178.0 47.0
18 75 95.0 13.0
64 18 8.0 58.0
11 53 24.0 15.0
19 47 8.0 145.0
41 37 92.0 62.0
59 7 97.0 22.0
65 82 73.0 157.0
59 54 199.0 51.0
44 41 186.0 46.0
14 53 183.0 194.0
20 70 130.0 159.0
21 46 7.0 138.0
33 61 191.0 100.0
32 43 87.0 88.0
27 37 9.0 112.0
41 26 86.0 8.0
38 30 33.0 72.0
28 67 195.0 168.0
12 53 2.0 77.0
84 16 171.0 10.0
76 3 142.0 114.0
45 80 72.0 181.0
19 49 60.0 33.0
61 15 92.0 146.0
2 65 112.0 77.0
55 12 15.0 59.0
49 17 13.0 17.0
64 16 175.0 136.0
18 68 130.0 69.0
63 20 63.0 154.0
81 28 105.0 75.0
60 7 134.0 149.0
38 28 179.0 47.0
69 39 54.0 146.0
6 54 154.0 67.0
30 37 88.0 129.0
35 68 68.0 18.0
8 4 146.0 83.0
55 9 93.0 3.0
84 41 74.0 28.0
64 2 107.0 53.0
30 72 136.0 113.0
42 24 114.0 91.0
57 45 198.0 154.0
52 15 125.0 19.0
65 4 9.0 72.0
36 32 144.0 55.0
32 34 63.0 19.0
23 81 51.0 122.0
47 21 147.0 188.0
81 8 8.0 13.0
38 21 127.0 159.0
25 42 190.0 52.0
17 37 197.0 151.0
64 3 36.0 142.0
57 6 55.0 99.0
63 5 65.0 107.0
15 50 82.0 12.0
57 10 81.0 90.0
48 19 189.0 8.0
9 60 116.0 131.0
3 62 193.0 113.0
67 1 83.0 181.0
62 1 58.0 138.0
55 58 167.0 75.0
61 8 170.0 49.0
2 61 114.0 52.0
31 37 177.0 104.0
78 12 67.0 93.0
59 11 112.0 12.0
23 55 134.0 195.0
2 63 32.0 144.0
28 69 175.0 152.0
3 65 29.0 98.0
6 79 91.0 144.0
15 51 92.0 68.0
12 46 106.0 111.0
41 24 37.0 18.0
66 18 144.0 124.0
46 23 181.0 128.0
9 73 52.0 109.0
17 50 79.0 82.0
62 7 127.0 170.0
5 4 61.0 171.0
48 43 127.0 167.0
55 62 75.0 116.0
79 81 49.0 19.0
33 36 53.0 30.0
44 24 14.0 58.0
20 45 159.0 46.0
31 39 144.0 87.0
12 79 14.0 5.0
49 18 99.0 93.0
67 3 61.0 174.0
6 65 15.0 110.0
15 54 178.0 21.0
33 60 178.0 145.0
41 29 193.0 90.0
36 34 118.0 89.0
51 19 128.0 85.0
39 28 82.0 179.0
58 8 143.0 143.0
49 78 2.0 110.0
62 28 177.0 180.0
43 42 37.0 156.0
38 32 28.0 30.0
37 32 162.0 146.0
40 31 89.0 43.0
53 1 102.0 171.0
24 43 84.0 45.0
62 8 65.0 86.0
49 21 154.0 42.0
29 79 13.0 143.0
28 40 75.0 193.0
9 62 163.0 38.0
60 8 37.0 53.0
59 10 88.0 139.0
13 55 162.0 124.0
48 20 132.0 179.0
63 4 126.0 86.0
64 8 177.0 91.0
46 26 153.0 4.0
50 19 51.0 69.0
26 42 187.0 88.0
19 42 93.0 27.0
1 70 9.0 8.0
27 39 96.0 142.0
70 21 142.0 23.0
46 25 70.0 71.0
44 76 127.0 176.0
16 53 49.0 130.0
36 51 121.0 36.0
66 24 66.0 167.0
37 29 81.0 27.0
67 38 132.0 178.0
59 58 16.0 26.0
60 78 122.0 39.0
62 10 146.0 1.0
23 43 83.0 196.0
7 64 3.0 156.0
49 60 167.0 21.0
70 3 165.0 0.0
67 4 176.0 49.0
57 13 7.0 192.0
21 72 48.0 129.0
25 47 162.0 195.0
13 54 20.0 45.0
35 34 79.0 23.0
14 57 176.0 198.0
66 7 118.0 93.0
12 57 117.0 94.0
66 5 141.0 124.0
11 66 173.0 189.0
29 53 55.0 135.0
60 10 159.0 75.0
18 53 12.0 190.0
6 66 194.0 140.0
33 39 21.0 65.0
63 8 48.0 138.0
39 35 173.0 141.0
55 11 60.0 146.0
54 18 51.0 67.0
31 43 101.0 162.0
59 13 94.0 66.0
36 37 33.0 89.0
65 11 175.0 7.0
68 5 168.0 176.0
35 37 84.0 141.0
69 32 20.0 144.0
57 9 87.0 71.0
20 47 155.0 188.0
9 59 183.0 49.0
6 63 61.0 168.0
70 4 14.0 188.0
30 53 137.0 182.0
75 80 34.0 21.0
63 9 34.0 54.0
37 24 92.0 121.0
60 13 0.0 47.0
52 17 185.0 135.0
30 44 135.0 198.0
65 7 104.0 149.0
62 11 137.0 41.0
56 18 168.0 172.0
20 79 117.0 3.0
81 77 70.0 9.0
5 64 159.0 22.0
28 42 43.0 96.0
10 64 92.0 179.0
49 25 41.0 196.0
46 27 18.0 131.0
3 69 38.0 139.0
10 61 41.0 107.0
59 49 61.0 112.0
25 63 181.0 172.0
53 77 105.0 176.0
50 18 157.0 197.0
57 11 0.0 151.0
44 28 89.0 170.0
63 12 74.0 79.0
51 13 78.0 116.0
16 81 132.0 91.0
53 17 62.0 113.0
52 62 159.0 167.0
59 14 185.0 116.0
50 24 147.0 137.0
14 58 142.0 188.0
49 26 28.0 169.0
52 22 14.0 58.0
48 23 35.0 146.0
1 41 56.0 98.0
26 50 98.0 167.0
15 24 147.0 35.0
8 65 108.0 47.0
50 25 104.0 51.0
27 49 14.0 85.0
18 80 26.0 181.0
49 24 65.0 13.0
23 47 192.0 121.0
52 20 167.0 90.0
17 62 179.0 114.0
28 47 184.0 39.0
47 27 156.0 89.0
69 7 71.0 123.0
7 63 66.0 49.0
30 40 74.0 132.0
75 34 7.0 18.0
47 61 122.0 126.0
24 48 138.0 53.0
55 41 7.0 123.0
28 45 149.0 116.0
43 52 159.0 21.0
76 7 182.0 178.0
46 29 12.0 9.0
35 41 161.0 171.0
37 79 177.0 35.0
10 65 149.0 68.0
26 44 68.0 157.0
67 7 197.0 17.0
63 10 63.0 108.0
46 30 98.0 197.0
69 47 64.0 62.0
59 18 178.0 177.0
32 41 127.0 155.0
25 40 186.0 28.0
56 16 25.0 54.0
50 23 26.0 174.0
59 16 27.0 41.0
34 64 22.0 126.0
53 20 135.0 38.0
59 17 58.0 65.0
65 14 186.0 137.0
61 83 163.0 124.0
68 8 114.0 188.0
32 72 169.0 140.0
43 29 71.0 197.0
60 15 122.0 93.0
24 72 38.0 10.0
5 70 31.0 48.0
73 39 45.0 169.0
31 44 7.0 160.0
56 20 132.0 73.0
19 56 13.0 53.0
17 57 25.0 37.0
37 40 141.0 147.0
53 22 65.0 131.0
52 24 33.0 96.0
66 47 125.0 78.0
17 42 89.0 85.0
10 58 154.0 21.0
71 1 176.0 120.0
62 13 106.0 1.0
52 25 5.0 199.0
63 31 43.0 70.0
48 27 83.0 77.0
42 35 1.0 161.0
11 58 37.0 90.0
42 31 81.0 143.0
26 56 70.0 57.0
17 55 12.0 177.0
77 57 18.0 17.0
11 60 177.0 14.0
21 55 0.0 12.0
44 34 48.0 1.0
68 56 24.0 37.0
29 48 99.0 105.0
41 31 169.0 170.0
82 56 85.0 133.0
45 32 190.0 56.0
20 55 5.0 167.0
2 74 15.0 5.0
82 55 173.0 16.0
24 51 59.0 149.0
53 25 135.0 111.0
25 51 46.0 56.0
4 74 159.0 83.0
13 63 186.0 150.0
78 54 74.0 191.0
57 20 3.0 42.0
64 19 109.0 128.0
54 19 2.0 120.0
84 80 155.0 137.0
3 71 148.0 1.0
39 66 25.0 60.0
73 3 186.0 163.0
11 64 81.0 12.0
72 5 163.0 36.0
77 69 80.0 24.0
6 69 28.0 34.0
77 44 49.0 183.0
46 33 2.0 197.0
75 3 198.0 27.0
70 9 51.0 136.0
7 74 58.0 84.0
44 33 76.0 21.0
67 10 133.0 156.0
52 47 31.0 161.0
47 30 133.0 80.0
31 47 7.0 135.0
48 26 59.0 158.0
18 60 107.0 62.0
32 55 7.0 165.0
35 64 158.0 35.0
29 49 88.0 91.0
4 75 150.0 119.0
54 23 134.0 83.0
51 26 69.0 141.0
69 48 190.0 128.0
39 37 197.0 49.0
30 49 58.0 156.0
15 56 147.0 16.0
15 62 67.0 35.0
12 67 164.0 17.0
47 32 88.0 50.0
63 14 3.0 110.0
43 28 93.0 145.0
18 83 69.0 42.0
64 15 19.0 128.0
40 26 125.0 166.0
48 30 171.0 144.0
76 2 166.0 87.0
48 32 37.0 7.0
70 38 180.0 192.0
8 82 88.0 25.0
36 48 197.0 158.0
18 58 57.0 16.0
32 46 90.0 182.0
7 70 148.0 14.0
35 43 7.0 115.0
17 61 176.0 196.0
64 61 98.0 156.0
58 26 64.0 187.0
73 66 115.0 13.0
62 16 69.0 172.0
40 38 5.0 112.0
72 8 25.0 154.0
69 5 122.0 184.0
1 74 38.0 98.0
22 56 101.0 88.0
19 59 36.0 165.0
25 72 59.0 103.0
71 6 30.0 81.0
47 33 117.0 187.0
28 78 2.0 94.0
39 43 161.0 77.0
11 54 82.0 199.0
59 20 169.0 183.0
50 31 192.0 157.0
13 66 97.0 3.0
60 17 172.0 79.0
9 66 52.0 90.0
36 44 74.0 7.0
52 29 25.0 188.0
40 41 193.0 108.0
35 44 95.0 115.0
16 57 80.0 39.0
30 51 124.0 129.0
49 28 60.0 97.0
57 18 35.0 65.0
31 48 138.0 61.0
81 22 119.0 116.0
42 41 168.0 65.0
41 39 68.0 63.0
45 35 193.0 100.0
61 19 128.0 118.0
22 58 65.0 140.0
15 63 77.0 52.0
68 13 89.0 168.0
67 14 104.0 161.0
77 47 183.0 73.0
33 43 18.0 3.0
6 73 144.0 12.0
55 59 76.0 24.0
2 78 51.0 94.0
38 41 55.0 80.0
61 77 128.0 145.0
27 51 48.0 184.0
21 58 50.0 32.0
26 53 145.0 68.0
29 50 129.0 89.0
32 42 11.0 158.0
7 71 103.0 62.0
12 69 163.0 159.0
21 59 132.0 43.0
59 52 54.0 180.0
10 69 191.0 104.0
77 13 43.0 136.0
35 40 71.0 125.0
73 8 23.0 83.0
60 30 189.0 79.0
69 71 88.0 104.0
11 67 64.0 20.0
68 17 68.0 70.0
42 75 117.0 11.0
11 68 7.0 112.0
55 19 70.0 79.0
28 52 15.0 93.0
64 17 156.0 157.0
66 16 64.0 196.0
58 23 40.0 80.0
42 33 37.0 108.0
11 70 127.0 106.0
60 19 46.0 134.0
15 59 89.0 116.0
56 30 43.0 104.0
38 44 104.0 151.0
74 8 36.0 121.0
63 18 139.0 76.0
70 12 132.0 177.0
29 51 177.0 59.0
67 13 71.0 23.0
9 71 143.0 112.0
23 60 42.0 138.0
40 42 57.0 147.0
61 22 7.0 45.0
66 14 77.0 146.0
6 76 16.0 10.0
39 44 21.0 145.0
64 25 79.0 44.0
80 4 15.0 22.0
71 12 107.0 58.0
82 50 141.0 116.0
62 58 198.0 100.0
19 63 43.0 76.0
38 43 137.0 11.0
6 74 27.0 110.0
57 22 39.0 106.0
29 54 188.0 54.0
81 2 193.0 47.0
58 44 46.0 134.0
34 49 158.0 197.0
67 15 58.0 1.0
60 53 122.0 195.0
80 3 196.0 149.0
66 72 76.0 187.0
30 54 127.0 17.0
30 50 128.0 72.0
81 31 152.0 126.0
54 31 177.0 63.0
23 56 163.0 35.0
24 59 149.0 86.0
77 3 6.0 98.0
76 58 82.0 34.0
32 50 138.0 162.0
41 71 96.0 66.0
3 79 137.0 0.0
68 16 168.0 66.0
77 27 61.0 132.0
20 61 182.0 10.0
40 36 104.0 188.0
62 21 177.0 139.0
55 28 94.0 115.0
39 45 80.0 142.0
47 75 146.0 170.0
46 37 190.0 114.0
28 54 183.0 51.0
57 30 78.0 165.0
8 75 172.0 182.0
65 46 106.0 149.0
27 74 62.0 152.0
78 8 180.0 142.0
51 32 98.0 78.0
13 56 199.0 88.0
47 37 64.0 183.0
62 49 179.0 142.0
79 65 134.0 151.0
67 65 172.0 192.0
62 20 124.0 34.0
71 22 130.0 104.0
37 44 150.0 29.0
27 57 175.0 150.0
27 56 66.0 39.0
22 62 191.0 197.0
52 33 8.0 77.0
71 13 126.0 180.0
28 50 107.0 50.0
38 39 193.0 38.0
26 59 73.0 144.0
81 43 49.0 1.0
36 47 68.0 67.0
60 16 184.0 60.0
4 76 21.0 192.0
72 13 124.0 147.0
65 19 139.0 32.0
73 11 49.0 85.0
82 54 129.0 74.0
52 56 110.0 131.0
5 78 42.0 178.0
10 74 35.0 26.0
62 25 87.0 56.0
5 80 186.0 163.0
2 84 64.0 77.0
50 35 10.0 65.0
5 79 170.0 140.0
12 72 35.0 32.0
41 45 92.0 29.0
30 55 81.0 128.0
71 10 71.0 120.0
83 1 100.0 57.0
44 27 153.0 164.0
82 30 193.0 163.0
54 56 40.0 115.0
14 73 4.0 75.0
59 27 64.0 96.0
11 75 40.0 98.0
74 47 157.0 111.0
15 69 38.0 9.0
5 83 57.0 191.0
81 5 28.0 50.0
6 80 192.0 20.0
67 16 177.0 196.0
48 37 166.0 193.0
71 14 134.0 6.0
65 22 68.0 43.0
64 22 199.0 106.0
16 82 86.0 8.0
1 84 166.0 115.0
25 61 195.0 158.0
64 40 38.0 124.0
44 42 125.0 5.0
75 12 175.0 12.0
35 51 176.0 43.0
61 79 39.0 127.0
54 33 3.0 126.0
44 66 28.0 121.0
36 42 15.0 23.0
45 42 43.0 54.0
33 49 81.0 168.0
60 27 112.0 56.0
40 46 48.0 88.0
29 57 153.0 88.0
29 71 155.0 109.0
3 83 39.0 135.0
44 40 153.0 7.0
77 11 177.0 196.0
61 82 150.0 59.0
82 3 37.0 62.0
25 57 73.0 86.0
16 71 79.0 179.0
60 26 3.0 34.0
82 6 85.0 194.0
78 11 40.0 38.0
43 80 190.0 17.0
19 69 153.0 93.0
77 40 167.0 143.0
83 6 33.0 193.0
20 77 151.0 112.0
50 37 34.0 106.0
28 58 50.0 71.0
39 48 68.0 90.0
76 12 105.0 59.0
21 69 136.0 10.0
84 4 22.0 104.0
61 27 145.0 7.0
8 79 185.0 48.0
6 81 142.0 171.0
33 56 109.0 192.0
83 4 106.0 129.0
32 53 135.0 11.0
1 68 56.0 24.0
80 37 165.0 78.0
23 64 150.0 111.0
62 76 80.0 135.0
23 63 73.0 22.0
31 57 158.0 182.0
46 76 48.0 64.0
67 20 48.0 136.0
47 41 80.0 104.0
65 59 169.0 45.0
46 45 81.0 119.0
73 47 38.0 161.0
4 79 166.0 111.0
33 50 55.0 124.0
61 26 112.0 104.0
69 29 17.0 161.0
45 44 144.0 97.0
17 80 76.0 113.0
68 22 175.0 157.0
83 44 54.0 13.0
71 49 60.0 172.0
63 16 78.0 116.0
16 73 6.0 190.0
71 17 116.0 176.0
20 66 25.0 60.0
70 19 76.0 101.0
66 21 147.0 3.0
53 35 40.0 153.0
62 35 15.0 52.0
80 33 165.0 45.0
53 36 104.0 171.0
28 64 12.0 20.0
51 33 197.0 189.0
3 78 66.0 73.0
14 77 134.0 165.0
6 84 43.0 126.0
60 31 172.0 10.0
59 30 191.0 89.0
38 54 86.0 96.0
65 25 37.0 50.0
82 28 10.0 186.0
65 21 181.0 29.0
19 67 39.0 67.0
49 40 62.0 34.0
57 26 175.0 186.0
33 58 47.0 166.0
37 55 0.0 133.0
33 59 136.0 189.0
25 56 103.0 98.0
83 8 28.0 85.0
35 56 139.0 19.0
60 32 126.0 2.0
28 60 103.0 101.0
13 64 104.0 151.0
24 65 117.0 56.0
33 57 42.0 5.0
80 11 160.0 146.0
78 9 9.0 140.0
39 51 89.0 148.0
18 69 169.0 15.0
53 38 59.0 24.0
27 41 170.0 163.0
57 36 32.0 39.0
24 67 188.0 26.0
53 39 186.0 100.0
32 78 147.0 195.0
21 57 23.0 188.0
36 52 41.0 144.0
11 79 8.0 52.0
44 46 60.0 130.0
15 73 154.0 44.0
40 47 17.0 95.0
84 9 6.0 155.0
51 41 45.0 105.0
40 54 197.0 20.0
59 31 170.0 39.0
58 60 133.0 131.0
59 32 149.0 193.0
17 72 100.0 56.0
70 18 6.0 69.0
18 73 191.0 13.0
53 83 175.0 36.0
49 43 62.0 172.0
69 25 162.0 185.0
52 57 170.0 95.0
78 13 16.0 119.0
44 48 137.0 117.0
54 39 81.0 143.0
49 44 43.0 72.0
58 35 143.0 170.0
11 81 195.0 158.0
64 29 17.0 157.0
22 70 44.0 187.0
83 10 123.0 61.0
27 63 169.0 60.0
45 48 136.0 50.0
45 71 195.0 131.0
52 35 4.0 138.0
10 82 55.0 151.0
6 78 106.0 25.0
32 61 159.0 151.0
46 42 114.0 34.0
34 56 66.0 83.0
78 15 65.0 2.0
73 21 93.0 60.0
58 36 185.0 97.0
55 35 95.0 192.0
67 26 174.0 1.0
39 52 157.0 85.0
9 82 114.0 23.0
26 71 15.0 181.0
77 18 102.0 32.0
82 18 9.0 196.0
17 70 147.0 194.0
18 76 155.0 194.0
44 50 90.0 129.0
43 50 121.0 0.0
57 38 52.0 187.0
80 10 25.0 19.0
79 14 29.0 80.0
35 57 44.0 39.0
70 23 119.0 144.0
31 62 33.0 74.0
31 77 91.0 75.0
64 30 161.0 164.0
25 70 85.0 165.0
50 40 32.0 62.0
21 71 36.0 13.0
38 49 44.0 33.0
83 9 66.0 163.0
78 17 10.0 51.0
45 49 21.0 101.0
8 84 109.0 182.0
70 26 144.0 146.0
55 36 176.0 128.0
40 55 122.0 165.0
56 24 136.0 118.0
72 22 50.0 155.0
72 83 121.0 60.0
60 35 96.0 142.0
29 65 51.0 5.0
39 58 13.0 147.0
42 51 64.0 190.0
53 40 116.0 138.0
9 77 136.0 5.0
59 36 17.0 186.0
65 31 108.0 91.0
51 40 195.0 156.0
75 74 39.0 46.0
20 76 130.0 53.0
70 60 143.0 147.0
14 76 7.0 60.0
13 81 40.0 143.0
66 54 47.0 9.0
52 45 193.0 107.0
59 80 148.0 188.0
12 84 146.0 188.0
30 65 105.0 29.0
73 41 138.0 48.0
34 63 11.0 145.0
54 42 54.0 3.0
16 77 50.0 54.0
75 22 103.0 195.0
46 49 58.0 52.0
28 66 156.0 156.0
30 62 21.0 61.0
52 42 127.0 111.0
61 30 0.0 90.0
47 46 169.0 6.0
25 58 28.0 171.0
75 21 55.0 132.0
82 21 126.0 65.0
34 54 161.0 35.0
7 82 120.0 134.0
63 30 185.0 47.0
79 17 5.0 137.0
58 37 147.0 174.0
57 41 34.0 127.0
83 14 70.0 89.0
13 84 123.0 148.0
63 24 134.0 36.0
74 18 94.0 55.0
78 18 124.0 31.0
34 62 32.0 129.0
42 55 124.0 131.0
21 74 122.0 158.0
63 56 66.0 192.0
27 68 184.0 141.0
49 75 12.0 119.0
38 48 68.0 59.0
15 81 77.0 192.0
24 73 179.0 109.0
48 50 188.0 103.0
77 54 122.0 110.0
57 40 21.0 140.0
57 63 128.0 5.0
19 80 160.0 93.0
61 34 183.0 28.0
71 30 5.0 12.0
80 78 81.0 184.0
19 77 70.0 21.0
76 23 168.0 193.0
67 82 38.0 189.0
60 36 179.0 119.0
29 68 74.0 140.0
40 56 158.0 9.0
32 65 92.0 164.0
63 81 113.0 125.0
75 9 96.0 183.0
63 37 120.0 17.0
55 44 133.0 111.0
24 71 177.0 113.0
59 62 110.0 3.0
68 28 67.0 68.0
38 81 31.0 159.0
59 38 129.0 144.0
19 79 165.0 177.0
56 45 174.0 86.0
20 75 10.0 60.0
79 16 125.0 139.0
54 45 103.0 35.0
70 30 43.0 170.0
66 34 77.0 75.0
60 40 54.0 158.0
32 66 164.0 20.0
53 47 139.0 90.0
48 51 138.0 149.0
83 17 5.0 15.0
36 64 194.0 61.0
66 35 97.0 37.0
22 74 136.0 126.0
82 17 39.0 143.0
77 64 54.0 3.0
31 66 132.0 193.0
35 65 24.0 22.0
15 80 23.0 181.0
50 47 48.0 17.0
83 27 91.0 98.0
68 37 59.0 180.0
54 44 33.0 50.0
40 58 163.0 39.0
61 39 0.0 47.0
51 62 166.0 24.0
77 23 49.0 141.0
75 24 26.0 49.0
60 41 91.0 118.0
63 21 33.0 150.0
71 32 11.0 18.0
75 25 115.0 126.0
21 79 119.0 115.0
78 20 4.0 37.0
34 67 50.0 53.0
66 36 109.0 77.0
44 57 126.0 0.0
59 35 170.0 111.0
53 50 119.0 133.0
73 28 27.0 34.0
17 84 178.0 98.0
25 74 147.0 182.0
39 56 59.0 198.0
49 50 195.0 120.0
53 48 123.0 121.0
60 73 183.0 45.0
27 75 99.0 54.0
74 81 125.0 78.0
49 53 39.0 103.0
78 38 35.0 187.0
31 70 121.0 46.0
82 14 42.0 117.0
55 43 14.0 165.0
76 31 136.0 198.0
81 12 81.0 36.0
46 59 187.0 6.0
46 55 60.0 26.0
37 61 178.0 96.0
27 76 18.0 99.0
82 69 148.0 60.0
83 15 182.0 162.0
82 20 31.0 118.0
70 33 58.0 64.0
34 79 16.0 45.0
81 20 85.0 77.0
29 73 91.0 63.0
22 80 176.0 110.0
16 80 42.0 76.0
27 72 191.0 24.0
67 36 68.0 23.0
23 80 126.0 78.0
33 64 193.0 143.0
56 65 88.0 31.0
65 38 164.0 179.0
55 5 45.0 93.0
42 56 64.0 87.0
61 12 64.0 55.0
47 54 64.0 132.0
19 81 180.0 191.0
77 17 185.0 125.0
71 33 3.0 73.0
84 20 164.0 167.0
80 24 58.0 9.0
47 51 94.0 122.0
25 78 176.0 158.0
55 49 30.0 40.0
62 41 44.0 162.0
49 47 175.0 182.0
43 59 199.0 130.0
22 76 59.0 164.0
51 74 44.0 69.0
65 37 87.0 139.0
62 38 186.0 15.0
57 69 2.0 169.0
24 79 157.0 199.0
45 59 168.0 84.0
79 27 57.0 119.0
26 77 127.0 116.0
60 44 183.0 172.0
46 57 107.0 23.0
43 61 61.0 46.0
21 83 134.0 63.0
75 29 174.0 43.0
35 71 40.0 94.0
48 54 159.0 97.0
69 35 106.0 39.0
48 56 136.0 41.0
72 33 42.0 195.0
75 31 149.0 103.0
39 59 163.0 35.0
76 28 81.0 89.0
83 12 4.0 73.0
50 54 45.0 116.0
49 56 93.0 103.0
64 41 48.0 181.0
47 59 16.0 90.0
62 42 35.0 166.0
28 75 150.0 198.0
65 41 94.0 183.0
49 54 170.0 50.0
26 81 169.0 16.0
30 77 95.0 63.0
44 61 130.0 143.0
60 43 96.0 146.0
30 73 101.0 131.0
20 83 2.0 51.0
44 62 142.0 48.0
56 46 126.0 112.0
42 61 42.0 95.0
78 29 120.0 138.0
62 40 128.0 2.0
58 46 55.0 24.0
82 24 183.0 156.0
74 33 60.0 185.0
56 53 142.0 154.0
52 54 53.0 68.0
27 40 3.0 47.0
63 78 29.0 124.0
45 62 142.0 158.0
32 63 193.0 198.0
31 83 134.0 176.0
67 63 13.0 147.0
71 36 135.0 156.0
84 23 20.0 188.0
84 21 167.0 23.0
72 35 96.0 196.0
65 44 157.0 39.0
65 43 139.0 150.0
60 84 10.0 25.0
55 52 140.0 175.0
73 35 194.0 76.0
84 24 0.0 166.0
69 67 130.0 167.0
50 57 171.0 26.0
78 24 167.0 81.0
50 59 102.0 106.0
70 37 199.0 112.0
52 53 130.0 140.0
34 72 31.0 77.0
63 44 189.0 31.0
37 59 131.0 119.0
82 23 89.0 54.0
49 37 73.0 9.0
48 62 125.0 175.0
46 63 8.0 77.0
63 47 50.0 90.0
73 37 121.0 81.0
64 48 52.0 110.0
83 28 130.0 183.0
32 64 146.0 172.0
32 74 44.0 19.0
27 81 152.0 122.0
38 73 65.0 160.0
57 39 105.0 67.0
64 42 85.0 26.0
72 39 28.0 137.0
47 56 53.0 111.0
32 76 188.0 199.0
57 56 168.0 185.0
73 34 56.0 120.0
29 80 26.0 122.0
45 64 157.0 131.0
63 70 55.0 42.0
55 54 21.0 35.0
57 47 67.0 74.0
37 71 101.0 8.0
61 50 19.0 22.0
36 74 158.0 75.0
76 39 162.0 184.0
83 19 181.0 71.0
42 68 127.0 188.0
40 69 1.0 100.0
33 75 159.0 68.0
36 73 53.0 13.0
36 75 73.0 72.0
26 83 56.0 183.0
40 71 92.0 170.0
69 42 115.0 25.0
65 48 103.0 42.0
17 65 167.0 104.0
36 68 173.0 78.0
51 53 174.0 26.0
26 84 8.0 0.0
50 64 104.0 64.0
77 34 89.0 149.0
60 46 87.0 4.0
73 43 33.0 190.0
82 29 161.0 152.0
62 50 123.0 86.0
46 64 152.0 98.0
74 39 170.0 160.0
58 49 136.0 27.0
53 59 144.0 178.0
49 63 42.0 31.0
60 48 25.0 27.0
68 47 190.0 138.0
32 77 84.0 113.0
36 78 156.0 36.0
77 36 199.0 79.0
53 57 90.0 87.0
82 33 184.0 186.0
45 60 133.0 179.0
34 80 115.0 110.0
34 69 100.0 105.0
65 50 66.0 136.0
58 57 51.0 175.0
82 31 199.0 50.0
39 67 194.0 41.0
76 73 155.0 130.0
64 51 93.0 88.0
68 45 158.0 160.0
12 74 177.0 58.0
53 62 26.0 44.0
38 77 144.0 77.0
64 47 137.0 143.0
78 37 21.0 131.0
70 47 67.0 177.0
55 61 143.0 112.0
63 53 120.0 101.0
75 68 30.0 98.0
29 77 175.0 56.0
78 79 90.0 119.0
64 49 32.0 27.0
63 40 21.0 53.0
29 84 46.0 40.0
49 67 120.0 189.0
72 45 68.0 41.0
41 74 162.0 50.0
72 41 98.0 138.0
38 66 7.0 140.0
31 84 80.0 39.0
59 56 0.0 53.0
40 78 131.0 47.0
84 33 23.0 51.0
18 72 88.0 43.0
60 56 120.0 51.0
48 57 146.0 170.0
76 41 127.0 153.0
45 70 58.0 159.0
32 84 167.0 11.0
74 43 104.0 98.0
82 32 133.0 80.0
49 69 34.0 174.0
59 60 122.0 154.0
42 73 68.0 20.0
48 68 169.0 147.0
36 80 58.0 179.0
42 78 130.0 177.0
39 78 103.0 35.0
43 72 76.0 36.0
49 68 112.0 110.0
77 42 105.0 186.0
65 52 81.0 174.0
50 68 106.0 2.0
55 64 52.0 116.0
57 59 125.0 183.0
75 44 51.0 28.0
52 58 179.0 80.0
72 67 118.0 43.0
33 78 53.0 24.0
33 83 177.0 87.0
75 43 52.0 83.0
35 82 196.0 104.0
81 33 166.0 121.0
57 61 198.0 18.0
61 56 0.0 130.0
39 75 152.0 119.0
36 81 0.0 5.0
66 81 164.0 130.0
67 52 5.0 16.0
45 74 10.0 1.0
61 67 74.0 128.0
39 77 149.0 24.0
66 57 189.0 149.0
51 59 139.0 141.0
60 71 56.0 140.0
43 70 77.0 21.0
37 82 152.0 34.0
73 48 79.0 114.0
62 54 190.0 153.0
49 70 42.0 139.0
42 66 116.0 31.0
36 82 24.0 55.0
61 51 117.0 33.0
36 84 157.0 146.0
72 40 10.0 109.0
78 77 31.0 89.0
65 54 112.0 173.0
53 69 159.0 154.0
41 81 166.0 27.0
40 67 140.0 142.0
45 75 104.0 57.0
52 64 177.0 61.0
54 58 106.0 139.0
66 53 165.0 137.0
51 69 49.0 30.0
60 51 32.0 161.0
61 63 191.0 198.0
43 78 110.0 131.0
73 49 50.0 14.0
41 83 34.0 179.0
26 75 144.0 140.0
47 76 176.0 61.0
82 39 68.0 177.0
84 40 6.0 100.0
67 56 6.0 149.0
28 79 12.0 68.0
79 45 71.0 14.0
63 48 155.0 105.0
72 47 65.0 51.0
67 57 167.0 193.0
44 78 136.0 35.0
51 72 44.0 94.0
81 42 34.0 3.0
38 83 98.0 199.0
77 48 15.0 169.0
51 49 126.0 170.0
78 47 98.0 144.0
66 59 42.0 65.0
61 58 74.0 130.0
38 80 30.0 118.0
64 60 96.0 64.0
61 66 51.0 146.0
81 46 92.0 66.0
75 50 118.0 18.0
69 41 0.0 16.0
49 76 112.0 194.0
50 69 24.0 186.0
81 44 120.0 54.0
31 69 27.0 168.0
81 29 19.0 30.0
79 47 77.0 111.0
71 47 104.0 195.0
35 84 48.0 105.0
41 80 81.0 161.0
55 66 28.0 57.0
68 58 39.0 100.0
52 69 173.0 66.0
64 74 165.0 145.0
75 52 40.0 194.0
55 71 135.0 144.0
81 47 100.0 183.0
34 83 181.0 133.0
40 82 104.0 9.0
81 49 94.0 95.0
61 62 113.0 19.0
53 64 13.0 31.0
69 54 111.0 53.0
50 77 71.0 198.0
74 53 4.0 124.0
58 70 178.0 137.0
70 35 159.0 35.0
84 43 187.0 5.0
36 65 111.0 52.0
50 76 66.0 76.0
78 50 28.0 130.0
69 58 182.0 51.0
73 56 197.0 138.0
84 39 137.0 175.0
71 54 182.0 49.0
65 60 193.0 121.0
79 49 77.0 57.0
69 59 118.0 143.0
68 52 46.0 98.0
46 82 168.0 28.0
49 74 14.0 165.0
52 79 14.0 103.0
82 51 4.0 148.0
58 71 142.0 150.0
60 80 52.0 19.0
22 82 59.0 122.0
54 74 94.0 105.0
79 43 150.0 63.0
77 55 196.0 116.0
80 40 185.0 163.0
65 62 131.0 189.0
69 60 176.0 74.0
74 52 95.0 28.0
63 64 197.0 106.0
82 47 147.0 91.0
54 67 5.0 50.0
75 56 64.0 1.0
78 30 111.0 1.0
46 80 161.0 42.0
75 54 37.0 89.0
81 51 122.0 84.0
81 52 45.0 71.0
75 57 108.0 144.0
42 82 12.0 113.0
62 68 99.0 29.0
64 66 163.0 162.0
68 65 160.0 76.0
53 33 139.0 197.0
48 80 5.0 14.0
58 75 82.0 2.0
70 61 126.0 142.0
84 47 6.0 138.0
84 48 8.0 57.0
79 55 123.0 123.0
62 72 2.0 83.0
61 72 150.0 94.0
73 61 41.0 107.0
49 82 98.0 75.0
71 65 101.0 24.0
63 69 49.0 107.0
65 64 80.0 10.0
69 61 113.0 155.0
80 57 105.0 116.0
48 81 137.0 56.0
64 56 15.0 130.0
73 64 33.0 113.0
55 76 150.0 86.0
74 55 134.0 151.0
54 80 46.0 166.0
64 68 188.0 111.0
49 84 32.0 93.0
56 70 59.0 121.0
80 55 194.0 75.0
82 52 134.0 179.0
77 56 178.0 84.0
70 66 23.0 64.0
68 69 100.0 69.0
82 57 112.0 40.0
78 53 150.0 96.0
61 76 156.0 9.0
59 70 180.0 102.0
73 62 103.0 114.0
83 59 60.0 33.0
80 49 86.0 83.0
70 52 78.0 138.0
79 60 150.0 142.0
73 55 3.0 100.0
51 73 131.0 111.0
83 56 123.0 63.0
63 73 144.0 26.0
59 76 17.0 156.0
55 84 35.0 55.0
74 58 86.0 66.0
61 71 140.0 37.0
76 68 62.0 95.0
78 62 2.0 146.0
67 73 65.0 125.0
56 78 122.0 161.0
83 47 72.0 139.0
63 79 157.0 107.0
82 43 17.0 196.0
76 64 37.0 110.0
79 62 130.0 51.0
67 74 135.0 132.0
71 64 2.0 1.0
74 57 29.0 124.0
80 56 93.0 101.0
59 78 56.0 2.0
74 71 124.0 25.0
72 69 114.0 161.0
44 80 161.0 44.0
84 56 73.0 96.0
71 68 51.0 75.0
43 76 148.0 32.0
75 65 82.0 193.0
66 75 83.0 138.0
65 69 137.0 7.0
69 70 0.0 51.0
82 64 199.0 161.0
73 71 65.0 72.0
73 77 175.0 68.0
83 37 170.0 123.0
79 64 30.0 52.0
63 71 18.0 66.0
83 48 166.0 155.0
61 84 31.0 167.0
67 78 182.0 30.0
73 59 102.0 199.0
65 77 3.0 77.0
66 80 104.0 125.0
57 79 189.0 134.0
77 67 84.0 7.0
63 68 172.0 2.0
50 80 80.0 3.0
79 74 44.0 14.0
56 76 88.0 98.0
79 51 199.0 43.0
83 60 54.0 103.0
72 78 172.0 196.0
31 78 120.0 8.0
64 57 144.0 92.0
57 83 86.0 25.0
68 82 15.0 130.0
81 72 85.0 55.0
63 72 38.0 37.0
80 52 119.0 92.0
77 75 177.0 43.0
70 84 66.0 97.0
67 81 97.0 163.0
80 76 118.0 183.0
76 70 184.0 85.0
80 58 4.0 70.0
57 62 164.0 42.0
77 71 186.0 35.0
60 66 75.0 115.0
78 69 198.0 93.0
81 59 144.0 96.0
72 73 176.0 62.0
78 71 40.0 160.0
72 75 184.0 44.0
83 73 145.0 100.0
81 61 156.0 83.0
82 80 102.0 31.0
81 78 69.0 101.0
58 65 177.0 13.0
65 84 22.0 153.0
81 17 167.0 14.0
79 73 42.0 103.0
23 75 126.0 139.0
68 78 113.0 82.0
76 77 86.0 15.0
79 54 123.0 155.0
71 79 142.0 100.0
74 83 122.0 116.0
79 82 72.0 41.0
30 80 143.0 66.0
74 76 96.0 69.0
79 83 103.0 9.0
39 65 159.0 190.0
84 74 110.0 82.0
77 84 13.0 4.0
82 73 165.0 87.0
63 82 144.0 189.0
78 76 125.0 87.0
82 75 145.0 21.0
75 69 182.0 48.0
65 76 4.0 94.0
41 77 2.0 66.0
81 65 4.0 167.0
67 71 194.0 169.0
72 84 8.0 91.0
11 48 132.0 86.0
82 74 4.0 77.0
78 70 153.0 139.0
79 76 4.0 157.0
77 68 25.0 158.0
83 69 38.0 29.0
83 82 68.0 184.0
58 77 181.0 77.0
65 73 149.0 113.0
67 79 16.0 106.0
3 1 89.0 169.0
83 71 191.0 94.0
70 57 100.0 16.0
62 60 63.0 138.0
79 72 163.0 132.0
18 71 60.0 144.0
54 72 50.0 10.0
67 59 125.0 67.0
69 73 143.0 15.0
68 55 73.0 86.0
84 76 44.0 173.0
23 71 2.0 107.0
79 39 89.0 117.0
46 78 76.0 150.0
75 71 127.0 127.0
83 66 141.0 52.0
1 5 105.0 36.0
4 1 146.0 178.0
64 80 182.0 142.0
71 84 3.0 136.0
71 62 193.0 44.0
84 63 89.0 22.0
0
