87 3741 38 68 564225
14 66 5.0 152.0
53 80 89.0 146.0
43 81 78.0 78.0
53 32 123.0 148.0
4 48 1.0 33.0
82 21 97.0 55.0
43 85 85.0 148.0
75 38 20.0 163.0
8 26 66.0 178.0
18 49 171.0 107.0
34 71 177.0 50.0
16 42 80.0 100.0
81 44 123.0 33.0
65 33 133.0 21.0
22 58 92.0 170.0
87 79 78.0 64.0
9 27 77.0 96.0
67 13 156.0 1.0
75 48 150.0 133.0
81 74 94.0 182.0
30 36 94.0 18.0
60 76 106.0 179.0
38 5 194.0 150.0
83 68 90.0 72.0
8 16 183.0 120.0
20 4 18.0 139.0
43 75 125.0 121.0
53 14 184.0 19.0
41 75 128.0 78.0
63 75 44.0 186.0
79 66 50.0 191.0
46 85 15.0 92.0
5 83 109.0 199.0
78 15 9.0 80.0
82 24 76.0 86.0
37 82 176.0 60.0
69 12 28.0 56.0
78 74 116.0 24.0
44 82 32.0 118.0
80 7 15.0 48.0
81 70 61.0 125.0
76 35 4.0 22.0
50 69 62.0 81.0
55 47 14.0 190.0
50 55 189.0 42.0
41 18 122.0 106.0
12 45 113.0 155.0
43 29 163.0 129.0
3 76 43.0 176.0
15 21 121.0 48.0
81 58 178.0 135.0
17 35 111.0 193.0
2 36 117.0 52.0
53 16 89.0 191.0
53 5 74.0 154.0
25 28 7.0 37.0
8 48 156.0 51.0
61 46 175.0 29.0
16 28 58.0 106.0
54 66 119.0 121.0
14 6 93.0 188.0
21 9 123.0 182.0
5 71 84.0 198.0
4 21 165.0 43.0
69 41 21.0 74.0
86 77 29.0 148.0
17 77 15.0 40.0
55 24 192.0 87.0
29 15 172.0 85.0
15 51 190.0 47.0
26 83 79.0 74.0
9 72 90.0 45.0
26 32 61.0 111.0
21 6 147.0 43.0
83 59 19.0 114.0
74 25 84.0 163.0
40 30 92.0 56.0
80 59 127.0 82.0
47 2 86.0 158.0
66 62 190.0 176.0
6 50 1.0 3.0
47 40 12.0 100.0
3 51 30.0 184.0
76 82 101.0 114.0
25 37 119.0 193.0
87 35 30.0 46.0
28 66 162.0 116.0
40 32 139.0 104.0
73 4 182.0 140.0
43 16 44.0 146.0
66 46 126.0 74.0
33 15 130.0 27.0
51 35 191.0 49.0
61 84 137.0 22.0
54 76 117.0 100.0
21 70 170.0 56.0
73 3 75.0 104.0
18 1 99.0 119.0
38 76 67.0 25.0
3 4 99.0 197.0
30 9 131.0 42.0
84 70 4.0 20.0
59 64 42.0 121.0
39 74 93.0 12.0
19 1 171.0 168.0
82 85 157.0 70.0
73 12 21.0 25.0
7 37 134.0 120.0
37 15 124.0 65.0
76 25 86.0 80.0
80 34 35.0 80.0
12 74 162.0 81.0
68 74 186.0 133.0
64 63 25.0 143.0
75 83 7.0 47.0
33 44 68.0 142.0
50 59 166.0 145.0
75 80 108.0 52.0
18 75 63.0 95.0
61 33 44.0 178.0
12 10 19.0 30.0
73 83 174.0 196.0
71 48 189.0 181.0
5 66 101.0 57.0
30 74 136.0 67.0
67 50 159.0 44.0
29 55 39.0 23.0
87 38 198.0 83.0
9 6 35.0 17.0
27 18 84.0 161.0
65 25 76.0 73.0
3 85 109.0 130.0
71 79 17.0 198.0
33 84 82.0 177.0
51 64 155.0 121.0
14 8 73.0 153.0
47 35 12.0 61.0
44 63 50.0 96.0
87 5 40.0 79.0
2 77 42.0 101.0
60 34 84.0 12.0
31 73 180.0 166.0
41 33 150.0 87.0
40 81 170.0 23.0
28 85 157.0 134.0
61 44 24.0 7.0
48 45 109.0 16.0
34 56 158.0 104.0
2 52 111.0 194.0
29 61 102.0 44.0
6 53 101.0 52.0
38 28 144.0 23.0
26 77 67.0 101.0
33 12 44.0 43.0
56 9 99.0 105.0
9 8 147.0 9.0
15 83 86.0 59.0
48 11 20.0 188.0
55 26 15.0 73.0
54 16 28.0 111.0
5 78 192.0 95.0
2 31 77.0 188.0
31 48 128.0 176.0
11 27 37.0 76.0
22 57 8.0 123.0
59 52 32.0 180.0
77 23 172.0 199.0
30 77 154.0 0.0
67 86 54.0 98.0
22 76 88.0 131.0
36 56 92.0 169.0
82 11 90.0 81.0
59 20 130.0 98.0
71 10 125.0 162.0
24 70 136.0 98.0
59 9 53.0 42.0
87 52 36.0 107.0
32 22 16.0 124.0
69 11 48.0 61.0
13 64 78.0 138.0
83 54 120.0 8.0
63 60 53.0 198.0
42 6 62.0 141.0
14 33 196.0 115.0
13 4 7.0 32.0
48 81 15.0 175.0
83 1 45.0 63.0
65 69 134.0 123.0
35 84 111.0 55.0
56 29 44.0 116.0
2 11 151.0 58.0
58 47 67.0 148.0
81 84 15.0 26.0
16 2 44.0 30.0
12 5 25.0 41.0
40 48 91.0 160.0
36 85 7.0 2.0
26 50 25.0 3.0
75 10 71.0 176.0
56 69 189.0 139.0
58 53 50.0 5.0
15 40 62.0 94.0
12 56 183.0 87.0
9 50 52.0 75.0
47 80 138.0 12.0
43 44 179.0 115.0
54 45 119.0 3.0
26 62 129.0 61.0
27 33 131.0 132.0
64 18 38.0 145.0
66 69 166.0 22.0
32 44 150.0 170.0
36 61 130.0 41.0
18 2 179.0 62.0
46 71 73.0 98.0
45 27 122.0 154.0
51 69 135.0 53.0
87 11 179.0 173.0
80 37 119.0 145.0
80 64 27.0 21.0
38 60 48.0 157.0
54 86 171.0 179.0
69 81 147.0 196.0
21 31 70.0 70.0
12 2 102.0 5.0
13 18 161.0 81.0
46 6 27.0 32.0
62 25 96.0 6.0
85 53 87.0 96.0
44 55 123.0 10.0
48 26 45.0 23.0
56 20 99.0 116.0
21 54 98.0 2.0
63 25 187.0 11.0
23 40 12.0 14.0
65 23 165.0 108.0
67 41 22.0 4.0
87 54 135.0 98.0
16 4 35.0 181.0
85 71 190.0 87.0
29 72 31.0 89.0
1 55 42.0 18.0
87 77 145.0 54.0
4 10 43.0 110.0
42 22 101.0 18.0
75 29 110.0 37.0
86 20 59.0 97.0
82 20 45.0 1.0
83 31 102.0 28.0
78 44 191.0 96.0
25 30 138.0 136.0
31 50 88.0 182.0
63 79 48.0 141.0
8 1 9.0 110.0
29 23 23.0 20.0
42 72 18.0 21.0
12 1 111.0 72.0
84 36 30.0 102.0
65 86 89.0 121.0
48 35 156.0 129.0
26 82 75.0 4.0
5 69 53.0 36.0
4 18 67.0 29.0
2 61 197.0 37.0
13 12 51.0 108.0
48 47 149.0 82.0
15 2 92.0 38.0
1 73 17.0 48.0
68 67 143.0 92.0
48 67 147.0 148.0
84 24 69.0 166.0
76 74 31.0 19.0
85 83 191.0 82.0
43 15 194.0 141.0
68 70 33.0 87.0
56 86 193.0 50.0
57 35 164.0 88.0
14 75 62.0 63.0
4 59 145.0 132.0
37 77 99.0 176.0
72 82 72.0 43.0
1 45 199.0 19.0
19 78 118.0 32.0
68 23 86.0 63.0
49 1 152.0 2.0
68 10 106.0 166.0
60 47 186.0 51.0
36 47 136.0 37.0
33 17 118.0 160.0
53 25 84.0 69.0
15 39 31.0 154.0
61 56 18.0 69.0
48 54 61.0 122.0
63 45 193.0 119.0
4 65 45.0 179.0
16 69 94.0 181.0
77 66 66.0 12.0
83 78 158.0 102.0
29 68 129.0 141.0
28 5 148.0 147.0
8 12 27.0 161.0
32 11 154.0 21.0
67 79 107.0 199.0
52 6 171.0 1.0
64 26 99.0 189.0
16 7 39.0 9.0
74 49 126.0 120.0
45 36 99.0 26.0
23 73 105.0 127.0
3 18 24.0 11.0
61 43 126.0 83.0
16 3 121.0 49.0
20 47 153.0 172.0
53 39 28.0 145.0
79 75 150.0 106.0
7 3 127.0 50.0
1 61 44.0 184.0
43 67 185.0 21.0
14 2 54.0 63.0
83 4 95.0 176.0
42 47 183.0 0.0
77 79 167.0 164.0
15 4 48.0 118.0
57 36 179.0 128.0
5 3 30.0 23.0
67 69 19.0 167.0
71 4 194.0 74.0
86 19 198.0 41.0
57 80 185.0 181.0
72 52 150.0 104.0
15 19 75.0 198.0
54 34 95.0 54.0
43 51 3.0 125.0
33 75 79.0 23.0
70 44 171.0 25.0
54 25 57.0 169.0
17 52 46.0 42.0
16 72 120.0 196.0
3 55 120.0 195.0
5 2 168.0 15.0
55 32 9.0 172.0
11 47 62.0 40.0
82 55 103.0 185.0
79 73 38.0 160.0
29 20 10.0 85.0
4 27 79.0 83.0
73 46 110.0 199.0
50 61 167.0 78.0
84 53 46.0 176.0
4 14 1.0 60.0
68 34 164.0 104.0
11 75 162.0 2.0
7 50 26.0 125.0
69 45 109.0 105.0
82 45 174.0 19.0
18 29 132.0 141.0
73 67 106.0 178.0
80 65 118.0 59.0
17 1 188.0 82.0
74 65 105.0 150.0
19 39 5.0 131.0
83 79 26.0 115.0
28 61 21.0 152.0
81 86 141.0 153.0
65 37 1.0 199.0
14 18 61.0 71.0
17 13 155.0 1.0
16 6 75.0 60.0
33 51 166.0 81.0
35 13 81.0 144.0
65 36 171.0 55.0
26 45 106.0 112.0
74 85 69.0 59.0
15 50 144.0 130.0
62 29 84.0 51.0
14 3 118.0 159.0
31 9 43.0 36.0
21 76 23.0 77.0
24 27 173.0 146.0
63 86 136.0 31.0
75 87 42.0 158.0
41 32 163.0 186.0
61 19 111.0 47.0
86 66 61.0 29.0
67 28 139.0 57.0
16 14 132.0 162.0
32 38 110.0 105.0
28 27 39.0 199.0
26 80 106.0 34.0
24 17 121.0 69.0
8 5 64.0 184.0
8 10 73.0 78.0
53 44 133.0 13.0
49 26 39.0 66.0
56 82 106.0 101.0
21 38 144.0 98.0
22 3 7.0 2.0
11 63 67.0 80.0
71 18 166.0 83.0
42 20 13.0 39.0
55 51 21.0 99.0
69 70 72.0 12.0
64 78 5.0 130.0
20 18 176.0 101.0
12 19 169.0 135.0
73 25 67.0 188.0
34 26 63.0 33.0
38 25 137.0 28.0
68 45 17.0 159.0
27 12 189.0 89.0
81 5 108.0 146.0
15 82 168.0 36.0
5 30 31.0 89.0
46 83 171.0 50.0
14 49 190.0 34.0
7 13 192.0 127.0
4 67 90.0 9.0
7 15 103.0 31.0
63 80 78.0 11.0
67 20 80.0 198.0
41 47 109.0 63.0
34 4 122.0 80.0
52 51 160.0 112.0
9 65 174.0 104.0
6 11 144.0 17.0
34 50 90.0 48.0
35 56 155.0 120.0
68 84 181.0 35.0
35 50 28.0 90.0
45 11 65.0 151.0
7 10 69.0 177.0
85 1 38.0 195.0
56 11 16.0 182.0
12 6 191.0 58.0
8 72 5.0 146.0
60 1 161.0 186.0
3 11 101.0 141.0
30 85 188.0 166.0
6 5 67.0 9.0
7 26 76.0 105.0
37 6 182.0 44.0
44 35 16.0 173.0
11 84 35.0 21.0
84 38 141.0 196.0
57 31 140.0 42.0
20 14 42.0 80.0
20 26 31.0 110.0
52 7 111.0 59.0
12 17 30.0 93.0
44 65 191.0 198.0
61 41 45.0 27.0
78 1 73.0 186.0
23 5 96.0 13.0
18 7 43.0 90.0
24 30 29.0 27.0
4 9 79.0 92.0
24 52 100.0 109.0
29 19 196.0 43.0
51 53 164.0 194.0
46 18 159.0 189.0
23 4 53.0 7.0
10 87 136.0 97.0
29 12 122.0 165.0
18 80 104.0 2.0
44 9 103.0 156.0
19 37 155.0 51.0
2 84 68.0 71.0
15 84 43.0 180.0
1 26 15.0 96.0
6 7 88.0 151.0
36 40 32.0 10.0
24 16 74.0 88.0
25 11 151.0 129.0
47 78 67.0 107.0
66 38 108.0 136.0
27 82 6.0 151.0
20 73 93.0 21.0
10 47 15.0 133.0
86 80 121.0 47.0
9 81 40.0 195.0
17 2 81.0 191.0
82 83 188.0 149.0
34 57 20.0 97.0
51 41 112.0 178.0
2 9 194.0 5.0
64 76 118.0 9.0
69 60 198.0 39.0
45 44 132.0 38.0
40 64 74.0 13.0
60 52 13.0 14.0
21 18 8.0 33.0
59 47 64.0 121.0
56 40 39.0 10.0
29 64 107.0 157.0
36 50 27.0 57.0
85 59 104.0 159.0
35 12 60.0 130.0
64 43 190.0 73.0
61 52 24.0 199.0
3 2 184.0 40.0
41 12 71.0 175.0
75 65 154.0 178.0
19 28 73.0 133.0
86 34 63.0 129.0
45 10 7.0 75.0
53 36 68.0 150.0
87 61 181.0 44.0
62 52 75.0 165.0
55 40 14.0 147.0
9 34 10.0 168.0
22 1 99.0 35.0
12 55 17.0 114.0
56 30 84.0 25.0
65 70 98.0 152.0
35 70 105.0 79.0
27 7 72.0 180.0
38 74 65.0 38.0
1 9 22.0 27.0
63 68 108.0 121.0
7 11 156.0 126.0
73 8 117.0 40.0
69 38 162.0 15.0
12 52 126.0 67.0
14 5 132.0 151.0
1 43 84.0 149.0
41 1 159.0 106.0
68 36 18.0 20.0
79 29 193.0 174.0
28 10 183.0 62.0
39 12 53.0 145.0
55 31 72.0 179.0
52 79 90.0 156.0
35 55 20.0 174.0
55 54 72.0 131.0
3 15 27.0 90.0
17 37 50.0 173.0
38 35 142.0 33.0
38 59 142.0 195.0
81 87 10.0 15.0
79 38 81.0 100.0
85 50 110.0 53.0
8 86 119.0 182.0
19 2 185.0 147.0
54 13 71.0 36.0
47 67 125.0 13.0
31 80 150.0 67.0
79 7 95.0 160.0
37 55 187.0 128.0
6 2 195.0 49.0
3 61 102.0 67.0
78 76 49.0 87.0
1 5 97.0 120.0
75 2 153.0 22.0
81 14 131.0 103.0
12 7 186.0 27.0
53 46 165.0 125.0
50 63 55.0 112.0
28 69 119.0 109.0
57 17 135.0 168.0
17 78 121.0 33.0
79 28 170.0 74.0
41 37 78.0 102.0
35 16 22.0 16.0
61 78 77.0 139.0
45 25 180.0 84.0
2 7 33.0 51.0
20 48 166.0 120.0
38 24 186.0 39.0
52 35 114.0 108.0
71 62 140.0 192.0
69 46 32.0 114.0
36 62 124.0 61.0
78 36 145.0 56.0
38 41 33.0 130.0
80 74 92.0 199.0
2 27 21.0 30.0
61 49 50.0 136.0
2 8 144.0 142.0
48 64 96.0 128.0
38 1 120.0 172.0
28 11 131.0 18.0
20 3 119.0 165.0
43 23 12.0 11.0
12 4 162.0 33.0
47 43 33.0 164.0
38 26 147.0 177.0
1 4 25.0 44.0
81 20 88.0 98.0
23 67 37.0 19.0
36 87 120.0 108.0
15 48 112.0 132.0
45 13 45.0 26.0
48 50 145.0 78.0
20 2 12.0 44.0
21 43 114.0 190.0
55 57 158.0 154.0
28 78 124.0 195.0
18 6 67.0 196.0
4 49 41.0 131.0
54 50 141.0 86.0
7 4 102.0 38.0
41 60 191.0 66.0
8 41 132.0 57.0
10 83 52.0 90.0
65 10 150.0 177.0
53 26 20.0 169.0
67 15 4.0 61.0
65 45 62.0 145.0
58 24 141.0 116.0
15 10 140.0 132.0
16 33 136.0 72.0
20 11 193.0 188.0
13 5 44.0 143.0
60 8 145.0 64.0
22 27 79.0 101.0
71 84 41.0 94.0
11 10 198.0 182.0
44 4 33.0 91.0
36 33 113.0 169.0
13 8 133.0 106.0
69 9 118.0 177.0
8 65 88.0 63.0
4 30 47.0 167.0
26 54 95.0 40.0
28 40 17.0 45.0
35 4 2.0 2.0
29 16 34.0 115.0
11 13 108.0 167.0
75 71 97.0 26.0
40 31 65.0 185.0
60 20 71.0 112.0
66 19 142.0 118.0
50 28 120.0 159.0
24 8 56.0 122.0
23 74 70.0 42.0
22 2 192.0 130.0
41 48 101.0 89.0
70 27 58.0 118.0
39 27 97.0 81.0
45 24 12.0 39.0
2 21 119.0 132.0
64 39 54.0 127.0
17 42 109.0 76.0
12 49 141.0 102.0
1 32 65.0 194.0
51 50 149.0 75.0
76 24 180.0 46.0
39 86 23.0 144.0
3 13 156.0 94.0
33 59 79.0 10.0
13 86 73.0 140.0
39 36 161.0 14.0
60 3 4.0 178.0
44 23 166.0 105.0
13 2 71.0 146.0
86 70 79.0 46.0
64 21 155.0 187.0
79 11 105.0 186.0
12 9 33.0 130.0
14 57 107.0 194.0
51 6 128.0 111.0
21 86 140.0 94.0
86 85 11.0 163.0
59 15 106.0 42.0
27 30 17.0 13.0
40 63 167.0 74.0
40 2 46.0 1.0
58 64 156.0 153.0
62 13 50.0 36.0
11 8 55.0 142.0
37 83 61.0 18.0
2 30 171.0 119.0
51 48 126.0 140.0
23 27 8.0 94.0
20 21 24.0 7.0
21 3 18.0 180.0
30 14 65.0 20.0
61 80 78.0 121.0
67 29 89.0 91.0
58 38 99.0 12.0
77 20 177.0 26.0
46 43 91.0 137.0
55 52 17.0 115.0
69 42 186.0 188.0
47 33 20.0 3.0
25 66 144.0 98.0
8 33 24.0 185.0
70 54 197.0 124.0
12 15 173.0 174.0
32 7 197.0 16.0
12 11 65.0 166.0
67 30 51.0 3.0
8 18 86.0 71.0
54 68 3.0 31.0
13 42 165.0 27.0
2 4 20.0 114.0
1 74 131.0 145.0
81 75 112.0 80.0
20 55 80.0 129.0
84 29 116.0 132.0
8 54 77.0 155.0
9 7 91.0 80.0
13 10 72.0 9.0
35 46 121.0 44.0
33 11 68.0 4.0
85 73 149.0 132.0
32 56 37.0 30.0
84 8 139.0 154.0
53 18 50.0 17.0
31 66 153.0 94.0
10 32 73.0 178.0
77 45 94.0 146.0
55 27 116.0 114.0
6 3 71.0 66.0
59 44 108.0 109.0
43 30 135.0 0.0
1 16 75.0 186.0
77 14 80.0 28.0
45 78 17.0 105.0
28 4 193.0 112.0
22 70 141.0 110.0
66 83 188.0 164.0
31 11 194.0 49.0
32 39 68.0 129.0
24 2 140.0 143.0
76 85 138.0 20.0
6 19 63.0 156.0
5 21 34.0 9.0
56 24 175.0 127.0
19 31 79.0 164.0
42 67 13.0 73.0
18 81 136.0 34.0
57 74 73.0 76.0
71 16 88.0 164.0
56 17 7.0 151.0
11 42 138.0 41.0
65 41 182.0 66.0
27 1 32.0 13.0
46 37 161.0 198.0
31 34 15.0 97.0
20 19 167.0 40.0
34 73 53.0 55.0
2 86 16.0 12.0
1 21 102.0 107.0
84 66 88.0 85.0
53 9 150.0 73.0
38 78 130.0 111.0
16 82 16.0 145.0
3 19 60.0 183.0
12 14 66.0 65.0
58 7 116.0 35.0
50 19 111.0 18.0
76 72 70.0 199.0
73 5 43.0 172.0
82 4 102.0 125.0
85 37 176.0 119.0
3 58 101.0 188.0
30 48 42.0 120.0
8 17 68.0 158.0
58 84 116.0 179.0
69 62 90.0 138.0
7 17 3.0 85.0
20 54 188.0 105.0
21 8 191.0 164.0
53 34 76.0 93.0
81 42 145.0 70.0
81 66 121.0 165.0
18 5 44.0 189.0
6 22 135.0 86.0
7 60 134.0 90.0
4 19 165.0 122.0
41 35 107.0 157.0
68 47 54.0 135.0
1 56 39.0 151.0
19 7 46.0 112.0
80 36 193.0 42.0
8 7 121.0 81.0
24 1 34.0 7.0
20 7 44.0 151.0
9 3 15.0 103.0
59 67 181.0 21.0
27 44 134.0 172.0
16 63 6.0 180.0
3 79 69.0 151.0
3 56 156.0 142.0
55 59 75.0 142.0
29 87 102.0 71.0
13 14 168.0 69.0
72 25 162.0 102.0
60 54 54.0 96.0
22 20 152.0 12.0
11 4 106.0 174.0
85 62 152.0 62.0
26 66 0.0 180.0
26 3 4.0 102.0
86 57 144.0 172.0
81 63 179.0 107.0
22 48 164.0 34.0
68 4 187.0 116.0
6 13 111.0 93.0
68 60 177.0 15.0
38 42 162.0 177.0
36 27 177.0 118.0
83 19 121.0 122.0
73 81 170.0 100.0
41 50 120.0 86.0
54 12 47.0 107.0
17 72 156.0 158.0
44 87 125.0 133.0
33 45 168.0 40.0
71 54 50.0 98.0
72 7 71.0 171.0
87 65 137.0 193.0
27 10 195.0 10.0
13 56 184.0 195.0
32 4 83.0 141.0
82 19 1.0 9.0
55 46 136.0 121.0
4 85 161.0 139.0
83 47 192.0 184.0
24 6 149.0 82.0
5 20 196.0 144.0
39 10 184.0 133.0
14 65 76.0 19.0
75 15 94.0 29.0
60 11 141.0 182.0
87 80 66.0 102.0
32 73 22.0 10.0
78 87 177.0 171.0
70 37 50.0 173.0
46 47 156.0 186.0
16 46 137.0 185.0
61 53 167.0 183.0
63 14 144.0 108.0
86 28 175.0 162.0
13 23 168.0 149.0
23 78 57.0 145.0
27 79 52.0 59.0
31 14 61.0 161.0
26 2 189.0 198.0
27 54 182.0 108.0
22 5 90.0 78.0
53 11 132.0 65.0
9 18 85.0 100.0
57 45 180.0 143.0
28 77 92.0 185.0
83 71 3.0 106.0
5 19 156.0 144.0
87 16 89.0 90.0
5 16 153.0 179.0
28 20 29.0 85.0
86 45 2.0 114.0
81 79 97.0 134.0
61 7 164.0 142.0
77 71 109.0 119.0
8 69 94.0 18.0
84 50 137.0 135.0
68 77 141.0 90.0
1 20 25.0 122.0
4 17 46.0 27.0
71 2 162.0 95.0
9 36 50.0 78.0
4 8 94.0 160.0
20 6 176.0 140.0
50 58 19.0 65.0
39 52 5.0 113.0
71 81 98.0 182.0
73 77 23.0 144.0
78 52 107.0 137.0
6 4 170.0 110.0
1 25 26.0 16.0
75 30 190.0 154.0
28 3 127.0 162.0
39 72 112.0 84.0
65 83 87.0 10.0
72 51 6.0 110.0
10 2 30.0 113.0
8 25 133.0 153.0
12 30 149.0 111.0
51 68 63.0 92.0
55 78 66.0 143.0
2 25 191.0 130.0
25 70 129.0 30.0
33 68 199.0 135.0
76 13 59.0 30.0
37 47 174.0 144.0
68 14 183.0 123.0
21 10 12.0 46.0
56 41 150.0 30.0
70 55 119.0 94.0
37 30 2.0 0.0
11 54 61.0 2.0
66 34 65.0 120.0
80 70 23.0 39.0
83 7 97.0 6.0
72 61 104.0 61.0
14 50 19.0 6.0
17 19 57.0 138.0
49 72 146.0 59.0
38 15 116.0 159.0
48 18 116.0 181.0
79 69 121.0 140.0
67 71 170.0 170.0
44 60 2.0 26.0
14 58 128.0 21.0
76 23 14.0 137.0
7 78 30.0 112.0
8 6 111.0 98.0
26 56 151.0 180.0
29 57 140.0 24.0
40 35 26.0 63.0
8 46 5.0 28.0
16 66 160.0 85.0
1 15 116.0 126.0
6 1 85.0 98.0
15 13 165.0 148.0
10 14 80.0 69.0
68 37 75.0 173.0
72 36 170.0 53.0
81 30 0.0 127.0
87 23 148.0 160.0
6 15 158.0 16.0
6 41 140.0 195.0
29 59 91.0 57.0
70 79 81.0 124.0
21 36 164.0 156.0
71 47 58.0 86.0
68 46 76.0 10.0
60 46 14.0 24.0
52 58 38.0 124.0
11 55 123.0 130.0
26 5 96.0 167.0
75 59 142.0 177.0
10 3 121.0 106.0
3 25 136.0 131.0
18 11 88.0 165.0
52 57 177.0 54.0
27 5 194.0 168.0
51 31 171.0 118.0
35 68 161.0 67.0
31 22 116.0 103.0
22 10 177.0 37.0
47 62 16.0 65.0
1 30 31.0 105.0
5 24 58.0 160.0
64 17 93.0 5.0
48 58 121.0 16.0
7 22 40.0 82.0
8 15 115.0 156.0
16 26 54.0 44.0
15 18 80.0 23.0
70 13 168.0 63.0
72 44 34.0 179.0
53 13 35.0 79.0
22 9 123.0 156.0
44 71 69.0 163.0
11 21 77.0 184.0
8 19 81.0 83.0
58 59 87.0 161.0
71 63 82.0 8.0
12 67 56.0 68.0
71 51 86.0 91.0
21 50 79.0 9.0
23 1 119.0 100.0
3 30 107.0 148.0
51 76 61.0 188.0
39 56 181.0 100.0
23 25 182.0 15.0
20 12 122.0 38.0
16 12 178.0 8.0
32 46 23.0 9.0
52 9 184.0 95.0
82 87 165.0 91.0
67 27 70.0 178.0
23 7 164.0 3.0
38 7 138.0 147.0
20 10 35.0 61.0
34 81 52.0 165.0
32 79 132.0 75.0
23 6 184.0 117.0
10 23 193.0 101.0
5 70 78.0 15.0
19 11 0.0 195.0
18 42 193.0 139.0
6 44 2.0 29.0
37 27 116.0 54.0
10 17 158.0 49.0
23 84 18.0 94.0
62 78 23.0 164.0
60 65 40.0 101.0
77 48 90.0 192.0
81 47 174.0 84.0
6 28 161.0 128.0
16 22 85.0 77.0
38 51 69.0 195.0
47 75 75.0 40.0
17 14 168.0 98.0
24 25 37.0 160.0
65 66 142.0 128.0
18 55 71.0 68.0
7 24 192.0 32.0
84 31 149.0 29.0
73 78 185.0 18.0
57 46 56.0 60.0
1 13 102.0 176.0
17 11 61.0 91.0
6 10 77.0 156.0
74 26 68.0 100.0
24 3 153.0 13.0
75 53 135.0 102.0
43 12 134.0 72.0
57 18 50.0 143.0
31 68 8.0 104.0
9 10 1.0 21.0
39 44 54.0 30.0
13 19 175.0 123.0
9 24 114.0 129.0
68 9 198.0 2.0
12 36 44.0 84.0
46 48 57.0 46.0
29 21 11.0 65.0
31 13 16.0 164.0
56 66 170.0 23.0
22 21 196.0 146.0
36 79 164.0 110.0
79 57 171.0 114.0
29 5 2.0 15.0
1 7 133.0 59.0
15 56 12.0 96.0
13 16 132.0 29.0
66 80 35.0 55.0
14 15 136.0 31.0
61 24 190.0 52.0
26 9 49.0 113.0
24 15 152.0 3.0
9 39 56.0 38.0
5 9 159.0 21.0
17 62 105.0 44.0
46 64 4.0 140.0
46 72 80.0 140.0
9 32 175.0 22.0
11 5 133.0 176.0
20 87 62.0 38.0
33 1 189.0 70.0
7 5 61.0 148.0
60 21 147.0 167.0
84 56 143.0 151.0
41 52 152.0 23.0
76 11 51.0 127.0
16 17 102.0 185.0
8 44 83.0 116.0
22 4 13.0 72.0
11 1 124.0 27.0
21 37 57.0 71.0
20 15 188.0 152.0
14 87 158.0 140.0
2 23 108.0 10.0
31 81 164.0 162.0
29 11 21.0 0.0
25 6 96.0 34.0
60 45 163.0 172.0
8 22 165.0 172.0
50 45 141.0 105.0
32 2 26.0 100.0
7 44 196.0 86.0
37 1 27.0 112.0
11 46 146.0 0.0
11 35 86.0 194.0
72 45 7.0 1.0
45 49 134.0 172.0
86 26 54.0 75.0
10 30 45.0 33.0
6 26 198.0 193.0
3 17 48.0 25.0
38 11 59.0 194.0
25 10 12.0 98.0
44 77 119.0 171.0
31 77 179.0 53.0
20 9 2.0 33.0
73 37 197.0 199.0
57 44 106.0 196.0
36 54 21.0 155.0
65 38 115.0 33.0
29 40 150.0 79.0
21 81 111.0 69.0
70 38 24.0 90.0
31 4 115.0 26.0
74 19 32.0 112.0
54 4 22.0 139.0
58 10 137.0 195.0
14 21 190.0 4.0
7 25 150.0 140.0
19 10 136.0 61.0
42 82 95.0 160.0
32 12 26.0 162.0
9 15 40.0 59.0
12 60 73.0 62.0
61 38 95.0 162.0
34 24 5.0 37.0
75 44 39.0 107.0
18 12 184.0 127.0
29 2 109.0 32.0
62 1 47.0 135.0
1 14 109.0 39.0
25 9 196.0 134.0
64 65 53.0 44.0
80 33 17.0 10.0
68 73 159.0 8.0
87 48 16.0 96.0
19 26 57.0 125.0
26 71 144.0 56.0
69 27 111.0 5.0
60 24 12.0 60.0
8 3 4.0 17.0
15 11 5.0 173.0
75 49 89.0 116.0
9 43 146.0 57.0
68 87 63.0 155.0
62 72 9.0 159.0
11 71 113.0 121.0
7 29 196.0 78.0
26 39 126.0 152.0
20 13 125.0 83.0
6 87 30.0 166.0
42 46 105.0 128.0
37 36 56.0 120.0
5 25 164.0 65.0
28 7 2.0 29.0
35 69 108.0 150.0
13 25 182.0 35.0
61 76 189.0 60.0
67 46 83.0 171.0
84 79 159.0 140.0
27 40 136.0 15.0
76 66 86.0 52.0
72 14 91.0 40.0
83 74 96.0 151.0
3 82 177.0 30.0
63 5 127.0 118.0
43 73 71.0 162.0
64 82 126.0 182.0
26 12 5.0 14.0
77 50 2.0 43.0
63 62 88.0 45.0
16 18 24.0 136.0
34 77 192.0 153.0
81 4 78.0 72.0
76 2 56.0 149.0
76 42 155.0 134.0
10 24 113.0 161.0
86 40 65.0 67.0
14 19 19.0 106.0
23 48 197.0 44.0
12 23 171.0 142.0
1 31 87.0 49.0
16 9 145.0 95.0
54 24 165.0 101.0
68 18 47.0 30.0
19 16 163.0 113.0
18 10 176.0 182.0
70 3 175.0 126.0
67 32 101.0 146.0
35 59 90.0 141.0
71 8 181.0 188.0
32 6 99.0 98.0
15 74 177.0 147.0
13 77 92.0 140.0
12 50 196.0 69.0
52 11 181.0 123.0
42 14 105.0 83.0
73 74 67.0 147.0
81 10 182.0 1.0
7 36 31.0 34.0
23 66 6.0 161.0
4 29 128.0 50.0
67 74 134.0 76.0
84 48 185.0 115.0
61 35 142.0 90.0
14 11 91.0 162.0
14 83 54.0 25.0
31 27 42.0 37.0
17 5 89.0 48.0
31 23 132.0 17.0
9 80 189.0 66.0
1 35 19.0 174.0
26 4 163.0 162.0
25 33 84.0 54.0
20 43 101.0 138.0
62 75 35.0 144.0
79 78 178.0 77.0
23 9 118.0 63.0
34 40 138.0 59.0
15 16 148.0 158.0
4 25 113.0 111.0
25 12 187.0 198.0
54 57 191.0 88.0
16 21 143.0 179.0
30 6 28.0 73.0
15 22 195.0 98.0
8 27 81.0 133.0
16 10 97.0 29.0
14 46 111.0 11.0
49 37 158.0 98.0
85 55 18.0 101.0
43 33 108.0 113.0
44 85 143.0 137.0
5 32 45.0 90.0
56 48 40.0 126.0
62 44 134.0 137.0
30 8 10.0 46.0
72 66 15.0 168.0
30 7 63.0 185.0
14 52 94.0 171.0
49 70 15.0 37.0
34 3 193.0 12.0
7 21 74.0 33.0
12 22 47.0 8.0
37 52 188.0 57.0
31 33 42.0 3.0
23 3 5.0 105.0
18 17 179.0 99.0
82 46 137.0 146.0
8 57 23.0 82.0
73 35 97.0 97.0
28 45 165.0 144.0
31 5 167.0 153.0
18 79 82.0 162.0
31 6 40.0 87.0
11 23 138.0 171.0
28 12 44.0 27.0
24 4 78.0 68.0
29 76 167.0 175.0
33 48 88.0 132.0
25 21 109.0 7.0
12 38 148.0 192.0
39 34 37.0 188.0
35 2 94.0 127.0
61 4 57.0 91.0
85 61 194.0 88.0
13 24 52.0 114.0
6 17 65.0 92.0
30 59 135.0 127.0
15 17 114.0 84.0
73 61 121.0 151.0
58 37 165.0 167.0
27 6 155.0 174.0
62 19 198.0 149.0
5 33 117.0 2.0
25 15 98.0 135.0
47 56 22.0 34.0
8 45 35.0 136.0
18 66 30.0 108.0
15 80 9.0 195.0
25 14 160.0 164.0
9 28 62.0 158.0
72 48 191.0 132.0
36 69 159.0 41.0
37 33 14.0 182.0
36 3 144.0 1.0
10 26 133.0 174.0
60 84 128.0 94.0
26 33 28.0 88.0
65 59 5.0 43.0
19 77 172.0 148.0
50 82 75.0 132.0
20 75 18.0 89.0
13 37 199.0 162.0
9 74 194.0 84.0
62 57 55.0 123.0
81 22 113.0 35.0
81 57 72.0 118.0
38 68 151.0 45.0
63 3 129.0 26.0
77 7 131.0 147.0
44 66 14.0 130.0
52 4 10.0 9.0
60 42 135.0 17.0
55 80 105.0 1.0
50 18 192.0 178.0
86 14 50.0 144.0
16 20 195.0 179.0
67 17 52.0 78.0
82 63 91.0 18.0
66 74 26.0 53.0
20 71 159.0 161.0
56 2 110.0 64.0
20 78 76.0 102.0
10 31 121.0 78.0
52 13 111.0 68.0
14 23 28.0 163.0
27 86 188.0 71.0
73 13 176.0 14.0
3 35 22.0 135.0
22 19 28.0 84.0
9 45 116.0 56.0
28 24 106.0 189.0
10 29 30.0 17.0
41 34 17.0 10.0
33 13 179.0 5.0
17 9 106.0 107.0
2 28 92.0 81.0
37 3 93.0 120.0
31 35 90.0 161.0
33 4 157.0 196.0
8 40 118.0 140.0
73 84 116.0 135.0
1 81 95.0 47.0
2 33 113.0 154.0
11 26 145.0 6.0
29 47 57.0 190.0
82 1 173.0 147.0
11 72 64.0 131.0
16 47 160.0 182.0
19 21 110.0 76.0
60 22 24.0 5.0
34 6 181.0 89.0
82 47 99.0 78.0
86 12 85.0 108.0
29 1 27.0 58.0
81 45 12.0 43.0
4 79 138.0 124.0
58 5 159.0 0.0
26 14 59.0 135.0
40 1 15.0 192.0
9 14 198.0 66.0
22 50 15.0 83.0
59 13 84.0 195.0
49 69 48.0 48.0
61 48 166.0 138.0
52 53 105.0 78.0
58 23 116.0 164.0
74 32 63.0 84.0
41 31 174.0 61.0
73 86 10.0 142.0
3 46 122.0 46.0
19 38 47.0 170.0
33 10 143.0 166.0
39 35 46.0 48.0
57 76 0.0 114.0
11 16 157.0 63.0
20 17 82.0 131.0
28 26 12.0 44.0
63 37 42.0 135.0
6 36 52.0 41.0
29 13 164.0 195.0
10 41 117.0 162.0
29 52 33.0 117.0
44 47 80.0 190.0
76 32 134.0 162.0
50 32 61.0 146.0
60 31 35.0 55.0
24 68 57.0 39.0
43 39 116.0 173.0
79 47 141.0 33.0
11 22 144.0 126.0
60 74 146.0 25.0
10 5 40.0 80.0
28 15 148.0 102.0
35 7 103.0 136.0
66 59 167.0 160.0
28 1 95.0 35.0
57 73 91.0 36.0
7 74 156.0 35.0
52 34 172.0 54.0
39 82 50.0 12.0
27 3 78.0 151.0
20 8 86.0 182.0
66 8 176.0 5.0
10 60 106.0 72.0
45 67 30.0 149.0
54 46 5.0 138.0
71 31 101.0 177.0
31 3 146.0 104.0
21 42 88.0 176.0
49 78 108.0 175.0
78 24 137.0 37.0
5 37 81.0 196.0
32 86 144.0 112.0
5 36 32.0 102.0
15 54 27.0 85.0
38 2 86.0 125.0
7 31 194.0 174.0
74 40 17.0 103.0
36 4 103.0 155.0
65 26 122.0 184.0
24 64 83.0 19.0
57 61 198.0 115.0
6 29 78.0 178.0
33 6 194.0 164.0
41 78 170.0 189.0
8 29 122.0 139.0
5 35 89.0 177.0
18 24 150.0 163.0
5 34 165.0 33.0
26 31 160.0 115.0
38 36 98.0 38.0
73 10 58.0 93.0
87 30 36.0 180.0
40 33 166.0 110.0
83 53 68.0 7.0
83 52 163.0 18.0
18 28 112.0 128.0
58 77 107.0 72.0
26 21 190.0 158.0
22 86 165.0 48.0
20 57 67.0 1.0
25 18 19.0 185.0
25 16 152.0 87.0
41 16 123.0 115.0
37 4 67.0 36.0
23 19 32.0 175.0
23 20 43.0 22.0
38 4 125.0 8.0
28 55 104.0 192.0
14 38 25.0 124.0
35 37 139.0 130.0
1 42 185.0 63.0
46 27 136.0 53.0
7 64 186.0 120.0
10 79 153.0 182.0
58 34 120.0 78.0
1 80 178.0 176.0
12 24 176.0 156.0
41 22 189.0 115.0
12 72 180.0 126.0
23 16 45.0 116.0
16 58 128.0 183.0
49 7 199.0 33.0
41 36 60.0 71.0
29 9 36.0 191.0
32 37 116.0 12.0
50 52 172.0 57.0
28 33 96.0 153.0
35 9 130.0 141.0
20 40 92.0 11.0
47 66 198.0 91.0
21 12 41.0 10.0
21 46 110.0 30.0
28 17 189.0 178.0
24 19 189.0 162.0
2 34 37.0 85.0
80 41 146.0 120.0
80 4 144.0 39.0
69 71 83.0 142.0
72 30 159.0 77.0
67 1 111.0 21.0
75 67 80.0 100.0
43 11 156.0 69.0
34 7 66.0 146.0
47 23 138.0 164.0
36 1 124.0 83.0
85 75 35.0 8.0
17 87 141.0 146.0
79 25 197.0 4.0
83 43 104.0 77.0
46 2 0.0 12.0
14 22 40.0 18.0
51 32 173.0 179.0
45 51 128.0 98.0
30 53 74.0 115.0
39 5 87.0 167.0
8 37 98.0 36.0
13 21 50.0 2.0
23 8 169.0 51.0
45 37 102.0 161.0
60 37 95.0 75.0
6 38 146.0 175.0
4 42 174.0 172.0
25 86 133.0 13.0
66 78 145.0 183.0
79 35 80.0 196.0
10 34 30.0 1.0
13 44 25.0 132.0
72 68 162.0 120.0
27 13 117.0 108.0
54 41 43.0 43.0
31 39 41.0 128.0
17 21 127.0 186.0
44 21 106.0 159.0
84 80 50.0 137.0
19 18 83.0 75.0
65 52 19.0 45.0
40 4 85.0 136.0
80 71 164.0 128.0
11 24 151.0 5.0
41 3 169.0 78.0
20 50 156.0 75.0
34 46 179.0 158.0
44 83 71.0 62.0
39 28 30.0 42.0
59 27 55.0 115.0
11 34 50.0 19.0
30 73 171.0 154.0
72 31 143.0 140.0
72 37 173.0 51.0
75 21 174.0 104.0
16 31 78.0 45.0
50 44 192.0 109.0
27 19 80.0 47.0
28 35 23.0 83.0
31 12 13.0 194.0
9 73 44.0 156.0
26 17 90.0 169.0
7 65 164.0 64.0
8 58 20.0 42.0
23 17 72.0 12.0
27 38 52.0 152.0
72 60 75.0 75.0
3 42 46.0 88.0
68 44 66.0 42.0
11 30 174.0 156.0
14 7 78.0 138.0
53 7 87.0 50.0
14 28 68.0 111.0
77 11 106.0 72.0
70 14 180.0 181.0
1 10 182.0 26.0
41 19 22.0 48.0
60 35 69.0 196.0
29 22 115.0 99.0
28 51 6.0 155.0
82 10 192.0 26.0
39 2 38.0 50.0
34 51 119.0 18.0
56 81 21.0 101.0
15 27 199.0 43.0
80 58 36.0 20.0
79 23 96.0 152.0
65 58 139.0 54.0
35 8 160.0 83.0
23 45 129.0 150.0
8 79 120.0 1.0
64 1 132.0 141.0
2 42 111.0 83.0
17 80 158.0 100.0
15 57 150.0 54.0
27 81 140.0 41.0
84 67 73.0 52.0
40 3 173.0 154.0
30 15 38.0 45.0
29 17 14.0 122.0
19 25 156.0 78.0
17 84 38.0 114.0
39 6 149.0 140.0
32 47 74.0 89.0
13 30 114.0 99.0
3 29 67.0 39.0
64 60 171.0 57.0
7 33 98.0 137.0
36 66 48.0 54.0
62 18 183.0 38.0
48 63 20.0 132.0
22 62 16.0 94.0
23 35 12.0 82.0
21 24 160.0 31.0
18 74 27.0 83.0
77 75 7.0 125.0
54 81 85.0 7.0
22 17 91.0 21.0
5 40 134.0 112.0
14 45 195.0 102.0
12 34 55.0 160.0
43 5 110.0 167.0
3 44 5.0 89.0
72 58 10.0 12.0
41 4 150.0 48.0
3 39 39.0 41.0
21 23 102.0 125.0
78 33 72.0 49.0
63 17 68.0 127.0
15 32 89.0 130.0
43 86 166.0 95.0
56 73 85.0 177.0
15 23 95.0 35.0
3 48 20.0 87.0
80 30 102.0 74.0
55 49 155.0 174.0
57 39 190.0 24.0
14 32 43.0 80.0
1 39 161.0 162.0
1 3 113.0 47.0
8 28 114.0 161.0
64 42 150.0 134.0
1 44 4.0 4.0
56 67 170.0 160.0
23 18 132.0 113.0
11 36 17.0 127.0
16 78 106.0 130.0
17 31 48.0 172.0
2 44 179.0 162.0
47 3 145.0 81.0
10 35 95.0 102.0
37 10 153.0 17.0
40 6 192.0 37.0
48 74 99.0 161.0
56 6 139.0 6.0
26 23 137.0 187.0
14 35 196.0 69.0
38 9 113.0 93.0
18 26 109.0 8.0
15 26 63.0 63.0
5 44 87.0 56.0
22 24 24.0 139.0
54 74 83.0 163.0
57 27 138.0 172.0
32 3 107.0 86.0
30 47 84.0 20.0
13 32 192.0 194.0
21 27 170.0 56.0
13 28 127.0 57.0
45 3 143.0 103.0
34 15 168.0 178.0
56 68 77.0 58.0
39 8 40.0 136.0
51 1 59.0 124.0
15 55 199.0 51.0
6 35 189.0 169.0
43 2 157.0 68.0
32 75 21.0 100.0
17 51 109.0 141.0
34 8 28.0 138.0
87 70 76.0 68.0
70 29 25.0 135.0
1 46 95.0 177.0
22 53 122.0 36.0
27 20 5.0 79.0
4 55 64.0 178.0
38 3 45.0 125.0
29 14 72.0 26.0
4 77 75.0 148.0
22 18 7.0 52.0
14 27 173.0 54.0
48 52 5.0 47.0
68 5 173.0 162.0
37 12 170.0 189.0
58 69 187.0 168.0
7 39 21.0 59.0
41 40 32.0 48.0
58 36 171.0 191.0
30 63 10.0 96.0
30 17 137.0 168.0
54 18 80.0 110.0
54 39 91.0 2.0
12 81 48.0 30.0
53 63 109.0 69.0
14 34 150.0 141.0
31 8 5.0 73.0
34 13 168.0 168.0
40 7 136.0 105.0
30 28 49.0 168.0
58 1 135.0 92.0
82 6 113.0 183.0
68 71 119.0 174.0
49 77 150.0 69.0
7 41 128.0 155.0
9 33 129.0 48.0
53 12 86.0 17.0
9 40 42.0 87.0
37 14 8.0 130.0
32 18 20.0 74.0
13 26 97.0 91.0
6 77 115.0 199.0
83 39 21.0 44.0
63 67 146.0 102.0
71 7 126.0 184.0
64 77 172.0 121.0
70 60 58.0 180.0
84 57 139.0 30.0
45 6 19.0 188.0
24 26 39.0 134.0
9 86 77.0 13.0
58 68 29.0 175.0
67 11 195.0 107.0
1 52 138.0 167.0
16 44 148.0 149.0
38 10 9.0 87.0
26 44 86.0 180.0
36 8 110.0 126.0
2 37 76.0 140.0
41 2 193.0 105.0
12 58 114.0 141.0
33 3 25.0 4.0
16 32 67.0 125.0
76 34 34.0 28.0
77 84 159.0 72.0
40 10 25.0 21.0
23 24 48.0 54.0
31 63 8.0 41.0
25 59 70.0 122.0
63 38 155.0 47.0
58 6 165.0 174.0
39 11 127.0 151.0
20 24 40.0 86.0
36 13 15.0 17.0
77 57 50.0 63.0
33 19 11.0 58.0
77 18 138.0 81.0
30 21 43.0 46.0
64 35 188.0 8.0
45 2 187.0 68.0
16 65 108.0 179.0
45 4 36.0 124.0
22 25 107.0 38.0
54 79 140.0 119.0
1 34 192.0 30.0
67 49 85.0 35.0
84 16 72.0 74.0
22 13 41.0 60.0
5 45 63.0 149.0
65 18 113.0 51.0
54 30 65.0 20.0
43 4 72.0 157.0
43 7 77.0 16.0
37 11 113.0 162.0
54 6 58.0 186.0
17 25 131.0 99.0
28 34 130.0 194.0
18 33 95.0 43.0
78 75 129.0 112.0
42 9 47.0 1.0
35 85 74.0 76.0
4 47 125.0 188.0
75 58 109.0 183.0
66 32 161.0 40.0
57 16 164.0 91.0
10 42 174.0 11.0
43 35 105.0 103.0
34 17 4.0 104.0
9 41 199.0 30.0
67 16 197.0 76.0
65 54 116.0 59.0
10 43 31.0 30.0
3 43 173.0 196.0
3 64 110.0 99.0
26 25 181.0 15.0
71 70 84.0 137.0
20 32 21.0 35.0
48 5 83.0 171.0
37 40 15.0 151.0
22 26 71.0 198.0
43 26 167.0 197.0
37 9 93.0 29.0
40 12 109.0 75.0
48 62 118.0 145.0
15 31 23.0 91.0
36 15 13.0 106.0
15 64 78.0 180.0
72 28 198.0 149.0
45 52 183.0 117.0
79 48 46.0 29.0
26 41 113.0 107.0
15 45 105.0 183.0
3 50 77.0 80.0
46 78 133.0 90.0
46 58 138.0 11.0
77 61 31.0 136.0
18 30 158.0 167.0
38 13 101.0 4.0
61 14 24.0 166.0
58 60 150.0 81.0
35 72 65.0 27.0
2 48 95.0 198.0
64 52 199.0 33.0
11 41 38.0 30.0
33 21 135.0 197.0
83 63 197.0 188.0
68 86 182.0 174.0
50 23 32.0 133.0
50 1 116.0 97.0
66 33 179.0 163.0
84 4 37.0 178.0
77 85 102.0 75.0
60 14 8.0 189.0
30 23 43.0 157.0
32 35 141.0 26.0
58 35 4.0 174.0
86 58 110.0 72.0
9 13 33.0 89.0
30 16 8.0 70.0
23 28 43.0 62.0
7 46 148.0 51.0
48 1 19.0 192.0
60 50 79.0 160.0
84 87 8.0 83.0
39 14 133.0 118.0
34 19 129.0 167.0
79 45 113.0 89.0
5 72 58.0 108.0
38 16 137.0 6.0
35 18 13.0 156.0
40 75 1.0 45.0
18 34 65.0 10.0
47 65 180.0 199.0
31 43 20.0 61.0
79 60 43.0 85.0
45 66 57.0 101.0
59 41 27.0 147.0
32 70 178.0 192.0
49 63 128.0 132.0
74 10 154.0 145.0
66 55 63.0 87.0
2 51 18.0 35.0
16 34 105.0 13.0
23 22 21.0 162.0
21 32 135.0 0.0
25 29 89.0 114.0
53 45 100.0 169.0
50 4 162.0 6.0
22 82 74.0 177.0
38 48 45.0 44.0
81 61 1.0 150.0
6 48 48.0 22.0
9 19 43.0 184.0
81 62 148.0 84.0
16 37 188.0 48.0
51 60 180.0 150.0
46 9 94.0 54.0
56 79 179.0 91.0
52 56 30.0 180.0
6 47 136.0 31.0
25 27 94.0 131.0
39 18 65.0 43.0
30 19 38.0 53.0
73 87 151.0 19.0
43 6 128.0 197.0
16 59 31.0 59.0
19 36 92.0 62.0
20 33 73.0 28.0
13 39 77.0 168.0
55 41 196.0 142.0
62 35 57.0 187.0
34 69 138.0 8.0
11 9 107.0 18.0
60 9 81.0 139.0
44 69 167.0 173.0
11 40 58.0 192.0
36 18 40.0 135.0
34 21 82.0 37.0
81 46 78.0 139.0
49 5 117.0 168.0
63 69 55.0 25.0
47 8 190.0 136.0
20 25 67.0 157.0
8 42 177.0 77.0
41 5 138.0 17.0
14 40 121.0 172.0
44 11 116.0 199.0
78 27 170.0 34.0
87 58 28.0 25.0
2 54 148.0 18.0
78 12 38.0 167.0
6 49 44.0 15.0
3 54 1.0 134.0
78 8 174.0 122.0
41 13 131.0 42.0
10 46 4.0 54.0
13 40 166.0 32.0
14 48 120.0 114.0
59 40 161.0 158.0
36 17 85.0 5.0
81 33 102.0 38.0
32 68 168.0 28.0
28 21 83.0 51.0
77 24 187.0 88.0
51 37 34.0 153.0
84 78 6.0 154.0
22 72 131.0 119.0
31 18 53.0 16.0
32 72 167.0 156.0
7 47 105.0 135.0
42 5 155.0 141.0
17 38 181.0 94.0
16 77 129.0 15.0
34 20 73.0 87.0
52 3 80.0 4.0
16 40 5.0 134.0
24 69 147.0 124.0
84 37 34.0 4.0
48 7 195.0 141.0
45 7 180.0 177.0
26 29 6.0 61.0
57 5 156.0 31.0
13 43 95.0 36.0
39 17 187.0 52.0
41 17 191.0 134.0
29 32 92.0 25.0
40 18 162.0 87.0
42 12 91.0 94.0
20 79 131.0 49.0
31 25 67.0 87.0
5 50 75.0 163.0
42 86 10.0 14.0
70 30 37.0 1.0
61 65 26.0 129.0
57 72 153.0 141.0
3 53 146.0 197.0
48 9 199.0 77.0
55 23 194.0 66.0
50 86 190.0 69.0
77 15 197.0 0.0
49 3 126.0 187.0
69 21 181.0 152.0
84 18 71.0 134.0
43 8 24.0 169.0
61 63 57.0 23.0
49 8 107.0 51.0
35 15 76.0 97.0
19 42 44.0 25.0
46 30 136.0 170.0
43 49 166.0 117.0
67 61 153.0 189.0
75 4 17.0 177.0
66 41 121.0 74.0
47 9 120.0 181.0
46 5 59.0 196.0
54 5 84.0 103.0
14 69 67.0 173.0
17 32 124.0 186.0
34 23 134.0 77.0
22 34 92.0 151.0
85 54 103.0 166.0
46 12 55.0 24.0
19 40 10.0 66.0
65 78 133.0 94.0
51 24 199.0 0.0
33 22 108.0 75.0
83 38 48.0 194.0
15 42 20.0 141.0
32 19 132.0 124.0
84 9 135.0 139.0
33 24 19.0 145.0
36 14 75.0 152.0
50 8 73.0 26.0
27 17 5.0 134.0
51 4 117.0 53.0
18 37 54.0 89.0
36 16 59.0 186.0
22 55 90.0 195.0
67 38 10.0 61.0
20 39 96.0 85.0
51 63 112.0 121.0
55 68 124.0 69.0
5 86 162.0 193.0
78 68 123.0 169.0
29 30 66.0 134.0
28 22 116.0 156.0
7 51 10.0 126.0
43 79 155.0 58.0
53 4 194.0 20.0
20 30 171.0 118.0
37 20 34.0 86.0
57 83 195.0 109.0
35 20 195.0 61.0
17 40 3.0 63.0
2 55 176.0 13.0
57 42 86.0 84.0
70 6 39.0 80.0
4 46 158.0 163.0
87 66 113.0 192.0
61 82 18.0 61.0
1 59 173.0 166.0
27 53 86.0 176.0
53 1 181.0 63.0
48 57 18.0 67.0
62 87 196.0 9.0
29 24 16.0 154.0
1 72 77.0 82.0
58 44 48.0 96.0
7 86 13.0 21.0
43 84 167.0 100.0
22 35 106.0 100.0
37 31 113.0 76.0
2 50 69.0 61.0
18 61 183.0 38.0
37 67 18.0 61.0
31 24 32.0 66.0
10 53 166.0 46.0
49 24 33.0 85.0
4 63 123.0 91.0
85 67 173.0 188.0
62 23 15.0 43.0
75 84 84.0 198.0
63 55 16.0 54.0
74 2 195.0 48.0
44 15 53.0 114.0
70 45 53.0 86.0
38 18 195.0 128.0
32 25 102.0 169.0
81 7 183.0 69.0
8 52 198.0 19.0
44 10 104.0 14.0
32 24 9.0 99.0
86 11 5.0 62.0
56 83 54.0 11.0
34 25 176.0 50.0
23 32 174.0 30.0
14 73 180.0 109.0
58 2 151.0 178.0
18 43 52.0 55.0
53 2 123.0 61.0
56 4 37.0 129.0
48 12 54.0 44.0
73 18 39.0 182.0
23 37 104.0 165.0
38 23 32.0 84.0
33 23 110.0 136.0
81 83 172.0 162.0
83 61 123.0 96.0
9 49 26.0 112.0
35 21 52.0 32.0
57 2 123.0 92.0
36 20 91.0 27.0
76 33 40.0 75.0
29 58 91.0 151.0
46 77 5.0 64.0
43 57 43.0 128.0
61 16 158.0 21.0
29 42 56.0 10.0
36 24 198.0 179.0
28 87 196.0 89.0
24 46 52.0 37.0
47 1 83.0 143.0
39 23 150.0 40.0
53 38 8.0 146.0
14 44 15.0 118.0
47 13 40.0 71.0
49 32 47.0 38.0
27 26 184.0 196.0
28 31 124.0 36.0
29 31 34.0 159.0
57 9 163.0 137.0
25 36 186.0 123.0
14 43 23.0 2.0
21 39 58.0 16.0
40 57 86.0 58.0
64 73 34.0 71.0
10 36 68.0 110.0
8 53 187.0 54.0
67 5 93.0 102.0
49 10 77.0 79.0
8 87 46.0 100.0
17 44 135.0 57.0
51 5 161.0 174.0
16 45 64.0 195.0
25 42 152.0 132.0
21 85 98.0 139.0
30 26 4.0 191.0
84 21 190.0 33.0
32 27 115.0 188.0
11 49 77.0 3.0
17 82 185.0 190.0
13 46 30.0 49.0
17 45 120.0 182.0
58 25 154.0 19.0
47 12 37.0 110.0
16 39 194.0 27.0
14 47 32.0 61.0
27 35 77.0 110.0
29 27 167.0 63.0
53 64 32.0 198.0
37 86 22.0 105.0
55 5 24.0 176.0
46 87 176.0 61.0
24 37 12.0 122.0
76 48 173.0 45.0
75 31 145.0 50.0
28 29 197.0 113.0
54 7 128.0 182.0
5 77 105.0 102.0
57 4 105.0 82.0
2 60 51.0 33.0
53 28 96.0 15.0
63 1 147.0 21.0
31 30 79.0 92.0
66 7 67.0 28.0
26 35 120.0 147.0
20 41 116.0 177.0
50 11 51.0 174.0
20 31 195.0 54.0
7 55 110.0 91.0
60 30 2.0 57.0
10 48 24.0 81.0
46 63 31.0 91.0
46 38 25.0 103.0
62 9 22.0 94.0
19 67 199.0 26.0
69 18 142.0 194.0
22 39 33.0 4.0
30 22 37.0 35.0
54 51 174.0 13.0
26 36 1.0 5.0
27 41 87.0 27.0
51 12 34.0 61.0
10 52 168.0 186.0
81 67 70.0 63.0
50 13 23.0 103.0
48 16 44.0 12.0
23 36 136.0 18.0
42 7 178.0 89.0
33 55 178.0 17.0
26 58 82.0 165.0
57 3 190.0 51.0
87 9 109.0 61.0
37 26 14.0 133.0
9 51 13.0 10.0
54 9 6.0 149.0
4 39 144.0 137.0
40 25 49.0 123.0
39 50 160.0 83.0
70 56 130.0 150.0
64 69 86.0 40.0
41 14 183.0 52.0
17 46 146.0 196.0
53 87 55.0 104.0
59 2 100.0 0.0
57 7 141.0 149.0
67 25 58.0 53.0
80 67 72.0 188.0
48 32 47.0 110.0
44 19 176.0 30.0
57 1 77.0 74.0
8 38 70.0 84.0
27 34 128.0 170.0
44 18 74.0 21.0
11 51 128.0 132.0
5 52 150.0 152.0
30 49 7.0 198.0
18 78 58.0 135.0
80 14 140.0 87.0
43 19 167.0 10.0
63 73 168.0 47.0
84 1 14.0 194.0
15 47 127.0 142.0
58 4 5.0 29.0
39 25 86.0 164.0
12 44 71.0 97.0
37 22 56.0 12.0
49 13 117.0 23.0
83 35 64.0 37.0
49 16 188.0 30.0
59 5 62.0 67.0
17 47 177.0 20.0
64 84 36.0 16.0
27 16 152.0 107.0
16 85 110.0 8.0
15 46 57.0 179.0
72 78 99.0 74.0
37 29 110.0 39.0
30 32 97.0 124.0
40 38 182.0 27.0
62 2 21.0 18.0
10 55 61.0 173.0
6 57 99.0 171.0
38 55 125.0 157.0
60 5 166.0 176.0
18 45 117.0 28.0
35 24 179.0 14.0
8 56 130.0 162.0
81 55 48.0 103.0
59 6 64.0 110.0
41 21 32.0 163.0
55 9 102.0 109.0
69 30 95.0 20.0
24 40 29.0 12.0
37 28 50.0 161.0
82 71 160.0 132.0
30 76 170.0 161.0
55 8 130.0 34.0
34 29 40.0 162.0
28 52 77.0 143.0
46 19 114.0 172.0
49 17 117.0 143.0
14 76 87.0 119.0
3 59 187.0 199.0
51 14 157.0 109.0
24 41 88.0 87.0
65 2 114.0 128.0
10 50 183.0 144.0
33 57 7.0 97.0
47 19 120.0 76.0
42 23 29.0 7.0
32 31 92.0 16.0
65 1 102.0 49.0
32 28 112.0 190.0
38 39 165.0 27.0
19 48 185.0 148.0
44 31 196.0 144.0
5 47 136.0 116.0
27 75 69.0 165.0
29 36 105.0 161.0
32 33 30.0 7.0
52 20 143.0 95.0
50 38 115.0 108.0
25 56 188.0 53.0
86 18 93.0 185.0
24 79 137.0 182.0
24 42 67.0 7.0
54 10 195.0 172.0
38 22 87.0 26.0
2 64 102.0 30.0
22 78 96.0 18.0
41 25 105.0 84.0
10 57 94.0 199.0
34 30 108.0 184.0
52 26 65.0 175.0
2 63 147.0 61.0
8 59 112.0 186.0
66 2 11.0 14.0
46 84 110.0 107.0
30 35 84.0 16.0
32 34 192.0 178.0
6 60 132.0 52.0
41 68 169.0 198.0
82 84 60.0 68.0
61 5 66.0 172.0
39 29 35.0 29.0
64 4 35.0 145.0
22 40 196.0 119.0
13 72 180.0 140.0
68 1 117.0 65.0
45 20 1.0 38.0
5 56 180.0 62.0
19 56 40.0 46.0
38 64 153.0 75.0
9 58 194.0 188.0
23 81 119.0 191.0
57 38 120.0 51.0
23 41 47.0 38.0
33 34 109.0 49.0
65 3 104.0 89.0
36 22 127.0 144.0
54 14 125.0 80.0
26 46 31.0 120.0
31 78 187.0 150.0
20 38 22.0 108.0
61 6 2.0 22.0
54 72 117.0 63.0
30 65 183.0 21.0
71 22 155.0 110.0
48 34 83.0 80.0
22 47 41.0 66.0
65 76 114.0 29.0
15 53 41.0 88.0
80 3 169.0 43.0
66 35 19.0 87.0
40 21 4.0 155.0
38 33 116.0 159.0
59 70 122.0 151.0
26 42 64.0 164.0
43 25 6.0 130.0
18 47 77.0 47.0
43 70 14.0 46.0
9 85 114.0 34.0
56 10 172.0 118.0
71 6 166.0 89.0
69 1 118.0 89.0
46 44 45.0 134.0
35 25 136.0 3.0
16 51 116.0 165.0
22 68 148.0 130.0
66 9 91.0 14.0
46 20 112.0 63.0
19 53 88.0 30.0
33 35 107.0 159.0
56 7 26.0 153.0
52 16 145.0 114.0
25 78 5.0 61.0
59 31 188.0 153.0
28 36 13.0 31.0
43 22 118.0 77.0
42 28 48.0 159.0
51 18 56.0 155.0
74 70 73.0 34.0
56 27 128.0 170.0
9 76 23.0 134.0
43 17 35.0 163.0
22 83 163.0 0.0
62 4 144.0 33.0
35 29 69.0 144.0
86 29 26.0 125.0
4 60 81.0 51.0
41 28 193.0 9.0
14 56 132.0 17.0
14 55 94.0 167.0
37 53 120.0 9.0
49 20 88.0 64.0
25 44 1.0 157.0
85 27 123.0 179.0
86 84 160.0 4.0
63 6 10.0 105.0
24 44 92.0 143.0
8 61 86.0 138.0
86 64 180.0 6.0
64 5 33.0 68.0
7 63 41.0 34.0
15 41 64.0 165.0
8 32 2.0 176.0
79 41 93.0 12.0
69 17 115.0 137.0
24 43 48.0 1.0
66 12 69.0 29.0
20 69 163.0 54.0
13 57 96.0 156.0
85 17 52.0 160.0
39 24 130.0 54.0
22 44 78.0 23.0
66 1 192.0 145.0
26 40 68.0 40.0
57 12 86.0 90.0
25 48 2.0 1.0
17 53 40.0 99.0
30 38 26.0 44.0
62 7 174.0 156.0
46 23 43.0 4.0
81 77 138.0 187.0
62 6 152.0 6.0
36 32 24.0 38.0
55 6 178.0 26.0
7 59 179.0 171.0
67 3 93.0 157.0
86 35 87.0 67.0
19 35 91.0 82.0
85 69 67.0 181.0
62 3 49.0 19.0
12 59 181.0 73.0
3 71 100.0 159.0
31 38 122.0 32.0
51 20 68.0 167.0
54 44 149.0 155.0
42 27 29.0 192.0
81 36 58.0 48.0
43 45 101.0 108.0
52 15 180.0 34.0
71 41 171.0 81.0
62 5 78.0 45.0
52 19 158.0 146.0
16 56 9.0 59.0
51 19 52.0 190.0
2 67 42.0 110.0
68 8 87.0 95.0
19 45 193.0 67.0
25 46 55.0 116.0
66 51 20.0 133.0
35 34 126.0 178.0
12 70 126.0 87.0
71 86 171.0 178.0
51 13 127.0 165.0
10 67 67.0 166.0
86 30 121.0 12.0
78 59 52.0 176.0
70 1 170.0 72.0
28 82 24.0 48.0
16 55 33.0 102.0
34 36 35.0 156.0
54 17 84.0 114.0
26 51 133.0 103.0
17 55 153.0 54.0
29 38 39.0 157.0
51 8 137.0 161.0
2 49 175.0 161.0
52 63 64.0 8.0
62 8 169.0 51.0
11 80 76.0 53.0
43 50 113.0 9.0
46 22 20.0 19.0
54 40 195.0 12.0
11 58 141.0 132.0
59 10 81.0 68.0
10 51 158.0 97.0
59 69 134.0 79.0
62 46 160.0 162.0
87 55 65.0 26.0
78 53 89.0 38.0
11 59 131.0 36.0
60 80 111.0 73.0
66 3 75.0 144.0
47 24 66.0 185.0
19 49 8.0 152.0
42 52 191.0 121.0
68 3 80.0 8.0
9 61 165.0 121.0
65 6 176.0 49.0
43 28 42.0 39.0
51 67 137.0 117.0
5 65 176.0 156.0
2 70 20.0 184.0
38 34 164.0 11.0
13 58 148.0 196.0
22 63 171.0 66.0
6 73 55.0 99.0
27 72 156.0 98.0
51 62 59.0 46.0
66 6 93.0 35.0
52 77 37.0 65.0
22 49 81.0 2.0
52 22 171.0 182.0
31 36 198.0 142.0
74 4 104.0 6.0
47 26 109.0 60.0
45 21 197.0 120.0
42 31 171.0 42.0
61 10 3.0 160.0
70 4 138.0 37.0
48 24 37.0 109.0
61 55 182.0 187.0
69 3 81.0 86.0
46 28 25.0 142.0
47 53 17.0 22.0
82 81 143.0 140.0
67 7 110.0 99.0
49 23 80.0 0.0
29 44 78.0 117.0
35 36 15.0 12.0
22 67 52.0 96.0
63 10 105.0 77.0
35 63 69.0 123.0
48 43 89.0 164.0
33 62 180.0 151.0
50 16 162.0 12.0
73 2 30.0 192.0
54 19 37.0 45.0
34 37 3.0 89.0
28 65 135.0 108.0
28 44 134.0 156.0
80 12 163.0 24.0
17 58 144.0 143.0
33 39 44.0 58.0
18 52 25.0 74.0
51 40 110.0 14.0
62 12 1.0 65.0
29 45 192.0 136.0
71 74 108.0 127.0
53 23 6.0 71.0
68 53 61.0 102.0
30 61 65.0 57.0
25 50 19.0 42.0
49 15 25.0 129.0
31 69 87.0 26.0
48 17 181.0 31.0
69 37 126.0 89.0
71 1 148.0 84.0
63 13 106.0 161.0
59 14 112.0 171.0
54 1 11.0 83.0
12 65 86.0 188.0
2 68 183.0 125.0
25 51 90.0 164.0
49 21 185.0 16.0
68 6 149.0 133.0
47 25 139.0 56.0
61 11 120.0 51.0
21 52 15.0 83.0
8 64 11.0 53.0
21 48 169.0 195.0
77 74 155.0 59.0
82 14 35.0 140.0
58 85 119.0 184.0
13 74 137.0 58.0
64 12 165.0 58.0
42 30 1.0 132.0
21 53 4.0 12.0
35 42 4.0 173.0
37 38 140.0 160.0
10 62 91.0 127.0
52 76 102.0 10.0
63 23 28.0 191.0
33 42 183.0 145.0
6 67 60.0 184.0
75 1 83.0 65.0
67 8 83.0 39.0
69 26 34.0 23.0
80 62 186.0 125.0
51 22 174.0 88.0
50 24 142.0 2.0
56 87 176.0 126.0
42 32 46.0 188.0
3 72 120.0 81.0
64 70 19.0 3.0
69 6 180.0 53.0
7 68 199.0 166.0
56 54 78.0 173.0
87 74 119.0 21.0
19 55 58.0 47.0
66 58 69.0 57.0
23 51 37.0 189.0
44 30 188.0 56.0
55 21 5.0 168.0
21 47 163.0 4.0
64 6 131.0 41.0
81 51 36.0 2.0
52 25 171.0 94.0
69 7 78.0 40.0
60 15 5.0 67.0
43 32 97.0 193.0
58 18 81.0 102.0
9 63 94.0 44.0
34 75 46.0 178.0
4 66 13.0 82.0
64 11 19.0 184.0
46 29 74.0 49.0
56 21 131.0 31.0
4 72 127.0 28.0
12 63 44.0 8.0
58 19 129.0 90.0
53 20 94.0 127.0
41 29 31.0 59.0
55 69 121.0 50.0
18 56 178.0 147.0
60 13 158.0 109.0
85 19 151.0 37.0
66 11 111.0 195.0
2 72 44.0 192.0
63 43 155.0 90.0
59 61 74.0 186.0
61 15 118.0 195.0
34 43 6.0 96.0
9 64 134.0 116.0
31 74 17.0 85.0
59 17 106.0 81.0
1 76 23.0 102.0
3 75 129.0 178.0
45 31 41.0 3.0
58 21 143.0 159.0
17 50 24.0 101.0
10 64 164.0 158.0
11 62 130.0 181.0
58 41 48.0 188.0
71 43 89.0 24.0
66 10 131.0 170.0
70 58 175.0 124.0
46 45 75.0 71.0
18 60 9.0 99.0
15 62 73.0 173.0
83 40 135.0 3.0
15 63 113.0 135.0
79 19 23.0 154.0
60 16 185.0 106.0
52 82 127.0 112.0
29 49 109.0 154.0
74 47 106.0 118.0
48 28 122.0 131.0
31 46 22.0 9.0
32 60 65.0 87.0
70 40 170.0 40.0
43 59 16.0 107.0
56 22 146.0 96.0
61 17 119.0 55.0
30 33 174.0 177.0
54 23 21.0 49.0
28 76 73.0 196.0
40 44 12.0 139.0
79 1 195.0 182.0
74 3 158.0 163.0
8 63 121.0 104.0
74 11 22.0 41.0
28 49 108.0 196.0
42 34 122.0 130.0
66 13 163.0 195.0
30 58 190.0 175.0
65 13 48.0 137.0
77 53 166.0 6.0
73 11 126.0 87.0
44 34 115.0 148.0
64 72 74.0 175.0
60 17 102.0 148.0
62 14 49.0 66.0
82 86 0.0 39.0
53 24 7.0 48.0
37 42 142.0 173.0
29 48 148.0 21.0
32 45 40.0 15.0
47 31 65.0 66.0
68 69 183.0 167.0
41 30 140.0 32.0
64 14 34.0 140.0
72 6 183.0 42.0
41 77 120.0 77.0
45 22 122.0 68.0
74 37 190.0 114.0
8 70 73.0 7.0
24 14 105.0 57.0
49 27 43.0 45.0
34 47 66.0 78.0
86 69 176.0 49.0
75 6 172.0 48.0
10 80 149.0 46.0
39 37 128.0 140.0
19 57 137.0 2.0
40 39 139.0 42.0
27 48 14.0 182.0
70 7 7.0 32.0
11 70 76.0 135.0
78 3 90.0 48.0
56 75 106.0 40.0
16 62 148.0 34.0
27 51 106.0 37.0
78 54 100.0 45.0
5 74 1.0 66.0
43 68 28.0 160.0
42 48 45.0 104.0
20 58 185.0 136.0
43 36 157.0 91.0
27 50 91.0 57.0
67 9 17.0 149.0
27 52 53.0 117.0
19 59 118.0 6.0
45 34 166.0 146.0
87 31 195.0 12.0
59 60 10.0 180.0
60 19 40.0 119.0
70 26 70.0 131.0
55 25 3.0 40.0
48 44 57.0 8.0
70 10 127.0 175.0
5 75 145.0 93.0
44 36 88.0 140.0
61 20 33.0 98.0
85 56 100.0 73.0
23 57 23.0 122.0
77 1 121.0 179.0
72 10 165.0 179.0
87 3 134.0 92.0
44 42 161.0 32.0
68 13 48.0 50.0
85 13 44.0 82.0
69 2 119.0 96.0
18 59 6.0 143.0
68 11 5.0 80.0
12 61 15.0 170.0
27 43 98.0 102.0
71 9 43.0 11.0
64 66 55.0 91.0
79 5 32.0 52.0
20 44 49.0 103.0
23 56 53.0 8.0
30 45 134.0 58.0
64 16 64.0 149.0
24 62 195.0 114.0
12 71 196.0 190.0
57 51 101.0 51.0
49 33 144.0 85.0
74 8 27.0 194.0
9 70 108.0 32.0
65 15 141.0 42.0
2 78 19.0 5.0
67 64 84.0 15.0
35 45 89.0 80.0
49 47 151.0 143.0
57 25 47.0 95.0
69 4 157.0 75.0
11 65 85.0 17.0
7 75 174.0 26.0
81 2 53.0 146.0
3 77 158.0 138.0
54 52 110.0 199.0
76 5 194.0 61.0
76 6 44.0 41.0
23 59 41.0 1.0
56 64 78.0 79.0
41 74 40.0 5.0
50 29 1.0 93.0
46 36 134.0 111.0
69 72 104.0 44.0
4 76 128.0 50.0
41 42 164.0 125.0
32 52 40.0 157.0
42 39 182.0 71.0
13 75 39.0 22.0
59 24 43.0 193.0
41 43 101.0 129.0
21 57 173.0 158.0
43 38 149.0 53.0
2 79 165.0 65.0
40 42 106.0 5.0
50 33 9.0 40.0
60 23 35.0 1.0
44 38 182.0 30.0
18 63 18.0 84.0
59 22 21.0 191.0
64 19 55.0 171.0
49 35 32.0 172.0
75 86 175.0 90.0
52 30 62.0 184.0
19 65 180.0 98.0
21 51 182.0 163.0
61 21 126.0 0.0
58 27 195.0 148.0
50 30 114.0 2.0
29 51 23.0 146.0
21 83 62.0 198.0
42 36 168.0 124.0
68 12 3.0 149.0
25 49 95.0 185.0
61 22 56.0 174.0
43 40 20.0 3.0
8 75 156.0 134.0
59 26 36.0 179.0
45 38 44.0 98.0
48 36 88.0 165.0
31 53 4.0 91.0
78 4 193.0 100.0
22 85 47.0 1.0
85 68 45.0 19.0
63 20 47.0 1.0
45 39 160.0 83.0
76 8 78.0 4.0
20 65 106.0 166.0
6 74 165.0 63.0
54 22 157.0 110.0
6 79 89.0 156.0
2 80 134.0 134.0
46 76 67.0 181.0
82 60 83.0 27.0
49 34 156.0 161.0
54 28 141.0 14.0
15 68 177.0 106.0
71 13 181.0 86.0
10 69 52.0 70.0
62 20 99.0 187.0
37 48 112.0 119.0
33 52 32.0 195.0
68 17 36.0 140.0
22 84 175.0 177.0
49 31 25.0 104.0
15 66 85.0 6.0
53 29 156.0 137.0
49 36 29.0 7.0
21 65 78.0 94.0
20 72 155.0 63.0
26 60 35.0 191.0
25 60 143.0 10.0
31 54 8.0 168.0
71 73 194.0 45.0
23 61 93.0 102.0
46 50 56.0 122.0
69 15 165.0 87.0
62 21 56.0 73.0
30 39 16.0 44.0
67 18 93.0 159.0
77 8 82.0 53.0
3 81 161.0 28.0
28 56 197.0 6.0
21 59 37.0 54.0
67 72 107.0 155.0
82 5 52.0 115.0
37 44 85.0 68.0
71 15 191.0 178.0
9 77 64.0 73.0
26 61 69.0 177.0
15 70 33.0 66.0
57 28 112.0 71.0
69 13 160.0 171.0
40 60 154.0 13.0
68 19 116.0 192.0
58 28 71.0 107.0
61 25 189.0 135.0
26 57 74.0 10.0
76 12 111.0 108.0
57 11 115.0 175.0
21 63 67.0 27.0
73 15 136.0 173.0
41 44 87.0 5.0
74 33 194.0 158.0
53 33 135.0 136.0
45 42 158.0 9.0
16 68 77.0 21.0
15 58 109.0 144.0
36 51 81.0 176.0
39 77 86.0 170.0
47 38 155.0 125.0
30 55 188.0 102.0
27 65 192.0 75.0
29 83 16.0 102.0
65 17 107.0 93.0
22 66 167.0 16.0
51 30 172.0 0.0
1 86 114.0 10.0
39 49 89.0 22.0
8 80 52.0 29.0
46 39 106.0 196.0
2 83 48.0 74.0
3 84 197.0 107.0
63 19 69.0 164.0
46 40 20.0 41.0
31 52 136.0 86.0
7 76 110.0 177.0
75 12 106.0 115.0
47 27 158.0 165.0
68 20 39.0 158.0
34 72 67.0 36.0
59 28 67.0 136.0
48 39 108.0 87.0
57 78 73.0 196.0
85 2 122.0 184.0
17 70 101.0 29.0
46 41 76.0 11.0
57 30 144.0 116.0
56 33 33.0 12.0
6 86 78.0 100.0
43 42 12.0 186.0
37 50 51.0 86.0
29 54 97.0 173.0
23 64 35.0 150.0
47 39 86.0 64.0
9 75 174.0 30.0
14 74 93.0 160.0
54 32 21.0 171.0
58 31 17.0 186.0
79 9 8.0 68.0
61 27 167.0 58.0
57 24 48.0 154.0
52 36 157.0 134.0
40 45 187.0 83.0
83 3 54.0 80.0
81 8 8.0 28.0
28 60 109.0 25.0
67 21 84.0 118.0
68 27 34.0 51.0
49 40 10.0 35.0
20 64 78.0 167.0
78 9 150.0 65.0
69 19 102.0 156.0
77 10 15.0 62.0
74 42 140.0 125.0
29 60 19.0 24.0
68 80 59.0 53.0
87 1 161.0 70.0
71 14 48.0 191.0
46 52 191.0 150.0
82 7 161.0 45.0
82 2 146.0 176.0
87 2 128.0 86.0
86 3 171.0 147.0
82 49 123.0 31.0
50 74 155.0 36.0
17 73 35.0 155.0
46 33 96.0 178.0
73 16 8.0 57.0
15 5 31.0 106.0
35 53 39.0 159.0
12 77 194.0 11.0
37 43 155.0 118.0
79 40 89.0 110.0
38 52 123.0 76.0
70 19 89.0 19.0
66 24 113.0 49.0
52 85 53.0 144.0
22 65 157.0 44.0
78 13 76.0 103.0
70 18 0.0 183.0
41 70 62.0 90.0
6 81 188.0 186.0
10 78 3.0 77.0
56 31 0.0 68.0
49 41 39.0 5.0
34 55 134.0 148.0
80 6 10.0 162.0
71 17 153.0 11.0
83 6 55.0 168.0
77 32 144.0 195.0
14 78 49.0 99.0
21 74 41.0 1.0
76 15 153.0 81.0
51 39 17.0 39.0
4 87 59.0 179.0
80 72 194.0 164.0
58 32 167.0 2.0
6 84 102.0 63.0
75 35 77.0 103.0
85 6 120.0 118.0
45 41 23.0 25.0
16 74 166.0 192.0
64 28 21.0 25.0
58 63 158.0 16.0
29 73 113.0 77.0
12 79 141.0 167.0
8 83 90.0 18.0
4 86 95.0 10.0
40 50 173.0 118.0
55 36 23.0 140.0
80 22 149.0 45.0
27 64 182.0 59.0
55 13 150.0 47.0
80 13 84.0 92.0
32 57 20.0 175.0
66 21 192.0 115.0
32 59 26.0 117.0
50 42 35.0 2.0
67 26 34.0 137.0
7 84 43.0 168.0
19 71 114.0 193.0
63 26 74.0 198.0
62 84 51.0 94.0
49 42 36.0 195.0
45 47 147.0 15.0
81 11 97.0 134.0
68 21 76.0 84.0
70 23 105.0 119.0
20 83 153.0 19.0
23 69 154.0 27.0
82 12 6.0 5.0
84 5 181.0 194.0
71 21 188.0 80.0
72 19 42.0 86.0
62 27 106.0 118.0
83 50 194.0 163.0
25 64 108.0 100.0
60 27 46.0 14.0
7 73 187.0 4.0
76 10 190.0 120.0
40 53 187.0 179.0
80 40 53.0 29.0
81 13 113.0 111.0
8 82 95.0 60.0
24 63 159.0 155.0
73 21 192.0 158.0
69 54 65.0 132.0
32 61 74.0 56.0
68 26 20.0 13.0
25 69 143.0 25.0
30 62 184.0 56.0
46 86 170.0 31.0
49 44 20.0 81.0
39 55 49.0 12.0
31 61 171.0 115.0
67 14 154.0 45.0
79 58 162.0 126.0
79 13 147.0 57.0
16 76 153.0 83.0
69 22 162.0 123.0
75 17 10.0 134.0
40 52 102.0 12.0
33 58 144.0 25.0
72 21 8.0 98.0
52 43 38.0 122.0
23 71 118.0 138.0
29 66 130.0 71.0
6 78 142.0 45.0
74 20 99.0 105.0
72 18 26.0 153.0
87 72 94.0 170.0
76 18 35.0 54.0
73 19 77.0 73.0
61 58 55.0 195.0
29 65 73.0 138.0
59 63 116.0 16.0
38 49 193.0 15.0
31 62 82.0 19.0
28 63 100.0 128.0
38 56 112.0 135.0
54 42 25.0 189.0
27 63 157.0 80.0
53 41 121.0 31.0
76 44 68.0 189.0
10 84 158.0 61.0
81 28 24.0 192.0
75 19 88.0 125.0
85 49 172.0 152.0
75 16 98.0 197.0
17 74 185.0 55.0
40 85 105.0 106.0
32 63 157.0 173.0
56 37 82.0 115.0
8 85 96.0 58.0
83 12 89.0 136.0
81 41 73.0 13.0
58 73 58.0 171.0
5 80 144.0 195.0
44 51 7.0 49.0
70 67 105.0 164.0
66 20 132.0 139.0
73 22 23.0 28.0
13 83 81.0 64.0
36 59 185.0 107.0
55 53 32.0 43.0
46 49 27.0 128.0
60 33 145.0 34.0
83 11 18.0 51.0
34 61 74.0 150.0
75 50 74.0 49.0
64 30 2.0 107.0
27 66 32.0 187.0
73 55 102.0 16.0
67 40 66.0 81.0
82 58 84.0 12.0
37 57 0.0 102.0
81 15 50.0 26.0
52 44 86.0 124.0
11 78 84.0 88.0
70 20 43.0 68.0
48 49 33.0 97.0
59 37 113.0 99.0
12 84 64.0 149.0
79 15 140.0 17.0
65 32 96.0 190.0
79 17 116.0 134.0
33 63 199.0 0.0
68 28 157.0 194.0
85 14 96.0 190.0
29 69 21.0 9.0
64 31 88.0 38.0
34 63 74.0 180.0
64 32 73.0 122.0
10 85 141.0 189.0
70 28 177.0 141.0
39 58 125.0 86.0
76 20 154.0 21.0
85 7 128.0 176.0
71 25 157.0 168.0
46 51 23.0 31.0
54 33 162.0 97.0
42 66 88.0 104.0
31 65 47.0 17.0
81 16 64.0 172.0
22 74 3.0 170.0
66 30 19.0 84.0
9 83 85.0 177.0
82 48 175.0 109.0
67 58 123.0 90.0
68 25 81.0 11.0
81 64 75.0 128.0
5 85 168.0 91.0
24 67 174.0 172.0
55 42 177.0 193.0
54 43 13.0 14.0
57 68 93.0 141.0
82 13 182.0 16.0
31 85 168.0 63.0
50 47 196.0 195.0
22 64 43.0 165.0
4 5 165.0 17.0
72 56 109.0 94.0
19 80 112.0 75.0
43 56 18.0 157.0
61 37 24.0 0.0
73 52 18.0 192.0
36 60 155.0 166.0
10 86 183.0 198.0
62 77 21.0 101.0
23 75 110.0 83.0
72 26 41.0 22.0
67 31 21.0 11.0
40 58 162.0 197.0
15 72 136.0 132.0
35 54 11.0 91.0
67 77 107.0 194.0
51 47 34.0 80.0
80 79 99.0 144.0
24 71 47.0 140.0
71 27 107.0 20.0
62 28 44.0 22.0
42 51 191.0 181.0
28 71 140.0 154.0
13 84 74.0 199.0
20 80 191.0 108.0
81 17 20.0 90.0
43 62 126.0 68.0
34 62 1.0 186.0
53 71 120.0 45.0
69 74 72.0 111.0
86 74 21.0 12.0
56 42 18.0 95.0
30 68 141.0 9.0
71 30 37.0 162.0
47 52 73.0 115.0
61 39 32.0 74.0
82 9 128.0 153.0
74 36 157.0 0.0
22 77 104.0 130.0
55 43 121.0 122.0
78 21 94.0 15.0
34 65 121.0 83.0
28 47 181.0 194.0
60 39 66.0 14.0
41 57 45.0 194.0
62 70 121.0 154.0
73 28 189.0 25.0
84 14 43.0 62.0
45 56 69.0 90.0
37 71 165.0 190.0
29 71 129.0 147.0
18 82 199.0 195.0
60 86 119.0 197.0
86 15 197.0 41.0
73 26 50.0 138.0
62 54 52.0 45.0
40 73 84.0 73.0
37 62 185.0 2.0
83 17 107.0 66.0
73 24 198.0 59.0
52 23 137.0 69.0
44 56 99.0 86.0
34 64 151.0 149.0
83 16 55.0 155.0
24 74 143.0 91.0
27 73 196.0 81.0
15 85 160.0 55.0
50 49 163.0 110.0
65 35 186.0 101.0
71 32 123.0 37.0
59 42 141.0 26.0
87 12 168.0 148.0
19 76 55.0 64.0
54 49 31.0 3.0
58 42 157.0 144.0
64 37 0.0 121.0
28 75 77.0 138.0
36 64 29.0 152.0
33 67 152.0 122.0
56 60 76.0 73.0
66 17 3.0 83.0
80 81 182.0 186.0
43 53 71.0 140.0
42 84 171.0 23.0
79 49 52.0 48.0
32 69 155.0 82.0
12 85 197.0 60.0
78 26 145.0 73.0
85 70 56.0 148.0
40 61 141.0 190.0
22 75 2.0 165.0
59 45 82.0 173.0
53 49 143.0 135.0
39 63 11.0 98.0
85 20 104.0 160.0
53 50 113.0 1.0
48 53 89.0 121.0
79 21 101.0 182.0
33 69 90.0 55.0
21 77 142.0 172.0
45 55 81.0 85.0
66 37 154.0 44.0
26 76 137.0 10.0
56 77 35.0 3.0
36 63 149.0 124.0
18 83 135.0 2.0
56 46 46.0 25.0
27 76 40.0 188.0
49 51 37.0 74.0
75 26 54.0 191.0
81 19 120.0 192.0
86 24 79.0 107.0
58 43 12.0 181.0
64 71 48.0 147.0
70 34 79.0 94.0
67 34 130.0 71.0
79 85 115.0 120.0
13 87 147.0 122.0
59 34 135.0 19.0
70 33 36.0 167.0
39 59 152.0 0.0
23 85 124.0 0.0
22 79 49.0 3.0
75 25 35.0 179.0
24 72 92.0 103.0
38 62 132.0 191.0
11 85 56.0 68.0
79 14 0.0 44.0
50 56 66.0 153.0
74 59 24.0 191.0
54 47 128.0 73.0
42 63 146.0 164.0
45 58 171.0 38.0
80 21 39.0 55.0
80 25 131.0 95.0
78 70 45.0 131.0
24 80 89.0 112.0
27 77 190.0 65.0
71 33 175.0 70.0
28 74 150.0 121.0
56 49 1.0 73.0
67 39 182.0 40.0
20 84 115.0 65.0
57 47 19.0 160.0
42 62 175.0 60.0
66 71 185.0 117.0
82 23 158.0 160.0
51 56 180.0 60.0
64 41 182.0 133.0
71 36 19.0 116.0
70 31 192.0 86.0
59 46 116.0 164.0
87 21 7.0 44.0
74 27 117.0 192.0
63 41 76.0 27.0
69 39 177.0 8.0
35 81 141.0 111.0
18 85 129.0 112.0
39 62 45.0 73.0
39 66 125.0 113.0
86 17 116.0 84.0
72 33 124.0 185.0
33 73 117.0 152.0
79 68 179.0 95.0
81 25 121.0 120.0
50 57 100.0 50.0
16 80 85.0 97.0
76 84 79.0 163.0
81 24 95.0 147.0
65 42 160.0 20.0
68 66 199.0 30.0
80 27 91.0 178.0
56 53 174.0 12.0
78 29 122.0 74.0
80 29 156.0 7.0
49 59 7.0 36.0
35 67 198.0 55.0
78 30 14.0 110.0
82 25 188.0 165.0
74 35 5.0 79.0
49 60 84.0 179.0
40 66 102.0 6.0
61 42 64.0 58.0
45 62 106.0 24.0
68 42 50.0 56.0
79 16 9.0 17.0
41 62 28.0 198.0
36 67 79.0 185.0
47 63 84.0 163.0
54 53 147.0 186.0
51 58 71.0 12.0
62 32 177.0 129.0
25 85 125.0 28.0
54 38 66.0 134.0
31 76 113.0 47.0
19 84 139.0 193.0
73 49 167.0 24.0
64 44 61.0 66.0
45 61 3.0 132.0
25 77 85.0 180.0
36 70 5.0 10.0
43 65 41.0 24.0
28 83 95.0 154.0
61 13 52.0 35.0
71 39 182.0 19.0
81 26 133.0 195.0
68 40 87.0 88.0
44 67 42.0 172.0
85 24 90.0 199.0
73 36 13.0 131.0
31 79 150.0 61.0
50 62 41.0 2.0
24 83 184.0 175.0
40 69 32.0 117.0
33 64 93.0 119.0
70 39 7.0 87.0
84 25 163.0 97.0
81 32 109.0 128.0
49 58 4.0 11.0
47 64 0.0 46.0
38 73 103.0 185.0
23 83 193.0 136.0
59 51 38.0 87.0
45 64 134.0 197.0
29 77 28.0 49.0
86 23 46.0 137.0
78 77 13.0 51.0
25 83 53.0 13.0
55 48 166.0 108.0
33 77 65.0 160.0
49 64 7.0 103.0
53 42 139.0 94.0
26 84 174.0 167.0
81 29 97.0 20.0
53 57 69.0 110.0
30 79 95.0 74.0
87 15 79.0 61.0
87 22 135.0 144.0
80 32 50.0 143.0
78 48 45.0 141.0
32 78 110.0 171.0
28 80 72.0 7.0
42 70 40.0 141.0
84 34 170.0 87.0
48 68 82.0 49.0
41 39 198.0 18.0
30 83 91.0 48.0
18 87 34.0 137.0
51 61 117.0 144.0
58 54 172.0 189.0
48 60 69.0 164.0
38 71 154.0 39.0
72 41 177.0 36.0
59 48 27.0 128.0
79 33 69.0 118.0
69 43 71.0 104.0
80 23 120.0 189.0
29 82 180.0 92.0
82 33 16.0 49.0
49 65 163.0 122.0
66 43 164.0 92.0
65 48 133.0 191.0
83 76 171.0 2.0
78 35 137.0 42.0
84 28 67.0 58.0
65 46 79.0 47.0
34 78 122.0 48.0
87 26 20.0 37.0
36 76 47.0 184.0
24 75 155.0 180.0
62 40 59.0 78.0
72 43 156.0 197.0
57 49 122.0 23.0
62 53 172.0 154.0
75 39 161.0 95.0
87 19 6.0 181.0
72 40 69.0 53.0
60 53 188.0 176.0
58 56 64.0 199.0
32 83 88.0 20.0
40 65 17.0 11.0
30 84 41.0 141.0
29 85 195.0 3.0
79 64 87.0 1.0
24 87 52.0 108.0
47 69 63.0 192.0
58 55 124.0 127.0
76 39 96.0 12.0
73 39 65.0 65.0
83 34 163.0 107.0
70 46 20.0 159.0
82 30 157.0 59.0
81 72 62.0 9.0
63 54 49.0 125.0
59 57 86.0 125.0
27 87 0.0 134.0
79 37 157.0 18.0
40 71 153.0 121.0
87 25 41.0 125.0
66 49 63.0 198.0
35 71 61.0 126.0
82 36 60.0 110.0
55 60 65.0 98.0
38 72 190.0 66.0
75 76 190.0 147.0
85 63 4.0 95.0
50 65 45.0 45.0
82 34 109.0 108.0
62 55 70.0 171.0
32 82 102.0 82.0
71 42 98.0 168.0
59 54 46.0 88.0
80 85 135.0 188.0
71 45 108.0 139.0
74 43 13.0 153.0
70 47 136.0 75.0
42 73 94.0 6.0
41 73 4.0 197.0
74 44 34.0 102.0
32 85 125.0 32.0
82 31 138.0 12.0
45 75 113.0 46.0
57 56 20.0 79.0
87 33 70.0 108.0
79 39 183.0 117.0
77 65 176.0 140.0
50 64 86.0 11.0
51 79 19.0 163.0
66 48 73.0 109.0
53 65 69.0 139.0
74 34 177.0 41.0
77 35 124.0 0.0
59 56 172.0 59.0
37 75 118.0 101.0
62 56 35.0 156.0
61 54 124.0 54.0
45 74 28.0 149.0
38 80 82.0 49.0
52 67 30.0 11.0
39 78 58.0 106.0
36 77 15.0 182.0
82 35 15.0 85.0
68 39 7.0 50.0
81 38 14.0 83.0
38 77 42.0 42.0
76 43 131.0 124.0
56 55 176.0 114.0
64 54 179.0 34.0
77 42 160.0 147.0
83 27 199.0 175.0
39 80 42.0 6.0
32 87 6.0 57.0
33 86 99.0 48.0
60 43 30.0 30.0
73 48 110.0 6.0
65 39 159.0 90.0
57 63 13.0 119.0
74 29 199.0 12.0
42 78 11.0 194.0
76 37 38.0 17.0
66 50 150.0 137.0
39 81 153.0 180.0
40 77 85.0 63.0
56 74 92.0 45.0
82 38 68.0 105.0
59 62 140.0 19.0
56 63 157.0 104.0
16 86 23.0 196.0
87 34 184.0 125.0
50 70 174.0 137.0
47 61 128.0 11.0
49 52 105.0 20.0
86 36 40.0 125.0
72 47 141.0 133.0
60 57 30.0 98.0
36 83 153.0 53.0
43 80 41.0 138.0
83 33 32.0 167.0
31 86 191.0 160.0
46 75 112.0 48.0
76 45 159.0 105.0
64 55 35.0 100.0
60 61 137.0 66.0
53 66 129.0 43.0
44 73 38.0 170.0
32 84 93.0 70.0
52 68 8.0 36.0
57 66 79.0 73.0
34 85 134.0 38.0
75 36 43.0 170.0
71 49 133.0 132.0
47 76 109.0 62.0
44 80 173.0 99.0
65 51 96.0 18.0
53 69 125.0 104.0
76 40 155.0 4.0
52 71 123.0 41.0
64 57 68.0 166.0
82 40 59.0 154.0
67 55 87.0 120.0
73 45 180.0 60.0
85 38 199.0 28.0
35 80 78.0 124.0
74 46 122.0 33.0
86 38 54.0 45.0
53 70 37.0 74.0
85 42 41.0 48.0
71 56 54.0 128.0
84 39 35.0 187.0
77 47 54.0 186.0
65 57 163.0 84.0
23 72 16.0 37.0
33 85 182.0 22.0
87 39 61.0 171.0
58 62 130.0 103.0
73 50 186.0 184.0
77 43 46.0 21.0
48 70 39.0 53.0
66 73 115.0 154.0
73 54 151.0 131.0
79 72 72.0 85.0
64 61 182.0 86.0
62 61 25.0 112.0
48 83 0.0 11.0
7 87 111.0 47.0
80 42 164.0 151.0
68 50 196.0 79.0
80 45 123.0 99.0
64 62 21.0 195.0
84 40 29.0 155.0
74 51 99.0 55.0
70 52 41.0 99.0
66 60 146.0 153.0
53 72 140.0 63.0
81 37 10.0 88.0
62 65 124.0 133.0
71 55 173.0 145.0
85 39 137.0 3.0
69 57 142.0 36.0
84 41 31.0 135.0
65 56 88.0 130.0
54 67 58.0 28.0
69 52 96.0 20.0
42 83 133.0 173.0
51 73 149.0 59.0
60 67 44.0 38.0
50 78 52.0 186.0
49 76 4.0 36.0
73 47 11.0 92.0
57 87 102.0 21.0
84 27 199.0 151.0
57 67 134.0 84.0
37 78 118.0 84.0
57 71 133.0 162.0
81 52 119.0 186.0
75 42 89.0 123.0
55 77 107.0 100.0
74 55 30.0 9.0
83 45 62.0 181.0
84 45 183.0 197.0
48 80 71.0 101.0
65 63 160.0 4.0
80 46 43.0 79.0
79 46 160.0 133.0
87 45 58.0 67.0
57 70 174.0 41.0
40 87 130.0 36.0
17 76 2.0 113.0
72 83 126.0 73.0
50 76 50.0 38.0
62 67 88.0 93.0
75 54 194.0 1.0
50 79 23.0 53.0
41 83 143.0 149.0
44 79 109.0 25.0
82 41 189.0 63.0
78 51 189.0 115.0
45 85 89.0 39.0
82 51 0.0 178.0
80 51 27.0 195.0
81 49 153.0 2.0
47 85 66.0 48.0
41 87 60.0 127.0
74 82 123.0 49.0
72 55 148.0 112.0
66 61 151.0 37.0
50 71 148.0 151.0
29 33 2.0 176.0
59 72 144.0 155.0
51 70 123.0 11.0
47 84 95.0 183.0
55 75 159.0 18.0
80 49 28.0 59.0
73 53 119.0 131.0
71 58 67.0 68.0
70 63 80.0 21.0
52 75 160.0 24.0
75 51 111.0 35.0
49 84 55.0 6.0
60 62 160.0 166.0
67 53 189.0 141.0
50 81 195.0 60.0
51 83 89.0 14.0
53 76 155.0 169.0
71 60 94.0 67.0
42 79 155.0 5.0
66 70 180.0 162.0
55 79 94.0 93.0
68 65 133.0 35.0
78 43 118.0 129.0
41 86 4.0 7.0
86 49 142.0 159.0
62 73 54.0 189.0
61 70 107.0 161.0
85 72 145.0 40.0
72 50 110.0 39.0
80 50 81.0 196.0
43 87 98.0 151.0
68 64 151.0 102.0
53 74 112.0 46.0
58 76 27.0 166.0
68 62 139.0 86.0
80 52 55.0 37.0
60 75 186.0 118.0
51 84 177.0 20.0
85 51 11.0 75.0
86 48 120.0 163.0
59 76 88.0 32.0
86 51 177.0 115.0
58 78 82.0 117.0
44 84 148.0 90.0
75 57 189.0 134.0
57 58 65.0 166.0
52 86 160.0 76.0
58 74 18.0 32.0
74 64 196.0 107.0
75 74 199.0 174.0
47 86 161.0 33.0
73 59 35.0 109.0
87 50 109.0 25.0
57 82 180.0 174.0
54 82 12.0 92.0
63 77 195.0 30.0
71 65 109.0 191.0
66 63 40.0 60.0
65 72 13.0 1.0
75 64 5.0 49.0
41 76 112.0 66.0
77 54 58.0 92.0
59 77 38.0 70.0
81 53 154.0 33.0
73 65 102.0 15.0
87 47 159.0 143.0
61 68 43.0 172.0
59 71 121.0 0.0
71 61 169.0 33.0
78 60 104.0 27.0
86 53 25.0 94.0
80 56 141.0 131.0
63 78 55.0 44.0
61 79 1.0 166.0
75 61 146.0 44.0
56 78 112.0 67.0
82 53 124.0 33.0
67 66 142.0 180.0
60 77 61.0 120.0
84 52 115.0 3.0
70 73 181.0 123.0
86 55 21.0 182.0
49 87 45.0 120.0
69 61 40.0 157.0
60 85 121.0 164.0
87 42 113.0 16.0
63 87 29.0 174.0
83 49 194.0 96.0
79 53 162.0 175.0
60 87 41.0 136.0
58 83 113.0 86.0
79 59 139.0 153.0
72 70 140.0 13.0
55 84 39.0 53.0
76 56 8.0 68.0
84 59 133.0 154.0
83 60 197.0 96.0
83 55 81.0 39.0
76 67 139.0 194.0
57 85 58.0 31.0
44 86 37.0 150.0
69 73 142.0 76.0
72 73 140.0 102.0
76 69 150.0 73.0
74 62 83.0 148.0
60 81 97.0 164.0
65 79 89.0 37.0
76 68 81.0 148.0
82 59 137.0 118.0
75 73 37.0 31.0
75 68 105.0 177.0
83 62 33.0 8.0
54 80 77.0 68.0
87 37 63.0 127.0
82 66 55.0 153.0
62 49 96.0 88.0
86 61 157.0 185.0
84 65 196.0 194.0
72 74 92.0 54.0
75 82 50.0 77.0
64 83 17.0 127.0
54 84 25.0 32.0
64 85 154.0 32.0
84 63 142.0 50.0
81 68 136.0 51.0
69 83 153.0 133.0
72 71 47.0 45.0
87 59 123.0 97.0
85 66 151.0 92.0
52 74 154.0 128.0
82 68 52.0 108.0
80 76 17.0 146.0
84 69 150.0 153.0
76 73 117.0 103.0
84 74 82.0 165.0
76 71 195.0 157.0
76 77 23.0 98.0
77 72 188.0 129.0
82 65 76.0 40.0
70 76 47.0 93.0
71 87 133.0 149.0
80 78 118.0 50.0
77 70 126.0 1.0
77 83 21.0 73.0
76 63 86.0 196.0
80 77 88.0 26.0
67 83 15.0 116.0
74 79 46.0 62.0
63 74 100.0 179.0
80 83 119.0 19.0
79 82 131.0 198.0
26 85 194.0 105.0
59 81 144.0 32.0
82 78 142.0 184.0
78 67 138.0 109.0
79 86 21.0 185.0
70 82 103.0 121.0
75 70 0.0 22.0
86 78 99.0 131.0
77 82 191.0 93.0
48 69 69.0 135.0
80 73 165.0 11.0
81 65 82.0 56.0
37 54 132.0 55.0
76 81 56.0 187.0
81 78 85.0 56.0
66 52 130.0 136.0
69 77 18.0 121.0
43 82 44.0 87.0
69 80 149.0 162.0
65 85 119.0 183.0
24 65 168.0 3.0
62 79 35.0 24.0
69 78 189.0 73.0
72 75 100.0 119.0
71 78 99.0 70.0
83 87 129.0 96.0
16 70 81.0 30.0
59 68 191.0 152.0
66 75 18.0 159.0
76 86 153.0 5.0
51 77 92.0 142.0
64 87 183.0 144.0
75 69 159.0 35.0
53 59 82.0 41.0
76 79 25.0 116.0
41 85 88.0 16.0
70 83 25.0 58.0
81 85 184.0 130.0
76 62 86.0 28.0
76 55 197.0 70.0
76 87 111.0 109.0
84 72 185.0 145.0
86 83 10.0 10.0
3 12 10.0 51.0
85 87 121.0 187.0
82 67 20.0 57.0
82 62 182.0 106.0
72 86 198.0 131.0
79 34 173.0 61.0
48 13 68.0 158.0
67 65 102.0 30.0
85 84 4.0 64.0
83 84 116.0 77.0
87 67 112.0 136.0
65 55 134.0 46.0
62 86 5.0 84.0
74 61 17.0 130.0
87 51 123.0 85.0
82 69 60.0 177.0
63 29 92.0 16.0
73 82 14.0 8.0
48 85 6.0 127.0
87 86 111.0 92.0
79 26 178.0 68.0
49 68 177.0 147.0
59 86 105.0 100.0
69 87 0.0 165.0
2 1 164.0 92.0
78 85 109.0 179.0
73 60 42.0 116.0
78 40 191.0 105.0
80 82 10.0 121.0
72 63 21.0 187.0
0
