86 3655 10 49 9712
19 66 136.0 21.0
46 49 160.0 197.0
84 81 89.0 125.0
34 75 100.0 193.0
67 8 171.0 158.0
33 38 186.0 26.0
29 10 156.0 111.0
22 49 83.0 49.0
28 71 55.0 171.0
25 79 29.0 15.0
74 65 132.0 118.0
53 37 1.0 184.0
44 23 53.0 172.0
60 51 195.0 192.0
52 46 88.0 151.0
8 84 111.0 123.0
60 67 142.0 166.0
52 78 38.0 171.0
57 61 182.0 122.0
11 23 187.0 135.0
45 70 41.0 40.0
35 59 79.0 188.0
10 1 33.0 120.0
76 74 124.0 144.0
47 43 105.0 66.0
26 59 21.0 95.0
33 76 186.0 156.0
12 58 27.0 125.0
42 20 113.0 20.0
71 51 189.0 192.0
43 29 49.0 22.0
9 23 150.0 126.0
57 25 176.0 7.0
83 5 166.0 197.0
19 1 98.0 104.0
52 48 100.0 77.0
60 76 49.0 13.0
32 30 62.0 190.0
51 16 130.0 63.0
30 84 64.0 32.0
23 60 68.0 40.0
56 66 116.0 187.0
60 8 44.0 14.0
56 64 124.0 144.0
53 80 101.0 125.0
23 84 136.0 115.0
5 76 164.0 18.0
73 39 54.0 28.0
12 23 86.0 123.0
2 51 56.0 2.0
58 41 82.0 100.0
18 83 55.0 158.0
68 16 20.0 109.0
6 29 183.0 108.0
18 4 124.0 99.0
42 62 123.0 178.0
76 8 61.0 9.0
58 31 173.0 117.0
71 19 144.0 7.0
7 71 168.0 151.0
78 21 152.0 140.0
50 37 88.0 88.0
40 18 9.0 164.0
72 52 166.0 84.0
59 58 64.0 27.0
2 80 142.0 37.0
4 75 129.0 38.0
51 36 164.0 49.0
49 52 87.0 68.0
81 21 117.0 127.0
4 10 163.0 78.0
82 61 183.0 129.0
25 26 169.0 47.0
11 25 73.0 63.0
14 70 43.0 154.0
12 83 197.0 159.0
40 43 87.0 84.0
63 38 80.0 5.0
68 72 194.0 43.0
39 4 110.0 130.0
21 12 192.0 31.0
37 84 47.0 17.0
59 34 143.0 42.0
30 23 73.0 140.0
57 81 166.0 160.0
25 52 99.0 199.0
30 45 55.0 46.0
48 83 57.0 117.0
86 29 119.0 49.0
18 31 144.0 118.0
57 72 165.0 39.0
86 71 49.0 190.0
57 46 0.0 167.0
3 25 77.0 100.0
70 53 32.0 84.0
49 40 179.0 90.0
61 78 97.0 51.0
15 50 100.0 193.0
35 18 53.0 17.0
80 29 73.0 102.0
66 75 35.0 26.0
5 29 149.0 65.0
81 10 2.0 134.0
50 85 53.0 181.0
68 63 177.0 102.0
27 67 92.0 77.0
76 42 198.0 146.0
62 73 70.0 23.0
53 52 59.0 105.0
80 19 55.0 160.0
21 39 175.0 57.0
1 9 138.0 180.0
64 83 81.0 115.0
55 64 163.0 126.0
19 41 47.0 161.0
19 26 143.0 117.0
69 23 114.0 154.0
34 71 169.0 121.0
16 48 31.0 144.0
57 19 145.0 121.0
7 44 89.0 27.0
21 70 126.0 52.0
24 13 1.0 173.0
30 25 89.0 96.0
47 45 113.0 155.0
22 14 30.0 34.0
61 59 26.0 13.0
69 24 165.0 171.0
67 69 58.0 54.0
1 15 184.0 136.0
57 38 79.0 186.0
54 25 119.0 169.0
62 77 2.0 185.0
82 30 9.0 32.0
3 80 108.0 35.0
17 32 8.0 73.0
14 16 165.0 18.0
61 3 66.0 149.0
40 52 166.0 98.0
77 34 55.0 38.0
16 4 49.0 9.0
33 56 48.0 58.0
49 43 75.0 109.0
66 63 66.0 83.0
79 27 56.0 183.0
29 2 72.0 74.0
53 3 142.0 190.0
28 63 87.0 149.0
66 39 102.0 136.0
86 3 94.0 102.0
45 50 149.0 169.0
2 12 64.0 168.0
83 58 115.0 120.0
51 19 161.0 139.0
22 34 62.0 55.0
11 52 17.0 149.0
82 20 171.0 71.0
23 25 128.0 65.0
66 47 187.0 30.0
17 83 49.0 51.0
46 38 90.0 116.0
57 76 141.0 3.0
23 71 150.0 3.0
28 14 83.0 120.0
25 86 126.0 54.0
24 30 111.0 55.0
68 8 151.0 98.0
82 71 88.0 152.0
22 1 95.0 130.0
68 54 116.0 36.0
31 77 111.0 18.0
4 35 87.0 146.0
35 51 55.0 166.0
80 86 32.0 166.0
85 38 45.0 136.0
22 29 144.0 133.0
22 53 136.0 40.0
12 79 93.0 52.0
69 28 117.0 157.0
62 54 99.0 157.0
19 64 79.0 155.0
55 10 106.0 64.0
39 13 57.0 151.0
41 47 149.0 154.0
5 19 50.0 38.0
3 55 147.0 95.0
82 47 179.0 64.0
15 30 12.0 78.0
7 16 144.0 43.0
18 6 149.0 50.0
10 32 4.0 159.0
71 84 90.0 105.0
8 74 33.0 92.0
35 47 3.0 180.0
7 20 148.0 134.0
49 44 19.0 112.0
51 65 161.0 163.0
62 17 83.0 111.0
40 35 61.0 87.0
24 45 194.0 104.0
25 1 178.0 179.0
39 19 129.0 133.0
30 73 79.0 77.0
1 7 87.0 98.0
57 45 169.0 49.0
53 75 3.0 52.0
15 44 69.0 65.0
3 26 28.0 63.0
26 5 6.0 6.0
15 70 15.0 135.0
48 57 144.0 95.0
49 66 4.0 32.0
24 14 91.0 126.0
2 59 31.0 95.0
9 17 58.0 100.0
34 18 54.0 86.0
22 11 16.0 60.0
80 28 95.0 31.0
77 21 66.0 39.0
1 62 135.0 71.0
67 84 105.0 179.0
56 71 149.0 136.0
12 5 75.0 159.0
34 86 165.0 129.0
10 11 177.0 133.0
30 61 97.0 72.0
82 36 171.0 164.0
12 6 95.0 58.0
3 78 15.0 1.0
62 32 153.0 117.0
49 85 181.0 28.0
77 69 19.0 146.0
71 16 37.0 196.0
77 7 143.0 87.0
43 76 123.0 66.0
73 45 78.0 18.0
37 80 177.0 93.0
18 49 139.0 83.0
40 42 65.0 72.0
16 72 73.0 84.0
79 86 150.0 111.0
6 31 89.0 45.0
12 10 143.0 12.0
47 28 102.0 21.0
21 85 167.0 79.0
40 33 68.0 106.0
75 38 199.0 85.0
15 18 152.0 73.0
17 71 160.0 55.0
7 27 39.0 49.0
12 4 152.0 182.0
80 46 151.0 54.0
36 46 98.0 119.0
79 28 178.0 118.0
57 56 58.0 129.0
74 25 31.0 163.0
9 51 128.0 191.0
69 56 34.0 119.0
14 6 4.0 186.0
43 61 30.0 155.0
13 31 78.0 80.0
59 24 112.0 8.0
71 14 31.0 123.0
39 67 134.0 63.0
23 47 78.0 63.0
16 53 6.0 113.0
51 14 196.0 10.0
67 23 122.0 26.0
53 42 148.0 0.0
57 35 164.0 13.0
48 43 189.0 196.0
23 50 86.0 76.0
2 68 17.0 164.0
34 48 61.0 175.0
54 57 125.0 10.0
79 57 152.0 47.0
4 76 57.0 53.0
24 5 56.0 22.0
47 19 184.0 198.0
60 7 46.0 70.0
74 43 190.0 15.0
83 14 49.0 4.0
70 61 89.0 174.0
6 11 50.0 41.0
73 49 131.0 107.0
53 6 170.0 139.0
16 40 80.0 154.0
14 4 80.0 79.0
32 25 131.0 23.0
38 8 70.0 132.0
60 57 147.0 159.0
46 62 51.0 149.0
24 6 64.0 182.0
11 80 142.0 186.0
34 68 126.0 174.0
48 40 184.0 159.0
65 7 89.0 67.0
14 72 106.0 112.0
34 70 88.0 5.0
45 66 128.0 139.0
71 24 158.0 144.0
18 37 110.0 52.0
4 3 93.0 188.0
43 82 84.0 77.0
2 46 42.0 126.0
23 33 154.0 100.0
16 37 190.0 194.0
16 33 33.0 118.0
56 61 58.0 191.0
11 61 168.0 120.0
64 24 159.0 61.0
11 33 90.0 196.0
15 4 132.0 132.0
77 74 125.0 38.0
24 1 8.0 67.0
33 60 30.0 41.0
34 85 96.0 40.0
59 56 107.0 64.0
71 48 182.0 67.0
72 80 3.0 72.0
38 2 1.0 87.0
75 14 185.0 78.0
6 51 132.0 145.0
16 63 187.0 114.0
61 67 55.0 35.0
28 64 193.0 162.0
25 6 143.0 128.0
77 83 133.0 98.0
84 16 99.0 86.0
29 48 28.0 36.0
4 30 98.0 160.0
6 73 194.0 85.0
45 67 0.0 1.0
36 34 99.0 145.0
40 74 93.0 195.0
13 3 183.0 179.0
32 2 149.0 35.0
41 26 45.0 177.0
14 3 76.0 144.0
26 36 144.0 22.0
17 84 25.0 96.0
32 38 188.0 125.0
26 55 141.0 81.0
70 55 100.0 124.0
49 4 60.0 2.0
22 50 140.0 106.0
4 23 32.0 168.0
50 28 37.0 176.0
17 53 105.0 63.0
5 17 133.0 93.0
71 22 81.0 74.0
68 75 17.0 182.0
71 25 149.0 78.0
74 71 184.0 89.0
85 84 121.0 169.0
25 16 167.0 159.0
69 35 140.0 24.0
43 11 126.0 73.0
32 14 136.0 159.0
80 30 15.0 106.0
54 67 145.0 164.0
51 48 10.0 81.0
46 35 167.0 131.0
43 21 22.0 86.0
47 4 178.0 162.0
6 80 130.0 56.0
7 85 87.0 18.0
28 75 139.0 55.0
47 38 132.0 36.0
2 17 192.0 142.0
79 45 20.0 111.0
57 13 181.0 194.0
8 45 194.0 159.0
38 41 133.0 76.0
31 73 93.0 20.0
54 82 135.0 32.0
34 81 24.0 68.0
39 43 10.0 168.0
79 48 105.0 30.0
52 13 42.0 38.0
57 78 179.0 188.0
24 9 149.0 112.0
74 69 138.0 195.0
65 70 111.0 25.0
15 2 138.0 87.0
81 64 148.0 148.0
10 7 20.0 53.0
83 86 142.0 14.0
70 10 158.0 73.0
10 86 138.0 60.0
60 62 85.0 28.0
18 1 82.0 196.0
18 52 59.0 172.0
29 21 81.0 8.0
83 2 60.0 101.0
80 68 50.0 2.0
77 72 98.0 8.0
63 11 186.0 188.0
72 10 158.0 71.0
68 83 74.0 192.0
40 20 98.0 134.0
32 55 40.0 179.0
56 47 116.0 100.0
28 34 74.0 166.0
19 62 95.0 172.0
64 69 119.0 81.0
2 18 104.0 29.0
61 84 180.0 179.0
9 20 176.0 78.0
66 8 170.0 168.0
54 73 140.0 87.0
20 68 6.0 14.0
43 77 128.0 53.0
9 6 180.0 199.0
3 31 115.0 37.0
7 3 140.0 95.0
4 11 96.0 68.0
4 13 23.0 66.0
13 6 132.0 115.0
66 77 91.0 90.0
15 5 71.0 171.0
72 79 19.0 4.0
15 34 152.0 134.0
42 10 194.0 44.0
59 21 40.0 90.0
55 75 108.0 63.0
1 17 125.0 40.0
12 43 81.0 168.0
4 5 54.0 105.0
75 50 13.0 74.0
75 3 63.0 117.0
9 7 48.0 9.0
10 38 29.0 89.0
9 4 173.0 89.0
54 17 96.0 98.0
51 34 38.0 130.0
8 7 21.0 92.0
73 11 150.0 34.0
6 50 21.0 165.0
39 53 145.0 69.0
4 61 184.0 126.0
86 21 98.0 110.0
37 1 158.0 147.0
34 40 138.0 148.0
63 4 112.0 112.0
6 23 38.0 14.0
73 64 170.0 59.0
30 68 130.0 116.0
34 49 54.0 66.0
19 4 108.0 105.0
78 69 116.0 67.0
14 58 97.0 7.0
53 4 168.0 161.0
18 12 171.0 6.0
75 57 59.0 142.0
38 69 138.0 189.0
31 78 15.0 145.0
61 55 73.0 75.0
29 19 87.0 189.0
77 61 70.0 184.0
56 28 189.0 190.0
39 52 26.0 112.0
22 81 66.0 85.0
63 53 173.0 4.0
36 20 17.0 140.0
66 20 5.0 90.0
39 27 172.0 92.0
1 47 152.0 194.0
66 46 197.0 93.0
7 2 101.0 23.0
5 47 180.0 167.0
13 14 120.0 153.0
26 54 128.0 89.0
66 17 123.0 134.0
43 37 144.0 47.0
9 14 84.0 48.0
35 16 112.0 82.0
26 84 111.0 13.0
45 55 156.0 91.0
61 44 185.0 76.0
14 1 7.0 113.0
69 70 62.0 82.0
13 20 89.0 158.0
3 8 101.0 125.0
47 26 47.0 14.0
24 46 135.0 158.0
7 79 72.0 91.0
28 25 193.0 57.0
77 37 136.0 1.0
13 80 52.0 150.0
14 23 40.0 93.0
54 65 16.0 141.0
5 3 43.0 63.0
50 69 199.0 178.0
1 13 23.0 71.0
30 69 179.0 168.0
11 18 124.0 67.0
12 50 122.0 176.0
73 56 41.0 114.0
27 56 66.0 9.0
60 22 50.0 61.0
4 26 71.0 49.0
18 3 106.0 94.0
55 47 2.0 85.0
65 48 93.0 127.0
11 16 48.0 167.0
5 14 117.0 42.0
5 18 51.0 135.0
79 59 171.0 101.0
84 29 103.0 42.0
15 75 126.0 9.0
36 50 39.0 81.0
11 1 74.0 84.0
16 86 44.0 75.0
27 30 20.0 161.0
9 13 149.0 24.0
11 9 135.0 120.0
51 24 106.0 39.0
4 57 58.0 33.0
20 55 199.0 49.0
10 9 41.0 74.0
29 52 68.0 86.0
81 26 42.0 41.0
31 22 44.0 191.0
43 55 26.0 180.0
8 15 86.0 133.0
22 79 19.0 97.0
39 61 10.0 170.0
5 27 168.0 3.0
70 4 67.0 189.0
30 55 41.0 110.0
68 38 45.0 85.0
6 30 48.0 72.0
81 62 112.0 135.0
46 79 163.0 131.0
45 26 162.0 173.0
45 31 195.0 83.0
35 67 163.0 15.0
27 48 53.0 4.0
85 78 48.0 98.0
9 5 47.0 48.0
82 46 10.0 159.0
16 5 146.0 173.0
75 1 194.0 60.0
32 24 149.0 141.0
4 41 69.0 112.0
2 47 68.0 74.0
30 44 64.0 68.0
72 59 31.0 64.0
3 16 67.0 41.0
37 28 162.0 165.0
28 73 92.0 108.0
2 6 89.0 41.0
47 48 47.0 110.0
86 48 179.0 115.0
83 20 61.0 195.0
71 36 104.0 92.0
16 39 149.0 171.0
58 70 166.0 63.0
48 30 188.0 59.0
35 63 34.0 77.0
17 3 27.0 34.0
18 50 187.0 6.0
62 31 137.0 48.0
66 12 96.0 193.0
42 65 80.0 197.0
48 11 24.0 198.0
40 36 156.0 165.0
2 5 164.0 142.0
49 63 59.0 191.0
19 81 115.0 198.0
25 50 165.0 52.0
61 54 71.0 62.0
32 12 119.0 103.0
11 2 103.0 143.0
50 35 69.0 11.0
7 14 37.0 185.0
31 23 112.0 49.0
4 8 182.0 27.0
3 21 90.0 100.0
23 3 142.0 113.0
7 13 45.0 13.0
17 6 181.0 101.0
52 83 24.0 2.0
13 11 5.0 13.0
16 6 50.0 69.0
29 70 12.0 32.0
20 1 61.0 55.0
33 21 172.0 155.0
86 53 159.0 169.0
69 29 197.0 140.0
26 1 57.0 173.0
58 62 52.0 14.0
66 21 15.0 102.0
4 56 165.0 180.0
12 8 170.0 178.0
80 14 44.0 94.0
58 34 82.0 3.0
55 62 173.0 31.0
62 76 174.0 30.0
51 38 193.0 27.0
58 18 118.0 161.0
73 44 140.0 35.0
25 9 83.0 110.0
1 8 153.0 128.0
15 6 105.0 35.0
8 5 120.0 78.0
80 42 15.0 95.0
71 67 43.0 161.0
84 1 172.0 113.0
6 10 191.0 112.0
7 67 166.0 26.0
69 55 149.0 119.0
1 23 121.0 7.0
16 8 148.0 193.0
9 15 108.0 163.0
47 3 70.0 103.0
3 51 13.0 42.0
58 53 135.0 156.0
33 64 162.0 101.0
32 81 79.0 63.0
9 29 107.0 0.0
23 5 158.0 55.0
71 55 101.0 19.0
58 17 197.0 123.0
6 20 112.0 11.0
3 10 103.0 199.0
69 84 40.0 65.0
70 75 8.0 119.0
18 53 11.0 115.0
57 27 156.0 121.0
73 37 91.0 9.0
54 29 10.0 41.0
2 8 120.0 74.0
2 72 122.0 175.0
25 2 104.0 114.0
58 4 176.0 64.0
11 12 27.0 187.0
58 75 49.0 184.0
26 20 120.0 93.0
49 81 175.0 82.0
77 75 109.0 48.0
52 4 60.0 183.0
73 36 193.0 116.0
32 21 44.0 169.0
60 19 68.0 72.0
7 53 121.0 69.0
64 51 31.0 193.0
8 13 186.0 159.0
6 66 21.0 96.0
61 72 102.0 33.0
22 68 116.0 47.0
2 3 48.0 160.0
13 5 45.0 68.0
5 54 98.0 118.0
19 3 52.0 81.0
68 47 131.0 39.0
18 22 134.0 104.0
7 34 199.0 188.0
15 19 23.0 115.0
4 7 81.0 71.0
45 48 157.0 78.0
15 79 80.0 55.0
35 77 56.0 133.0
19 7 80.0 139.0
5 11 81.0 166.0
57 62 122.0 33.0
72 75 99.0 145.0
81 43 141.0 180.0
19 8 183.0 50.0
36 80 171.0 16.0
70 20 26.0 27.0
8 65 36.0 107.0
6 4 93.0 69.0
22 2 123.0 15.0
8 17 35.0 23.0
59 38 35.0 176.0
21 4 77.0 171.0
4 74 181.0 48.0
85 59 65.0 7.0
37 59 108.0 53.0
55 5 120.0 153.0
24 52 84.0 196.0
68 4 114.0 119.0
33 41 44.0 101.0
51 39 62.0 73.0
26 13 3.0 195.0
71 33 96.0 68.0
84 18 9.0 156.0
15 77 125.0 81.0
23 2 16.0 9.0
7 18 175.0 130.0
12 7 107.0 171.0
77 16 172.0 169.0
20 49 69.0 175.0
81 45 139.0 117.0
54 75 65.0 148.0
57 9 167.0 190.0
48 54 108.0 135.0
27 65 112.0 35.0
9 39 106.0 19.0
54 15 74.0 78.0
63 31 127.0 143.0
67 76 23.0 66.0
64 60 23.0 89.0
68 18 8.0 142.0
64 54 119.0 68.0
24 72 145.0 31.0
25 18 17.0 52.0
24 29 152.0 92.0
51 22 194.0 31.0
11 66 39.0 18.0
39 72 117.0 62.0
81 41 177.0 78.0
1 49 81.0 96.0
27 71 16.0 27.0
2 86 178.0 33.0
13 12 154.0 82.0
80 50 17.0 100.0
30 63 83.0 9.0
48 74 124.0 1.0
21 10 166.0 101.0
50 51 131.0 47.0
35 13 65.0 147.0
4 50 171.0 43.0
29 61 27.0 77.0
24 84 58.0 197.0
61 79 129.0 142.0
15 7 9.0 5.0
13 46 55.0 127.0
2 48 39.0 139.0
52 75 59.0 104.0
38 20 182.0 30.0
80 54 73.0 9.0
19 2 84.0 83.0
81 72 146.0 166.0
75 62 198.0 107.0
13 32 39.0 6.0
71 12 115.0 78.0
78 17 3.0 174.0
37 51 163.0 137.0
18 73 148.0 188.0
68 77 21.0 184.0
62 5 122.0 119.0
67 40 152.0 72.0
63 3 128.0 144.0
6 47 111.0 43.0
56 55 143.0 66.0
2 10 38.0 58.0
19 9 158.0 186.0
24 63 120.0 132.0
60 36 195.0 194.0
12 17 44.0 99.0
70 22 129.0 124.0
61 53 127.0 192.0
13 83 64.0 22.0
12 9 162.0 102.0
22 5 102.0 73.0
84 70 84.0 175.0
19 30 87.0 31.0
11 17 94.0 83.0
31 21 96.0 175.0
65 40 18.0 175.0
36 52 38.0 82.0
3 12 61.0 152.0
52 68 188.0 163.0
43 75 39.0 24.0
19 82 104.0 78.0
13 78 120.0 198.0
5 20 153.0 16.0
21 56 69.0 171.0
13 10 121.0 107.0
62 11 16.0 182.0
25 5 172.0 157.0
1 27 48.0 163.0
50 38 183.0 153.0
29 8 132.0 103.0
76 32 121.0 85.0
1 40 106.0 191.0
6 22 54.0 27.0
47 17 4.0 22.0
85 36 48.0 176.0
4 42 54.0 97.0
79 21 142.0 37.0
2 13 86.0 74.0
44 27 129.0 160.0
58 68 184.0 35.0
21 6 168.0 38.0
81 61 36.0 172.0
3 57 105.0 85.0
12 59 27.0 111.0
71 61 145.0 169.0
4 24 107.0 184.0
55 15 181.0 36.0
82 18 48.0 165.0
82 56 62.0 168.0
30 77 7.0 98.0
39 14 135.0 64.0
72 78 157.0 162.0
44 37 19.0 55.0
65 56 92.0 78.0
70 13 30.0 25.0
30 29 23.0 30.0
76 44 112.0 85.0
26 68 84.0 72.0
82 63 92.0 19.0
47 49 43.0 50.0
22 9 2.0 15.0
41 68 31.0 46.0
81 42 145.0 61.0
7 21 110.0 168.0
3 32 134.0 174.0
7 6 164.0 18.0
11 15 103.0 56.0
50 79 45.0 98.0
64 52 163.0 47.0
26 78 119.0 194.0
33 10 81.0 64.0
56 52 189.0 191.0
83 25 131.0 123.0
25 60 3.0 47.0
10 20 158.0 58.0
53 60 78.0 156.0
17 64 181.0 193.0
13 16 117.0 100.0
66 72 190.0 151.0
12 14 44.0 132.0
59 60 177.0 128.0
7 17 184.0 132.0
8 9 42.0 94.0
83 11 122.0 72.0
75 22 159.0 56.0
70 5 49.0 28.0
76 22 79.0 191.0
57 66 86.0 124.0
32 69 80.0 63.0
7 5 107.0 16.0
40 3 39.0 101.0
14 40 71.0 113.0
12 19 148.0 182.0
5 49 55.0 197.0
11 20 16.0 135.0
47 46 195.0 102.0
22 7 138.0 27.0
71 18 5.0 197.0
20 3 122.0 196.0
14 8 70.0 193.0
13 17 61.0 18.0
23 7 80.0 116.0
24 3 123.0 96.0
25 53 173.0 118.0
29 76 182.0 64.0
7 26 102.0 139.0
27 2 39.0 24.0
66 53 180.0 61.0
82 4 35.0 41.0
23 28 106.0 67.0
15 16 23.0 29.0
79 19 30.0 197.0
86 46 194.0 165.0
63 45 90.0 96.0
29 59 93.0 82.0
25 10 188.0 73.0
1 16 173.0 175.0
44 34 136.0 31.0
59 32 72.0 160.0
42 32 14.0 55.0
69 3 196.0 8.0
10 19 172.0 87.0
28 1 19.0 65.0
69 47 39.0 7.0
1 30 84.0 13.0
73 65 88.0 20.0
2 35 74.0 161.0
58 65 11.0 89.0
67 28 16.0 160.0
75 78 83.0 189.0
4 27 184.0 54.0
15 3 5.0 24.0
44 28 79.0 89.0
84 77 195.0 167.0
17 75 36.0 69.0
53 31 188.0 47.0
59 64 18.0 157.0
55 27 78.0 53.0
5 72 153.0 63.0
68 64 70.0 159.0
5 37 13.0 149.0
27 34 9.0 8.0
22 43 150.0 45.0
29 1 100.0 138.0
83 32 162.0 118.0
58 26 2.0 41.0
11 7 152.0 155.0
2 9 123.0 23.0
42 63 81.0 88.0
6 3 143.0 90.0
36 24 67.0 93.0
43 86 184.0 120.0
32 23 128.0 146.0
41 64 145.0 130.0
82 39 42.0 97.0
18 10 171.0 117.0
12 22 38.0 53.0
78 58 134.0 133.0
74 17 163.0 153.0
4 25 145.0 147.0
81 54 130.0 73.0
24 75 84.0 75.0
27 11 146.0 79.0
40 85 194.0 118.0
8 22 113.0 184.0
17 15 49.0 199.0
65 6 10.0 12.0
24 7 194.0 107.0
82 60 46.0 76.0
48 66 131.0 82.0
20 12 177.0 77.0
21 82 168.0 171.0
19 11 89.0 34.0
46 32 178.0 138.0
29 66 69.0 188.0
7 29 123.0 15.0
3 22 118.0 169.0
18 8 175.0 1.0
46 43 27.0 152.0
23 10 0.0 148.0
72 31 64.0 89.0
2 26 10.0 42.0
25 8 145.0 31.0
3 30 12.0 21.0
11 71 38.0 82.0
3 11 160.0 13.0
54 77 43.0 187.0
64 84 128.0 44.0
28 36 141.0 145.0
38 16 196.0 103.0
57 1 1.0 94.0
55 74 71.0 165.0
50 16 52.0 61.0
18 13 196.0 12.0
29 28 186.0 191.0
18 28 12.0 66.0
56 16 138.0 105.0
32 39 73.0 135.0
39 24 75.0 27.0
3 33 153.0 98.0
49 60 122.0 5.0
20 18 26.0 70.0
38 61 64.0 164.0
2 85 26.0 76.0
15 53 49.0 165.0
83 57 85.0 122.0
80 56 177.0 160.0
2 4 134.0 82.0
1 32 50.0 56.0
64 6 82.0 28.0
21 14 46.0 98.0
34 1 177.0 73.0
24 61 3.0 26.0
31 1 123.0 88.0
10 5 144.0 52.0
24 11 75.0 78.0
9 73 184.0 78.0
78 79 58.0 18.0
68 46 82.0 57.0
25 43 57.0 59.0
17 46 162.0 60.0
12 36 187.0 37.0
30 72 8.0 131.0
26 76 150.0 35.0
55 38 13.0 86.0
31 83 127.0 24.0
42 30 121.0 161.0
18 17 83.0 130.0
32 86 146.0 197.0
20 4 193.0 134.0
70 78 50.0 153.0
6 28 27.0 152.0
15 39 130.0 40.0
28 65 124.0 9.0
18 14 12.0 198.0
75 59 103.0 47.0
20 15 163.0 50.0
85 5 105.0 157.0
74 19 132.0 108.0
74 9 58.0 159.0
40 29 2.0 188.0
8 23 18.0 78.0
65 81 15.0 182.0
46 23 28.0 118.0
11 8 105.0 144.0
13 28 162.0 10.0
38 39 167.0 94.0
22 4 86.0 177.0
31 26 174.0 88.0
1 5 188.0 144.0
78 10 152.0 155.0
24 66 183.0 132.0
75 27 154.0 40.0
46 14 45.0 68.0
44 8 4.0 12.0
12 1 23.0 90.0
27 23 126.0 149.0
10 14 44.0 66.0
17 4 34.0 196.0
75 67 96.0 169.0
2 16 38.0 3.0
24 16 134.0 83.0
27 3 3.0 139.0
33 20 47.0 178.0
35 29 57.0 125.0
37 72 51.0 101.0
81 86 114.0 37.0
58 45 38.0 163.0
28 8 29.0 77.0
84 49 24.0 164.0
81 4 148.0 27.0
2 20 44.0 147.0
30 5 164.0 53.0
48 55 83.0 167.0
46 81 189.0 150.0
31 46 179.0 179.0
21 5 68.0 8.0
52 17 81.0 44.0
20 57 64.0 29.0
53 64 68.0 108.0
40 83 121.0 32.0
43 54 128.0 156.0
14 19 69.0 117.0
80 7 2.0 0.0
10 44 26.0 23.0
52 42 65.0 107.0
4 83 73.0 129.0
5 31 171.0 141.0
66 80 172.0 92.0
39 17 135.0 100.0
24 10 78.0 157.0
42 28 122.0 33.0
63 71 4.0 148.0
21 8 119.0 69.0
11 14 65.0 192.0
78 5 139.0 36.0
76 47 192.0 63.0
56 2 188.0 79.0
37 65 101.0 18.0
6 19 112.0 24.0
82 35 87.0 116.0
55 8 132.0 6.0
13 21 75.0 149.0
67 15 104.0 14.0
61 34 99.0 96.0
35 80 180.0 39.0
59 13 110.0 81.0
32 64 121.0 22.0
13 42 18.0 8.0
41 35 68.0 150.0
11 86 57.0 143.0
10 15 8.0 161.0
4 28 34.0 59.0
11 21 52.0 14.0
5 32 18.0 162.0
60 66 39.0 139.0
14 15 160.0 57.0
62 70 134.0 28.0
34 3 48.0 143.0
63 1 170.0 8.0
14 48 105.0 4.0
9 21 123.0 158.0
33 25 123.0 142.0
32 6 141.0 114.0
84 10 198.0 54.0
31 7 92.0 84.0
27 84 190.0 140.0
76 71 4.0 113.0
33 14 134.0 110.0
51 13 106.0 10.0
29 47 6.0 181.0
16 54 70.0 99.0
55 76 100.0 21.0
41 6 98.0 192.0
10 16 176.0 88.0
6 82 153.0 181.0
4 1 111.0 40.0
6 61 11.0 169.0
13 25 195.0 17.0
70 74 15.0 18.0
55 2 162.0 115.0
7 64 37.0 12.0
85 42 130.0 14.0
16 19 29.0 35.0
45 6 109.0 140.0
58 10 39.0 120.0
29 4 160.0 187.0
10 36 181.0 175.0
19 13 148.0 96.0
83 37 198.0 186.0
70 7 120.0 80.0
50 9 145.0 149.0
2 21 77.0 54.0
9 18 115.0 68.0
43 50 71.0 75.0
2 36 160.0 5.0
72 62 51.0 61.0
16 18 27.0 50.0
64 21 154.0 99.0
29 17 46.0 99.0
21 58 146.0 75.0
70 66 144.0 13.0
22 73 163.0 167.0
48 75 193.0 76.0
50 60 91.0 44.0
31 37 39.0 118.0
58 24 79.0 193.0
40 27 12.0 77.0
76 53 28.0 110.0
25 34 199.0 124.0
20 61 111.0 162.0
49 71 194.0 104.0
44 75 63.0 37.0
26 12 28.0 54.0
35 74 45.0 107.0
14 17 144.0 9.0
9 27 137.0 173.0
57 44 62.0 136.0
17 10 110.0 173.0
82 32 121.0 56.0
31 2 28.0 136.0
37 76 124.0 56.0
63 5 186.0 121.0
18 66 142.0 130.0
16 12 197.0 32.0
16 21 46.0 11.0
44 67 165.0 108.0
4 77 46.0 86.0
16 73 57.0 75.0
38 1 108.0 181.0
8 30 4.0 94.0
25 59 188.0 147.0
81 70 89.0 185.0
16 9 23.0 135.0
67 47 49.0 188.0
27 10 18.0 96.0
29 34 166.0 75.0
3 28 110.0 26.0
59 7 50.0 114.0
3 35 32.0 38.0
23 85 196.0 121.0
85 24 57.0 19.0
14 25 165.0 106.0
34 23 185.0 183.0
48 50 36.0 151.0
12 27 132.0 146.0
18 19 50.0 182.0
57 37 122.0 82.0
7 25 121.0 118.0
8 24 122.0 130.0
71 21 33.0 87.0
17 20 68.0 19.0
5 43 102.0 104.0
17 81 53.0 186.0
8 20 41.0 103.0
57 41 41.0 163.0
41 51 11.0 114.0
52 3 172.0 85.0
15 63 175.0 157.0
27 8 29.0 196.0
74 81 55.0 131.0
76 70 70.0 108.0
29 3 130.0 111.0
55 79 100.0 123.0
43 64 136.0 63.0
17 22 65.0 60.0
15 66 68.0 41.0
11 58 101.0 97.0
44 24 144.0 156.0
21 15 88.0 14.0
15 24 186.0 170.0
34 2 116.0 38.0
81 20 163.0 4.0
58 5 26.0 180.0
27 13 84.0 94.0
19 48 100.0 185.0
28 11 127.0 196.0
6 5 42.0 15.0
28 9 144.0 180.0
41 46 112.0 13.0
57 26 26.0 27.0
5 28 20.0 52.0
60 1 191.0 104.0
40 38 70.0 43.0
75 31 43.0 197.0
32 47 43.0 85.0
4 36 131.0 140.0
33 1 109.0 195.0
35 25 156.0 87.0
16 17 162.0 176.0
10 22 31.0 106.0
60 30 7.0 101.0
52 43 96.0 51.0
14 2 115.0 92.0
21 18 95.0 198.0
18 42 59.0 157.0
58 77 148.0 16.0
39 2 173.0 111.0
68 70 50.0 4.0
5 84 12.0 10.0
17 21 121.0 60.0
32 7 160.0 188.0
28 7 25.0 7.0
60 71 146.0 85.0
54 74 97.0 95.0
1 35 174.0 70.0
17 24 197.0 177.0
51 40 192.0 161.0
65 77 53.0 65.0
9 32 167.0 13.0
67 10 172.0 192.0
31 9 50.0 70.0
11 84 32.0 147.0
26 6 106.0 6.0
66 84 81.0 104.0
37 20 74.0 25.0
10 48 70.0 128.0
4 31 41.0 189.0
19 44 4.0 13.0
60 85 197.0 54.0
74 3 85.0 29.0
15 57 169.0 191.0
46 60 198.0 2.0
80 17 56.0 72.0
64 11 120.0 78.0
2 30 160.0 161.0
38 84 68.0 164.0
74 46 20.0 17.0
48 82 49.0 57.0
31 8 14.0 170.0
22 13 9.0 12.0
22 19 23.0 18.0
82 51 35.0 95.0
45 54 69.0 196.0
43 57 51.0 89.0
16 69 160.0 23.0
64 38 196.0 9.0
65 44 26.0 11.0
2 37 8.0 188.0
17 23 154.0 32.0
49 12 170.0 189.0
57 24 24.0 191.0
81 77 85.0 27.0
52 22 196.0 198.0
59 62 166.0 193.0
30 9 147.0 144.0
19 20 144.0 155.0
15 32 97.0 50.0
44 16 107.0 19.0
40 56 179.0 84.0
38 44 182.0 64.0
65 75 150.0 179.0
8 32 65.0 68.0
23 15 59.0 12.0
56 70 92.0 155.0
20 16 78.0 189.0
36 15 126.0 137.0
62 66 167.0 105.0
15 22 103.0 101.0
33 2 110.0 6.0
71 1 36.0 175.0
40 72 89.0 48.0
14 26 117.0 133.0
29 12 110.0 195.0
5 36 158.0 36.0
45 64 95.0 77.0
26 9 102.0 151.0
42 6 71.0 12.0
84 56 175.0 108.0
41 31 137.0 64.0
62 24 176.0 54.0
30 12 57.0 86.0
19 23 97.0 15.0
62 25 182.0 145.0
44 29 186.0 84.0
26 8 188.0 57.0
63 12 19.0 163.0
34 82 193.0 108.0
11 49 151.0 169.0
33 7 107.0 9.0
15 26 50.0 5.0
64 15 44.0 184.0
35 6 3.0 182.0
46 10 10.0 143.0
36 3 38.0 29.0
27 18 167.0 31.0
66 68 72.0 70.0
35 5 43.0 179.0
73 5 77.0 45.0
11 72 36.0 121.0
25 56 119.0 191.0
65 84 155.0 129.0
29 13 184.0 146.0
30 70 3.0 103.0
51 69 43.0 27.0
8 51 61.0 39.0
56 53 181.0 90.0
11 31 116.0 170.0
33 18 113.0 35.0
10 28 194.0 20.0
48 17 27.0 179.0
3 37 130.0 30.0
53 78 62.0 126.0
34 4 110.0 75.0
41 2 67.0 44.0
50 61 100.0 183.0
78 84 128.0 165.0
25 72 163.0 74.0
17 19 104.0 190.0
33 5 144.0 186.0
14 79 197.0 158.0
74 61 183.0 59.0
39 86 137.0 50.0
29 14 149.0 37.0
46 67 93.0 29.0
53 82 100.0 8.0
7 35 197.0 156.0
22 85 105.0 141.0
40 2 188.0 102.0
65 30 142.0 171.0
6 27 38.0 79.0
49 78 69.0 187.0
6 37 19.0 114.0
67 21 133.0 119.0
12 86 197.0 82.0
77 82 81.0 102.0
86 57 113.0 69.0
78 82 86.0 7.0
21 23 31.0 125.0
65 29 35.0 52.0
4 32 9.0 55.0
26 17 114.0 94.0
17 27 28.0 111.0
60 48 179.0 109.0
33 6 190.0 92.0
13 23 194.0 77.0
4 38 151.0 25.0
33 68 155.0 186.0
76 10 84.0 116.0
83 3 74.0 150.0
75 46 42.0 102.0
85 48 99.0 21.0
72 26 17.0 89.0
32 37 8.0 11.0
41 22 195.0 159.0
18 26 14.0 150.0
58 64 59.0 50.0
66 61 120.0 133.0
12 40 191.0 114.0
79 84 92.0 42.0
10 30 70.0 61.0
69 41 178.0 78.0
62 51 184.0 173.0
34 5 27.0 198.0
82 27 76.0 87.0
1 41 165.0 196.0
73 83 62.0 108.0
80 21 150.0 106.0
52 2 187.0 20.0
35 31 157.0 166.0
42 2 128.0 93.0
44 1 62.0 108.0
12 24 43.0 139.0
44 26 183.0 8.0
25 15 99.0 46.0
33 35 52.0 1.0
29 62 168.0 191.0
85 56 64.0 125.0
82 28 168.0 145.0
15 60 106.0 31.0
63 37 71.0 149.0
39 5 111.0 55.0
63 26 197.0 11.0
52 5 29.0 1.0
59 15 10.0 197.0
63 18 55.0 26.0
33 9 60.0 23.0
83 33 176.0 166.0
69 19 90.0 0.0
61 2 108.0 1.0
27 15 17.0 57.0
34 6 67.0 199.0
36 17 9.0 29.0
26 56 21.0 64.0
2 70 107.0 34.0
34 9 174.0 36.0
5 38 102.0 16.0
21 20 103.0 163.0
16 26 15.0 72.0
39 3 90.0 34.0
21 44 195.0 99.0
4 37 2.0 169.0
16 22 0.0 109.0
2 28 80.0 127.0
24 19 128.0 134.0
58 38 152.0 183.0
67 29 157.0 119.0
24 81 99.0 199.0
30 13 40.0 47.0
58 1 119.0 194.0
16 29 182.0 72.0
27 16 39.0 62.0
45 46 112.0 119.0
83 44 172.0 64.0
72 82 142.0 129.0
76 9 107.0 194.0
10 31 95.0 99.0
33 4 84.0 167.0
14 30 7.0 66.0
7 38 188.0 46.0
38 3 180.0 100.0
80 61 36.0 153.0
8 36 37.0 178.0
46 7 197.0 96.0
30 17 126.0 93.0
39 1 96.0 162.0
82 44 97.0 103.0
81 13 44.0 85.0
6 38 145.0 24.0
25 22 50.0 133.0
51 52 183.0 40.0
9 36 153.0 180.0
73 14 126.0 32.0
22 27 144.0 174.0
62 49 37.0 41.0
28 15 104.0 81.0
21 22 15.0 1.0
34 35 7.0 18.0
78 63 33.0 190.0
41 42 79.0 139.0
47 50 90.0 157.0
76 45 141.0 34.0
11 32 46.0 130.0
39 7 172.0 102.0
42 3 161.0 187.0
52 28 186.0 169.0
82 76 162.0 172.0
30 11 87.0 193.0
30 16 199.0 177.0
20 23 100.0 92.0
24 21 50.0 98.0
60 69 9.0 22.0
11 35 196.0 122.0
66 52 87.0 135.0
22 24 141.0 1.0
77 51 4.0 28.0
11 26 187.0 155.0
25 20 16.0 39.0
34 13 162.0 67.0
17 28 50.0 123.0
76 28 123.0 198.0
80 10 196.0 162.0
77 18 114.0 137.0
68 51 61.0 70.0
36 11 148.0 0.0
43 31 153.0 117.0
45 1 124.0 115.0
1 42 181.0 126.0
54 42 28.0 56.0
43 7 155.0 176.0
10 35 146.0 69.0
41 3 59.0 159.0
71 35 48.0 160.0
65 12 186.0 1.0
15 33 142.0 62.0
14 20 197.0 123.0
43 32 124.0 178.0
19 21 186.0 79.0
40 6 4.0 84.0
27 14 63.0 16.0
53 21 12.0 111.0
24 37 122.0 150.0
29 73 190.0 64.0
37 9 115.0 187.0
48 32 173.0 192.0
27 36 92.0 159.0
49 69 117.0 49.0
1 68 100.0 180.0
22 20 54.0 112.0
68 5 135.0 176.0
77 85 76.0 77.0
15 48 156.0 143.0
79 20 6.0 129.0
48 73 35.0 51.0
47 65 28.0 105.0
31 12 166.0 128.0
40 7 36.0 20.0
67 77 81.0 172.0
75 56 25.0 109.0
23 16 153.0 181.0
25 12 3.0 159.0
73 33 139.0 38.0
7 36 131.0 119.0
28 19 62.0 97.0
25 19 47.0 98.0
6 36 158.0 80.0
7 41 194.0 183.0
12 35 189.0 147.0
1 43 80.0 192.0
44 54 132.0 171.0
25 17 11.0 63.0
78 62 83.0 25.0
83 47 0.0 82.0
67 63 26.0 110.0
38 82 153.0 21.0
32 63 187.0 142.0
25 24 49.0 19.0
43 36 100.0 181.0
61 69 77.0 64.0
36 42 196.0 112.0
28 21 168.0 196.0
44 33 69.0 194.0
20 86 112.0 174.0
12 33 67.0 51.0
76 3 177.0 68.0
38 56 199.0 30.0
31 59 11.0 28.0
36 1 101.0 7.0
5 42 53.0 21.0
34 11 116.0 122.0
31 16 23.0 28.0
28 20 24.0 42.0
17 31 19.0 2.0
11 37 62.0 171.0
33 30 61.0 26.0
37 60 84.0 114.0
44 3 154.0 138.0
6 43 38.0 71.0
40 32 130.0 13.0
42 7 137.0 154.0
61 1 31.0 156.0
53 48 170.0 93.0
41 9 123.0 184.0
42 57 198.0 160.0
51 61 41.0 152.0
9 84 75.0 31.0
34 10 110.0 5.0
72 67 18.0 199.0
67 56 65.0 49.0
10 79 66.0 35.0
61 36 71.0 141.0
85 8 8.0 69.0
68 10 62.0 1.0
8 57 176.0 89.0
67 4 127.0 38.0
62 20 131.0 145.0
67 55 179.0 196.0
40 75 55.0 197.0
24 40 73.0 126.0
27 20 192.0 81.0
47 71 69.0 6.0
33 24 94.0 197.0
24 20 101.0 22.0
39 8 17.0 185.0
83 78 155.0 148.0
58 49 169.0 10.0
2 45 29.0 42.0
82 55 107.0 173.0
31 54 177.0 129.0
31 19 169.0 71.0
11 29 138.0 23.0
58 85 31.0 107.0
76 51 59.0 138.0
39 6 95.0 28.0
32 16 175.0 124.0
73 3 9.0 82.0
28 22 56.0 186.0
10 39 4.0 178.0
76 12 20.0 142.0
26 21 6.0 3.0
31 86 116.0 65.0
26 48 29.0 11.0
4 46 166.0 4.0
86 63 119.0 175.0
26 23 92.0 127.0
28 16 178.0 48.0
40 4 75.0 150.0
83 56 154.0 34.0
22 26 135.0 22.0
80 22 165.0 116.0
12 61 162.0 83.0
24 18 112.0 33.0
27 21 47.0 4.0
41 21 133.0 25.0
45 3 91.0 160.0
9 3 126.0 198.0
27 19 95.0 13.0
41 34 79.0 12.0
38 11 112.0 193.0
81 2 31.0 24.0
24 23 110.0 78.0
4 44 132.0 43.0
50 33 16.0 176.0
35 8 100.0 94.0
41 8 152.0 195.0
44 2 191.0 183.0
34 64 113.0 55.0
26 24 96.0 96.0
45 7 198.0 6.0
23 18 70.0 82.0
33 75 108.0 86.0
69 48 83.0 161.0
37 12 30.0 35.0
38 12 75.0 21.0
51 23 104.0 140.0
16 34 120.0 0.0
45 71 99.0 70.0
79 36 118.0 169.0
16 43 52.0 179.0
82 85 182.0 135.0
63 57 68.0 12.0
1 46 193.0 143.0
35 15 170.0 97.0
62 28 37.0 91.0
40 5 120.0 88.0
57 84 134.0 39.0
40 11 6.0 186.0
1 56 110.0 140.0
35 14 41.0 179.0
1 50 1.0 34.0
85 73 183.0 172.0
6 44 45.0 172.0
30 21 147.0 166.0
29 18 87.0 81.0
40 10 37.0 46.0
29 41 39.0 147.0
80 31 30.0 80.0
39 11 63.0 184.0
52 55 140.0 199.0
12 34 3.0 186.0
73 57 158.0 102.0
76 84 188.0 45.0
18 30 46.0 177.0
37 13 121.0 38.0
36 57 108.0 104.0
36 41 40.0 123.0
24 2 71.0 181.0
31 15 86.0 74.0
70 72 36.0 44.0
48 3 171.0 176.0
41 10 115.0 169.0
80 58 184.0 36.0
21 49 15.0 92.0
3 1 176.0 8.0
42 9 88.0 199.0
9 85 187.0 174.0
70 41 171.0 23.0
49 86 145.0 94.0
17 33 133.0 12.0
52 65 101.0 118.0
28 49 73.0 69.0
49 74 117.0 2.0
77 38 134.0 157.0
28 24 134.0 121.0
33 13 66.0 58.0
84 35 199.0 163.0
29 50 192.0 132.0
29 31 69.0 45.0
80 5 39.0 94.0
78 15 65.0 156.0
53 41 133.0 151.0
9 38 4.0 20.0
18 32 63.0 71.0
85 19 151.0 14.0
20 31 138.0 95.0
38 71 10.0 159.0
68 32 102.0 2.0
39 47 8.0 120.0
20 29 126.0 93.0
73 80 112.0 131.0
44 63 126.0 128.0
11 42 150.0 29.0
5 48 191.0 88.0
51 12 175.0 153.0
5 44 59.0 78.0
55 83 42.0 19.0
50 3 165.0 169.0
26 27 121.0 30.0
38 13 42.0 47.0
33 8 46.0 193.0
19 34 73.0 37.0
42 47 134.0 0.0
14 38 12.0 145.0
41 55 2.0 54.0
27 62 158.0 119.0
17 35 177.0 80.0
84 46 64.0 20.0
8 43 116.0 110.0
16 36 127.0 189.0
8 59 187.0 13.0
9 69 1.0 151.0
23 29 7.0 3.0
42 73 57.0 117.0
24 27 35.0 186.0
72 21 41.0 99.0
36 66 122.0 157.0
3 49 54.0 49.0
19 35 61.0 41.0
60 78 152.0 14.0
50 42 84.0 159.0
52 1 116.0 93.0
11 41 159.0 103.0
79 8 18.0 152.0
15 38 81.0 140.0
2 43 153.0 135.0
30 7 130.0 167.0
78 32 24.0 82.0
5 46 43.0 61.0
7 37 151.0 111.0
81 39 185.0 62.0
46 65 190.0 3.0
31 14 140.0 71.0
3 46 193.0 46.0
37 54 8.0 75.0
85 28 145.0 184.0
26 28 75.0 140.0
9 35 146.0 27.0
13 41 91.0 131.0
37 17 188.0 81.0
1 53 170.0 80.0
83 21 197.0 163.0
74 57 134.0 5.0
15 37 1.0 31.0
36 18 195.0 76.0
2 50 145.0 93.0
42 12 57.0 189.0
34 21 197.0 45.0
41 12 37.0 119.0
7 47 143.0 186.0
42 8 171.0 29.0
25 27 176.0 124.0
54 39 160.0 171.0
5 41 57.0 58.0
48 1 9.0 66.0
51 1 196.0 158.0
14 37 144.0 186.0
32 19 87.0 88.0
75 6 1.0 10.0
41 43 163.0 129.0
73 53 46.0 76.0
69 25 14.0 103.0
49 2 2.0 175.0
17 56 125.0 151.0
73 78 177.0 69.0
42 24 177.0 64.0
22 35 109.0 130.0
42 14 198.0 25.0
48 4 180.0 45.0
29 26 120.0 194.0
43 72 6.0 74.0
33 28 168.0 83.0
34 17 24.0 145.0
47 10 145.0 1.0
44 17 99.0 7.0
70 3 103.0 97.0
36 23 24.0 83.0
64 42 169.0 144.0
20 32 4.0 127.0
59 74 158.0 124.0
34 20 34.0 182.0
67 31 121.0 132.0
8 47 59.0 172.0
60 18 112.0 162.0
41 84 63.0 136.0
40 13 128.0 32.0
8 48 198.0 84.0
53 65 142.0 157.0
28 58 163.0 177.0
80 64 95.0 36.0
44 11 75.0 155.0
65 62 98.0 187.0
54 1 197.0 161.0
52 32 109.0 78.0
19 33 131.0 60.0
45 10 104.0 73.0
37 19 88.0 20.0
7 48 111.0 183.0
84 21 199.0 186.0
5 50 179.0 97.0
13 43 59.0 128.0
14 41 163.0 121.0
22 32 148.0 46.0
37 55 10.0 4.0
41 73 138.0 50.0
49 7 154.0 1.0
83 69 36.0 105.0
80 59 66.0 167.0
55 59 71.0 77.0
39 12 31.0 186.0
72 32 81.0 179.0
19 36 83.0 44.0
77 1 97.0 21.0
63 6 157.0 51.0
74 37 180.0 145.0
9 68 26.0 198.0
36 21 71.0 49.0
25 29 54.0 103.0
13 44 78.0 135.0
51 4 131.0 113.0
26 30 106.0 180.0
26 10 25.0 15.0
31 68 3.0 5.0
49 39 91.0 29.0
37 34 154.0 162.0
76 66 88.0 160.0
35 43 22.0 118.0
38 26 5.0 105.0
31 79 28.0 64.0
44 12 10.0 53.0
73 70 122.0 13.0
22 40 47.0 13.0
65 71 93.0 153.0
25 31 149.0 133.0
77 46 45.0 172.0
63 20 105.0 51.0
46 6 185.0 85.0
18 39 195.0 148.0
18 38 69.0 69.0
11 47 86.0 116.0
38 17 60.0 131.0
58 27 1.0 10.0
31 27 6.0 47.0
45 12 79.0 63.0
54 79 119.0 64.0
46 63 45.0 66.0
21 25 186.0 114.0
76 65 134.0 73.0
28 30 91.0 194.0
68 37 40.0 45.0
53 2 102.0 198.0
59 30 163.0 181.0
15 42 105.0 34.0
11 76 88.0 151.0
86 6 8.0 26.0
63 56 108.0 94.0
9 46 77.0 199.0
4 73 183.0 69.0
43 9 134.0 85.0
40 73 43.0 49.0
29 49 178.0 101.0
48 9 126.0 18.0
64 67 173.0 134.0
8 46 152.0 81.0
20 39 113.0 29.0
64 57 70.0 49.0
67 11 0.0 156.0
14 43 121.0 195.0
17 41 179.0 99.0
41 24 122.0 105.0
29 15 57.0 95.0
32 28 191.0 9.0
43 4 191.0 105.0
54 13 111.0 13.0
15 73 145.0 63.0
75 18 170.0 66.0
86 68 160.0 101.0
9 40 148.0 34.0
9 49 72.0 157.0
17 86 172.0 63.0
16 41 102.0 164.0
1 6 19.0 14.0
70 26 179.0 164.0
35 24 148.0 149.0
13 36 87.0 108.0
51 5 61.0 187.0
44 14 34.0 133.0
21 35 125.0 6.0
38 37 48.0 27.0
35 48 55.0 19.0
49 10 159.0 35.0
63 77 19.0 107.0
43 3 99.0 58.0
10 54 85.0 113.0
62 37 157.0 71.0
78 86 169.0 82.0
29 46 156.0 169.0
22 36 126.0 11.0
45 14 42.0 85.0
50 8 26.0 13.0
35 52 22.0 77.0
14 34 9.0 59.0
28 31 136.0 166.0
72 49 111.0 57.0
37 10 69.0 19.0
42 16 90.0 195.0
3 54 68.0 132.0
78 2 138.0 94.0
53 67 140.0 112.0
45 15 103.0 149.0
53 5 12.0 192.0
65 80 34.0 76.0
9 44 42.0 103.0
67 33 12.0 132.0
40 19 60.0 32.0
35 20 185.0 150.0
2 57 69.0 125.0
23 35 190.0 173.0
15 40 67.0 155.0
6 48 194.0 54.0
37 22 109.0 189.0
55 50 195.0 73.0
69 2 155.0 55.0
26 33 139.0 141.0
30 22 62.0 9.0
34 24 140.0 52.0
50 10 121.0 8.0
45 77 69.0 116.0
11 45 83.0 130.0
4 45 20.0 30.0
14 36 197.0 176.0
33 22 120.0 88.0
50 7 29.0 182.0
60 58 138.0 169.0
79 6 137.0 60.0
74 27 67.0 158.0
64 29 115.0 102.0
50 44 103.0 88.0
4 54 167.0 100.0
32 26 20.0 39.0
29 83 126.0 49.0
7 51 107.0 64.0
18 41 196.0 44.0
40 8 189.0 15.0
13 45 133.0 105.0
61 86 21.0 37.0
40 17 94.0 140.0
32 29 173.0 66.0
13 47 163.0 99.0
4 55 91.0 70.0
9 47 196.0 39.0
15 41 112.0 138.0
32 27 22.0 197.0
38 21 149.0 44.0
48 12 106.0 195.0
52 10 70.0 79.0
23 22 168.0 33.0
26 35 142.0 12.0
86 24 96.0 90.0
23 41 30.0 8.0
18 44 163.0 4.0
7 55 68.0 64.0
64 4 53.0 127.0
17 43 2.0 124.0
12 78 39.0 123.0
50 14 192.0 181.0
58 2 196.0 89.0
73 2 27.0 178.0
70 40 152.0 143.0
15 13 120.0 172.0
11 46 92.0 174.0
37 75 51.0 94.0
47 15 29.0 42.0
65 68 43.0 21.0
13 55 2.0 191.0
49 53 23.0 182.0
28 12 88.0 175.0
43 15 151.0 9.0
60 6 161.0 43.0
72 15 48.0 164.0
53 9 12.0 77.0
26 40 180.0 7.0
86 7 129.0 134.0
51 55 73.0 153.0
58 69 174.0 162.0
17 42 132.0 77.0
47 30 147.0 45.0
42 19 118.0 195.0
85 44 198.0 82.0
75 8 141.0 130.0
7 75 160.0 71.0
27 33 22.0 186.0
81 71 189.0 148.0
26 39 33.0 73.0
59 4 110.0 132.0
9 58 49.0 180.0
7 66 28.0 47.0
50 13 144.0 170.0
51 10 126.0 57.0
14 52 129.0 101.0
37 25 70.0 118.0
26 66 126.0 55.0
21 37 94.0 36.0
63 22 67.0 143.0
6 54 136.0 95.0
41 20 169.0 81.0
29 33 83.0 95.0
46 12 180.0 13.0
37 23 25.0 50.0
2 54 193.0 152.0
59 1 158.0 39.0
46 42 189.0 177.0
27 29 101.0 126.0
5 57 157.0 70.0
22 38 134.0 192.0
12 47 64.0 66.0
43 18 20.0 41.0
43 19 169.0 165.0
56 3 195.0 79.0
60 74 17.0 137.0
45 17 28.0 70.0
30 31 175.0 185.0
6 56 123.0 61.0
38 72 128.0 139.0
8 56 72.0 100.0
11 53 164.0 193.0
9 52 9.0 160.0
45 9 115.0 178.0
77 59 190.0 144.0
85 52 150.0 117.0
74 33 147.0 25.0
60 3 108.0 27.0
51 73 176.0 180.0
54 8 15.0 141.0
46 15 31.0 177.0
22 39 166.0 98.0
46 16 96.0 156.0
13 48 39.0 46.0
21 42 116.0 186.0
42 22 87.0 24.0
15 65 39.0 63.0
70 47 30.0 7.0
45 19 159.0 13.0
16 45 199.0 77.0
36 25 86.0 96.0
83 9 165.0 126.0
21 40 155.0 33.0
25 39 76.0 42.0
38 23 46.0 68.0
61 22 120.0 29.0
82 1 6.0 31.0
56 7 165.0 158.0
47 18 105.0 51.0
32 33 67.0 22.0
43 10 24.0 174.0
35 30 31.0 101.0
86 60 89.0 77.0
81 47 111.0 161.0
59 5 7.0 69.0
75 16 148.0 172.0
82 81 86.0 5.0
56 41 195.0 105.0
23 42 101.0 20.0
10 53 75.0 84.0
20 45 190.0 117.0
9 79 73.0 101.0
23 39 125.0 81.0
33 58 135.0 26.0
52 60 31.0 21.0
14 63 47.0 26.0
59 6 158.0 149.0
74 22 113.0 34.0
20 43 120.0 55.0
3 62 53.0 193.0
5 60 181.0 130.0
55 6 157.0 68.0
75 23 199.0 188.0
48 18 78.0 47.0
47 16 37.0 37.0
58 50 33.0 102.0
51 11 155.0 105.0
36 29 49.0 160.0
52 7 157.0 182.0
50 11 187.0 66.0
57 6 13.0 139.0
34 31 91.0 92.0
46 20 171.0 80.0
19 72 78.0 156.0
18 46 111.0 185.0
19 46 141.0 113.0
58 86 140.0 50.0
58 3 143.0 80.0
34 76 1.0 157.0
24 50 195.0 93.0
38 19 34.0 118.0
1 21 105.0 64.0
11 74 0.0 169.0
53 12 40.0 141.0
46 30 28.0 133.0
17 49 135.0 171.0
29 37 93.0 137.0
49 14 163.0 40.0
32 34 168.0 149.0
25 38 122.0 25.0
44 51 66.0 122.0
24 31 6.0 59.0
30 67 171.0 186.0
7 57 93.0 59.0
49 6 119.0 138.0
31 32 189.0 35.0
31 55 122.0 109.0
17 76 117.0 196.0
37 26 158.0 183.0
55 1 198.0 116.0
83 45 95.0 169.0
76 1 49.0 140.0
79 11 106.0 121.0
43 27 97.0 48.0
38 27 42.0 171.0
47 20 174.0 159.0
42 25 124.0 132.0
8 52 28.0 122.0
47 74 113.0 75.0
33 34 0.0 163.0
61 49 55.0 107.0
7 58 36.0 104.0
30 20 157.0 79.0
15 49 31.0 131.0
37 8 79.0 107.0
7 54 117.0 59.0
84 31 49.0 30.0
81 18 149.0 49.0
61 5 173.0 4.0
8 69 80.0 10.0
70 60 81.0 189.0
53 13 173.0 112.0
44 22 102.0 4.0
61 7 82.0 171.0
2 66 4.0 83.0
27 41 128.0 153.0
49 13 161.0 102.0
82 11 56.0 41.0
62 7 192.0 137.0
24 38 93.0 165.0
46 22 31.0 147.0
54 12 86.0 65.0
25 41 66.0 90.0
65 66 179.0 147.0
65 3 25.0 140.0
50 74 74.0 81.0
80 27 169.0 66.0
36 49 145.0 14.0
31 36 90.0 128.0
34 78 151.0 176.0
61 35 128.0 169.0
30 36 117.0 108.0
43 24 134.0 142.0
16 49 97.0 8.0
40 25 164.0 19.0
28 27 116.0 61.0
60 2 26.0 6.0
14 47 77.0 177.0
54 11 13.0 6.0
53 8 133.0 130.0
81 73 96.0 19.0
68 3 192.0 146.0
42 66 66.0 109.0
75 11 97.0 134.0
33 54 95.0 76.0
65 4 180.0 172.0
28 35 72.0 193.0
27 63 111.0 157.0
11 55 52.0 7.0
62 6 11.0 196.0
61 60 173.0 29.0
71 69 36.0 22.0
36 39 84.0 131.0
29 38 112.0 16.0
19 49 182.0 136.0
28 38 42.0 45.0
3 64 178.0 94.0
3 59 181.0 142.0
56 13 72.0 106.0
52 16 144.0 60.0
34 26 91.0 181.0
66 4 137.0 155.0
14 54 101.0 71.0
8 58 111.0 144.0
37 79 80.0 90.0
74 79 78.0 13.0
64 5 43.0 102.0
29 58 187.0 187.0
27 42 57.0 78.0
21 46 181.0 146.0
27 35 167.0 35.0
45 22 57.0 78.0
26 71 51.0 89.0
48 21 108.0 129.0
27 66 182.0 103.0
2 63 5.0 169.0
22 47 185.0 62.0
69 1 62.0 118.0
45 25 114.0 181.0
20 48 54.0 123.0
65 85 85.0 105.0
59 9 98.0 145.0
8 81 116.0 32.0
51 15 5.0 121.0
70 1 138.0 190.0
30 40 123.0 153.0
63 51 99.0 189.0
45 39 127.0 105.0
64 2 0.0 12.0
10 56 165.0 50.0
30 34 47.0 81.0
53 14 190.0 53.0
48 22 34.0 129.0
50 17 175.0 110.0
12 56 115.0 26.0
57 11 145.0 42.0
6 58 89.0 145.0
45 23 168.0 54.0
72 63 20.0 167.0
43 26 132.0 10.0
69 72 128.0 119.0
67 2 46.0 103.0
71 80 196.0 161.0
7 72 105.0 93.0
48 23 172.0 194.0
36 84 122.0 92.0
36 33 83.0 142.0
65 21 152.0 16.0
20 50 25.0 80.0
67 1 148.0 71.0
42 29 30.0 97.0
60 4 148.0 135.0
6 67 120.0 120.0
46 25 172.0 42.0
56 5 56.0 7.0
22 64 189.0 160.0
13 79 130.0 14.0
49 25 146.0 79.0
15 52 10.0 128.0
12 55 52.0 158.0
6 78 180.0 124.0
56 20 19.0 104.0
20 69 48.0 75.0
4 62 150.0 37.0
85 75 108.0 80.0
38 30 112.0 6.0
70 79 110.0 74.0
6 52 199.0 114.0
81 1 11.0 132.0
56 14 165.0 31.0
32 36 140.0 13.0
3 67 74.0 90.0
5 45 49.0 134.0
67 62 25.0 161.0
61 8 129.0 135.0
11 59 141.0 81.0
24 47 149.0 104.0
21 50 54.0 66.0
75 79 192.0 146.0
1 66 42.0 18.0
54 18 96.0 91.0
61 9 25.0 122.0
31 38 117.0 154.0
9 56 51.0 58.0
83 34 154.0 152.0
31 39 148.0 160.0
56 15 86.0 92.0
28 39 156.0 128.0
66 5 12.0 53.0
10 62 168.0 189.0
83 49 147.0 85.0
8 62 36.0 198.0
28 40 61.0 142.0
52 20 173.0 10.0
11 60 54.0 59.0
34 38 132.0 162.0
44 25 133.0 96.0
85 55 79.0 101.0
1 65 17.0 26.0
42 26 94.0 53.0
39 40 2.0 155.0
30 43 9.0 127.0
19 65 89.0 63.0
21 45 139.0 173.0
65 5 136.0 72.0
23 40 41.0 15.0
32 74 52.0 59.0
10 57 50.0 146.0
42 31 157.0 4.0
12 60 143.0 167.0
62 9 50.0 184.0
53 46 106.0 189.0
37 35 86.0 42.0
47 21 109.0 79.0
20 53 21.0 161.0
31 40 63.0 71.0
73 25 83.0 172.0
58 13 181.0 178.0
8 64 138.0 31.0
51 17 98.0 44.0
60 13 79.0 136.0
24 56 98.0 140.0
12 52 61.0 71.0
9 64 72.0 124.0
41 32 82.0 108.0
43 28 166.0 63.0
53 19 72.0 56.0
70 52 158.0 170.0
51 20 187.0 37.0
58 16 132.0 37.0
83 1 142.0 193.0
27 45 125.0 15.0
15 12 9.0 7.0
14 57 162.0 127.0
9 60 40.0 35.0
41 28 176.0 198.0
45 53 194.0 163.0
30 41 148.0 78.0
45 28 15.0 42.0
27 72 161.0 140.0
67 52 94.0 171.0
52 21 189.0 8.0
18 51 71.0 29.0
14 59 25.0 48.0
9 54 37.0 171.0
60 10 128.0 137.0
37 30 68.0 143.0
86 82 122.0 181.0
58 15 103.0 168.0
20 67 189.0 45.0
50 19 181.0 61.0
69 10 174.0 6.0
2 62 140.0 12.0
33 39 2.0 21.0
61 13 119.0 22.0
43 42 182.0 41.0
69 6 63.0 38.0
22 54 13.0 4.0
74 2 116.0 194.0
9 63 103.0 42.0
64 85 107.0 195.0
11 56 37.0 61.0
56 22 181.0 108.0
27 46 147.0 115.0
39 35 0.0 162.0
65 2 50.0 13.0
65 9 110.0 166.0
46 26 42.0 13.0
3 72 123.0 101.0
54 21 158.0 112.0
19 54 37.0 91.0
7 63 33.0 136.0
57 18 5.0 185.0
78 7 1.0 7.0
34 39 71.0 63.0
17 57 52.0 65.0
35 32 15.0 175.0
68 55 32.0 126.0
18 55 183.0 21.0
33 85 145.0 168.0
69 7 177.0 102.0
69 68 14.0 178.0
56 19 119.0 85.0
27 37 61.0 172.0
14 74 54.0 28.0
42 55 152.0 86.0
71 31 156.0 136.0
18 56 130.0 53.0
51 30 66.0 108.0
10 8 2.0 80.0
61 23 103.0 74.0
61 14 193.0 116.0
54 34 189.0 48.0
48 28 31.0 93.0
8 49 116.0 140.0
63 58 48.0 47.0
23 53 117.0 66.0
68 43 26.0 72.0
73 1 37.0 81.0
69 4 145.0 30.0
78 51 154.0 86.0
19 55 111.0 138.0
58 19 199.0 28.0
27 49 172.0 199.0
35 86 175.0 42.0
25 47 180.0 153.0
35 38 60.0 169.0
59 17 136.0 157.0
4 71 99.0 90.0
62 13 41.0 11.0
25 64 130.0 41.0
16 57 0.0 54.0
29 45 126.0 127.0
60 14 126.0 58.0
61 75 5.0 138.0
51 21 66.0 93.0
54 20 172.0 166.0
64 10 22.0 13.0
28 46 90.0 104.0
82 42 161.0 90.0
76 2 122.0 87.0
6 68 70.0 0.0
44 36 9.0 27.0
62 15 31.0 76.0
6 71 172.0 3.0
5 67 195.0 146.0
44 32 174.0 85.0
55 80 121.0 135.0
75 71 51.0 43.0
52 23 149.0 73.0
70 8 122.0 110.0
80 85 133.0 153.0
74 1 103.0 57.0
27 51 147.0 98.0
64 86 121.0 73.0
79 67 111.0 42.0
51 29 158.0 162.0
71 5 169.0 59.0
35 36 166.0 43.0
85 31 40.0 99.0
53 24 180.0 144.0
4 72 72.0 128.0
42 35 144.0 193.0
17 55 0.0 7.0
34 60 59.0 110.0
22 55 149.0 180.0
31 44 151.0 115.0
58 48 179.0 191.0
45 42 141.0 160.0
71 3 164.0 165.0
25 48 107.0 60.0
16 60 123.0 108.0
33 37 50.0 134.0
10 66 183.0 0.0
62 16 166.0 86.0
27 47 14.0 145.0
80 82 199.0 107.0
30 49 91.0 115.0
85 18 80.0 198.0
7 68 137.0 3.0
24 49 121.0 187.0
62 12 47.0 104.0
50 27 97.0 165.0
66 67 136.0 64.0
21 57 65.0 87.0
70 6 178.0 156.0
45 80 125.0 58.0
33 31 194.0 62.0
43 33 107.0 115.0
10 65 52.0 106.0
34 42 133.0 102.0
55 23 102.0 21.0
86 30 85.0 119.0
24 54 41.0 64.0
26 50 100.0 119.0
37 36 191.0 47.0
26 49 29.0 98.0
47 31 199.0 33.0
26 52 162.0 84.0
45 32 143.0 16.0
61 17 78.0 28.0
64 12 147.0 72.0
24 48 159.0 47.0
36 38 12.0 102.0
8 63 47.0 41.0
2 75 138.0 198.0
79 2 119.0 52.0
37 39 60.0 62.0
54 23 121.0 138.0
15 61 110.0 20.0
69 5 30.0 21.0
45 33 27.0 42.0
33 46 185.0 26.0
34 45 127.0 75.0
12 67 104.0 47.0
41 39 58.0 164.0
53 26 96.0 131.0
11 68 123.0 158.0
64 13 188.0 153.0
61 16 131.0 15.0
65 11 195.0 69.0
79 1 181.0 123.0
51 25 125.0 86.0
71 9 192.0 135.0
3 66 179.0 88.0
59 19 92.0 102.0
41 44 186.0 80.0
73 8 88.0 69.0
71 2 11.0 83.0
57 23 11.0 193.0
47 58 16.0 137.0
37 42 43.0 8.0
51 28 60.0 22.0
8 71 177.0 152.0
39 29 189.0 163.0
82 67 26.0 77.0
41 40 158.0 38.0
74 5 151.0 169.0
77 53 95.0 167.0
46 40 126.0 90.0
60 20 22.0 186.0
41 54 23.0 151.0
13 65 13.0 164.0
77 32 21.0 39.0
14 55 177.0 131.0
27 52 122.0 128.0
44 35 194.0 18.0
63 13 199.0 72.0
58 20 113.0 21.0
45 18 130.0 137.0
6 72 88.0 95.0
60 21 153.0 110.0
61 18 72.0 130.0
83 85 6.0 195.0
3 77 178.0 152.0
84 44 150.0 129.0
43 38 90.0 64.0
65 50 64.0 172.0
77 12 53.0 104.0
32 75 165.0 6.0
21 61 54.0 38.0
60 56 101.0 60.0
17 60 175.0 31.0
26 51 130.0 78.0
69 11 88.0 20.0
26 73 53.0 104.0
84 68 164.0 107.0
65 16 183.0 130.0
70 11 45.0 190.0
30 83 103.0 98.0
19 61 61.0 30.0
13 66 153.0 191.0
1 72 49.0 193.0
76 6 70.0 103.0
31 48 186.0 187.0
24 55 125.0 122.0
55 25 190.0 122.0
41 37 34.0 45.0
33 48 41.0 95.0
33 47 90.0 146.0
63 17 62.0 140.0
1 80 153.0 84.0
62 18 80.0 91.0
23 56 177.0 158.0
44 69 192.0 167.0
74 53 4.0 26.0
23 49 80.0 198.0
36 45 67.0 122.0
37 81 82.0 81.0
2 77 14.0 187.0
31 49 129.0 47.0
65 86 122.0 107.0
46 34 91.0 114.0
29 53 135.0 95.0
72 44 30.0 167.0
12 68 82.0 49.0
83 7 161.0 117.0
13 67 188.0 128.0
27 53 180.0 118.0
14 64 169.0 102.0
14 66 98.0 60.0
71 10 129.0 33.0
50 31 47.0 111.0
67 16 194.0 82.0
59 28 194.0 107.0
86 40 191.0 182.0
63 41 46.0 123.0
22 58 185.0 168.0
5 75 109.0 83.0
5 77 42.0 190.0
64 16 111.0 41.0
32 51 161.0 57.0
79 68 130.0 155.0
10 63 171.0 73.0
47 73 123.0 17.0
4 78 118.0 60.0
27 54 54.0 27.0
38 52 186.0 48.0
76 23 38.0 50.0
31 52 88.0 151.0
69 13 33.0 170.0
66 82 41.0 4.0
34 47 12.0 117.0
62 34 29.0 82.0
49 32 38.0 83.0
58 23 102.0 25.0
59 16 139.0 92.0
14 67 111.0 179.0
37 45 152.0 144.0
15 85 183.0 146.0
86 70 184.0 147.0
9 66 114.0 13.0
31 51 73.0 152.0
28 53 59.0 127.0
28 54 139.0 198.0
74 7 171.0 2.0
39 44 176.0 75.0
9 72 119.0 159.0
14 65 29.0 56.0
9 67 83.0 95.0
39 78 3.0 156.0
42 78 133.0 62.0
85 66 172.0 24.0
30 53 174.0 143.0
21 63 122.0 150.0
27 83 180.0 194.0
10 85 113.0 161.0
30 54 142.0 148.0
49 51 185.0 97.0
25 58 97.0 70.0
72 8 20.0 69.0
3 79 150.0 146.0
14 68 31.0 72.0
66 43 184.0 163.0
41 62 92.0 49.0
22 59 37.0 186.0
33 51 146.0 22.0
78 1 24.0 195.0
18 59 117.0 196.0
42 39 68.0 67.0
77 49 55.0 51.0
59 23 131.0 39.0
79 4 121.0 23.0
71 13 45.0 159.0
81 44 144.0 143.0
47 59 22.0 120.0
14 69 89.0 140.0
12 70 4.0 109.0
17 65 162.0 11.0
62 22 116.0 93.0
7 73 81.0 189.0
65 20 25.0 78.0
76 7 164.0 121.0
52 30 115.0 139.0
29 56 75.0 156.0
50 32 90.0 31.0
68 15 2.0 52.0
9 75 86.0 70.0
18 67 146.0 119.0
43 44 146.0 123.0
3 82 130.0 63.0
79 5 54.0 197.0
48 36 71.0 129.0
29 55 197.0 113.0
39 46 198.0 199.0
33 49 131.0 36.0
74 6 42.0 29.0
62 86 124.0 189.0
3 81 93.0 6.0
62 23 39.0 99.0
77 13 126.0 62.0
17 67 46.0 123.0
78 28 60.0 196.0
47 37 179.0 143.0
35 64 46.0 173.0
55 63 180.0 122.0
38 45 76.0 25.0
54 32 191.0 67.0
59 27 196.0 69.0
28 55 103.0 194.0
47 63 69.0 163.0
79 64 163.0 0.0
15 69 110.0 161.0
10 59 110.0 42.0
4 80 46.0 139.0
55 16 47.0 189.0
20 59 98.0 195.0
21 55 127.0 2.0
49 35 153.0 148.0
34 50 8.0 68.0
16 66 170.0 70.0
37 40 27.0 32.0
74 20 26.0 73.0
48 37 18.0 73.0
58 51 180.0 69.0
77 8 140.0 60.0
60 24 117.0 94.0
84 2 39.0 77.0
32 53 8.0 9.0
77 9 96.0 188.0
30 56 95.0 122.0
75 10 53.0 65.0
13 72 130.0 33.0
67 19 98.0 70.0
55 53 115.0 15.0
71 15 127.0 106.0
63 19 109.0 87.0
73 10 25.0 5.0
30 57 117.0 72.0
34 52 100.0 122.0
65 18 134.0 30.0
52 19 7.0 32.0
18 69 0.0 74.0
1 86 188.0 127.0
18 64 107.0 97.0
21 62 131.0 85.0
82 58 65.0 0.0
12 73 176.0 165.0
32 70 182.0 110.0
63 23 16.0 189.0
86 84 40.0 168.0
54 72 42.0 28.0
12 57 104.0 102.0
74 13 169.0 187.0
74 12 48.0 186.0
28 86 42.0 176.0
77 10 97.0 25.0
84 3 177.0 66.0
70 9 177.0 169.0
13 73 96.0 172.0
44 20 63.0 152.0
48 38 165.0 32.0
65 31 195.0 13.0
68 17 123.0 37.0
86 69 111.0 20.0
84 47 115.0 40.0
58 73 59.0 92.0
73 27 139.0 107.0
9 78 7.0 2.0
81 7 36.0 173.0
78 8 181.0 31.0
33 53 59.0 104.0
6 81 120.0 123.0
61 27 92.0 35.0
27 60 37.0 151.0
75 13 138.0 129.0
31 56 27.0 98.0
41 45 178.0 63.0
32 79 193.0 160.0
40 45 54.0 5.0
72 17 9.0 126.0
5 81 73.0 101.0
53 34 40.0 110.0
38 49 189.0 179.0
47 40 97.0 168.0
82 5 13.0 27.0
30 58 97.0 7.0
64 23 97.0 151.0
59 86 87.0 58.0
17 70 87.0 160.0
45 43 84.0 127.0
26 61 41.0 25.0
61 25 187.0 138.0
19 68 56.0 1.0
20 77 61.0 106.0
12 75 16.0 111.0
44 42 181.0 55.0
84 51 150.0 68.0
70 25 157.0 187.0
85 3 142.0 199.0
33 72 136.0 81.0
28 57 65.0 145.0
40 50 118.0 126.0
70 18 99.0 86.0
82 17 144.0 81.0
53 35 101.0 47.0
33 52 104.0 58.0
26 62 109.0 198.0
54 35 58.0 197.0
39 48 12.0 123.0
49 37 110.0 83.0
33 55 54.0 9.0
68 35 173.0 199.0
51 43 193.0 26.0
23 65 182.0 49.0
29 57 145.0 43.0
78 64 97.0 4.0
73 17 185.0 61.0
67 22 25.0 95.0
65 24 129.0 31.0
70 19 147.0 55.0
4 84 164.0 92.0
63 61 165.0 99.0
68 13 124.0 110.0
82 57 175.0 173.0
64 20 179.0 160.0
76 40 197.0 156.0
86 77 18.0 79.0
71 73 103.0 117.0
57 32 134.0 19.0
41 48 101.0 51.0
70 46 100.0 26.0
77 11 78.0 75.0
55 35 22.0 9.0
82 2 114.0 19.0
86 4 28.0 132.0
82 7 152.0 83.0
58 32 20.0 38.0
14 76 186.0 121.0
55 36 182.0 39.0
78 11 93.0 60.0
57 22 0.0 115.0
37 78 46.0 114.0
65 26 122.0 74.0
6 84 165.0 74.0
12 69 186.0 185.0
52 81 155.0 125.0
22 66 161.0 90.0
53 59 84.0 54.0
25 66 112.0 85.0
47 44 146.0 158.0
28 60 151.0 68.0
74 45 108.0 116.0
71 20 63.0 46.0
23 68 70.0 171.0
80 76 118.0 31.0
46 44 40.0 2.0
34 8 168.0 152.0
74 84 45.0 115.0
85 54 143.0 197.0
81 9 92.0 3.0
6 85 183.0 108.0
53 36 60.0 53.0
83 59 159.0 178.0
65 22 185.0 199.0
37 85 115.0 153.0
56 34 15.0 161.0
34 55 90.0 158.0
76 30 198.0 182.0
57 33 87.0 133.0
80 51 69.0 100.0
57 31 0.0 181.0
38 54 136.0 137.0
71 41 3.0 3.0
46 71 19.0 18.0
21 68 58.0 61.0
85 1 108.0 8.0
85 81 63.0 195.0
64 26 55.0 133.0
73 61 41.0 7.0
35 56 35.0 129.0
54 36 49.0 38.0
64 27 132.0 20.0
60 31 83.0 190.0
70 23 67.0 191.0
69 21 173.0 82.0
24 68 16.0 180.0
42 49 32.0 57.0
85 4 21.0 67.0
6 83 177.0 23.0
76 15 108.0 109.0
78 16 106.0 143.0
58 35 142.0 125.0
81 56 114.0 115.0
49 41 8.0 130.0
55 77 69.0 40.0
76 16 103.0 91.0
30 50 87.0 80.0
84 7 90.0 147.0
52 71 195.0 196.0
45 62 105.0 138.0
29 60 8.0 19.0
42 77 39.0 168.0
34 57 73.0 109.0
85 13 89.0 176.0
60 26 79.0 177.0
81 11 96.0 170.0
74 73 95.0 91.0
5 86 25.0 152.0
53 40 192.0 33.0
45 52 20.0 183.0
69 59 135.0 93.0
65 25 14.0 24.0
16 70 180.0 46.0
83 10 197.0 76.0
40 44 182.0 44.0
42 51 40.0 7.0
72 12 147.0 184.0
47 36 60.0 167.0
77 6 8.0 195.0
8 83 62.0 175.0
40 60 107.0 42.0
74 18 131.0 104.0
83 66 43.0 114.0
28 61 19.0 35.0
37 46 12.0 118.0
31 61 198.0 72.0
50 63 82.0 7.0
20 73 69.0 144.0
16 74 48.0 177.0
37 58 103.0 179.0
77 14 32.0 98.0
52 37 185.0 3.0
45 44 139.0 197.0
35 60 111.0 89.0
36 59 33.0 145.0
22 69 185.0 103.0
62 30 94.0 185.0
82 9 0.0 150.0
25 68 177.0 32.0
36 56 86.0 114.0
61 32 172.0 177.0
67 24 126.0 83.0
26 69 146.0 112.0
80 78 156.0 83.0
24 74 64.0 2.0
26 67 148.0 64.0
13 76 87.0 126.0
60 32 98.0 125.0
74 21 141.0 70.0
63 29 37.0 19.0
86 9 110.0 135.0
63 25 49.0 66.0
41 50 130.0 66.0
20 72 126.0 78.0
79 16 120.0 13.0
25 67 5.0 19.0
50 70 67.0 146.0
86 36 34.0 57.0
60 39 99.0 96.0
19 75 107.0 101.0
64 30 156.0 189.0
54 40 37.0 34.0
52 44 125.0 109.0
82 41 35.0 130.0
75 20 21.0 102.0
41 52 195.0 8.0
82 14 19.0 94.0
82 15 154.0 79.0
18 76 20.0 110.0
71 85 65.0 9.0
54 59 184.0 190.0
62 14 25.0 19.0
39 56 95.0 46.0
74 39 137.0 42.0
85 11 82.0 157.0
37 56 103.0 36.0
50 46 97.0 75.0
33 61 137.0 162.0
19 76 57.0 121.0
23 72 127.0 34.0
12 82 48.0 174.0
19 73 150.0 186.0
33 63 142.0 32.0
8 86 91.0 197.0
55 49 8.0 188.0
15 74 167.0 97.0
43 23 80.0 176.0
39 55 31.0 159.0
14 81 131.0 31.0
15 80 161.0 82.0
18 72 147.0 103.0
49 45 101.0 39.0
73 23 186.0 62.0
57 39 185.0 105.0
84 13 98.0 17.0
59 33 136.0 81.0
39 59 70.0 20.0
17 79 195.0 31.0
75 21 7.0 142.0
21 73 65.0 61.0
33 65 43.0 51.0
43 53 21.0 180.0
20 84 34.0 119.0
66 23 93.0 122.0
45 35 148.0 115.0
65 32 21.0 143.0
80 12 172.0 180.0
40 84 36.0 37.0
83 71 55.0 79.0
48 49 90.0 76.0
66 32 87.0 76.0
85 12 166.0 133.0
76 20 193.0 115.0
53 44 132.0 166.0
61 58 124.0 104.0
30 66 9.0 160.0
77 17 187.0 64.0
26 75 12.0 29.0
64 31 140.0 52.0
84 12 100.0 58.0
19 77 132.0 46.0
55 9 40.0 64.0
60 42 52.0 116.0
70 82 53.0 61.0
24 70 24.0 192.0
82 13 56.0 37.0
50 49 86.0 148.0
72 28 11.0 138.0
48 44 124.0 96.0
79 18 108.0 165.0
58 36 48.0 160.0
74 23 131.0 54.0
82 16 115.0 108.0
79 60 50.0 124.0
45 51 164.0 136.0
57 40 20.0 127.0
80 60 8.0 144.0
38 53 17.0 117.0
40 66 53.0 66.0
40 55 101.0 137.0
78 20 138.0 169.0
47 52 80.0 141.0
48 70 5.0 196.0
35 62 68.0 25.0
74 86 35.0 76.0
81 15 126.0 52.0
10 74 130.0 179.0
29 68 13.0 183.0
36 62 55.0 103.0
83 16 171.0 87.0
83 15 82.0 176.0
40 58 10.0 150.0
14 84 105.0 45.0
58 39 3.0 183.0
35 65 14.0 85.0
28 68 145.0 179.0
80 18 123.0 152.0
61 37 153.0 94.0
22 78 186.0 188.0
56 45 49.0 196.0
69 27 98.0 107.0
66 33 115.0 53.0
84 15 37.0 81.0
80 20 133.0 134.0
82 8 23.0 56.0
68 27 58.0 129.0
30 71 99.0 196.0
38 86 29.0 149.0
63 34 181.0 127.0
76 24 104.0 48.0
21 76 31.0 141.0
19 78 39.0 117.0
52 76 48.0 62.0
34 43 104.0 106.0
44 58 68.0 4.0
76 58 138.0 97.0
56 32 11.0 119.0
49 65 132.0 115.0
85 53 145.0 115.0
8 80 53.0 184.0
36 64 138.0 101.0
33 62 154.0 194.0
62 39 13.0 22.0
76 50 168.0 151.0
22 77 60.0 132.0
78 24 144.0 192.0
85 16 43.0 41.0
46 48 2.0 96.0
45 84 70.0 92.0
51 46 74.0 24.0
38 62 92.0 87.0
86 15 22.0 61.0
31 82 107.0 82.0
63 36 0.0 3.0
72 22 177.0 44.0
86 14 102.0 131.0
66 34 102.0 124.0
51 47 147.0 128.0
61 52 122.0 191.0
70 39 122.0 96.0
44 55 142.0 181.0
58 43 90.0 94.0
52 50 60.0 19.0
33 69 177.0 114.0
65 34 36.0 31.0
76 25 40.0 135.0
79 24 189.0 114.0
67 34 33.0 63.0
26 74 146.0 127.0
60 38 18.0 188.0
69 31 95.0 30.0
47 53 85.0 72.0
36 65 27.0 121.0
46 55 47.0 19.0
44 56 19.0 36.0
41 61 38.0 4.0
86 13 179.0 184.0
70 31 65.0 197.0
77 80 42.0 160.0
25 75 163.0 79.0
24 73 7.0 143.0
66 28 50.0 6.0
24 77 145.0 69.0
40 62 188.0 184.0
35 66 110.0 167.0
50 54 129.0 127.0
23 79 124.0 171.0
76 27 15.0 40.0
80 24 166.0 22.0
38 65 194.0 16.0
12 81 115.0 139.0
67 36 173.0 103.0
70 33 41.0 35.0
59 45 140.0 170.0
29 75 178.0 64.0
32 67 100.0 193.0
43 60 137.0 18.0
62 47 17.0 131.0
85 17 191.0 84.0
56 46 94.0 116.0
54 63 53.0 135.0
80 16 21.0 193.0
72 29 95.0 151.0
53 51 105.0 147.0
68 36 106.0 194.0
71 40 184.0 75.0
71 32 150.0 128.0
39 63 60.0 44.0
61 62 119.0 113.0
54 51 34.0 93.0
54 49 133.0 81.0
41 60 100.0 191.0
86 19 107.0 159.0
69 34 115.0 44.0
78 23 196.0 65.0
39 64 69.0 8.0
80 23 76.0 140.0
52 58 199.0 62.0
43 59 19.0 132.0
86 54 128.0 71.0
65 39 124.0 187.0
47 54 19.0 191.0
19 84 76.0 167.0
61 42 5.0 97.0
80 32 133.0 33.0
37 66 53.0 132.0
29 74 68.0 24.0
82 22 105.0 148.0
74 28 103.0 181.0
77 25 27.0 122.0
73 32 145.0 103.0
57 47 123.0 102.0
48 56 60.0 56.0
56 43 22.0 65.0
74 30 152.0 42.0
35 70 167.0 57.0
54 52 150.0 70.0
42 56 190.0 177.0
81 25 107.0 135.0
18 86 22.0 30.0
40 61 155.0 34.0
73 34 190.0 129.0
27 77 126.0 143.0
25 80 193.0 45.0
83 19 1.0 144.0
64 37 101.0 192.0
23 81 138.0 8.0
43 62 193.0 112.0
83 22 62.0 148.0
67 37 140.0 4.0
59 48 67.0 19.0
45 61 91.0 13.0
50 57 47.0 44.0
49 56 136.0 148.0
35 73 185.0 27.0
69 36 182.0 178.0
69 37 37.0 44.0
50 53 13.0 130.0
76 31 0.0 33.0
40 77 97.0 91.0
72 35 137.0 97.0
46 54 144.0 74.0
65 41 156.0 81.0
40 59 183.0 139.0
37 71 103.0 172.0
70 36 37.0 69.0
70 37 17.0 37.0
41 66 7.0 66.0
54 70 197.0 144.0
72 34 67.0 142.0
26 80 120.0 175.0
49 57 78.0 103.0
28 77 90.0 134.0
26 79 133.0 79.0
85 20 109.0 150.0
54 53 23.0 68.0
23 83 93.0 20.0
29 78 62.0 160.0
34 74 173.0 134.0
14 85 108.0 4.0
47 61 147.0 151.0
60 45 150.0 80.0
70 38 1.0 11.0
75 35 132.0 24.0
79 30 34.0 26.0
42 48 97.0 49.0
59 50 181.0 23.0
40 64 190.0 89.0
70 67 58.0 89.0
70 28 122.0 8.0
73 50 104.0 76.0
69 39 149.0 37.0
81 27 161.0 184.0
58 46 180.0 58.0
59 46 141.0 161.0
65 43 25.0 83.0
44 62 66.0 83.0
29 79 150.0 140.0
42 68 168.0 55.0
48 81 22.0 118.0
67 41 12.0 183.0
23 77 7.0 192.0
86 22 136.0 101.0
83 24 151.0 161.0
62 48 3.0 17.0
71 66 7.0 153.0
69 40 51.0 127.0
43 70 15.0 73.0
75 30 90.0 28.0
68 40 78.0 50.0
49 64 34.0 14.0
36 72 196.0 185.0
44 66 69.0 151.0
56 50 93.0 76.0
64 46 174.0 144.0
26 85 5.0 141.0
83 26 30.0 95.0
26 82 20.0 108.0
54 55 136.0 6.0
78 30 32.0 84.0
67 42 64.0 101.0
78 27 62.0 158.0
79 41 39.0 188.0
29 81 51.0 44.0
61 48 145.0 81.0
68 39 190.0 117.0
79 33 172.0 78.0
81 16 67.0 4.0
71 39 43.0 132.0
28 83 73.0 58.0
63 48 121.0 65.0
42 70 180.0 172.0
59 41 143.0 77.0
47 60 165.0 133.0
29 82 41.0 137.0
48 84 76.0 60.0
75 47 138.0 71.0
75 36 35.0 163.0
43 67 8.0 156.0
57 51 91.0 140.0
53 57 82.0 186.0
50 86 187.0 199.0
58 54 8.0 180.0
84 28 180.0 84.0
81 30 124.0 70.0
54 56 165.0 159.0
59 52 152.0 125.0
52 73 82.0 43.0
31 74 1.0 116.0
22 84 184.0 140.0
24 82 186.0 144.0
64 44 99.0 166.0
28 81 172.0 23.0
81 33 83.0 89.0
79 34 197.0 35.0
44 59 69.0 31.0
42 69 114.0 70.0
64 47 20.0 50.0
78 36 197.0 6.0
38 76 110.0 97.0
59 51 85.0 34.0
50 64 8.0 169.0
52 57 76.0 157.0
35 78 0.0 145.0
44 70 103.0 115.0
78 40 165.0 123.0
84 25 38.0 162.0
44 60 21.0 100.0
49 59 91.0 107.0
31 81 158.0 51.0
63 70 20.0 34.0
35 76 37.0 20.0
27 70 131.0 93.0
42 71 21.0 96.0
45 69 7.0 11.0
78 18 106.0 181.0
55 57 66.0 149.0
62 50 148.0 24.0
59 42 63.0 168.0
58 56 95.0 53.0
76 39 137.0 26.0
61 46 116.0 110.0
85 25 108.0 76.0
33 42 89.0 15.0
79 38 61.0 107.0
26 77 79.0 9.0
29 77 138.0 95.0
58 57 51.0 33.0
85 27 160.0 141.0
43 73 172.0 77.0
77 33 15.0 33.0
71 57 59.0 56.0
36 77 130.0 120.0
55 58 91.0 9.0
76 36 130.0 29.0
53 62 50.0 182.0
77 39 64.0 11.0
74 42 156.0 189.0
38 80 11.0 123.0
43 71 34.0 70.0
82 33 142.0 164.0
23 86 179.0 33.0
55 60 187.0 109.0
79 35 7.0 37.0
45 68 101.0 24.0
25 78 41.0 9.0
76 41 57.0 52.0
34 80 8.0 91.0
86 26 184.0 150.0
53 84 116.0 115.0
51 66 132.0 103.0
75 42 42.0 91.0
40 82 190.0 143.0
66 38 67.0 183.0
48 67 149.0 124.0
38 73 175.0 109.0
41 78 62.0 111.0
44 74 97.0 178.0
82 23 126.0 181.0
67 51 76.0 169.0
78 38 69.0 66.0
80 39 54.0 136.0
30 85 148.0 155.0
81 36 61.0 123.0
49 68 23.0 123.0
84 33 15.0 73.0
49 67 166.0 141.0
46 72 20.0 43.0
56 62 96.0 41.0
79 39 101.0 150.0
40 63 75.0 2.0
71 58 199.0 88.0
36 74 124.0 174.0
85 32 152.0 91.0
41 74 85.0 71.0
76 61 174.0 105.0
32 84 143.0 22.0
46 73 170.0 196.0
71 44 56.0 198.0
59 57 140.0 7.0
55 65 115.0 64.0
66 50 187.0 19.0
37 86 188.0 73.0
81 35 188.0 115.0
52 63 105.0 83.0
44 78 148.0 27.0
69 43 10.0 4.0
50 68 114.0 150.0
72 45 127.0 181.0
53 68 15.0 67.0
72 48 55.0 156.0
79 43 51.0 195.0
84 34 126.0 108.0
51 56 196.0 74.0
72 41 129.0 158.0
43 78 189.0 43.0
85 35 101.0 68.0
74 64 76.0 116.0
76 49 50.0 131.0
39 75 8.0 101.0
76 75 19.0 86.0
55 66 11.0 167.0
71 53 187.0 141.0
46 69 164.0 176.0
72 42 194.0 65.0
78 14 111.0 22.0
51 70 101.0 161.0
41 75 190.0 61.0
63 62 171.0 161.0
65 57 5.0 182.0
54 66 144.0 192.0
42 38 125.0 108.0
54 60 0.0 71.0
40 80 64.0 112.0
50 72 31.0 118.0
29 85 161.0 173.0
25 82 140.0 132.0
77 44 174.0 145.0
29 71 2.0 70.0
37 82 174.0 79.0
41 80 113.0 126.0
59 67 42.0 178.0
67 50 0.0 25.0
60 73 107.0 114.0
82 10 52.0 47.0
77 48 56.0 26.0
83 61 92.0 10.0
50 71 81.0 18.0
48 76 36.0 146.0
56 68 47.0 30.0
53 69 152.0 199.0
46 76 89.0 59.0
63 60 177.0 93.0
53 72 86.0 185.0
66 58 145.0 178.0
68 57 78.0 178.0
67 80 75.0 66.0
84 42 126.0 74.0
58 67 60.0 30.0
83 46 3.0 102.0
49 70 55.0 181.0
75 49 186.0 141.0
59 65 104.0 132.0
35 83 63.0 135.0
77 41 189.0 139.0
56 72 105.0 115.0
59 63 131.0 166.0
84 39 37.0 134.0
86 44 82.0 92.0
81 40 4.0 69.0
43 80 179.0 109.0
67 57 99.0 43.0
65 60 199.0 88.0
79 47 91.0 105.0
64 62 38.0 174.0
43 63 106.0 27.0
54 69 18.0 189.0
10 61 114.0 22.0
75 45 122.0 45.0
83 43 29.0 173.0
74 52 122.0 180.0
79 42 172.0 165.0
55 86 199.0 162.0
78 46 183.0 106.0
69 52 119.0 1.0
72 55 116.0 185.0
42 86 91.0 190.0
70 57 142.0 72.0
49 79 2.0 16.0
80 47 150.0 174.0
51 75 175.0 102.0
41 86 93.0 159.0
33 86 112.0 164.0
74 38 100.0 180.0
74 56 52.0 143.0
45 86 168.0 146.0
60 68 61.0 170.0
80 33 119.0 12.0
46 85 120.0 95.0
85 43 33.0 13.0
80 49 159.0 97.0
68 62 13.0 59.0
59 71 86.0 17.0
44 68 188.0 6.0
63 85 22.0 50.0
69 57 114.0 141.0
79 52 106.0 34.0
38 81 65.0 91.0
54 78 114.0 24.0
83 38 16.0 127.0
68 59 6.0 54.0
78 33 187.0 146.0
82 49 117.0 161.0
59 73 42.0 183.0
77 50 141.0 148.0
85 47 155.0 158.0
61 68 196.0 69.0
47 72 6.0 13.0
61 64 105.0 164.0
78 48 20.0 44.0
71 62 70.0 89.0
47 77 7.0 64.0
79 53 19.0 100.0
36 83 136.0 175.0
68 67 163.0 132.0
66 64 190.0 169.0
81 53 45.0 95.0
82 45 104.0 17.0
63 64 61.0 126.0
76 54 181.0 20.0
76 59 112.0 1.0
81 50 173.0 48.0
73 63 117.0 136.0
83 53 195.0 59.0
77 56 189.0 40.0
55 73 96.0 93.0
78 67 152.0 158.0
52 62 71.0 134.0
59 70 31.0 135.0
76 56 139.0 157.0
56 78 147.0 9.0
84 52 95.0 143.0
80 44 174.0 84.0
64 71 14.0 71.0
52 80 17.0 167.0
86 47 163.0 40.0
59 66 155.0 146.0
83 42 180.0 94.0
85 45 100.0 128.0
65 82 99.0 148.0
55 81 104.0 74.0
72 65 168.0 118.0
63 69 141.0 137.0
52 77 182.0 104.0
60 75 16.0 89.0
86 27 55.0 197.0
78 59 163.0 108.0
58 81 58.0 15.0
74 62 107.0 114.0
74 63 64.0 27.0
77 64 65.0 5.0
66 69 151.0 199.0
51 81 123.0 168.0
54 83 64.0 179.0
79 82 94.0 180.0
67 73 87.0 152.0
80 62 22.0 146.0
85 51 178.0 38.0
64 76 41.0 43.0
70 71 74.0 193.0
78 55 109.0 198.0
51 79 24.0 125.0
56 79 63.0 118.0
51 83 88.0 150.0
79 40 197.0 62.0
50 39 170.0 176.0
74 67 105.0 11.0
58 74 98.0 132.0
76 63 99.0 159.0
68 71 179.0 123.0
77 78 147.0 194.0
66 31 9.0 187.0
66 73 120.0 7.0
73 68 198.0 90.0
74 68 121.0 104.0
84 58 128.0 171.0
67 86 81.0 27.0
59 84 110.0 12.0
65 79 64.0 57.0
72 76 48.0 26.0
72 86 149.0 120.0
78 45 74.0 148.0
79 66 27.0 147.0
77 60 110.0 107.0
62 79 18.0 191.0
48 64 38.0 80.0
82 75 63.0 55.0
69 76 182.0 63.0
52 82 34.0 131.0
72 58 68.0 60.0
41 85 75.0 47.0
80 70 129.0 137.0
51 74 184.0 99.0
83 50 44.0 22.0
81 63 156.0 60.0
84 62 24.0 90.0
78 68 62.0 10.0
84 43 41.0 82.0
60 84 158.0 68.0
60 83 79.0 39.0
72 73 170.0 15.0
79 69 43.0 166.0
83 63 177.0 199.0
57 80 65.0 154.0
85 61 21.0 80.0
78 65 18.0 14.0
52 86 81.0 128.0
84 50 127.0 112.0
78 71 31.0 49.0
81 67 136.0 74.0
59 82 48.0 65.0
82 62 83.0 66.0
70 77 123.0 57.0
56 86 105.0 94.0
84 54 147.0 186.0
65 83 151.0 75.0
68 82 95.0 134.0
67 85 39.0 183.0
76 68 5.0 39.0
68 85 156.0 89.0
63 65 64.0 32.0
81 69 76.0 169.0
62 83 42.0 23.0
73 69 137.0 194.0
67 83 19.0 184.0
65 69 27.0 58.0
63 80 189.0 32.0
84 55 159.0 98.0
64 72 189.0 23.0
83 74 108.0 65.0
61 65 106.0 151.0
81 75 66.0 195.0
82 69 66.0 85.0
42 58 116.0 45.0
85 57 149.0 106.0
66 86 75.0 108.0
64 82 46.0 64.0
76 86 175.0 154.0
83 39 12.0 33.0
76 83 132.0 78.0
66 81 107.0 198.0
86 51 6.0 23.0
48 68 81.0 107.0
71 79 75.0 156.0
60 81 175.0 121.0
74 66 127.0 102.0
82 73 40.0 139.0
84 63 122.0 172.0
73 75 98.0 29.0
80 81 96.0 56.0
66 78 76.0 178.0
80 69 31.0 151.0
79 77 112.0 158.0
76 73 186.0 39.0
77 71 62.0 178.0
1 64 139.0 136.0
75 74 143.0 37.0
84 72 161.0 192.0
72 71 140.0 37.0
73 86 115.0 123.0
82 84 19.0 180.0
83 81 40.0 157.0
82 74 155.0 54.0
85 69 63.0 94.0
74 85 31.0 7.0
72 60 89.0 193.0
69 75 129.0 29.0
1 2 41.0 197.0
84 75 78.0 12.0
73 84 51.0 70.0
82 50 48.0 6.0
85 86 175.0 112.0
81 76 17.0 6.0
44 79 95.0 106.0
80 79 9.0 176.0
72 83 176.0 3.0
51 72 51.0 6.0
62 85 99.0 102.0
84 83 170.0 148.0
77 76 2.0 145.0
78 81 57.0 171.0
75 80 189.0 152.0
79 73 107.0 199.0
81 79 4.0 83.0
86 75 59.0 7.0
76 78 21.0 158.0
79 63 139.0 191.0
79 76 105.0 141.0
58 79 96.0 162.0
79 85 9.0 86.0
78 74 1.0 116.0
83 75 8.0 157.0
73 77 109.0 67.0
80 74 100.0 82.0
85 72 107.0 40.0
69 62 108.0 12.0
79 83 91.0 156.0
80 83 92.0 101.0
85 39 70.0 93.0
64 70 161.0 79.0
65 64 146.0 23.0
78 50 161.0 47.0
84 80 198.0 68.0
74 72 170.0 106.0
75 63 153.0 14.0
83 82 89.0 197.0
30 39 157.0 159.0
65 45 14.0 71.0
17 69 13.0 160.0
81 68 35.0 174.0
80 48 19.0 33.0
57 77 186.0 141.0
83 70 12.0 139.0
71 54 163.0 53.0
76 85 26.0 72.0
67 65 196.0 192.0
70 85 93.0 162.0
78 47 110.0 80.0
83 41 110.0 129.0
80 9 112.0 96.0
81 59 105.0 77.0
38 67 9.0 68.0
6 8 155.0 187.0
64 75 129.0 151.0
0
