86 3655 10 49 712787
84 4 8.0 50.0
36 28 25.0 107.0
38 12 15.0 58.0
55 32 170.0 92.0
39 25 52.0 109.0
24 29 59.0 163.0
42 30 22.0 177.0
35 26 198.0 68.0
30 65 138.0 6.0
6 13 45.0 164.0
16 33 85.0 12.0
56 81 159.0 7.0
19 67 45.0 164.0
9 54 173.0 56.0
75 68 187.0 148.0
8 43 148.0 185.0
22 86 62.0 86.0
12 73 18.0 59.0
19 74 38.0 55.0
60 29 191.0 149.0
1 8 175.0 188.0
54 51 67.0 148.0
33 81 101.0 6.0
38 2 8.0 49.0
2 50 144.0 22.0
37 29 66.0 163.0
8 9 185.0 56.0
38 23 67.0 128.0
22 60 64.0 42.0
24 66 47.0 84.0
60 71 160.0 148.0
73 52 169.0 168.0
8 20 127.0 113.0
48 85 82.0 145.0
8 39 184.0 19.0
61 63 79.0 3.0
36 3 186.0 96.0
68 85 132.0 34.0
69 83 104.0 93.0
41 80 121.0 73.0
13 2 133.0 48.0
78 8 70.0 16.0
46 24 155.0 54.0
86 85 8.0 187.0
79 62 197.0 195.0
52 82 85.0 129.0
78 33 199.0 142.0
19 12 144.0 72.0
5 75 26.0 78.0
75 1 61.0 48.0
24 6 73.0 169.0
82 37 121.0 81.0
4 25 6.0 118.0
12 28 77.0 43.0
53 66 10.0 28.0
70 12 59.0 106.0
78 81 39.0 37.0
81 41 168.0 53.0
38 35 6.0 41.0
63 59 73.0 127.0
76 34 16.0 31.0
53 19 66.0 45.0
85 15 165.0 28.0
18 80 52.0 24.0
74 23 158.0 44.0
55 64 41.0 78.0
12 2 105.0 47.0
52 33 0.0 178.0
58 70 15.0 169.0
2 29 47.0 34.0
43 21 119.0 12.0
14 4 77.0 124.0
18 41 103.0 35.0
18 22 40.0 96.0
15 12 81.0 97.0
36 52 192.0 34.0
35 46 175.0 7.0
66 48 10.0 175.0
61 54 13.0 129.0
57 48 83.0 90.0
2 18 142.0 138.0
6 7 78.0 134.0
28 38 198.0 112.0
3 29 198.0 190.0
74 75 70.0 174.0
28 68 55.0 32.0
27 55 169.0 69.0
16 32 93.0 4.0
42 12 35.0 187.0
36 51 107.0 66.0
2 55 164.0 57.0
83 85 129.0 162.0
65 81 197.0 151.0
54 1 78.0 5.0
55 67 17.0 199.0
4 38 30.0 62.0
41 13 28.0 66.0
63 53 77.0 135.0
13 69 90.0 41.0
59 77 198.0 171.0
63 73 82.0 196.0
73 42 156.0 112.0
14 78 116.0 126.0
21 1 117.0 147.0
5 68 162.0 145.0
26 73 111.0 192.0
55 80 73.0 153.0
62 75 34.0 71.0
53 12 57.0 116.0
45 61 199.0 13.0
44 64 109.0 116.0
65 18 22.0 26.0
85 58 77.0 137.0
44 62 132.0 140.0
47 50 104.0 157.0
38 79 119.0 90.0
5 11 172.0 176.0
63 83 29.0 124.0
52 79 65.0 90.0
2 82 187.0 40.0
45 30 196.0 64.0
5 35 20.0 128.0
84 22 122.0 76.0
14 23 17.0 41.0
25 41 62.0 142.0
29 63 49.0 43.0
47 55 65.0 67.0
4 8 43.0 52.0
41 37 142.0 39.0
63 70 177.0 114.0
83 58 22.0 51.0
72 5 186.0 191.0
37 62 30.0 0.0
30 69 161.0 32.0
29 58 133.0 178.0
61 59 146.0 128.0
1 47 26.0 88.0
30 35 196.0 3.0
84 19 7.0 170.0
24 32 17.0 193.0
86 42 150.0 0.0
24 81 119.0 112.0
44 31 145.0 4.0
5 10 123.0 91.0
40 66 44.0 102.0
6 78 31.0 192.0
11 29 115.0 190.0
61 18 75.0 84.0
59 29 70.0 177.0
15 82 103.0 141.0
19 59 109.0 48.0
52 4 188.0 184.0
61 43 156.0 184.0
35 66 8.0 139.0
86 16 119.0 75.0
33 68 144.0 146.0
11 3 112.0 166.0
84 25 153.0 168.0
75 55 93.0 62.0
59 6 82.0 81.0
40 22 181.0 190.0
79 50 38.0 189.0
65 85 26.0 157.0
67 45 172.0 123.0
47 70 1.0 36.0
86 65 163.0 155.0
34 48 185.0 56.0
45 70 54.0 19.0
84 35 101.0 35.0
84 80 54.0 139.0
70 2 73.0 32.0
38 48 37.0 45.0
32 15 50.0 38.0
79 76 67.0 14.0
38 37 83.0 4.0
13 45 67.0 137.0
71 42 29.0 120.0
27 35 199.0 35.0
28 69 14.0 73.0
30 75 172.0 51.0
81 86 47.0 175.0
76 86 150.0 114.0
36 12 75.0 33.0
56 70 81.0 94.0
17 32 54.0 110.0
58 25 88.0 53.0
7 17 189.0 102.0
4 13 53.0 162.0
21 70 133.0 100.0
61 46 193.0 35.0
49 10 181.0 69.0
71 20 96.0 62.0
43 37 157.0 150.0
53 86 188.0 45.0
17 50 31.0 178.0
63 65 55.0 84.0
40 30 11.0 140.0
67 81 190.0 4.0
82 72 45.0 171.0
6 70 71.0 141.0
12 14 84.0 181.0
13 49 32.0 24.0
5 13 186.0 63.0
69 7 27.0 41.0
36 23 141.0 190.0
9 42 11.0 83.0
27 65 113.0 56.0
6 9 4.0 185.0
53 23 190.0 40.0
63 42 174.0 175.0
46 17 66.0 161.0
23 71 127.0 45.0
11 4 150.0 20.0
9 1 155.0 113.0
7 13 52.0 21.0
23 43 14.0 9.0
57 86 68.0 157.0
41 29 134.0 43.0
9 5 13.0 152.0
13 62 199.0 140.0
44 72 168.0 101.0
69 36 78.0 76.0
19 80 159.0 82.0
8 6 179.0 173.0
30 43 159.0 199.0
71 19 137.0 45.0
47 74 13.0 150.0
15 5 180.0 164.0
56 2 172.0 101.0
29 64 121.0 2.0
49 47 81.0 80.0
77 78 21.0 60.0
35 8 102.0 180.0
19 41 156.0 39.0
28 18 122.0 169.0
11 6 139.0 55.0
86 23 183.0 63.0
78 84 111.0 104.0
37 45 30.0 192.0
37 7 30.0 3.0
8 2 21.0 132.0
64 35 89.0 178.0
44 24 1.0 163.0
22 39 88.0 93.0
53 35 11.0 71.0
33 13 124.0 122.0
57 17 158.0 106.0
1 12 86.0 188.0
61 64 110.0 107.0
4 46 166.0 199.0
62 7 26.0 168.0
46 32 59.0 114.0
66 32 143.0 23.0
5 12 82.0 19.0
53 64 34.0 192.0
7 66 183.0 120.0
16 3 3.0 93.0
12 39 58.0 121.0
45 4 91.0 84.0
35 61 176.0 103.0
7 47 153.0 119.0
4 74 187.0 187.0
2 14 155.0 22.0
8 45 119.0 138.0
19 18 196.0 74.0
48 76 33.0 54.0
80 62 91.0 125.0
36 79 177.0 67.0
39 36 177.0 83.0
15 13 198.0 165.0
49 24 67.0 153.0
68 18 60.0 186.0
35 81 197.0 56.0
71 15 45.0 31.0
76 65 195.0 136.0
49 23 42.0 124.0
50 24 77.0 171.0
37 13 184.0 75.0
36 30 13.0 52.0
47 33 195.0 25.0
28 8 107.0 144.0
14 54 49.0 152.0
24 55 123.0 44.0
69 63 195.0 117.0
79 82 110.0 24.0
8 27 109.0 94.0
48 41 153.0 74.0
74 30 92.0 148.0
29 48 27.0 151.0
7 68 8.0 28.0
36 49 196.0 131.0
18 72 73.0 143.0
67 35 171.0 183.0
53 32 53.0 80.0
65 43 121.0 6.0
72 70 89.0 13.0
23 59 172.0 117.0
40 76 66.0 132.0
39 51 67.0 62.0
28 17 107.0 92.0
43 86 98.0 78.0
23 72 136.0 151.0
28 10 175.0 9.0
79 85 168.0 64.0
57 50 157.0 93.0
40 78 105.0 24.0
34 51 58.0 172.0
67 9 74.0 165.0
7 12 147.0 124.0
8 3 76.0 36.0
38 50 105.0 3.0
41 35 158.0 26.0
76 56 136.0 116.0
39 73 90.0 41.0
37 42 127.0 148.0
42 83 120.0 153.0
19 47 121.0 20.0
74 61 194.0 149.0
16 60 25.0 52.0
86 59 126.0 184.0
20 63 149.0 15.0
41 5 122.0 191.0
39 67 51.0 49.0
63 8 20.0 124.0
54 81 90.0 93.0
55 39 109.0 37.0
12 72 120.0 135.0
36 82 20.0 47.0
13 8 115.0 121.0
75 54 92.0 189.0
7 10 163.0 144.0
2 16 179.0 135.0
33 77 68.0 21.0
29 1 170.0 177.0
64 77 170.0 90.0
7 11 58.0 142.0
2 69 174.0 125.0
36 8 134.0 66.0
55 29 52.0 49.0
67 49 98.0 183.0
39 81 138.0 118.0
74 43 66.0 60.0
25 40 48.0 189.0
49 4 96.0 58.0
64 67 76.0 22.0
66 41 157.0 10.0
70 40 137.0 161.0
2 83 111.0 188.0
69 27 67.0 2.0
61 9 67.0 86.0
40 36 110.0 67.0
31 38 106.0 6.0
10 77 112.0 182.0
31 78 175.0 69.0
23 69 0.0 113.0
57 78 27.0 63.0
18 60 114.0 46.0
69 75 149.0 181.0
24 79 166.0 11.0
2 15 187.0 72.0
50 75 170.0 99.0
58 34 4.0 145.0
16 39 30.0 156.0
30 58 175.0 57.0
24 10 173.0 89.0
2 17 195.0 74.0
85 35 147.0 161.0
9 3 5.0 86.0
17 63 191.0 127.0
2 35 162.0 147.0
74 62 50.0 192.0
34 82 168.0 25.0
84 71 45.0 93.0
6 16 62.0 40.0
4 61 165.0 162.0
10 35 131.0 122.0
3 10 197.0 75.0
44 65 60.0 160.0
33 85 57.0 63.0
81 71 11.0 177.0
48 73 147.0 56.0
1 19 51.0 162.0
31 11 142.0 16.0
45 15 167.0 25.0
24 63 12.0 164.0
34 55 105.0 73.0
46 19 183.0 114.0
4 18 35.0 146.0
42 79 158.0 135.0
41 82 157.0 9.0
14 5 153.0 99.0
18 83 102.0 120.0
52 30 52.0 115.0
3 20 190.0 157.0
1 6 4.0 125.0
61 80 83.0 40.0
64 8 84.0 41.0
81 38 101.0 41.0
33 21 144.0 54.0
9 4 145.0 198.0
25 80 125.0 149.0
72 27 81.0 116.0
24 12 147.0 38.0
84 85 98.0 30.0
84 1 133.0 182.0
16 5 159.0 34.0
86 69 188.0 55.0
64 7 179.0 85.0
78 24 125.0 105.0
42 32 175.0 6.0
35 11 87.0 122.0
9 60 135.0 186.0
52 77 60.0 68.0
57 33 67.0 19.0
8 74 110.0 7.0
80 30 48.0 90.0
53 56 21.0 173.0
79 75 38.0 148.0
77 42 107.0 126.0
7 57 9.0 42.0
39 64 136.0 69.0
2 5 108.0 4.0
86 18 196.0 19.0
47 34 136.0 197.0
81 79 128.0 110.0
67 69 135.0 118.0
16 55 9.0 194.0
25 37 149.0 170.0
6 28 169.0 85.0
13 3 99.0 77.0
28 71 13.0 96.0
10 64 69.0 102.0
56 75 22.0 149.0
57 73 152.0 109.0
41 32 77.0 113.0
68 71 47.0 178.0
12 66 59.0 16.0
76 64 166.0 159.0
41 6 107.0 131.0
61 66 67.0 129.0
54 27 68.0 89.0
5 33 115.0 172.0
64 80 1.0 192.0
56 19 197.0 0.0
84 73 146.0 8.0
42 6 59.0 64.0
11 77 74.0 119.0
56 83 27.0 142.0
15 40 177.0 95.0
17 4 91.0 92.0
19 57 26.0 92.0
3 15 95.0 23.0
65 64 74.0 194.0
62 45 125.0 85.0
35 45 84.0 0.0
41 39 131.0 111.0
78 43 11.0 108.0
68 37 129.0 103.0
7 82 146.0 155.0
75 11 52.0 193.0
67 22 65.0 78.0
59 73 52.0 190.0
31 51 173.0 88.0
3 14 162.0 56.0
56 5 86.0 173.0
41 45 8.0 168.0
41 70 168.0 154.0
73 82 72.0 172.0
18 52 85.0 89.0
30 10 87.0 89.0
53 77 58.0 60.0
82 45 191.0 172.0
7 15 52.0 29.0
14 8 54.0 60.0
60 65 79.0 22.0
12 11 105.0 103.0
29 73 117.0 142.0
74 38 197.0 4.0
20 36 43.0 8.0
80 33 70.0 186.0
5 44 109.0 74.0
42 70 86.0 163.0
48 69 71.0 117.0
46 47 35.0 128.0
33 39 35.0 152.0
69 43 15.0 185.0
78 52 59.0 10.0
76 67 156.0 81.0
17 56 177.0 65.0
39 85 48.0 15.0
67 29 3.0 71.0
67 73 68.0 190.0
4 10 124.0 103.0
60 67 176.0 92.0
32 9 159.0 187.0
68 39 15.0 67.0
1 15 170.0 144.0
13 16 183.0 18.0
36 21 99.0 138.0
85 8 112.0 167.0
24 35 26.0 189.0
16 14 48.0 155.0
14 35 138.0 7.0
66 59 91.0 105.0
73 30 175.0 61.0
16 1 107.0 110.0
37 81 116.0 6.0
80 12 105.0 180.0
47 62 163.0 83.0
67 13 194.0 11.0
40 58 0.0 132.0
30 51 108.0 91.0
72 85 104.0 35.0
15 78 114.0 11.0
64 9 75.0 182.0
12 32 43.0 132.0
18 6 143.0 6.0
17 3 91.0 137.0
80 40 138.0 43.0
4 5 155.0 198.0
3 38 31.0 59.0
21 11 76.0 145.0
13 1 136.0 103.0
58 12 31.0 131.0
51 3 160.0 126.0
25 78 153.0 3.0
10 6 0.0 43.0
33 55 75.0 155.0
84 81 110.0 58.0
6 80 29.0 186.0
20 48 126.0 117.0
59 8 182.0 110.0
2 49 103.0 95.0
33 37 41.0 56.0
66 50 181.0 41.0
10 58 73.0 8.0
52 51 104.0 183.0
45 18 153.0 134.0
57 70 190.0 32.0
24 1 95.0 124.0
31 74 134.0 198.0
25 19 119.0 175.0
61 82 151.0 100.0
45 22 33.0 24.0
72 78 197.0 90.0
7 1 90.0 103.0
82 30 184.0 32.0
12 34 63.0 31.0
17 1 198.0 198.0
51 10 198.0 117.0
83 23 12.0 150.0
36 61 158.0 198.0
45 7 14.0 156.0
11 18 195.0 57.0
39 84 31.0 131.0
31 8 175.0 46.0
40 69 37.0 173.0
79 18 168.0 36.0
40 5 196.0 181.0
65 56 150.0 154.0
54 19 187.0 117.0
36 67 123.0 134.0
64 37 62.0 106.0
44 10 30.0 37.0
78 29 175.0 67.0
5 18 122.0 96.0
8 16 10.0 118.0
17 42 131.0 112.0
60 28 161.0 118.0
2 7 171.0 36.0
41 2 3.0 33.0
11 13 53.0 185.0
41 40 142.0 181.0
27 82 6.0 64.0
43 16 66.0 168.0
14 7 95.0 197.0
47 80 121.0 8.0
84 82 46.0 92.0
75 86 92.0 49.0
4 6 84.0 145.0
45 31 52.0 178.0
26 81 61.0 10.0
10 29 89.0 79.0
48 65 129.0 137.0
58 78 71.0 50.0
65 68 186.0 117.0
59 27 120.0 78.0
32 35 97.0 156.0
65 33 162.0 102.0
19 39 114.0 175.0
68 2 158.0 3.0
66 55 131.0 87.0
47 64 84.0 2.0
37 76 53.0 23.0
16 34 143.0 125.0
60 76 36.0 192.0
14 81 151.0 198.0
26 74 2.0 65.0
75 36 64.0 112.0
82 38 7.0 147.0
15 6 121.0 44.0
19 3 9.0 174.0
59 30 150.0 152.0
11 44 3.0 186.0
30 81 150.0 154.0
12 9 194.0 104.0
32 71 10.0 10.0
14 84 56.0 18.0
55 25 78.0 177.0
58 22 49.0 87.0
43 75 38.0 151.0
24 22 80.0 41.0
16 12 39.0 31.0
16 66 16.0 33.0
51 46 23.0 27.0
43 40 10.0 79.0
56 45 140.0 88.0
66 76 65.0 141.0
56 8 160.0 103.0
29 31 160.0 193.0
43 51 115.0 199.0
30 63 119.0 132.0
14 68 27.0 143.0
13 23 167.0 189.0
68 66 46.0 107.0
47 23 180.0 112.0
30 32 28.0 140.0
55 30 60.0 188.0
6 17 77.0 127.0
72 54 150.0 148.0
27 34 78.0 129.0
49 9 1.0 197.0
66 73 55.0 199.0
10 34 150.0 35.0
58 19 47.0 178.0
16 9 27.0 59.0
21 6 132.0 104.0
13 9 168.0 82.0
67 16 66.0 199.0
24 83 180.0 19.0
62 15 158.0 36.0
41 38 113.0 60.0
48 80 165.0 112.0
58 56 71.0 144.0
48 75 155.0 3.0
21 5 52.0 76.0
20 1 187.0 118.0
2 22 124.0 167.0
61 34 190.0 34.0
64 4 178.0 103.0
83 46 99.0 95.0
15 52 47.0 170.0
40 47 196.0 155.0
8 11 69.0 48.0
73 58 129.0 56.0
2 10 116.0 54.0
42 57 158.0 106.0
15 8 125.0 89.0
59 45 18.0 177.0
11 28 119.0 66.0
74 86 93.0 67.0
7 61 62.0 163.0
32 70 195.0 191.0
78 68 127.0 64.0
39 27 77.0 85.0
41 63 116.0 155.0
1 22 39.0 135.0
86 32 9.0 110.0
23 3 82.0 54.0
63 76 185.0 144.0
52 20 184.0 132.0
2 19 123.0 63.0
4 3 107.0 152.0
64 78 138.0 23.0
50 45 175.0 129.0
68 1 93.0 136.0
81 29 168.0 175.0
19 20 149.0 153.0
22 4 140.0 85.0
61 70 105.0 15.0
71 74 125.0 12.0
66 62 170.0 64.0
13 52 17.0 145.0
44 4 155.0 111.0
33 83 184.0 123.0
9 39 165.0 85.0
12 8 148.0 57.0
2 33 169.0 53.0
12 82 170.0 47.0
49 64 6.0 141.0
21 73 194.0 24.0
77 20 48.0 101.0
16 78 131.0 184.0
10 14 119.0 48.0
68 32 63.0 19.0
56 51 73.0 32.0
46 64 150.0 195.0
33 53 151.0 156.0
40 13 151.0 97.0
10 8 145.0 151.0
6 68 181.0 28.0
39 24 99.0 52.0
55 81 64.0 162.0
37 26 42.0 137.0
3 47 73.0 192.0
14 41 100.0 176.0
54 10 4.0 3.0
24 85 47.0 149.0
58 77 101.0 180.0
14 57 141.0 0.0
23 4 57.0 5.0
25 65 40.0 99.0
18 56 152.0 113.0
10 48 176.0 52.0
57 30 186.0 181.0
28 67 154.0 185.0
49 56 171.0 55.0
26 4 110.0 65.0
6 2 32.0 167.0
66 43 48.0 73.0
4 2 52.0 0.0
45 77 142.0 29.0
20 11 124.0 128.0
69 78 161.0 78.0
47 28 84.0 84.0
23 26 15.0 194.0
27 22 193.0 47.0
56 73 40.0 41.0
5 19 39.0 44.0
2 20 8.0 181.0
30 19 136.0 132.0
10 1 110.0 49.0
20 26 43.0 146.0
44 3 159.0 10.0
24 9 136.0 104.0
81 68 93.0 176.0
71 11 87.0 84.0
31 23 185.0 47.0
13 12 159.0 73.0
14 13 44.0 21.0
15 38 43.0 87.0
40 65 112.0 154.0
73 5 94.0 0.0
64 73 45.0 140.0
76 25 147.0 84.0
47 22 74.0 84.0
69 17 107.0 34.0
83 38 40.0 151.0
76 85 82.0 83.0
19 9 52.0 147.0
19 6 2.0 147.0
17 10 177.0 47.0
58 26 58.0 124.0
47 29 28.0 132.0
20 4 103.0 135.0
11 15 149.0 143.0
26 80 21.0 31.0
69 41 64.0 74.0
53 40 106.0 18.0
73 11 27.0 83.0
36 66 68.0 85.0
8 49 142.0 96.0
77 51 62.0 197.0
8 17 99.0 11.0
82 70 88.0 73.0
24 36 155.0 104.0
67 25 84.0 61.0
35 13 146.0 111.0
5 22 127.0 14.0
2 59 55.0 69.0
6 5 117.0 118.0
5 42 30.0 16.0
1 11 2.0 70.0
41 73 12.0 109.0
11 22 45.0 48.0
4 21 75.0 191.0
4 56 180.0 154.0
20 28 114.0 35.0
22 12 151.0 31.0
46 36 63.0 133.0
42 66 181.0 17.0
52 14 34.0 194.0
35 57 21.0 31.0
21 3 167.0 48.0
10 19 150.0 147.0
26 78 122.0 64.0
81 48 75.0 74.0
84 74 40.0 139.0
54 77 148.0 21.0
7 3 37.0 134.0
59 46 68.0 11.0
48 72 22.0 36.0
71 4 191.0 125.0
81 18 159.0 66.0
66 11 188.0 186.0
76 82 118.0 180.0
73 86 21.0 19.0
7 5 35.0 11.0
46 7 114.0 103.0
70 36 47.0 89.0
40 19 145.0 191.0
36 72 144.0 56.0
74 12 0.0 84.0
7 51 106.0 119.0
51 41 91.0 80.0
40 64 18.0 126.0
62 68 50.0 133.0
10 23 100.0 98.0
41 44 143.0 197.0
21 81 47.0 40.0
6 49 169.0 47.0
6 73 111.0 28.0
27 49 156.0 2.0
18 37 120.0 174.0
10 62 182.0 170.0
76 33 69.0 82.0
68 47 159.0 13.0
41 78 135.0 6.0
8 19 22.0 56.0
49 21 37.0 133.0
69 80 47.0 193.0
22 10 77.0 167.0
64 13 108.0 11.0
37 15 124.0 178.0
20 9 116.0 35.0
53 13 29.0 51.0
83 76 76.0 52.0
3 86 88.0 113.0
80 65 144.0 136.0
67 38 53.0 173.0
42 72 8.0 161.0
78 76 13.0 84.0
51 6 86.0 129.0
18 85 65.0 116.0
66 9 135.0 94.0
86 68 34.0 24.0
47 13 44.0 131.0
42 21 113.0 97.0
6 63 24.0 121.0
26 2 40.0 37.0
28 2 94.0 127.0
71 16 42.0 111.0
16 54 124.0 129.0
36 68 183.0 111.0
72 77 81.0 27.0
11 59 188.0 146.0
35 76 140.0 12.0
23 1 156.0 181.0
11 2 171.0 50.0
18 9 170.0 165.0
54 57 188.0 46.0
14 11 65.0 171.0
28 65 98.0 98.0
37 35 65.0 86.0
24 27 191.0 5.0
2 25 173.0 148.0
19 11 5.0 96.0
85 62 136.0 175.0
24 53 59.0 124.0
82 21 131.0 77.0
77 2 177.0 181.0
37 84 139.0 42.0
24 52 122.0 131.0
2 9 88.0 47.0
13 17 46.0 94.0
25 52 167.0 134.0
18 73 127.0 179.0
18 8 9.0 58.0
23 7 59.0 138.0
63 13 127.0 151.0
64 71 21.0 49.0
72 67 46.0 110.0
30 1 51.0 44.0
18 12 173.0 19.0
66 23 199.0 100.0
83 1 141.0 8.0
66 69 159.0 153.0
73 23 114.0 38.0
7 71 155.0 87.0
51 66 32.0 1.0
66 13 83.0 83.0
83 55 165.0 56.0
69 65 10.0 165.0
65 6 119.0 104.0
67 82 158.0 30.0
18 15 155.0 24.0
77 27 149.0 110.0
6 60 119.0 133.0
10 20 38.0 154.0
28 7 179.0 155.0
71 59 88.0 142.0
57 1 126.0 159.0
82 74 24.0 36.0
80 4 70.0 179.0
30 34 90.0 171.0
85 37 70.0 9.0
17 12 199.0 108.0
18 48 147.0 131.0
13 18 190.0 187.0
18 39 182.0 68.0
1 14 49.0 6.0
86 36 194.0 71.0
61 75 186.0 85.0
25 51 74.0 56.0
63 39 39.0 26.0
1 36 172.0 139.0
45 29 157.0 114.0
60 83 64.0 139.0
1 74 4.0 113.0
15 51 12.0 150.0
39 60 28.0 198.0
5 20 196.0 55.0
2 78 55.0 187.0
19 51 76.0 179.0
8 23 30.0 33.0
9 17 114.0 94.0
74 5 103.0 70.0
55 63 75.0 67.0
29 4 42.0 55.0
45 63 196.0 38.0
54 6 37.0 51.0
57 22 61.0 113.0
5 77 104.0 43.0
25 3 43.0 18.0
6 85 194.0 98.0
61 30 116.0 21.0
26 19 55.0 158.0
23 9 82.0 51.0
81 46 182.0 120.0
67 50 66.0 43.0
33 59 106.0 170.0
60 73 25.0 150.0
71 57 137.0 171.0
79 83 149.0 53.0
15 79 7.0 156.0
59 15 190.0 42.0
52 45 5.0 124.0
2 30 135.0 71.0
48 39 29.0 194.0
17 47 59.0 6.0
1 18 62.0 148.0
12 62 141.0 11.0
54 3 134.0 101.0
9 38 95.0 124.0
74 72 12.0 100.0
53 74 22.0 148.0
1 26 148.0 3.0
10 9 134.0 159.0
27 58 11.0 197.0
33 11 130.0 152.0
5 58 8.0 64.0
9 73 61.0 103.0
50 52 110.0 74.0
32 79 92.0 84.0
49 42 58.0 40.0
53 16 90.0 192.0
73 74 71.0 101.0
26 7 134.0 1.0
48 6 63.0 143.0
78 63 51.0 125.0
21 18 81.0 161.0
2 72 97.0 125.0
19 81 36.0 155.0
10 76 80.0 78.0
25 7 95.0 151.0
14 18 99.0 29.0
86 47 30.0 163.0
16 15 29.0 81.0
24 57 172.0 62.0
34 84 27.0 69.0
5 27 127.0 15.0
50 82 116.0 7.0
71 67 113.0 163.0
53 26 135.0 12.0
72 30 144.0 117.0
36 34 14.0 125.0
7 9 137.0 186.0
10 38 32.0 116.0
20 23 107.0 159.0
24 4 2.0 23.0
33 66 90.0 115.0
5 86 105.0 177.0
22 68 30.0 2.0
1 5 143.0 45.0
22 80 42.0 32.0
32 34 118.0 26.0
48 9 10.0 25.0
61 12 133.0 12.0
12 21 176.0 175.0
5 25 22.0 33.0
13 20 198.0 52.0
18 10 30.0 93.0
44 59 168.0 24.0
32 2 60.0 38.0
79 33 197.0 22.0
44 58 109.0 82.0
41 50 177.0 37.0
81 49 114.0 199.0
8 24 21.0 64.0
28 29 182.0 51.0
79 78 15.0 102.0
19 13 122.0 27.0
17 5 78.0 119.0
1 31 103.0 139.0
7 21 77.0 80.0
7 22 104.0 191.0
33 7 89.0 125.0
27 19 154.0 24.0
10 79 137.0 169.0
50 9 80.0 59.0
15 10 34.0 110.0
3 31 197.0 137.0
56 80 24.0 74.0
48 1 189.0 128.0
85 77 40.0 79.0
17 11 90.0 194.0
58 18 153.0 179.0
18 3 60.0 185.0
11 10 3.0 94.0
76 80 123.0 152.0
66 20 58.0 147.0
12 20 119.0 48.0
2 58 16.0 111.0
37 52 115.0 58.0
69 62 35.0 20.0
64 1 147.0 47.0
26 3 151.0 102.0
68 29 182.0 74.0
40 46 78.0 193.0
58 86 82.0 149.0
49 77 6.0 50.0
42 41 41.0 121.0
16 19 28.0 28.0
7 19 58.0 175.0
27 74 199.0 161.0
7 4 69.0 134.0
40 18 10.0 100.0
23 6 40.0 93.0
24 2 131.0 46.0
45 60 5.0 125.0
70 86 169.0 34.0
38 20 151.0 27.0
8 66 27.0 151.0
60 8 90.0 48.0
2 27 132.0 101.0
5 23 116.0 124.0
56 57 197.0 47.0
30 21 159.0 3.0
13 24 107.0 128.0
43 81 93.0 59.0
19 15 130.0 72.0
74 18 11.0 20.0
60 36 75.0 143.0
80 38 61.0 191.0
8 48 182.0 10.0
60 42 193.0 141.0
57 25 105.0 53.0
11 39 131.0 198.0
4 16 25.0 61.0
19 28 69.0 36.0
64 28 174.0 97.0
57 83 139.0 187.0
44 67 147.0 73.0
14 24 118.0 140.0
6 22 23.0 175.0
6 26 35.0 154.0
45 32 44.0 60.0
23 11 107.0 66.0
19 14 129.0 34.0
28 4 83.0 20.0
60 15 87.0 30.0
38 43 154.0 5.0
57 31 125.0 177.0
66 64 158.0 113.0
15 14 154.0 154.0
37 31 105.0 14.0
30 4 187.0 35.0
27 3 145.0 22.0
28 51 18.0 184.0
7 40 194.0 172.0
62 78 130.0 72.0
47 4 138.0 40.0
59 34 36.0 45.0
64 74 151.0 142.0
48 26 80.0 138.0
27 7 142.0 177.0
2 21 42.0 160.0
39 76 175.0 189.0
59 82 123.0 58.0
77 9 60.0 61.0
42 61 61.0 49.0
48 86 176.0 12.0
15 4 8.0 57.0
6 25 178.0 102.0
17 48 2.0 172.0
29 16 134.0 130.0
9 11 172.0 9.0
6 27 84.0 33.0
44 83 199.0 97.0
30 7 97.0 175.0
80 5 25.0 57.0
22 77 23.0 3.0
30 64 123.0 25.0
80 50 111.0 9.0
13 22 38.0 84.0
27 4 123.0 122.0
7 8 80.0 122.0
3 5 43.0 129.0
9 57 157.0 68.0
39 72 25.0 180.0
16 17 39.0 100.0
4 81 65.0 151.0
48 2 123.0 103.0
15 80 63.0 198.0
10 27 180.0 95.0
10 12 109.0 23.0
67 14 117.0 19.0
19 17 16.0 94.0
25 1 127.0 56.0
10 70 138.0 192.0
63 16 58.0 13.0
1 44 124.0 73.0
41 17 111.0 56.0
27 48 162.0 173.0
53 43 188.0 31.0
6 12 5.0 4.0
17 14 82.0 84.0
10 73 21.0 172.0
2 34 51.0 79.0
16 20 89.0 127.0
59 60 168.0 152.0
13 76 136.0 83.0
24 15 165.0 76.0
17 77 17.0 122.0
26 55 120.0 99.0
33 48 13.0 142.0
81 58 61.0 64.0
4 19 150.0 150.0
61 41 92.0 71.0
31 53 1.0 180.0
59 55 165.0 118.0
45 19 85.0 134.0
65 75 184.0 6.0
6 20 18.0 197.0
64 54 151.0 31.0
55 70 186.0 54.0
24 34 167.0 30.0
86 49 155.0 121.0
1 32 59.0 120.0
75 46 30.0 144.0
34 15 50.0 167.0
21 83 28.0 20.0
43 42 190.0 179.0
17 38 20.0 129.0
24 11 93.0 139.0
35 3 92.0 49.0
45 48 84.0 151.0
9 22 121.0 66.0
65 38 105.0 172.0
35 49 184.0 133.0
5 24 180.0 126.0
79 16 160.0 152.0
46 45 193.0 6.0
25 24 156.0 85.0
63 60 57.0 192.0
24 84 187.0 178.0
16 10 98.0 92.0
46 44 195.0 34.0
85 28 92.0 175.0
34 1 39.0 52.0
73 35 76.0 32.0
9 26 194.0 185.0
18 70 144.0 51.0
59 16 137.0 83.0
14 6 35.0 187.0
26 5 147.0 182.0
28 82 7.0 39.0
29 5 161.0 199.0
7 31 120.0 190.0
44 76 112.0 114.0
9 27 197.0 56.0
63 9 38.0 134.0
29 6 173.0 73.0
74 50 134.0 73.0
38 7 154.0 142.0
33 3 11.0 116.0
6 30 82.0 131.0
40 20 89.0 194.0
1 35 164.0 86.0
46 41 115.0 3.0
21 53 93.0 40.0
9 76 1.0 28.0
2 36 86.0 107.0
14 21 43.0 97.0
30 5 114.0 77.0
24 17 91.0 4.0
25 13 122.0 56.0
30 62 13.0 189.0
28 44 75.0 58.0
26 39 73.0 28.0
19 69 79.0 159.0
6 31 193.0 75.0
4 75 15.0 107.0
83 6 3.0 106.0
81 45 73.0 77.0
12 81 165.0 38.0
7 24 143.0 40.0
25 11 199.0 16.0
8 21 116.0 79.0
11 37 174.0 109.0
25 38 187.0 141.0
26 8 138.0 190.0
69 85 191.0 163.0
79 22 134.0 156.0
5 32 89.0 77.0
27 52 23.0 88.0
64 72 157.0 91.0
18 7 36.0 83.0
26 12 106.0 23.0
11 16 42.0 45.0
10 53 24.0 33.0
2 37 12.0 110.0
12 27 157.0 53.0
29 8 158.0 132.0
27 1 190.0 68.0
11 72 154.0 26.0
67 32 56.0 61.0
36 25 56.0 50.0
69 38 180.0 80.0
18 16 116.0 192.0
32 3 20.0 73.0
35 6 152.0 179.0
25 12 13.0 94.0
57 36 30.0 168.0
59 58 193.0 86.0
74 79 105.0 50.0
23 67 149.0 86.0
12 47 60.0 18.0
83 4 167.0 81.0
2 71 134.0 71.0
64 48 161.0 147.0
25 14 113.0 192.0
11 65 183.0 58.0
50 83 91.0 89.0
8 30 120.0 192.0
15 17 33.0 133.0
31 85 55.0 152.0
31 9 37.0 189.0
21 10 83.0 198.0
4 33 52.0 196.0
2 86 92.0 36.0
82 18 162.0 135.0
18 20 9.0 83.0
32 6 144.0 195.0
21 38 160.0 151.0
20 15 120.0 149.0
67 78 184.0 3.0
15 67 167.0 37.0
66 80 178.0 11.0
3 77 58.0 141.0
24 41 115.0 19.0
63 79 78.0 11.0
22 14 45.0 190.0
77 84 35.0 165.0
22 19 32.0 19.0
34 3 183.0 151.0
16 24 39.0 114.0
33 6 134.0 49.0
32 8 79.0 1.0
64 56 5.0 157.0
17 18 134.0 50.0
43 4 28.0 169.0
83 31 160.0 13.0
30 3 86.0 96.0
46 57 35.0 78.0
54 82 152.0 121.0
67 86 136.0 31.0
29 12 119.0 141.0
40 75 77.0 5.0
70 69 47.0 105.0
1 28 16.0 160.0
16 23 10.0 54.0
41 23 35.0 197.0
11 82 112.0 187.0
73 83 90.0 0.0
28 13 149.0 161.0
43 22 197.0 26.0
82 10 160.0 45.0
29 86 85.0 176.0
39 1 31.0 47.0
50 55 31.0 18.0
50 26 117.0 144.0
14 53 37.0 7.0
21 50 76.0 186.0
20 17 181.0 74.0
10 26 97.0 142.0
53 15 41.0 182.0
42 84 73.0 72.0
45 73 197.0 104.0
1 37 174.0 115.0
20 21 135.0 163.0
23 12 83.0 12.0
20 7 8.0 17.0
23 17 185.0 106.0
38 27 187.0 26.0
31 2 0.0 12.0
75 39 139.0 197.0
25 8 166.0 65.0
80 3 182.0 101.0
6 82 42.0 18.0
2 3 60.0 2.0
25 71 127.0 45.0
12 52 123.0 66.0
54 37 117.0 123.0
68 61 168.0 56.0
62 24 172.0 86.0
38 1 182.0 106.0
25 10 4.0 176.0
17 21 105.0 65.0
44 17 92.0 33.0
26 15 63.0 15.0
7 35 181.0 181.0
50 8 44.0 101.0
32 62 116.0 168.0
17 33 179.0 51.0
40 8 158.0 136.0
59 12 150.0 64.0
20 78 5.0 42.0
29 43 134.0 69.0
8 33 7.0 115.0
4 32 6.0 3.0
16 48 82.0 123.0
28 14 45.0 13.0
52 70 112.0 3.0
81 64 174.0 14.0
47 79 73.0 179.0
27 13 15.0 7.0
1 70 98.0 22.0
26 11 199.0 104.0
76 4 195.0 81.0
48 55 59.0 40.0
30 12 154.0 123.0
58 46 36.0 128.0
23 15 164.0 61.0
28 3 167.0 179.0
66 46 139.0 65.0
36 6 129.0 90.0
42 20 6.0 76.0
18 23 117.0 17.0
26 29 80.0 72.0
74 65 79.0 68.0
6 34 177.0 195.0
81 85 197.0 144.0
39 3 59.0 136.0
13 10 183.0 140.0
22 3 119.0 142.0
34 7 198.0 188.0
69 37 89.0 31.0
15 22 129.0 168.0
5 34 131.0 106.0
34 65 169.0 128.0
26 14 198.0 28.0
24 69 145.0 133.0
75 52 22.0 16.0
3 24 95.0 172.0
25 15 86.0 184.0
9 29 84.0 167.0
41 1 110.0 167.0
40 3 144.0 79.0
16 27 12.0 142.0
38 42 67.0 157.0
86 64 194.0 89.0
24 18 2.0 41.0
31 5 120.0 88.0
15 73 103.0 156.0
23 19 110.0 165.0
74 85 91.0 6.0
19 24 186.0 103.0
7 32 31.0 53.0
22 16 171.0 177.0
4 35 126.0 173.0
18 43 78.0 199.0
21 74 152.0 133.0
16 21 58.0 14.0
4 37 53.0 101.0
42 44 97.0 191.0
72 57 107.0 80.0
33 1 152.0 78.0
29 7 23.0 31.0
38 55 135.0 101.0
34 67 176.0 87.0
1 81 82.0 34.0
48 5 44.0 87.0
48 31 110.0 94.0
79 49 70.0 169.0
24 20 11.0 174.0
4 39 116.0 34.0
14 30 133.0 52.0
21 15 157.0 109.0
20 37 20.0 39.0
21 22 77.0 17.0
83 10 135.0 139.0
50 34 21.0 157.0
14 9 159.0 185.0
62 64 84.0 28.0
86 63 28.0 17.0
28 5 21.0 186.0
58 76 111.0 193.0
51 23 164.0 140.0
21 19 63.0 51.0
47 5 49.0 84.0
9 28 85.0 160.0
6 37 148.0 121.0
31 14 96.0 128.0
79 69 145.0 117.0
51 57 100.0 56.0
72 49 146.0 16.0
62 81 120.0 9.0
77 73 72.0 169.0
8 5 60.0 109.0
14 20 90.0 8.0
30 15 92.0 186.0
5 38 199.0 37.0
15 28 39.0 51.0
14 55 172.0 137.0
1 43 68.0 92.0
66 54 164.0 141.0
56 69 117.0 177.0
72 40 3.0 7.0
11 53 30.0 95.0
17 22 119.0 29.0
15 29 74.0 110.0
86 55 141.0 47.0
48 50 196.0 9.0
18 71 0.0 112.0
26 17 34.0 69.0
26 18 101.0 190.0
30 16 128.0 83.0
26 16 3.0 199.0
12 31 199.0 30.0
51 32 113.0 92.0
81 76 25.0 109.0
53 8 157.0 177.0
44 35 90.0 143.0
9 33 1.0 191.0
43 2 197.0 81.0
81 82 190.0 152.0
70 31 157.0 141.0
62 86 84.0 70.0
9 36 42.0 61.0
13 31 15.0 151.0
40 6 64.0 105.0
69 22 7.0 18.0
39 20 120.0 4.0
21 9 27.0 62.0
18 27 103.0 136.0
81 51 178.0 139.0
21 13 42.0 21.0
56 43 29.0 9.0
17 27 104.0 45.0
3 37 96.0 111.0
17 25 47.0 16.0
6 81 116.0 75.0
8 38 125.0 171.0
23 2 59.0 103.0
36 7 102.0 53.0
78 38 172.0 83.0
25 54 150.0 76.0
14 27 107.0 46.0
42 2 81.0 155.0
25 45 181.0 149.0
30 11 115.0 58.0
2 39 46.0 175.0
59 21 143.0 101.0
22 25 77.0 115.0
41 4 58.0 179.0
29 18 188.0 117.0
10 81 139.0 21.0
39 29 152.0 72.0
42 19 179.0 67.0
5 36 138.0 25.0
16 69 18.0 81.0
64 11 128.0 48.0
21 25 72.0 186.0
28 33 148.0 12.0
1 40 39.0 88.0
46 1 199.0 191.0
22 23 191.0 130.0
44 2 28.0 129.0
83 3 145.0 198.0
15 27 51.0 26.0
22 8 183.0 75.0
45 1 53.0 83.0
60 86 181.0 92.0
77 44 79.0 133.0
26 86 98.0 70.0
21 24 54.0 78.0
70 76 23.0 151.0
16 25 5.0 26.0
19 55 114.0 140.0
19 63 119.0 167.0
62 48 135.0 101.0
83 39 188.0 166.0
38 61 69.0 38.0
42 36 4.0 75.0
17 83 125.0 180.0
41 3 50.0 83.0
17 62 106.0 164.0
30 79 99.0 26.0
14 33 38.0 34.0
28 76 162.0 178.0
11 36 129.0 183.0
18 25 183.0 85.0
38 6 193.0 109.0
67 5 36.0 43.0
66 14 119.0 95.0
10 32 83.0 18.0
23 39 17.0 73.0
42 1 195.0 131.0
80 10 105.0 76.0
52 80 10.0 88.0
12 68 51.0 3.0
72 69 13.0 87.0
83 11 145.0 132.0
37 9 159.0 180.0
73 80 160.0 176.0
30 9 124.0 107.0
43 3 148.0 29.0
30 13 171.0 159.0
70 7 112.0 22.0
76 23 15.0 77.0
20 25 4.0 160.0
66 72 170.0 163.0
65 37 51.0 130.0
34 13 175.0 127.0
79 41 116.0 123.0
42 31 92.0 88.0
30 25 6.0 157.0
23 24 73.0 173.0
83 36 59.0 77.0
21 69 125.0 29.0
19 62 84.0 128.0
85 32 72.0 11.0
35 15 36.0 189.0
18 76 118.0 81.0
14 83 168.0 76.0
39 44 20.0 193.0
80 59 65.0 80.0
33 22 147.0 190.0
84 67 25.0 31.0
4 50 88.0 98.0
33 15 155.0 125.0
36 10 159.0 26.0
15 63 20.0 79.0
35 9 191.0 193.0
9 82 5.0 56.0
17 86 11.0 152.0
42 4 195.0 37.0
51 50 116.0 83.0
19 33 42.0 24.0
51 53 66.0 1.0
29 17 160.0 39.0
86 9 96.0 151.0
82 17 47.0 53.0
34 9 180.0 59.0
20 29 175.0 127.0
17 31 109.0 91.0
28 16 146.0 151.0
10 55 22.0 12.0
29 14 139.0 134.0
24 61 196.0 187.0
44 6 61.0 44.0
82 24 41.0 193.0
10 78 190.0 168.0
49 31 111.0 51.0
74 33 149.0 9.0
15 9 44.0 123.0
36 58 117.0 135.0
32 29 45.0 113.0
79 84 167.0 106.0
31 15 171.0 160.0
32 40 9.0 161.0
62 61 172.0 72.0
11 32 25.0 73.0
23 25 137.0 21.0
13 29 149.0 54.0
35 12 48.0 147.0
10 52 98.0 15.0
36 4 78.0 69.0
7 39 149.0 39.0
68 51 66.0 74.0
83 8 58.0 43.0
49 59 150.0 195.0
79 55 2.0 51.0
67 51 151.0 2.0
9 68 109.0 49.0
77 24 1.0 140.0
31 56 153.0 102.0
12 33 45.0 171.0
46 2 20.0 103.0
16 31 50.0 122.0
26 21 71.0 4.0
5 69 128.0 22.0
42 53 120.0 189.0
76 52 101.0 73.0
14 32 160.0 54.0
57 77 180.0 158.0
15 56 23.0 0.0
32 13 165.0 25.0
66 5 171.0 36.0
65 4 116.0 99.0
40 11 130.0 36.0
8 37 183.0 183.0
28 22 140.0 144.0
11 34 8.0 72.0
22 29 132.0 183.0
39 10 146.0 97.0
57 49 179.0 117.0
52 44 132.0 95.0
30 20 28.0 14.0
4 34 132.0 164.0
6 45 154.0 25.0
71 54 181.0 114.0
32 18 20.0 113.0
12 44 144.0 166.0
2 45 146.0 75.0
32 19 63.0 30.0
30 31 149.0 43.0
40 74 131.0 81.0
58 13 133.0 37.0
67 20 78.0 115.0
65 7 154.0 50.0
50 76 192.0 50.0
34 52 10.0 90.0
22 30 52.0 25.0
23 21 13.0 1.0
81 9 95.0 97.0
10 37 49.0 181.0
45 65 86.0 79.0
42 8 124.0 40.0
13 55 55.0 116.0
24 26 14.0 65.0
72 13 52.0 66.0
40 10 139.0 17.0
69 39 147.0 186.0
28 23 39.0 148.0
42 3 196.0 125.0
35 17 111.0 120.0
71 77 128.0 166.0
72 71 131.0 142.0
75 16 89.0 183.0
75 3 34.0 180.0
34 86 20.0 133.0
38 13 54.0 11.0
51 11 73.0 50.0
27 71 15.0 136.0
61 37 10.0 143.0
7 43 169.0 93.0
5 39 179.0 58.0
11 38 199.0 165.0
43 5 196.0 171.0
16 35 145.0 2.0
72 41 29.0 170.0
17 39 189.0 196.0
75 84 151.0 151.0
72 7 79.0 120.0
21 27 4.0 10.0
48 3 31.0 4.0
51 1 111.0 180.0
75 63 85.0 8.0
26 22 17.0 114.0
6 46 197.0 158.0
59 22 83.0 148.0
23 27 81.0 163.0
61 56 24.0 86.0
50 13 32.0 55.0
33 10 183.0 144.0
61 27 109.0 68.0
56 34 167.0 78.0
1 2 48.0 116.0
14 36 108.0 84.0
22 20 139.0 189.0
63 74 178.0 163.0
78 9 143.0 10.0
7 49 176.0 78.0
76 2 142.0 37.0
8 41 128.0 61.0
11 41 107.0 128.0
43 77 135.0 15.0
84 43 88.0 74.0
46 3 157.0 66.0
20 31 165.0 52.0
14 46 146.0 93.0
39 35 112.0 40.0
43 9 158.0 192.0
14 73 130.0 65.0
64 79 96.0 65.0
28 48 77.0 184.0
71 3 87.0 186.0
54 78 118.0 53.0
6 43 104.0 16.0
66 75 131.0 168.0
4 40 93.0 89.0
19 29 165.0 23.0
12 71 32.0 14.0
24 43 107.0 109.0
18 34 184.0 146.0
18 33 161.0 54.0
5 46 31.0 17.0
1 52 35.0 114.0
76 46 177.0 80.0
73 62 106.0 95.0
46 74 170.0 138.0
37 12 60.0 29.0
71 75 135.0 196.0
24 31 129.0 48.0
28 21 198.0 160.0
16 36 99.0 186.0
77 35 196.0 28.0
3 68 113.0 102.0
22 31 44.0 36.0
31 4 89.0 56.0
38 14 73.0 176.0
23 30 128.0 2.0
78 28 195.0 78.0
58 37 123.0 46.0
64 5 157.0 120.0
65 61 134.0 22.0
31 21 56.0 178.0
37 40 69.0 97.0
49 34 199.0 94.0
30 17 194.0 79.0
33 75 153.0 141.0
17 36 161.0 29.0
41 60 12.0 70.0
26 70 139.0 146.0
24 42 179.0 147.0
73 54 8.0 49.0
1 82 24.0 159.0
79 80 156.0 18.0
60 69 75.0 62.0
44 8 161.0 189.0
2 47 115.0 125.0
31 10 8.0 54.0
50 37 69.0 187.0
21 29 21.0 29.0
53 1 76.0 45.0
74 29 176.0 185.0
9 41 179.0 4.0
37 5 82.0 93.0
21 51 109.0 197.0
59 3 47.0 69.0
41 10 109.0 68.0
48 24 81.0 82.0
42 7 17.0 109.0
34 19 128.0 146.0
2 57 31.0 107.0
52 39 51.0 65.0
18 35 117.0 112.0
45 3 129.0 117.0
14 37 187.0 190.0
8 46 25.0 68.0
9 72 152.0 42.0
29 65 165.0 80.0
11 42 185.0 149.0
9 47 167.0 37.0
16 37 0.0 85.0
58 31 73.0 129.0
52 48 126.0 60.0
47 6 0.0 103.0
13 26 81.0 105.0
57 8 177.0 199.0
27 28 122.0 114.0
1 50 144.0 41.0
66 31 88.0 144.0
61 21 124.0 161.0
60 84 145.0 2.0
28 79 110.0 98.0
14 40 90.0 192.0
12 41 170.0 67.0
45 5 5.0 92.0
46 56 90.0 101.0
25 26 196.0 130.0
55 74 25.0 72.0
71 22 69.0 123.0
20 33 137.0 180.0
24 28 116.0 27.0
72 60 110.0 86.0
12 43 66.0 115.0
25 44 132.0 109.0
86 12 143.0 80.0
31 25 51.0 120.0
75 6 113.0 121.0
75 34 144.0 2.0
72 4 196.0 61.0
43 11 9.0 106.0
14 42 198.0 28.0
32 20 109.0 130.0
40 9 163.0 4.0
62 56 95.0 15.0
61 53 89.0 160.0
86 1 70.0 33.0
45 12 124.0 66.0
22 32 128.0 134.0
48 61 88.0 126.0
70 37 131.0 197.0
37 71 86.0 95.0
40 73 151.0 133.0
15 36 43.0 192.0
3 69 104.0 113.0
20 34 74.0 181.0
39 13 48.0 2.0
9 25 80.0 88.0
52 2 59.0 11.0
13 73 23.0 145.0
51 55 22.0 126.0
43 13 85.0 17.0
46 29 177.0 141.0
35 21 116.0 52.0
20 35 18.0 117.0
8 47 175.0 50.0
10 42 187.0 34.0
69 8 145.0 10.0
55 46 38.0 119.0
31 52 161.0 75.0
35 22 33.0 90.0
50 7 33.0 149.0
68 59 36.0 51.0
83 37 19.0 11.0
19 31 188.0 159.0
86 6 43.0 133.0
51 76 170.0 34.0
12 40 161.0 83.0
81 59 122.0 146.0
47 21 169.0 155.0
79 43 90.0 5.0
3 53 128.0 62.0
37 17 0.0 69.0
51 4 105.0 196.0
37 19 101.0 27.0
68 24 170.0 15.0
74 36 105.0 92.0
48 44 76.0 27.0
86 33 170.0 118.0
84 9 72.0 50.0
18 31 48.0 73.0
32 23 185.0 153.0
72 47 94.0 39.0
24 30 32.0 16.0
45 9 81.0 90.0
16 40 169.0 157.0
66 10 55.0 91.0
19 36 65.0 127.0
44 23 191.0 65.0
50 6 128.0 128.0
35 19 146.0 175.0
25 32 93.0 131.0
43 10 15.0 126.0
27 30 39.0 184.0
13 42 174.0 94.0
52 19 134.0 40.0
53 4 52.0 77.0
35 50 131.0 180.0
12 50 98.0 29.0
38 19 103.0 143.0
20 80 71.0 118.0
47 26 167.0 111.0
39 15 3.0 93.0
32 21 106.0 89.0
34 22 19.0 158.0
46 9 97.0 102.0
1 55 145.0 147.0
2 51 177.0 0.0
36 18 17.0 49.0
48 7 112.0 136.0
25 27 49.0 115.0
41 15 106.0 107.0
42 50 199.0 77.0
33 24 105.0 96.0
47 61 58.0 2.0
7 44 199.0 36.0
48 84 150.0 16.0
3 49 66.0 62.0
19 43 49.0 115.0
46 12 114.0 155.0
27 32 99.0 66.0
12 79 177.0 4.0
45 54 197.0 188.0
52 5 186.0 197.0
78 4 58.0 89.0
17 34 52.0 76.0
16 41 72.0 53.0
77 31 110.0 139.0
18 30 59.0 9.0
80 28 30.0 188.0
81 3 38.0 27.0
5 57 13.0 24.0
54 4 12.0 71.0
34 35 2.0 16.0
14 43 10.0 27.0
27 31 173.0 120.0
53 6 194.0 32.0
68 53 123.0 176.0
56 71 101.0 113.0
41 47 74.0 115.0
74 25 172.0 86.0
51 27 82.0 175.0
38 85 0.0 93.0
73 32 43.0 125.0
80 2 46.0 189.0
55 17 183.0 121.0
1 62 102.0 36.0
39 6 80.0 129.0
29 30 32.0 53.0
8 51 41.0 115.0
33 25 150.0 194.0
52 86 124.0 145.0
14 39 111.0 170.0
17 40 22.0 94.0
45 14 108.0 77.0
10 45 28.0 188.0
44 78 91.0 12.0
33 26 3.0 133.0
74 68 117.0 105.0
59 41 27.0 41.0
70 71 37.0 90.0
15 83 191.0 12.0
32 56 5.0 99.0
70 78 116.0 185.0
37 23 158.0 160.0
44 30 68.0 162.0
44 9 122.0 185.0
63 36 159.0 150.0
33 23 103.0 148.0
36 59 100.0 94.0
28 34 144.0 57.0
17 67 169.0 13.0
56 54 172.0 128.0
37 22 190.0 193.0
44 13 83.0 112.0
14 44 4.0 194.0
26 31 88.0 107.0
46 10 105.0 140.0
47 11 131.0 1.0
7 41 86.0 52.0
50 73 157.0 59.0
54 2 36.0 99.0
21 55 44.0 71.0
3 52 89.0 48.0
1 4 16.0 129.0
16 62 56.0 121.0
37 21 161.0 139.0
64 60 29.0 48.0
39 62 98.0 138.0
80 77 197.0 134.0
37 79 84.0 193.0
21 77 137.0 174.0
77 46 11.0 153.0
22 44 95.0 19.0
52 7 191.0 57.0
2 53 178.0 172.0
77 70 179.0 28.0
7 53 55.0 176.0
16 44 97.0 139.0
43 46 18.0 186.0
56 1 198.0 181.0
7 76 68.0 93.0
54 59 69.0 12.0
11 48 27.0 47.0
56 3 148.0 6.0
74 28 64.0 3.0
8 34 173.0 113.0
49 48 33.0 191.0
27 20 109.0 183.0
31 28 141.0 129.0
64 24 43.0 10.0
60 1 125.0 70.0
48 13 181.0 74.0
21 39 69.0 45.0
43 57 37.0 42.0
59 1 103.0 22.0
82 29 187.0 12.0
27 29 118.0 80.0
43 17 65.0 161.0
49 51 90.0 191.0
27 11 177.0 71.0
11 46 171.0 46.0
47 15 43.0 160.0
60 21 86.0 147.0
49 70 127.0 73.0
82 66 193.0 198.0
23 34 48.0 58.0
4 55 108.0 91.0
25 28 161.0 37.0
15 43 17.0 84.0
16 73 4.0 61.0
7 67 71.0 91.0
42 69 77.0 150.0
55 3 18.0 70.0
29 53 107.0 18.0
29 33 196.0 168.0
36 22 111.0 109.0
74 14 68.0 128.0
4 57 120.0 73.0
38 16 21.0 143.0
48 14 54.0 50.0
65 53 54.0 72.0
49 11 82.0 161.0
39 74 80.0 31.0
34 57 176.0 143.0
63 43 27.0 44.0
47 16 115.0 147.0
78 65 66.0 88.0
42 18 178.0 120.0
1 49 114.0 184.0
57 82 92.0 197.0
9 53 10.0 125.0
34 25 110.0 138.0
71 35 106.0 138.0
17 66 37.0 173.0
26 32 16.0 55.0
56 55 113.0 146.0
3 58 13.0 27.0
44 15 102.0 57.0
2 60 181.0 64.0
14 51 143.0 91.0
45 17 93.0 1.0
9 52 51.0 82.0
26 77 90.0 19.0
58 4 91.0 155.0
30 28 74.0 104.0
42 40 172.0 129.0
29 25 147.0 153.0
67 3 37.0 90.0
20 41 149.0 82.0
73 1 158.0 152.0
40 23 120.0 0.0
23 35 87.0 11.0
62 46 154.0 161.0
7 56 77.0 126.0
75 28 136.0 176.0
38 22 158.0 125.0
85 4 33.0 59.0
26 30 26.0 143.0
4 59 174.0 146.0
42 15 94.0 61.0
56 6 110.0 49.0
68 76 53.0 187.0
44 18 139.0 141.0
47 10 196.0 97.0
8 54 196.0 29.0
54 7 53.0 22.0
1 58 119.0 27.0
50 5 160.0 14.0
13 60 31.0 23.0
49 71 53.0 36.0
53 48 60.0 192.0
64 6 68.0 56.0
22 41 68.0 65.0
5 51 30.0 121.0
41 53 143.0 102.0
50 14 155.0 56.0
38 32 25.0 138.0
40 2 119.0 31.0
35 28 52.0 131.0
24 40 14.0 120.0
8 52 140.0 83.0
62 11 89.0 171.0
64 38 149.0 185.0
27 33 176.0 56.0
14 49 113.0 153.0
40 21 130.0 33.0
59 37 25.0 182.0
50 11 82.0 191.0
32 31 121.0 175.0
55 5 192.0 163.0
52 63 16.0 141.0
82 23 13.0 192.0
44 21 19.0 126.0
75 32 42.0 149.0
69 55 132.0 19.0
55 7 179.0 167.0
74 57 172.0 101.0
52 11 115.0 116.0
73 24 105.0 83.0
41 21 152.0 70.0
32 28 54.0 123.0
59 78 88.0 96.0
46 28 192.0 20.0
46 13 67.0 123.0
62 4 73.0 191.0
3 12 156.0 140.0
17 74 76.0 61.0
11 58 175.0 180.0
85 17 92.0 181.0
37 24 134.0 180.0
51 13 175.0 78.0
47 32 173.0 194.0
48 15 18.0 199.0
49 68 65.0 127.0
2 61 117.0 141.0
3 76 56.0 44.0
51 12 154.0 148.0
30 33 153.0 88.0
73 47 172.0 81.0
34 31 98.0 146.0
16 50 113.0 68.0
21 34 103.0 178.0
33 44 160.0 21.0
26 82 170.0 16.0
52 83 99.0 77.0
47 76 28.0 5.0
29 69 4.0 1.0
55 6 134.0 102.0
6 57 184.0 48.0
60 3 54.0 88.0
45 21 147.0 14.0
27 36 122.0 69.0
26 38 94.0 173.0
53 73 148.0 122.0
47 44 186.0 152.0
38 24 74.0 120.0
25 43 46.0 59.0
36 29 53.0 52.0
1 77 86.0 0.0
1 61 98.0 160.0
33 45 32.0 192.0
45 20 33.0 180.0
32 33 173.0 19.0
47 20 122.0 47.0
63 2 63.0 121.0
78 36 13.0 116.0
9 51 40.0 52.0
74 81 9.0 139.0
31 46 163.0 41.0
3 62 149.0 148.0
64 3 3.0 122.0
71 26 174.0 126.0
9 55 33.0 37.0
54 11 164.0 199.0
76 74 15.0 5.0
9 56 66.0 176.0
82 77 186.0 181.0
56 11 153.0 135.0
61 28 10.0 108.0
45 43 6.0 137.0
15 46 6.0 192.0
57 60 157.0 170.0
39 40 113.0 124.0
26 41 59.0 179.0
1 65 14.0 45.0
11 55 41.0 119.0
46 18 167.0 52.0
5 54 48.0 174.0
20 46 99.0 6.0
33 34 7.0 9.0
29 34 31.0 120.0
19 44 9.0 90.0
85 78 54.0 176.0
20 44 104.0 95.0
58 8 90.0 72.0
61 23 108.0 90.0
22 42 177.0 7.0
63 1 80.0 184.0
45 83 40.0 112.0
17 79 169.0 2.0
2 65 157.0 23.0
48 19 101.0 14.0
57 10 10.0 143.0
18 47 152.0 118.0
82 19 105.0 81.0
16 46 148.0 186.0
5 53 30.0 141.0
59 7 94.0 199.0
86 11 98.0 52.0
36 26 166.0 151.0
33 51 140.0 129.0
82 14 112.0 44.0
55 8 124.0 170.0
39 31 167.0 24.0
35 58 10.0 197.0
31 35 181.0 105.0
58 9 119.0 32.0
64 68 31.0 37.0
33 69 13.0 171.0
83 54 43.0 126.0
62 5 138.0 119.0
33 31 10.0 105.0
4 63 170.0 20.0
17 49 78.0 103.0
2 64 161.0 149.0
82 5 53.0 192.0
31 36 71.0 66.0
40 28 78.0 114.0
67 75 44.0 168.0
83 51 39.0 6.0
14 47 84.0 9.0
7 60 91.0 114.0
28 26 71.0 4.0
23 70 155.0 124.0
4 60 99.0 26.0
23 42 128.0 177.0
50 15 8.0 172.0
39 28 53.0 48.0
55 78 14.0 89.0
60 5 123.0 105.0
58 6 69.0 146.0
56 10 75.0 176.0
57 3 101.0 174.0
50 33 125.0 29.0
49 15 22.0 134.0
5 59 195.0 27.0
86 79 66.0 9.0
42 27 140.0 141.0
84 68 140.0 9.0
46 22 76.0 15.0
51 69 187.0 130.0
4 48 144.0 65.0
37 27 150.0 118.0
38 84 124.0 97.0
50 18 134.0 190.0
59 9 7.0 74.0
13 54 33.0 147.0
52 47 66.0 110.0
26 42 150.0 53.0
30 38 17.0 94.0
17 51 2.0 119.0
42 78 75.0 79.0
48 12 154.0 9.0
38 52 76.0 161.0
37 28 196.0 109.0
41 34 79.0 62.0
54 12 115.0 29.0
16 52 159.0 84.0
51 16 54.0 114.0
3 63 152.0 129.0
51 18 167.0 106.0
29 38 147.0 43.0
30 48 102.0 95.0
60 11 40.0 133.0
22 85 19.0 107.0
63 5 183.0 130.0
10 59 23.0 189.0
66 1 4.0 175.0
33 36 85.0 123.0
72 8 181.0 184.0
56 13 52.0 35.0
8 61 22.0 92.0
81 66 25.0 193.0
32 36 193.0 160.0
49 16 110.0 168.0
61 5 179.0 66.0
15 54 31.0 64.0
58 7 84.0 164.0
49 20 126.0 89.0
20 84 153.0 148.0
63 7 179.0 178.0
12 56 90.0 172.0
42 47 10.0 152.0
21 48 13.0 189.0
19 50 20.0 196.0
43 26 38.0 57.0
40 85 30.0 164.0
31 40 12.0 184.0
61 3 129.0 144.0
34 53 196.0 19.0
25 42 197.0 7.0
41 28 102.0 162.0
57 13 56.0 123.0
33 35 183.0 46.0
29 40 5.0 13.0
25 66 35.0 170.0
69 1 21.0 164.0
6 61 95.0 17.0
66 2 2.0 92.0
46 21 175.0 56.0
27 40 189.0 183.0
48 78 189.0 172.0
46 23 68.0 147.0
45 11 151.0 103.0
82 64 117.0 124.0
76 71 14.0 165.0
67 46 43.0 168.0
68 4 134.0 18.0
56 16 68.0 76.0
66 3 175.0 9.0
43 47 26.0 44.0
42 68 160.0 129.0
2 67 74.0 30.0
21 56 66.0 40.0
12 49 21.0 110.0
20 50 142.0 107.0
44 27 17.0 162.0
20 51 122.0 144.0
66 4 106.0 148.0
45 16 7.0 18.0
43 28 80.0 33.0
26 52 0.0 98.0
71 17 20.0 21.0
52 21 75.0 163.0
45 38 48.0 44.0
12 57 130.0 170.0
17 53 17.0 188.0
66 83 33.0 176.0
52 17 50.0 65.0
27 41 69.0 50.0
26 34 117.0 89.0
83 27 120.0 144.0
57 23 179.0 168.0
79 51 161.0 109.0
43 20 14.0 130.0
44 26 111.0 47.0
18 53 102.0 113.0
55 41 56.0 171.0
40 67 43.0 125.0
86 50 147.0 163.0
64 18 145.0 126.0
9 62 191.0 107.0
43 27 141.0 6.0
66 6 163.0 4.0
60 10 2.0 17.0
83 75 173.0 58.0
48 36 170.0 169.0
77 37 21.0 69.0
55 44 46.0 166.0
78 60 173.0 37.0
22 50 111.0 114.0
62 2 71.0 74.0
29 44 175.0 73.0
34 37 137.0 100.0
51 64 78.0 107.0
48 23 74.0 51.0
42 16 59.0 72.0
58 66 162.0 32.0
28 50 58.0 73.0
63 22 63.0 81.0
6 62 176.0 190.0
45 28 111.0 113.0
38 34 170.0 141.0
24 45 177.0 196.0
49 19 60.0 189.0
3 70 138.0 22.0
65 3 146.0 148.0
32 78 138.0 9.0
32 37 124.0 66.0
67 1 58.0 35.0
6 67 6.0 180.0
31 69 186.0 184.0
71 36 77.0 46.0
26 46 171.0 168.0
6 3 63.0 117.0
79 60 81.0 154.0
25 46 176.0 158.0
75 22 57.0 186.0
71 1 146.0 64.0
23 45 90.0 132.0
44 54 71.0 168.0
59 13 68.0 42.0
28 42 150.0 84.0
20 53 173.0 32.0
9 69 11.0 102.0
35 25 161.0 68.0
58 15 53.0 108.0
55 18 9.0 144.0
34 69 75.0 81.0
18 38 156.0 144.0
55 15 130.0 107.0
31 54 76.0 104.0
41 30 120.0 87.0
45 27 5.0 34.0
40 33 77.0 59.0
29 35 58.0 86.0
32 43 123.0 85.0
80 68 134.0 79.0
70 53 179.0 65.0
61 11 62.0 56.0
70 5 77.0 135.0
10 61 196.0 83.0
72 1 149.0 25.0
86 14 20.0 159.0
24 51 26.0 143.0
37 63 188.0 160.0
69 4 142.0 167.0
4 67 177.0 157.0
32 63 26.0 55.0
34 39 76.0 174.0
72 3 137.0 25.0
72 22 142.0 109.0
27 46 8.0 120.0
65 49 91.0 196.0
47 25 156.0 34.0
65 5 162.0 86.0
72 52 48.0 141.0
32 84 167.0 124.0
67 8 178.0 104.0
77 4 20.0 72.0
45 26 147.0 181.0
77 38 34.0 39.0
86 8 185.0 143.0
25 48 155.0 99.0
65 8 105.0 3.0
14 60 175.0 24.0
57 15 171.0 105.0
50 10 14.0 191.0
48 83 49.0 161.0
27 57 147.0 36.0
22 51 49.0 84.0
67 79 34.0 4.0
54 20 188.0 91.0
55 20 19.0 163.0
78 53 40.0 190.0
64 84 22.0 54.0
67 10 64.0 72.0
64 12 1.0 163.0
12 60 103.0 3.0
11 63 16.0 89.0
3 50 53.0 5.0
51 26 90.0 24.0
49 26 90.0 130.0
57 75 62.0 113.0
41 33 175.0 126.0
43 34 188.0 129.0
58 16 177.0 43.0
25 50 106.0 194.0
42 29 159.0 112.0
68 55 12.0 1.0
36 76 59.0 103.0
61 15 122.0 121.0
74 3 54.0 50.0
75 18 82.0 194.0
34 42 154.0 11.0
40 26 137.0 13.0
14 58 180.0 96.0
14 76 172.0 192.0
65 12 151.0 31.0
58 69 72.0 25.0
17 59 96.0 126.0
77 63 173.0 130.0
57 16 182.0 80.0
52 6 111.0 119.0
45 80 39.0 43.0
61 67 148.0 12.0
78 34 51.0 99.0
63 12 107.0 123.0
50 23 63.0 155.0
1 76 32.0 188.0
42 33 134.0 14.0
67 11 35.0 45.0
23 54 70.0 27.0
42 35 112.0 18.0
58 17 190.0 163.0
9 65 3.0 50.0
37 36 163.0 66.0
73 2 126.0 195.0
34 40 189.0 12.0
83 12 101.0 24.0
6 71 127.0 171.0
3 73 181.0 192.0
40 35 111.0 123.0
61 40 187.0 114.0
44 66 126.0 151.0
13 61 15.0 52.0
37 39 60.0 4.0
35 43 124.0 114.0
41 68 27.0 3.0
50 30 143.0 160.0
68 10 153.0 6.0
35 36 140.0 141.0
47 24 98.0 66.0
55 23 107.0 113.0
18 57 159.0 167.0
72 6 83.0 35.0
66 18 2.0 62.0
60 17 193.0 98.0
68 8 67.0 147.0
72 65 39.0 7.0
3 82 130.0 137.0
52 22 29.0 37.0
34 44 20.0 188.0
21 54 13.0 103.0
38 33 153.0 168.0
49 43 198.0 99.0
14 56 108.0 17.0
79 61 74.0 147.0
48 60 192.0 4.0
81 13 57.0 21.0
69 10 141.0 77.0
63 21 105.0 155.0
18 54 191.0 10.0
55 22 119.0 189.0
74 2 145.0 179.0
64 14 185.0 171.0
77 67 100.0 177.0
17 61 169.0 157.0
86 61 155.0 110.0
73 68 17.0 60.0
39 38 137.0 8.0
59 14 39.0 9.0
47 31 44.0 137.0
65 13 79.0 181.0
81 15 54.0 131.0
44 45 78.0 175.0
25 49 97.0 33.0
10 65 100.0 114.0
41 71 0.0 37.0
74 6 84.0 39.0
38 36 54.0 80.0
53 22 73.0 86.0
22 49 185.0 128.0
20 56 188.0 63.0
54 22 149.0 85.0
47 60 58.0 49.0
36 85 1.0 58.0
50 71 24.0 37.0
60 19 167.0 78.0
78 1 53.0 41.0
71 30 144.0 38.0
14 62 70.0 132.0
58 20 93.0 19.0
20 83 195.0 104.0
68 11 47.0 196.0
56 24 95.0 71.0
16 61 184.0 14.0
81 42 152.0 189.0
34 45 153.0 48.0
5 71 33.0 23.0
48 35 120.0 78.0
57 20 176.0 67.0
18 59 13.0 24.0
44 36 54.0 60.0
74 32 120.0 190.0
73 37 59.0 72.0
77 48 42.0 12.0
41 54 5.0 27.0
53 25 147.0 77.0
49 18 137.0 123.0
8 70 113.0 102.0
44 32 0.0 119.0
67 12 24.0 120.0
51 44 50.0 35.0
65 16 72.0 92.0
37 30 119.0 29.0
40 38 16.0 18.0
82 55 116.0 105.0
64 15 92.0 181.0
61 20 169.0 93.0
7 16 52.0 145.0
79 2 128.0 102.0
23 56 71.0 152.0
30 47 194.0 142.0
26 27 195.0 10.0
30 49 152.0 63.0
67 63 103.0 45.0
50 59 107.0 72.0
54 46 118.0 160.0
60 20 83.0 198.0
27 50 130.0 106.0
39 71 76.0 124.0
12 69 168.0 24.0
14 61 183.0 121.0
83 65 29.0 86.0
29 79 167.0 88.0
18 62 78.0 85.0
40 51 128.0 113.0
76 42 175.0 58.0
63 14 181.0 4.0
46 34 177.0 101.0
31 41 199.0 112.0
56 25 52.0 180.0
4 70 187.0 172.0
32 48 36.0 17.0
52 29 136.0 164.0
49 32 73.0 112.0
65 15 180.0 54.0
30 39 163.0 109.0
36 45 174.0 163.0
22 56 31.0 179.0
37 44 186.0 170.0
19 61 158.0 22.0
71 10 76.0 94.0
11 69 168.0 149.0
38 44 122.0 148.0
42 39 144.0 86.0
19 76 153.0 71.0
20 59 61.0 136.0
70 11 65.0 199.0
13 80 21.0 23.0
43 36 122.0 97.0
26 56 103.0 90.0
18 67 15.0 25.0
36 13 181.0 160.0
71 34 9.0 134.0
82 25 138.0 22.0
12 76 79.0 3.0
61 32 107.0 100.0
84 72 125.0 29.0
54 24 52.0 28.0
71 9 14.0 68.0
54 47 182.0 147.0
74 9 148.0 143.0
71 40 137.0 38.0
49 29 84.0 17.0
18 63 21.0 191.0
53 27 70.0 147.0
82 60 107.0 123.0
33 49 3.0 73.0
57 21 38.0 185.0
64 17 111.0 138.0
36 47 135.0 49.0
46 33 142.0 19.0
76 5 10.0 115.0
49 45 181.0 33.0
58 23 75.0 88.0
51 29 126.0 78.0
21 58 190.0 164.0
66 15 188.0 53.0
64 19 151.0 123.0
61 50 112.0 93.0
23 60 194.0 74.0
49 28 165.0 175.0
76 8 66.0 41.0
6 76 16.0 192.0
55 28 78.0 158.0
17 65 192.0 19.0
17 81 139.0 144.0
44 56 47.0 3.0
13 68 126.0 41.0
61 22 152.0 91.0
24 59 17.0 171.0
37 47 43.0 34.0
85 53 34.0 121.0
47 45 23.0 179.0
41 36 72.0 114.0
53 58 167.0 120.0
10 72 35.0 93.0
26 57 170.0 188.0
7 73 129.0 187.0
73 8 98.0 172.0
53 30 170.0 85.0
3 78 173.0 193.0
31 50 155.0 197.0
1 79 75.0 122.0
62 20 169.0 110.0
69 15 125.0 139.0
32 50 36.0 6.0
71 8 66.0 134.0
33 43 113.0 188.0
68 15 126.0 38.0
65 14 170.0 82.0
64 41 192.0 45.0
8 75 76.0 161.0
65 55 167.0 153.0
60 24 31.0 155.0
2 81 16.0 97.0
46 50 1.0 82.0
27 47 165.0 79.0
40 44 118.0 87.0
5 78 194.0 110.0
71 14 149.0 70.0
56 28 55.0 69.0
62 21 127.0 86.0
67 24 184.0 95.0
79 5 48.0 137.0
46 38 14.0 13.0
9 75 152.0 132.0
3 79 80.0 98.0
69 14 95.0 181.0
52 55 181.0 103.0
27 56 197.0 60.0
10 75 154.0 181.0
21 64 39.0 2.0
42 65 169.0 53.0
68 16 61.0 73.0
24 58 56.0 141.0
74 11 138.0 103.0
40 57 104.0 71.0
74 10 129.0 101.0
25 61 75.0 35.0
54 48 40.0 114.0
35 47 130.0 161.0
83 81 95.0 191.0
28 52 48.0 103.0
79 19 83.0 138.0
51 35 17.0 139.0
45 39 179.0 146.0
65 19 133.0 54.0
29 57 128.0 126.0
23 52 3.0 58.0
47 38 31.0 50.0
7 74 43.0 32.0
50 29 76.0 79.0
68 19 72.0 45.0
52 40 143.0 3.0
70 16 95.0 77.0
55 31 124.0 175.0
37 46 68.0 127.0
75 12 71.0 100.0
29 56 145.0 66.0
84 2 138.0 22.0
33 64 31.0 11.0
7 75 87.0 175.0
68 17 107.0 134.0
20 65 153.0 31.0
69 18 32.0 22.0
54 63 73.0 103.0
47 39 116.0 19.0
72 15 87.0 55.0
70 13 175.0 119.0
70 14 9.0 63.0
2 85 161.0 68.0
48 37 153.0 66.0
41 75 154.0 186.0
43 76 176.0 179.0
59 26 135.0 45.0
54 26 108.0 22.0
20 64 102.0 35.0
26 65 93.0 63.0
65 21 107.0 6.0
85 82 98.0 12.0
70 17 84.0 4.0
15 70 107.0 60.0
6 79 182.0 194.0
58 28 27.0 42.0
66 21 106.0 82.0
7 78 80.0 151.0
36 55 117.0 187.0
84 3 152.0 168.0
54 17 94.0 36.0
7 80 147.0 153.0
45 40 16.0 81.0
64 16 131.0 43.0
77 6 136.0 189.0
26 60 156.0 16.0
85 1 90.0 74.0
28 59 9.0 42.0
71 38 179.0 55.0
85 23 138.0 78.0
49 39 177.0 106.0
39 32 42.0 61.0
30 54 154.0 179.0
80 1 98.0 111.0
49 38 10.0 188.0
12 78 49.0 19.0
74 13 198.0 28.0
44 43 143.0 136.0
40 62 107.0 72.0
65 22 124.0 102.0
75 13 79.0 79.0
25 59 83.0 130.0
65 23 10.0 93.0
83 5 19.0 59.0
79 8 125.0 17.0
5 81 20.0 20.0
68 20 198.0 79.0
27 60 162.0 74.0
46 39 195.0 41.0
78 66 126.0 30.0
77 8 47.0 136.0
53 28 79.0 67.0
76 11 190.0 156.0
62 26 43.0 162.0
82 4 94.0 193.0
51 38 190.0 56.0
36 50 21.0 137.0
69 6 167.0 99.0
25 60 136.0 15.0
48 40 28.0 167.0
54 35 13.0 170.0
57 28 167.0 8.0
54 33 102.0 14.0
21 67 195.0 44.0
54 32 46.0 168.0
23 64 48.0 13.0
73 79 144.0 184.0
43 54 85.0 124.0
54 28 125.0 50.0
45 42 106.0 93.0
59 38 186.0 9.0
23 63 154.0 134.0
21 68 192.0 152.0
24 65 130.0 40.0
25 63 112.0 26.0
26 61 3.0 149.0
14 72 176.0 128.0
13 77 126.0 83.0
54 34 114.0 65.0
36 53 188.0 20.0
12 77 176.0 180.0
62 28 187.0 58.0
39 50 126.0 52.0
72 17 32.0 129.0
30 46 67.0 161.0
71 13 16.0 193.0
49 63 89.0 82.0
25 64 63.0 30.0
80 9 67.0 191.0
86 46 181.0 55.0
35 55 122.0 60.0
15 86 117.0 106.0
72 16 183.0 184.0
85 5 55.0 151.0
14 34 150.0 97.0
70 22 65.0 13.0
5 84 25.0 132.0
4 73 92.0 158.0
58 33 163.0 166.0
73 71 159.0 80.0
27 63 59.0 94.0
22 76 39.0 67.0
71 65 69.0 189.0
86 37 84.0 134.0
82 8 116.0 61.0
75 15 157.0 160.0
84 7 198.0 120.0
41 49 98.0 110.0
60 30 20.0 110.0
3 85 184.0 12.0
79 9 40.0 6.0
81 27 66.0 124.0
80 8 166.0 134.0
83 35 196.0 123.0
49 37 179.0 147.0
42 46 21.0 77.0
79 7 167.0 41.0
71 46 65.0 104.0
36 56 115.0 105.0
35 52 162.0 181.0
15 74 126.0 80.0
45 72 39.0 74.0
22 64 49.0 18.0
63 38 148.0 70.0
72 43 7.0 67.0
41 43 76.0 73.0
49 40 84.0 191.0
42 48 80.0 198.0
4 79 59.0 158.0
74 78 135.0 50.0
81 7 93.0 184.0
63 40 55.0 41.0
74 41 140.0 14.0
65 32 65.0 17.0
53 37 130.0 101.0
56 30 30.0 163.0
75 14 162.0 42.0
80 11 169.0 97.0
62 22 29.0 62.0
32 59 160.0 36.0
78 11 147.0 100.0
43 70 12.0 13.0
50 40 115.0 94.0
15 76 143.0 98.0
68 27 141.0 106.0
31 61 145.0 110.0
66 49 78.0 126.0
44 49 95.0 190.0
70 84 159.0 42.0
54 36 142.0 171.0
33 60 88.0 10.0
84 8 158.0 31.0
48 22 184.0 99.0
4 86 34.0 130.0
32 60 114.0 113.0
70 9 40.0 9.0
62 23 59.0 199.0
17 73 133.0 153.0
16 74 166.0 21.0
12 55 23.0 76.0
83 41 91.0 8.0
71 79 24.0 77.0
21 85 21.0 90.0
25 62 96.0 61.0
11 79 18.0 155.0
63 28 74.0 151.0
72 19 48.0 192.0
70 19 126.0 71.0
52 60 87.0 169.0
48 43 20.0 63.0
64 26 139.0 41.0
75 17 164.0 36.0
20 82 50.0 182.0
83 7 29.0 76.0
62 27 194.0 77.0
13 78 38.0 72.0
53 38 53.0 77.0
73 19 182.0 25.0
60 40 156.0 74.0
74 20 189.0 73.0
77 16 58.0 191.0
81 11 6.0 39.0
32 57 129.0 0.0
26 63 100.0 168.0
42 54 108.0 106.0
21 72 137.0 42.0
81 25 128.0 46.0
62 31 184.0 118.0
32 58 171.0 194.0
68 26 169.0 178.0
24 70 69.0 98.0
75 20 70.0 122.0
54 39 154.0 130.0
76 17 166.0 44.0
68 25 172.0 94.0
41 52 87.0 108.0
26 67 107.0 59.0
69 25 140.0 28.0
44 50 171.0 9.0
61 29 65.0 193.0
39 53 175.0 19.0
17 78 42.0 93.0
74 70 66.0 14.0
85 7 130.0 106.0
67 52 63.0 189.0
46 49 73.0 155.0
38 56 144.0 196.0
27 66 112.0 9.0
85 52 115.0 39.0
47 67 54.0 157.0
26 66 23.0 72.0
16 76 175.0 105.0
9 83 1.0 190.0
84 11 7.0 27.0
46 48 63.0 103.0
58 42 31.0 127.0
52 42 90.0 146.0
25 70 18.0 144.0
24 71 178.0 193.0
73 20 195.0 105.0
75 19 57.0 148.0
27 64 9.0 16.0
55 37 116.0 24.0
77 7 126.0 148.0
42 51 17.0 169.0
20 72 130.0 187.0
30 66 134.0 109.0
57 38 177.0 129.0
14 80 8.0 34.0
79 14 156.0 169.0
82 65 154.0 72.0
31 65 64.0 80.0
79 13 17.0 33.0
73 22 149.0 100.0
63 31 88.0 83.0
33 61 142.0 65.0
34 60 199.0 150.0
54 53 175.0 107.0
57 37 164.0 129.0
39 56 19.0 180.0
31 59 126.0 188.0
48 47 43.0 27.0
22 74 177.0 84.0
64 32 173.0 119.0
11 85 6.0 124.0
20 70 111.0 181.0
70 27 115.0 75.0
16 80 83.0 86.0
75 21 160.0 161.0
30 85 164.0 156.0
24 72 87.0 93.0
40 55 94.0 60.0
29 66 183.0 53.0
42 55 83.0 95.0
66 67 73.0 150.0
23 75 152.0 108.0
54 38 178.0 113.0
10 84 69.0 94.0
73 25 2.0 156.0
39 61 42.0 49.0
14 77 178.0 26.0
19 77 41.0 13.0
10 85 126.0 114.0
20 69 167.0 78.0
77 15 109.0 97.0
68 23 73.0 178.0
62 33 84.0 76.0
61 84 64.0 79.0
51 45 171.0 42.0
67 30 125.0 13.0
58 39 180.0 3.0
81 16 1.0 99.0
13 84 190.0 110.0
26 69 121.0 15.0
56 37 133.0 157.0
85 12 99.0 197.0
84 12 23.0 23.0
60 37 26.0 101.0
24 74 121.0 158.0
13 82 164.0 75.0
83 13 195.0 106.0
35 60 104.0 68.0
62 35 37.0 189.0
76 21 108.0 89.0
85 14 32.0 83.0
75 2 119.0 10.0
17 80 27.0 41.0
56 40 32.0 143.0
46 52 31.0 27.0
7 86 144.0 136.0
10 86 40.0 133.0
57 11 97.0 100.0
39 57 138.0 81.0
63 35 9.0 58.0
72 26 37.0 37.0
84 15 124.0 69.0
47 51 9.0 156.0
78 18 122.0 105.0
40 54 137.0 115.0
66 22 99.0 187.0
44 53 120.0 190.0
71 21 171.0 129.0
28 81 122.0 8.0
86 13 185.0 46.0
31 64 78.0 146.0
43 50 120.0 153.0
56 41 102.0 9.0
68 30 35.0 154.0
33 67 177.0 155.0
36 62 99.0 100.0
48 51 54.0 21.0
61 78 72.0 191.0
29 62 172.0 103.0
31 68 77.0 44.0
49 52 159.0 180.0
40 59 171.0 194.0
36 64 126.0 148.0
20 76 93.0 25.0
66 34 152.0 99.0
32 52 143.0 177.0
82 16 167.0 68.0
65 35 12.0 44.0
79 59 73.0 123.0
83 16 44.0 44.0
57 41 61.0 122.0
83 19 8.0 106.0
85 13 67.0 112.0
21 78 26.0 10.0
18 84 9.0 145.0
82 69 61.0 21.0
70 30 133.0 86.0
71 31 90.0 177.0
76 24 174.0 152.0
8 81 49.0 134.0
35 59 15.0 116.0
42 56 9.0 42.0
76 32 52.0 19.0
55 45 0.0 65.0
55 43 8.0 133.0
66 79 15.0 99.0
18 77 162.0 141.0
69 32 29.0 11.0
24 75 161.0 197.0
25 72 18.0 123.0
53 81 60.0 22.0
81 20 80.0 12.0
60 38 131.0 88.0
85 9 170.0 146.0
22 78 108.0 132.0
33 70 187.0 137.0
53 47 35.0 101.0
28 70 8.0 6.0
21 79 12.0 68.0
45 53 164.0 92.0
54 49 184.0 95.0
71 52 119.0 154.0
80 21 146.0 27.0
36 65 11.0 86.0
59 42 80.0 47.0
71 33 89.0 88.0
43 52 54.0 101.0
51 65 117.0 18.0
77 25 55.0 54.0
66 28 92.0 174.0
34 68 132.0 190.0
26 75 121.0 96.0
60 44 82.0 1.0
43 31 133.0 123.0
53 46 91.0 139.0
72 31 154.0 160.0
67 31 187.0 9.0
53 50 22.0 31.0
54 85 55.0 106.0
69 59 66.0 128.0
66 38 197.0 100.0
60 43 74.0 83.0
55 49 76.0 117.0
69 73 60.0 30.0
27 75 67.0 48.0
23 77 65.0 41.0
62 34 104.0 72.0
34 70 104.0 170.0
80 24 159.0 53.0
81 23 151.0 185.0
84 62 195.0 27.0
69 35 25.0 56.0
49 53 128.0 45.0
16 84 93.0 193.0
78 23 193.0 197.0
86 19 54.0 97.0
56 77 92.0 165.0
37 66 150.0 43.0
59 43 138.0 97.0
25 75 33.0 164.0
67 37 1.0 114.0
35 68 138.0 94.0
85 20 96.0 131.0
22 83 55.0 102.0
62 38 121.0 147.0
57 44 175.0 23.0
62 41 198.0 114.0
58 47 140.0 32.0
59 39 190.0 93.0
53 52 83.0 128.0
72 32 144.0 131.0
80 23 26.0 199.0
70 35 23.0 99.0
35 72 56.0 151.0
19 78 22.0 6.0
57 47 38.0 114.0
27 80 94.0 28.0
76 27 128.0 129.0
29 75 16.0 24.0
50 54 52.0 194.0
58 43 117.0 27.0
56 33 164.0 125.0
58 48 42.0 139.0
55 84 10.0 80.0
72 50 159.0 56.0
70 29 194.0 40.0
43 62 196.0 162.0
57 85 67.0 48.0
51 37 18.0 184.0
33 63 2.0 135.0
76 45 163.0 44.0
29 72 44.0 125.0
44 61 12.0 156.0
62 57 69.0 158.0
19 85 5.0 66.0
39 66 79.0 24.0
31 75 53.0 50.0
77 28 111.0 55.0
68 82 194.0 26.0
38 70 170.0 191.0
79 25 5.0 134.0
29 76 11.0 75.0
75 38 91.0 168.0
59 47 6.0 123.0
54 52 72.0 59.0
43 64 73.0 136.0
42 64 150.0 19.0
45 58 152.0 120.0
74 42 60.0 158.0
22 82 114.0 72.0
47 56 37.0 157.0
56 48 139.0 195.0
66 45 163.0 164.0
54 55 190.0 36.0
28 72 81.0 140.0
50 56 32.0 33.0
73 28 119.0 92.0
27 79 54.0 33.0
59 48 46.0 44.0
86 20 29.0 186.0
34 72 166.0 192.0
55 53 168.0 156.0
21 84 7.0 49.0
85 16 32.0 39.0
57 52 155.0 104.0
41 67 109.0 9.0
58 41 8.0 156.0
76 26 91.0 37.0
56 52 150.0 9.0
73 33 199.0 118.0
39 65 131.0 7.0
30 77 181.0 116.0
72 33 83.0 136.0
25 83 94.0 192.0
74 69 100.0 102.0
44 63 190.0 143.0
19 66 131.0 92.0
73 31 141.0 130.0
60 46 38.0 25.0
84 28 122.0 19.0
72 37 174.0 157.0
79 26 61.0 20.0
31 79 45.0 114.0
67 27 86.0 187.0
23 79 137.0 169.0
39 70 126.0 31.0
74 35 133.0 164.0
34 74 62.0 7.0
84 26 1.0 188.0
78 30 117.0 15.0
68 70 153.0 114.0
81 69 5.0 39.0
47 63 177.0 94.0
52 59 104.0 55.0
58 52 130.0 37.0
85 25 150.0 144.0
26 83 77.0 103.0
53 57 33.0 146.0
60 51 42.0 186.0
60 49 49.0 47.0
68 38 101.0 26.0
76 31 0.0 5.0
73 38 158.0 83.0
51 59 154.0 60.0
75 37 158.0 183.0
68 43 186.0 144.0
23 84 105.0 180.0
27 84 197.0 154.0
52 61 91.0 98.0
60 50 169.0 92.0
80 82 195.0 128.0
67 53 67.0 149.0
60 31 139.0 177.0
58 51 4.0 77.0
77 32 64.0 61.0
47 65 108.0 61.0
61 51 170.0 0.0
61 49 123.0 139.0
26 85 125.0 118.0
83 28 112.0 192.0
67 43 116.0 3.0
42 62 95.0 72.0
49 62 125.0 159.0
17 84 58.0 186.0
21 86 157.0 28.0
86 25 153.0 80.0
60 61 195.0 30.0
45 68 24.0 108.0
80 72 188.0 140.0
64 45 33.0 84.0
65 41 57.0 111.0
29 77 157.0 67.0
38 72 121.0 114.0
86 24 3.0 26.0
57 55 65.0 151.0
29 83 176.0 89.0
43 71 66.0 165.0
36 73 150.0 52.0
27 85 117.0 159.0
86 28 199.0 74.0
62 50 42.0 72.0
54 60 184.0 198.0
37 74 186.0 1.0
46 65 82.0 162.0
8 62 76.0 101.0
83 78 77.0 178.0
46 63 80.0 194.0
60 55 190.0 31.0
79 20 1.0 32.0
34 63 107.0 137.0
29 54 91.0 93.0
51 63 62.0 126.0
81 31 64.0 138.0
75 47 152.0 141.0
48 68 121.0 184.0
42 67 21.0 63.0
30 83 175.0 174.0
70 46 161.0 82.0
60 56 39.0 5.0
31 82 119.0 53.0
55 58 98.0 183.0
29 84 18.0 50.0
84 30 23.0 91.0
27 86 127.0 196.0
38 58 183.0 102.0
72 61 138.0 145.0
80 35 48.0 129.0
80 32 199.0 168.0
85 29 139.0 97.0
27 73 95.0 109.0
58 57 142.0 70.0
44 71 60.0 69.0
50 63 173.0 43.0
64 85 76.0 112.0
65 70 27.0 124.0
36 77 103.0 26.0
69 46 32.0 195.0
75 35 11.0 79.0
62 54 115.0 105.0
83 34 5.0 175.0
43 73 61.0 130.0
39 77 2.0 137.0
32 81 12.0 181.0
36 81 158.0 68.0
71 45 162.0 142.0
78 37 128.0 125.0
36 80 140.0 44.0
34 81 7.0 97.0
69 47 150.0 68.0
59 70 58.0 104.0
29 71 28.0 70.0
68 63 185.0 138.0
48 71 73.0 99.0
49 73 73.0 1.0
70 44 69.0 13.0
75 42 7.0 76.0
62 51 112.0 109.0
82 33 23.0 170.0
59 57 152.0 4.0
77 41 36.0 89.0
77 40 77.0 61.0
58 60 76.0 102.0
84 31 181.0 145.0
62 58 20.0 189.0
68 46 26.0 132.0
86 31 19.0 2.0
69 49 130.0 123.0
61 57 123.0 118.0
76 38 70.0 152.0
53 62 159.0 99.0
67 48 53.0 141.0
50 58 95.0 74.0
35 82 100.0 122.0
32 82 60.0 71.0
66 47 134.0 190.0
43 39 113.0 10.0
70 48 187.0 136.0
61 55 92.0 99.0
45 74 105.0 98.0
83 32 158.0 1.0
75 44 95.0 11.0
44 69 137.0 155.0
66 56 189.0 71.0
60 62 46.0 103.0
61 58 13.0 34.0
79 35 161.0 106.0
73 46 151.0 19.0
71 55 162.0 109.0
58 49 150.0 58.0
53 59 136.0 87.0
80 37 117.0 78.0
33 84 36.0 163.0
74 44 102.0 1.0
76 41 159.0 63.0
52 66 95.0 110.0
74 49 53.0 58.0
85 49 151.0 3.0
66 71 192.0 40.0
75 45 145.0 61.0
54 58 79.0 133.0
50 70 9.0 181.0
58 63 113.0 120.0
34 77 85.0 9.0
81 22 199.0 139.0
40 82 120.0 103.0
44 73 194.0 113.0
38 86 120.0 91.0
39 79 78.0 151.0
83 40 160.0 39.0
71 47 111.0 74.0
35 86 97.0 197.0
52 68 93.0 49.0
63 10 23.0 13.0
69 50 116.0 17.0
74 48 156.0 36.0
50 65 99.0 186.0
64 59 151.0 59.0
66 57 127.0 63.0
72 46 126.0 177.0
39 80 186.0 19.0
54 65 129.0 10.0
68 40 20.0 45.0
79 44 76.0 177.0
51 72 195.0 175.0
57 68 78.0 98.0
79 40 193.0 157.0
67 58 177.0 119.0
64 57 90.0 116.0
70 51 91.0 171.0
30 86 49.0 112.0
54 70 125.0 126.0
63 56 49.0 120.0
55 62 113.0 79.0
60 66 162.0 106.0
47 77 36.0 91.0
50 64 96.0 78.0
71 53 95.0 140.0
51 71 124.0 144.0
45 57 105.0 49.0
62 63 68.0 107.0
40 86 129.0 181.0
64 58 51.0 43.0
69 57 189.0 39.0
58 68 132.0 86.0
30 76 42.0 27.0
51 73 179.0 166.0
43 82 174.0 36.0
78 47 134.0 194.0
56 67 57.0 64.0
78 39 136.0 108.0
73 55 193.0 126.0
39 86 40.0 125.0
78 46 28.0 82.0
43 85 77.0 159.0
36 84 57.0 3.0
65 57 21.0 192.0
73 65 93.0 78.0
66 70 166.0 182.0
86 41 7.0 159.0
84 41 70.0 48.0
80 34 119.0 50.0
64 34 51.0 149.0
64 52 95.0 60.0
62 67 76.0 68.0
74 51 184.0 122.0
69 52 76.0 150.0
56 72 92.0 84.0
63 64 85.0 114.0
80 42 49.0 156.0
84 44 81.0 52.0
49 75 160.0 177.0
85 41 186.0 37.0
75 53 182.0 170.0
72 58 131.0 11.0
85 44 126.0 175.0
47 81 145.0 163.0
68 44 130.0 147.0
60 68 187.0 163.0
80 43 190.0 147.0
74 56 34.0 176.0
53 69 110.0 169.0
60 53 151.0 193.0
50 68 6.0 77.0
77 50 14.0 103.0
40 84 40.0 96.0
51 75 74.0 27.0
43 83 42.0 16.0
72 55 111.0 29.0
62 65 12.0 173.0
71 58 5.0 163.0
78 27 145.0 163.0
44 80 96.0 159.0
80 46 79.0 136.0
74 54 172.0 153.0
82 47 58.0 167.0
82 39 61.0 121.0
80 51 76.0 25.0
45 78 149.0 33.0
53 79 118.0 94.0
46 79 187.0 14.0
68 54 186.0 18.0
79 54 165.0 158.0
85 45 112.0 24.0
60 70 171.0 173.0
59 65 6.0 47.0
78 49 25.0 156.0
83 47 147.0 95.0
45 86 174.0 134.0
67 54 134.0 160.0
76 55 123.0 100.0
46 84 174.0 187.0
48 82 118.0 145.0
53 72 156.0 124.0
56 68 158.0 133.0
47 84 91.0 105.0
52 65 54.0 66.0
86 44 173.0 141.0
61 73 46.0 48.0
49 84 194.0 172.0
61 69 165.0 112.0
65 67 192.0 73.0
51 82 104.0 150.0
78 51 78.0 148.0
50 78 95.0 132.0
54 76 42.0 20.0
46 82 87.0 40.0
23 29 62.0 82.0
80 53 96.0 27.0
74 59 157.0 40.0
84 54 46.0 61.0
59 75 99.0 124.0
63 72 120.0 194.0
80 54 52.0 114.0
45 79 197.0 92.0
57 76 199.0 59.0
59 72 8.0 47.0
74 58 100.0 165.0
62 52 82.0 98.0
64 69 67.0 182.0
84 53 169.0 139.0
84 50 83.0 173.0
84 56 29.0 32.0
58 75 64.0 29.0
62 72 123.0 72.0
67 68 1.0 24.0
45 69 59.0 36.0
79 48 32.0 79.0
81 50 146.0 153.0
79 58 87.0 29.0
85 46 135.0 117.0
71 61 139.0 199.0
74 60 98.0 62.0
85 51 180.0 100.0
53 82 10.0 191.0
77 60 108.0 42.0
59 76 169.0 54.0
80 49 17.0 56.0
61 76 107.0 153.0
66 74 54.0 46.0
83 49 140.0 152.0
49 82 108.0 72.0
49 76 102.0 70.0
82 42 79.0 11.0
84 52 133.0 0.0
86 80 55.0 102.0
59 67 110.0 163.0
69 76 40.0 164.0
57 79 18.0 132.0
81 60 165.0 78.0
63 81 11.0 20.0
70 64 25.0 43.0
84 51 54.0 158.0
85 34 187.0 61.0
59 62 132.0 97.0
49 50 56.0 124.0
66 77 154.0 74.0
53 76 90.0 72.0
85 56 19.0 102.0
68 69 27.0 44.0
60 80 41.0 33.0
86 56 187.0 180.0
55 77 105.0 119.0
77 65 75.0 162.0
69 71 17.0 30.0
56 82 99.0 59.0
85 80 125.0 71.0
63 48 199.0 104.0
56 79 189.0 192.0
67 70 104.0 128.0
75 76 195.0 162.0
69 77 93.0 70.0
80 67 110.0 62.0
84 66 156.0 161.0
70 75 94.0 33.0
85 61 74.0 45.0
83 61 61.0 63.0
63 80 114.0 117.0
54 86 32.0 109.0
64 75 20.0 77.0
85 42 42.0 82.0
63 85 49.0 151.0
62 76 32.0 95.0
72 75 54.0 106.0
78 71 138.0 67.0
57 63 54.0 52.0
75 78 20.0 38.0
59 83 181.0 192.0
73 76 21.0 175.0
59 85 153.0 71.0
82 58 41.0 185.0
79 68 36.0 96.0
62 82 28.0 175.0
58 84 165.0 82.0
60 85 138.0 185.0
62 77 195.0 71.0
78 73 128.0 17.0
57 84 188.0 82.0
56 78 113.0 29.0
83 67 75.0 150.0
72 73 189.0 56.0
83 62 101.0 106.0
85 50 199.0 39.0
57 80 79.0 194.0
77 75 82.0 8.0
75 73 58.0 22.0
75 60 20.0 123.0
68 83 122.0 48.0
74 67 111.0 63.0
68 77 157.0 12.0
65 79 138.0 156.0
83 86 175.0 17.0
71 86 118.0 9.0
82 71 177.0 128.0
86 66 68.0 149.0
82 63 83.0 142.0
76 77 0.0 146.0
81 72 93.0 157.0
69 84 133.0 31.0
71 80 35.0 61.0
72 83 141.0 105.0
70 80 41.0 118.0
52 81 18.0 61.0
70 79 23.0 53.0
75 81 40.0 23.0
44 81 130.0 133.0
64 83 119.0 63.0
79 72 190.0 107.0
70 85 153.0 132.0
58 80 187.0 146.0
29 80 40.0 5.0
83 70 74.0 63.0
77 74 25.0 114.0
71 83 73.0 155.0
85 55 80.0 144.0
80 75 146.0 70.0
84 83 14.0 99.0
81 77 27.0 153.0
85 67 118.0 19.0
69 54 131.0 145.0
6 84 195.0 108.0
74 52 174.0 20.0
72 86 82.0 6.0
58 65 184.0 181.0
73 81 140.0 198.0
77 86 186.0 120.0
49 5 181.0 57.0
80 74 46.0 64.0
86 84 24.0 193.0
77 79 24.0 199.0
66 85 98.0 58.0
77 61 170.0 82.0
84 59 6.0 110.0
4 12 148.0 144.0
82 86 96.0 129.0
84 76 121.0 94.0
57 81 60.0 145.0
40 81 135.0 36.0
82 78 40.0 33.0
70 81 62.0 10.0
85 75 34.0 68.0
65 66 25.0 182.0
84 63 25.0 121.0
67 57 33.0 146.0
80 31 13.0 45.0
77 83 42.0 101.0
65 84 117.0 35.0
82 83 53.0 179.0
78 86 174.0 88.0
3 1 34.0 199.0
68 72 96.0 59.0
80 81 1.0 81.0
76 72 86.0 166.0
82 44 39.0 81.0
83 53 108.0 156.0
35 56 184.0 161.0
78 80 3.0 158.0
74 83 158.0 37.0
61 81 127.0 7.0
66 63 153.0 80.0
62 70 78.0 191.0
35 78 172.0 117.0
79 34 6.0 32.0
47 85 49.0 190.0
70 73 123.0 5.0
71 85 144.0 82.0
84 45 98.0 23.0
80 83 0.0 51.0
82 75 121.0 31.0
51 86 64.0 46.0
71 63 184.0 22.0
59 56 76.0 186.0
34 73 73.0 199.0
85 73 29.0 169.0
62 71 60.0 127.0
0
