82 3321 6 37 125984
65 71 111.0 41.0
11 52 157.0 199.0
45 15 191.0 106.0
8 10 21.0 151.0
14 40 44.0 198.0
17 53 107.0 122.0
25 3 110.0 131.0
10 66 115.0 35.0
54 19 193.0 178.0
70 18 89.0 102.0
34 66 197.0 80.0
56 27 98.0 170.0
66 54 73.0 95.0
26 34 181.0 132.0
37 55 129.0 43.0
38 15 139.0 44.0
36 6 128.0 132.0
25 72 102.0 170.0
57 71 17.0 51.0
15 73 171.0 67.0
46 61 12.0 196.0
13 6 150.0 145.0
60 33 0.0 79.0
49 58 181.0 139.0
65 23 3.0 62.0
12 3 159.0 105.0
73 61 69.0 128.0
53 36 25.0 192.0
15 8 98.0 189.0
13 49 71.0 48.0
1 14 45.0 71.0
71 36 5.0 26.0
58 77 198.0 8.0
81 46 155.0 109.0
26 74 8.0 176.0
27 5 198.0 185.0
14 22 35.0 96.0
72 67 136.0 106.0
80 27 130.0 181.0
64 10 128.0 87.0
7 24 72.0 126.0
69 4 189.0 179.0
79 78 8.0 149.0
3 26 89.0 159.0
49 56 75.0 125.0
41 62 175.0 11.0
8 71 54.0 57.0
1 73 56.0 182.0
14 59 55.0 80.0
64 11 119.0 45.0
6 27 147.0 80.0
54 70 95.0 37.0
45 67 46.0 171.0
48 9 59.0 174.0
82 74 135.0 113.0
67 79 119.0 143.0
57 20 4.0 127.0
32 17 107.0 75.0
45 24 152.0 6.0
13 70 145.0 47.0
56 21 55.0 143.0
32 24 184.0 114.0
18 48 29.0 71.0
46 39 136.0 100.0
60 2 177.0 140.0
20 2 22.0 36.0
26 13 173.0 174.0
1 44 195.0 118.0
67 75 1.0 50.0
18 81 184.0 185.0
47 77 123.0 13.0
35 41 11.0 11.0
44 14 197.0 140.0
16 71 146.0 19.0
2 52 105.0 119.0
15 13 166.0 52.0
5 62 135.0 167.0
60 61 19.0 120.0
57 18 134.0 143.0
58 69 197.0 98.0
3 45 129.0 146.0
34 52 186.0 75.0
21 61 132.0 43.0
73 18 140.0 51.0
79 49 122.0 76.0
30 1 187.0 93.0
18 37 185.0 74.0
26 37 153.0 134.0
1 19 129.0 34.0
70 32 163.0 115.0
12 29 48.0 47.0
49 81 156.0 188.0
50 23 144.0 30.0
4 7 198.0 131.0
61 16 7.0 135.0
54 52 44.0 112.0
72 5 154.0 125.0
38 2 119.0 117.0
32 31 109.0 167.0
32 56 84.0 18.0
79 65 40.0 28.0
7 78 189.0 190.0
12 18 150.0 196.0
69 32 103.0 146.0
38 49 119.0 9.0
52 23 120.0 38.0
54 16 10.0 30.0
71 45 140.0 94.0
27 81 125.0 181.0
76 70 6.0 114.0
6 17 99.0 109.0
48 30 83.0 155.0
80 7 96.0 154.0
30 43 38.0 17.0
58 50 165.0 0.0
12 11 199.0 106.0
11 42 105.0 124.0
29 17 11.0 64.0
36 4 80.0 63.0
35 3 60.0 115.0
11 6 129.0 108.0
48 50 114.0 119.0
10 4 75.0 32.0
66 23 85.0 75.0
4 14 91.0 143.0
1 12 99.0 55.0
17 81 112.0 131.0
3 48 174.0 124.0
53 4 82.0 104.0
55 22 187.0 148.0
78 35 12.0 62.0
57 10 103.0 98.0
76 56 39.0 147.0
69 21 84.0 138.0
21 70 160.0 148.0
37 58 137.0 86.0
63 15 168.0 19.0
37 76 165.0 107.0
29 51 74.0 129.0
60 66 156.0 130.0
41 16 124.0 195.0
36 82 151.0 160.0
72 4 175.0 63.0
63 36 192.0 112.0
51 66 162.0 112.0
60 25 55.0 127.0
75 51 105.0 81.0
35 56 160.0 62.0
71 78 71.0 85.0
78 52 154.0 174.0
57 82 40.0 81.0
36 51 183.0 184.0
34 78 184.0 145.0
20 51 11.0 191.0
19 32 20.0 116.0
5 13 29.0 133.0
9 73 187.0 52.0
44 22 122.0 93.0
21 7 107.0 114.0
57 56 102.0 90.0
53 76 17.0 86.0
46 45 148.0 28.0
76 73 43.0 120.0
4 3 119.0 24.0
2 16 39.0 58.0
37 16 24.0 113.0
22 42 150.0 132.0
4 6 130.0 4.0
13 35 29.0 147.0
79 68 127.0 177.0
59 5 3.0 123.0
14 66 127.0 74.0
81 19 184.0 118.0
34 48 16.0 9.0
8 5 97.0 118.0
66 67 133.0 27.0
20 78 189.0 163.0
65 19 78.0 117.0
23 81 46.0 33.0
64 20 20.0 125.0
40 36 130.0 156.0
3 30 196.0 99.0
79 24 182.0 93.0
11 56 9.0 115.0
53 33 102.0 198.0
52 58 65.0 133.0
56 19 103.0 63.0
41 3 121.0 123.0
8 7 17.0 4.0
68 42 63.0 14.0
67 12 116.0 45.0
69 22 28.0 125.0
54 79 114.0 83.0
54 71 155.0 132.0
7 6 112.0 58.0
51 8 175.0 34.0
45 43 65.0 193.0
2 24 165.0 129.0
37 63 151.0 82.0
2 14 31.0 179.0
10 59 131.0 97.0
47 16 165.0 86.0
64 81 17.0 77.0
8 76 145.0 192.0
36 10 194.0 163.0
33 23 67.0 160.0
3 11 58.0 18.0
26 80 189.0 41.0
57 63 194.0 120.0
81 33 97.0 111.0
33 22 83.0 114.0
15 55 106.0 180.0
65 18 44.0 52.0
40 35 110.0 111.0
47 22 160.0 120.0
20 32 195.0 101.0
12 46 19.0 141.0
78 14 33.0 68.0
35 5 102.0 68.0
60 81 141.0 160.0
17 30 131.0 185.0
66 68 184.0 41.0
7 72 113.0 144.0
21 48 126.0 60.0
13 39 149.0 145.0
54 37 57.0 134.0
41 25 45.0 159.0
25 81 146.0 186.0
5 10 14.0 30.0
30 42 7.0 198.0
32 65 11.0 121.0
32 6 109.0 137.0
46 50 46.0 10.0
4 11 53.0 103.0
37 4 53.0 51.0
2 50 76.0 199.0
10 44 38.0 90.0
6 8 142.0 46.0
72 62 27.0 153.0
69 12 140.0 88.0
61 42 31.0 186.0
52 79 46.0 36.0
5 3 144.0 99.0
66 15 142.0 20.0
61 81 37.0 133.0
5 6 39.0 179.0
11 27 54.0 18.0
40 5 157.0 194.0
46 6 105.0 140.0
2 36 80.0 103.0
51 17 45.0 176.0
31 43 36.0 140.0
43 68 66.0 73.0
19 13 158.0 57.0
42 64 120.0 12.0
68 62 43.0 30.0
67 21 115.0 100.0
58 76 68.0 147.0
10 82 113.0 65.0
44 16 137.0 102.0
3 44 138.0 3.0
57 15 125.0 96.0
12 10 21.0 45.0
61 34 160.0 16.0
57 67 49.0 27.0
60 29 84.0 69.0
28 44 128.0 197.0
59 78 27.0 65.0
42 48 111.0 117.0
64 55 121.0 36.0
52 50 95.0 94.0
2 65 107.0 7.0
49 33 105.0 108.0
63 69 65.0 189.0
30 45 61.0 193.0
43 77 169.0 88.0
42 73 65.0 80.0
45 51 151.0 138.0
9 7 162.0 198.0
33 46 176.0 21.0
3 14 103.0 33.0
5 15 125.0 120.0
9 70 102.0 186.0
5 12 107.0 71.0
12 70 61.0 124.0
40 55 177.0 12.0
25 37 92.0 91.0
2 80 110.0 68.0
2 5 55.0 13.0
54 48 139.0 132.0
37 57 73.0 42.0
78 2 186.0 180.0
72 13 92.0 199.0
67 52 164.0 21.0
2 6 92.0 56.0
7 47 173.0 2.0
54 72 156.0 180.0
7 10 50.0 48.0
15 39 136.0 124.0
40 59 76.0 74.0
72 1 79.0 121.0
54 67 163.0 44.0
74 57 185.0 55.0
22 5 58.0 158.0
76 25 30.0 167.0
65 26 193.0 32.0
64 39 164.0 81.0
16 28 126.0 193.0
30 31 19.0 157.0
15 54 16.0 134.0
29 58 135.0 1.0
62 21 129.0 193.0
47 61 61.0 159.0
6 34 184.0 54.0
75 36 65.0 101.0
65 61 24.0 143.0
11 1 72.0 195.0
55 82 60.0 40.0
59 47 22.0 147.0
67 11 12.0 151.0
74 25 180.0 73.0
60 8 57.0 117.0
45 77 9.0 74.0
17 5 176.0 185.0
3 59 76.0 48.0
60 48 35.0 88.0
12 30 141.0 57.0
42 13 180.0 153.0
39 12 180.0 113.0
19 17 177.0 189.0
13 55 64.0 138.0
6 14 103.0 192.0
5 14 172.0 131.0
32 14 116.0 7.0
43 46 182.0 9.0
18 4 104.0 114.0
7 68 56.0 36.0
4 24 9.0 33.0
80 22 75.0 73.0
77 56 5.0 130.0
41 67 91.0 177.0
80 6 88.0 160.0
51 82 83.0 22.0
77 1 82.0 187.0
16 7 125.0 139.0
22 37 42.0 87.0
61 11 142.0 117.0
12 7 188.0 100.0
5 42 143.0 31.0
47 60 120.0 31.0
62 10 149.0 156.0
13 8 58.0 32.0
4 2 72.0 135.0
40 3 191.0 114.0
1 13 65.0 86.0
57 77 94.0 5.0
36 55 134.0 189.0
35 34 93.0 6.0
43 63 120.0 42.0
9 12 129.0 130.0
48 53 45.0 1.0
3 18 175.0 36.0
20 17 35.0 40.0
11 26 28.0 81.0
1 46 14.0 162.0
79 69 22.0 107.0
52 36 141.0 95.0
81 76 77.0 22.0
46 54 132.0 122.0
10 11 142.0 107.0
7 2 198.0 177.0
32 30 131.0 178.0
14 8 78.0 145.0
31 33 95.0 52.0
69 52 186.0 188.0
46 75 64.0 63.0
46 3 76.0 148.0
80 43 138.0 18.0
47 30 157.0 136.0
61 23 192.0 89.0
65 15 171.0 70.0
6 9 49.0 18.0
53 58 195.0 187.0
50 55 155.0 60.0
13 9 141.0 31.0
19 78 28.0 32.0
27 17 11.0 186.0
12 4 97.0 3.0
28 33 156.0 20.0
34 54 171.0 157.0
31 55 119.0 167.0
30 52 87.0 26.0
28 34 60.0 181.0
31 48 15.0 88.0
66 17 72.0 26.0
30 50 67.0 170.0
82 3 156.0 175.0
58 6 131.0 80.0
60 64 128.0 3.0
35 20 69.0 168.0
56 80 153.0 129.0
47 65 199.0 168.0
4 19 50.0 24.0
17 21 135.0 69.0
25 61 70.0 44.0
66 9 63.0 153.0
74 15 53.0 191.0
37 72 81.0 122.0
69 41 126.0 186.0
23 78 122.0 78.0
44 39 181.0 124.0
59 60 136.0 117.0
39 48 175.0 158.0
56 13 112.0 190.0
27 45 14.0 117.0
34 4 58.0 95.0
44 9 169.0 184.0
4 43 42.0 92.0
13 11 116.0 176.0
39 26 56.0 5.0
73 64 195.0 183.0
78 11 104.0 59.0
55 11 153.0 118.0
16 1 11.0 11.0
9 5 141.0 132.0
47 57 31.0 135.0
36 12 107.0 99.0
39 5 114.0 115.0
71 13 199.0 109.0
23 13 132.0 55.0
23 19 16.0 86.0
13 3 44.0 27.0
38 66 64.0 137.0
41 27 33.0 47.0
39 79 44.0 92.0
2 64 23.0 159.0
78 25 130.0 174.0
38 69 189.0 62.0
5 19 0.0 5.0
53 39 3.0 196.0
23 16 136.0 67.0
42 67 45.0 169.0
64 50 64.0 90.0
33 26 77.0 39.0
50 36 114.0 159.0
24 65 103.0 56.0
3 10 128.0 103.0
49 26 46.0 132.0
1 22 94.0 182.0
65 34 79.0 139.0
3 2 136.0 95.0
11 2 4.0 13.0
16 4 95.0 70.0
12 73 125.0 198.0
1 75 90.0 6.0
20 55 90.0 88.0
52 17 59.0 136.0
50 72 41.0 90.0
74 36 191.0 177.0
48 67 171.0 195.0
14 19 118.0 66.0
9 23 36.0 196.0
17 31 128.0 78.0
5 23 85.0 170.0
15 1 65.0 97.0
76 14 190.0 106.0
52 64 196.0 182.0
51 22 149.0 119.0
13 7 44.0 68.0
59 53 176.0 32.0
5 11 62.0 56.0
66 49 18.0 99.0
55 77 18.0 83.0
9 1 13.0 8.0
74 45 107.0 161.0
67 30 171.0 9.0
65 38 124.0 167.0
1 18 63.0 101.0
20 66 140.0 77.0
12 2 20.0 158.0
82 61 165.0 38.0
71 14 113.0 178.0
58 68 165.0 173.0
9 11 191.0 89.0
10 67 56.0 115.0
45 79 71.0 119.0
65 55 14.0 12.0
59 19 153.0 186.0
81 82 52.0 118.0
20 1 69.0 166.0
45 80 160.0 35.0
50 27 36.0 151.0
13 22 93.0 92.0
18 32 65.0 164.0
6 31 35.0 31.0
50 43 119.0 189.0
44 32 171.0 172.0
7 11 96.0 40.0
8 4 6.0 56.0
32 11 140.0 42.0
32 35 118.0 33.0
8 17 8.0 184.0
13 68 33.0 43.0
30 21 180.0 152.0
53 71 152.0 103.0
18 6 147.0 48.0
22 63 179.0 153.0
75 20 99.0 71.0
10 13 178.0 18.0
18 47 35.0 138.0
34 11 107.0 68.0
31 44 114.0 87.0
10 9 16.0 18.0
42 15 114.0 115.0
8 16 195.0 93.0
41 55 2.0 95.0
2 8 178.0 132.0
56 6 140.0 165.0
5 18 75.0 47.0
34 46 8.0 142.0
69 35 69.0 176.0
52 53 158.0 183.0
76 48 33.0 153.0
19 3 118.0 35.0
64 21 132.0 48.0
28 38 196.0 73.0
28 39 158.0 71.0
3 17 141.0 167.0
15 58 57.0 10.0
30 29 52.0 167.0
18 9 24.0 38.0
46 26 186.0 94.0
46 27 136.0 71.0
67 35 107.0 132.0
75 43 80.0 18.0
22 38 95.0 21.0
15 3 20.0 104.0
33 54 9.0 24.0
9 15 17.0 33.0
71 11 33.0 155.0
39 23 130.0 170.0
57 65 195.0 190.0
27 29 180.0 27.0
68 31 129.0 27.0
35 27 18.0 101.0
80 33 51.0 179.0
79 58 28.0 68.0
70 5 67.0 14.0
3 20 181.0 198.0
33 7 49.0 128.0
37 20 197.0 181.0
52 31 44.0 126.0
57 69 0.0 14.0
2 9 46.0 51.0
64 71 52.0 27.0
77 24 2.0 71.0
76 50 167.0 183.0
56 2 13.0 168.0
23 34 126.0 10.0
67 56 154.0 122.0
42 71 127.0 106.0
75 37 41.0 125.0
25 79 78.0 45.0
22 26 122.0 32.0
75 71 52.0 90.0
74 49 98.0 65.0
3 6 22.0 176.0
70 7 138.0 176.0
79 50 69.0 65.0
5 4 175.0 110.0
4 77 40.0 5.0
20 12 163.0 115.0
82 2 133.0 15.0
52 46 127.0 183.0
60 18 178.0 149.0
24 75 147.0 116.0
44 6 154.0 16.0
12 64 122.0 129.0
58 51 60.0 163.0
62 1 129.0 175.0
4 76 2.0 14.0
5 20 85.0 130.0
81 74 69.0 15.0
68 60 118.0 16.0
65 60 43.0 24.0
41 78 51.0 166.0
46 56 115.0 63.0
58 27 98.0 44.0
20 63 5.0 100.0
46 69 115.0 42.0
8 18 19.0 136.0
37 33 60.0 138.0
10 71 105.0 56.0
69 33 11.0 156.0
6 1 118.0 126.0
31 63 39.0 16.0
45 1 187.0 197.0
70 26 65.0 54.0
4 39 45.0 84.0
7 17 136.0 58.0
80 1 109.0 42.0
33 41 95.0 120.0
4 22 132.0 13.0
56 68 102.0 123.0
68 75 52.0 41.0
21 81 169.0 117.0
37 39 133.0 14.0
47 51 121.0 70.0
51 1 178.0 182.0
15 10 40.0 73.0
39 65 175.0 124.0
50 47 21.0 29.0
39 60 88.0 25.0
58 40 5.0 9.0
11 17 81.0 139.0
39 72 139.0 3.0
74 38 95.0 69.0
3 56 94.0 136.0
40 45 105.0 22.0
9 4 37.0 126.0
63 60 89.0 125.0
12 8 47.0 47.0
20 13 111.0 129.0
4 67 28.0 2.0
22 3 62.0 123.0
60 74 100.0 108.0
37 41 36.0 5.0
17 10 56.0 73.0
54 42 33.0 98.0
73 38 149.0 33.0
52 63 134.0 12.0
7 19 19.0 162.0
9 14 6.0 81.0
78 3 121.0 106.0
43 3 6.0 157.0
76 12 134.0 15.0
53 20 20.0 120.0
59 42 93.0 121.0
23 1 169.0 27.0
19 6 139.0 188.0
57 73 123.0 97.0
75 21 188.0 196.0
23 3 167.0 195.0
16 79 119.0 54.0
18 19 85.0 91.0
60 3 50.0 130.0
3 21 102.0 19.0
81 44 76.0 193.0
36 34 97.0 152.0
21 5 67.0 86.0
35 30 191.0 186.0
26 75 70.0 62.0
9 16 197.0 155.0
70 60 119.0 47.0
5 61 196.0 21.0
25 11 7.0 24.0
44 5 56.0 105.0
38 76 35.0 123.0
18 2 171.0 27.0
15 80 21.0 41.0
26 2 16.0 18.0
28 13 179.0 87.0
73 27 110.0 127.0
38 12 36.0 70.0
17 4 61.0 93.0
81 29 46.0 96.0
1 21 133.0 17.0
6 81 16.0 106.0
49 35 191.0 184.0
15 12 75.0 122.0
79 64 63.0 185.0
77 52 184.0 100.0
16 12 52.0 45.0
2 33 144.0 98.0
40 64 86.0 29.0
62 52 83.0 102.0
4 82 50.0 74.0
52 55 147.0 77.0
36 65 150.0 11.0
37 42 52.0 86.0
15 31 121.0 57.0
63 62 43.0 65.0
44 23 52.0 130.0
8 19 41.0 136.0
24 81 134.0 43.0
54 59 108.0 82.0
23 4 4.0 10.0
1 8 116.0 9.0
34 77 7.0 37.0
56 26 100.0 50.0
50 25 83.0 153.0
50 16 140.0 76.0
14 12 114.0 27.0
70 34 77.0 175.0
1 34 14.0 82.0
37 38 15.0 130.0
34 72 34.0 22.0
2 21 76.0 135.0
66 71 26.0 111.0
6 70 132.0 119.0
20 8 1.0 47.0
54 3 113.0 78.0
21 6 194.0 127.0
10 6 64.0 161.0
7 69 55.0 99.0
30 75 70.0 83.0
65 35 3.0 49.0
24 5 143.0 87.0
17 2 25.0 96.0
21 33 68.0 138.0
82 30 194.0 14.0
49 36 106.0 11.0
15 4 176.0 113.0
7 5 122.0 199.0
26 1 27.0 77.0
18 11 138.0 170.0
2 15 159.0 163.0
54 4 184.0 27.0
1 27 0.0 130.0
10 24 136.0 58.0
27 2 3.0 113.0
61 69 15.0 77.0
23 11 136.0 42.0
82 14 74.0 26.0
34 64 128.0 185.0
69 36 16.0 64.0
9 36 79.0 16.0
61 79 196.0 16.0
51 54 71.0 151.0
42 8 113.0 86.0
24 3 110.0 1.0
29 2 29.0 184.0
45 57 162.0 109.0
9 3 45.0 178.0
44 73 161.0 77.0
69 8 123.0 109.0
63 14 175.0 194.0
23 43 129.0 40.0
19 44 158.0 40.0
17 1 140.0 139.0
59 63 185.0 102.0
71 69 95.0 183.0
59 43 102.0 9.0
16 10 135.0 25.0
24 76 21.0 62.0
38 61 68.0 151.0
22 66 19.0 178.0
68 20 66.0 159.0
82 48 44.0 51.0
34 37 23.0 139.0
81 77 55.0 125.0
8 64 198.0 142.0
59 55 182.0 20.0
6 15 105.0 2.0
69 59 33.0 76.0
78 50 70.0 51.0
15 50 141.0 114.0
1 10 40.0 116.0
7 39 125.0 47.0
6 22 123.0 124.0
13 14 5.0 57.0
42 4 85.0 62.0
62 54 192.0 70.0
21 19 23.0 15.0
10 20 18.0 116.0
52 70 42.0 10.0
26 47 124.0 167.0
19 36 194.0 47.0
76 62 110.0 199.0
65 63 60.0 147.0
34 67 79.0 4.0
5 78 69.0 102.0
40 18 36.0 39.0
7 55 31.0 30.0
21 59 108.0 155.0
12 47 133.0 102.0
26 31 80.0 43.0
13 30 173.0 140.0
16 81 5.0 4.0
79 32 169.0 26.0
51 74 82.0 157.0
20 9 127.0 113.0
13 4 179.0 187.0
55 29 186.0 64.0
61 77 68.0 66.0
24 67 116.0 41.0
67 58 74.0 73.0
19 10 134.0 43.0
61 62 136.0 168.0
12 44 127.0 15.0
52 38 180.0 58.0
66 76 45.0 166.0
70 35 138.0 65.0
21 73 100.0 54.0
16 13 112.0 127.0
16 3 46.0 46.0
66 70 64.0 134.0
28 1 6.0 143.0
76 67 54.0 138.0
60 57 12.0 51.0
9 57 86.0 150.0
47 31 181.0 138.0
60 24 165.0 93.0
29 23 63.0 11.0
2 19 11.0 80.0
55 34 57.0 169.0
18 76 158.0 111.0
50 49 155.0 170.0
25 1 108.0 193.0
55 47 15.0 89.0
72 74 137.0 180.0
23 2 86.0 153.0
41 48 42.0 49.0
81 34 42.0 99.0
27 9 194.0 0.0
57 62 10.0 101.0
4 68 176.0 118.0
32 78 176.0 191.0
71 43 121.0 66.0
65 76 110.0 159.0
11 16 68.0 152.0
49 20 10.0 110.0
28 76 193.0 156.0
55 51 133.0 3.0
36 78 132.0 109.0
73 52 79.0 60.0
12 51 197.0 0.0
44 15 157.0 107.0
11 19 53.0 26.0
77 23 131.0 63.0
9 21 89.0 76.0
39 30 135.0 23.0
27 7 136.0 19.0
60 72 18.0 167.0
13 18 159.0 15.0
1 5 1.0 117.0
29 3 3.0 54.0
76 26 135.0 86.0
14 23 23.0 24.0
16 15 145.0 158.0
59 28 125.0 34.0
20 14 167.0 144.0
82 12 153.0 78.0
17 72 23.0 154.0
45 65 26.0 27.0
9 50 23.0 113.0
73 50 69.0 47.0
18 42 125.0 167.0
72 58 144.0 2.0
2 30 28.0 63.0
71 52 44.0 181.0
44 27 131.0 67.0
14 15 30.0 109.0
27 13 36.0 6.0
63 40 153.0 57.0
16 5 97.0 30.0
8 23 84.0 41.0
2 71 189.0 64.0
41 52 39.0 33.0
80 81 86.0 122.0
58 57 59.0 116.0
10 23 118.0 95.0
10 14 90.0 71.0
29 1 58.0 187.0
71 24 17.0 142.0
14 67 187.0 158.0
11 20 41.0 26.0
58 70 142.0 127.0
1 31 187.0 1.0
24 9 198.0 106.0
60 52 34.0 88.0
14 68 69.0 92.0
9 26 46.0 38.0
27 3 101.0 33.0
32 57 182.0 143.0
46 47 94.0 77.0
37 1 89.0 81.0
60 40 32.0 39.0
10 74 100.0 66.0
61 59 115.0 121.0
7 15 195.0 113.0
80 11 94.0 96.0
67 64 167.0 76.0
21 4 184.0 61.0
5 80 63.0 25.0
39 35 151.0 95.0
28 62 106.0 3.0
38 21 73.0 173.0
46 9 190.0 20.0
19 35 39.0 84.0
9 19 74.0 158.0
35 75 2.0 10.0
31 2 101.0 17.0
17 16 100.0 5.0
26 71 153.0 158.0
14 11 72.0 178.0
2 22 49.0 15.0
35 10 126.0 40.0
43 6 183.0 0.0
80 54 142.0 137.0
6 24 3.0 43.0
24 13 149.0 55.0
4 40 150.0 102.0
31 3 161.0 174.0
63 10 96.0 163.0
25 2 5.0 23.0
25 10 29.0 140.0
10 21 89.0 171.0
76 30 156.0 93.0
21 8 32.0 105.0
25 6 58.0 182.0
4 52 21.0 172.0
63 80 187.0 118.0
19 74 149.0 145.0
23 6 7.0 178.0
60 1 52.0 96.0
9 22 188.0 9.0
45 63 4.0 173.0
7 18 169.0 14.0
30 5 163.0 143.0
54 78 68.0 102.0
71 38 174.0 17.0
82 24 152.0 181.0
24 25 70.0 5.0
66 27 13.0 11.0
13 2 162.0 169.0
22 11 156.0 84.0
41 22 100.0 71.0
19 38 146.0 168.0
76 42 10.0 120.0
67 49 86.0 114.0
75 6 7.0 156.0
26 5 22.0 21.0
34 45 195.0 184.0
15 11 1.0 103.0
24 55 39.0 53.0
20 4 176.0 185.0
53 47 146.0 138.0
13 54 148.0 184.0
61 30 162.0 107.0
59 71 116.0 184.0
34 31 101.0 63.0
34 59 188.0 102.0
33 58 143.0 180.0
69 70 190.0 72.0
34 49 87.0 89.0
22 46 140.0 187.0
75 38 83.0 102.0
26 67 102.0 151.0
15 53 99.0 4.0
22 8 24.0 40.0
73 47 94.0 167.0
34 76 161.0 37.0
43 19 169.0 0.0
7 25 22.0 109.0
48 78 66.0 105.0
64 15 8.0 169.0
21 12 154.0 107.0
28 74 197.0 130.0
4 27 105.0 44.0
16 22 43.0 18.0
42 19 62.0 12.0
17 14 49.0 36.0
22 32 87.0 68.0
48 44 123.0 95.0
23 12 145.0 29.0
47 44 173.0 95.0
66 30 50.0 30.0
21 14 83.0 45.0
78 18 81.0 97.0
44 41 121.0 131.0
74 12 129.0 8.0
57 78 102.0 4.0
50 39 15.0 199.0
82 71 154.0 141.0
18 16 13.0 4.0
75 42 191.0 48.0
60 41 94.0 72.0
81 38 59.0 167.0
20 16 46.0 188.0
79 22 96.0 100.0
62 23 172.0 63.0
13 81 188.0 79.0
15 32 148.0 1.0
6 28 48.0 91.0
5 28 28.0 94.0
54 1 177.0 39.0
82 9 76.0 24.0
26 6 152.0 124.0
53 24 75.0 76.0
25 38 72.0 15.0
70 39 180.0 172.0
63 50 14.0 180.0
63 23 49.0 194.0
25 9 134.0 27.0
17 26 91.0 162.0
28 8 56.0 43.0
10 46 121.0 131.0
17 9 74.0 193.0
67 44 133.0 6.0
10 2 7.0 99.0
25 49 157.0 56.0
57 6 198.0 43.0
31 16 118.0 41.0
6 12 20.0 174.0
60 42 38.0 142.0
70 44 69.0 64.0
22 7 33.0 154.0
27 39 173.0 192.0
3 28 84.0 82.0
49 14 27.0 34.0
31 12 77.0 145.0
32 1 170.0 97.0
75 14 83.0 9.0
7 28 84.0 152.0
30 7 104.0 117.0
10 18 165.0 29.0
58 4 99.0 49.0
13 21 22.0 126.0
69 26 21.0 51.0
61 50 70.0 143.0
63 3 171.0 153.0
36 1 26.0 55.0
48 22 78.0 130.0
36 25 50.0 43.0
26 4 116.0 149.0
62 59 189.0 90.0
13 12 194.0 162.0
66 78 87.0 16.0
32 3 140.0 59.0
65 25 145.0 166.0
46 37 178.0 175.0
61 17 88.0 180.0
21 47 93.0 4.0
23 71 113.0 34.0
5 29 183.0 59.0
26 51 167.0 71.0
6 29 26.0 59.0
67 70 92.0 171.0
27 71 138.0 22.0
14 18 82.0 26.0
16 19 147.0 127.0
60 78 169.0 60.0
7 29 18.0 105.0
41 15 146.0 186.0
57 72 110.0 172.0
62 6 1.0 154.0
78 28 109.0 139.0
73 31 17.0 143.0
19 55 81.0 116.0
50 7 196.0 3.0
79 41 196.0 14.0
4 32 198.0 142.0
29 8 125.0 108.0
74 68 106.0 126.0
15 34 124.0 15.0
64 17 36.0 93.0
71 34 115.0 117.0
12 25 186.0 111.0
25 77 168.0 134.0
37 36 132.0 166.0
22 20 9.0 57.0
4 25 34.0 115.0
38 1 136.0 158.0
12 32 126.0 172.0
67 43 101.0 193.0
27 76 47.0 39.0
70 63 69.0 15.0
34 3 2.0 154.0
13 17 51.0 163.0
36 62 100.0 85.0
30 9 11.0 188.0
27 12 114.0 89.0
56 30 21.0 15.0
23 24 27.0 20.0
16 14 88.0 96.0
25 51 131.0 42.0
9 28 113.0 134.0
22 12 55.0 165.0
41 2 68.0 18.0
13 45 173.0 182.0
23 15 83.0 147.0
61 44 89.0 62.0
70 65 29.0 129.0
36 61 127.0 112.0
18 17 71.0 192.0
16 80 87.0 78.0
81 73 81.0 155.0
31 5 147.0 6.0
78 70 43.0 182.0
34 73 132.0 133.0
58 39 68.0 162.0
5 25 68.0 147.0
68 80 42.0 91.0
77 78 62.0 130.0
27 10 174.0 143.0
58 9 62.0 74.0
80 17 32.0 105.0
30 6 160.0 165.0
7 23 191.0 28.0
20 34 178.0 12.0
33 56 66.0 21.0
21 18 195.0 128.0
1 33 115.0 169.0
43 40 133.0 177.0
59 56 57.0 166.0
38 46 78.0 17.0
53 56 115.0 22.0
20 6 190.0 94.0
72 8 66.0 56.0
75 11 62.0 61.0
43 74 86.0 130.0
33 82 30.0 20.0
25 13 120.0 87.0
2 55 79.0 150.0
10 22 177.0 146.0
25 47 48.0 167.0
14 25 133.0 114.0
73 67 72.0 148.0
60 13 89.0 159.0
14 7 184.0 120.0
40 22 138.0 56.0
77 71 21.0 169.0
82 60 41.0 199.0
25 53 119.0 89.0
35 17 102.0 53.0
3 7 147.0 126.0
25 8 120.0 36.0
19 15 37.0 56.0
37 21 36.0 175.0
10 29 106.0 57.0
9 33 72.0 99.0
6 74 117.0 143.0
8 81 85.0 171.0
15 20 84.0 32.0
62 65 103.0 5.0
80 82 149.0 141.0
33 6 5.0 137.0
20 43 177.0 111.0
16 25 178.0 1.0
68 17 152.0 47.0
18 25 146.0 37.0
22 19 2.0 31.0
61 29 171.0 106.0
30 22 183.0 120.0
32 7 32.0 188.0
44 46 158.0 9.0
41 47 117.0 88.0
66 2 104.0 70.0
28 26 173.0 2.0
17 22 171.0 175.0
35 1 127.0 94.0
51 77 52.0 62.0
78 26 178.0 84.0
71 79 68.0 137.0
43 42 67.0 186.0
46 79 18.0 123.0
26 12 148.0 191.0
46 72 37.0 119.0
24 12 137.0 116.0
32 63 154.0 189.0
8 68 84.0 85.0
26 15 80.0 152.0
4 28 112.0 147.0
1 82 118.0 83.0
36 5 12.0 66.0
62 45 98.0 1.0
80 46 187.0 35.0
29 43 29.0 93.0
10 28 121.0 65.0
35 63 104.0 1.0
7 31 63.0 168.0
3 33 24.0 181.0
37 2 71.0 37.0
48 5 145.0 169.0
51 7 108.0 132.0
51 56 182.0 89.0
37 3 108.0 103.0
11 29 89.0 12.0
65 22 80.0 152.0
67 32 62.0 104.0
36 54 126.0 134.0
59 58 144.0 71.0
67 46 192.0 4.0
15 24 137.0 174.0
51 52 125.0 45.0
24 59 42.0 167.0
80 78 79.0 74.0
30 57 194.0 142.0
34 5 60.0 120.0
24 33 143.0 156.0
78 65 80.0 136.0
4 31 54.0 169.0
55 74 129.0 131.0
52 13 72.0 171.0
1 24 127.0 151.0
39 2 104.0 121.0
9 8 5.0 116.0
38 55 37.0 100.0
21 15 189.0 69.0
4 30 143.0 43.0
19 60 183.0 72.0
72 69 195.0 7.0
74 73 73.0 74.0
33 62 77.0 177.0
11 28 78.0 34.0
60 34 53.0 115.0
40 28 22.0 195.0
53 41 134.0 117.0
2 32 143.0 69.0
17 15 83.0 90.0
9 54 190.0 157.0
33 39 53.0 68.0
43 73 153.0 132.0
15 22 161.0 7.0
49 59 64.0 135.0
32 9 110.0 198.0
10 72 37.0 5.0
28 12 130.0 120.0
33 68 77.0 72.0
25 63 0.0 82.0
1 40 184.0 153.0
24 18 102.0 97.0
25 22 59.0 119.0
1 39 89.0 121.0
64 53 32.0 126.0
32 53 90.0 114.0
39 74 96.0 119.0
56 54 26.0 48.0
23 60 86.0 163.0
27 15 132.0 188.0
38 32 139.0 143.0
24 17 114.0 180.0
39 3 20.0 146.0
20 7 37.0 110.0
81 52 79.0 85.0
23 82 102.0 106.0
10 31 152.0 188.0
50 34 31.0 37.0
14 29 117.0 122.0
8 56 195.0 183.0
21 11 18.0 167.0
10 26 95.0 7.0
9 31 193.0 126.0
8 75 64.0 47.0
23 17 87.0 168.0
74 52 9.0 118.0
5 37 143.0 127.0
2 35 57.0 138.0
20 21 39.0 27.0
82 40 146.0 134.0
31 11 57.0 91.0
38 57 51.0 73.0
13 38 147.0 138.0
11 30 145.0 109.0
55 53 96.0 88.0
57 75 43.0 153.0
57 39 172.0 82.0
38 7 199.0 118.0
45 44 27.0 8.0
18 66 130.0 78.0
23 51 81.0 29.0
39 21 177.0 26.0
42 1 177.0 73.0
4 29 81.0 172.0
20 23 78.0 53.0
70 22 157.0 29.0
65 30 136.0 137.0
32 5 96.0 18.0
71 70 64.0 178.0
9 77 168.0 41.0
16 26 20.0 97.0
40 2 107.0 101.0
24 11 3.0 137.0
23 21 67.0 113.0
26 57 73.0 155.0
37 8 105.0 121.0
57 66 166.0 170.0
63 54 31.0 87.0
6 35 26.0 3.0
35 7 82.0 85.0
54 43 146.0 37.0
39 67 143.0 13.0
41 11 170.0 16.0
80 21 121.0 75.0
33 5 149.0 88.0
33 4 191.0 180.0
68 50 117.0 169.0
33 11 155.0 151.0
41 4 18.0 101.0
38 45 92.0 113.0
55 49 31.0 62.0
69 56 161.0 153.0
29 13 48.0 111.0
27 14 31.0 39.0
18 39 171.0 149.0
76 47 45.0 126.0
3 38 181.0 15.0
11 57 185.0 25.0
29 9 182.0 16.0
29 16 167.0 96.0
51 60 186.0 15.0
16 27 85.0 18.0
18 22 134.0 8.0
70 40 13.0 131.0
6 41 65.0 146.0
23 18 189.0 50.0
53 42 90.0 124.0
23 53 159.0 58.0
32 40 37.0 145.0
21 42 103.0 123.0
65 6 158.0 37.0
18 26 85.0 171.0
28 14 46.0 151.0
33 10 50.0 188.0
31 53 65.0 92.0
36 7 167.0 24.0
7 26 112.0 4.0
70 64 175.0 15.0
70 37 29.0 85.0
2 28 145.0 67.0
46 73 165.0 143.0
62 78 96.0 167.0
48 43 79.0 161.0
9 34 194.0 46.0
61 4 199.0 58.0
69 30 141.0 127.0
30 15 107.0 171.0
44 13 146.0 52.0
19 20 83.0 64.0
31 8 75.0 179.0
48 61 62.0 154.0
14 42 192.0 56.0
47 38 86.0 143.0
67 61 122.0 28.0
26 14 104.0 30.0
15 25 149.0 50.0
28 17 62.0 184.0
61 15 197.0 137.0
77 72 142.0 59.0
33 79 104.0 134.0
36 44 123.0 143.0
23 40 183.0 46.0
61 45 15.0 87.0
57 24 93.0 116.0
39 8 158.0 107.0
27 8 177.0 155.0
18 15 140.0 119.0
24 8 66.0 44.0
16 30 182.0 141.0
33 52 136.0 165.0
16 75 78.0 151.0
33 12 154.0 123.0
61 41 136.0 112.0
33 14 17.0 65.0
7 73 69.0 157.0
2 1 72.0 135.0
40 6 4.0 54.0
14 24 184.0 140.0
17 67 174.0 14.0
58 32 135.0 80.0
72 47 193.0 72.0
45 82 150.0 10.0
75 3 63.0 172.0
38 4 15.0 135.0
44 2 57.0 171.0
59 73 194.0 41.0
1 43 123.0 121.0
13 34 111.0 59.0
47 10 62.0 104.0
11 63 46.0 164.0
24 22 60.0 110.0
81 54 36.0 28.0
32 8 5.0 93.0
27 18 123.0 0.0
18 20 85.0 199.0
21 16 172.0 196.0
22 57 113.0 186.0
40 48 9.0 112.0
12 35 187.0 70.0
8 26 159.0 24.0
3 42 65.0 164.0
8 38 97.0 140.0
66 58 16.0 183.0
70 16 90.0 188.0
75 32 7.0 156.0
48 1 117.0 16.0
38 9 61.0 105.0
24 16 138.0 172.0
79 60 154.0 155.0
6 38 147.0 4.0
4 35 184.0 163.0
25 62 158.0 27.0
2 42 108.0 117.0
54 29 45.0 26.0
21 44 165.0 106.0
65 28 114.0 55.0
43 2 77.0 21.0
14 62 44.0 24.0
71 76 186.0 181.0
56 37 121.0 145.0
12 19 194.0 182.0
24 20 177.0 39.0
19 28 159.0 142.0
67 60 0.0 25.0
27 20 16.0 78.0
40 15 187.0 13.0
38 5 37.0 126.0
4 44 145.0 158.0
2 53 138.0 139.0
73 41 95.0 67.0
80 8 156.0 6.0
69 53 69.0 156.0
22 21 54.0 37.0
46 2 187.0 193.0
21 60 198.0 24.0
7 41 180.0 143.0
44 37 79.0 70.0
77 22 40.0 127.0
26 19 8.0 196.0
82 37 100.0 77.0
36 11 84.0 106.0
20 26 113.0 71.0
39 6 65.0 112.0
36 46 56.0 197.0
22 23 6.0 136.0
34 10 54.0 198.0
75 53 66.0 62.0
34 7 142.0 118.0
61 43 123.0 26.0
78 68 198.0 36.0
29 65 173.0 64.0
31 50 54.0 182.0
14 30 37.0 60.0
62 22 81.0 92.0
76 35 56.0 99.0
51 72 52.0 198.0
7 37 69.0 127.0
41 5 169.0 19.0
43 5 76.0 95.0
12 80 130.0 82.0
16 51 32.0 167.0
74 62 111.0 113.0
35 8 164.0 167.0
5 47 24.0 16.0
65 68 72.0 45.0
41 29 26.0 41.0
73 37 149.0 54.0
29 15 16.0 31.0
56 45 136.0 48.0
9 35 128.0 199.0
34 24 109.0 92.0
70 47 83.0 85.0
10 38 165.0 155.0
16 64 199.0 144.0
2 45 59.0 100.0
60 62 118.0 75.0
26 77 91.0 54.0
21 24 117.0 171.0
58 46 114.0 26.0
2 34 30.0 197.0
71 62 93.0 148.0
45 23 195.0 44.0
79 27 129.0 54.0
32 16 109.0 47.0
65 11 196.0 152.0
45 21 185.0 113.0
68 48 15.0 99.0
52 3 102.0 45.0
31 19 111.0 195.0
18 63 32.0 59.0
9 52 164.0 161.0
38 82 105.0 25.0
10 56 75.0 53.0
37 13 193.0 12.0
15 33 117.0 8.0
14 34 169.0 19.0
33 8 140.0 32.0
27 21 95.0 124.0
62 37 56.0 11.0
27 22 110.0 114.0
41 54 19.0 137.0
33 16 0.0 164.0
43 8 27.0 117.0
28 15 81.0 196.0
20 25 63.0 173.0
35 31 181.0 110.0
67 13 183.0 190.0
47 4 28.0 45.0
12 34 61.0 0.0
31 14 47.0 13.0
32 13 19.0 74.0
37 30 76.0 52.0
57 46 76.0 91.0
76 54 163.0 58.0
68 59 186.0 146.0
34 16 79.0 166.0
78 17 8.0 93.0
30 59 20.0 7.0
4 45 9.0 191.0
76 52 109.0 85.0
39 10 48.0 185.0
19 27 5.0 11.0
64 69 51.0 143.0
56 31 131.0 83.0
49 47 111.0 91.0
23 38 72.0 83.0
6 37 38.0 33.0
11 40 138.0 99.0
62 27 129.0 138.0
9 37 179.0 135.0
78 53 17.0 183.0
17 12 121.0 100.0
30 19 76.0 32.0
59 9 127.0 148.0
37 11 60.0 165.0
19 25 4.0 150.0
50 71 85.0 134.0
31 20 153.0 64.0
24 70 144.0 122.0
44 8 107.0 17.0
41 8 112.0 184.0
56 73 12.0 39.0
25 21 175.0 24.0
56 15 26.0 180.0
30 8 107.0 111.0
62 51 138.0 60.0
40 51 193.0 34.0
49 28 130.0 100.0
76 57 74.0 42.0
39 11 91.0 86.0
75 27 116.0 67.0
41 58 154.0 94.0
40 10 0.0 62.0
75 49 13.0 90.0
20 80 173.0 6.0
27 78 133.0 103.0
35 15 168.0 8.0
15 36 73.0 60.0
80 48 49.0 189.0
25 39 143.0 156.0
63 53 128.0 95.0
7 40 157.0 93.0
21 77 191.0 131.0
72 3 158.0 124.0
7 43 63.0 127.0
49 1 88.0 136.0
17 79 48.0 89.0
42 9 156.0 191.0
28 21 60.0 36.0
6 45 86.0 169.0
76 55 44.0 29.0
60 20 19.0 155.0
81 7 169.0 82.0
58 13 143.0 9.0
11 43 10.0 191.0
13 33 159.0 166.0
25 59 147.0 171.0
59 4 17.0 33.0
60 9 80.0 14.0
29 66 158.0 51.0
72 36 128.0 79.0
51 35 152.0 71.0
77 73 82.0 163.0
21 29 72.0 194.0
77 2 72.0 19.0
7 64 52.0 41.0
72 64 139.0 84.0
47 81 131.0 49.0
36 27 125.0 11.0
35 16 155.0 30.0
35 18 148.0 189.0
33 30 14.0 172.0
27 23 7.0 86.0
31 18 120.0 11.0
8 47 16.0 12.0
47 14 5.0 147.0
43 16 110.0 83.0
58 74 194.0 65.0
3 36 36.0 142.0
10 37 139.0 51.0
56 74 64.0 99.0
20 47 57.0 136.0
41 1 142.0 73.0
21 26 104.0 148.0
30 64 29.0 14.0
55 81 154.0 23.0
4 60 77.0 190.0
63 16 147.0 169.0
10 45 4.0 163.0
34 8 137.0 13.0
5 63 10.0 31.0
80 58 94.0 66.0
39 82 106.0 123.0
80 55 104.0 12.0
23 26 152.0 133.0
39 59 183.0 52.0
1 47 101.0 140.0
46 5 116.0 190.0
39 54 3.0 78.0
32 54 115.0 97.0
55 16 195.0 22.0
17 33 191.0 51.0
40 8 90.0 144.0
29 22 161.0 25.0
36 26 183.0 14.0
82 17 63.0 99.0
71 68 83.0 66.0
1 50 4.0 198.0
71 15 112.0 199.0
12 37 100.0 103.0
46 42 178.0 190.0
27 25 167.0 139.0
76 5 52.0 150.0
11 35 40.0 115.0
31 21 53.0 75.0
33 20 137.0 9.0
59 32 157.0 1.0
68 54 102.0 58.0
5 45 60.0 80.0
7 42 102.0 27.0
51 2 188.0 106.0
35 14 156.0 181.0
68 21 156.0 161.0
1 52 81.0 46.0
2 47 95.0 38.0
79 73 65.0 198.0
44 29 17.0 125.0
3 47 80.0 119.0
37 15 59.0 21.0
41 12 59.0 15.0
81 20 93.0 16.0
13 75 32.0 174.0
18 67 118.0 79.0
60 10 62.0 135.0
41 31 14.0 31.0
18 30 197.0 95.0
18 29 33.0 56.0
79 20 80.0 92.0
26 25 4.0 173.0
39 9 136.0 188.0
75 59 125.0 6.0
68 2 61.0 139.0
25 28 21.0 28.0
80 74 58.0 18.0
12 45 61.0 43.0
66 73 106.0 93.0
33 19 175.0 110.0
71 4 30.0 63.0
10 43 120.0 107.0
16 36 19.0 134.0
26 41 98.0 40.0
29 20 180.0 157.0
47 15 37.0 193.0
5 57 141.0 95.0
38 51 72.0 116.0
56 60 128.0 54.0
31 49 114.0 0.0
28 24 33.0 133.0
41 76 189.0 132.0
28 27 123.0 121.0
31 13 34.0 112.0
49 5 106.0 175.0
46 4 23.0 178.0
81 66 174.0 103.0
32 34 59.0 88.0
14 38 142.0 93.0
2 48 137.0 132.0
13 36 59.0 60.0
4 49 121.0 45.0
35 79 98.0 27.0
20 28 37.0 73.0
76 75 42.0 11.0
27 82 22.0 101.0
49 3 26.0 164.0
36 45 189.0 163.0
23 30 174.0 1.0
11 38 32.0 47.0
6 42 34.0 131.0
7 45 79.0 72.0
26 27 13.0 73.0
22 28 111.0 35.0
28 32 45.0 138.0
79 4 6.0 34.0
28 23 177.0 132.0
51 50 5.0 9.0
31 24 142.0 39.0
48 28 30.0 173.0
60 22 186.0 43.0
36 18 47.0 49.0
16 62 85.0 44.0
66 74 70.0 43.0
19 24 52.0 47.0
22 31 64.0 9.0
49 2 198.0 158.0
55 78 115.0 180.0
19 80 56.0 101.0
62 42 90.0 56.0
29 25 35.0 176.0
62 8 150.0 105.0
14 45 5.0 154.0
60 43 14.0 21.0
9 45 181.0 164.0
24 29 145.0 97.0
34 19 76.0 2.0
80 39 96.0 166.0
37 14 194.0 131.0
45 8 165.0 144.0
18 38 158.0 170.0
13 40 179.0 172.0
38 16 186.0 161.0
33 51 103.0 132.0
7 67 14.0 131.0
41 14 158.0 62.0
18 34 10.0 152.0
14 39 28.0 127.0
24 27 161.0 138.0
49 32 117.0 141.0
36 41 136.0 56.0
30 20 176.0 39.0
7 44 122.0 190.0
24 47 165.0 32.0
15 52 84.0 128.0
17 36 132.0 64.0
32 10 99.0 94.0
13 41 17.0 17.0
68 82 9.0 105.0
53 1 39.0 185.0
45 11 89.0 113.0
36 21 82.0 6.0
26 24 68.0 119.0
31 58 47.0 0.0
69 73 4.0 147.0
18 33 130.0 174.0
16 6 106.0 139.0
46 8 44.0 97.0
49 7 89.0 85.0
16 67 142.0 172.0
4 51 120.0 162.0
71 47 165.0 168.0
40 66 98.0 121.0
17 39 76.0 29.0
26 30 103.0 182.0
78 38 2.0 148.0
82 46 100.0 92.0
32 71 8.0 42.0
2 73 37.0 128.0
54 2 32.0 2.0
28 55 50.0 130.0
80 40 50.0 126.0
42 10 29.0 154.0
50 37 180.0 32.0
23 35 69.0 81.0
59 44 103.0 77.0
50 4 151.0 140.0
59 22 73.0 183.0
5 52 94.0 124.0
8 73 161.0 145.0
4 48 2.0 142.0
40 12 192.0 135.0
14 36 46.0 13.0
50 5 75.0 149.0
24 30 158.0 178.0
50 74 108.0 183.0
51 5 108.0 2.0
20 36 77.0 21.0
29 52 103.0 31.0
23 25 92.0 48.0
27 68 130.0 139.0
73 75 56.0 157.0
25 32 67.0 166.0
72 2 180.0 175.0
32 73 175.0 88.0
30 25 180.0 52.0
16 42 115.0 35.0
15 70 88.0 159.0
58 11 153.0 170.0
37 17 21.0 161.0
35 62 65.0 41.0
63 51 141.0 46.0
57 1 32.0 116.0
10 48 173.0 12.0
33 25 158.0 88.0
39 16 132.0 46.0
40 17 141.0 85.0
25 31 113.0 114.0
28 60 105.0 178.0
31 65 126.0 47.0
26 29 11.0 158.0
43 15 192.0 136.0
3 53 157.0 102.0
82 79 25.0 89.0
68 55 166.0 166.0
39 19 1.0 79.0
59 81 64.0 106.0
63 2 1.0 143.0
41 9 9.0 164.0
16 40 50.0 153.0
17 38 4.0 159.0
22 67 25.0 29.0
41 81 50.0 191.0
36 22 169.0 51.0
40 9 171.0 186.0
30 27 140.0 173.0
54 6 110.0 149.0
42 12 66.0 112.0
20 38 64.0 70.0
54 5 149.0 89.0
47 9 29.0 199.0
31 23 41.0 150.0
49 6 31.0 12.0
6 53 0.0 171.0
7 48 65.0 62.0
6 52 35.0 83.0
65 53 22.0 51.0
48 11 110.0 171.0
75 40 86.0 91.0
50 10 141.0 127.0
1 70 43.0 172.0
34 22 104.0 195.0
35 24 93.0 121.0
78 33 135.0 80.0
8 3 124.0 157.0
72 66 7.0 34.0
23 68 81.0 93.0
58 35 97.0 23.0
22 35 140.0 92.0
39 20 58.0 196.0
35 44 35.0 104.0
79 15 192.0 122.0
37 19 197.0 69.0
14 54 117.0 156.0
42 66 100.0 198.0
49 8 133.0 197.0
82 50 60.0 25.0
6 77 179.0 70.0
40 79 21.0 14.0
41 10 131.0 14.0
36 68 34.0 81.0
41 28 71.0 103.0
6 50 108.0 123.0
17 42 196.0 41.0
69 10 43.0 8.0
48 6 36.0 23.0
46 11 116.0 58.0
31 39 47.0 47.0
1 55 197.0 33.0
49 37 5.0 21.0
25 34 17.0 113.0
51 3 131.0 13.0
53 5 167.0 174.0
68 46 56.0 3.0
74 64 17.0 172.0
1 56 96.0 17.0
49 43 66.0 46.0
82 20 129.0 71.0
12 43 180.0 98.0
7 58 18.0 63.0
43 9 87.0 137.0
48 19 78.0 144.0
3 57 143.0 96.0
5 74 189.0 40.0
17 41 54.0 55.0
44 68 68.0 135.0
49 11 108.0 1.0
71 41 132.0 78.0
45 58 146.0 172.0
24 36 13.0 176.0
48 8 73.0 157.0
14 43 157.0 62.0
40 50 92.0 163.0
37 40 12.0 160.0
55 44 133.0 120.0
55 4 136.0 65.0
28 64 25.0 34.0
51 6 90.0 38.0
50 11 29.0 115.0
69 76 131.0 186.0
45 78 195.0 23.0
37 23 85.0 159.0
20 41 131.0 18.0
31 28 148.0 68.0
34 21 82.0 173.0
33 27 5.0 124.0
11 47 7.0 34.0
10 49 15.0 91.0
58 2 74.0 162.0
43 18 4.0 159.0
2 57 136.0 87.0
69 2 93.0 36.0
21 52 27.0 176.0
8 50 187.0 184.0
7 61 108.0 195.0
34 17 16.0 75.0
15 46 59.0 90.0
10 70 64.0 63.0
31 69 150.0 152.0
73 53 20.0 44.0
13 46 178.0 199.0
79 23 164.0 165.0
55 3 49.0 25.0
49 17 55.0 17.0
24 37 153.0 114.0
40 19 46.0 17.0
1 58 89.0 196.0
50 3 116.0 61.0
41 18 37.0 46.0
46 14 55.0 1.0
25 35 26.0 104.0
49 9 121.0 81.0
44 17 96.0 74.0
20 42 60.0 142.0
29 28 180.0 101.0
52 8 96.0 48.0
45 16 125.0 133.0
54 75 133.0 180.0
7 46 144.0 112.0
15 82 195.0 65.0
44 82 121.0 43.0
12 50 52.0 181.0
27 31 160.0 184.0
49 63 174.0 56.0
39 22 135.0 99.0
54 8 93.0 69.0
57 50 131.0 189.0
49 73 123.0 126.0
49 15 183.0 45.0
28 35 88.0 35.0
51 9 11.0 1.0
55 5 129.0 185.0
6 71 131.0 65.0
53 8 88.0 176.0
17 46 49.0 19.0
30 44 172.0 173.0
7 53 30.0 155.0
8 36 162.0 119.0
31 75 118.0 173.0
52 7 32.0 199.0
74 3 167.0 115.0
33 34 73.0 56.0
45 18 83.0 123.0
80 57 144.0 7.0
58 5 14.0 174.0
56 5 124.0 176.0
20 45 199.0 194.0
12 48 160.0 183.0
18 28 17.0 80.0
41 23 55.0 90.0
37 27 40.0 90.0
35 26 79.0 184.0
38 48 175.0 94.0
64 1 178.0 99.0
39 61 137.0 129.0
36 28 154.0 98.0
72 33 10.0 171.0
3 58 133.0 17.0
82 34 41.0 174.0
27 34 122.0 120.0
57 7 82.0 97.0
40 30 65.0 60.0
32 29 187.0 3.0
16 46 121.0 93.0
9 53 49.0 131.0
1 59 58.0 182.0
53 10 117.0 99.0
24 63 192.0 191.0
13 48 79.0 74.0
54 10 137.0 145.0
1 61 33.0 76.0
29 33 184.0 154.0
10 51 65.0 185.0
64 26 96.0 124.0
24 38 47.0 165.0
21 40 86.0 191.0
14 50 140.0 117.0
75 7 84.0 77.0
62 2 67.0 69.0
54 7 61.0 3.0
47 13 101.0 126.0
41 65 40.0 197.0
6 47 173.0 39.0
53 43 174.0 59.0
79 76 57.0 114.0
36 29 10.0 141.0
52 12 122.0 29.0
48 26 197.0 135.0
49 16 137.0 50.0
13 51 90.0 129.0
62 3 90.0 64.0
18 58 55.0 64.0
51 73 100.0 112.0
38 27 121.0 110.0
32 80 152.0 196.0
38 26 2.0 101.0
56 52 162.0 91.0
63 1 17.0 52.0
50 13 196.0 108.0
55 8 52.0 52.0
59 7 176.0 104.0
79 77 89.0 50.0
77 13 182.0 194.0
32 33 27.0 136.0
10 73 54.0 189.0
52 24 142.0 71.0
53 80 110.0 91.0
24 41 111.0 162.0
50 60 133.0 87.0
56 44 91.0 175.0
56 20 169.0 26.0
57 81 119.0 196.0
71 20 191.0 173.0
45 17 144.0 86.0
19 41 184.0 6.0
26 32 35.0 95.0
44 18 125.0 121.0
36 23 64.0 17.0
34 29 185.0 185.0
20 54 100.0 57.0
73 5 152.0 91.0
17 43 156.0 49.0
53 38 130.0 92.0
16 48 68.0 118.0
68 52 3.0 194.0
8 58 8.0 19.0
21 35 67.0 145.0
70 27 159.0 167.0
52 10 12.0 64.0
17 48 47.0 120.0
23 74 49.0 129.0
43 13 132.0 117.0
59 18 181.0 135.0
45 19 136.0 141.0
25 40 1.0 4.0
29 37 26.0 112.0
25 42 27.0 39.0
46 24 162.0 26.0
11 44 29.0 11.0
29 35 97.0 161.0
69 18 170.0 31.0
75 15 67.0 107.0
43 21 53.0 20.0
57 4 25.0 79.0
72 15 103.0 52.0
14 52 106.0 65.0
12 53 92.0 136.0
46 20 4.0 190.0
3 61 6.0 127.0
46 19 157.0 74.0
65 3 139.0 10.0
20 40 41.0 164.0
41 49 46.0 144.0
42 24 32.0 152.0
4 63 49.0 124.0
7 1 92.0 6.0
20 62 185.0 99.0
34 30 24.0 142.0
43 24 151.0 115.0
48 14 161.0 192.0
57 49 47.0 159.0
54 11 38.0 79.0
51 14 98.0 87.0
43 25 61.0 191.0
9 56 105.0 46.0
14 53 138.0 81.0
1 67 94.0 89.0
22 45 29.0 7.0
24 44 66.0 28.0
59 2 87.0 104.0
56 79 37.0 186.0
26 42 24.0 50.0
50 17 138.0 81.0
53 13 138.0 76.0
37 71 197.0 32.0
21 41 169.0 178.0
75 72 189.0 187.0
7 56 81.0 29.0
40 24 81.0 118.0
61 8 115.0 57.0
31 36 159.0 53.0
46 18 174.0 97.0
32 23 199.0 171.0
60 5 31.0 120.0
17 47 23.0 173.0
29 40 43.0 104.0
43 26 65.0 77.0
33 35 114.0 180.0
22 43 135.0 73.0
1 65 66.0 61.0
12 55 29.0 17.0
5 64 42.0 13.0
31 29 52.0 17.0
11 51 61.0 95.0
2 61 145.0 126.0
4 64 188.0 11.0
52 27 61.0 76.0
58 12 116.0 127.0
53 19 56.0 145.0
27 32 182.0 50.0
32 37 188.0 34.0
1 66 143.0 49.0
51 15 65.0 40.0
30 38 28.0 53.0
6 61 199.0 90.0
18 62 141.0 67.0
27 43 51.0 197.0
62 24 19.0 185.0
58 10 9.0 8.0
72 22 107.0 104.0
8 59 122.0 172.0
44 26 187.0 103.0
68 34 126.0 186.0
18 50 132.0 67.0
12 54 140.0 136.0
47 19 35.0 112.0
52 16 194.0 196.0
49 18 170.0 53.0
54 24 145.0 45.0
5 77 61.0 132.0
60 6 111.0 139.0
78 73 92.0 44.0
25 17 94.0 185.0
48 15 146.0 129.0
38 31 2.0 92.0
53 11 176.0 173.0
48 20 77.0 121.0
42 23 163.0 90.0
36 35 198.0 74.0
27 55 19.0 42.0
59 46 8.0 113.0
55 9 45.0 106.0
74 8 2.0 48.0
25 64 19.0 178.0
76 74 109.0 96.0
69 1 179.0 24.0
66 3 61.0 129.0
12 57 123.0 80.0
68 3 27.0 83.0
60 7 162.0 73.0
44 34 37.0 164.0
27 42 37.0 56.0
29 39 1.0 98.0
36 32 11.0 132.0
81 30 93.0 72.0
6 59 88.0 169.0
63 6 140.0 115.0
3 67 135.0 103.0
44 20 11.0 125.0
55 10 59.0 0.0
21 57 177.0 13.0
12 56 145.0 188.0
48 23 48.0 38.0
21 49 119.0 136.0
45 26 158.0 59.0
62 4 61.0 46.0
7 74 0.0 73.0
53 16 190.0 11.0
19 71 48.0 119.0
30 36 185.0 145.0
6 64 142.0 33.0
18 51 59.0 61.0
49 22 20.0 170.0
46 25 73.0 82.0
9 61 195.0 25.0
29 42 8.0 186.0
25 44 135.0 9.0
52 45 190.0 72.0
65 7 186.0 133.0
18 54 103.0 197.0
2 67 7.0 75.0
28 37 26.0 32.0
49 51 101.0 174.0
76 11 60.0 61.0
38 33 87.0 148.0
19 50 67.0 77.0
17 73 104.0 53.0
50 20 80.0 159.0
56 16 10.0 39.0
17 55 113.0 36.0
31 67 129.0 166.0
56 17 92.0 141.0
29 64 75.0 179.0
25 45 140.0 142.0
36 33 184.0 44.0
30 53 25.0 16.0
65 4 87.0 35.0
70 3 162.0 152.0
62 9 61.0 43.0
40 26 100.0 153.0
66 7 40.0 175.0
19 49 167.0 180.0
13 57 72.0 103.0
77 27 123.0 98.0
1 71 8.0 163.0
38 56 96.0 122.0
14 56 188.0 157.0
50 21 31.0 88.0
71 74 190.0 71.0
3 64 6.0 110.0
60 11 8.0 78.0
59 12 13.0 84.0
9 76 123.0 173.0
51 44 4.0 19.0
41 30 66.0 192.0
69 77 136.0 97.0
6 67 84.0 79.0
62 7 48.0 42.0
45 69 192.0 9.0
14 57 15.0 157.0
59 66 110.0 138.0
63 7 191.0 115.0
67 8 29.0 57.0
66 4 139.0 165.0
21 46 48.0 175.0
63 9 92.0 48.0
49 24 91.0 84.0
61 22 98.0 106.0
57 8 151.0 9.0
29 69 145.0 142.0
76 6 27.0 174.0
39 32 85.0 119.0
23 55 25.0 133.0
14 58 2.0 117.0
76 72 197.0 93.0
40 27 119.0 96.0
24 74 54.0 22.0
60 45 68.0 199.0
31 42 77.0 48.0
33 40 56.0 114.0
8 78 173.0 82.0
50 24 75.0 127.0
40 31 100.0 25.0
52 20 71.0 171.0
35 38 15.0 125.0
17 75 34.0 83.0
55 18 169.0 63.0
77 70 112.0 178.0
41 32 108.0 37.0
15 59 68.0 136.0
62 80 13.0 168.0
70 2 116.0 36.0
63 42 4.0 83.0
10 61 94.0 38.0
21 53 52.0 15.0
51 64 6.0 116.0
62 11 169.0 67.0
62 12 112.0 37.0
66 8 54.0 77.0
28 46 192.0 122.0
35 37 119.0 148.0
12 61 125.0 13.0
1 78 23.0 130.0
59 79 180.0 29.0
73 13 175.0 101.0
34 39 23.0 40.0
71 12 50.0 77.0
42 33 161.0 194.0
35 42 32.0 81.0
8 65 74.0 109.0
46 23 98.0 97.0
19 52 142.0 30.0
56 50 35.0 118.0
72 29 70.0 58.0
3 69 10.0 72.0
18 53 196.0 172.0
61 13 196.0 28.0
47 27 175.0 22.0
60 16 167.0 25.0
68 5 182.0 109.0
59 16 111.0 17.0
60 35 117.0 181.0
65 77 3.0 79.0
30 78 91.0 151.0
5 65 60.0 87.0
22 50 198.0 187.0
36 43 84.0 165.0
74 75 109.0 67.0
25 55 47.0 172.0
42 28 180.0 116.0
17 57 89.0 184.0
51 24 160.0 180.0
65 9 88.0 20.0
43 28 166.0 86.0
56 28 142.0 50.0
22 52 139.0 3.0
59 13 122.0 187.0
17 58 145.0 103.0
62 30 3.0 34.0
65 10 145.0 163.0
6 66 170.0 33.0
47 28 65.0 136.0
60 14 160.0 7.0
65 33 18.0 99.0
56 18 171.0 140.0
11 59 145.0 116.0
57 16 9.0 148.0
74 2 159.0 106.0
74 1 92.0 81.0
12 63 142.0 157.0
40 34 67.0 102.0
21 55 168.0 37.0
71 7 134.0 91.0
51 21 104.0 79.0
39 36 84.0 65.0
48 52 194.0 195.0
24 39 179.0 86.0
42 34 56.0 73.0
14 61 143.0 76.0
18 52 72.0 63.0
48 24 113.0 6.0
54 21 176.0 169.0
12 65 61.0 60.0
49 27 173.0 55.0
74 77 32.0 104.0
46 30 106.0 88.0
29 46 136.0 1.0
14 55 121.0 9.0
17 59 36.0 186.0
82 16 71.0 12.0
33 44 3.0 85.0
28 45 18.0 128.0
49 23 180.0 2.0
64 13 17.0 87.0
44 53 189.0 105.0
74 33 179.0 110.0
3 71 135.0 15.0
69 40 2.0 159.0
62 13 138.0 5.0
36 42 123.0 156.0
21 32 182.0 103.0
9 67 160.0 151.0
82 25 192.0 149.0
60 54 5.0 171.0
52 25 169.0 92.0
29 80 74.0 171.0
38 40 184.0 12.0
60 26 34.0 59.0
60 12 32.0 16.0
32 64 144.0 144.0
68 1 98.0 136.0
51 27 21.0 103.0
73 4 69.0 190.0
27 48 199.0 95.0
23 47 6.0 183.0
58 19 12.0 192.0
31 45 117.0 196.0
69 9 103.0 61.0
9 68 147.0 153.0
76 1 159.0 169.0
33 43 156.0 180.0
37 31 18.0 107.0
22 54 19.0 177.0
63 8 145.0 31.0
41 34 57.0 14.0
54 35 163.0 160.0
42 32 186.0 111.0
68 73 80.0 98.0
66 12 168.0 188.0
62 15 193.0 187.0
65 27 175.0 12.0
6 72 63.0 72.0
29 79 1.0 121.0
71 5 92.0 164.0
49 29 174.0 30.0
26 52 3.0 54.0
23 54 113.0 123.0
80 75 181.0 58.0
45 29 112.0 108.0
70 8 194.0 127.0
62 17 181.0 147.0
41 59 85.0 73.0
75 4 151.0 12.0
28 51 143.0 154.0
42 58 56.0 56.0
46 32 118.0 190.0
29 47 155.0 182.0
52 28 98.0 150.0
43 35 48.0 79.0
56 42 53.0 86.0
43 32 145.0 156.0
21 58 82.0 89.0
22 68 31.0 90.0
25 48 101.0 102.0
19 57 162.0 56.0
70 4 9.0 60.0
22 53 121.0 9.0
45 35 157.0 126.0
60 37 14.0 55.0
32 45 36.0 96.0
44 75 109.0 67.0
55 6 102.0 162.0
43 34 152.0 64.0
26 50 89.0 113.0
76 2 116.0 11.0
4 74 116.0 73.0
40 39 68.0 82.0
69 6 122.0 104.0
38 29 39.0 183.0
63 13 51.0 93.0
9 71 198.0 156.0
62 19 105.0 40.0
77 10 67.0 21.0
15 67 16.0 183.0
65 14 55.0 85.0
76 3 167.0 129.0
51 19 159.0 159.0
68 11 80.0 162.0
49 30 51.0 30.0
58 16 36.0 156.0
45 33 118.0 103.0
13 65 55.0 134.0
38 42 154.0 62.0
41 39 74.0 122.0
33 47 172.0 33.0
47 35 151.0 4.0
25 54 158.0 3.0
60 17 130.0 195.0
59 20 17.0 48.0
41 40 192.0 72.0
21 79 163.0 147.0
58 22 39.0 38.0
69 11 139.0 11.0
47 32 190.0 91.0
54 27 59.0 148.0
19 61 46.0 189.0
59 23 131.0 15.0
26 55 127.0 75.0
53 37 4.0 43.0
32 50 49.0 44.0
66 11 132.0 189.0
66 75 177.0 122.0
19 63 83.0 36.0
37 78 64.0 82.0
23 58 92.0 147.0
5 69 111.0 172.0
29 50 144.0 115.0
38 34 160.0 194.0
79 2 46.0 92.0
6 73 45.0 175.0
68 15 59.0 80.0
3 77 60.0 75.0
27 53 149.0 104.0
18 61 193.0 12.0
66 28 99.0 90.0
30 51 14.0 60.0
56 24 90.0 60.0
48 33 12.0 87.0
32 48 42.0 23.0
5 75 46.0 54.0
25 70 116.0 147.0
36 48 87.0 110.0
43 38 133.0 186.0
17 65 159.0 147.0
63 17 174.0 49.0
66 5 96.0 138.0
66 16 89.0 91.0
13 69 83.0 87.0
38 39 196.0 199.0
81 2 40.0 83.0
78 4 49.0 125.0
53 28 171.0 8.0
37 48 131.0 97.0
74 9 153.0 179.0
57 25 159.0 194.0
24 58 72.0 42.0
75 56 70.0 68.0
20 61 68.0 62.0
35 46 193.0 70.0
70 14 197.0 164.0
41 42 137.0 80.0
3 80 196.0 42.0
25 58 2.0 107.0
46 60 195.0 26.0
70 11 149.0 17.0
79 18 123.0 170.0
26 53 183.0 68.0
28 54 62.0 180.0
25 56 45.0 152.0
47 34 10.0 41.0
38 36 158.0 12.0
70 17 96.0 154.0
42 40 36.0 197.0
42 72 174.0 111.0
48 29 30.0 157.0
51 32 114.0 92.0
51 39 30.0 111.0
78 72 126.0 40.0
20 58 7.0 37.0
56 4 32.0 103.0
66 13 69.0 68.0
75 2 179.0 43.0
48 35 180.0 9.0
72 19 145.0 46.0
37 45 193.0 128.0
80 47 68.0 120.0
81 1 120.0 75.0
61 24 166.0 152.0
36 47 3.0 188.0
44 38 121.0 182.0
56 22 179.0 53.0
73 11 0.0 77.0
35 50 25.0 194.0
42 57 50.0 93.0
11 72 75.0 122.0
14 69 186.0 193.0
30 54 57.0 189.0
64 19 101.0 178.0
41 72 66.0 33.0
65 16 197.0 66.0
28 30 40.0 22.0
66 19 53.0 91.0
12 68 144.0 80.0
43 41 40.0 131.0
28 50 76.0 97.0
7 76 112.0 178.0
68 10 198.0 130.0
68 6 188.0 196.0
7 77 40.0 28.0
11 74 131.0 45.0
64 18 125.0 28.0
37 47 63.0 118.0
46 40 180.0 140.0
74 67 158.0 92.0
70 62 106.0 156.0
69 75 85.0 94.0
62 75 17.0 125.0
67 82 183.0 149.0
81 4 105.0 108.0
50 33 23.0 168.0
18 68 141.0 3.0
57 28 163.0 99.0
69 17 99.0 69.0
67 36 139.0 184.0
39 42 136.0 156.0
39 43 186.0 119.0
15 69 178.0 91.0
81 10 56.0 154.0
32 55 50.0 197.0
48 49 132.0 14.0
41 45 71.0 31.0
31 51 141.0 162.0
72 14 63.0 29.0
67 5 19.0 1.0
54 61 141.0 197.0
54 31 175.0 197.0
9 64 18.0 26.0
61 31 106.0 103.0
69 16 130.0 177.0
68 16 132.0 23.0
26 59 91.0 147.0
14 73 136.0 110.0
47 45 96.0 29.0
28 58 24.0 71.0
56 82 72.0 195.0
30 71 21.0 130.0
29 56 87.0 151.0
72 70 10.0 19.0
63 21 84.0 54.0
70 19 108.0 172.0
13 74 140.0 156.0
57 23 106.0 164.0
43 37 70.0 130.0
14 64 42.0 91.0
35 52 119.0 81.0
78 9 101.0 129.0
34 53 87.0 137.0
3 79 28.0 147.0
80 52 43.0 120.0
10 76 111.0 149.0
23 64 6.0 182.0
57 29 11.0 0.0
65 21 142.0 130.0
14 74 105.0 196.0
57 31 151.0 144.0
69 19 106.0 179.0
81 3 28.0 149.0
44 42 85.0 140.0
52 37 126.0 91.0
50 38 72.0 89.0
77 8 58.0 166.0
47 40 81.0 115.0
79 9 91.0 32.0
53 29 96.0 149.0
26 54 105.0 76.0
32 77 136.0 190.0
42 47 142.0 62.0
55 33 98.0 14.0
79 6 104.0 108.0
38 41 143.0 186.0
59 27 184.0 34.0
17 71 150.0 32.0
43 44 39.0 55.0
79 8 167.0 175.0
78 10 5.0 109.0
65 20 14.0 55.0
45 54 103.0 70.0
67 23 20.0 46.0
35 53 113.0 156.0
58 26 104.0 16.0
30 58 174.0 143.0
21 66 149.0 93.0
59 29 199.0 155.0
5 79 38.0 165.0
76 13 64.0 93.0
79 11 23.0 37.0
24 64 42.0 89.0
39 47 183.0 99.0
27 60 198.0 109.0
78 29 124.0 99.0
5 82 188.0 76.0
69 20 95.0 178.0
26 63 122.0 111.0
9 75 39.0 97.0
6 78 132.0 33.0
6 82 20.0 115.0
81 9 192.0 170.0
60 31 136.0 116.0
51 37 197.0 76.0
77 17 63.0 44.0
77 30 42.0 137.0
7 82 6.0 33.0
61 27 17.0 138.0
60 30 78.0 37.0
34 58 7.0 70.0
66 24 8.0 143.0
71 18 117.0 157.0
28 61 104.0 132.0
74 16 69.0 98.0
72 20 30.0 75.0
20 67 101.0 47.0
10 79 199.0 131.0
36 70 128.0 158.0
78 13 174.0 136.0
72 18 51.0 91.0
31 46 156.0 108.0
63 27 55.0 25.0
41 46 192.0 37.0
30 55 187.0 45.0
34 56 69.0 186.0
57 27 20.0 149.0
27 64 176.0 195.0
51 34 131.0 180.0
16 72 12.0 87.0
11 81 88.0 19.0
81 5 135.0 32.0
26 61 15.0 122.0
73 16 134.0 36.0
47 48 61.0 155.0
8 82 106.0 189.0
71 21 155.0 37.0
56 64 8.0 119.0
56 36 163.0 48.0
81 26 90.0 50.0
55 35 164.0 57.0
66 25 96.0 98.0
68 30 6.0 109.0
9 72 96.0 65.0
52 40 133.0 51.0
81 12 177.0 93.0
77 12 9.0 141.0
52 44 133.0 51.0
73 40 54.0 97.0
77 14 90.0 102.0
28 63 109.0 49.0
45 55 186.0 157.0
57 35 52.0 119.0
7 79 144.0 29.0
20 70 130.0 105.0
63 58 30.0 15.0
32 52 125.0 85.0
12 72 118.0 15.0
49 44 165.0 27.0
66 26 51.0 151.0
81 67 27.0 103.0
78 12 94.0 123.0
21 72 121.0 24.0
49 40 155.0 103.0
10 80 70.0 80.0
57 34 79.0 140.0
79 12 195.0 196.0
11 77 1.0 198.0
17 74 157.0 180.0
67 19 96.0 51.0
77 15 21.0 17.0
59 64 77.0 176.0
20 76 141.0 99.0
47 43 73.0 172.0
39 52 16.0 20.0
14 79 37.0 169.0
20 74 161.0 194.0
49 39 87.0 57.0
50 41 197.0 60.0
68 19 113.0 26.0
71 22 159.0 7.0
53 40 180.0 184.0
32 60 15.0 196.0
42 50 151.0 52.0
73 20 22.0 64.0
26 62 173.0 110.0
59 35 152.0 123.0
76 17 109.0 18.0
75 18 48.0 20.0
75 48 56.0 180.0
29 74 89.0 72.0
33 57 113.0 192.0
31 62 175.0 135.0
55 58 182.0 100.0
23 69 31.0 87.0
13 80 104.0 93.0
51 41 190.0 104.0
81 53 32.0 47.0
63 29 60.0 74.0
69 25 174.0 125.0
51 42 5.0 101.0
55 39 82.0 187.0
18 74 150.0 65.0
19 75 165.0 6.0
59 31 142.0 156.0
74 22 112.0 127.0
58 38 125.0 124.0
52 66 94.0 52.0
31 64 128.0 51.0
54 38 133.0 162.0
58 36 149.0 35.0
77 18 10.0 114.0
45 48 155.0 104.0
80 14 155.0 20.0
77 75 156.0 81.0
44 50 64.0 2.0
56 39 194.0 144.0
80 67 62.0 127.0
59 33 175.0 163.0
73 23 13.0 137.0
78 16 182.0 120.0
22 73 162.0 89.0
61 35 135.0 70.0
82 29 46.0 151.0
22 64 27.0 192.0
74 78 142.0 42.0
76 19 94.0 118.0
24 68 40.0 107.0
38 68 75.0 174.0
24 69 157.0 189.0
50 45 145.0 92.0
56 62 18.0 191.0
72 23 147.0 45.0
15 60 192.0 89.0
81 15 80.0 86.0
73 19 64.0 120.0
27 67 196.0 139.0
79 1 96.0 153.0
66 31 79.0 41.0
57 40 34.0 97.0
77 37 127.0 133.0
48 46 179.0 71.0
45 68 197.0 59.0
34 62 178.0 14.0
33 61 136.0 175.0
27 69 29.0 32.0
80 18 22.0 108.0
56 40 83.0 9.0
67 29 138.0 162.0
54 40 100.0 117.0
68 26 196.0 49.0
81 68 87.0 127.0
43 51 107.0 23.0
63 33 12.0 136.0
25 67 149.0 187.0
71 67 158.0 184.0
40 44 56.0 96.0
20 77 27.0 108.0
61 37 154.0 23.0
72 24 94.0 193.0
61 52 139.0 1.0
68 28 163.0 103.0
14 81 193.0 64.0
77 19 129.0 151.0
57 36 32.0 185.0
36 59 163.0 59.0
30 63 79.0 118.0
25 73 93.0 125.0
22 75 57.0 184.0
82 13 54.0 172.0
69 28 121.0 47.0
76 21 136.0 50.0
59 37 20.0 168.0
26 73 138.0 184.0
42 52 103.0 170.0
59 38 198.0 196.0
19 79 190.0 7.0
15 76 103.0 44.0
42 45 5.0 176.0
70 59 98.0 94.0
76 16 197.0 118.0
57 43 160.0 88.0
77 16 74.0 15.0
38 60 175.0 72.0
77 38 69.0 117.0
50 53 132.0 125.0
46 51 153.0 89.0
73 58 45.0 51.0
67 33 192.0 43.0
24 73 180.0 104.0
43 56 142.0 6.0
33 64 83.0 70.0
49 45 25.0 104.0
53 45 163.0 109.0
71 25 115.0 68.0
77 42 132.0 160.0
55 43 17.0 124.0
29 19 27.0 149.0
62 81 190.0 122.0
60 36 0.0 73.0
66 32 137.0 26.0
82 18 98.0 52.0
55 46 69.0 165.0
49 46 185.0 1.0
55 42 71.0 2.0
48 51 14.0 51.0
26 72 198.0 4.0
72 28 152.0 199.0
35 64 21.0 41.0
33 66 199.0 71.0
40 62 7.0 20.0
4 80 147.0 193.0
28 71 14.0 170.0
78 82 111.0 180.0
15 78 63.0 62.0
29 70 75.0 168.0
39 78 54.0 49.0
75 25 70.0 53.0
34 63 23.0 78.0
47 54 154.0 122.0
56 23 22.0 120.0
30 10 60.0 85.0
49 42 105.0 76.0
56 48 102.0 181.0
63 39 109.0 157.0
69 47 163.0 131.0
43 52 91.0 186.0
54 50 155.0 197.0
29 68 67.0 129.0
43 58 111.0 79.0
73 29 178.0 16.0
76 22 157.0 81.0
40 61 138.0 18.0
70 28 92.0 101.0
66 39 95.0 183.0
44 57 53.0 50.0
80 72 125.0 72.0
75 23 12.0 188.0
30 72 11.0 190.0
28 73 142.0 168.0
81 22 166.0 80.0
79 13 198.0 58.0
54 49 26.0 46.0
41 56 130.0 31.0
74 21 174.0 7.0
82 19 67.0 138.0
56 47 163.0 30.0
75 33 117.0 105.0
68 32 128.0 35.0
29 75 196.0 78.0
31 71 119.0 174.0
39 45 1.0 49.0
23 70 174.0 127.0
53 74 61.0 193.0
31 72 1.0 177.0
73 33 63.0 71.0
63 38 195.0 191.0
24 78 144.0 143.0
75 28 167.0 63.0
29 71 42.0 168.0
32 72 29.0 168.0
37 66 9.0 43.0
70 31 160.0 163.0
38 62 26.0 175.0
66 36 149.0 173.0
73 30 133.0 45.0
80 42 15.0 52.0
62 49 198.0 9.0
35 66 131.0 180.0
44 60 76.0 93.0
22 78 97.0 188.0
17 54 38.0 76.0
51 53 172.0 139.0
41 80 105.0 106.0
43 62 171.0 120.0
57 48 54.0 170.0
40 65 197.0 138.0
23 80 120.0 73.0
80 25 185.0 169.0
74 31 9.0 175.0
76 29 117.0 181.0
64 38 146.0 23.0
58 48 137.0 117.0
53 49 83.0 191.0
49 52 18.0 32.0
64 36 103.0 138.0
72 27 46.0 88.0
80 24 104.0 7.0
65 42 31.0 22.0
76 31 82.0 129.0
77 31 117.0 19.0
59 48 131.0 153.0
72 35 5.0 150.0
30 70 65.0 108.0
74 32 54.0 64.0
55 54 48.0 158.0
44 58 41.0 31.0
58 47 22.0 123.0
40 67 148.0 139.0
39 68 198.0 80.0
37 67 25.0 155.0
82 26 171.0 42.0
40 81 34.0 177.0
57 52 190.0 82.0
36 73 149.0 183.0
69 37 135.0 171.0
65 43 60.0 84.0
66 41 89.0 10.0
71 33 168.0 66.0
52 47 51.0 91.0
26 79 145.0 85.0
64 41 128.0 136.0
37 65 9.0 77.0
54 53 132.0 96.0
35 68 123.0 144.0
28 67 42.0 13.0
58 60 159.0 163.0
80 28 156.0 10.0
82 11 31.0 101.0
66 43 150.0 111.0
44 63 87.0 111.0
79 28 157.0 172.0
35 71 36.0 81.0
35 73 0.0 31.0
41 68 114.0 159.0
64 47 27.0 70.0
74 34 182.0 10.0
30 80 70.0 84.0
28 81 3.0 157.0
74 35 95.0 161.0
76 36 173.0 131.0
59 51 61.0 174.0
72 38 61.0 127.0
68 64 23.0 88.0
48 64 82.0 158.0
53 77 82.0 152.0
28 82 145.0 38.0
57 51 141.0 40.0
44 54 185.0 114.0
69 42 146.0 198.0
55 67 181.0 7.0
62 47 44.0 4.0
68 40 167.0 126.0
59 52 147.0 2.0
37 79 83.0 44.0
78 31 88.0 176.0
77 33 45.0 73.0
48 55 161.0 192.0
71 40 73.0 142.0
49 60 42.0 117.0
29 77 122.0 162.0
79 30 166.0 21.0
44 65 99.0 1.0
59 50 60.0 139.0
81 35 7.0 106.0
46 65 137.0 168.0
48 63 49.0 162.0
38 67 125.0 91.0
46 63 102.0 199.0
74 37 77.0 20.0
64 37 90.0 128.0
66 47 75.0 151.0
74 27 75.0 34.0
31 80 60.0 12.0
61 49 177.0 61.0
55 56 33.0 54.0
82 22 32.0 87.0
51 80 16.0 61.0
46 62 89.0 58.0
70 42 97.0 116.0
64 46 181.0 172.0
54 58 122.0 194.0
48 62 19.0 99.0
53 60 71.0 4.0
76 33 90.0 55.0
32 76 88.0 58.0
51 61 20.0 177.0
74 30 48.0 69.0
62 39 54.0 30.0
82 49 143.0 176.0
23 76 144.0 162.0
72 43 44.0 15.0
69 34 65.0 86.0
82 32 197.0 106.0
78 64 139.0 169.0
69 39 30.0 139.0
40 76 64.0 85.0
55 57 81.0 7.0
81 31 174.0 25.0
45 64 3.0 170.0
53 57 104.0 20.0
59 45 166.0 53.0
68 25 195.0 57.0
41 63 147.0 26.0
77 76 168.0 11.0
79 31 13.0 1.0
64 43 84.0 139.0
49 64 184.0 39.0
34 79 72.0 88.0
61 53 4.0 39.0
80 34 81.0 0.0
35 77 164.0 180.0
74 41 165.0 84.0
68 37 158.0 131.0
39 75 33.0 195.0
44 66 51.0 17.0
59 57 89.0 124.0
61 32 68.0 45.0
66 48 105.0 149.0
61 56 168.0 21.0
32 81 140.0 86.0
70 33 157.0 50.0
50 67 124.0 190.0
9 80 182.0 175.0
41 75 16.0 23.0
62 53 26.0 36.0
77 40 146.0 83.0
65 51 44.0 114.0
35 80 7.0 184.0
39 73 161.0 164.0
57 54 168.0 37.0
71 46 81.0 102.0
47 63 30.0 97.0
71 44 117.0 8.0
69 48 41.0 63.0
55 61 164.0 85.0
81 36 52.0 123.0
50 66 143.0 165.0
48 65 10.0 63.0
78 40 30.0 92.0
31 82 143.0 13.0
56 66 49.0 12.0
62 50 164.0 42.0
65 52 88.0 129.0
62 29 60.0 92.0
68 47 37.0 155.0
45 66 178.0 0.0
49 65 133.0 8.0
48 71 60.0 28.0
66 77 12.0 62.0
80 36 26.0 176.0
65 54 188.0 115.0
38 79 106.0 0.0
38 70 76.0 95.0
72 45 64.0 54.0
62 58 173.0 149.0
36 79 135.0 33.0
69 44 38.0 147.0
65 56 192.0 64.0
76 44 147.0 132.0
76 39 156.0 5.0
75 34 120.0 184.0
37 81 136.0 136.0
77 46 98.0 109.0
68 53 31.0 186.0
39 77 150.0 69.0
28 77 47.0 142.0
50 69 4.0 146.0
48 70 0.0 112.0
74 44 153.0 72.0
63 56 46.0 41.0
50 70 155.0 96.0
39 71 43.0 139.0
75 45 129.0 145.0
55 66 160.0 128.0
82 35 73.0 164.0
79 44 136.0 25.0
61 58 166.0 41.0
39 81 0.0 164.0
72 44 190.0 107.0
51 68 111.0 33.0
41 57 101.0 192.0
49 71 131.0 61.0
46 74 79.0 156.0
72 49 133.0 167.0
44 62 186.0 51.0
79 42 37.0 138.0
44 78 170.0 27.0
77 44 3.0 81.0
42 82 113.0 104.0
67 53 47.0 196.0
78 43 103.0 78.0
80 37 165.0 188.0
64 57 105.0 151.0
76 49 81.0 94.0
48 73 186.0 4.0
56 58 182.0 189.0
58 65 10.0 47.0
61 70 12.0 9.0
55 70 128.0 67.0
43 81 42.0 93.0
49 70 52.0 147.0
70 53 180.0 133.0
43 79 153.0 166.0
45 76 190.0 87.0
64 44 22.0 1.0
59 65 124.0 34.0
69 43 134.0 4.0
61 71 154.0 176.0
58 64 188.0 6.0
73 54 135.0 120.0
62 55 108.0 40.0
51 69 4.0 98.0
63 61 142.0 26.0
68 49 64.0 18.0
47 74 21.0 198.0
71 51 23.0 127.0
44 80 119.0 163.0
51 76 158.0 6.0
38 80 20.0 66.0
54 77 138.0 24.0
67 59 30.0 32.0
49 77 129.0 94.0
50 75 49.0 102.0
70 46 22.0 72.0
74 48 92.0 141.0
72 53 191.0 2.0
70 41 70.0 11.0
45 81 1.0 160.0
48 77 54.0 183.0
54 64 18.0 183.0
74 63 93.0 67.0
63 64 183.0 115.0
47 67 196.0 28.0
78 51 100.0 188.0
47 75 36.0 122.0
57 68 130.0 189.0
74 42 20.0 137.0
66 61 74.0 38.0
70 51 178.0 167.0
78 47 76.0 114.0
80 49 197.0 72.0
72 55 175.0 49.0
81 42 103.0 11.0
80 79 79.0 34.0
40 72 125.0 99.0
55 75 154.0 0.0
81 48 97.0 132.0
64 66 196.0 125.0
62 32 65.0 146.0
56 72 174.0 40.0
41 82 124.0 30.0
80 50 129.0 156.0
52 72 134.0 6.0
50 77 197.0 88.0
78 49 184.0 47.0
68 61 64.0 180.0
66 62 85.0 81.0
48 79 145.0 11.0
69 54 34.0 21.0
68 63 196.0 115.0
58 71 34.0 83.0
70 43 62.0 184.0
41 77 20.0 46.0
53 82 78.0 36.0
69 65 83.0 115.0
70 45 172.0 28.0
54 74 177.0 6.0
71 60 116.0 126.0
66 53 178.0 150.0
75 58 181.0 40.0
58 78 73.0 153.0
60 73 26.0 103.0
79 51 152.0 109.0
71 63 64.0 124.0
67 62 21.0 194.0
79 53 54.0 137.0
63 67 13.0 184.0
43 76 92.0 194.0
66 63 32.0 165.0
56 71 50.0 58.0
67 65 86.0 155.0
63 55 51.0 103.0
47 82 173.0 72.0
54 82 98.0 27.0
79 57 176.0 111.0
73 63 4.0 20.0
82 52 198.0 37.0
76 46 147.0 0.0
75 61 127.0 34.0
69 67 53.0 130.0
76 60 3.0 26.0
50 81 71.0 101.0
70 56 159.0 47.0
57 61 132.0 115.0
71 55 163.0 82.0
79 62 119.0 62.0
69 60 177.0 198.0
79 55 19.0 30.0
61 72 105.0 22.0
51 81 184.0 176.0
59 82 166.0 95.0
76 80 153.0 50.0
59 76 67.0 116.0
59 74 157.0 138.0
70 82 12.0 134.0
62 69 158.0 32.0
65 64 139.0 63.0
64 61 26.0 75.0
40 74 114.0 144.0
61 76 49.0 67.0
72 59 46.0 117.0
82 63 44.0 155.0
81 63 114.0 57.0
81 58 130.0 72.0
72 82 33.0 21.0
75 60 101.0 11.0
63 72 153.0 15.0
66 69 134.0 3.0
51 67 138.0 133.0
69 68 24.0 183.0
78 46 87.0 138.0
79 63 184.0 169.0
61 78 185.0 18.0
74 65 58.0 86.0
74 69 144.0 164.0
68 72 112.0 31.0
77 60 118.0 50.0
76 68 134.0 142.0
78 67 162.0 22.0
65 80 102.0 147.0
63 77 125.0 87.0
59 77 140.0 135.0
80 64 169.0 36.0
52 75 57.0 33.0
68 70 188.0 176.0
56 78 47.0 74.0
72 81 51.0 9.0
80 69 78.0 154.0
76 64 124.0 155.0
70 73 1.0 64.0
81 56 8.0 123.0
79 66 55.0 18.0
78 75 62.0 195.0
62 73 120.0 109.0
76 63 14.0 123.0
65 50 4.0 92.0
81 69 94.0 80.0
75 64 32.0 95.0
70 79 69.0 40.0
42 78 119.0 124.0
77 68 21.0 181.0
65 81 12.0 93.0
79 72 196.0 27.0
73 72 21.0 0.0
66 46 113.0 67.0
71 81 126.0 145.0
81 79 164.0 195.0
3 1 152.0 83.0
3 73 38.0 125.0
10 75 76.0 50.0
80 59 185.0 72.0
72 65 76.0 158.0
61 80 83.0 189.0
12 49 176.0 10.0
82 43 19.0 92.0
65 75 77.0 124.0
66 80 4.0 115.0
82 66 159.0 81.0
80 71 0.0 96.0
62 64 84.0 76.0
49 69 74.0 168.0
81 78 23.0 3.0
81 75 173.0 194.0
8 11 16.0 50.0
46 53 92.0 21.0
70 81 183.0 51.0
76 78 186.0 136.0
21 82 40.0 70.0
73 55 133.0 114.0
63 78 64.0 108.0
72 71 188.0 37.0
80 70 93.0 5.0
80 60 193.0 185.0
67 68 191.0 177.0
67 77 96.0 129.0
64 77 11.0 136.0
57 70 167.0 97.0
64 82 37.0 183.0
74 61 186.0 26.0
77 36 169.0 31.0
80 73 97.0 114.0
60 55 101.0 40.0
75 63 90.0 197.0
66 65 168.0 101.0
65 73 161.0 87.0
82 73 72.0 199.0
21 78 6.0 10.0
82 65 25.0 175.0
82 75 24.0 122.0
62 77 193.0 125.0
74 70 110.0 83.0
71 73 50.0 31.0
55 69 147.0 11.0
47 79 87.0 172.0
58 82 51.0 93.0
79 75 139.0 28.0
73 45 195.0 164.0
82 77 53.0 140.0
82 69 125.0 164.0
72 48 0.0 127.0
82 62 110.0 100.0
76 82 193.0 198.0
70 75 31.0 196.0
1 4 174.0 122.0
77 80 96.0 121.0
12 75 44.0 150.0
69 78 198.0 122.0
79 74 30.0 199.0
0
