80 3160 24 7 386730
63 14 114.0 165.0
59 78 173.0 83.0
78 73 149.0 157.0
44 32 4.0 191.0
45 1 183.0 155.0
79 69 106.0 173.0
34 53 53.0 130.0
51 52 153.0 64.0
18 30 35.0 19.0
59 24 127.0 9.0
48 79 162.0 76.0
62 60 17.0 119.0
12 67 89.0 1.0
8 15 32.0 196.0
19 39 69.0 85.0
43 30 59.0 174.0
11 26 180.0 46.0
49 16 127.0 107.0
46 16 186.0 90.0
75 2 125.0 4.0
68 78 114.0 166.0
44 35 21.0 146.0
26 24 27.0 42.0
5 57 166.0 86.0
3 5 162.0 146.0
21 14 65.0 42.0
61 45 94.0 4.0
46 1 184.0 171.0
5 13 152.0 51.0
45 30 149.0 173.0
54 57 17.0 176.0
33 55 146.0 136.0
60 43 191.0 61.0
9 24 28.0 8.0
68 13 32.0 75.0
13 7 41.0 16.0
17 28 141.0 193.0
58 40 102.0 90.0
16 60 119.0 71.0
34 48 84.0 18.0
43 40 130.0 75.0
63 45 169.0 110.0
9 66 173.0 153.0
73 2 120.0 14.0
62 1 158.0 61.0
40 73 166.0 12.0
52 44 156.0 37.0
44 56 85.0 41.0
15 77 116.0 15.0
7 12 1.0 37.0
64 31 47.0 174.0
33 21 53.0 167.0
53 70 131.0 163.0
14 8 56.0 49.0
51 8 5.0 164.0
63 6 29.0 90.0
35 58 26.0 145.0
14 3 150.0 27.0
6 34 189.0 197.0
55 77 146.0 42.0
18 38 30.0 30.0
45 72 47.0 38.0
79 4 13.0 52.0
9 64 34.0 42.0
41 68 87.0 61.0
43 1 0.0 37.0
13 1 40.0 189.0
32 25 0.0 138.0
62 41 178.0 31.0
33 62 22.0 25.0
65 38 185.0 35.0
53 38 125.0 19.0
58 73 91.0 12.0
74 51 19.0 91.0
37 74 139.0 11.0
18 22 110.0 140.0
15 4 126.0 88.0
65 34 121.0 100.0
24 57 115.0 58.0
46 30 182.0 40.0
23 54 87.0 74.0
56 78 91.0 58.0
71 62 119.0 183.0
3 4 96.0 30.0
7 79 142.0 174.0
65 76 127.0 63.0
4 2 128.0 194.0
32 28 165.0 111.0
33 18 47.0 52.0
47 63 109.0 90.0
44 34 5.0 28.0
69 51 146.0 54.0
2 29 65.0 89.0
56 25 18.0 144.0
59 11 81.0 147.0
38 19 21.0 46.0
68 51 153.0 68.0
33 32 195.0 14.0
17 4 85.0 152.0
6 7 86.0 31.0
68 33 42.0 103.0
58 48 107.0 61.0
11 49 167.0 188.0
19 27 117.0 189.0
77 50 100.0 22.0
33 78 9.0 47.0
33 80 37.0 46.0
39 70 145.0 124.0
23 68 31.0 139.0
8 9 117.0 90.0
41 79 130.0 36.0
25 18 52.0 47.0
68 71 11.0 152.0
68 40 91.0 20.0
71 27 108.0 128.0
49 5 150.0 5.0
73 26 11.0 133.0
66 24 58.0 80.0
54 37 69.0 188.0
55 37 33.0 121.0
27 34 165.0 44.0
1 10 174.0 8.0
76 57 83.0 83.0
62 49 125.0 185.0
74 71 131.0 88.0
46 9 98.0 189.0
45 58 130.0 167.0
5 7 23.0 115.0
34 73 89.0 140.0
10 69 164.0 64.0
46 68 178.0 0.0
68 66 173.0 55.0
11 4 53.0 104.0
24 46 147.0 104.0
55 72 140.0 30.0
25 66 177.0 163.0
58 65 186.0 67.0
53 44 89.0 103.0
63 56 169.0 19.0
41 75 0.0 142.0
10 39 32.0 54.0
14 2 170.0 132.0
22 43 45.0 110.0
28 74 117.0 175.0
10 75 182.0 103.0
38 79 59.0 23.0
54 44 6.0 180.0
70 36 39.0 6.0
74 53 69.0 23.0
51 36 152.0 39.0
78 22 177.0 149.0
15 45 56.0 94.0
14 4 147.0 190.0
69 54 73.0 158.0
49 20 78.0 79.0
55 39 39.0 117.0
11 21 173.0 108.0
9 20 165.0 125.0
41 27 127.0 94.0
72 29 21.0 135.0
19 6 198.0 169.0
11 40 99.0 71.0
13 3 184.0 177.0
14 7 143.0 24.0
59 45 186.0 68.0
17 26 88.0 104.0
53 39 75.0 167.0
20 63 29.0 96.0
68 18 118.0 27.0
58 11 67.0 169.0
66 27 198.0 52.0
33 37 82.0 94.0
9 3 96.0 69.0
69 6 32.0 185.0
76 73 14.0 107.0
8 44 34.0 43.0
3 12 70.0 104.0
74 34 130.0 89.0
12 62 115.0 129.0
18 16 130.0 198.0
58 20 197.0 178.0
25 76 19.0 29.0
21 57 27.0 186.0
53 22 65.0 13.0
5 79 29.0 87.0
64 17 67.0 159.0
31 1 39.0 182.0
16 61 153.0 169.0
32 69 95.0 102.0
16 45 35.0 67.0
21 46 112.0 62.0
67 37 142.0 129.0
67 49 41.0 171.0
18 44 167.0 108.0
5 12 139.0 6.0
10 6 175.0 44.0
37 59 91.0 22.0
23 2 3.0 127.0
47 22 33.0 67.0
58 30 115.0 175.0
78 60 14.0 157.0
55 58 57.0 181.0
61 29 84.0 148.0
77 65 144.0 11.0
44 66 25.0 187.0
68 75 73.0 180.0
49 1 177.0 58.0
30 27 66.0 93.0
6 3 171.0 33.0
60 7 80.0 28.0
67 10 22.0 116.0
74 80 116.0 118.0
65 67 91.0 142.0
13 35 180.0 117.0
35 56 23.0 158.0
2 44 198.0 42.0
8 11 24.0 169.0
74 31 100.0 56.0
40 53 152.0 74.0
4 74 68.0 21.0
12 76 23.0 111.0
30 29 64.0 4.0
37 75 117.0 39.0
38 74 122.0 68.0
61 30 54.0 98.0
60 76 170.0 106.0
80 13 83.0 123.0
6 25 128.0 103.0
20 47 0.0 152.0
28 29 103.0 64.0
23 17 91.0 172.0
5 2 150.0 165.0
31 24 121.0 156.0
51 63 50.0 92.0
27 48 72.0 85.0
72 61 122.0 152.0
27 25 53.0 74.0
53 60 186.0 108.0
28 42 36.0 77.0
42 3 103.0 138.0
59 55 28.0 25.0
69 30 55.0 30.0
77 36 99.0 79.0
48 32 66.0 173.0
7 2 100.0 119.0
19 69 85.0 39.0
62 29 182.0 122.0
64 13 121.0 38.0
68 16 167.0 101.0
45 53 120.0 174.0
40 54 7.0 19.0
38 73 125.0 73.0
80 65 178.0 177.0
5 17 185.0 15.0
78 50 100.0 120.0
63 39 9.0 173.0
54 75 57.0 128.0
79 64 158.0 129.0
37 69 145.0 165.0
13 31 83.0 70.0
15 1 11.0 13.0
49 30 5.0 196.0
79 77 20.0 57.0
67 63 151.0 181.0
10 71 167.0 160.0
54 50 121.0 125.0
70 43 33.0 67.0
73 10 119.0 117.0
42 11 10.0 130.0
72 47 30.0 167.0
76 18 173.0 2.0
20 2 168.0 125.0
55 46 59.0 88.0
48 14 116.0 180.0
9 40 192.0 150.0
7 3 82.0 111.0
30 2 61.0 44.0
2 6 115.0 43.0
13 4 100.0 88.0
11 6 75.0 69.0
12 70 178.0 86.0
35 20 82.0 46.0
11 69 11.0 75.0
8 67 117.0 46.0
11 1 100.0 130.0
55 6 43.0 167.0
51 56 152.0 144.0
54 6 176.0 179.0
75 67 148.0 154.0
8 12 7.0 183.0
62 19 68.0 171.0
37 18 176.0 137.0
60 20 114.0 76.0
25 44 67.0 157.0
52 54 24.0 19.0
59 31 44.0 0.0
20 1 5.0 193.0
11 9 111.0 13.0
27 17 182.0 180.0
34 70 12.0 159.0
10 68 33.0 78.0
32 37 34.0 100.0
42 72 60.0 10.0
23 51 190.0 56.0
69 42 78.0 148.0
50 34 115.0 142.0
50 35 154.0 50.0
24 2 184.0 118.0
69 78 131.0 18.0
34 31 26.0 117.0
23 48 116.0 38.0
50 56 157.0 58.0
17 47 178.0 188.0
80 43 120.0 45.0
77 56 51.0 74.0
9 34 157.0 36.0
31 55 175.0 40.0
37 39 170.0 1.0
6 41 175.0 38.0
15 5 183.0 84.0
56 65 127.0 113.0
27 80 14.0 47.0
55 43 15.0 66.0
28 63 9.0 172.0
69 45 184.0 184.0
35 18 160.0 107.0
10 26 16.0 87.0
16 2 50.0 152.0
61 26 6.0 177.0
57 25 31.0 21.0
19 40 117.0 46.0
22 11 49.0 126.0
7 63 161.0 185.0
33 5 81.0 73.0
10 2 136.0 50.0
76 43 135.0 186.0
20 44 196.0 94.0
21 28 190.0 179.0
67 58 47.0 108.0
20 75 185.0 48.0
10 66 1.0 98.0
71 52 172.0 34.0
4 5 119.0 60.0
10 12 58.0 6.0
43 21 102.0 6.0
19 2 73.0 45.0
35 74 13.0 72.0
20 73 188.0 150.0
11 50 192.0 141.0
10 8 56.0 116.0
13 57 51.0 175.0
24 62 186.0 61.0
35 28 1.0 40.0
5 6 70.0 27.0
31 12 130.0 35.0
37 58 86.0 70.0
27 53 159.0 78.0
61 35 104.0 15.0
11 63 146.0 155.0
76 49 109.0 84.0
28 5 143.0 111.0
43 51 152.0 13.0
14 49 169.0 82.0
27 26 124.0 55.0
7 11 161.0 35.0
80 11 2.0 65.0
25 54 20.0 100.0
22 65 129.0 129.0
69 33 22.0 72.0
35 39 128.0 175.0
39 50 176.0 97.0
75 66 183.0 101.0
31 9 22.0 144.0
20 51 35.0 176.0
24 37 76.0 55.0
21 66 120.0 5.0
50 31 164.0 143.0
69 31 106.0 92.0
80 22 194.0 83.0
39 17 189.0 129.0
25 35 115.0 163.0
37 60 171.0 151.0
16 7 27.0 47.0
24 54 73.0 99.0
36 3 103.0 189.0
33 34 144.0 9.0
55 45 173.0 138.0
61 28 5.0 114.0
14 38 81.0 72.0
49 24 135.0 52.0
63 53 125.0 162.0
58 62 92.0 150.0
17 60 120.0 195.0
13 37 99.0 64.0
1 17 133.0 24.0
55 19 67.0 90.0
8 4 135.0 101.0
3 17 168.0 70.0
38 25 14.0 46.0
38 77 5.0 58.0
9 14 12.0 126.0
3 71 115.0 111.0
66 56 71.0 48.0
74 20 40.0 90.0
55 32 40.0 127.0
14 1 6.0 161.0
54 8 83.0 21.0
36 80 43.0 88.0
6 15 47.0 56.0
78 40 54.0 114.0
16 3 80.0 125.0
54 16 107.0 73.0
80 1 56.0 148.0
31 22 35.0 14.0
61 76 175.0 118.0
28 48 104.0 171.0
54 60 130.0 103.0
51 58 105.0 136.0
60 22 185.0 138.0
70 52 188.0 92.0
4 73 65.0 196.0
14 11 73.0 101.0
7 52 65.0 1.0
51 5 104.0 121.0
16 65 105.0 186.0
74 44 172.0 11.0
17 30 165.0 157.0
33 3 75.0 153.0
75 30 48.0 93.0
15 3 158.0 73.0
78 27 0.0 175.0
31 57 5.0 56.0
73 35 65.0 63.0
78 35 54.0 189.0
6 13 39.0 171.0
62 46 95.0 66.0
75 40 186.0 95.0
66 2 175.0 144.0
28 80 50.0 127.0
8 24 39.0 7.0
58 71 47.0 104.0
57 55 23.0 53.0
10 11 46.0 62.0
22 10 128.0 93.0
1 70 146.0 114.0
23 52 9.0 73.0
51 1 50.0 11.0
56 20 64.0 89.0
42 27 138.0 63.0
33 77 137.0 161.0
54 17 146.0 135.0
26 69 145.0 74.0
10 30 31.0 43.0
1 77 82.0 193.0
29 45 155.0 132.0
16 55 17.0 20.0
33 44 16.0 107.0
73 69 197.0 105.0
5 1 101.0 143.0
9 12 38.0 199.0
80 3 111.0 21.0
32 15 131.0 193.0
12 79 146.0 87.0
5 68 28.0 115.0
15 9 94.0 44.0
4 70 39.0 43.0
70 28 9.0 141.0
78 13 116.0 199.0
15 22 197.0 27.0
36 13 158.0 129.0
43 57 158.0 57.0
76 13 169.0 186.0
28 23 190.0 64.0
12 20 72.0 181.0
47 43 155.0 82.0
1 6 101.0 71.0
55 51 42.0 50.0
16 4 129.0 0.0
21 1 174.0 88.0
31 75 129.0 144.0
18 41 140.0 119.0
60 61 18.0 13.0
56 8 141.0 173.0
41 46 135.0 194.0
48 6 174.0 177.0
17 50 76.0 104.0
17 6 169.0 2.0
59 27 27.0 98.0
19 50 78.0 120.0
62 54 148.0 96.0
13 30 12.0 90.0
27 37 66.0 99.0
74 29 162.0 40.0
79 17 97.0 38.0
5 10 59.0 66.0
60 77 197.0 86.0
78 79 58.0 75.0
52 4 175.0 7.0
66 50 163.0 188.0
38 40 71.0 181.0
69 15 26.0 33.0
4 12 111.0 123.0
56 22 154.0 170.0
50 49 46.0 104.0
48 12 10.0 56.0
16 56 152.0 186.0
25 7 102.0 67.0
46 50 33.0 125.0
16 71 45.0 11.0
14 55 148.0 156.0
28 39 36.0 55.0
8 40 6.0 82.0
3 52 49.0 168.0
27 75 123.0 1.0
19 4 150.0 177.0
31 63 197.0 135.0
53 68 97.0 42.0
74 72 13.0 197.0
2 12 68.0 49.0
4 45 6.0 74.0
7 4 81.0 55.0
13 2 134.0 156.0
71 14 52.0 84.0
20 3 199.0 49.0
31 44 104.0 96.0
35 7 24.0 117.0
51 79 14.0 92.0
15 10 129.0 172.0
6 12 63.0 163.0
29 80 170.0 197.0
14 74 40.0 174.0
6 24 75.0 40.0
68 9 13.0 131.0
47 41 137.0 37.0
3 19 73.0 151.0
74 36 67.0 3.0
55 79 195.0 82.0
78 41 90.0 165.0
66 61 70.0 83.0
36 76 134.0 98.0
6 18 2.0 148.0
31 18 101.0 139.0
12 11 76.0 174.0
20 6 171.0 143.0
16 6 37.0 118.0
19 77 75.0 79.0
7 17 43.0 146.0
38 5 153.0 130.0
26 79 7.0 107.0
48 47 139.0 108.0
9 36 5.0 15.0
16 5 164.0 128.0
10 48 99.0 153.0
44 73 11.0 174.0
13 12 136.0 6.0
77 17 94.0 41.0
15 29 134.0 101.0
75 11 82.0 25.0
11 16 113.0 39.0
15 7 144.0 29.0
16 23 50.0 43.0
48 59 114.0 61.0
51 28 159.0 50.0
77 13 170.0 53.0
41 35 187.0 104.0
77 2 113.0 21.0
75 62 177.0 27.0
13 10 196.0 122.0
72 46 158.0 46.0
22 1 26.0 24.0
79 35 34.0 137.0
79 31 111.0 157.0
17 14 165.0 98.0
16 80 169.0 30.0
61 50 161.0 98.0
19 61 9.0 157.0
59 76 25.0 119.0
47 24 45.0 3.0
10 21 88.0 31.0
3 29 131.0 199.0
43 58 49.0 96.0
9 39 101.0 18.0
9 77 106.0 62.0
10 53 179.0 67.0
80 67 46.0 4.0
42 1 50.0 91.0
21 3 135.0 90.0
64 10 17.0 66.0
19 75 59.0 66.0
8 13 80.0 160.0
33 15 193.0 138.0
9 4 178.0 124.0
24 50 176.0 24.0
50 28 141.0 27.0
62 78 4.0 76.0
40 23 97.0 21.0
17 40 1.0 156.0
76 69 28.0 81.0
1 9 93.0 173.0
4 18 73.0 71.0
20 8 20.0 1.0
5 20 8.0 113.0
59 71 9.0 12.0
45 67 93.0 58.0
26 48 101.0 94.0
36 8 30.0 81.0
20 7 29.0 124.0
25 68 35.0 54.0
76 56 61.0 7.0
37 42 86.0 69.0
32 75 147.0 47.0
13 26 197.0 40.0
73 7 60.0 50.0
15 44 65.0 90.0
51 47 146.0 46.0
67 53 61.0 134.0
61 22 96.0 74.0
63 57 125.0 134.0
51 62 54.0 73.0
39 34 111.0 51.0
41 15 166.0 123.0
58 46 179.0 183.0
13 63 198.0 78.0
2 15 94.0 11.0
11 5 16.0 142.0
14 29 15.0 93.0
10 7 0.0 69.0
41 34 32.0 63.0
8 16 16.0 150.0
17 10 35.0 148.0
28 27 102.0 33.0
39 77 191.0 196.0
35 12 167.0 159.0
19 7 81.0 183.0
60 13 51.0 81.0
46 65 4.0 35.0
10 16 185.0 173.0
24 42 90.0 21.0
68 7 185.0 144.0
3 8 37.0 128.0
25 41 103.0 156.0
46 20 16.0 136.0
65 18 21.0 20.0
9 16 147.0 178.0
26 32 120.0 133.0
19 8 171.0 10.0
41 36 163.0 108.0
1 37 184.0 152.0
29 70 73.0 39.0
41 57 144.0 90.0
26 63 59.0 118.0
5 14 14.0 6.0
48 52 71.0 134.0
6 58 6.0 42.0
45 71 4.0 121.0
22 4 167.0 188.0
21 4 135.0 192.0
36 35 101.0 32.0
17 71 166.0 112.0
7 31 45.0 132.0
3 60 7.0 116.0
37 79 120.0 165.0
21 80 150.0 124.0
26 65 0.0 117.0
44 23 151.0 87.0
9 32 145.0 52.0
22 37 19.0 63.0
67 76 100.0 64.0
55 61 82.0 60.0
11 66 102.0 2.0
13 9 81.0 53.0
55 3 90.0 33.0
25 2 185.0 41.0
33 46 166.0 130.0
5 19 99.0 185.0
13 51 59.0 152.0
18 10 25.0 141.0
70 57 6.0 127.0
47 53 21.0 87.0
56 2 191.0 111.0
23 1 138.0 176.0
70 59 62.0 104.0
44 11 96.0 113.0
13 66 26.0 155.0
70 9 19.0 3.0
65 44 71.0 25.0
15 11 70.0 44.0
18 28 83.0 62.0
3 25 112.0 22.0
50 47 52.0 126.0
9 72 60.0 100.0
24 4 86.0 39.0
57 3 0.0 57.0
46 75 93.0 71.0
26 1 188.0 163.0
23 58 185.0 72.0
49 55 169.0 49.0
53 16 141.0 21.0
8 35 176.0 153.0
2 65 137.0 14.0
68 73 64.0 138.0
67 42 157.0 157.0
23 5 3.0 98.0
3 23 170.0 141.0
49 71 140.0 139.0
39 74 85.0 33.0
28 68 20.0 13.0
52 28 70.0 158.0
8 6 158.0 87.0
2 37 142.0 67.0
70 78 24.0 146.0
9 17 7.0 146.0
30 39 147.0 100.0
32 14 90.0 184.0
1 78 4.0 62.0
58 61 76.0 26.0
21 34 134.0 186.0
71 7 131.0 76.0
11 2 115.0 107.0
54 55 43.0 122.0
12 14 195.0 142.0
29 8 28.0 37.0
17 11 53.0 184.0
41 12 92.0 82.0
77 61 138.0 26.0
67 64 102.0 70.0
78 10 43.0 17.0
64 52 75.0 86.0
19 9 174.0 70.0
20 28 136.0 2.0
8 60 79.0 141.0
71 64 178.0 123.0
24 5 22.0 117.0
78 20 186.0 124.0
29 22 52.0 29.0
21 8 99.0 79.0
17 31 155.0 73.0
24 3 168.0 43.0
79 66 68.0 199.0
1 76 4.0 47.0
27 2 134.0 27.0
16 64 123.0 120.0
6 31 30.0 175.0
9 7 65.0 81.0
11 18 118.0 173.0
54 49 52.0 39.0
8 18 114.0 72.0
66 32 42.0 70.0
28 10 42.0 128.0
74 50 150.0 166.0
32 62 168.0 132.0
29 54 57.0 186.0
13 14 52.0 176.0
18 7 33.0 104.0
46 10 71.0 99.0
41 10 188.0 65.0
52 75 76.0 30.0
44 69 146.0 26.0
3 39 190.0 66.0
44 13 42.0 0.0
4 57 91.0 94.0
64 32 100.0 76.0
73 16 32.0 123.0
12 18 67.0 172.0
64 36 178.0 143.0
9 5 145.0 124.0
72 31 154.0 88.0
44 49 158.0 196.0
22 3 111.0 49.0
67 78 178.0 11.0
13 16 101.0 10.0
5 8 59.0 168.0
51 25 193.0 189.0
26 34 17.0 91.0
16 12 50.0 123.0
13 11 139.0 9.0
76 51 61.0 50.0
1 25 92.0 191.0
61 34 176.0 193.0
49 35 178.0 35.0
59 65 163.0 124.0
50 48 145.0 132.0
59 57 21.0 147.0
49 37 43.0 160.0
1 24 7.0 56.0
16 48 76.0 51.0
33 6 41.0 52.0
72 49 89.0 19.0
26 3 154.0 4.0
63 58 160.0 51.0
18 14 25.0 181.0
36 54 74.0 20.0
56 37 31.0 33.0
36 5 27.0 107.0
42 80 192.0 68.0
80 41 16.0 33.0
56 39 198.0 170.0
48 54 24.0 110.0
52 45 78.0 49.0
5 18 193.0 104.0
2 17 172.0 24.0
55 4 55.0 151.0
14 10 146.0 0.0
5 34 99.0 162.0
6 9 102.0 49.0
58 33 28.0 126.0
27 5 45.0 59.0
37 4 93.0 190.0
22 7 75.0 17.0
10 50 44.0 82.0
14 43 57.0 142.0
29 65 91.0 108.0
9 21 45.0 194.0
63 33 130.0 25.0
41 45 196.0 175.0
1 47 101.0 42.0
20 11 134.0 128.0
61 43 73.0 130.0
6 73 113.0 82.0
6 23 116.0 156.0
54 63 75.0 113.0
48 19 127.0 157.0
1 12 127.0 75.0
51 38 135.0 180.0
18 69 157.0 21.0
31 32 67.0 183.0
56 18 103.0 132.0
41 42 13.0 19.0
10 9 22.0 40.0
55 30 101.0 149.0
35 66 36.0 28.0
23 9 71.0 171.0
7 23 91.0 181.0
48 45 22.0 158.0
10 3 94.0 125.0
45 17 179.0 59.0
21 53 155.0 2.0
18 1 35.0 56.0
9 38 23.0 72.0
46 36 114.0 94.0
21 76 187.0 5.0
72 36 125.0 162.0
71 80 146.0 171.0
49 31 20.0 78.0
22 2 36.0 175.0
31 2 16.0 71.0
22 64 18.0 39.0
19 1 31.0 84.0
8 22 56.0 170.0
26 5 67.0 133.0
5 25 12.0 166.0
6 4 121.0 32.0
37 41 11.0 157.0
10 23 69.0 179.0
11 3 15.0 87.0
49 13 121.0 46.0
6 14 122.0 177.0
14 72 177.0 142.0
48 29 54.0 189.0
15 13 180.0 128.0
7 46 182.0 143.0
28 3 191.0 51.0
54 11 101.0 6.0
4 28 180.0 174.0
55 65 27.0 102.0
2 8 134.0 5.0
65 27 56.0 141.0
41 30 6.0 188.0
75 53 21.0 140.0
16 24 100.0 12.0
35 51 0.0 154.0
16 1 149.0 180.0
65 4 151.0 177.0
8 63 184.0 38.0
41 60 153.0 40.0
9 30 154.0 111.0
34 13 120.0 175.0
36 20 181.0 172.0
71 47 37.0 182.0
28 6 143.0 187.0
46 37 125.0 47.0
51 6 130.0 109.0
7 24 64.0 83.0
3 76 195.0 18.0
40 27 194.0 115.0
78 9 99.0 176.0
4 27 125.0 137.0
73 37 118.0 21.0
73 61 42.0 195.0
6 26 121.0 172.0
78 49 40.0 137.0
76 68 154.0 187.0
4 26 43.0 148.0
64 77 61.0 94.0
27 72 59.0 139.0
60 33 51.0 177.0
13 53 189.0 45.0
29 19 185.0 62.0
28 2 133.0 177.0
59 46 64.0 87.0
25 4 163.0 107.0
57 34 2.0 176.0
58 68 196.0 61.0
20 31 63.0 0.0
35 6 94.0 52.0
56 75 193.0 80.0
66 18 124.0 78.0
15 38 194.0 188.0
66 8 121.0 109.0
73 47 89.0 75.0
34 18 85.0 86.0
80 47 194.0 148.0
52 2 147.0 88.0
28 41 85.0 92.0
2 21 104.0 9.0
17 15 145.0 99.0
69 49 100.0 18.0
47 55 152.0 190.0
72 69 62.0 37.0
67 26 197.0 56.0
59 58 6.0 96.0
50 22 99.0 43.0
33 13 152.0 156.0
74 16 53.0 98.0
16 77 14.0 105.0
16 14 193.0 166.0
20 14 141.0 56.0
61 25 31.0 91.0
34 20 83.0 189.0
41 33 192.0 134.0
77 51 141.0 145.0
8 25 65.0 194.0
72 60 74.0 79.0
10 25 174.0 67.0
33 36 44.0 68.0
61 80 5.0 75.0
51 17 131.0 40.0
23 8 84.0 75.0
18 13 115.0 25.0
8 52 31.0 180.0
4 30 122.0 105.0
3 27 160.0 96.0
20 13 92.0 156.0
28 65 78.0 97.0
1 59 49.0 9.0
26 77 82.0 85.0
29 4 128.0 197.0
67 50 9.0 159.0
53 25 100.0 83.0
22 13 141.0 12.0
19 15 76.0 33.0
66 43 105.0 154.0
21 36 37.0 106.0
16 15 160.0 120.0
48 70 193.0 41.0
72 41 43.0 155.0
18 39 158.0 144.0
14 19 19.0 99.0
70 13 134.0 47.0
55 2 187.0 192.0
69 59 19.0 24.0
43 17 1.0 132.0
39 54 69.0 195.0
46 63 142.0 112.0
53 9 63.0 100.0
30 32 98.0 34.0
76 34 2.0 185.0
67 18 54.0 141.0
76 38 70.0 73.0
1 29 132.0 71.0
27 6 56.0 153.0
41 66 13.0 198.0
27 12 95.0 28.0
75 55 190.0 193.0
10 20 33.0 144.0
68 6 183.0 87.0
43 73 168.0 5.0
31 37 0.0 52.0
20 4 15.0 8.0
9 18 49.0 180.0
13 17 116.0 96.0
1 7 173.0 58.0
53 43 79.0 158.0
80 38 194.0 14.0
63 60 132.0 162.0
17 8 143.0 84.0
45 54 147.0 110.0
15 12 14.0 148.0
44 45 130.0 130.0
47 30 10.0 55.0
24 55 183.0 89.0
44 17 25.0 177.0
34 1 123.0 109.0
27 8 183.0 66.0
80 18 91.0 82.0
11 25 175.0 57.0
5 31 65.0 105.0
49 42 72.0 75.0
48 78 42.0 7.0
14 65 0.0 68.0
17 12 86.0 124.0
4 63 162.0 21.0
19 16 43.0 5.0
22 6 66.0 19.0
43 45 82.0 131.0
19 17 116.0 154.0
77 34 49.0 159.0
18 20 125.0 49.0
29 6 184.0 163.0
69 57 139.0 98.0
72 17 78.0 183.0
71 35 72.0 96.0
31 68 68.0 107.0
1 27 14.0 136.0
48 8 176.0 15.0
13 23 39.0 101.0
6 30 162.0 23.0
33 74 96.0 54.0
10 70 0.0 174.0
15 18 173.0 24.0
50 12 188.0 193.0
21 7 72.0 154.0
5 21 60.0 48.0
20 23 33.0 99.0
31 35 175.0 196.0
28 11 29.0 71.0
32 78 134.0 29.0
19 11 68.0 107.0
18 54 34.0 8.0
56 36 16.0 58.0
15 21 176.0 76.0
1 48 31.0 9.0
2 38 149.0 6.0
28 9 150.0 178.0
67 40 93.0 84.0
45 65 53.0 113.0
70 75 84.0 87.0
30 26 26.0 52.0
5 50 116.0 154.0
22 12 10.0 99.0
5 29 80.0 159.0
55 50 160.0 183.0
41 20 116.0 5.0
4 32 64.0 170.0
58 10 86.0 100.0
68 34 63.0 64.0
35 59 90.0 179.0
8 28 54.0 100.0
17 52 23.0 87.0
53 71 52.0 135.0
10 54 5.0 121.0
13 19 13.0 69.0
35 1 111.0 99.0
19 18 109.0 126.0
1 28 66.0 151.0
50 53 177.0 121.0
56 1 20.0 152.0
71 9 71.0 72.0
14 26 49.0 28.0
29 51 193.0 14.0
11 24 47.0 56.0
21 64 113.0 108.0
24 10 82.0 179.0
24 13 79.0 11.0
13 45 194.0 99.0
1 8 89.0 66.0
62 47 9.0 90.0
17 65 68.0 2.0
33 2 149.0 67.0
27 56 139.0 14.0
76 74 98.0 173.0
9 25 10.0 129.0
21 17 56.0 157.0
17 56 77.0 145.0
22 36 118.0 86.0
20 42 60.0 138.0
8 7 150.0 161.0
19 12 120.0 41.0
42 7 119.0 171.0
17 16 155.0 81.0
24 14 89.0 11.0
14 70 35.0 118.0
57 45 36.0 105.0
22 16 1.0 48.0
34 11 87.0 103.0
2 36 58.0 7.0
22 14 165.0 129.0
64 4 16.0 120.0
42 4 167.0 57.0
35 2 41.0 154.0
29 9 81.0 29.0
47 78 160.0 34.0
40 59 177.0 199.0
75 7 97.0 35.0
10 38 72.0 62.0
30 5 33.0 40.0
32 6 114.0 0.0
25 67 107.0 155.0
12 23 124.0 140.0
54 56 53.0 36.0
34 36 147.0 182.0
14 25 82.0 196.0
7 59 166.0 106.0
2 32 66.0 152.0
39 2 171.0 180.0
9 26 128.0 31.0
24 52 36.0 4.0
12 24 11.0 41.0
28 24 21.0 111.0
74 68 31.0 55.0
79 3 62.0 198.0
29 63 56.0 80.0
55 21 17.0 27.0
20 59 122.0 98.0
31 23 176.0 111.0
16 21 122.0 188.0
4 23 73.0 95.0
79 72 76.0 104.0
74 15 173.0 91.0
77 52 163.0 29.0
25 58 83.0 180.0
68 39 97.0 158.0
14 30 28.0 26.0
14 47 53.0 102.0
19 21 175.0 126.0
62 72 166.0 4.0
38 56 194.0 139.0
27 10 2.0 157.0
19 10 45.0 86.0
15 20 101.0 143.0
30 7 38.0 81.0
36 1 56.0 44.0
21 6 138.0 183.0
8 31 191.0 56.0
43 37 101.0 185.0
78 15 95.0 103.0
24 22 103.0 140.0
26 76 2.0 4.0
29 78 195.0 193.0
46 78 162.0 3.0
8 68 113.0 53.0
8 30 9.0 104.0
18 42 174.0 110.0
56 46 118.0 21.0
68 35 44.0 22.0
30 59 58.0 47.0
9 33 93.0 5.0
13 21 188.0 7.0
17 24 122.0 101.0
43 46 179.0 131.0
7 28 181.0 154.0
40 56 18.0 52.0
13 27 191.0 62.0
77 62 124.0 1.0
46 39 34.0 169.0
39 1 115.0 23.0
23 15 111.0 38.0
43 50 128.0 43.0
44 78 74.0 62.0
3 30 166.0 92.0
13 67 0.0 109.0
9 22 125.0 125.0
61 7 188.0 160.0
31 10 117.0 55.0
52 6 93.0 180.0
56 64 130.0 174.0
13 29 49.0 156.0
7 33 98.0 167.0
35 37 26.0 98.0
11 56 110.0 152.0
15 25 101.0 50.0
32 27 162.0 18.0
32 72 118.0 56.0
3 31 99.0 0.0
59 77 24.0 100.0
45 68 111.0 122.0
56 13 185.0 137.0
69 2 122.0 95.0
18 23 8.0 23.0
5 35 107.0 171.0
26 28 23.0 26.0
29 10 179.0 122.0
64 23 139.0 155.0
42 38 88.0 2.0
3 18 149.0 73.0
14 42 191.0 23.0
20 80 175.0 199.0
34 43 90.0 82.0
70 21 110.0 113.0
40 29 174.0 41.0
3 37 4.0 113.0
25 16 27.0 92.0
9 79 93.0 176.0
72 73 162.0 36.0
27 14 144.0 137.0
71 12 12.0 186.0
4 36 71.0 122.0
40 77 2.0 45.0
33 31 138.0 158.0
27 51 186.0 117.0
1 4 111.0 32.0
33 10 148.0 73.0
32 1 167.0 44.0
15 31 166.0 131.0
3 34 121.0 189.0
42 35 34.0 75.0
13 28 123.0 124.0
1 38 156.0 61.0
79 54 36.0 20.0
17 25 170.0 136.0
28 14 94.0 89.0
44 21 197.0 12.0
67 2 147.0 71.0
36 67 131.0 133.0
1 33 16.0 54.0
3 77 41.0 124.0
2 57 75.0 77.0
23 46 102.0 198.0
3 32 62.0 148.0
61 1 38.0 59.0
2 51 148.0 185.0
38 32 9.0 79.0
41 7 35.0 177.0
35 62 67.0 76.0
71 26 44.0 143.0
71 22 169.0 146.0
19 20 192.0 31.0
18 2 119.0 30.0
27 15 2.0 67.0
80 19 71.0 163.0
34 7 42.0 106.0
34 15 143.0 110.0
40 46 110.0 187.0
67 6 78.0 79.0
20 16 137.0 71.0
32 5 29.0 8.0
62 68 12.0 183.0
7 27 14.0 84.0
47 23 80.0 57.0
20 21 116.0 175.0
5 44 22.0 178.0
49 10 132.0 100.0
22 19 128.0 21.0
1 40 150.0 109.0
58 14 135.0 163.0
25 13 78.0 150.0
62 40 18.0 110.0
79 46 154.0 135.0
2 34 49.0 176.0
36 29 98.0 181.0
17 18 33.0 178.0
25 49 42.0 183.0
62 59 172.0 177.0
2 40 39.0 50.0
71 1 20.0 57.0
79 33 46.0 174.0
11 31 85.0 47.0
12 21 35.0 135.0
24 75 167.0 68.0
43 12 183.0 161.0
71 20 47.0 107.0
51 39 161.0 86.0
71 57 68.0 181.0
41 69 50.0 67.0
30 12 141.0 135.0
23 19 30.0 176.0
25 12 139.0 149.0
24 20 198.0 74.0
15 26 124.0 197.0
12 37 162.0 37.0
17 20 172.0 182.0
35 4 89.0 23.0
29 71 115.0 31.0
16 27 118.0 97.0
45 39 52.0 9.0
30 44 63.0 2.0
66 80 156.0 188.0
36 58 119.0 70.0
34 4 27.0 92.0
7 76 26.0 117.0
18 21 111.0 141.0
60 31 15.0 181.0
70 72 50.0 67.0
35 22 139.0 114.0
12 26 8.0 48.0
8 37 180.0 128.0
8 32 82.0 159.0
40 69 16.0 60.0
5 39 140.0 79.0
25 22 133.0 107.0
7 29 78.0 184.0
37 11 169.0 170.0
57 19 39.0 130.0
26 16 164.0 171.0
5 37 173.0 198.0
32 11 192.0 141.0
5 22 109.0 84.0
43 72 86.0 194.0
39 11 115.0 164.0
15 28 188.0 36.0
11 27 145.0 180.0
49 64 62.0 61.0
28 12 50.0 35.0
22 58 186.0 42.0
7 39 32.0 95.0
70 2 188.0 118.0
26 7 104.0 55.0
58 44 73.0 93.0
3 35 90.0 18.0
41 40 67.0 153.0
32 12 112.0 117.0
3 40 67.0 50.0
9 35 58.0 99.0
13 32 110.0 198.0
61 54 69.0 15.0
50 21 11.0 142.0
78 34 117.0 101.0
5 40 35.0 184.0
28 54 64.0 99.0
37 70 105.0 132.0
47 32 184.0 116.0
20 25 101.0 95.0
73 23 121.0 122.0
37 6 159.0 132.0
10 34 74.0 28.0
33 54 139.0 109.0
59 9 87.0 3.0
26 20 155.0 192.0
32 21 72.0 139.0
3 38 151.0 125.0
57 8 170.0 72.0
56 5 145.0 81.0
70 71 181.0 171.0
26 21 45.0 120.0
6 39 101.0 132.0
44 38 186.0 56.0
10 76 16.0 58.0
63 64 30.0 167.0
23 72 198.0 1.0
76 35 137.0 95.0
8 34 171.0 70.0
51 72 42.0 17.0
20 30 134.0 143.0
21 22 68.0 121.0
35 60 176.0 36.0
76 77 49.0 159.0
68 1 95.0 47.0
67 55 43.0 32.0
33 23 162.0 14.0
25 21 16.0 4.0
54 68 63.0 151.0
59 73 93.0 131.0
52 49 118.0 21.0
45 21 71.0 168.0
53 48 39.0 118.0
35 10 126.0 34.0
6 49 2.0 89.0
73 46 117.0 19.0
66 51 43.0 180.0
17 29 45.0 88.0
73 71 156.0 116.0
30 15 87.0 179.0
44 19 17.0 78.0
1 73 5.0 96.0
38 8 192.0 8.0
42 5 127.0 109.0
7 32 143.0 123.0
29 18 186.0 140.0
74 17 116.0 94.0
8 33 48.0 3.0
44 42 76.0 65.0
21 23 105.0 81.0
19 42 33.0 50.0
53 72 121.0 112.0
22 26 59.0 16.0
23 24 120.0 197.0
46 12 58.0 188.0
38 64 192.0 106.0
57 44 121.0 68.0
78 63 135.0 27.0
56 30 68.0 120.0
7 36 46.0 141.0
36 10 67.0 105.0
68 24 32.0 140.0
36 11 15.0 42.0
33 29 48.0 160.0
10 32 61.0 170.0
35 70 82.0 148.0
51 70 22.0 150.0
4 33 122.0 68.0
74 7 172.0 190.0
62 3 79.0 5.0
51 40 34.0 95.0
69 48 124.0 83.0
28 19 22.0 185.0
38 7 188.0 104.0
19 26 8.0 10.0
42 32 155.0 83.0
38 66 90.0 79.0
14 33 117.0 169.0
18 26 184.0 104.0
30 16 163.0 60.0
65 6 2.0 185.0
43 2 37.0 190.0
40 33 0.0 197.0
64 41 92.0 107.0
26 68 12.0 134.0
64 25 59.0 82.0
33 27 48.0 195.0
11 33 21.0 11.0
53 69 135.0 175.0
17 22 140.0 124.0
70 42 53.0 92.0
36 6 59.0 97.0
20 33 162.0 24.0
9 27 112.0 174.0
7 37 169.0 160.0
18 52 181.0 190.0
5 43 12.0 116.0
3 73 103.0 104.0
67 38 20.0 156.0
70 7 88.0 79.0
71 24 78.0 2.0
2 49 5.0 190.0
51 24 27.0 126.0
75 69 98.0 8.0
66 78 19.0 62.0
12 29 87.0 123.0
2 46 65.0 107.0
78 28 27.0 105.0
14 23 156.0 105.0
69 9 38.0 161.0
18 24 177.0 17.0
27 20 94.0 27.0
47 11 28.0 113.0
31 14 125.0 115.0
29 56 105.0 142.0
38 6 156.0 85.0
59 63 198.0 112.0
71 67 93.0 188.0
67 46 126.0 71.0
11 30 141.0 20.0
22 20 149.0 121.0
44 3 142.0 74.0
24 15 78.0 48.0
38 11 74.0 34.0
27 18 18.0 72.0
38 22 95.0 63.0
4 38 153.0 21.0
18 43 77.0 47.0
35 14 2.0 27.0
78 14 121.0 145.0
31 66 37.0 151.0
31 19 57.0 111.0
35 15 66.0 27.0
30 52 167.0 161.0
43 7 114.0 73.0
57 1 56.0 144.0
3 45 198.0 59.0
9 37 198.0 71.0
24 21 131.0 36.0
50 1 102.0 140.0
76 9 184.0 168.0
12 42 188.0 104.0
24 58 192.0 55.0
58 32 137.0 48.0
75 60 50.0 87.0
16 40 116.0 49.0
4 31 47.0 199.0
16 29 20.0 149.0
29 20 71.0 156.0
71 21 165.0 11.0
47 4 134.0 157.0
41 5 43.0 24.0
18 72 33.0 94.0
63 16 156.0 101.0
21 62 116.0 155.0
25 24 53.0 136.0
29 11 27.0 124.0
34 16 143.0 193.0
27 23 75.0 29.0
13 54 182.0 119.0
3 47 139.0 167.0
61 69 192.0 48.0
2 76 114.0 108.0
53 46 89.0 167.0
11 52 195.0 117.0
41 8 85.0 138.0
27 22 129.0 160.0
54 72 90.0 111.0
6 44 8.0 182.0
22 23 20.0 0.0
12 34 101.0 134.0
45 2 148.0 191.0
11 35 124.0 95.0
3 75 190.0 161.0
41 11 79.0 119.0
66 23 54.0 122.0
53 17 111.0 62.0
32 18 127.0 131.0
8 39 182.0 29.0
40 13 65.0 82.0
31 16 106.0 141.0
44 24 69.0 48.0
10 37 34.0 149.0
3 43 67.0 40.0
25 23 69.0 130.0
47 5 146.0 196.0
4 43 150.0 80.0
36 15 133.0 167.0
12 69 55.0 191.0
44 41 92.0 76.0
32 19 14.0 79.0
36 14 79.0 81.0
55 12 196.0 148.0
1 44 55.0 94.0
35 47 176.0 157.0
44 4 132.0 109.0
25 62 100.0 139.0
13 38 53.0 192.0
74 64 145.0 19.0
29 21 21.0 25.0
6 45 41.0 18.0
15 65 49.0 96.0
42 6 31.0 25.0
26 25 113.0 115.0
28 55 32.0 13.0
63 79 167.0 85.0
12 33 28.0 112.0
79 10 174.0 50.0
8 61 141.0 15.0
35 17 75.0 142.0
34 14 197.0 59.0
55 15 193.0 111.0
22 77 3.0 26.0
27 64 120.0 122.0
9 67 78.0 148.0
29 31 195.0 53.0
40 6 7.0 88.0
53 32 0.0 34.0
17 34 4.0 198.0
69 62 49.0 198.0
58 17 76.0 4.0
80 7 160.0 196.0
44 7 92.0 38.0
40 4 121.0 39.0
33 49 196.0 128.0
80 44 109.0 196.0
49 75 76.0 114.0
10 42 145.0 125.0
21 27 79.0 173.0
80 2 24.0 39.0
45 8 168.0 116.0
74 69 137.0 90.0
32 17 147.0 133.0
54 43 142.0 56.0
69 43 36.0 170.0
41 4 178.0 133.0
4 48 89.0 10.0
68 50 196.0 113.0
72 22 105.0 165.0
42 48 77.0 194.0
58 9 63.0 176.0
3 74 190.0 157.0
68 48 46.0 26.0
56 80 57.0 24.0
2 47 44.0 146.0
37 52 67.0 41.0
25 79 138.0 172.0
46 8 94.0 15.0
48 33 161.0 157.0
58 75 84.0 151.0
5 46 121.0 82.0
42 68 59.0 178.0
40 12 129.0 103.0
40 10 136.0 197.0
16 33 123.0 74.0
41 2 39.0 18.0
23 30 114.0 0.0
3 65 188.0 199.0
9 42 75.0 109.0
21 41 34.0 134.0
8 42 60.0 115.0
79 73 45.0 196.0
45 5 178.0 120.0
56 59 1.0 18.0
67 51 60.0 115.0
35 27 60.0 48.0
61 78 192.0 136.0
70 63 18.0 26.0
37 16 155.0 78.0
40 7 144.0 152.0
36 12 15.0 123.0
43 9 29.0 16.0
43 6 138.0 89.0
22 30 2.0 198.0
79 47 148.0 195.0
4 46 25.0 118.0
3 48 74.0 180.0
55 13 126.0 18.0
46 14 168.0 141.0
27 31 50.0 149.0
5 48 96.0 188.0
45 7 77.0 99.0
2 42 86.0 177.0
16 36 87.0 111.0
2 48 169.0 161.0
23 29 133.0 95.0
43 11 11.0 53.0
20 43 45.0 61.0
30 19 23.0 93.0
61 65 165.0 101.0
30 25 10.0 51.0
30 21 169.0 97.0
79 11 135.0 139.0
36 19 118.0 20.0
64 35 74.0 82.0
29 64 173.0 119.0
32 16 37.0 196.0
30 50 100.0 2.0
9 44 158.0 62.0
25 28 78.0 127.0
2 50 62.0 165.0
46 66 28.0 181.0
52 56 40.0 55.0
71 55 7.0 165.0
39 4 49.0 44.0
39 12 195.0 101.0
14 37 123.0 153.0
6 47 43.0 1.0
37 15 56.0 57.0
20 32 115.0 36.0
52 1 116.0 107.0
55 1 157.0 123.0
26 41 148.0 158.0
33 19 74.0 95.0
63 1 96.0 149.0
74 63 36.0 91.0
17 37 123.0 44.0
13 39 145.0 190.0
49 4 94.0 61.0
10 57 155.0 3.0
17 75 127.0 55.0
22 28 148.0 153.0
9 41 88.0 44.0
51 4 128.0 76.0
35 16 176.0 3.0
32 23 181.0 121.0
3 50 165.0 27.0
32 63 79.0 120.0
57 48 22.0 158.0
17 36 86.0 122.0
25 31 73.0 126.0
29 24 43.0 1.0
49 3 180.0 20.0
45 10 194.0 113.0
69 13 51.0 159.0
76 72 123.0 82.0
72 2 93.0 97.0
65 60 22.0 131.0
24 32 144.0 95.0
14 50 88.0 188.0
55 9 157.0 21.0
54 47 33.0 103.0
10 44 6.0 36.0
39 16 109.0 81.0
1 41 16.0 155.0
33 22 136.0 38.0
17 55 109.0 81.0
24 30 189.0 150.0
49 8 82.0 98.0
50 4 188.0 68.0
29 26 15.0 146.0
49 7 135.0 124.0
48 80 5.0 152.0
22 34 14.0 142.0
47 9 11.0 76.0
5 67 25.0 152.0
31 26 158.0 59.0
53 8 68.0 147.0
41 14 7.0 83.0
12 38 32.0 95.0
32 40 61.0 38.0
47 8 18.0 28.0
27 29 103.0 181.0
51 15 79.0 80.0
3 54 36.0 37.0
68 17 51.0 57.0
55 53 7.0 10.0
53 26 196.0 192.0
65 71 46.0 57.0
75 6 173.0 16.0
70 38 71.0 28.0
52 29 68.0 102.0
19 24 66.0 56.0
29 34 114.0 117.0
26 8 10.0 74.0
66 67 90.0 158.0
9 57 162.0 136.0
14 73 43.0 87.0
62 76 185.0 66.0
46 6 70.0 53.0
32 22 41.0 89.0
16 79 133.0 108.0
34 23 24.0 95.0
49 15 96.0 114.0
2 53 75.0 10.0
45 9 7.0 118.0
27 24 187.0 144.0
7 51 119.0 57.0
60 59 34.0 112.0
58 21 95.0 167.0
35 63 2.0 119.0
29 66 90.0 50.0
68 21 45.0 166.0
41 17 121.0 5.0
40 14 31.0 108.0
60 39 158.0 102.0
26 23 25.0 192.0
60 32 94.0 121.0
25 29 194.0 96.0
19 60 117.0 36.0
48 9 69.0 163.0
16 42 12.0 190.0
50 7 120.0 196.0
14 15 89.0 78.0
38 16 109.0 115.0
10 47 11.0 3.0
41 16 6.0 157.0
12 47 110.0 76.0
77 32 187.0 131.0
72 34 132.0 151.0
77 28 197.0 53.0
19 35 167.0 87.0
25 33 191.0 76.0
43 13 170.0 2.0
42 15 185.0 129.0
35 21 5.0 47.0
37 19 59.0 192.0
53 24 128.0 191.0
36 18 193.0 78.0
28 31 186.0 112.0
40 20 13.0 177.0
50 9 7.0 183.0
36 65 52.0 193.0
22 41 17.0 57.0
23 11 175.0 28.0
30 28 140.0 55.0
2 54 48.0 85.0
17 38 73.0 34.0
38 21 111.0 86.0
49 63 195.0 118.0
47 64 108.0 48.0
57 18 27.0 77.0
20 67 156.0 2.0
79 18 46.0 96.0
64 62 145.0 95.0
50 6 69.0 19.0
78 18 197.0 132.0
4 54 118.0 193.0
45 12 122.0 26.0
51 16 61.0 149.0
31 21 191.0 17.0
33 26 55.0 38.0
43 16 129.0 1.0
46 3 116.0 150.0
41 13 109.0 113.0
44 16 150.0 179.0
52 46 102.0 72.0
19 34 126.0 163.0
52 5 189.0 117.0
39 76 197.0 196.0
20 38 7.0 78.0
39 15 103.0 123.0
13 46 146.0 164.0
48 24 98.0 97.0
21 42 112.0 0.0
5 54 123.0 38.0
35 26 199.0 112.0
11 46 104.0 196.0
39 20 132.0 63.0
18 40 68.0 187.0
13 42 125.0 15.0
32 29 194.0 24.0
35 24 32.0 58.0
53 58 93.0 108.0
10 43 68.0 93.0
3 2 92.0 124.0
50 8 74.0 176.0
10 51 156.0 143.0
60 1 160.0 33.0
55 18 63.0 106.0
11 45 78.0 96.0
14 45 170.0 172.0
56 4 10.0 191.0
59 36 78.0 54.0
59 3 84.0 153.0
26 49 11.0 192.0
39 67 84.0 123.0
36 30 69.0 147.0
66 76 111.0 100.0
72 25 80.0 81.0
1 54 51.0 42.0
69 17 195.0 130.0
79 76 175.0 31.0
6 53 193.0 138.0
43 62 37.0 29.0
23 35 139.0 59.0
37 80 27.0 50.0
55 5 176.0 59.0
45 62 144.0 179.0
47 16 27.0 91.0
2 59 179.0 2.0
20 61 101.0 172.0
74 42 195.0 90.0
51 30 158.0 135.0
5 53 195.0 185.0
56 6 26.0 171.0
19 64 48.0 170.0
53 15 109.0 75.0
58 31 188.0 88.0
3 58 76.0 41.0
55 52 96.0 23.0
2 71 141.0 54.0
54 7 117.0 137.0
70 61 39.0 143.0
44 27 176.0 87.0
19 41 169.0 37.0
66 6 67.0 157.0
36 23 153.0 95.0
42 40 162.0 1.0
62 17 29.0 56.0
1 74 141.0 147.0
9 52 169.0 180.0
20 37 92.0 145.0
56 55 32.0 61.0
60 11 198.0 51.0
24 36 2.0 103.0
59 25 199.0 116.0
73 13 112.0 29.0
19 25 171.0 5.0
15 40 183.0 140.0
45 18 141.0 75.0
52 50 30.0 125.0
7 48 132.0 180.0
26 2 93.0 86.0
15 47 52.0 93.0
9 54 92.0 117.0
35 43 28.0 63.0
47 13 66.0 163.0
48 13 163.0 159.0
10 4 91.0 146.0
22 79 136.0 175.0
11 51 54.0 30.0
59 4 39.0 58.0
15 48 55.0 83.0
43 68 62.0 83.0
4 53 47.0 81.0
39 41 70.0 162.0
37 26 138.0 113.0
60 10 53.0 26.0
26 36 14.0 107.0
12 78 32.0 5.0
21 39 47.0 87.0
37 21 42.0 109.0
24 34 160.0 89.0
64 53 60.0 30.0
33 24 51.0 150.0
33 57 135.0 104.0
43 15 68.0 101.0
3 51 126.0 101.0
34 30 88.0 125.0
46 17 185.0 130.0
2 61 64.0 145.0
25 48 88.0 76.0
7 56 55.0 140.0
35 77 91.0 142.0
3 56 193.0 160.0
10 52 3.0 71.0
34 37 169.0 43.0
1 53 63.0 154.0
28 36 121.0 127.0
40 22 2.0 10.0
22 63 88.0 58.0
49 12 162.0 179.0
5 58 51.0 107.0
58 2 10.0 54.0
79 58 13.0 131.0
12 44 72.0 76.0
58 77 117.0 146.0
25 40 93.0 71.0
51 42 12.0 181.0
75 73 30.0 175.0
45 35 60.0 82.0
58 4 43.0 22.0
19 74 113.0 56.0
9 51 128.0 137.0
30 1 152.0 197.0
24 41 153.0 45.0
23 59 136.0 166.0
4 62 199.0 119.0
39 25 140.0 11.0
40 21 131.0 184.0
23 41 130.0 196.0
37 25 118.0 11.0
2 60 9.0 23.0
22 69 84.0 114.0
27 38 42.0 20.0
42 23 149.0 193.0
57 6 86.0 41.0
39 58 130.0 17.0
11 53 199.0 60.0
61 32 69.0 70.0
40 24 165.0 30.0
42 26 112.0 49.0
4 60 199.0 106.0
34 60 6.0 100.0
1 58 46.0 44.0
55 7 145.0 176.0
36 27 79.0 144.0
22 42 44.0 149.0
38 24 21.0 162.0
49 17 102.0 85.0
30 35 99.0 101.0
33 28 99.0 57.0
6 59 69.0 146.0
41 3 94.0 14.0
8 58 172.0 173.0
46 35 185.0 168.0
62 2 82.0 158.0
55 44 79.0 184.0
36 38 79.0 130.0
71 28 189.0 130.0
23 39 3.0 58.0
72 66 62.0 97.0
57 23 13.0 186.0
55 10 55.0 150.0
38 29 83.0 89.0
73 67 139.0 115.0
38 26 158.0 170.0
34 62 73.0 147.0
19 47 32.0 76.0
3 61 70.0 47.0
19 45 197.0 36.0
21 59 130.0 4.0
18 46 151.0 13.0
72 1 87.0 90.0
9 49 111.0 45.0
7 57 195.0 136.0
22 44 36.0 28.0
11 76 38.0 58.0
61 15 153.0 187.0
26 64 184.0 83.0
70 49 60.0 135.0
50 58 7.0 147.0
71 25 56.0 70.0
35 29 190.0 4.0
52 65 62.0 26.0
3 53 71.0 52.0
52 12 116.0 176.0
16 52 124.0 100.0
13 50 141.0 185.0
37 45 59.0 148.0
70 11 117.0 115.0
57 72 148.0 107.0
48 17 18.0 10.0
13 52 53.0 90.0
15 67 190.0 169.0
39 22 90.0 66.0
2 9 76.0 183.0
32 34 69.0 135.0
16 50 29.0 186.0
67 7 82.0 177.0
20 45 53.0 100.0
46 19 8.0 58.0
2 63 191.0 150.0
58 7 112.0 33.0
53 57 60.0 189.0
37 28 152.0 129.0
12 53 58.0 133.0
67 32 149.0 140.0
39 27 156.0 3.0
48 22 0.0 117.0
53 7 193.0 143.0
5 61 161.0 106.0
34 28 43.0 21.0
76 24 107.0 147.0
61 4 189.0 165.0
2 64 146.0 138.0
5 60 88.0 54.0
66 1 100.0 40.0
72 64 179.0 93.0
80 32 103.0 92.0
11 57 26.0 98.0
48 11 92.0 133.0
35 32 173.0 81.0
68 52 108.0 71.0
26 47 124.0 149.0
61 6 40.0 24.0
3 63 84.0 172.0
31 36 123.0 140.0
15 50 51.0 149.0
32 36 66.0 95.0
37 29 191.0 39.0
60 6 165.0 52.0
30 74 38.0 41.0
55 66 19.0 31.0
15 76 107.0 104.0
48 18 102.0 31.0
24 43 22.0 153.0
40 26 51.0 40.0
17 42 29.0 195.0
64 40 84.0 146.0
65 68 198.0 74.0
53 66 187.0 18.0
61 75 32.0 46.0
31 78 56.0 86.0
51 32 129.0 31.0
62 5 122.0 132.0
64 80 198.0 151.0
39 59 182.0 82.0
46 38 90.0 181.0
26 43 27.0 29.0
66 36 47.0 59.0
55 11 115.0 55.0
28 38 33.0 44.0
9 60 13.0 155.0
45 24 86.0 12.0
54 12 194.0 21.0
17 33 18.0 36.0
23 43 130.0 45.0
61 17 45.0 177.0
6 62 193.0 112.0
72 77 133.0 178.0
42 25 93.0 146.0
39 31 52.0 179.0
56 9 160.0 198.0
35 75 11.0 130.0
59 5 192.0 141.0
3 64 136.0 37.0
29 39 78.0 82.0
30 33 95.0 11.0
27 70 90.0 140.0
14 56 177.0 94.0
73 54 179.0 89.0
48 61 179.0 190.0
28 45 131.0 171.0
55 8 113.0 67.0
63 62 73.0 191.0
38 30 12.0 120.0
53 14 36.0 54.0
14 69 157.0 165.0
42 47 121.0 88.0
7 62 126.0 100.0
35 33 173.0 57.0
49 21 46.0 87.0
68 3 44.0 119.0
31 38 153.0 56.0
53 31 137.0 189.0
59 8 100.0 95.0
73 24 91.0 173.0
47 34 33.0 17.0
5 64 127.0 7.0
24 39 32.0 173.0
26 39 165.0 76.0
37 53 40.0 70.0
25 34 53.0 178.0
38 34 30.0 105.0
67 1 175.0 73.0
1 69 95.0 8.0
69 8 170.0 174.0
3 66 194.0 3.0
30 40 132.0 111.0
45 23 158.0 173.0
12 56 111.0 11.0
51 19 136.0 93.0
59 10 97.0 111.0
15 54 28.0 144.0
33 39 5.0 198.0
8 62 115.0 151.0
25 45 101.0 48.0
49 22 38.0 59.0
45 64 100.0 101.0
52 27 38.0 188.0
34 35 176.0 87.0
18 51 115.0 4.0
2 68 26.0 72.0
61 64 45.0 141.0
14 52 82.0 146.0
43 38 38.0 72.0
12 51 72.0 90.0
50 20 39.0 62.0
4 66 7.0 15.0
67 3 140.0 74.0
64 6 138.0 166.0
5 66 160.0 183.0
50 42 164.0 43.0
79 36 19.0 2.0
42 54 64.0 43.0
1 64 55.0 104.0
7 72 92.0 62.0
48 21 73.0 32.0
76 40 158.0 11.0
60 67 108.0 118.0
13 58 17.0 72.0
14 54 22.0 188.0
19 43 44.0 38.0
41 55 47.0 99.0
79 34 113.0 91.0
52 19 37.0 186.0
65 8 85.0 147.0
64 58 122.0 146.0
64 8 112.0 91.0
45 26 69.0 134.0
56 10 104.0 65.0
69 4 137.0 103.0
30 67 31.0 50.0
12 59 48.0 20.0
53 18 80.0 85.0
32 39 67.0 154.0
29 42 103.0 179.0
57 14 141.0 125.0
71 31 161.0 45.0
63 9 88.0 50.0
43 27 19.0 71.0
41 52 25.0 19.0
51 26 147.0 105.0
29 41 194.0 166.0
17 67 182.0 98.0
25 46 153.0 123.0
8 43 72.0 114.0
56 15 18.0 113.0
59 13 56.0 37.0
47 25 190.0 33.0
75 51 2.0 89.0
62 57 158.0 149.0
53 19 165.0 92.0
28 43 139.0 119.0
69 3 59.0 164.0
71 78 118.0 77.0
14 67 41.0 175.0
61 11 189.0 32.0
12 74 152.0 144.0
62 9 83.0 110.0
5 75 18.0 1.0
5 63 8.0 157.0
18 74 7.0 67.0
16 57 164.0 78.0
76 46 190.0 157.0
7 64 16.0 132.0
10 62 96.0 121.0
10 61 165.0 180.0
15 58 59.0 135.0
1 65 62.0 68.0
12 58 68.0 70.0
28 44 51.0 184.0
62 11 22.0 193.0
15 57 50.0 39.0
49 23 26.0 147.0
67 4 185.0 143.0
53 79 17.0 45.0
44 26 41.0 79.0
73 22 40.0 61.0
44 29 58.0 91.0
65 7 175.0 81.0
61 13 20.0 178.0
45 27 31.0 46.0
77 63 120.0 17.0
48 20 95.0 137.0
30 42 31.0 88.0
40 35 71.0 72.0
36 39 88.0 130.0
65 12 19.0 15.0
70 3 19.0 39.0
23 78 178.0 50.0
60 68 104.0 50.0
34 40 160.0 199.0
50 23 26.0 192.0
22 51 138.0 49.0
68 4 188.0 178.0
12 61 129.0 159.0
60 79 161.0 148.0
43 29 119.0 92.0
41 32 52.0 23.0
51 21 190.0 12.0
31 41 156.0 168.0
22 45 56.0 46.0
52 22 195.0 44.0
52 20 61.0 77.0
17 57 92.0 174.0
49 27 99.0 11.0
30 37 43.0 151.0
42 36 175.0 185.0
50 25 44.0 84.0
46 27 23.0 52.0
28 57 77.0 171.0
59 16 156.0 90.0
66 65 106.0 1.0
63 10 196.0 157.0
42 31 112.0 191.0
59 15 47.0 87.0
38 37 51.0 44.0
60 14 161.0 75.0
66 7 148.0 190.0
40 31 23.0 105.0
57 67 131.0 129.0
4 71 21.0 127.0
38 35 74.0 133.0
74 2 175.0 73.0
57 78 150.0 27.0
19 54 111.0 111.0
49 18 50.0 59.0
54 77 182.0 73.0
12 60 45.0 113.0
22 46 92.0 66.0
50 27 6.0 118.0
36 40 21.0 133.0
14 59 27.0 172.0
33 42 170.0 138.0
65 5 174.0 20.0
27 47 40.0 156.0
70 5 194.0 37.0
64 57 126.0 38.0
12 63 133.0 84.0
61 59 113.0 154.0
71 5 49.0 140.0
31 45 155.0 171.0
12 73 197.0 129.0
71 79 191.0 190.0
61 68 75.0 137.0
76 17 43.0 1.0
37 23 184.0 176.0
5 69 186.0 49.0
42 62 27.0 187.0
46 31 55.0 182.0
43 33 93.0 4.0
23 75 162.0 84.0
15 62 9.0 189.0
30 31 34.0 53.0
18 59 84.0 170.0
21 52 26.0 23.0
38 23 85.0 53.0
26 46 72.0 92.0
15 60 154.0 165.0
43 31 17.0 68.0
73 5 124.0 178.0
21 54 28.0 110.0
36 37 181.0 64.0
52 25 166.0 159.0
11 64 67.0 51.0
29 46 157.0 92.0
73 50 35.0 111.0
75 1 186.0 4.0
69 63 187.0 110.0
39 62 35.0 167.0
15 73 107.0 168.0
65 10 169.0 73.0
56 21 198.0 189.0
53 42 164.0 155.0
72 4 53.0 199.0
34 42 137.0 191.0
30 48 56.0 76.0
76 37 129.0 43.0
61 52 51.0 188.0
49 29 184.0 21.0
37 40 15.0 134.0
16 58 37.0 179.0
60 52 8.0 91.0
38 39 176.0 97.0
62 14 163.0 184.0
29 50 54.0 92.0
15 64 82.0 57.0
71 8 88.0 19.0
46 32 187.0 103.0
62 18 6.0 25.0
47 37 4.0 167.0
28 49 87.0 181.0
70 8 168.0 2.0
57 22 88.0 174.0
80 73 125.0 170.0
23 70 55.0 166.0
24 70 90.0 42.0
23 56 22.0 48.0
15 63 38.0 179.0
65 33 78.0 77.0
29 47 126.0 47.0
45 33 6.0 14.0
36 44 20.0 83.0
58 18 69.0 27.0
65 11 127.0 111.0
50 41 176.0 102.0
64 14 111.0 14.0
72 6 174.0 190.0
79 1 97.0 101.0
75 28 72.0 103.0
45 60 131.0 92.0
13 65 11.0 0.0
63 17 181.0 139.0
28 40 103.0 158.0
55 20 67.0 15.0
3 72 187.0 193.0
59 47 12.0 36.0
25 55 118.0 84.0
28 46 19.0 49.0
55 23 92.0 31.0
55 22 42.0 73.0
58 19 37.0 145.0
17 59 76.0 56.0
67 11 119.0 63.0
20 57 162.0 132.0
59 19 174.0 32.0
72 8 96.0 146.0
37 50 54.0 188.0
32 45 14.0 48.0
78 74 57.0 3.0
74 5 79.0 133.0
21 69 156.0 151.0
12 66 143.0 118.0
53 20 100.0 70.0
47 28 173.0 197.0
31 48 148.0 27.0
49 32 101.0 114.0
21 78 30.0 158.0
26 50 188.0 62.0
68 12 144.0 145.0
49 56 51.0 88.0
39 71 55.0 104.0
15 52 23.0 180.0
45 34 94.0 171.0
43 32 7.0 195.0
12 57 82.0 189.0
47 33 94.0 70.0
68 11 64.0 38.0
60 21 5.0 68.0
20 54 114.0 61.0
18 60 119.0 137.0
45 36 139.0 13.0
36 43 99.0 146.0
26 54 167.0 181.0
9 65 156.0 61.0
4 75 106.0 172.0
11 73 119.0 112.0
77 14 45.0 33.0
14 44 119.0 165.0
64 51 81.0 11.0
52 38 109.0 180.0
38 75 137.0 76.0
40 39 137.0 45.0
78 3 72.0 196.0
26 56 182.0 191.0
47 31 151.0 28.0
77 5 187.0 23.0
36 75 166.0 68.0
64 42 141.0 27.0
36 25 33.0 30.0
27 76 88.0 122.0
67 16 110.0 112.0
64 18 11.0 93.0
56 24 37.0 163.0
6 71 45.0 24.0
33 38 163.0 164.0
22 59 113.0 104.0
14 51 193.0 98.0
9 61 110.0 33.0
28 53 117.0 20.0
50 33 139.0 129.0
4 76 108.0 128.0
31 65 50.0 154.0
51 31 147.0 165.0
42 39 109.0 12.0
63 19 22.0 102.0
14 66 174.0 132.0
74 8 92.0 91.0
66 16 12.0 183.0
57 32 198.0 73.0
48 60 69.0 0.0
61 21 110.0 168.0
61 62 0.0 19.0
54 27 126.0 22.0
37 44 100.0 100.0
77 4 37.0 144.0
38 45 85.0 1.0
66 17 157.0 35.0
6 77 54.0 26.0
75 76 94.0 165.0
14 61 171.0 94.0
68 14 124.0 98.0
72 10 42.0 176.0
74 9 163.0 79.0
61 18 141.0 0.0
28 76 113.0 99.0
79 2 177.0 167.0
78 4 152.0 23.0
63 18 31.0 76.0
60 47 18.0 108.0
39 43 171.0 61.0
78 53 108.0 134.0
55 26 33.0 50.0
75 9 145.0 98.0
63 21 155.0 74.0
41 43 75.0 59.0
43 25 59.0 58.0
73 9 90.0 29.0
44 51 112.0 13.0
56 60 60.0 172.0
73 8 58.0 93.0
64 20 6.0 155.0
42 71 63.0 161.0
49 53 48.0 138.0
61 37 73.0 59.0
13 71 70.0 115.0
66 15 66.0 134.0
60 27 164.0 126.0
55 27 156.0 23.0
60 24 76.0 162.0
52 26 40.0 91.0
36 48 60.0 88.0
44 39 197.0 85.0
69 34 71.0 67.0
62 16 13.0 137.0
78 7 140.0 129.0
32 50 55.0 97.0
76 6 195.0 83.0
30 54 191.0 36.0
29 77 190.0 3.0
19 49 116.0 187.0
62 22 179.0 187.0
48 77 19.0 144.0
52 66 31.0 159.0
19 56 117.0 86.0
19 65 163.0 112.0
61 23 157.0 154.0
50 38 57.0 147.0
38 48 143.0 125.0
57 27 53.0 74.0
38 47 183.0 72.0
74 10 125.0 166.0
29 55 164.0 42.0
55 68 22.0 127.0
40 74 40.0 131.0
60 25 139.0 97.0
60 23 11.0 34.0
34 52 130.0 16.0
52 31 122.0 114.0
73 41 64.0 47.0
7 47 11.0 180.0
58 27 60.0 185.0
52 33 82.0 101.0
57 26 18.0 173.0
46 49 115.0 181.0
11 74 195.0 46.0
51 33 110.0 117.0
25 77 181.0 126.0
79 27 59.0 192.0
54 51 105.0 72.0
80 54 99.0 139.0
56 28 0.0 117.0
47 21 189.0 68.0
20 62 87.0 184.0
7 77 122.0 149.0
66 19 32.0 104.0
6 78 148.0 44.0
51 37 129.0 5.0
42 66 116.0 28.0
12 72 83.0 69.0
29 58 148.0 72.0
44 50 181.0 187.0
72 13 136.0 55.0
46 80 99.0 121.0
68 15 42.0 199.0
46 15 74.0 172.0
80 6 64.0 190.0
26 58 102.0 147.0
63 24 199.0 50.0
31 54 147.0 132.0
43 42 44.0 35.0
39 48 11.0 143.0
31 56 106.0 54.0
21 67 2.0 180.0
6 70 132.0 18.0
36 49 179.0 186.0
49 38 21.0 130.0
68 56 106.0 120.0
78 5 102.0 150.0
16 69 137.0 114.0
29 53 88.0 44.0
52 32 28.0 42.0
12 75 130.0 113.0
34 49 66.0 109.0
48 35 115.0 87.0
70 15 161.0 173.0
44 43 178.0 16.0
8 75 109.0 116.0
63 23 148.0 198.0
30 53 36.0 176.0
20 65 30.0 166.0
77 8 29.0 96.0
59 64 177.0 97.0
63 71 57.0 90.0
40 48 67.0 35.0
69 64 190.0 128.0
45 40 56.0 90.0
36 52 124.0 92.0
80 5 1.0 154.0
46 44 55.0 31.0
57 29 81.0 184.0
58 28 48.0 138.0
53 33 170.0 67.0
30 77 196.0 112.0
8 78 145.0 52.0
79 6 82.0 21.0
52 35 39.0 84.0
30 57 69.0 47.0
48 41 145.0 102.0
46 34 40.0 194.0
21 65 147.0 162.0
17 70 84.0 143.0
42 46 99.0 181.0
53 76 199.0 182.0
47 39 166.0 190.0
34 51 80.0 187.0
59 28 79.0 25.0
70 16 0.0 119.0
74 13 194.0 147.0
72 16 33.0 78.0
54 35 35.0 85.0
18 70 2.0 34.0
23 65 122.0 120.0
64 24 35.0 2.0
27 61 184.0 115.0
72 35 136.0 136.0
60 29 24.0 130.0
44 40 22.0 9.0
67 19 44.0 57.0
5 76 102.0 46.0
8 79 35.0 24.0
36 50 127.0 23.0
80 8 109.0 63.0
25 63 144.0 45.0
22 66 114.0 168.0
49 51 13.0 136.0
75 15 194.0 57.0
4 80 163.0 48.0
59 26 151.0 150.0
40 47 161.0 30.0
64 54 188.0 70.0
45 76 80.0 132.0
27 62 83.0 146.0
49 40 15.0 49.0
54 59 75.0 9.0
69 20 87.0 38.0
68 29 190.0 190.0
41 38 177.0 152.0
75 14 110.0 165.0
60 28 85.0 142.0
53 35 142.0 120.0
32 54 8.0 157.0
69 80 94.0 83.0
33 56 68.0 133.0
71 11 176.0 58.0
54 34 162.0 153.0
58 72 179.0 24.0
19 70 128.0 16.0
26 62 82.0 22.0
59 52 38.0 90.0
40 50 131.0 132.0
56 32 61.0 151.0
8 76 190.0 37.0
67 24 61.0 152.0
77 12 87.0 192.0
71 18 100.0 167.0
41 49 155.0 134.0
10 77 123.0 145.0
64 30 102.0 6.0
34 56 188.0 116.0
71 19 44.0 178.0
80 9 62.0 58.0
65 24 56.0 149.0
10 80 108.0 108.0
49 39 82.0 15.0
29 59 75.0 157.0
70 44 35.0 129.0
60 26 193.0 175.0
36 53 199.0 38.0
20 70 101.0 62.0
67 44 157.0 157.0
73 27 41.0 65.0
67 23 185.0 75.0
33 73 181.0 60.0
55 35 69.0 169.0
75 18 138.0 15.0
70 22 141.0 137.0
59 33 47.0 43.0
42 45 147.0 157.0
35 57 31.0 140.0
30 60 199.0 16.0
71 15 196.0 181.0
48 43 157.0 18.0
79 74 0.0 47.0
41 51 139.0 142.0
16 75 99.0 138.0
6 74 108.0 198.0
76 16 29.0 91.0
78 11 107.0 28.0
48 44 10.0 55.0
28 62 62.0 119.0
52 39 96.0 14.0
55 38 87.0 35.0
13 62 135.0 138.0
63 30 195.0 43.0
66 20 85.0 24.0
23 62 187.0 144.0
31 61 182.0 149.0
31 62 83.0 196.0
49 43 138.0 180.0
68 22 164.0 177.0
49 45 19.0 99.0
25 65 134.0 166.0
13 79 31.0 19.0
41 53 66.0 18.0
3 1 187.0 0.0
64 28 128.0 23.0
68 27 30.0 67.0
19 73 168.0 146.0
65 79 171.0 187.0
12 80 177.0 105.0
47 44 196.0 9.0
80 60 154.0 63.0
60 64 40.0 93.0
53 77 123.0 169.0
42 52 146.0 153.0
40 52 152.0 114.0
36 47 94.0 124.0
79 30 7.0 23.0
63 27 97.0 3.0
77 11 15.0 3.0
33 61 94.0 8.0
21 73 141.0 17.0
78 43 5.0 87.0
15 79 175.0 158.0
71 23 164.0 21.0
72 21 121.0 171.0
19 68 145.0 171.0
66 47 27.0 112.0
32 59 45.0 73.0
26 66 118.0 186.0
73 17 90.0 124.0
75 13 32.0 17.0
36 61 131.0 148.0
60 36 15.0 5.0
65 30 144.0 112.0
57 37 134.0 172.0
76 20 195.0 131.0
57 38 4.0 113.0
57 36 168.0 94.0
72 24 139.0 152.0
36 55 88.0 23.0
34 55 171.0 103.0
46 45 114.0 116.0
74 41 138.0 0.0
19 76 77.0 85.0
50 45 142.0 34.0
72 11 12.0 110.0
41 54 45.0 103.0
59 38 87.0 85.0
69 27 166.0 11.0
70 80 102.0 33.0
70 25 108.0 192.0
74 22 165.0 138.0
23 74 169.0 108.0
12 64 148.0 133.0
66 70 100.0 146.0
28 72 126.0 139.0
79 19 81.0 44.0
55 42 100.0 135.0
55 40 28.0 161.0
67 27 187.0 145.0
75 21 27.0 108.0
80 17 161.0 128.0
47 46 2.0 13.0
77 20 182.0 128.0
41 56 84.0 63.0
47 49 65.0 137.0
80 59 37.0 45.0
72 26 172.0 176.0
17 78 172.0 199.0
21 74 117.0 85.0
48 49 11.0 120.0
30 62 58.0 193.0
7 69 80.0 94.0
57 39 38.0 97.0
38 58 78.0 27.0
47 76 34.0 50.0
78 19 174.0 159.0
34 59 35.0 92.0
51 45 98.0 198.0
57 40 42.0 156.0
64 33 111.0 122.0
36 62 115.0 101.0
46 51 152.0 146.0
61 38 28.0 187.0
42 56 184.0 155.0
63 40 37.0 19.0
25 73 79.0 135.0
32 65 63.0 121.0
66 28 32.0 126.0
76 22 129.0 147.0
33 66 49.0 34.0
21 77 48.0 30.0
67 34 13.0 32.0
26 70 99.0 51.0
38 54 84.0 178.0
52 47 76.0 100.0
59 41 110.0 60.0
39 80 171.0 192.0
61 39 151.0 21.0
79 20 70.0 151.0
69 65 124.0 83.0
60 55 64.0 23.0
65 35 103.0 100.0
62 37 101.0 131.0
16 78 89.0 163.0
31 76 107.0 13.0
48 51 180.0 10.0
67 31 177.0 2.0
72 20 37.0 53.0
79 21 93.0 101.0
20 68 187.0 148.0
32 68 85.0 88.0
63 52 125.0 175.0
32 70 140.0 184.0
70 30 163.0 73.0
38 68 55.0 92.0
74 58 134.0 92.0
14 79 106.0 179.0
71 30 102.0 45.0
57 42 86.0 188.0
28 69 48.0 163.0
18 77 29.0 140.0
24 74 99.0 144.0
60 38 106.0 106.0
46 54 10.0 192.0
24 69 93.0 68.0
62 38 115.0 195.0
40 61 88.0 153.0
63 38 153.0 136.0
25 78 158.0 182.0
43 79 35.0 10.0
76 23 151.0 94.0
14 80 60.0 113.0
66 34 166.0 153.0
43 59 47.0 34.0
35 67 135.0 136.0
25 75 72.0 88.0
70 31 96.0 30.0
59 42 72.0 83.0
26 74 176.0 23.0
14 76 178.0 189.0
75 26 71.0 145.0
30 66 32.0 118.0
27 74 126.0 119.0
51 50 84.0 198.0
75 29 188.0 132.0
58 34 34.0 60.0
36 63 113.0 11.0
45 73 147.0 44.0
37 63 194.0 18.0
23 79 142.0 178.0
69 25 126.0 69.0
57 68 191.0 11.0
39 64 174.0 179.0
72 80 9.0 8.0
22 75 199.0 74.0
46 48 122.0 98.0
52 78 35.0 68.0
72 5 53.0 178.0
72 30 199.0 180.0
48 55 67.0 190.0
79 24 102.0 41.0
43 56 35.0 63.0
45 56 96.0 186.0
47 18 171.0 170.0
24 78 111.0 7.0
51 53 179.0 165.0
44 59 2.0 131.0
70 33 30.0 69.0
27 77 155.0 84.0
63 41 85.0 142.0
47 56 149.0 133.0
29 73 70.0 72.0
25 80 131.0 182.0
49 60 104.0 110.0
32 71 188.0 107.0
68 49 62.0 170.0
43 63 103.0 169.0
79 28 95.0 140.0
73 74 157.0 196.0
66 37 24.0 28.0
54 22 173.0 155.0
46 57 9.0 29.0
65 40 78.0 149.0
33 71 8.0 92.0
79 62 185.0 111.0
41 61 166.0 80.0
73 30 6.0 75.0
23 69 54.0 182.0
42 63 182.0 179.0
43 52 69.0 143.0
29 76 18.0 99.0
26 80 42.0 26.0
66 40 178.0 179.0
80 15 169.0 96.0
37 68 43.0 127.0
77 24 149.0 97.0
57 49 56.0 131.0
71 36 191.0 78.0
65 41 83.0 162.0
54 53 174.0 78.0
47 58 74.0 152.0
44 63 62.0 195.0
39 66 104.0 105.0
42 61 133.0 53.0
53 52 126.0 142.0
64 34 131.0 117.0
75 33 166.0 167.0
22 67 2.0 92.0
37 65 76.0 28.0
70 40 123.0 138.0
47 57 82.0 179.0
34 75 135.0 15.0
74 32 134.0 13.0
56 48 127.0 17.0
71 37 86.0 45.0
46 60 188.0 40.0
23 77 85.0 16.0
58 42 191.0 160.0
57 50 53.0 73.0
68 36 198.0 140.0
62 44 127.0 132.0
41 67 150.0 54.0
26 78 20.0 188.0
30 78 77.0 8.0
57 65 189.0 162.0
65 43 185.0 132.0
69 35 90.0 38.0
73 32 195.0 88.0
32 76 72.0 123.0
49 61 113.0 174.0
57 52 123.0 85.0
60 50 39.0 152.0
39 69 104.0 180.0
59 50 106.0 89.0
30 80 114.0 148.0
51 60 47.0 62.0
72 38 140.0 71.0
51 59 0.0 6.0
49 59 55.0 75.0
29 79 158.0 46.0
51 57 35.0 62.0
59 72 159.0 141.0
32 79 193.0 73.0
67 33 143.0 40.0
46 64 91.0 83.0
63 50 174.0 43.0
48 65 70.0 181.0
67 68 41.0 180.0
54 76 143.0 28.0
36 69 129.0 102.0
44 60 191.0 75.0
40 72 40.0 134.0
65 42 145.0 83.0
72 19 144.0 72.0
18 73 143.0 166.0
49 58 86.0 184.0
73 28 40.0 182.0
50 64 95.0 122.0
77 70 84.0 38.0
59 53 148.0 76.0
66 45 58.0 45.0
38 78 33.0 3.0
76 30 4.0 176.0
80 34 162.0 42.0
61 47 9.0 155.0
65 39 81.0 56.0
58 56 194.0 117.0
31 80 19.0 94.0
70 45 141.0 77.0
62 50 180.0 175.0
66 48 174.0 184.0
24 80 140.0 137.0
68 47 120.0 102.0
52 58 51.0 154.0
69 46 129.0 45.0
61 51 121.0 148.0
67 47 89.0 63.0
72 39 116.0 70.0
28 67 109.0 43.0
23 80 93.0 50.0
54 58 49.0 165.0
78 37 20.0 100.0
47 65 160.0 149.0
46 71 69.0 81.0
78 36 190.0 159.0
49 66 180.0 59.0
61 53 173.0 89.0
67 52 114.0 18.0
65 50 10.0 163.0
63 48 198.0 30.0
64 48 54.0 110.0
62 56 9.0 123.0
34 71 126.0 0.0
42 73 155.0 106.0
57 58 51.0 80.0
71 44 139.0 117.0
47 70 88.0 149.0
51 65 111.0 38.0
62 52 44.0 165.0
70 46 132.0 5.0
48 62 195.0 58.0
46 61 33.0 150.0
42 76 160.0 36.0
37 64 65.0 99.0
29 69 184.0 106.0
25 74 98.0 48.0
72 44 41.0 142.0
41 58 186.0 173.0
69 47 25.0 181.0
70 41 21.0 11.0
58 80 49.0 182.0
66 74 42.0 114.0
56 53 69.0 27.0
55 64 114.0 167.0
34 63 199.0 155.0
73 36 170.0 137.0
65 49 68.0 195.0
76 41 122.0 89.0
69 52 15.0 171.0
72 15 195.0 57.0
80 35 175.0 16.0
73 48 104.0 89.0
48 67 62.0 55.0
75 45 91.0 32.0
63 61 167.0 159.0
43 71 0.0 89.0
57 61 185.0 15.0
53 65 155.0 132.0
37 72 173.0 130.0
65 54 186.0 29.0
39 73 195.0 1.0
77 74 138.0 87.0
78 45 104.0 105.0
43 77 80.0 104.0
41 77 103.0 65.0
44 75 158.0 59.0
63 55 40.0 83.0
52 72 32.0 178.0
48 72 24.0 28.0
79 44 178.0 162.0
42 77 17.0 34.0
62 53 171.0 97.0
69 50 60.0 75.0
57 60 19.0 170.0
46 77 140.0 11.0
49 73 115.0 173.0
39 14 38.0 139.0
54 66 133.0 17.0
67 56 191.0 102.0
45 79 9.0 114.0
74 46 34.0 69.0
56 61 55.0 6.0
31 73 164.0 147.0
64 44 33.0 31.0
67 43 141.0 23.0
41 71 154.0 27.0
69 56 90.0 97.0
66 59 3.0 100.0
79 42 181.0 189.0
50 76 111.0 188.0
42 75 28.0 28.0
64 43 81.0 13.0
75 43 63.0 175.0
47 77 25.0 170.0
80 45 20.0 68.0
53 73 185.0 175.0
77 49 59.0 166.0
45 74 181.0 122.0
44 76 97.0 10.0
48 76 0.0 131.0
61 67 90.0 16.0
49 74 47.0 67.0
52 73 85.0 20.0
75 48 1.0 70.0
63 66 177.0 12.0
68 59 135.0 110.0
44 68 103.0 185.0
60 66 156.0 103.0
71 48 34.0 198.0
66 58 63.0 81.0
67 59 161.0 100.0
50 75 161.0 162.0
47 75 156.0 90.0
74 47 49.0 91.0
74 57 169.0 104.0
50 71 70.0 126.0
54 71 89.0 104.0
39 75 96.0 152.0
55 69 40.0 57.0
40 80 188.0 154.0
42 60 109.0 144.0
61 71 71.0 159.0
69 58 112.0 192.0
74 55 55.0 135.0
73 57 89.0 144.0
30 68 121.0 185.0
66 62 178.0 161.0
74 52 14.0 118.0
78 51 109.0 76.0
54 70 169.0 132.0
2 78 26.0 34.0
55 73 142.0 33.0
49 80 90.0 32.0
79 49 29.0 11.0
50 70 81.0 7.0
67 62 104.0 48.0
31 77 92.0 13.0
73 56 65.0 62.0
56 57 170.0 43.0
79 52 177.0 113.0
75 57 182.0 67.0
63 68 30.0 11.0
74 56 147.0 64.0
70 58 138.0 51.0
55 76 3.0 31.0
44 77 89.0 68.0
68 64 158.0 12.0
57 79 146.0 135.0
51 80 192.0 80.0
64 65 92.0 175.0
45 77 62.0 39.0
69 60 43.0 152.0
74 59 21.0 46.0
77 67 169.0 63.0
67 70 71.0 127.0
39 79 30.0 169.0
65 62 107.0 22.0
54 78 108.0 0.0
63 72 91.0 122.0
60 58 189.0 86.0
66 64 86.0 162.0
56 79 129.0 56.0
40 71 156.0 0.0
54 67 72.0 186.0
54 74 64.0 132.0
70 56 195.0 124.0
64 70 157.0 38.0
75 59 83.0 98.0
79 59 8.0 121.0
69 67 91.0 90.0
70 62 167.0 47.0
65 73 135.0 192.0
50 80 105.0 199.0
78 42 187.0 100.0
29 67 147.0 97.0
55 80 25.0 182.0
79 40 47.0 186.0
75 64 50.0 138.0
72 56 34.0 170.0
76 64 22.0 121.0
39 78 54.0 128.0
74 65 71.0 41.0
58 78 39.0 19.0
51 73 198.0 65.0
79 61 43.0 197.0
80 57 53.0 93.0
77 66 52.0 40.0
76 52 23.0 75.0
70 74 31.0 77.0
71 77 7.0 103.0
62 74 151.0 46.0
77 57 133.0 102.0
57 66 1.0 176.0
66 73 164.0 7.0
69 77 70.0 16.0
72 67 195.0 94.0
69 71 134.0 178.0
50 79 156.0 141.0
68 72 135.0 107.0
71 60 125.0 68.0
77 80 48.0 127.0
33 76 110.0 164.0
62 55 93.0 181.0
78 64 174.0 88.0
70 73 145.0 108.0
76 70 160.0 53.0
75 71 48.0 95.0
63 76 135.0 125.0
56 71 32.0 183.0
53 80 71.0 95.0
70 68 7.0 165.0
71 38 157.0 182.0
70 69 77.0 102.0
16 28 89.0 189.0
72 71 142.0 137.0
75 79 62.0 77.0
76 71 5.0 46.0
79 70 94.0 77.0
58 76 176.0 102.0
45 47 176.0 134.0
70 65 74.0 5.0
71 66 164.0 163.0
71 51 181.0 58.0
75 74 134.0 43.0
44 61 114.0 91.0
40 60 104.0 8.0
61 24 114.0 33.0
63 80 129.0 42.0
80 78 51.0 155.0
78 55 23.0 167.0
65 63 190.0 156.0
60 70 115.0 76.0
50 18 127.0 181.0
77 78 3.0 184.0
73 62 7.0 69.0
33 72 43.0 88.0
61 74 55.0 47.0
78 65 38.0 30.0
78 72 160.0 28.0
75 65 81.0 28.0
48 37 65.0 161.0
77 37 108.0 20.0
76 80 2.0 115.0
48 74 166.0 197.0
75 63 113.0 173.0
78 76 107.0 151.0
73 64 30.0 67.0
50 72 117.0 112.0
80 75 160.0 183.0
75 72 188.0 20.0
80 79 101.0 142.0
63 73 41.0 68.0
69 68 99.0 154.0
72 65 138.0 6.0
60 74 81.0 121.0
73 60 82.0 198.0
62 80 180.0 42.0
74 43 86.0 120.0
79 68 145.0 187.0
69 66 137.0 138.0
67 79 198.0 188.0
38 69 41.0 136.0
23 53 197.0 122.0
68 77 52.0 31.0
1 2 95.0 184.0
77 75 95.0 133.0
55 70 120.0 40.0
80 52 129.0 9.0
78 75 75.0 127.0
74 67 68.0 116.0
77 73 20.0 65.0
80 68 22.0 24.0
0
