87 3741 38 68 469490
70 73 48.0 197.0
36 69 9.0 122.0
47 58 100.0 46.0
24 60 5.0 58.0
68 28 126.0 139.0
41 42 112.0 9.0
11 69 68.0 61.0
1 19 88.0 166.0
4 43 7.0 88.0
24 33 114.0 168.0
82 58 138.0 166.0
23 21 105.0 143.0
41 70 21.0 31.0
16 62 194.0 134.0
43 5 100.0 62.0
16 61 183.0 140.0
9 40 65.0 142.0
73 9 93.0 179.0
58 33 143.0 31.0
46 64 114.0 0.0
46 74 107.0 87.0
40 61 122.0 102.0
58 17 25.0 22.0
78 25 145.0 8.0
56 30 85.0 10.0
38 13 91.0 179.0
45 73 9.0 187.0
50 58 49.0 75.0
37 56 194.0 157.0
21 44 57.0 116.0
60 77 176.0 82.0
6 35 147.0 121.0
64 54 104.0 32.0
66 3 65.0 147.0
10 9 63.0 27.0
39 2 45.0 112.0
49 81 106.0 39.0
37 31 112.0 163.0
20 4 3.0 88.0
38 75 179.0 102.0
33 85 24.0 35.0
80 23 24.0 41.0
4 26 95.0 39.0
20 30 140.0 140.0
24 75 157.0 198.0
18 78 190.0 69.0
81 1 145.0 193.0
67 38 22.0 76.0
35 54 31.0 198.0
68 30 66.0 7.0
48 87 183.0 161.0
22 21 123.0 75.0
2 12 176.0 32.0
63 46 196.0 166.0
46 6 140.0 141.0
43 26 92.0 162.0
71 33 125.0 75.0
54 79 163.0 144.0
78 27 31.0 146.0
48 24 144.0 106.0
9 49 36.0 72.0
86 25 61.0 32.0
30 5 61.0 1.0
30 71 174.0 153.0
16 39 130.0 99.0
30 73 97.0 46.0
5 67 60.0 80.0
3 64 166.0 156.0
17 76 175.0 2.0
5 79 122.0 36.0
83 6 5.0 183.0
76 42 83.0 179.0
80 68 84.0 165.0
45 43 127.0 133.0
15 50 74.0 139.0
18 8 38.0 41.0
76 68 47.0 165.0
60 81 45.0 121.0
78 6 46.0 51.0
47 84 165.0 129.0
10 5 40.0 1.0
14 5 62.0 119.0
26 51 12.0 137.0
58 11 86.0 50.0
12 3 59.0 86.0
78 33 112.0 105.0
39 57 112.0 158.0
53 13 104.0 29.0
42 58 193.0 144.0
34 72 24.0 8.0
35 8 85.0 36.0
18 52 104.0 123.0
57 65 176.0 164.0
11 35 137.0 88.0
4 59 19.0 49.0
63 51 77.0 75.0
13 79 82.0 71.0
64 27 13.0 106.0
34 81 155.0 98.0
6 9 139.0 59.0
20 83 56.0 115.0
22 58 29.0 145.0
8 3 96.0 1.0
63 22 39.0 173.0
6 23 35.0 121.0
49 12 107.0 48.0
5 63 6.0 62.0
18 79 8.0 145.0
66 6 102.0 17.0
63 41 72.0 131.0
61 57 135.0 120.0
79 76 161.0 127.0
3 17 22.0 196.0
21 16 53.0 129.0
78 59 168.0 11.0
50 34 171.0 129.0
39 8 87.0 73.0
48 21 18.0 160.0
69 72 2.0 105.0
52 32 121.0 115.0
41 80 13.0 143.0
9 24 107.0 18.0
82 56 138.0 76.0
81 27 59.0 110.0
34 67 11.0 146.0
79 23 182.0 29.0
87 40 17.0 136.0
63 65 152.0 90.0
49 83 127.0 165.0
20 66 130.0 35.0
26 38 104.0 21.0
64 2 123.0 163.0
60 73 159.0 86.0
87 81 11.0 141.0
25 33 74.0 181.0
2 43 101.0 27.0
31 83 171.0 28.0
53 59 46.0 101.0
1 80 2.0 151.0
73 52 24.0 77.0
29 52 97.0 183.0
37 10 91.0 60.0
34 60 139.0 165.0
16 59 122.0 40.0
47 10 121.0 93.0
61 38 18.0 168.0
23 4 178.0 21.0
47 78 66.0 2.0
42 30 150.0 163.0
31 27 167.0 41.0
6 14 82.0 106.0
50 3 96.0 4.0
12 35 106.0 18.0
64 7 120.0 77.0
10 59 146.0 99.0
49 27 67.0 12.0
49 36 52.0 169.0
55 5 120.0 19.0
83 52 25.0 154.0
46 79 46.0 122.0
18 42 58.0 104.0
48 63 191.0 179.0
26 54 36.0 89.0
72 37 170.0 55.0
72 31 36.0 23.0
27 56 157.0 108.0
13 16 151.0 183.0
86 1 83.0 149.0
42 46 179.0 142.0
21 57 75.0 170.0
5 8 82.0 63.0
86 79 199.0 5.0
22 32 82.0 35.0
79 66 150.0 191.0
73 25 35.0 54.0
2 14 132.0 118.0
31 56 101.0 63.0
17 13 36.0 128.0
63 12 62.0 71.0
3 37 59.0 61.0
68 34 134.0 93.0
4 31 159.0 37.0
47 21 147.0 194.0
85 20 8.0 31.0
75 6 115.0 61.0
10 50 181.0 103.0
13 4 97.0 196.0
68 65 162.0 156.0
3 31 107.0 49.0
53 58 2.0 19.0
78 22 127.0 101.0
41 22 108.0 135.0
19 55 68.0 23.0
9 35 21.0 50.0
67 42 7.0 118.0
19 3 18.0 122.0
25 3 20.0 77.0
60 84 42.0 174.0
11 60 92.0 169.0
81 13 197.0 0.0
59 71 95.0 65.0
19 43 107.0 116.0
76 53 25.0 66.0
47 27 147.0 195.0
29 31 24.0 167.0
28 44 135.0 66.0
16 47 186.0 27.0
59 48 2.0 183.0
31 43 57.0 97.0
77 27 38.0 116.0
71 50 119.0 15.0
68 85 187.0 66.0
20 64 59.0 11.0
10 1 152.0 194.0
66 53 15.0 138.0
5 40 157.0 17.0
74 44 47.0 15.0
62 81 34.0 85.0
2 9 142.0 153.0
78 86 1.0 129.0
54 2 34.0 60.0
21 30 140.0 186.0
74 41 31.0 155.0
72 77 26.0 188.0
25 76 121.0 73.0
70 42 57.0 155.0
35 29 130.0 199.0
19 40 35.0 131.0
6 12 95.0 21.0
18 62 179.0 188.0
7 71 36.0 10.0
52 3 60.0 14.0
78 32 193.0 181.0
65 21 18.0 3.0
49 13 75.0 148.0
53 65 8.0 110.0
10 4 125.0 55.0
66 9 129.0 104.0
80 36 111.0 117.0
8 9 172.0 124.0
84 3 25.0 166.0
24 53 142.0 43.0
65 16 158.0 170.0
80 86 100.0 166.0
8 6 160.0 177.0
72 54 60.0 41.0
2 65 119.0 124.0
30 37 164.0 91.0
31 34 3.0 189.0
86 66 6.0 98.0
81 66 53.0 164.0
9 5 121.0 105.0
57 2 178.0 81.0
47 51 74.0 191.0
28 22 27.0 193.0
50 24 172.0 143.0
50 60 128.0 128.0
38 69 147.0 134.0
47 85 50.0 152.0
78 84 95.0 123.0
77 1 65.0 73.0
51 1 17.0 91.0
22 49 198.0 44.0
65 12 71.0 123.0
63 86 91.0 151.0
59 74 27.0 190.0
71 18 127.0 77.0
7 81 196.0 174.0
81 3 142.0 14.0
4 3 147.0 159.0
44 50 167.0 146.0
53 40 119.0 38.0
30 17 101.0 162.0
82 60 68.0 128.0
77 25 199.0 147.0
18 25 20.0 148.0
20 86 137.0 114.0
80 64 113.0 84.0
26 15 29.0 80.0
46 78 27.0 148.0
87 44 39.0 128.0
8 68 63.0 60.0
6 64 28.0 63.0
4 7 2.0 1.0
29 63 96.0 91.0
39 49 75.0 10.0
56 80 65.0 105.0
7 11 173.0 45.0
76 52 84.0 164.0
33 2 100.0 148.0
66 40 17.0 80.0
78 53 51.0 171.0
21 10 42.0 147.0
58 63 3.0 118.0
48 50 113.0 69.0
2 6 49.0 86.0
60 19 173.0 85.0
13 42 163.0 25.0
81 54 122.0 180.0
19 16 88.0 125.0
25 9 106.0 131.0
63 14 134.0 110.0
55 28 108.0 47.0
36 9 188.0 109.0
20 11 163.0 162.0
52 14 129.0 126.0
59 46 185.0 3.0
61 7 78.0 73.0
2 5 88.0 184.0
12 59 181.0 23.0
86 17 126.0 90.0
26 59 92.0 115.0
61 22 127.0 55.0
27 73 62.0 8.0
23 75 56.0 47.0
73 80 198.0 134.0
79 31 82.0 87.0
3 41 94.0 16.0
57 1 136.0 173.0
51 44 4.0 28.0
65 82 133.0 83.0
59 17 63.0 195.0
83 53 51.0 119.0
46 44 192.0 49.0
75 17 193.0 26.0
49 4 83.0 39.0
83 79 158.0 171.0
11 2 17.0 114.0
85 17 108.0 151.0
25 80 46.0 171.0
38 23 8.0 97.0
6 13 124.0 152.0
61 46 90.0 117.0
50 79 73.0 125.0
70 13 22.0 183.0
24 58 36.0 39.0
66 12 86.0 144.0
84 24 182.0 85.0
46 7 159.0 142.0
51 36 125.0 83.0
81 63 101.0 167.0
54 63 31.0 127.0
12 9 37.0 5.0
7 9 6.0 25.0
45 78 76.0 45.0
14 9 99.0 10.0
15 86 2.0 10.0
26 25 79.0 79.0
79 33 60.0 180.0
87 22 30.0 92.0
81 85 82.0 19.0
39 69 34.0 40.0
51 16 154.0 110.0
24 87 136.0 53.0
77 80 128.0 138.0
9 11 107.0 7.0
35 64 105.0 167.0
5 12 73.0 87.0
4 65 107.0 155.0
38 19 69.0 141.0
35 43 56.0 23.0
42 78 54.0 192.0
62 9 199.0 134.0
11 56 18.0 58.0
25 12 136.0 75.0
1 15 50.0 9.0
35 82 125.0 158.0
5 59 152.0 194.0
14 43 84.0 9.0
33 73 184.0 91.0
74 20 39.0 136.0
68 43 56.0 10.0
46 87 162.0 192.0
57 8 22.0 12.0
2 16 84.0 148.0
67 61 181.0 37.0
17 22 5.0 18.0
7 14 139.0 142.0
25 21 157.0 131.0
55 7 197.0 165.0
85 19 179.0 159.0
18 38 131.0 1.0
3 15 124.0 168.0
20 45 4.0 57.0
15 5 106.0 9.0
53 20 23.0 198.0
32 38 6.0 180.0
44 75 0.0 3.0
85 72 118.0 179.0
6 11 35.0 1.0
8 34 174.0 159.0
78 13 185.0 178.0
44 27 181.0 92.0
38 2 25.0 4.0
31 49 193.0 31.0
28 73 42.0 193.0
57 11 137.0 160.0
20 1 188.0 173.0
15 7 65.0 163.0
57 52 98.0 51.0
70 51 29.0 31.0
44 77 108.0 54.0
30 63 158.0 101.0
48 62 123.0 0.0
64 12 125.0 12.0
53 48 164.0 114.0
7 3 27.0 30.0
65 38 60.0 77.0
5 18 169.0 89.0
54 62 19.0 77.0
29 57 155.0 177.0
23 33 196.0 30.0
44 82 18.0 121.0
43 50 154.0 183.0
63 61 139.0 133.0
8 10 182.0 199.0
58 36 167.0 151.0
10 27 67.0 138.0
75 58 86.0 22.0
3 6 189.0 82.0
4 18 178.0 159.0
6 87 56.0 84.0
52 79 161.0 195.0
11 12 4.0 143.0
17 45 121.0 123.0
63 62 184.0 188.0
24 56 28.0 71.0
61 60 164.0 17.0
16 6 101.0 95.0
84 55 83.0 109.0
13 8 34.0 44.0
44 23 140.0 39.0
67 18 61.0 61.0
72 20 56.0 45.0
67 48 81.0 37.0
21 72 35.0 197.0
69 65 7.0 88.0
33 11 77.0 90.0
4 14 7.0 112.0
31 60 61.0 147.0
77 45 193.0 122.0
56 25 28.0 2.0
65 70 66.0 61.0
17 5 29.0 53.0
39 42 31.0 36.0
52 8 145.0 109.0
8 58 39.0 152.0
30 27 93.0 52.0
71 61 126.0 87.0
77 29 137.0 106.0
11 45 173.0 3.0
11 44 82.0 2.0
3 21 90.0 66.0
87 70 129.0 187.0
40 25 176.0 168.0
51 54 156.0 69.0
19 47 191.0 82.0
10 12 173.0 81.0
20 5 88.0 147.0
28 49 44.0 122.0
34 59 104.0 87.0
8 7 63.0 33.0
18 3 158.0 39.0
19 29 119.0 115.0
67 85 63.0 63.0
33 82 199.0 188.0
66 2 74.0 87.0
43 62 129.0 70.0
33 64 66.0 185.0
1 45 198.0 81.0
2 79 98.0 157.0
1 16 151.0 169.0
16 8 16.0 14.0
6 18 61.0 15.0
82 41 31.0 87.0
15 54 119.0 160.0
12 4 51.0 137.0
74 51 41.0 49.0
42 1 26.0 91.0
55 49 60.0 177.0
30 80 78.0 76.0
73 38 141.0 139.0
11 14 115.0 125.0
36 33 106.0 35.0
62 44 52.0 157.0
86 23 187.0 46.0
23 19 4.0 13.0
59 32 148.0 64.0
16 18 138.0 26.0
55 45 130.0 31.0
35 67 134.0 197.0
5 53 129.0 41.0
2 1 52.0 182.0
23 22 27.0 40.0
40 20 68.0 31.0
43 21 139.0 168.0
30 11 18.0 29.0
47 14 158.0 100.0
72 52 67.0 44.0
17 71 191.0 197.0
64 41 145.0 196.0
62 41 180.0 124.0
52 31 46.0 0.0
43 13 141.0 137.0
1 9 25.0 112.0
20 2 5.0 135.0
42 6 145.0 25.0
68 83 5.0 88.0
36 77 168.0 103.0
22 46 18.0 100.0
69 8 41.0 64.0
20 26 184.0 183.0
29 69 4.0 161.0
59 54 122.0 162.0
9 15 150.0 67.0
69 44 18.0 108.0
26 6 16.0 186.0
51 8 29.0 34.0
8 12 9.0 71.0
20 48 124.0 145.0
21 60 112.0 81.0
1 8 88.0 34.0
9 16 191.0 191.0
1 21 57.0 9.0
4 66 156.0 73.0
65 18 125.0 186.0
3 22 114.0 86.0
69 55 68.0 191.0
19 35 149.0 132.0
37 77 145.0 189.0
7 12 85.0 88.0
18 50 197.0 94.0
28 12 181.0 106.0
21 41 42.0 106.0
62 70 68.0 109.0
29 82 17.0 136.0
29 12 191.0 166.0
80 76 112.0 88.0
9 58 71.0 149.0
20 22 69.0 21.0
25 10 96.0 50.0
42 8 24.0 90.0
69 79 181.0 92.0
73 69 79.0 198.0
80 14 140.0 70.0
81 39 111.0 4.0
9 21 111.0 135.0
42 50 65.0 132.0
51 85 158.0 113.0
84 50 97.0 182.0
41 45 111.0 78.0
26 13 158.0 142.0
26 70 168.0 50.0
21 5 162.0 31.0
26 24 61.0 25.0
1 17 165.0 79.0
80 20 137.0 75.0
61 35 56.0 34.0
71 25 41.0 119.0
37 32 38.0 152.0
14 84 102.0 158.0
81 78 121.0 16.0
6 5 190.0 134.0
12 82 92.0 156.0
7 35 58.0 181.0
62 37 76.0 114.0
53 81 126.0 70.0
26 56 73.0 116.0
44 42 185.0 127.0
2 13 28.0 106.0
26 21 136.0 170.0
7 25 116.0 181.0
60 8 151.0 175.0
44 41 163.0 27.0
27 20 122.0 42.0
67 58 0.0 147.0
5 36 153.0 185.0
60 12 155.0 133.0
24 72 43.0 44.0
10 51 140.0 160.0
58 3 174.0 91.0
35 60 3.0 89.0
80 9 143.0 77.0
59 75 27.0 143.0
23 47 70.0 180.0
50 62 114.0 178.0
46 82 46.0 109.0
45 33 194.0 138.0
35 10 37.0 120.0
70 12 124.0 192.0
12 36 135.0 67.0
15 12 99.0 162.0
17 6 73.0 121.0
14 78 24.0 139.0
72 82 176.0 22.0
28 31 130.0 123.0
40 24 146.0 119.0
27 55 51.0 22.0
5 16 85.0 186.0
8 50 153.0 136.0
2 59 3.0 178.0
42 40 182.0 179.0
26 77 139.0 111.0
20 50 161.0 70.0
65 39 187.0 59.0
6 53 91.0 38.0
14 8 81.0 176.0
80 52 25.0 34.0
24 52 31.0 180.0
1 25 150.0 165.0
57 25 179.0 90.0
74 69 196.0 92.0
12 26 107.0 135.0
78 74 109.0 150.0
17 25 83.0 190.0
76 78 65.0 108.0
34 5 125.0 96.0
64 55 111.0 28.0
79 20 9.0 42.0
80 54 35.0 157.0
72 61 23.0 142.0
39 30 22.0 133.0
46 75 115.0 105.0
58 59 144.0 181.0
63 2 4.0 70.0
48 74 190.0 68.0
85 69 150.0 199.0
28 15 35.0 137.0
24 3 169.0 58.0
27 54 49.0 191.0
34 41 71.0 116.0
12 23 20.0 167.0
17 23 74.0 24.0
1 65 159.0 16.0
39 1 104.0 61.0
7 43 75.0 139.0
40 38 108.0 44.0
18 1 64.0 157.0
12 27 51.0 135.0
42 23 154.0 71.0
46 4 35.0 180.0
68 18 47.0 195.0
10 85 40.0 151.0
40 41 38.0 115.0
71 60 189.0 146.0
31 66 89.0 53.0
85 41 156.0 140.0
55 50 38.0 110.0
53 2 104.0 74.0
19 70 4.0 104.0
67 8 85.0 196.0
41 14 194.0 123.0
73 36 75.0 183.0
5 4 158.0 164.0
43 10 170.0 114.0
51 17 33.0 161.0
19 57 58.0 89.0
39 59 37.0 14.0
59 85 51.0 122.0
4 16 97.0 45.0
43 37 145.0 125.0
39 29 192.0 56.0
30 75 167.0 114.0
3 5 118.0 152.0
65 32 22.0 176.0
82 13 188.0 60.0
3 11 179.0 39.0
13 5 0.0 29.0
39 61 80.0 98.0
81 74 142.0 72.0
2 23 175.0 61.0
65 8 29.0 93.0
31 19 195.0 51.0
23 51 22.0 184.0
81 46 130.0 154.0
57 85 76.0 131.0
58 45 36.0 157.0
31 51 11.0 178.0
28 74 135.0 139.0
73 12 14.0 164.0
22 65 123.0 9.0
29 22 29.0 98.0
60 80 85.0 159.0
77 64 28.0 161.0
12 1 158.0 64.0
60 52 20.0 122.0
18 7 41.0 107.0
13 10 4.0 7.0
77 61 70.0 127.0
83 12 187.0 51.0
4 73 168.0 24.0
50 86 28.0 148.0
87 9 108.0 139.0
60 56 195.0 80.0
35 15 23.0 188.0
26 45 50.0 27.0
18 61 29.0 72.0
4 21 18.0 168.0
32 30 43.0 186.0
21 59 186.0 71.0
59 72 60.0 94.0
40 16 153.0 7.0
30 31 174.0 177.0
9 13 57.0 24.0
60 70 52.0 39.0
20 36 10.0 22.0
58 44 82.0 53.0
7 83 195.0 68.0
20 7 15.0 7.0
78 7 3.0 120.0
29 56 103.0 129.0
64 18 173.0 113.0
87 61 127.0 177.0
9 56 63.0 137.0
5 82 55.0 145.0
69 49 107.0 3.0
24 59 72.0 74.0
66 25 138.0 27.0
2 26 2.0 42.0
8 82 168.0 128.0
47 36 18.0 95.0
84 64 17.0 34.0
50 57 195.0 24.0
11 70 80.0 103.0
34 10 167.0 104.0
26 66 73.0 105.0
56 8 53.0 27.0
81 30 65.0 21.0
58 65 22.0 36.0
33 9 28.0 191.0
65 40 50.0 175.0
15 64 185.0 83.0
74 53 188.0 152.0
20 3 62.0 13.0
52 56 163.0 67.0
77 14 113.0 29.0
17 10 161.0 135.0
10 15 88.0 141.0
15 8 89.0 139.0
76 30 59.0 26.0
21 8 184.0 199.0
38 55 144.0 47.0
15 32 154.0 60.0
38 12 63.0 68.0
63 31 193.0 176.0
14 10 128.0 81.0
33 87 85.0 169.0
29 42 60.0 144.0
36 19 64.0 44.0
73 18 114.0 9.0
50 2 161.0 21.0
7 10 168.0 176.0
60 38 30.0 161.0
58 76 8.0 110.0
76 65 65.0 93.0
19 72 103.0 125.0
4 41 145.0 168.0
13 7 171.0 12.0
4 55 12.0 132.0
2 8 118.0 132.0
51 79 36.0 101.0
67 52 6.0 197.0
30 22 21.0 72.0
86 71 21.0 77.0
24 30 85.0 166.0
2 17 180.0 8.0
19 7 85.0 192.0
14 83 168.0 156.0
14 13 8.0 156.0
1 5 15.0 167.0
18 44 132.0 37.0
27 72 12.0 153.0
14 61 93.0 49.0
86 34 165.0 73.0
34 64 104.0 3.0
2 22 14.0 24.0
61 4 140.0 174.0
86 69 186.0 108.0
25 61 25.0 118.0
45 23 178.0 37.0
76 35 1.0 71.0
60 37 150.0 166.0
13 24 54.0 6.0
44 52 152.0 20.0
11 17 2.0 45.0
66 69 20.0 189.0
42 59 13.0 45.0
74 36 34.0 143.0
62 22 72.0 35.0
58 78 23.0 174.0
15 61 107.0 29.0
17 48 127.0 60.0
36 61 131.0 82.0
13 12 60.0 104.0
11 8 69.0 25.0
66 17 160.0 103.0
38 66 196.0 184.0
57 3 119.0 171.0
56 81 54.0 178.0
41 20 196.0 182.0
72 44 105.0 80.0
84 74 73.0 165.0
16 69 173.0 143.0
77 24 196.0 86.0
2 4 133.0 144.0
86 62 72.0 4.0
55 66 20.0 126.0
78 77 20.0 169.0
33 54 115.0 126.0
40 76 174.0 189.0
22 1 96.0 100.0
33 66 123.0 93.0
61 59 141.0 8.0
26 23 124.0 165.0
81 47 72.0 145.0
5 19 133.0 92.0
1 11 156.0 0.0
81 14 48.0 130.0
15 40 108.0 144.0
18 19 129.0 183.0
70 56 84.0 70.0
78 43 103.0 8.0
81 55 136.0 175.0
11 67 38.0 69.0
71 51 52.0 194.0
13 15 37.0 100.0
12 68 180.0 97.0
78 1 165.0 61.0
10 16 29.0 49.0
64 51 151.0 84.0
10 36 39.0 40.0
7 31 70.0 29.0
73 84 95.0 123.0
56 48 64.0 132.0
20 31 7.0 196.0
23 68 38.0 124.0
11 34 60.0 19.0
84 19 3.0 164.0
54 73 147.0 194.0
21 2 197.0 170.0
22 7 5.0 92.0
39 35 41.0 21.0
57 41 122.0 0.0
21 27 16.0 112.0
60 67 138.0 29.0
86 13 102.0 94.0
85 63 14.0 2.0
25 42 64.0 11.0
33 8 189.0 21.0
34 28 92.0 30.0
68 70 136.0 167.0
2 40 109.0 105.0
20 9 198.0 0.0
14 12 76.0 52.0
34 45 47.0 90.0
86 75 99.0 63.0
82 76 45.0 89.0
16 24 189.0 137.0
86 9 65.0 77.0
49 82 147.0 126.0
3 65 147.0 145.0
28 26 107.0 23.0
71 22 86.0 106.0
13 3 181.0 186.0
8 4 134.0 26.0
26 30 104.0 75.0
38 74 156.0 121.0
68 67 108.0 103.0
36 23 99.0 55.0
16 7 106.0 6.0
35 38 169.0 192.0
4 25 40.0 150.0
4 24 8.0 174.0
65 77 17.0 64.0
63 35 146.0 174.0
6 39 112.0 6.0
62 8 132.0 11.0
21 38 94.0 38.0
67 2 67.0 63.0
74 14 22.0 59.0
18 11 91.0 30.0
55 68 94.0 109.0
9 4 123.0 193.0
5 24 198.0 35.0
10 20 162.0 130.0
82 37 154.0 56.0
39 37 16.0 173.0
43 75 35.0 38.0
61 29 157.0 79.0
1 30 5.0 51.0
23 1 191.0 128.0
6 45 113.0 190.0
7 2 187.0 76.0
45 48 144.0 93.0
14 16 97.0 112.0
28 63 171.0 132.0
83 32 143.0 128.0
53 63 126.0 100.0
73 82 76.0 70.0
40 62 162.0 190.0
19 12 77.0 149.0
12 17 10.0 173.0
10 19 14.0 107.0
47 72 111.0 186.0
16 63 107.0 7.0
30 23 175.0 185.0
18 34 136.0 3.0
87 74 56.0 98.0
9 18 18.0 133.0
21 67 159.0 180.0
15 14 84.0 173.0
23 5 35.0 148.0
24 64 176.0 142.0
18 14 54.0 151.0
15 11 107.0 190.0
36 50 16.0 163.0
72 43 139.0 34.0
22 68 4.0 98.0
27 46 86.0 40.0
6 19 65.0 74.0
82 18 14.0 42.0
80 38 184.0 20.0
29 2 153.0 91.0
82 54 149.0 121.0
9 85 162.0 88.0
57 86 128.0 118.0
44 70 50.0 166.0
81 44 50.0 68.0
54 56 9.0 16.0
6 29 60.0 145.0
61 32 108.0 13.0
85 43 49.0 57.0
32 70 114.0 163.0
68 35 199.0 194.0
1 14 146.0 2.0
53 39 114.0 149.0
86 33 187.0 76.0
61 8 58.0 199.0
32 17 156.0 166.0
59 1 43.0 157.0
63 55 157.0 110.0
23 9 97.0 157.0
80 12 171.0 43.0
50 64 113.0 85.0
10 6 16.0 52.0
17 36 49.0 27.0
52 64 67.0 157.0
8 19 90.0 62.0
54 13 93.0 47.0
76 21 94.0 142.0
32 29 48.0 65.0
6 58 192.0 113.0
74 76 103.0 160.0
16 60 138.0 152.0
17 9 150.0 157.0
3 16 116.0 192.0
17 7 21.0 9.0
28 60 63.0 116.0
2 25 171.0 64.0
18 13 101.0 115.0
57 72 65.0 156.0
37 67 100.0 156.0
11 4 100.0 2.0
3 10 30.0 16.0
9 37 181.0 51.0
1 79 170.0 45.0
11 19 137.0 141.0
4 15 134.0 190.0
1 29 155.0 151.0
79 6 131.0 55.0
28 47 58.0 31.0
49 16 188.0 88.0
44 86 107.0 170.0
69 68 112.0 77.0
24 22 114.0 50.0
25 16 167.0 0.0
28 5 147.0 122.0
3 9 32.0 78.0
52 1 93.0 91.0
8 17 86.0 82.0
31 35 83.0 145.0
15 23 199.0 195.0
36 39 77.0 65.0
18 10 129.0 45.0
20 69 29.0 77.0
75 79 139.0 14.0
14 17 182.0 33.0
52 2 60.0 68.0
28 29 42.0 143.0
43 18 87.0 41.0
49 52 126.0 164.0
59 3 142.0 55.0
2 30 82.0 124.0
38 45 65.0 21.0
56 21 183.0 47.0
14 49 144.0 43.0
77 69 126.0 186.0
79 57 117.0 13.0
14 48 162.0 43.0
50 87 172.0 57.0
46 58 183.0 6.0
7 70 66.0 48.0
3 14 108.0 49.0
62 64 100.0 4.0
45 44 12.0 26.0
5 73 112.0 129.0
4 19 165.0 27.0
2 41 14.0 138.0
3 1 88.0 197.0
6 25 111.0 106.0
39 47 110.0 171.0
15 34 136.0 162.0
69 12 193.0 100.0
84 67 7.0 105.0
29 4 81.0 172.0
17 4 137.0 47.0
20 29 35.0 177.0
54 61 37.0 98.0
13 27 143.0 148.0
53 41 67.0 79.0
44 78 88.0 60.0
8 25 68.0 95.0
52 51 171.0 102.0
61 85 145.0 108.0
19 49 139.0 181.0
14 20 112.0 177.0
47 54 2.0 56.0
27 1 143.0 21.0
33 41 133.0 31.0
32 39 154.0 154.0
81 9 133.0 77.0
85 78 55.0 79.0
31 9 145.0 195.0
1 28 48.0 58.0
11 27 188.0 2.0
61 11 125.0 131.0
51 30 114.0 10.0
68 6 93.0 20.0
6 82 82.0 26.0
64 49 60.0 137.0
57 74 17.0 5.0
23 24 57.0 65.0
50 21 139.0 198.0
31 68 158.0 64.0
6 7 190.0 24.0
2 15 115.0 83.0
6 22 82.0 197.0
6 85 141.0 142.0
63 18 28.0 158.0
33 74 101.0 37.0
7 40 143.0 40.0
2 24 113.0 101.0
20 56 25.0 104.0
23 10 168.0 93.0
81 16 121.0 51.0
1 13 101.0 62.0
11 81 17.0 81.0
67 80 95.0 118.0
27 2 23.0 38.0
40 13 48.0 88.0
11 23 43.0 74.0
19 86 85.0 164.0
14 40 91.0 158.0
41 48 62.0 144.0
22 11 44.0 79.0
56 14 153.0 139.0
20 13 121.0 176.0
80 87 95.0 121.0
68 9 197.0 138.0
86 14 28.0 35.0
53 84 86.0 71.0
45 29 62.0 100.0
5 25 191.0 106.0
30 79 187.0 145.0
60 57 100.0 60.0
56 47 4.0 195.0
48 18 195.0 153.0
31 5 114.0 23.0
2 80 100.0 0.0
21 20 157.0 162.0
36 21 111.0 101.0
6 15 145.0 98.0
74 43 162.0 46.0
2 36 68.0 166.0
28 6 124.0 16.0
70 57 194.0 38.0
5 27 51.0 94.0
53 31 121.0 9.0
51 68 48.0 32.0
77 76 27.0 145.0
23 49 179.0 141.0
18 17 168.0 0.0
42 64 39.0 92.0
13 19 45.0 33.0
19 2 10.0 97.0
22 9 69.0 83.0
12 20 28.0 69.0
87 56 189.0 55.0
10 49 47.0 121.0
17 15 187.0 15.0
70 30 96.0 178.0
3 63 15.0 94.0
1 31 82.0 177.0
49 40 17.0 103.0
51 9 30.0 45.0
64 11 48.0 19.0
51 22 162.0 95.0
28 71 54.0 101.0
3 23 17.0 103.0
1 34 190.0 32.0
9 27 37.0 24.0
20 16 55.0 6.0
16 50 93.0 85.0
52 10 161.0 142.0
23 8 163.0 123.0
22 12 127.0 169.0
32 44 52.0 145.0
21 6 57.0 42.0
76 87 18.0 46.0
7 24 148.0 26.0
22 4 15.0 41.0
16 45 70.0 176.0
53 71 177.0 185.0
87 37 84.0 105.0
73 31 48.0 136.0
21 14 79.0 58.0
29 7 93.0 97.0
21 80 68.0 193.0
87 2 59.0 83.0
47 69 47.0 129.0
44 38 138.0 24.0
67 83 152.0 22.0
10 11 71.0 0.0
83 61 140.0 150.0
27 62 128.0 33.0
1 33 14.0 196.0
51 53 86.0 73.0
28 3 154.0 85.0
55 67 146.0 92.0
54 60 131.0 98.0
60 47 168.0 154.0
20 60 128.0 108.0
7 27 130.0 56.0
26 48 187.0 144.0
19 9 128.0 74.0
36 3 50.0 82.0
61 5 117.0 197.0
64 26 120.0 0.0
72 83 160.0 88.0
55 85 113.0 40.0
61 31 64.0 196.0
78 15 91.0 52.0
17 16 91.0 19.0
35 20 163.0 142.0
24 1 77.0 80.0
29 86 37.0 197.0
81 86 196.0 197.0
83 59 28.0 61.0
1 4 92.0 92.0
20 6 164.0 183.0
50 81 164.0 8.0
13 67 93.0 127.0
70 1 131.0 170.0
86 16 129.0 168.0
3 26 192.0 77.0
76 38 145.0 20.0
34 2 50.0 38.0
22 14 184.0 166.0
23 73 137.0 100.0
44 6 117.0 31.0
6 50 129.0 1.0
57 36 127.0 58.0
61 80 146.0 72.0
24 12 125.0 91.0
71 74 119.0 175.0
9 55 31.0 55.0
11 21 145.0 169.0
2 10 72.0 14.0
42 34 27.0 1.0
62 59 176.0 106.0
43 24 75.0 122.0
22 5 180.0 1.0
2 32 198.0 51.0
33 3 91.0 29.0
47 59 99.0 36.0
51 6 8.0 171.0
32 55 107.0 187.0
8 27 33.0 83.0
2 3 47.0 109.0
24 8 65.0 179.0
38 54 109.0 63.0
1 66 55.0 0.0
27 4 98.0 154.0
12 54 112.0 58.0
13 77 186.0 19.0
17 20 114.0 171.0
65 23 134.0 113.0
55 70 181.0 199.0
28 2 117.0 42.0
59 14 55.0 124.0
12 43 76.0 153.0
1 44 159.0 189.0
22 8 51.0 97.0
57 30 26.0 117.0
15 18 196.0 160.0
75 39 0.0 129.0
32 8 91.0 69.0
15 21 3.0 146.0
32 41 134.0 79.0
84 79 24.0 93.0
73 71 44.0 75.0
10 22 65.0 22.0
31 65 99.0 13.0
16 43 78.0 51.0
23 13 134.0 169.0
31 18 140.0 137.0
58 4 183.0 74.0
1 36 18.0 7.0
30 6 26.0 14.0
73 64 50.0 92.0
41 23 171.0 101.0
66 34 65.0 49.0
75 31 189.0 0.0
40 31 5.0 129.0
34 76 96.0 188.0
29 21 137.0 114.0
68 52 7.0 163.0
4 32 90.0 57.0
14 25 17.0 13.0
27 6 138.0 34.0
40 34 117.0 127.0
20 15 134.0 122.0
79 42 37.0 30.0
54 70 38.0 126.0
34 49 48.0 46.0
13 36 18.0 90.0
19 44 30.0 35.0
29 8 197.0 168.0
54 58 84.0 66.0
28 11 18.0 171.0
23 32 61.0 56.0
26 8 180.0 51.0
18 21 178.0 28.0
10 28 23.0 196.0
71 49 138.0 54.0
69 5 14.0 87.0
34 3 173.0 51.0
9 83 50.0 192.0
27 40 178.0 111.0
71 82 111.0 158.0
55 75 21.0 41.0
7 65 31.0 45.0
9 26 27.0 121.0
39 50 143.0 194.0
77 4 114.0 69.0
86 2 194.0 164.0
41 8 99.0 172.0
5 26 59.0 162.0
12 44 127.0 81.0
22 84 14.0 110.0
31 2 2.0 194.0
32 7 108.0 146.0
66 13 52.0 174.0
14 24 193.0 46.0
3 32 109.0 92.0
66 45 172.0 169.0
23 14 3.0 51.0
22 19 9.0 18.0
14 26 187.0 163.0
1 38 137.0 47.0
78 69 104.0 141.0
18 23 78.0 49.0
28 4 164.0 139.0
51 35 159.0 136.0
27 57 94.0 163.0
39 85 0.0 55.0
71 41 1.0 139.0
18 12 157.0 90.0
10 29 22.0 13.0
26 11 185.0 52.0
52 47 58.0 149.0
81 10 67.0 169.0
27 14 184.0 113.0
78 68 66.0 184.0
13 76 124.0 67.0
2 37 124.0 33.0
15 16 167.0 146.0
58 27 123.0 152.0
33 6 147.0 181.0
41 52 69.0 166.0
46 10 4.0 5.0
69 48 45.0 23.0
28 69 77.0 121.0
28 32 196.0 153.0
52 84 168.0 163.0
9 28 146.0 91.0
28 7 12.0 93.0
21 7 113.0 34.0
8 30 197.0 70.0
28 76 45.0 194.0
57 69 39.0 75.0
30 4 24.0 36.0
23 77 35.0 144.0
51 24 140.0 133.0
69 53 186.0 104.0
60 62 35.0 51.0
42 33 111.0 32.0
13 31 102.0 108.0
7 5 164.0 141.0
5 33 148.0 140.0
57 62 100.0 184.0
85 12 132.0 192.0
64 72 39.0 70.0
39 71 117.0 74.0
17 64 161.0 28.0
36 7 130.0 15.0
24 17 140.0 94.0
32 74 119.0 88.0
48 33 144.0 171.0
37 70 190.0 28.0
55 34 151.0 182.0
17 40 70.0 68.0
9 42 199.0 32.0
34 48 160.0 129.0
20 8 99.0 100.0
69 67 185.0 170.0
12 41 59.0 81.0
23 58 21.0 2.0
83 85 35.0 172.0
37 47 155.0 105.0
1 82 129.0 107.0
43 36 149.0 89.0
31 64 30.0 0.0
43 17 0.0 167.0
32 5 122.0 60.0
52 59 174.0 96.0
56 23 38.0 9.0
32 6 53.0 146.0
83 69 45.0 182.0
9 39 61.0 146.0
7 56 153.0 43.0
72 74 183.0 153.0
68 5 74.0 57.0
55 52 25.0 48.0
75 27 35.0 16.0
20 37 128.0 40.0
32 1 112.0 125.0
46 16 69.0 126.0
71 11 88.0 22.0
3 39 144.0 71.0
71 87 120.0 171.0
30 10 56.0 98.0
66 48 153.0 43.0
84 85 195.0 33.0
5 39 10.0 59.0
38 4 0.0 31.0
39 4 39.0 88.0
51 60 25.0 136.0
59 15 75.0 98.0
53 21 107.0 84.0
23 16 186.0 12.0
6 24 174.0 133.0
12 30 89.0 184.0
67 25 37.0 89.0
1 26 105.0 28.0
16 26 34.0 82.0
71 54 54.0 110.0
9 34 38.0 113.0
6 71 37.0 176.0
77 74 183.0 11.0
32 10 184.0 72.0
75 70 40.0 173.0
37 4 84.0 145.0
7 23 45.0 118.0
70 46 88.0 99.0
34 56 0.0 79.0
31 12 166.0 189.0
29 14 19.0 149.0
2 18 168.0 3.0
65 10 177.0 8.0
41 86 151.0 13.0
24 11 196.0 197.0
58 15 190.0 37.0
5 35 104.0 142.0
29 70 88.0 71.0
33 70 88.0 107.0
4 34 32.0 8.0
9 30 24.0 161.0
71 5 110.0 127.0
30 3 122.0 58.0
16 75 138.0 64.0
12 21 39.0 43.0
86 11 78.0 79.0
80 43 136.0 167.0
45 80 96.0 169.0
66 75 169.0 120.0
26 18 115.0 31.0
40 4 1.0 37.0
57 55 157.0 139.0
63 66 103.0 196.0
76 43 39.0 181.0
85 48 120.0 175.0
33 12 172.0 16.0
79 72 36.0 93.0
43 57 163.0 151.0
31 41 160.0 116.0
8 74 54.0 117.0
52 36 191.0 157.0
79 17 59.0 182.0
57 12 67.0 179.0
15 19 137.0 191.0
73 22 171.0 173.0
40 3 80.0 86.0
32 12 57.0 41.0
34 7 153.0 63.0
32 13 69.0 96.0
87 8 102.0 80.0
20 71 98.0 121.0
10 31 43.0 35.0
21 17 158.0 166.0
49 25 100.0 38.0
69 32 170.0 109.0
81 82 166.0 124.0
7 33 8.0 187.0
5 29 95.0 110.0
64 47 39.0 193.0
66 15 92.0 82.0
13 28 128.0 50.0
80 62 12.0 180.0
7 48 14.0 182.0
34 71 112.0 132.0
80 7 186.0 120.0
87 64 18.0 81.0
35 3 110.0 9.0
10 26 50.0 154.0
66 23 47.0 130.0
84 39 20.0 59.0
78 10 118.0 34.0
72 30 187.0 30.0
36 75 128.0 173.0
28 14 100.0 98.0
53 4 94.0 162.0
6 47 193.0 144.0
27 17 20.0 192.0
4 57 40.0 193.0
58 21 154.0 158.0
51 13 87.0 142.0
79 3 128.0 15.0
4 33 10.0 28.0
8 55 122.0 105.0
7 26 34.0 67.0
60 13 68.0 6.0
69 70 166.0 108.0
4 35 29.0 72.0
39 82 153.0 116.0
85 46 12.0 81.0
50 69 122.0 174.0
36 70 13.0 196.0
77 42 165.0 47.0
54 45 196.0 33.0
20 49 136.0 114.0
83 41 175.0 165.0
36 87 139.0 128.0
31 11 19.0 151.0
15 42 25.0 141.0
25 23 94.0 38.0
64 5 85.0 11.0
41 69 199.0 81.0
7 30 3.0 135.0
50 38 39.0 130.0
31 6 155.0 178.0
38 49 89.0 174.0
19 17 19.0 114.0
42 3 14.0 113.0
75 77 135.0 52.0
14 31 11.0 135.0
7 38 167.0 166.0
80 37 161.0 6.0
33 35 173.0 116.0
17 28 127.0 14.0
74 15 19.0 147.0
77 32 77.0 186.0
22 66 162.0 13.0
48 52 156.0 125.0
14 50 45.0 123.0
5 38 47.0 6.0
47 82 186.0 172.0
9 32 180.0 66.0
30 16 4.0 152.0
47 75 18.0 81.0
36 8 51.0 132.0
22 13 117.0 8.0
30 13 194.0 162.0
32 25 86.0 41.0
19 73 66.0 25.0
28 8 124.0 46.0
39 25 185.0 128.0
3 29 16.0 156.0
59 77 3.0 68.0
19 24 0.0 120.0
19 20 132.0 195.0
36 62 103.0 19.0
39 33 11.0 169.0
48 84 95.0 88.0
13 85 7.0 32.0
3 27 35.0 23.0
82 21 175.0 38.0
21 49 87.0 128.0
60 6 52.0 19.0
67 10 170.0 107.0
34 65 73.0 133.0
23 20 115.0 168.0
24 15 16.0 74.0
39 58 170.0 3.0
78 20 165.0 98.0
14 30 48.0 52.0
15 25 116.0 100.0
20 25 48.0 38.0
15 31 137.0 122.0
79 87 183.0 5.0
26 78 89.0 152.0
40 64 71.0 59.0
76 6 52.0 188.0
28 52 140.0 100.0
63 1 29.0 57.0
79 70 52.0 78.0
48 60 165.0 190.0
51 55 142.0 100.0
13 29 4.0 183.0
73 39 61.0 27.0
43 1 191.0 65.0
1 61 174.0 84.0
53 85 134.0 156.0
67 71 160.0 187.0
43 44 36.0 125.0
3 60 198.0 178.0
77 16 142.0 154.0
55 47 12.0 3.0
29 16 59.0 3.0
67 74 9.0 186.0
28 16 121.0 143.0
77 38 18.0 33.0
15 29 135.0 54.0
68 87 69.0 86.0
15 62 6.0 11.0
22 25 74.0 170.0
21 19 125.0 86.0
16 31 146.0 86.0
36 11 46.0 19.0
21 61 76.0 16.0
47 1 153.0 163.0
42 2 58.0 23.0
24 20 168.0 16.0
26 80 92.0 194.0
13 11 78.0 169.0
50 70 22.0 176.0
3 44 54.0 20.0
19 28 65.0 82.0
54 49 66.0 171.0
34 13 137.0 76.0
65 29 85.0 105.0
41 1 193.0 129.0
18 20 189.0 71.0
76 85 97.0 11.0
65 17 147.0 103.0
9 65 79.0 164.0
26 86 79.0 98.0
47 68 14.0 169.0
36 6 147.0 51.0
44 4 11.0 92.0
68 60 91.0 0.0
57 38 111.0 140.0
46 73 16.0 10.0
50 68 13.0 47.0
58 84 96.0 93.0
13 35 187.0 110.0
28 36 167.0 87.0
40 1 78.0 130.0
14 42 163.0 121.0
19 30 193.0 75.0
7 39 86.0 161.0
10 24 27.0 52.0
6 52 26.0 123.0
22 18 199.0 165.0
21 24 41.0 118.0
46 2 183.0 119.0
5 41 176.0 147.0
8 59 111.0 121.0
11 16 24.0 150.0
18 28 148.0 51.0
36 35 58.0 174.0
39 12 57.0 57.0
48 73 80.0 98.0
25 11 107.0 16.0
11 29 17.0 35.0
65 45 100.0 129.0
37 6 184.0 76.0
75 37 132.0 133.0
71 2 164.0 190.0
37 5 96.0 22.0
87 75 104.0 128.0
81 31 5.0 163.0
15 30 100.0 23.0
75 42 0.0 153.0
37 34 16.0 136.0
63 84 114.0 148.0
86 39 32.0 79.0
53 32 121.0 128.0
19 51 168.0 25.0
73 35 165.0 173.0
65 50 100.0 17.0
37 13 35.0 100.0
18 24 61.0 3.0
16 32 91.0 175.0
27 66 187.0 123.0
10 79 185.0 60.0
34 80 14.0 105.0
29 17 19.0 179.0
10 45 31.0 119.0
16 22 23.0 19.0
29 75 169.0 84.0
64 23 23.0 60.0
14 33 30.0 162.0
72 15 1.0 167.0
86 55 188.0 167.0
6 61 33.0 7.0
33 10 167.0 17.0
28 40 57.0 191.0
19 27 88.0 26.0
58 86 162.0 64.0
79 55 67.0 144.0
62 67 164.0 20.0
26 17 189.0 153.0
72 56 182.0 175.0
74 49 88.0 102.0
25 24 190.0 145.0
50 1 16.0 31.0
65 66 42.0 178.0
33 49 178.0 61.0
8 31 72.0 95.0
7 37 155.0 13.0
71 9 199.0 89.0
49 58 112.0 88.0
27 16 61.0 103.0
8 49 176.0 77.0
14 32 158.0 170.0
67 54 66.0 89.0
41 7 133.0 90.0
36 85 144.0 88.0
26 19 176.0 144.0
85 35 157.0 89.0
63 52 31.0 170.0
2 35 11.0 159.0
40 79 135.0 121.0
45 27 26.0 153.0
31 17 178.0 159.0
33 55 191.0 123.0
14 36 49.0 167.0
24 27 124.0 7.0
14 34 30.0 155.0
62 72 183.0 193.0
63 21 158.0 71.0
47 25 72.0 136.0
52 12 119.0 2.0
58 29 23.0 110.0
77 87 51.0 72.0
69 3 190.0 176.0
12 37 138.0 173.0
27 69 99.0 73.0
81 38 111.0 10.0
43 6 141.0 135.0
46 54 88.0 60.0
83 17 15.0 111.0
8 77 93.0 19.0
49 2 176.0 36.0
14 19 85.0 66.0
65 72 113.0 184.0
22 39 157.0 24.0
73 10 87.0 50.0
15 36 167.0 175.0
22 27 40.0 183.0
9 41 38.0 133.0
14 58 83.0 167.0
1 48 10.0 168.0
5 45 114.0 123.0
28 61 144.0 23.0
62 34 10.0 31.0
30 65 73.0 178.0
18 29 69.0 113.0
16 33 168.0 107.0
2 75 50.0 51.0
42 7 89.0 60.0
36 48 128.0 3.0
21 55 44.0 73.0
80 15 93.0 7.0
8 40 61.0 166.0
8 86 117.0 130.0
30 45 150.0 37.0
24 39 76.0 152.0
34 17 89.0 166.0
83 45 87.0 170.0
4 76 57.0 83.0
82 10 67.0 151.0
41 6 77.0 128.0
40 67 35.0 146.0
27 18 65.0 137.0
48 3 140.0 94.0
75 13 107.0 182.0
14 37 186.0 146.0
54 57 198.0 43.0
67 49 51.0 65.0
38 6 21.0 129.0
87 58 158.0 8.0
79 81 91.0 23.0
1 46 193.0 31.0
17 33 63.0 52.0
4 47 16.0 1.0
33 18 3.0 15.0
35 78 63.0 55.0
10 38 87.0 36.0
27 68 78.0 45.0
61 45 175.0 169.0
23 28 20.0 168.0
33 13 188.0 35.0
11 39 102.0 4.0
79 53 127.0 57.0
36 86 86.0 142.0
55 20 164.0 174.0
87 63 163.0 42.0
45 4 83.0 139.0
8 75 35.0 55.0
1 53 154.0 175.0
59 9 14.0 8.0
53 7 59.0 142.0
34 6 179.0 98.0
2 44 37.0 143.0
61 33 188.0 1.0
72 51 66.0 23.0
30 41 87.0 54.0
85 11 150.0 42.0
11 75 65.0 164.0
81 69 199.0 76.0
87 7 62.0 130.0
49 1 194.0 99.0
38 11 112.0 134.0
6 40 0.0 178.0
36 16 11.0 87.0
20 32 175.0 113.0
21 28 152.0 192.0
79 8 87.0 103.0
48 2 194.0 149.0
31 67 69.0 188.0
38 31 149.0 133.0
50 61 122.0 149.0
24 69 62.0 133.0
5 47 154.0 189.0
15 27 67.0 59.0
3 46 46.0 154.0
31 21 54.0 40.0
41 10 109.0 75.0
37 11 189.0 58.0
11 41 72.0 111.0
27 87 19.0 86.0
35 18 22.0 174.0
49 77 60.0 89.0
37 8 143.0 107.0
86 18 155.0 150.0
29 23 86.0 64.0
45 7 162.0 76.0
70 71 136.0 186.0
71 81 130.0 155.0
44 5 157.0 104.0
19 33 62.0 17.0
26 27 193.0 157.0
54 65 56.0 101.0
45 2 127.0 94.0
42 5 131.0 41.0
22 26 198.0 67.0
10 42 150.0 128.0
32 11 123.0 107.0
12 78 25.0 137.0
45 3 177.0 170.0
85 15 47.0 33.0
19 25 85.0 126.0
49 3 160.0 169.0
84 29 149.0 158.0
35 14 172.0 99.0
32 19 59.0 95.0
47 2 85.0 36.0
25 28 88.0 63.0
54 37 75.0 135.0
37 85 27.0 112.0
35 17 78.0 139.0
60 58 33.0 179.0
11 42 17.0 157.0
22 72 122.0 28.0
14 38 19.0 7.0
36 4 156.0 59.0
3 47 95.0 183.0
87 34 93.0 74.0
38 15 199.0 123.0
22 31 57.0 185.0
32 63 172.0 26.0
40 11 135.0 94.0
70 4 196.0 106.0
45 8 91.0 105.0
63 79 73.0 138.0
17 70 66.0 118.0
78 73 195.0 65.0
44 10 31.0 4.0
76 24 92.0 3.0
34 53 162.0 27.0
39 14 74.0 158.0
73 40 165.0 117.0
24 54 192.0 190.0
39 10 0.0 58.0
84 30 0.0 147.0
6 48 71.0 31.0
43 3 25.0 163.0
62 20 137.0 187.0
4 48 81.0 164.0
50 4 169.0 198.0
38 17 110.0 113.0
1 54 56.0 110.0
48 5 126.0 56.0
56 69 149.0 150.0
70 3 164.0 126.0
15 37 189.0 102.0
27 28 76.0 22.0
45 13 37.0 197.0
74 27 66.0 99.0
87 13 34.0 123.0
32 24 84.0 113.0
42 87 52.0 33.0
21 13 41.0 17.0
29 24 140.0 182.0
59 18 36.0 168.0
50 5 42.0 25.0
23 27 14.0 109.0
33 72 58.0 1.0
52 33 190.0 142.0
32 57 161.0 43.0
64 65 17.0 154.0
44 13 20.0 158.0
6 70 71.0 8.0
54 66 24.0 66.0
22 15 150.0 38.0
49 7 26.0 8.0
76 3 34.0 17.0
31 23 175.0 148.0
39 15 155.0 144.0
64 8 133.0 175.0
70 81 177.0 157.0
59 43 32.0 1.0
39 44 61.0 134.0
9 29 88.0 39.0
31 71 133.0 123.0
43 9 92.0 108.0
17 37 165.0 199.0
38 16 40.0 50.0
25 62 31.0 17.0
32 18 132.0 16.0
33 22 144.0 145.0
56 12 195.0 185.0
22 34 14.0 128.0
85 66 8.0 106.0
15 33 100.0 125.0
55 1 94.0 140.0
19 75 70.0 126.0
42 4 192.0 154.0
34 19 90.0 89.0
27 25 78.0 37.0
25 30 17.0 44.0
10 40 147.0 177.0
36 54 193.0 47.0
37 1 118.0 88.0
25 31 127.0 188.0
28 24 104.0 72.0
16 35 32.0 146.0
85 5 25.0 110.0
21 32 8.0 194.0
23 50 171.0 156.0
38 3 9.0 164.0
86 32 191.0 128.0
35 22 182.0 71.0
72 6 158.0 39.0
7 66 99.0 190.0
9 48 127.0 124.0
55 24 170.0 136.0
73 15 20.0 141.0
8 43 142.0 29.0
42 12 136.0 134.0
79 35 189.0 71.0
40 22 60.0 100.0
79 38 73.0 159.0
3 51 103.0 0.0
84 42 98.0 25.0
56 77 132.0 118.0
3 54 142.0 74.0
16 41 187.0 78.0
37 19 65.0 129.0
39 17 163.0 77.0
38 9 15.0 36.0
68 45 128.0 70.0
56 1 9.0 179.0
58 1 142.0 141.0
33 20 111.0 36.0
80 29 142.0 98.0
40 12 180.0 159.0
21 34 32.0 143.0
34 12 1.0 199.0
47 53 148.0 81.0
59 69 84.0 158.0
49 32 163.0 178.0
48 40 196.0 74.0
45 12 50.0 90.0
18 37 65.0 182.0
52 50 120.0 49.0
55 3 80.0 73.0
4 79 187.0 28.0
54 4 181.0 23.0
70 53 161.0 144.0
16 12 154.0 109.0
16 73 0.0 157.0
44 14 95.0 65.0
30 64 129.0 167.0
23 76 184.0 9.0
23 34 66.0 123.0
59 7 70.0 199.0
55 2 76.0 32.0
20 34 10.0 30.0
7 68 198.0 163.0
22 36 152.0 45.0
40 50 161.0 81.0
38 43 152.0 97.0
33 26 161.0 18.0
11 46 74.0 32.0
39 27 131.0 150.0
8 46 2.0 94.0
78 63 55.0 152.0
16 42 36.0 7.0
32 26 16.0 198.0
9 45 12.0 169.0
47 8 138.0 174.0
36 65 174.0 12.0
44 9 131.0 105.0
27 48 119.0 134.0
23 35 198.0 126.0
8 48 47.0 34.0
40 18 105.0 16.0
16 34 52.0 69.0
36 18 33.0 190.0
74 34 127.0 159.0
52 4 116.0 59.0
50 78 129.0 187.0
25 34 172.0 79.0
73 47 172.0 171.0
29 26 34.0 77.0
21 35 49.0 86.0
11 47 95.0 82.0
79 77 53.0 23.0
46 13 179.0 121.0
29 30 114.0 60.0
44 31 173.0 86.0
78 54 7.0 145.0
62 58 122.0 41.0
81 83 62.0 171.0
12 47 91.0 110.0
58 2 10.0 144.0
72 87 50.0 142.0
20 28 101.0 116.0
29 48 51.0 74.0
33 21 162.0 58.0
75 52 113.0 84.0
9 47 85.0 128.0
77 62 12.0 128.0
35 24 194.0 23.0
26 31 168.0 44.0
42 19 165.0 21.0
24 31 32.0 168.0
48 11 11.0 147.0
46 12 159.0 77.0
63 82 52.0 197.0
50 9 118.0 16.0
44 8 192.0 64.0
9 61 132.0 112.0
18 41 40.0 97.0
79 44 48.0 24.0
26 35 74.0 59.0
41 15 146.0 185.0
2 56 88.0 150.0
41 17 58.0 158.0
46 21 18.0 2.0
73 29 55.0 150.0
2 68 78.0 47.0
24 38 14.0 78.0
53 3 102.0 40.0
27 33 71.0 0.0
37 55 68.0 160.0
52 5 130.0 126.0
55 6 127.0 101.0
36 25 43.0 182.0
43 15 173.0 73.0
53 8 0.0 140.0
27 32 19.0 54.0
5 49 71.0 42.0
52 9 80.0 139.0
44 17 70.0 163.0
46 9 93.0 197.0
35 25 23.0 137.0
35 53 166.0 148.0
46 15 107.0 118.0
23 37 35.0 78.0
23 61 190.0 106.0
60 2 52.0 71.0
3 56 66.0 122.0
49 11 21.0 160.0
54 5 165.0 44.0
25 37 125.0 131.0
50 76 158.0 184.0
16 44 105.0 194.0
33 29 162.0 95.0
44 48 18.0 166.0
81 80 58.0 85.0
82 66 163.0 80.0
13 72 9.0 128.0
39 18 7.0 87.0
34 27 188.0 117.0
38 20 173.0 45.0
51 4 118.0 135.0
68 17 67.0 89.0
45 14 52.0 78.0
24 68 121.0 15.0
35 27 56.0 130.0
60 15 72.0 15.0
39 19 79.0 12.0
32 45 16.0 52.0
57 71 65.0 86.0
87 35 85.0 84.0
12 48 176.0 89.0
68 79 107.0 97.0
13 48 11.0 163.0
56 4 94.0 36.0
8 85 162.0 173.0
35 37 160.0 178.0
20 81 60.0 177.0
29 27 94.0 97.0
18 75 96.0 70.0
15 47 196.0 3.0
50 7 153.0 160.0
53 10 111.0 48.0
2 61 6.0 73.0
11 50 19.0 166.0
41 19 13.0 32.0
56 6 181.0 107.0
38 78 112.0 77.0
1 60 6.0 109.0
46 17 48.0 159.0
1 35 165.0 159.0
26 42 188.0 172.0
83 58 161.0 7.0
77 53 143.0 175.0
9 54 141.0 124.0
21 39 118.0 54.0
33 30 186.0 124.0
62 2 105.0 34.0
12 67 32.0 22.0
13 39 22.0 20.0
56 85 23.0 183.0
39 23 44.0 166.0
17 42 109.0 186.0
27 36 134.0 28.0
79 9 43.0 120.0
43 20 136.0 100.0
26 34 132.0 168.0
36 24 106.0 106.0
45 15 92.0 129.0
54 10 145.0 89.0
42 21 188.0 55.0
50 12 126.0 122.0
32 31 128.0 121.0
55 25 103.0 16.0
14 51 12.0 36.0
3 73 198.0 118.0
53 9 137.0 43.0
17 47 87.0 82.0
69 17 130.0 28.0
36 26 64.0 56.0
57 63 197.0 144.0
58 7 93.0 101.0
54 44 126.0 58.0
29 74 120.0 124.0
11 43 126.0 9.0
56 79 162.0 166.0
9 67 57.0 92.0
41 13 193.0 121.0
3 62 27.0 143.0
39 55 26.0 73.0
54 8 20.0 152.0
38 22 91.0 92.0
45 18 199.0 170.0
52 85 78.0 162.0
56 40 178.0 135.0
58 12 136.0 124.0
83 15 156.0 116.0
61 55 100.0 182.0
26 37 187.0 72.0
69 80 110.0 31.0
33 31 67.0 110.0
41 35 171.0 145.0
74 55 137.0 101.0
58 85 172.0 74.0
30 18 59.0 128.0
62 4 107.0 111.0
59 37 63.0 94.0
34 29 175.0 173.0
42 20 167.0 43.0
77 43 138.0 138.0
51 7 71.0 27.0
30 34 14.0 44.0
72 71 174.0 25.0
70 18 135.0 81.0
30 35 30.0 198.0
31 87 84.0 157.0
23 40 67.0 51.0
51 15 122.0 157.0
8 66 151.0 194.0
44 34 81.0 117.0
48 10 101.0 8.0
24 34 9.0 37.0
73 17 175.0 191.0
29 25 119.0 59.0
29 36 50.0 138.0
46 18 186.0 172.0
21 37 69.0 90.0
5 60 71.0 151.0
51 12 38.0 124.0
62 66 122.0 199.0
75 71 60.0 49.0
76 20 48.0 131.0
53 14 175.0 98.0
20 39 100.0 113.0
50 17 97.0 169.0
6 57 169.0 120.0
22 77 136.0 160.0
47 40 59.0 58.0
54 11 145.0 120.0
46 20 89.0 193.0
64 1 141.0 64.0
18 57 54.0 41.0
73 32 152.0 152.0
82 3 19.0 122.0
52 13 180.0 155.0
51 32 95.0 39.0
53 11 39.0 40.0
55 10 188.0 80.0
29 38 142.0 129.0
41 25 112.0 196.0
15 44 169.0 65.0
37 28 98.0 188.0
7 47 166.0 30.0
38 28 132.0 14.0
39 83 48.0 123.0
17 49 20.0 188.0
27 37 80.0 162.0
40 29 127.0 144.0
55 11 40.0 48.0
43 65 73.0 91.0
83 51 145.0 192.0
50 13 181.0 29.0
11 51 156.0 181.0
43 23 114.0 177.0
85 45 185.0 194.0
4 63 118.0 112.0
33 32 0.0 110.0
30 28 138.0 26.0
38 27 122.0 35.0
57 7 92.0 55.0
52 15 182.0 49.0
45 22 151.0 96.0
71 26 176.0 136.0
47 13 81.0 94.0
47 29 166.0 33.0
62 5 89.0 56.0
37 16 61.0 163.0
15 49 181.0 154.0
82 43 167.0 163.0
49 18 106.0 70.0
7 60 187.0 82.0
16 52 22.0 20.0
12 53 147.0 140.0
30 36 199.0 36.0
39 26 99.0 60.0
12 55 26.0 80.0
5 51 158.0 145.0
47 18 14.0 65.0
84 49 131.0 153.0
53 15 65.0 106.0
41 27 197.0 12.0
46 14 138.0 148.0
33 28 170.0 37.0
35 34 1.0 148.0
62 61 24.0 111.0
63 6 35.0 190.0
44 25 56.0 118.0
19 46 2.0 121.0
54 7 74.0 199.0
22 42 36.0 12.0
38 68 188.0 158.0
21 45 88.0 141.0
5 56 14.0 65.0
27 42 57.0 1.0
33 37 125.0 65.0
20 47 23.0 127.0
46 45 108.0 49.0
65 5 88.0 145.0
4 64 39.0 28.0
24 42 115.0 128.0
46 24 108.0 82.0
9 60 8.0 118.0
27 51 4.0 133.0
74 6 193.0 27.0
29 37 167.0 102.0
9 76 59.0 7.0
42 52 17.0 98.0
26 82 36.0 84.0
55 14 28.0 145.0
68 1 157.0 188.0
7 44 168.0 161.0
60 4 74.0 114.0
58 80 13.0 193.0
40 30 173.0 72.0
48 19 49.0 142.0
19 45 176.0 86.0
78 37 147.0 156.0
75 14 44.0 57.0
25 38 0.0 165.0
44 59 81.0 75.0
67 1 166.0 94.0
1 76 161.0 91.0
18 83 142.0 10.0
10 58 110.0 70.0
86 59 77.0 58.0
64 59 141.0 74.0
69 22 149.0 142.0
80 55 117.0 30.0
69 15 162.0 83.0
38 30 36.0 75.0
67 4 125.0 178.0
41 61 118.0 36.0
5 57 103.0 147.0
63 70 150.0 45.0
4 68 130.0 99.0
44 20 1.0 47.0
27 70 154.0 164.0
59 11 121.0 191.0
43 22 116.0 47.0
23 48 102.0 186.0
45 25 42.0 158.0
85 65 119.0 144.0
16 54 106.0 50.0
4 6 37.0 107.0
67 3 141.0 191.0
74 10 44.0 62.0
40 21 178.0 112.0
80 84 73.0 33.0
55 15 195.0 115.0
31 39 192.0 66.0
69 2 134.0 50.0
65 6 50.0 171.0
32 36 148.0 143.0
11 76 105.0 144.0
75 45 163.0 35.0
22 44 195.0 37.0
42 28 61.0 142.0
64 69 124.0 5.0
44 26 147.0 10.0
75 84 98.0 149.0
7 52 97.0 46.0
81 52 21.0 154.0
31 36 59.0 184.0
55 17 125.0 6.0
23 46 194.0 187.0
52 19 187.0 71.0
10 57 165.0 87.0
53 16 15.0 63.0
27 43 83.0 64.0
57 13 155.0 104.0
19 59 121.0 166.0
68 48 140.0 47.0
41 26 31.0 86.0
9 77 130.0 171.0
29 41 6.0 47.0
17 82 175.0 173.0
25 43 79.0 10.0
34 36 118.0 186.0
13 56 17.0 40.0
59 82 198.0 109.0
34 32 155.0 181.0
22 47 96.0 38.0
50 80 57.0 54.0
8 63 23.0 184.0
41 28 175.0 102.0
16 48 64.0 93.0
6 59 21.0 33.0
9 57 101.0 171.0
19 50 195.0 57.0
43 28 67.0 91.0
85 30 32.0 124.0
56 15 92.0 56.0
13 55 117.0 19.0
67 6 95.0 182.0
62 1 26.0 116.0
26 46 152.0 128.0
22 50 49.0 147.0
59 31 68.0 116.0
60 64 163.0 101.0
33 40 62.0 7.0
28 35 170.0 179.0
24 45 144.0 18.0
16 55 143.0 171.0
18 53 118.0 95.0
66 5 172.0 167.0
1 69 23.0 40.0
4 84 186.0 138.0
17 56 22.0 48.0
16 56 117.0 144.0
62 78 174.0 62.0
3 83 23.0 117.0
87 3 72.0 93.0
86 60 142.0 44.0
24 47 76.0 165.0
62 23 84.0 62.0
84 65 75.0 58.0
60 14 136.0 145.0
49 44 166.0 111.0
31 55 28.0 141.0
33 38 151.0 52.0
44 30 142.0 46.0
45 28 14.0 170.0
57 17 19.0 51.0
46 68 90.0 47.0
32 35 182.0 27.0
63 7 199.0 100.0
12 61 15.0 27.0
13 61 75.0 119.0
1 71 11.0 17.0
87 38 195.0 178.0
19 67 171.0 167.0
51 18 107.0 13.0
24 37 13.0 41.0
62 7 153.0 12.0
57 16 164.0 168.0
20 52 149.0 39.0
54 6 133.0 112.0
46 25 22.0 80.0
84 45 114.0 145.0
62 10 171.0 173.0
46 28 34.0 184.0
30 43 43.0 187.0
10 61 161.0 7.0
19 53 151.0 62.0
31 48 105.0 84.0
57 73 41.0 79.0
58 13 178.0 155.0
68 3 87.0 101.0
32 40 1.0 73.0
53 86 126.0 44.0
9 63 67.0 39.0
29 43 159.0 170.0
11 63 94.0 16.0
72 1 88.0 135.0
54 21 9.0 18.0
55 18 168.0 48.0
16 58 96.0 170.0
20 51 6.0 174.0
70 2 171.0 25.0
51 77 193.0 131.0
64 10 127.0 39.0
15 57 68.0 15.0
15 48 44.0 29.0
52 22 16.0 164.0
52 43 38.0 64.0
45 51 23.0 197.0
81 25 121.0 194.0
9 64 125.0 66.0
29 44 124.0 52.0
69 7 106.0 145.0
69 6 112.0 102.0
40 37 156.0 80.0
31 42 6.0 195.0
52 21 188.0 29.0
25 48 89.0 61.0
13 59 134.0 166.0
3 71 121.0 58.0
18 56 149.0 27.0
54 14 86.0 13.0
72 3 101.0 43.0
74 2 125.0 107.0
80 44 52.0 113.0
2 72 20.0 93.0
17 53 191.0 154.0
40 35 126.0 113.0
69 4 2.0 27.0
26 57 122.0 89.0
16 78 74.0 175.0
19 54 160.0 199.0
10 63 137.0 164.0
46 5 198.0 110.0
54 20 157.0 142.0
34 38 102.0 35.0
69 14 73.0 104.0
70 82 139.0 195.0
66 10 55.0 165.0
73 1 30.0 167.0
39 28 78.0 168.0
49 24 68.0 76.0
30 47 76.0 177.0
25 50 77.0 178.0
25 51 128.0 150.0
33 69 9.0 67.0
38 37 129.0 65.0
26 49 35.0 159.0
47 26 162.0 113.0
45 31 4.0 182.0
36 38 90.0 32.0
65 13 197.0 167.0
13 63 176.0 125.0
42 32 140.0 186.0
1 74 30.0 69.0
51 2 104.0 18.0
73 2 169.0 66.0
74 3 138.0 125.0
36 41 84.0 180.0
64 13 116.0 81.0
75 1 88.0 92.0
56 19 184.0 28.0
36 40 117.0 167.0
55 23 89.0 173.0
52 17 94.0 59.0
7 67 153.0 32.0
54 17 13.0 37.0
70 8 31.0 129.0
85 4 133.0 119.0
14 57 134.0 117.0
57 22 130.0 3.0
75 20 90.0 19.0
22 54 160.0 184.0
64 48 13.0 65.0
65 26 43.0 178.0
2 76 2.0 26.0
74 18 86.0 135.0
58 18 98.0 172.0
10 56 110.0 180.0
4 72 23.0 0.0
33 34 101.0 135.0
54 23 84.0 66.0
46 29 26.0 79.0
75 81 90.0 180.0
39 38 105.0 177.0
25 13 161.0 155.0
56 22 180.0 23.0
46 31 21.0 155.0
43 32 65.0 74.0
27 50 144.0 101.0
62 13 193.0 123.0
62 11 99.0 83.0
82 28 43.0 156.0
62 14 191.0 156.0
58 19 86.0 123.0
41 37 68.0 107.0
23 53 12.0 85.0
55 72 10.0 156.0
48 22 166.0 155.0
25 52 58.0 17.0
26 50 69.0 53.0
62 12 37.0 12.0
43 34 48.0 124.0
76 57 88.0 68.0
26 40 38.0 100.0
51 28 171.0 48.0
50 28 127.0 89.0
5 72 101.0 137.0
44 33 71.0 122.0
44 55 195.0 108.0
67 70 188.0 43.0
47 31 181.0 28.0
22 53 68.0 19.0
46 48 80.0 39.0
56 64 73.0 159.0
81 35 20.0 126.0
42 37 93.0 43.0
68 10 4.0 89.0
53 25 104.0 144.0
39 41 20.0 37.0
77 12 92.0 88.0
42 36 4.0 173.0
67 51 147.0 78.0
86 87 123.0 120.0
52 26 187.0 17.0
81 2 156.0 143.0
34 61 42.0 12.0
41 65 15.0 63.0
68 66 88.0 108.0
29 51 95.0 92.0
46 56 50.0 42.0
48 79 84.0 126.0
37 36 97.0 23.0
75 3 143.0 5.0
20 84 18.0 138.0
53 80 79.0 33.0
58 35 143.0 167.0
66 11 196.0 38.0
75 4 13.0 46.0
78 2 177.0 49.0
34 47 20.0 75.0
48 28 46.0 116.0
34 39 22.0 16.0
71 8 15.0 53.0
49 30 21.0 159.0
5 75 118.0 17.0
70 10 82.0 83.0
54 25 160.0 59.0
47 66 196.0 180.0
4 78 121.0 194.0
26 55 61.0 144.0
74 7 58.0 77.0
51 38 106.0 32.0
14 64 120.0 24.0
4 74 62.0 2.0
68 11 99.0 22.0
73 13 67.0 47.0
70 9 57.0 140.0
54 76 119.0 119.0
63 23 156.0 129.0
7 72 121.0 62.0
46 34 36.0 41.0
86 76 144.0 98.0
83 35 157.0 195.0
48 32 182.0 176.0
15 63 144.0 39.0
30 46 139.0 15.0
53 26 42.0 95.0
49 43 77.0 116.0
17 62 196.0 113.0
72 8 114.0 140.0
11 65 63.0 71.0
47 32 119.0 45.0
33 59 68.0 63.0
27 52 6.0 7.0
60 17 136.0 48.0
73 6 110.0 13.0
41 38 83.0 106.0
74 5 79.0 197.0
61 20 16.0 95.0
72 10 134.0 135.0
53 28 77.0 3.0
15 67 59.0 83.0
2 77 132.0 195.0
66 76 130.0 43.0
29 85 35.0 13.0
61 17 186.0 114.0
63 17 49.0 2.0
73 7 135.0 183.0
35 45 173.0 164.0
48 30 22.0 32.0
78 82 139.0 154.0
70 84 132.0 69.0
23 59 103.0 167.0
44 36 26.0 41.0
29 49 1.0 27.0
40 70 30.0 89.0
57 20 106.0 3.0
23 52 144.0 128.0
5 11 59.0 83.0
25 58 187.0 191.0
37 44 182.0 42.0
50 29 140.0 160.0
20 59 20.0 94.0
76 5 2.0 50.0
67 26 49.0 108.0
42 80 110.0 145.0
69 13 7.0 121.0
18 54 118.0 194.0
53 27 169.0 52.0
33 56 53.0 109.0
83 1 53.0 73.0
62 42 183.0 7.0
35 46 72.0 184.0
43 33 31.0 135.0
77 5 43.0 38.0
61 3 97.0 113.0
65 15 43.0 18.0
30 52 34.0 49.0
6 62 78.0 39.0
68 15 78.0 61.0
73 8 75.0 103.0
48 51 190.0 106.0
32 50 72.0 33.0
9 74 54.0 121.0
41 43 195.0 97.0
64 16 55.0 29.0
10 69 171.0 85.0
39 40 37.0 1.0
23 60 175.0 112.0
14 72 197.0 165.0
52 54 101.0 69.0
78 3 113.0 155.0
16 76 102.0 108.0
45 36 76.0 110.0
64 67 80.0 199.0
33 46 142.0 117.0
78 65 55.0 69.0
10 71 171.0 52.0
80 4 186.0 24.0
46 36 98.0 100.0
29 53 38.0 1.0
28 56 111.0 114.0
62 19 56.0 143.0
28 54 75.0 198.0
30 50 145.0 82.0
53 49 144.0 68.0
18 60 128.0 83.0
45 37 110.0 27.0
67 16 145.0 101.0
8 84 5.0 9.0
1 7 99.0 62.0
46 37 6.0 126.0
86 82 191.0 103.0
35 70 160.0 136.0
66 18 190.0 88.0
29 54 97.0 53.0
33 65 42.0 43.0
61 51 154.0 48.0
52 34 121.0 5.0
87 62 59.0 80.0
7 76 139.0 50.0
68 13 26.0 99.0
39 63 63.0 169.0
58 26 55.0 113.0
9 72 49.0 97.0
14 68 20.0 4.0
84 40 138.0 94.0
82 2 185.0 197.0
42 38 120.0 124.0
14 76 199.0 99.0
43 40 171.0 15.0
65 42 18.0 178.0
20 63 148.0 19.0
52 78 189.0 168.0
14 65 78.0 127.0
51 33 2.0 63.0
9 75 117.0 122.0
60 22 31.0 117.0
63 37 83.0 155.0
70 38 48.0 53.0
65 19 39.0 148.0
43 51 33.0 28.0
65 48 71.0 111.0
46 80 162.0 25.0
71 12 181.0 80.0
24 61 115.0 165.0
16 66 93.0 198.0
57 87 167.0 93.0
54 31 125.0 6.0
35 42 192.0 111.0
54 69 28.0 16.0
43 42 167.0 142.0
5 78 15.0 100.0
57 66 4.0 130.0
40 44 95.0 49.0
48 38 65.0 62.0
70 14 45.0 143.0
21 62 3.0 37.0
77 3 129.0 183.0
29 55 188.0 48.0
61 30 71.0 3.0
44 24 8.0 28.0
55 22 154.0 103.0
4 71 107.0 20.0
35 48 47.0 152.0
45 71 197.0 2.0
5 80 42.0 79.0
8 76 10.0 183.0
20 65 147.0 34.0
39 46 94.0 107.0
68 44 15.0 48.0
62 79 168.0 123.0
80 6 104.0 15.0
45 39 117.0 54.0
83 60 16.0 111.0
80 3 41.0 179.0
75 10 57.0 140.0
74 11 70.0 151.0
37 48 136.0 86.0
67 14 59.0 104.0
57 28 158.0 164.0
81 57 194.0 75.0
12 72 115.0 162.0
17 67 66.0 156.0
56 50 133.0 75.0
1 84 152.0 156.0
70 15 53.0 40.0
47 46 191.0 113.0
60 25 159.0 149.0
27 59 102.0 105.0
82 4 100.0 17.0
33 47 68.0 118.0
15 71 118.0 153.0
87 47 100.0 22.0
4 83 154.0 106.0
84 2 183.0 146.0
47 38 199.0 94.0
63 19 91.0 101.0
3 86 133.0 143.0
24 41 171.0 1.0
24 62 25.0 41.0
76 67 120.0 77.0
14 71 94.0 26.0
62 49 154.0 29.0
83 24 148.0 153.0
2 83 47.0 191.0
69 9 25.0 133.0
19 61 1.0 148.0
30 55 162.0 178.0
11 87 139.0 82.0
32 46 97.0 33.0
79 7 157.0 4.0
7 77 13.0 57.0
52 35 97.0 13.0
64 57 33.0 74.0
5 81 178.0 186.0
64 45 73.0 140.0
78 8 66.0 13.0
40 45 19.0 116.0
70 16 199.0 176.0
49 76 97.0 164.0
77 10 119.0 194.0
51 34 60.0 152.0
70 43 160.0 190.0
69 19 130.0 34.0
34 54 90.0 196.0
21 51 58.0 110.0
59 28 14.0 9.0
46 40 57.0 111.0
78 56 83.0 129.0
12 74 171.0 95.0
85 3 130.0 131.0
28 58 175.0 60.0
85 31 114.0 17.0
77 6 58.0 124.0
71 68 142.0 72.0
62 26 67.0 151.0
84 36 168.0 150.0
68 19 190.0 139.0
21 64 1.0 72.0
66 19 9.0 128.0
32 54 167.0 123.0
60 26 95.0 177.0
31 50 145.0 37.0
61 26 26.0 13.0
71 78 39.0 195.0
78 9 147.0 181.0
19 64 2.0 149.0
59 29 185.0 11.0
31 57 153.0 152.0
73 14 19.0 48.0
64 22 116.0 116.0
20 67 104.0 143.0
40 72 62.0 96.0
5 83 86.0 9.0
76 29 174.0 88.0
77 11 67.0 159.0
25 63 174.0 20.0
41 47 29.0 145.0
61 27 142.0 146.0
1 87 44.0 46.0
63 24 107.0 106.0
64 68 7.0 193.0
37 50 22.0 182.0
30 58 125.0 90.0
85 2 103.0 100.0
54 30 46.0 133.0
7 82 107.0 188.0
37 51 155.0 151.0
48 81 53.0 62.0
60 27 8.0 13.0
35 49 78.0 183.0
84 6 46.0 3.0
53 30 123.0 101.0
35 66 64.0 169.0
12 76 193.0 171.0
84 5 26.0 100.0
30 59 163.0 32.0
67 27 116.0 171.0
45 42 80.0 194.0
11 72 19.0 78.0
62 85 10.0 94.0
75 15 40.0 75.0
30 83 22.0 33.0
65 25 158.0 49.0
56 32 172.0 121.0
77 28 22.0 88.0
39 43 83.0 54.0
75 80 190.0 54.0
4 86 87.0 1.0
48 71 41.0 127.0
58 20 52.0 63.0
74 23 96.0 10.0
24 65 79.0 20.0
58 32 80.0 101.0
26 63 32.0 163.0
24 66 10.0 175.0
67 86 185.0 97.0
8 81 86.0 178.0
8 80 137.0 138.0
67 22 59.0 33.0
60 43 114.0 139.0
25 59 113.0 194.0
80 57 93.0 97.0
21 69 101.0 55.0
58 31 108.0 86.0
47 42 172.0 195.0
73 53 19.0 109.0
12 75 171.0 31.0
81 6 68.0 37.0
72 16 167.0 181.0
46 43 125.0 60.0
63 27 104.0 26.0
16 71 55.0 164.0
1 85 42.0 27.0
42 49 31.0 61.0
53 37 33.0 155.0
18 69 81.0 101.0
17 72 70.0 0.0
33 53 121.0 148.0
4 81 53.0 25.0
72 18 71.0 108.0
60 32 146.0 113.0
13 74 109.0 130.0
50 35 138.0 94.0
73 37 158.0 171.0
62 28 153.0 180.0
20 68 64.0 74.0
87 5 94.0 69.0
11 79 143.0 165.0
39 48 145.0 42.0
66 21 81.0 6.0
43 48 190.0 171.0
52 38 88.0 148.0
56 53 1.0 41.0
78 23 112.0 17.0
55 36 161.0 158.0
78 30 186.0 57.0
87 4 17.0 131.0
15 76 32.0 98.0
60 72 95.0 174.0
37 49 182.0 135.0
20 70 165.0 183.0
42 60 163.0 30.0
71 38 55.0 77.0
51 41 123.0 41.0
47 43 8.0 92.0
11 78 108.0 192.0
76 71 81.0 155.0
65 27 149.0 63.0
30 62 167.0 115.0
71 21 189.0 83.0
62 29 102.0 44.0
50 41 183.0 177.0
12 79 78.0 191.0
73 58 178.0 186.0
41 67 47.0 11.0
10 83 108.0 196.0
64 43 24.0 76.0
74 16 46.0 165.0
68 26 117.0 148.0
34 57 63.0 100.0
10 80 160.0 141.0
50 53 183.0 90.0
21 68 63.0 182.0
16 79 2.0 171.0
26 79 155.0 178.0
5 70 29.0 1.0
13 71 54.0 98.0
85 7 174.0 117.0
10 76 123.0 86.0
69 82 17.0 107.0
8 83 8.0 80.0
57 35 15.0 162.0
31 69 161.0 122.0
6 86 141.0 143.0
75 40 2.0 147.0
68 61 137.0 128.0
77 54 119.0 61.0
19 71 23.0 136.0
24 67 134.0 31.0
54 39 174.0 101.0
36 56 123.0 88.0
39 51 122.0 16.0
23 69 168.0 124.0
22 70 160.0 106.0
52 40 12.0 79.0
77 15 152.0 35.0
40 54 11.0 86.0
28 64 2.0 185.0
49 6 108.0 125.0
56 75 33.0 182.0
21 73 141.0 153.0
87 55 84.0 101.0
52 11 121.0 96.0
64 29 140.0 26.0
50 45 16.0 151.0
51 40 14.0 18.0
58 34 122.0 75.0
44 47 149.0 107.0
45 47 180.0 90.0
53 36 3.0 64.0
17 74 81.0 76.0
23 71 48.0 173.0
65 28 19.0 17.0
58 81 30.0 185.0
77 17 23.0 153.0
51 42 34.0 172.0
35 56 146.0 15.0
84 83 34.0 101.0
33 50 91.0 115.0
75 7 199.0 140.0
7 86 81.0 18.0
25 70 179.0 111.0
74 22 134.0 3.0
12 81 54.0 120.0
39 52 148.0 0.0
14 79 63.0 182.0
11 82 111.0 106.0
25 69 55.0 110.0
38 53 4.0 136.0
62 32 3.0 135.0
31 62 197.0 137.0
22 59 8.0 51.0
19 76 168.0 156.0
35 59 136.0 183.0
66 28 127.0 199.0
56 39 196.0 134.0
11 84 81.0 0.0
75 72 37.0 84.0
39 77 44.0 34.0
77 20 81.0 52.0
70 24 147.0 50.0
49 46 87.0 36.0
41 49 164.0 166.0
19 77 94.0 160.0
37 57 143.0 175.0
74 21 177.0 181.0
40 55 170.0 173.0
55 76 47.0 3.0
15 79 36.0 147.0
43 61 114.0 123.0
68 16 123.0 78.0
85 26 167.0 170.0
84 33 102.0 110.0
13 80 95.0 31.0
62 56 168.0 65.0
33 60 168.0 168.0
75 54 17.0 4.0
33 57 172.0 84.0
33 62 165.0 48.0
75 26 7.0 132.0
58 37 25.0 61.0
10 84 1.0 120.0
20 73 80.0 121.0
38 58 185.0 0.0
7 84 6.0 3.0
21 70 107.0 131.0
84 28 58.0 72.0
56 38 112.0 18.0
83 13 141.0 89.0
40 57 22.0 94.0
42 53 11.0 55.0
45 49 13.0 196.0
60 29 199.0 172.0
29 79 144.0 107.0
19 74 31.0 2.0
41 54 191.0 95.0
43 53 176.0 84.0
65 55 47.0 151.0
70 23 154.0 10.0
50 47 177.0 120.0
60 36 52.0 177.0
77 21 29.0 196.0
22 37 55.0 12.0
49 47 23.0 198.0
54 85 191.0 152.0
45 52 158.0 190.0
74 58 74.0 112.0
36 76 21.0 52.0
16 82 23.0 73.0
54 42 32.0 4.0
30 66 144.0 40.0
81 15 120.0 120.0
43 54 133.0 64.0
82 9 188.0 91.0
80 16 70.0 14.0
30 67 65.0 91.0
22 75 16.0 88.0
50 46 159.0 1.0
25 64 137.0 56.0
29 68 104.0 10.0
62 35 127.0 38.0
11 73 191.0 115.0
51 46 26.0 13.0
47 48 147.0 91.0
49 48 159.0 116.0
76 18 38.0 71.0
76 22 141.0 127.0
26 69 55.0 46.0
82 15 148.0 134.0
69 30 3.0 91.0
12 84 78.0 29.0
46 53 134.0 178.0
48 42 132.0 46.0
86 12 121.0 122.0
13 84 3.0 14.0
60 30 158.0 10.0
33 63 166.0 58.0
19 79 75.0 121.0
21 75 120.0 106.0
79 73 81.0 7.0
61 37 141.0 13.0
63 36 70.0 14.0
83 11 132.0 25.0
58 40 89.0 90.0
81 18 180.0 7.0
17 80 10.0 55.0
20 82 4.0 82.0
51 49 127.0 38.0
17 78 168.0 68.0
28 72 132.0 190.0
67 72 104.0 64.0
56 42 37.0 193.0
57 58 10.0 17.0
64 83 112.0 172.0
66 32 88.0 68.0
46 38 143.0 15.0
53 45 1.0 111.0
64 32 29.0 133.0
71 24 176.0 85.0
25 72 15.0 13.0
60 41 65.0 25.0
81 17 98.0 177.0
28 67 53.0 186.0
41 58 14.0 196.0
12 87 156.0 15.0
49 50 135.0 138.0
71 27 57.0 111.0
80 78 38.0 24.0
78 21 20.0 104.0
78 19 4.0 70.0
74 65 184.0 58.0
70 28 153.0 198.0
55 41 180.0 61.0
78 61 68.0 116.0
31 77 181.0 125.0
74 25 116.0 172.0
79 21 150.0 136.0
46 52 93.0 106.0
43 56 83.0 77.0
46 41 141.0 188.0
55 43 60.0 74.0
71 29 128.0 128.0
65 35 26.0 109.0
59 38 56.0 142.0
38 62 123.0 158.0
72 29 62.0 168.0
68 25 8.0 97.0
29 67 66.0 150.0
56 45 87.0 78.0
85 14 87.0 15.0
59 41 69.0 113.0
62 39 124.0 77.0
69 63 133.0 199.0
53 44 90.0 147.0
64 36 188.0 99.0
33 67 167.0 6.0
32 67 191.0 7.0
34 63 157.0 78.0
78 24 66.0 26.0
26 76 95.0 142.0
84 17 49.0 180.0
71 32 176.0 139.0
50 51 4.0 164.0
75 25 64.0 123.0
24 74 2.0 7.0
41 56 12.0 159.0
22 81 86.0 78.0
66 37 38.0 181.0
10 86 77.0 39.0
11 80 163.0 53.0
50 73 112.0 119.0
46 55 100.0 129.0
56 67 86.0 102.0
40 60 156.0 98.0
57 46 194.0 42.0
44 56 15.0 184.0
66 36 176.0 92.0
33 68 178.0 139.0
74 30 161.0 91.0
42 57 82.0 61.0
87 14 83.0 168.0
87 16 130.0 191.0
77 18 97.0 124.0
57 45 146.0 112.0
42 61 92.0 74.0
85 16 26.0 71.0
81 21 181.0 187.0
79 82 146.0 15.0
72 26 95.0 29.0
64 38 197.0 25.0
39 80 168.0 94.0
10 87 100.0 66.0
23 81 73.0 192.0
79 24 35.0 52.0
38 63 15.0 169.0
37 65 109.0 162.0
16 84 122.0 156.0
22 80 27.0 71.0
27 76 99.0 196.0
68 36 95.0 151.0
78 48 166.0 121.0
32 68 41.0 154.0
42 63 157.0 8.0
80 24 131.0 66.0
70 34 86.0 5.0
82 24 47.0 114.0
67 36 175.0 146.0
73 68 184.0 71.0
64 39 105.0 102.0
87 18 33.0 98.0
84 66 95.0 190.0
18 85 199.0 26.0
87 20 44.0 86.0
81 19 160.0 91.0
25 79 90.0 135.0
49 56 186.0 26.0
82 23 123.0 43.0
45 59 21.0 157.0
73 61 182.0 116.0
47 57 44.0 134.0
71 35 91.0 89.0
82 22 138.0 51.0
60 44 162.0 180.0
59 40 104.0 100.0
28 75 25.0 27.0
81 26 39.0 198.0
32 72 192.0 173.0
34 69 39.0 189.0
76 72 3.0 131.0
82 19 85.0 93.0
15 84 123.0 199.0
44 83 121.0 27.0
46 60 34.0 146.0
42 55 75.0 73.0
68 37 76.0 19.0
5 86 137.0 68.0
48 57 1.0 93.0
31 76 111.0 38.0
66 39 45.0 34.0
77 40 85.0 166.0
35 55 10.0 119.0
54 48 77.0 37.0
22 79 153.0 154.0
54 50 56.0 42.0
62 45 10.0 9.0
25 82 86.0 121.0
69 60 126.0 132.0
31 74 92.0 163.0
63 43 77.0 102.0
49 57 26.0 107.0
80 19 118.0 179.0
64 37 160.0 174.0
22 85 135.0 170.0
25 85 19.0 22.0
84 21 24.0 145.0
28 79 72.0 68.0
66 42 75.0 101.0
86 21 163.0 53.0
51 56 8.0 82.0
32 76 68.0 168.0
21 85 78.0 156.0
17 87 38.0 97.0
66 29 144.0 14.0
84 23 198.0 16.0
19 83 19.0 25.0
74 61 52.0 135.0
66 41 71.0 12.0
23 85 73.0 91.0
81 24 111.0 152.0
83 23 165.0 101.0
60 45 99.0 110.0
65 83 155.0 49.0
34 73 179.0 175.0
26 74 18.0 183.0
59 49 8.0 41.0
44 63 104.0 82.0
82 14 61.0 15.0
86 22 183.0 27.0
69 37 135.0 82.0
71 36 68.0 91.0
55 53 65.0 47.0
72 23 7.0 83.0
47 35 106.0 167.0
75 33 44.0 10.0
28 81 175.0 106.0
54 53 32.0 158.0
83 27 93.0 119.0
61 47 188.0 161.0
68 40 156.0 53.0
24 73 72.0 163.0
39 67 76.0 130.0
87 21 120.0 121.0
36 72 69.0 95.0
63 45 142.0 53.0
25 83 27.0 35.0
27 79 12.0 15.0
64 44 156.0 168.0
76 33 24.0 28.0
55 48 51.0 101.0
27 80 73.0 123.0
33 77 121.0 142.0
50 59 126.0 63.0
66 43 104.0 154.0
40 69 61.0 68.0
49 80 50.0 17.0
28 80 192.0 75.0
62 46 157.0 43.0
42 69 7.0 182.0
57 51 65.0 128.0
29 78 194.0 192.0
28 78 41.0 50.0
51 58 9.0 102.0
49 60 133.0 60.0
35 69 71.0 77.0
68 39 117.0 180.0
43 58 81.0 124.0
75 35 65.0 98.0
81 29 84.0 11.0
27 82 160.0 125.0
62 73 192.0 121.0
24 86 14.0 125.0
87 19 83.0 37.0
58 61 18.0 0.0
77 84 21.0 99.0
56 61 123.0 86.0
49 61 85.0 160.0
35 74 195.0 197.0
26 73 115.0 187.0
75 34 120.0 82.0
57 53 94.0 4.0
48 61 118.0 65.0
79 85 161.0 139.0
44 67 11.0 37.0
42 68 89.0 96.0
58 48 51.0 84.0
31 78 63.0 119.0
31 80 108.0 136.0
85 77 58.0 154.0
57 56 81.0 176.0
63 47 154.0 195.0
30 77 24.0 165.0
52 53 63.0 65.0
84 25 70.0 67.0
72 39 165.0 85.0
79 32 107.0 25.0
60 66 162.0 117.0
42 71 191.0 195.0
66 46 111.0 145.0
83 26 3.0 87.0
27 85 31.0 67.0
72 42 130.0 53.0
55 56 11.0 95.0
72 63 129.0 70.0
84 27 106.0 91.0
87 26 148.0 97.0
16 83 4.0 11.0
28 83 78.0 7.0
44 61 9.0 61.0
62 47 136.0 139.0
60 39 173.0 147.0
65 61 61.0 102.0
83 21 192.0 120.0
77 34 166.0 92.0
40 71 118.0 170.0
63 49 6.0 197.0
67 43 69.0 15.0
55 58 138.0 157.0
56 59 102.0 63.0
45 69 185.0 163.0
62 51 0.0 129.0
43 69 65.0 119.0
41 68 79.0 184.0
51 59 176.0 37.0
44 57 124.0 197.0
83 54 154.0 14.0
32 80 38.0 56.0
32 85 10.0 23.0
28 85 60.0 11.0
67 45 50.0 77.0
80 33 95.0 81.0
28 87 42.0 23.0
82 31 32.0 118.0
73 41 138.0 138.0
23 87 5.0 128.0
83 29 124.0 16.0
61 52 134.0 136.0
77 35 136.0 136.0
53 60 174.0 31.0
53 62 57.0 16.0
27 86 153.0 41.0
33 83 30.0 43.0
78 36 194.0 35.0
76 37 84.0 71.0
38 82 147.0 18.0
37 52 49.0 84.0
43 71 58.0 175.0
65 44 196.0 115.0
74 37 97.0 101.0
82 34 68.0 127.0
46 67 191.0 62.0
79 34 4.0 75.0
14 66 66.0 152.0
25 87 122.0 67.0
40 63 25.0 180.0
35 72 63.0 174.0
71 44 146.0 160.0
81 33 88.0 14.0
66 52 71.0 79.0
86 43 159.0 76.0
55 59 104.0 26.0
41 75 23.0 178.0
87 29 73.0 49.0
65 51 114.0 136.0
55 54 22.0 12.0
60 75 89.0 62.0
66 49 26.0 160.0
73 43 105.0 186.0
84 31 88.0 161.0
48 70 49.0 64.0
61 53 57.0 123.0
83 34 42.0 123.0
65 52 147.0 17.0
67 47 179.0 188.0
79 37 126.0 5.0
39 76 162.0 32.0
15 87 117.0 2.0
37 81 184.0 166.0
62 52 123.0 194.0
59 68 17.0 166.0
60 55 24.0 116.0
42 81 140.0 3.0
68 49 47.0 66.0
70 49 60.0 9.0
81 32 81.0 129.0
65 49 114.0 66.0
39 78 94.0 37.0
45 70 87.0 63.0
75 67 105.0 111.0
50 67 90.0 45.0
32 84 180.0 90.0
40 78 158.0 40.0
31 86 46.0 39.0
49 85 106.0 160.0
30 82 151.0 152.0
79 36 91.0 38.0
69 58 31.0 196.0
46 69 196.0 73.0
35 80 67.0 129.0
74 45 30.0 25.0
37 83 108.0 76.0
44 84 143.0 166.0
39 70 187.0 46.0
47 70 135.0 78.0
84 34 58.0 166.0
74 47 173.0 7.0
37 84 122.0 192.0
36 81 148.0 153.0
44 35 60.0 56.0
86 49 52.0 155.0
73 74 33.0 39.0
60 59 176.0 169.0
44 73 117.0 35.0
40 80 187.0 42.0
47 71 187.0 61.0
67 53 190.0 136.0
58 52 14.0 2.0
79 43 115.0 66.0
52 69 198.0 101.0
76 41 127.0 127.0
69 51 141.0 196.0
84 35 190.0 80.0
82 80 182.0 177.0
83 22 104.0 172.0
85 24 33.0 118.0
83 42 197.0 100.0
72 45 23.0 147.0
48 72 133.0 150.0
50 74 48.0 26.0
63 59 162.0 38.0
68 54 155.0 144.0
59 67 147.0 59.0
75 48 81.0 180.0
41 77 10.0 30.0
23 67 58.0 34.0
73 66 192.0 143.0
30 87 20.0 193.0
68 53 26.0 182.0
46 71 185.0 182.0
76 45 144.0 132.0
36 83 140.0 25.0
83 38 180.0 103.0
78 41 188.0 190.0
82 40 156.0 133.0
77 46 185.0 176.0
37 86 109.0 12.0
39 79 186.0 94.0
75 78 166.0 130.0
34 78 189.0 59.0
57 59 98.0 122.0
58 68 172.0 39.0
86 52 156.0 129.0
73 49 7.0 142.0
24 57 6.0 116.0
41 72 143.0 144.0
37 71 136.0 110.0
73 42 199.0 126.0
35 86 182.0 50.0
82 36 62.0 106.0
44 76 159.0 171.0
18 80 13.0 118.0
83 40 23.0 172.0
86 30 194.0 166.0
40 81 180.0 131.0
63 56 32.0 180.0
60 63 121.0 166.0
48 76 180.0 184.0
41 81 9.0 91.0
73 51 143.0 175.0
66 56 50.0 118.0
55 71 62.0 44.0
65 60 166.0 43.0
65 59 193.0 199.0
72 53 76.0 67.0
86 38 155.0 8.0
47 77 82.0 164.0
56 68 161.0 25.0
28 86 6.0 163.0
48 77 196.0 20.0
61 66 23.0 163.0
41 79 147.0 169.0
85 34 22.0 23.0
85 40 149.0 177.0
62 65 95.0 31.0
79 45 71.0 8.0
45 82 34.0 77.0
50 75 169.0 183.0
56 84 56.0 145.0
50 63 43.0 3.0
64 61 93.0 17.0
55 83 45.0 42.0
42 85 73.0 92.0
52 70 40.0 96.0
65 56 105.0 74.0
41 84 41.0 27.0
58 71 167.0 97.0
51 75 92.0 163.0
31 70 90.0 185.0
46 84 167.0 87.0
84 43 141.0 40.0
82 48 54.0 181.0
65 46 190.0 112.0
72 50 124.0 32.0
82 42 101.0 44.0
32 87 62.0 193.0
71 56 114.0 105.0
55 62 17.0 33.0
59 70 155.0 110.0
72 49 128.0 10.0
49 78 67.0 71.0
38 84 76.0 144.0
58 64 167.0 177.0
68 62 134.0 181.0
63 67 113.0 49.0
61 70 3.0 82.0
46 72 174.0 158.0
40 74 37.0 54.0
61 69 159.0 57.0
45 81 165.0 187.0
75 53 136.0 84.0
86 40 42.0 70.0
64 53 183.0 107.0
78 51 166.0 186.0
68 57 120.0 92.0
63 64 163.0 158.0
51 80 4.0 123.0
50 82 157.0 121.0
42 86 17.0 93.0
47 80 175.0 12.0
56 58 93.0 110.0
51 66 146.0 11.0
83 46 9.0 67.0
84 71 25.0 125.0
44 85 160.0 30.0
39 87 41.0 69.0
66 64 84.0 11.0
48 83 64.0 11.0
79 58 107.0 157.0
59 66 161.0 54.0
67 66 25.0 123.0
74 52 194.0 50.0
80 48 110.0 106.0
63 71 149.0 152.0
83 50 166.0 33.0
58 66 32.0 183.0
76 51 134.0 140.0
77 58 36.0 47.0
86 48 21.0 13.0
60 87 18.0 167.0
56 73 136.0 129.0
77 52 41.0 37.0
47 86 134.0 159.0
73 59 183.0 166.0
74 63 0.0 117.0
86 46 23.0 188.0
71 62 58.0 196.0
81 51 18.0 76.0
70 64 92.0 107.0
74 54 186.0 133.0
84 51 33.0 120.0
65 67 126.0 17.0
79 49 150.0 126.0
87 43 43.0 125.0
75 57 191.0 101.0
72 66 178.0 161.0
43 81 77.0 70.0
49 75 84.0 64.0
62 75 188.0 69.0
56 74 121.0 115.0
71 85 80.0 23.0
66 50 33.0 123.0
74 60 60.0 24.0
32 82 193.0 190.0
87 41 75.0 22.0
60 76 17.0 111.0
63 68 150.0 6.0
52 82 96.0 23.0
77 63 31.0 177.0
76 47 169.0 64.0
84 54 135.0 29.0
78 79 137.0 80.0
72 58 48.0 165.0
55 73 68.0 18.0
61 79 29.0 18.0
57 67 67.0 125.0
83 57 187.0 50.0
55 78 136.0 157.0
50 85 87.0 71.0
70 58 142.0 176.0
64 78 146.0 190.0
77 57 27.0 14.0
75 63 137.0 56.0
73 63 19.0 5.0
59 79 95.0 7.0
74 64 30.0 31.0
71 65 12.0 69.0
52 87 11.0 154.0
57 78 109.0 109.0
66 74 146.0 89.0
62 74 40.0 83.0
87 54 172.0 11.0
86 51 170.0 67.0
60 78 141.0 153.0
87 49 63.0 153.0
72 68 64.0 74.0
83 62 166.0 125.0
64 76 72.0 112.0
71 64 95.0 64.0
68 75 84.0 67.0
82 55 85.0 7.0
82 51 147.0 26.0
64 79 59.0 10.0
64 75 100.0 123.0
79 60 183.0 67.0
65 73 79.0 8.0
75 65 116.0 126.0
67 73 51.0 152.0
66 77 123.0 136.0
61 76 6.0 70.0
87 45 37.0 17.0
61 86 193.0 137.0
66 71 155.0 177.0
84 62 167.0 186.0
87 59 14.0 83.0
77 67 92.0 65.0
83 56 171.0 15.0
53 87 112.0 129.0
82 61 188.0 149.0
87 85 26.0 181.0
80 59 83.0 134.0
61 84 161.0 51.0
78 67 44.0 127.0
63 76 174.0 136.0
79 67 116.0 145.0
74 42 107.0 180.0
86 56 106.0 47.0
57 84 116.0 84.0
71 77 43.0 0.0
83 66 28.0 156.0
68 77 164.0 73.0
83 63 28.0 90.0
51 87 54.0 96.0
77 70 129.0 161.0
70 76 31.0 187.0
75 73 137.0 100.0
62 82 37.0 132.0
69 75 96.0 17.0
62 76 54.0 60.0
81 67 117.0 82.0
80 65 46.0 171.0
59 81 165.0 127.0
85 64 91.0 149.0
75 82 36.0 181.0
80 63 108.0 73.0
56 76 29.0 4.0
81 65 137.0 84.0
45 86 57.0 54.0
59 84 104.0 55.0
75 32 59.0 21.0
76 59 91.0 102.0
70 66 72.0 127.0
87 69 55.0 180.0
61 75 128.0 84.0
65 87 121.0 17.0
82 64 88.0 178.0
64 86 13.0 144.0
81 72 170.0 24.0
74 68 11.0 14.0
68 86 111.0 36.0
81 61 193.0 166.0
83 70 107.0 121.0
79 65 114.0 29.0
81 77 113.0 154.0
72 70 66.0 78.0
74 70 8.0 37.0
81 68 192.0 19.0
85 60 94.0 104.0
83 73 129.0 87.0
87 73 149.0 37.0
84 69 163.0 63.0
85 73 27.0 28.0
80 72 188.0 93.0
86 73 192.0 196.0
38 85 134.0 136.0
71 80 199.0 28.0
69 76 88.0 81.0
47 79 127.0 37.0
83 75 169.0 42.0
85 70 43.0 196.0
84 72 92.0 32.0
67 82 10.0 84.0
66 80 76.0 144.0
86 77 28.0 75.0
75 76 117.0 116.0
84 86 18.0 196.0
74 79 134.0 188.0
74 83 191.0 129.0
80 79 103.0 83.0
74 85 194.0 65.0
74 39 57.0 70.0
76 73 126.0 37.0
86 70 137.0 195.0
78 70 122.0 155.0
26 84 195.0 8.0
84 87 10.0 138.0
23 57 49.0 113.0
83 78 137.0 196.0
73 81 129.0 194.0
82 84 27.0 7.0
83 47 100.0 164.0
47 65 78.0 175.0
75 74 47.0 25.0
81 76 29.0 57.0
82 68 31.0 30.0
67 87 97.0 121.0
64 81 113.0 178.0
87 66 140.0 140.0
87 82 84.0 40.0
70 80 191.0 114.0
78 72 80.0 190.0
72 38 194.0 61.0
85 86 128.0 177.0
73 72 115.0 177.0
66 78 17.0 29.0
85 80 79.0 109.0
74 86 154.0 115.0
84 68 124.0 145.0
62 69 81.0 156.0
65 86 9.0 75.0
83 80 180.0 89.0
71 52 21.0 96.0
71 83 65.0 190.0
71 69 24.0 96.0
59 36 22.0 178.0
46 76 170.0 98.0
1 6 1.0 51.0
43 83 134.0 162.0
86 54 139.0 67.0
58 5 146.0 113.0
53 82 86.0 163.0
87 83 60.0 63.0
82 77 70.0 34.0
66 44 135.0 40.0
18 84 115.0 136.0
77 50 159.0 1.0
85 75 74.0 50.0
55 77 71.0 172.0
80 74 78.0 110.0
8 38 120.0 138.0
86 72 139.0 191.0
76 84 98.0 27.0
87 78 102.0 13.0
9 84 19.0 61.0
74 82 19.0 94.0
82 83 198.0 90.0
77 73 100.0 28.0
86 83 196.0 21.0
76 83 50.0 87.0
82 57 23.0 149.0
77 83 148.0 125.0
60 10 117.0 167.0
82 85 30.0 136.0
81 84 186.0 181.0
71 79 160.0 86.0
0
