89 3916 38 34 575688
61 48 172.0 6.0
10 69 149.0 56.0
14 40 139.0 185.0
71 76 193.0 162.0
46 58 45.0 81.0
36 47 184.0 157.0
79 19 91.0 161.0
67 2 65.0 118.0
49 17 20.0 189.0
18 58 34.0 170.0
31 4 151.0 125.0
13 18 10.0 97.0
8 51 116.0 55.0
31 42 89.0 100.0
60 66 134.0 180.0
2 18 123.0 151.0
38 37 119.0 143.0
27 38 145.0 105.0
64 55 34.0 97.0
5 24 79.0 196.0
7 70 119.0 195.0
22 9 173.0 9.0
7 34 97.0 60.0
55 79 24.0 20.0
48 3 43.0 95.0
62 33 58.0 188.0
5 15 3.0 44.0
43 42 108.0 82.0
44 1 10.0 179.0
31 75 188.0 184.0
42 17 26.0 85.0
6 1 112.0 2.0
8 45 59.0 107.0
77 35 183.0 70.0
55 36 68.0 139.0
11 21 102.0 128.0
21 9 81.0 65.0
16 18 130.0 21.0
34 84 4.0 109.0
22 28 43.0 68.0
73 85 162.0 102.0
53 44 108.0 98.0
80 30 50.0 128.0
50 37 166.0 104.0
45 60 13.0 199.0
77 74 119.0 96.0
1 46 197.0 76.0
6 39 29.0 40.0
35 56 95.0 144.0
11 70 10.0 3.0
32 16 97.0 12.0
52 9 57.0 15.0
2 71 160.0 23.0
55 71 20.0 80.0
27 68 192.0 17.0
17 13 172.0 174.0
68 46 74.0 19.0
1 15 151.0 36.0
10 55 198.0 0.0
86 87 107.0 8.0
68 44 123.0 67.0
25 16 74.0 143.0
83 72 108.0 18.0
84 79 176.0 32.0
35 63 182.0 3.0
56 60 84.0 133.0
48 7 109.0 35.0
26 81 37.0 16.0
35 47 24.0 160.0
63 54 142.0 50.0
36 78 40.0 2.0
68 81 179.0 168.0
76 28 17.0 162.0
21 53 107.0 54.0
81 31 35.0 16.0
44 83 110.0 72.0
40 54 106.0 86.0
18 43 158.0 49.0
53 88 73.0 150.0
79 60 29.0 5.0
87 26 109.0 47.0
11 56 52.0 16.0
86 16 178.0 87.0
9 83 140.0 88.0
69 73 40.0 198.0
48 83 170.0 198.0
82 86 193.0 44.0
56 40 118.0 23.0
65 85 38.0 28.0
51 43 169.0 42.0
59 51 101.0 147.0
44 45 194.0 193.0
28 41 23.0 34.0
34 2 194.0 193.0
20 59 10.0 188.0
31 53 62.0 128.0
48 85 12.0 53.0
61 23 190.0 181.0
6 72 123.0 91.0
27 54 180.0 70.0
27 1 20.0 3.0
24 78 79.0 167.0
18 1 32.0 41.0
33 43 7.0 47.0
60 74 39.0 19.0
29 74 29.0 29.0
78 44 3.0 104.0
30 42 139.0 183.0
65 83 24.0 111.0
4 88 128.0 104.0
10 7 7.0 161.0
88 77 2.0 166.0
83 42 63.0 193.0
48 15 25.0 44.0
80 5 6.0 28.0
68 5 106.0 145.0
20 10 188.0 83.0
9 82 72.0 116.0
38 89 8.0 32.0
9 41 105.0 162.0
83 71 177.0 121.0
85 34 26.0 155.0
38 14 190.0 32.0
41 11 48.0 48.0
21 10 73.0 188.0
2 22 11.0 97.0
21 55 28.0 19.0
29 80 168.0 85.0
4 11 19.0 97.0
43 26 38.0 45.0
40 1 87.0 180.0
11 65 145.0 87.0
74 43 87.0 170.0
64 6 171.0 98.0
60 11 29.0 151.0
1 10 90.0 197.0
40 81 167.0 109.0
39 46 87.0 158.0
68 78 96.0 126.0
53 6 184.0 194.0
48 55 79.0 23.0
60 26 182.0 2.0
36 84 144.0 163.0
26 70 90.0 34.0
83 11 107.0 10.0
78 40 140.0 195.0
28 43 178.0 36.0
48 40 185.0 162.0
6 29 131.0 64.0
54 20 152.0 65.0
14 78 68.0 48.0
58 62 150.0 110.0
5 3 181.0 57.0
42 57 147.0 121.0
11 2 69.0 125.0
41 88 39.0 55.0
27 89 138.0 123.0
19 48 15.0 42.0
58 23 111.0 35.0
17 38 103.0 61.0
62 46 59.0 84.0
13 61 153.0 6.0
62 76 160.0 23.0
7 76 50.0 152.0
75 79 144.0 140.0
59 11 137.0 159.0
55 38 148.0 48.0
8 39 111.0 3.0
84 83 56.0 170.0
54 76 18.0 10.0
62 42 85.0 178.0
28 73 68.0 87.0
62 32 77.0 12.0
42 52 137.0 166.0
22 88 12.0 86.0
37 57 9.0 75.0
50 46 79.0 18.0
54 66 138.0 97.0
7 9 180.0 175.0
59 82 172.0 48.0
24 6 108.0 1.0
79 9 56.0 45.0
7 59 114.0 20.0
27 23 158.0 75.0
1 88 172.0 190.0
64 38 86.0 62.0
2 40 82.0 18.0
54 47 151.0 6.0
5 11 121.0 11.0
50 79 163.0 177.0
49 66 169.0 77.0
88 39 42.0 127.0
37 82 120.0 14.0
31 89 176.0 158.0
39 82 22.0 10.0
61 4 132.0 173.0
67 66 101.0 53.0
55 23 36.0 65.0
88 69 79.0 157.0
18 14 46.0 73.0
6 4 15.0 166.0
25 89 85.0 144.0
14 47 153.0 107.0
51 79 146.0 85.0
77 1 112.0 0.0
23 25 155.0 149.0
4 8 111.0 187.0
21 34 2.0 157.0
60 51 167.0 17.0
72 84 5.0 52.0
42 12 191.0 158.0
1 9 111.0 89.0
31 61 111.0 24.0
18 84 122.0 18.0
2 23 79.0 33.0
57 28 166.0 81.0
7 8 16.0 133.0
60 12 184.0 173.0
45 13 41.0 127.0
21 64 118.0 152.0
36 61 116.0 181.0
3 18 85.0 38.0
21 26 175.0 116.0
75 59 30.0 141.0
56 79 115.0 47.0
23 87 14.0 51.0
10 4 136.0 55.0
68 77 53.0 7.0
70 5 142.0 169.0
3 50 2.0 179.0
8 12 45.0 177.0
70 24 43.0 75.0
13 65 15.0 159.0
63 30 151.0 29.0
56 34 136.0 40.0
43 47 85.0 189.0
51 22 184.0 179.0
71 58 150.0 186.0
69 86 97.0 147.0
20 15 84.0 141.0
80 78 144.0 99.0
40 77 155.0 47.0
43 23 115.0 91.0
69 40 130.0 152.0
62 8 13.0 114.0
65 70 96.0 115.0
88 80 50.0 193.0
28 20 134.0 86.0
8 26 105.0 30.0
35 58 33.0 60.0
81 47 59.0 148.0
19 66 183.0 189.0
6 83 75.0 197.0
85 86 171.0 171.0
77 28 164.0 173.0
48 39 93.0 50.0
86 11 64.0 198.0
68 43 82.0 49.0
22 66 3.0 142.0
6 11 34.0 187.0
67 63 94.0 61.0
59 31 79.0 17.0
59 45 104.0 43.0
17 68 151.0 197.0
78 61 91.0 168.0
36 16 122.0 173.0
82 76 169.0 77.0
7 6 42.0 155.0
9 88 57.0 136.0
51 20 54.0 136.0
64 83 2.0 110.0
61 62 7.0 106.0
55 2 15.0 98.0
39 63 10.0 89.0
50 62 194.0 131.0
76 57 191.0 36.0
77 86 9.0 48.0
7 4 31.0 64.0
11 26 198.0 33.0
20 50 42.0 5.0
51 46 161.0 57.0
20 40 170.0 171.0
13 73 152.0 116.0
62 31 198.0 143.0
27 76 11.0 7.0
4 76 102.0 42.0
35 12 184.0 100.0
62 25 36.0 27.0
3 22 40.0 197.0
84 31 152.0 10.0
36 87 166.0 56.0
50 18 11.0 164.0
4 74 176.0 174.0
5 14 97.0 78.0
72 14 162.0 33.0
3 17 198.0 199.0
7 66 136.0 39.0
29 83 93.0 88.0
14 32 62.0 59.0
71 81 191.0 25.0
88 56 150.0 167.0
27 33 11.0 47.0
68 10 166.0 173.0
84 7 46.0 116.0
6 70 142.0 134.0
64 28 189.0 36.0
81 78 13.0 3.0
70 55 74.0 156.0
43 60 196.0 24.0
3 77 3.0 7.0
11 1 4.0 121.0
48 71 82.0 50.0
52 34 6.0 24.0
17 5 76.0 147.0
60 39 83.0 42.0
26 3 112.0 109.0
62 53 100.0 108.0
62 82 67.0 103.0
33 16 160.0 72.0
87 15 111.0 42.0
71 84 169.0 117.0
87 85 139.0 198.0
34 72 146.0 174.0
74 23 169.0 58.0
8 20 180.0 21.0
34 20 40.0 48.0
35 18 67.0 1.0
32 54 157.0 178.0
70 41 198.0 79.0
58 80 126.0 89.0
84 19 163.0 24.0
63 55 172.0 84.0
7 1 193.0 152.0
20 64 36.0 33.0
16 6 171.0 56.0
36 31 100.0 80.0
5 67 193.0 98.0
79 73 9.0 71.0
24 13 55.0 173.0
67 9 137.0 27.0
9 27 98.0 130.0
1 38 109.0 135.0
19 55 84.0 32.0
85 6 11.0 185.0
6 40 12.0 157.0
45 35 179.0 22.0
48 30 61.0 187.0
60 63 120.0 199.0
89 52 31.0 170.0
89 87 148.0 92.0
2 16 178.0 184.0
13 9 12.0 141.0
12 7 180.0 25.0
8 57 11.0 160.0
19 87 150.0 72.0
60 19 12.0 22.0
71 18 102.0 195.0
37 29 51.0 2.0
13 25 151.0 181.0
30 47 113.0 164.0
3 7 4.0 46.0
64 76 134.0 167.0
21 1 170.0 36.0
21 81 72.0 134.0
9 71 54.0 126.0
32 24 131.0 105.0
70 22 176.0 83.0
69 64 134.0 42.0
9 11 80.0 90.0
34 15 103.0 14.0
16 60 63.0 25.0
51 71 65.0 87.0
74 40 162.0 120.0
85 79 115.0 93.0
12 38 25.0 91.0
12 46 19.0 159.0
4 12 171.0 99.0
26 5 154.0 26.0
65 22 81.0 170.0
3 1 109.0 147.0
6 12 70.0 23.0
20 85 60.0 137.0
4 14 125.0 37.0
83 8 192.0 144.0
19 6 103.0 163.0
10 19 129.0 10.0
40 49 14.0 163.0
71 27 165.0 75.0
1 14 29.0 187.0
25 86 165.0 42.0
34 37 124.0 42.0
45 3 73.0 116.0
8 79 196.0 177.0
8 34 72.0 78.0
82 11 60.0 38.0
37 69 88.0 25.0
9 49 84.0 117.0
67 28 148.0 2.0
65 33 19.0 72.0
57 60 70.0 92.0
49 31 147.0 19.0
64 59 31.0 19.0
69 54 97.0 92.0
33 67 191.0 137.0
26 7 124.0 75.0
35 51 109.0 72.0
10 6 161.0 128.0
41 42 59.0 184.0
1 17 58.0 6.0
74 88 46.0 90.0
52 86 60.0 95.0
20 2 38.0 3.0
2 65 156.0 162.0
26 36 38.0 65.0
2 7 122.0 0.0
69 50 16.0 181.0
65 20 95.0 74.0
40 87 54.0 93.0
83 34 6.0 114.0
29 9 162.0 44.0
73 78 161.0 71.0
24 64 181.0 152.0
69 53 104.0 103.0
4 13 179.0 72.0
2 15 91.0 26.0
81 2 17.0 145.0
57 48 183.0 175.0
56 6 183.0 145.0
17 22 27.0 96.0
19 74 91.0 9.0
59 85 192.0 147.0
79 53 124.0 123.0
19 1 36.0 16.0
71 38 127.0 6.0
85 17 7.0 62.0
45 57 83.0 190.0
2 5 33.0 110.0
8 89 192.0 76.0
18 47 37.0 184.0
10 83 16.0 161.0
85 82 78.0 4.0
31 2 168.0 157.0
41 25 97.0 128.0
14 31 108.0 132.0
32 43 149.0 94.0
43 77 154.0 93.0
35 19 44.0 191.0
34 5 147.0 12.0
87 80 29.0 177.0
14 65 123.0 197.0
22 84 38.0 172.0
10 11 57.0 99.0
35 43 69.0 6.0
30 89 165.0 23.0
19 44 18.0 162.0
48 72 104.0 165.0
84 42 75.0 133.0
40 13 87.0 150.0
29 21 156.0 78.0
12 19 134.0 166.0
61 27 37.0 155.0
14 2 105.0 155.0
76 15 167.0 75.0
19 65 139.0 23.0
17 2 116.0 14.0
73 15 104.0 156.0
35 10 123.0 61.0
6 14 133.0 9.0
1 79 79.0 122.0
4 9 96.0 184.0
31 55 190.0 15.0
52 31 140.0 129.0
69 16 43.0 9.0
30 82 3.0 148.0
2 62 162.0 78.0
36 1 43.0 47.0
13 3 4.0 75.0
63 88 193.0 100.0
53 83 28.0 183.0
24 47 157.0 121.0
62 71 171.0 152.0
63 73 150.0 174.0
67 21 105.0 64.0
7 11 48.0 101.0
73 66 79.0 4.0
64 17 11.0 73.0
10 34 132.0 191.0
81 12 32.0 41.0
15 68 41.0 3.0
51 54 164.0 191.0
7 30 25.0 69.0
79 66 199.0 25.0
64 79 190.0 30.0
6 67 112.0 153.0
16 7 89.0 44.0
7 82 51.0 121.0
82 87 30.0 45.0
51 36 140.0 194.0
4 18 114.0 117.0
87 9 141.0 65.0
87 46 64.0 83.0
9 6 167.0 176.0
24 84 189.0 56.0
76 89 42.0 193.0
86 36 165.0 73.0
4 2 126.0 57.0
23 31 174.0 193.0
39 16 47.0 67.0
61 46 10.0 111.0
53 75 118.0 177.0
70 39 22.0 60.0
38 44 123.0 65.0
12 55 77.0 40.0
78 27 193.0 4.0
57 50 197.0 167.0
65 45 18.0 196.0
7 13 122.0 28.0
64 78 159.0 192.0
19 2 59.0 134.0
8 44 156.0 134.0
31 87 198.0 34.0
24 72 105.0 191.0
54 82 50.0 54.0
6 13 80.0 68.0
16 1 106.0 154.0
38 60 101.0 18.0
9 8 113.0 113.0
8 23 192.0 69.0
42 38 55.0 142.0
42 85 88.0 161.0
77 29 141.0 91.0
66 76 177.0 173.0
36 15 70.0 36.0
7 25 178.0 123.0
78 62 61.0 91.0
18 88 18.0 5.0
58 65 70.0 26.0
82 67 78.0 110.0
28 49 173.0 171.0
16 8 129.0 102.0
9 2 99.0 199.0
55 77 102.0 30.0
19 7 155.0 163.0
15 25 11.0 173.0
1 47 101.0 33.0
24 30 197.0 131.0
79 43 114.0 122.0
40 39 71.0 195.0
48 58 59.0 123.0
67 1 35.0 162.0
17 48 69.0 190.0
73 39 18.0 80.0
85 29 110.0 71.0
80 37 57.0 107.0
79 81 56.0 123.0
30 52 168.0 128.0
20 77 85.0 180.0
10 9 86.0 120.0
13 49 169.0 107.0
20 70 150.0 139.0
15 9 61.0 60.0
34 81 175.0 118.0
72 4 2.0 184.0
55 62 25.0 122.0
49 43 127.0 110.0
30 27 168.0 165.0
8 50 128.0 137.0
30 60 113.0 31.0
57 74 110.0 174.0
66 37 7.0 37.0
40 73 199.0 161.0
45 36 56.0 24.0
20 3 87.0 183.0
42 54 18.0 55.0
14 30 34.0 98.0
22 5 117.0 147.0
12 50 184.0 179.0
87 56 156.0 191.0
61 49 180.0 155.0
17 53 183.0 36.0
46 80 38.0 70.0
44 15 143.0 8.0
67 11 99.0 129.0
1 8 113.0 17.0
72 87 20.0 97.0
75 69 108.0 129.0
28 79 38.0 40.0
43 59 137.0 174.0
49 70 121.0 127.0
18 21 48.0 16.0
54 46 86.0 147.0
68 2 77.0 199.0
22 18 182.0 50.0
86 45 34.0 42.0
34 3 135.0 72.0
62 4 63.0 73.0
7 14 69.0 137.0
24 81 186.0 117.0
37 54 178.0 72.0
56 38 198.0 8.0
55 4 55.0 180.0
48 24 108.0 89.0
48 53 120.0 196.0
78 8 107.0 184.0
10 63 13.0 176.0
54 12 30.0 199.0
66 8 43.0 160.0
45 12 61.0 193.0
15 56 119.0 69.0
12 67 6.0 180.0
52 76 137.0 126.0
9 3 170.0 44.0
2 52 10.0 184.0
63 77 128.0 192.0
10 2 101.0 123.0
16 65 51.0 163.0
54 86 190.0 171.0
63 11 119.0 196.0
86 47 124.0 56.0
75 77 169.0 46.0
39 26 44.0 131.0
36 76 173.0 172.0
79 31 148.0 74.0
28 6 6.0 0.0
2 36 68.0 197.0
68 24 105.0 187.0
3 65 6.0 29.0
74 87 177.0 127.0
24 62 24.0 21.0
70 18 8.0 149.0
70 1 158.0 109.0
29 8 90.0 116.0
65 78 10.0 158.0
13 26 79.0 115.0
23 68 44.0 37.0
18 5 133.0 173.0
16 87 107.0 109.0
15 55 85.0 68.0
78 28 151.0 195.0
57 47 174.0 41.0
58 72 188.0 184.0
30 45 46.0 19.0
23 64 22.0 42.0
18 67 100.0 156.0
64 74 4.0 159.0
40 60 62.0 41.0
87 53 146.0 13.0
33 21 77.0 72.0
3 2 160.0 17.0
68 63 158.0 158.0
37 10 19.0 181.0
9 16 80.0 119.0
22 26 86.0 84.0
19 43 166.0 148.0
28 63 14.0 113.0
17 20 30.0 43.0
44 17 5.0 142.0
80 1 142.0 164.0
32 42 19.0 113.0
79 33 196.0 99.0
81 59 73.0 35.0
34 69 176.0 39.0
65 71 121.0 143.0
9 14 188.0 103.0
85 16 48.0 193.0
7 15 151.0 142.0
13 10 96.0 122.0
9 5 7.0 45.0
77 64 172.0 32.0
21 2 16.0 148.0
17 89 74.0 137.0
68 18 133.0 62.0
55 37 89.0 133.0
11 13 28.0 192.0
14 12 28.0 76.0
65 23 199.0 187.0
86 84 121.0 123.0
8 84 76.0 137.0
16 10 1.0 151.0
26 2 163.0 134.0
48 14 43.0 52.0
48 75 130.0 23.0
54 70 153.0 110.0
4 69 78.0 104.0
63 83 113.0 199.0
10 5 69.0 190.0
68 67 40.0 70.0
78 76 32.0 3.0
14 11 70.0 27.0
69 67 68.0 0.0
47 16 74.0 173.0
84 50 77.0 153.0
65 42 11.0 142.0
46 63 61.0 80.0
40 9 84.0 53.0
17 29 83.0 68.0
24 2 20.0 105.0
68 59 46.0 89.0
74 51 78.0 121.0
4 17 52.0 107.0
75 51 124.0 63.0
3 21 112.0 137.0
3 12 58.0 148.0
75 21 63.0 141.0
22 62 56.0 36.0
31 24 174.0 102.0
7 75 183.0 53.0
41 51 180.0 36.0
34 64 97.0 56.0
20 6 146.0 9.0
1 33 136.0 5.0
75 19 36.0 151.0
81 72 152.0 44.0
12 13 4.0 79.0
81 52 123.0 139.0
15 11 7.0 55.0
52 69 126.0 56.0
46 45 145.0 25.0
10 62 51.0 33.0
80 4 177.0 87.0
8 28 141.0 82.0
33 17 103.0 145.0
1 31 41.0 179.0
41 67 95.0 0.0
69 27 155.0 173.0
71 7 151.0 52.0
1 12 61.0 2.0
12 10 99.0 38.0
78 86 106.0 40.0
13 36 30.0 9.0
89 54 90.0 72.0
54 60 25.0 137.0
11 8 106.0 132.0
57 14 41.0 58.0
47 64 45.0 102.0
4 20 178.0 145.0
16 4 151.0 84.0
62 57 49.0 181.0
21 20 113.0 139.0
7 5 63.0 90.0
56 28 151.0 169.0
64 44 181.0 193.0
19 15 46.0 179.0
56 7 58.0 176.0
32 70 184.0 161.0
59 72 197.0 33.0
3 51 82.0 63.0
79 57 43.0 145.0
18 9 87.0 194.0
53 57 190.0 20.0
72 70 79.0 188.0
9 81 137.0 89.0
19 8 188.0 73.0
12 85 197.0 186.0
46 15 88.0 79.0
14 10 82.0 131.0
9 19 40.0 121.0
26 68 4.0 30.0
70 47 169.0 35.0
39 42 64.0 106.0
70 28 24.0 53.0
23 57 174.0 173.0
24 1 146.0 62.0
80 72 175.0 29.0
24 4 135.0 15.0
61 69 138.0 91.0
26 49 55.0 59.0
8 3 131.0 120.0
42 22 39.0 108.0
18 11 108.0 165.0
5 8 170.0 54.0
17 47 194.0 97.0
19 23 182.0 82.0
2 79 31.0 72.0
21 4 104.0 39.0
16 11 49.0 188.0
12 11 104.0 88.0
9 89 71.0 12.0
12 70 156.0 194.0
28 55 192.0 150.0
77 23 171.0 174.0
13 87 58.0 155.0
57 16 83.0 115.0
25 1 141.0 132.0
1 23 32.0 197.0
1 68 161.0 56.0
48 60 33.0 69.0
47 8 50.0 177.0
11 17 114.0 173.0
84 37 185.0 124.0
1 28 27.0 20.0
37 25 45.0 120.0
26 48 5.0 30.0
26 56 10.0 118.0
26 29 181.0 195.0
59 67 19.0 31.0
64 39 132.0 85.0
17 10 8.0 69.0
21 88 47.0 187.0
23 29 23.0 45.0
9 59 112.0 180.0
47 65 1.0 74.0
26 32 101.0 182.0
31 70 71.0 120.0
19 34 8.0 155.0
77 80 120.0 168.0
28 2 61.0 167.0
22 48 1.0 36.0
39 87 104.0 65.0
25 4 58.0 105.0
2 53 155.0 160.0
33 29 81.0 27.0
63 53 5.0 41.0
65 5 74.0 77.0
87 30 142.0 88.0
11 54 0.0 95.0
73 89 161.0 105.0
36 43 13.0 172.0
6 33 160.0 169.0
61 38 106.0 41.0
14 13 42.0 63.0
78 49 19.0 68.0
12 2 146.0 113.0
18 10 126.0 146.0
27 2 126.0 40.0
67 35 168.0 91.0
2 25 116.0 129.0
26 1 195.0 175.0
2 86 154.0 37.0
68 29 68.0 125.0
31 22 199.0 166.0
6 22 72.0 125.0
59 5 82.0 150.0
39 14 81.0 2.0
9 17 167.0 198.0
33 57 163.0 114.0
75 30 94.0 70.0
80 42 174.0 114.0
64 29 185.0 173.0
86 6 165.0 9.0
10 36 2.0 199.0
1 30 160.0 83.0
10 49 91.0 79.0
19 3 122.0 6.0
24 7 57.0 168.0
10 8 10.0 183.0
34 25 164.0 195.0
52 33 80.0 129.0
1 61 70.0 34.0
56 83 167.0 183.0
64 82 110.0 58.0
51 68 56.0 184.0
32 44 69.0 113.0
71 22 7.0 79.0
46 83 70.0 171.0
48 62 99.0 102.0
55 87 111.0 169.0
13 37 62.0 78.0
30 78 127.0 124.0
57 34 150.0 183.0
11 73 152.0 19.0
3 14 8.0 111.0
41 74 106.0 30.0
68 34 117.0 5.0
31 76 132.0 181.0
23 26 150.0 195.0
15 28 157.0 77.0
6 26 193.0 107.0
84 57 160.0 97.0
15 47 52.0 120.0
53 14 180.0 110.0
47 32 8.0 49.0
3 24 26.0 140.0
8 82 94.0 129.0
21 43 187.0 51.0
54 3 81.0 132.0
81 80 68.0 193.0
37 70 34.0 72.0
83 89 98.0 166.0
31 48 197.0 58.0
51 14 192.0 24.0
7 67 197.0 38.0
42 35 83.0 136.0
59 58 43.0 164.0
48 77 192.0 111.0
15 14 39.0 178.0
47 69 168.0 89.0
49 7 63.0 166.0
42 33 39.0 8.0
32 11 110.0 36.0
15 13 191.0 193.0
14 21 146.0 35.0
20 7 43.0 90.0
6 5 0.0 34.0
7 47 30.0 120.0
75 10 72.0 46.0
64 86 179.0 111.0
10 15 140.0 90.0
15 67 169.0 84.0
20 19 13.0 67.0
25 3 51.0 9.0
39 69 95.0 3.0
27 20 141.0 125.0
29 7 143.0 13.0
1 5 78.0 122.0
60 86 153.0 170.0
86 59 41.0 122.0
77 79 95.0 55.0
1 43 28.0 98.0
44 69 26.0 123.0
88 5 188.0 168.0
5 16 149.0 83.0
9 60 139.0 27.0
78 38 18.0 93.0
8 21 130.0 60.0
54 87 159.0 177.0
62 75 142.0 187.0
76 87 155.0 121.0
25 33 83.0 96.0
3 28 137.0 184.0
54 48 108.0 76.0
18 33 166.0 78.0
8 71 150.0 48.0
5 21 192.0 109.0
9 50 134.0 135.0
17 7 22.0 42.0
61 79 71.0 57.0
73 42 7.0 8.0
16 13 168.0 67.0
5 61 47.0 86.0
65 12 97.0 197.0
1 20 165.0 90.0
12 17 19.0 52.0
54 15 130.0 42.0
4 54 101.0 1.0
4 15 99.0 60.0
87 58 109.0 19.0
52 15 13.0 157.0
26 62 105.0 110.0
1 39 25.0 23.0
30 3 10.0 197.0
61 84 1.0 140.0
48 64 88.0 54.0
22 29 7.0 187.0
19 11 19.0 68.0
9 20 106.0 32.0
27 31 153.0 163.0
69 51 73.0 131.0
1 22 30.0 35.0
55 33 113.0 183.0
29 69 30.0 1.0
30 34 51.0 189.0
66 64 165.0 23.0
7 79 71.0 23.0
20 22 150.0 24.0
73 7 34.0 23.0
45 67 58.0 65.0
12 15 8.0 124.0
34 65 47.0 38.0
9 23 118.0 99.0
22 12 72.0 83.0
83 55 184.0 143.0
77 24 18.0 134.0
31 54 14.0 52.0
31 63 106.0 73.0
19 5 12.0 66.0
4 19 93.0 60.0
23 5 73.0 163.0
3 15 66.0 145.0
28 4 150.0 2.0
33 78 139.0 168.0
42 6 117.0 153.0
68 64 64.0 175.0
13 78 2.0 29.0
41 14 87.0 47.0
47 76 89.0 160.0
21 22 67.0 107.0
30 69 10.0 17.0
10 23 44.0 101.0
79 37 105.0 161.0
13 5 65.0 122.0
29 4 180.0 67.0
32 8 96.0 67.0
16 44 190.0 185.0
87 29 88.0 57.0
30 84 1.0 50.0
1 56 27.0 45.0
3 87 96.0 85.0
12 64 23.0 161.0
82 84 6.0 155.0
24 11 27.0 102.0
77 82 143.0 17.0
20 11 38.0 183.0
58 11 121.0 39.0
66 31 49.0 100.0
28 71 40.0 97.0
67 70 158.0 15.0
64 63 190.0 164.0
73 70 99.0 169.0
84 1 141.0 43.0
64 11 120.0 179.0
21 23 102.0 41.0
75 71 152.0 103.0
74 31 176.0 144.0
11 34 107.0 86.0
7 58 76.0 49.0
4 26 127.0 175.0
19 71 24.0 20.0
25 6 161.0 145.0
89 47 79.0 16.0
10 22 112.0 183.0
34 24 140.0 88.0
79 39 169.0 0.0
29 10 47.0 45.0
29 35 80.0 126.0
15 6 140.0 57.0
12 9 170.0 53.0
7 28 173.0 1.0
54 55 69.0 85.0
11 78 53.0 162.0
49 47 29.0 22.0
78 26 135.0 28.0
61 18 135.0 16.0
50 13 53.0 75.0
53 36 119.0 23.0
19 14 147.0 44.0
68 89 127.0 168.0
77 87 10.0 180.0
66 6 160.0 39.0
31 78 166.0 95.0
6 44 129.0 53.0
20 13 163.0 182.0
63 23 15.0 35.0
58 31 197.0 162.0
32 2 119.0 76.0
61 33 9.0 81.0
60 77 138.0 169.0
31 5 16.0 56.0
17 16 17.0 97.0
84 13 103.0 180.0
57 55 73.0 118.0
19 42 112.0 22.0
16 38 80.0 183.0
17 14 70.0 89.0
3 31 29.0 160.0
50 44 156.0 45.0
34 6 173.0 173.0
3 16 115.0 77.0
85 64 24.0 140.0
22 8 95.0 88.0
84 60 120.0 175.0
44 39 26.0 191.0
8 14 7.0 55.0
55 66 103.0 116.0
71 5 74.0 77.0
35 21 125.0 189.0
84 15 33.0 101.0
61 83 58.0 80.0
75 36 103.0 179.0
5 4 155.0 129.0
13 19 98.0 163.0
46 7 138.0 1.0
33 68 172.0 12.0
88 30 190.0 49.0
44 7 81.0 175.0
5 12 106.0 139.0
22 11 191.0 9.0
53 77 66.0 147.0
79 22 66.0 116.0
50 83 165.0 4.0
62 84 36.0 137.0
16 12 158.0 26.0
30 12 181.0 39.0
34 38 25.0 88.0
8 15 146.0 17.0
34 88 64.0 12.0
20 25 71.0 82.0
40 27 97.0 36.0
44 54 177.0 134.0
54 34 153.0 136.0
14 20 76.0 135.0
5 35 164.0 54.0
1 32 13.0 110.0
17 8 117.0 29.0
66 15 103.0 188.0
41 1 5.0 1.0
12 21 15.0 183.0
34 1 66.0 168.0
5 55 161.0 142.0
22 86 55.0 77.0
30 6 158.0 68.0
47 85 167.0 75.0
10 51 160.0 22.0
12 24 142.0 117.0
5 38 110.0 109.0
7 18 74.0 128.0
27 8 116.0 187.0
20 16 190.0 171.0
18 59 16.0 101.0
54 1 50.0 135.0
74 11 32.0 162.0
22 4 195.0 126.0
24 14 55.0 57.0
15 77 151.0 129.0
15 78 179.0 19.0
68 7 135.0 121.0
65 46 22.0 103.0
15 18 143.0 24.0
65 49 33.0 175.0
4 70 149.0 180.0
32 6 155.0 5.0
60 32 183.0 59.0
21 63 39.0 162.0
3 66 106.0 127.0
22 52 9.0 128.0
84 76 25.0 152.0
57 6 60.0 10.0
9 33 22.0 161.0
16 76 4.0 130.0
7 22 112.0 187.0
63 14 144.0 103.0
79 74 196.0 51.0
37 4 138.0 158.0
80 86 78.0 163.0
25 39 75.0 90.0
71 30 144.0 49.0
38 26 127.0 148.0
26 64 44.0 39.0
77 62 127.0 188.0
1 35 90.0 76.0
87 65 7.0 28.0
83 43 190.0 37.0
81 29 32.0 17.0
58 63 54.0 128.0
88 64 23.0 182.0
18 17 105.0 67.0
36 64 146.0 184.0
58 77 66.0 36.0
52 29 47.0 25.0
71 52 77.0 189.0
29 5 178.0 61.0
63 27 128.0 185.0
23 69 132.0 151.0
43 41 161.0 37.0
16 19 121.0 107.0
6 54 137.0 187.0
82 56 121.0 136.0
40 53 177.0 150.0
53 71 14.0 155.0
32 3 121.0 143.0
64 15 152.0 5.0
78 17 91.0 113.0
35 9 155.0 12.0
62 1 28.0 92.0
78 20 45.0 101.0
3 29 142.0 22.0
30 5 22.0 157.0
41 58 82.0 143.0
7 21 163.0 34.0
72 38 112.0 54.0
46 70 138.0 20.0
3 85 84.0 166.0
38 32 199.0 130.0
27 5 140.0 141.0
3 10 57.0 162.0
83 68 49.0 91.0
35 74 101.0 164.0
22 75 199.0 166.0
77 22 7.0 137.0
9 28 143.0 91.0
30 65 50.0 94.0
29 84 160.0 190.0
87 51 189.0 169.0
29 16 120.0 190.0
36 3 65.0 174.0
53 23 115.0 64.0
44 14 80.0 122.0
17 6 85.0 24.0
8 52 113.0 87.0
68 71 145.0 25.0
32 46 97.0 86.0
83 45 49.0 18.0
20 5 12.0 114.0
23 33 66.0 79.0
46 78 47.0 146.0
20 36 153.0 84.0
21 83 51.0 18.0
32 5 185.0 196.0
12 26 54.0 34.0
23 7 149.0 103.0
10 27 184.0 113.0
53 85 90.0 50.0
25 11 111.0 137.0
31 71 16.0 17.0
64 1 195.0 68.0
32 4 30.0 132.0
23 11 65.0 85.0
27 7 120.0 166.0
27 11 115.0 56.0
29 66 120.0 5.0
83 30 79.0 184.0
12 87 61.0 96.0
15 17 76.0 9.0
78 42 183.0 106.0
36 74 184.0 1.0
72 73 50.0 56.0
27 3 174.0 166.0
15 58 179.0 95.0
21 70 86.0 11.0
67 83 124.0 99.0
14 22 107.0 0.0
36 32 166.0 91.0
38 86 190.0 102.0
2 42 162.0 193.0
81 22 194.0 89.0
79 76 4.0 174.0
56 67 151.0 42.0
18 20 19.0 75.0
50 88 108.0 78.0
22 15 41.0 27.0
61 40 129.0 184.0
82 61 111.0 43.0
82 33 74.0 57.0
41 24 187.0 31.0
28 5 164.0 138.0
87 67 74.0 135.0
65 66 33.0 134.0
41 64 53.0 74.0
15 45 131.0 134.0
38 43 27.0 42.0
4 23 82.0 54.0
19 18 51.0 22.0
54 71 134.0 168.0
48 70 24.0 8.0
2 35 5.0 57.0
13 1 147.0 10.0
52 16 186.0 78.0
58 79 135.0 165.0
33 40 158.0 170.0
25 14 71.0 162.0
39 4 135.0 5.0
6 87 55.0 159.0
37 1 115.0 60.0
75 12 99.0 14.0
27 46 39.0 37.0
35 88 192.0 127.0
60 18 183.0 150.0
33 5 145.0 54.0
24 71 180.0 80.0
68 62 187.0 35.0
62 39 166.0 103.0
72 55 187.0 17.0
12 52 182.0 178.0
29 11 32.0 174.0
12 34 43.0 15.0
76 23 88.0 189.0
25 10 160.0 20.0
4 27 126.0 148.0
68 84 27.0 44.0
71 45 186.0 166.0
13 22 79.0 169.0
54 61 156.0 63.0
12 23 18.0 0.0
82 81 37.0 58.0
21 17 176.0 149.0
36 4 195.0 54.0
67 54 173.0 174.0
23 6 86.0 159.0
77 34 190.0 117.0
3 11 52.0 147.0
28 13 120.0 70.0
1 45 50.0 109.0
84 11 99.0 26.0
62 74 8.0 46.0
60 70 101.0 181.0
23 16 101.0 139.0
27 16 101.0 91.0
46 86 8.0 154.0
73 18 25.0 80.0
63 7 119.0 76.0
39 85 107.0 171.0
16 14 75.0 116.0
9 25 102.0 128.0
17 30 164.0 155.0
67 39 72.0 65.0
35 48 127.0 32.0
66 20 5.0 104.0
17 19 4.0 124.0
33 13 178.0 112.0
62 34 55.0 6.0
79 88 20.0 109.0
51 19 85.0 184.0
57 12 5.0 109.0
82 53 73.0 132.0
72 66 10.0 30.0
80 56 12.0 167.0
6 8 67.0 191.0
13 23 88.0 74.0
37 2 189.0 108.0
20 87 168.0 27.0
32 31 123.0 174.0
14 26 35.0 196.0
21 13 121.0 198.0
23 3 86.0 85.0
42 74 7.0 105.0
23 22 61.0 47.0
24 66 19.0 2.0
39 3 150.0 188.0
9 24 196.0 73.0
2 63 172.0 31.0
23 17 84.0 45.0
7 65 94.0 170.0
72 12 136.0 53.0
22 19 74.0 197.0
68 31 113.0 94.0
15 26 147.0 64.0
10 72 120.0 143.0
46 53 110.0 92.0
50 64 55.0 146.0
40 23 179.0 101.0
8 31 0.0 67.0
37 89 121.0 75.0
52 18 46.0 186.0
4 33 151.0 194.0
82 21 3.0 71.0
15 16 21.0 65.0
10 33 25.0 28.0
22 58 74.0 156.0
25 61 100.0 26.0
12 29 58.0 173.0
21 19 129.0 56.0
14 23 102.0 80.0
53 1 156.0 105.0
24 18 25.0 129.0
17 45 64.0 3.0
6 18 179.0 90.0
85 54 128.0 80.0
4 83 144.0 186.0
33 80 176.0 74.0
22 73 137.0 30.0
73 65 30.0 94.0
82 43 146.0 8.0
21 40 172.0 162.0
64 25 162.0 103.0
11 79 90.0 90.0
8 18 154.0 187.0
16 22 173.0 130.0
23 84 130.0 111.0
59 26 12.0 112.0
28 12 65.0 158.0
56 81 158.0 189.0
12 20 44.0 120.0
24 69 17.0 87.0
37 3 119.0 172.0
38 4 158.0 93.0
89 39 16.0 40.0
86 57 197.0 28.0
51 76 61.0 15.0
67 26 86.0 19.0
60 3 78.0 83.0
71 35 149.0 95.0
34 22 35.0 68.0
28 59 89.0 145.0
32 9 86.0 58.0
32 57 68.0 84.0
44 62 139.0 129.0
35 3 105.0 26.0
38 3 45.0 183.0
65 29 27.0 146.0
2 38 172.0 62.0
36 6 101.0 61.0
35 7 36.0 188.0
88 38 87.0 57.0
24 8 178.0 26.0
73 74 78.0 83.0
33 3 192.0 75.0
1 42 99.0 19.0
58 76 68.0 71.0
64 16 186.0 121.0
9 34 114.0 175.0
37 49 8.0 1.0
87 79 9.0 139.0
86 48 145.0 88.0
27 17 194.0 90.0
78 19 125.0 93.0
28 74 136.0 145.0
22 47 4.0 74.0
7 36 13.0 70.0
70 84 156.0 174.0
7 69 83.0 165.0
31 9 32.0 180.0
35 34 10.0 26.0
75 28 27.0 135.0
30 13 140.0 115.0
27 15 130.0 96.0
39 11 128.0 96.0
7 31 41.0 36.0
32 22 174.0 76.0
33 11 32.0 7.0
80 45 11.0 42.0
6 21 148.0 38.0
28 45 164.0 88.0
84 16 142.0 94.0
15 24 46.0 22.0
66 25 147.0 40.0
26 16 76.0 122.0
75 43 109.0 61.0
31 6 27.0 120.0
55 73 98.0 176.0
6 27 15.0 62.0
38 62 161.0 157.0
2 29 64.0 160.0
61 42 156.0 163.0
10 26 50.0 32.0
76 49 137.0 159.0
4 71 86.0 164.0
25 18 111.0 184.0
50 89 166.0 126.0
61 89 159.0 80.0
36 18 7.0 175.0
81 88 12.0 163.0
32 82 95.0 62.0
11 28 142.0 184.0
30 4 195.0 28.0
37 61 6.0 58.0
40 4 23.0 124.0
72 53 37.0 135.0
70 38 188.0 44.0
58 68 178.0 1.0
82 13 147.0 25.0
47 87 194.0 41.0
29 89 54.0 141.0
37 8 149.0 12.0
39 54 158.0 173.0
5 25 138.0 195.0
40 83 172.0 126.0
83 22 56.0 102.0
57 71 36.0 4.0
6 3 149.0 30.0
16 24 53.0 156.0
29 13 60.0 2.0
2 6 199.0 18.0
25 40 110.0 89.0
30 9 154.0 34.0
53 58 94.0 11.0
39 30 55.0 130.0
36 62 183.0 4.0
41 48 111.0 188.0
32 10 138.0 123.0
70 62 162.0 89.0
18 12 64.0 24.0
10 30 193.0 170.0
20 35 113.0 87.0
86 68 169.0 120.0
40 50 68.0 104.0
9 47 70.0 131.0
27 35 58.0 8.0
7 85 8.0 20.0
85 80 174.0 24.0
10 31 152.0 167.0
53 34 85.0 17.0
21 15 56.0 54.0
62 87 51.0 77.0
66 17 39.0 121.0
51 23 68.0 98.0
18 87 112.0 77.0
29 1 169.0 86.0
32 7 33.0 122.0
49 74 36.0 70.0
86 67 91.0 92.0
64 84 38.0 142.0
12 47 1.0 29.0
2 13 132.0 70.0
27 36 113.0 44.0
36 71 105.0 82.0
86 44 101.0 138.0
24 21 125.0 137.0
66 59 70.0 16.0
3 41 137.0 60.0
30 11 125.0 138.0
39 65 119.0 9.0
30 8 12.0 32.0
85 55 176.0 117.0
9 69 71.0 29.0
68 52 51.0 196.0
44 74 155.0 73.0
28 16 103.0 92.0
41 4 97.0 181.0
38 76 50.0 169.0
35 8 36.0 14.0
49 15 196.0 164.0
83 1 105.0 67.0
28 19 12.0 108.0
4 52 159.0 167.0
10 28 148.0 14.0
56 61 137.0 197.0
13 31 38.0 139.0
35 33 140.0 74.0
47 73 24.0 136.0
6 55 49.0 81.0
74 48 56.0 61.0
27 14 144.0 167.0
23 82 186.0 92.0
53 35 123.0 123.0
8 65 128.0 161.0
30 55 54.0 20.0
39 41 66.0 30.0
8 33 189.0 115.0
85 74 178.0 197.0
9 36 102.0 122.0
18 23 84.0 89.0
59 38 15.0 8.0
35 24 148.0 143.0
25 12 39.0 155.0
3 42 90.0 105.0
69 15 55.0 31.0
42 4 60.0 33.0
17 24 148.0 162.0
19 25 81.0 33.0
5 42 99.0 96.0
44 11 71.0 48.0
40 11 133.0 110.0
44 3 142.0 23.0
8 36 139.0 197.0
11 36 132.0 151.0
19 86 164.0 80.0
45 27 37.0 197.0
2 44 69.0 136.0
86 76 193.0 92.0
86 26 184.0 78.0
43 80 112.0 78.0
56 9 94.0 51.0
25 8 53.0 26.0
26 50 88.0 169.0
10 82 30.0 77.0
15 29 97.0 51.0
40 8 146.0 42.0
26 65 70.0 130.0
77 37 34.0 182.0
45 64 150.0 128.0
71 79 110.0 155.0
39 2 88.0 199.0
16 30 53.0 119.0
32 48 145.0 102.0
26 17 165.0 43.0
29 14 96.0 187.0
86 35 72.0 130.0
31 28 197.0 174.0
14 28 177.0 108.0
47 72 199.0 17.0
12 27 178.0 5.0
8 67 77.0 75.0
22 68 78.0 195.0
21 25 128.0 175.0
34 13 10.0 152.0
35 41 80.0 160.0
86 5 118.0 57.0
9 74 62.0 117.0
11 48 126.0 40.0
48 36 194.0 4.0
14 89 76.0 25.0
88 45 37.0 156.0
29 18 125.0 0.0
56 62 148.0 6.0
88 62 107.0 66.0
46 44 158.0 169.0
24 88 48.0 84.0
20 23 63.0 43.0
33 26 173.0 91.0
70 40 181.0 162.0
55 27 49.0 107.0
88 6 102.0 197.0
5 41 171.0 161.0
76 73 114.0 81.0
4 63 74.0 115.0
8 86 45.0 137.0
17 25 102.0 170.0
76 1 90.0 35.0
27 80 170.0 139.0
41 2 136.0 24.0
12 32 8.0 59.0
26 20 114.0 75.0
7 40 63.0 188.0
34 40 182.0 109.0
54 53 192.0 36.0
53 42 12.0 34.0
55 50 173.0 182.0
69 58 70.0 61.0
59 40 165.0 30.0
47 48 70.0 31.0
85 8 51.0 85.0
11 37 61.0 33.0
28 26 142.0 53.0
28 17 11.0 154.0
43 17 177.0 184.0
75 37 143.0 199.0
9 54 83.0 61.0
33 12 87.0 105.0
32 74 162.0 138.0
18 30 115.0 175.0
5 36 142.0 57.0
21 16 31.0 105.0
39 55 3.0 161.0
26 18 158.0 147.0
13 27 182.0 193.0
65 79 165.0 69.0
21 28 178.0 79.0
20 38 181.0 93.0
5 44 103.0 75.0
45 4 23.0 86.0
24 19 63.0 26.0
58 44 54.0 173.0
84 49 138.0 36.0
7 39 58.0 55.0
75 39 52.0 188.0
9 62 129.0 185.0
45 47 2.0 184.0
12 58 17.0 25.0
5 37 182.0 32.0
31 17 15.0 188.0
4 34 94.0 153.0
21 32 3.0 104.0
5 40 188.0 56.0
5 43 110.0 117.0
27 18 48.0 65.0
4 35 145.0 17.0
30 66 176.0 127.0
33 51 131.0 191.0
56 36 79.0 177.0
67 72 198.0 35.0
55 46 53.0 186.0
6 35 91.0 116.0
8 38 32.0 91.0
18 66 70.0 177.0
64 75 117.0 198.0
25 24 170.0 1.0
5 62 141.0 49.0
66 23 139.0 91.0
68 40 164.0 145.0
2 43 194.0 7.0
5 39 17.0 178.0
18 28 22.0 39.0
20 24 41.0 139.0
31 11 15.0 11.0
69 20 35.0 156.0
64 49 177.0 127.0
48 1 115.0 141.0
8 56 175.0 61.0
4 44 14.0 144.0
28 48 63.0 36.0
14 35 0.0 105.0
2 46 43.0 167.0
85 14 27.0 78.0
84 53 154.0 4.0
10 39 162.0 69.0
18 72 3.0 89.0
86 53 21.0 17.0
32 13 191.0 85.0
60 37 105.0 143.0
26 9 92.0 148.0
15 37 111.0 71.0
23 79 165.0 65.0
41 31 177.0 80.0
35 69 140.0 180.0
32 20 173.0 161.0
19 30 40.0 165.0
6 37 55.0 145.0
43 16 6.0 147.0
75 2 64.0 69.0
13 64 73.0 181.0
30 15 38.0 50.0
70 79 186.0 130.0
34 14 136.0 112.0
70 19 87.0 176.0
60 83 109.0 142.0
16 31 47.0 67.0
47 23 56.0 63.0
19 40 44.0 81.0
40 86 89.0 35.0
9 39 94.0 28.0
12 39 4.0 182.0
57 56 106.0 91.0
71 87 8.0 167.0
21 87 85.0 7.0
42 50 147.0 93.0
89 34 174.0 144.0
52 79 170.0 16.0
46 4 58.0 16.0
60 27 153.0 14.0
83 78 149.0 59.0
75 3 116.0 109.0
27 19 90.0 1.0
35 15 160.0 189.0
72 26 77.0 86.0
37 46 161.0 47.0
67 55 82.0 171.0
81 36 179.0 35.0
46 48 132.0 129.0
50 56 40.0 0.0
20 30 151.0 130.0
77 8 171.0 111.0
32 18 21.0 48.0
25 49 151.0 182.0
3 43 182.0 185.0
43 7 132.0 113.0
31 21 94.0 16.0
5 45 44.0 134.0
31 86 72.0 148.0
26 37 44.0 43.0
16 55 166.0 66.0
37 21 106.0 69.0
18 31 196.0 40.0
68 88 95.0 129.0
12 40 85.0 189.0
11 52 187.0 82.0
49 1 83.0 60.0
56 44 155.0 127.0
32 59 190.0 121.0
13 86 4.0 96.0
53 37 72.0 152.0
20 31 95.0 167.0
37 9 45.0 133.0
50 2 28.0 184.0
30 40 38.0 111.0
19 29 199.0 145.0
37 88 186.0 189.0
17 74 5.0 190.0
21 30 121.0 29.0
12 56 107.0 169.0
65 48 42.0 104.0
8 41 66.0 70.0
48 5 137.0 56.0
35 37 11.0 136.0
35 83 29.0 197.0
45 7 89.0 34.0
33 20 162.0 162.0
75 85 69.0 21.0
43 27 102.0 111.0
12 37 2.0 168.0
34 16 189.0 139.0
2 49 47.0 153.0
60 42 115.0 28.0
45 18 76.0 156.0
37 65 193.0 38.0
18 34 35.0 62.0
25 22 53.0 138.0
75 76 76.0 8.0
43 4 62.0 17.0
35 11 79.0 62.0
15 38 115.0 146.0
15 31 86.0 143.0
33 7 175.0 79.0
30 70 128.0 162.0
71 10 28.0 133.0
86 24 194.0 56.0
43 6 120.0 9.0
47 2 69.0 151.0
33 15 170.0 136.0
25 28 77.0 57.0
20 44 4.0 4.0
41 10 0.0 84.0
33 2 130.0 181.0
56 52 104.0 125.0
55 7 60.0 24.0
35 50 70.0 81.0
79 16 130.0 41.0
38 11 62.0 160.0
22 24 168.0 18.0
80 7 103.0 169.0
16 35 136.0 185.0
16 83 107.0 193.0
22 36 105.0 167.0
85 33 123.0 176.0
9 43 20.0 6.0
15 86 5.0 82.0
49 3 70.0 174.0
45 2 84.0 125.0
12 79 40.0 21.0
6 68 169.0 99.0
40 3 33.0 75.0
35 78 37.0 108.0
60 22 191.0 57.0
18 57 171.0 196.0
75 83 155.0 193.0
32 19 166.0 40.0
47 6 153.0 159.0
8 43 114.0 123.0
47 5 96.0 99.0
61 19 77.0 85.0
62 18 11.0 20.0
7 42 34.0 134.0
29 24 60.0 190.0
24 27 177.0 27.0
19 33 174.0 131.0
68 79 25.0 40.0
62 49 13.0 73.0
11 43 78.0 42.0
17 34 144.0 41.0
28 51 25.0 131.0
67 24 51.0 86.0
27 21 50.0 181.0
25 29 151.0 176.0
22 27 178.0 177.0
88 75 112.0 191.0
39 29 119.0 191.0
5 46 133.0 64.0
48 8 166.0 159.0
53 64 123.0 170.0
4 50 17.0 173.0
71 59 85.0 168.0
9 45 82.0 63.0
15 32 13.0 194.0
3 46 142.0 85.0
82 72 34.0 75.0
12 31 116.0 152.0
36 12 197.0 191.0
5 50 192.0 14.0
23 30 86.0 77.0
16 61 36.0 168.0
61 60 41.0 2.0
2 30 126.0 183.0
5 58 36.0 112.0
88 82 133.0 152.0
10 42 69.0 130.0
33 22 76.0 61.0
26 24 168.0 114.0
5 76 82.0 157.0
46 52 154.0 75.0
37 16 186.0 33.0
7 52 171.0 22.0
36 19 6.0 104.0
51 2 128.0 75.0
4 82 68.0 156.0
4 67 11.0 188.0
53 67 7.0 45.0
51 26 54.0 162.0
54 2 153.0 192.0
59 70 159.0 77.0
61 81 9.0 117.0
15 39 4.0 89.0
78 12 60.0 24.0
3 52 77.0 23.0
33 73 119.0 85.0
38 13 24.0 173.0
54 7 142.0 129.0
19 31 73.0 101.0
45 6 108.0 34.0
41 15 195.0 65.0
26 89 93.0 7.0
55 43 69.0 171.0
12 41 142.0 188.0
17 32 105.0 166.0
48 69 164.0 199.0
10 38 42.0 189.0
40 85 186.0 103.0
32 55 173.0 181.0
12 43 168.0 66.0
14 37 172.0 37.0
77 76 4.0 114.0
25 26 122.0 61.0
46 59 135.0 86.0
76 34 137.0 130.0
29 63 102.0 75.0
50 58 66.0 75.0
53 10 118.0 34.0
46 10 128.0 90.0
80 2 139.0 85.0
68 49 23.0 61.0
18 37 25.0 110.0
3 47 128.0 163.0
23 28 130.0 30.0
17 36 195.0 197.0
25 31 82.0 66.0
30 25 55.0 10.0
61 57 7.0 146.0
7 38 105.0 182.0
10 40 136.0 131.0
86 65 111.0 65.0
86 1 35.0 41.0
62 29 56.0 183.0
83 27 181.0 138.0
31 26 23.0 188.0
42 11 94.0 182.0
36 46 153.0 199.0
42 14 95.0 89.0
39 13 117.0 158.0
47 60 11.0 152.0
88 36 68.0 67.0
84 63 94.0 49.0
60 31 109.0 69.0
63 32 19.0 3.0
7 50 82.0 172.0
25 38 118.0 178.0
83 14 26.0 35.0
2 48 183.0 37.0
24 28 163.0 51.0
47 4 175.0 9.0
27 26 120.0 84.0
6 50 106.0 139.0
5 49 184.0 189.0
45 58 150.0 54.0
32 23 48.0 177.0
46 8 8.0 31.0
28 53 36.0 171.0
10 44 82.0 11.0
22 30 101.0 2.0
6 38 83.0 8.0
8 2 36.0 19.0
5 51 75.0 186.0
44 76 144.0 123.0
13 43 105.0 104.0
3 70 180.0 93.0
13 44 76.0 15.0
51 6 193.0 178.0
89 16 173.0 28.0
37 20 3.0 9.0
39 35 189.0 78.0
13 42 97.0 85.0
33 24 1.0 2.0
27 29 179.0 134.0
48 4 10.0 7.0
29 28 86.0 3.0
26 53 58.0 59.0
37 17 56.0 13.0
36 72 184.0 197.0
1 50 58.0 34.0
27 28 42.0 60.0
49 8 189.0 173.0
8 42 117.0 199.0
51 4 42.0 3.0
25 32 72.0 52.0
83 74 5.0 128.0
56 21 108.0 141.0
47 78 184.0 166.0
4 79 48.0 178.0
12 44 171.0 38.0
24 59 51.0 41.0
20 63 33.0 93.0
77 59 143.0 105.0
65 77 74.0 148.0
46 9 22.0 134.0
9 38 181.0 158.0
21 41 59.0 30.0
6 49 125.0 183.0
14 43 105.0 177.0
21 36 80.0 91.0
77 57 84.0 175.0
67 22 196.0 110.0
57 3 135.0 170.0
40 17 184.0 69.0
27 25 161.0 195.0
61 35 32.0 87.0
62 64 127.0 90.0
82 36 111.0 7.0
25 63 15.0 195.0
17 69 176.0 12.0
17 41 55.0 64.0
8 58 136.0 191.0
22 72 55.0 97.0
18 38 24.0 39.0
88 15 143.0 151.0
50 34 96.0 6.0
55 1 103.0 111.0
9 44 18.0 31.0
63 69 177.0 25.0
52 6 164.0 65.0
57 70 25.0 171.0
6 78 3.0 1.0
56 3 59.0 98.0
33 32 107.0 155.0
12 68 21.0 162.0
35 23 56.0 191.0
81 63 69.0 185.0
39 19 46.0 34.0
72 45 15.0 23.0
55 81 13.0 19.0
56 2 192.0 72.0
29 30 136.0 51.0
47 13 195.0 109.0
30 26 47.0 51.0
43 10 160.0 117.0
36 14 155.0 6.0
81 65 77.0 170.0
31 29 136.0 42.0
46 13 89.0 128.0
13 41 194.0 25.0
45 11 102.0 190.0
72 60 113.0 150.0
15 40 124.0 73.0
18 42 30.0 79.0
38 21 19.0 107.0
3 55 106.0 155.0
47 11 12.0 195.0
39 21 14.0 159.0
51 7 150.0 117.0
70 16 180.0 16.0
12 48 112.0 105.0
28 54 38.0 142.0
58 1 82.0 9.0
11 77 71.0 188.0
53 3 23.0 83.0
74 8 119.0 37.0
6 48 142.0 22.0
38 19 67.0 122.0
70 2 104.0 179.0
24 36 6.0 142.0
56 77 179.0 40.0
64 67 125.0 2.0
4 73 25.0 148.0
13 83 176.0 145.0
29 32 74.0 118.0
81 75 36.0 141.0
77 9 88.0 93.0
28 30 23.0 46.0
83 77 112.0 154.0
54 22 185.0 38.0
27 34 27.0 162.0
27 57 73.0 3.0
31 51 135.0 147.0
41 16 38.0 124.0
27 32 60.0 78.0
67 74 48.0 35.0
36 23 31.0 112.0
66 52 46.0 168.0
38 22 69.0 73.0
2 57 121.0 142.0
9 42 120.0 8.0
16 40 147.0 110.0
62 15 10.0 8.0
89 82 132.0 10.0
45 16 140.0 116.0
45 75 66.0 186.0
87 11 62.0 87.0
18 40 47.0 135.0
41 85 105.0 120.0
87 42 185.0 53.0
79 40 92.0 195.0
41 20 50.0 176.0
36 25 105.0 190.0
18 41 48.0 123.0
51 9 134.0 62.0
26 34 64.0 181.0
51 34 177.0 121.0
3 59 111.0 162.0
4 53 52.0 155.0
4 56 147.0 102.0
52 59 105.0 4.0
20 67 66.0 105.0
1 82 130.0 0.0
47 44 114.0 146.0
37 23 175.0 43.0
28 34 38.0 38.0
1 59 135.0 90.0
77 85 53.0 35.0
54 49 162.0 158.0
27 85 57.0 28.0
59 4 5.0 187.0
52 45 6.0 71.0
30 74 52.0 182.0
77 49 141.0 42.0
49 44 43.0 28.0
30 31 113.0 96.0
42 16 22.0 27.0
29 72 157.0 79.0
24 38 103.0 114.0
32 69 162.0 62.0
53 70 77.0 167.0
57 1 182.0 170.0
53 25 18.0 177.0
11 46 69.0 83.0
84 35 101.0 91.0
18 80 154.0 10.0
68 45 45.0 10.0
24 63 66.0 8.0
65 52 36.0 95.0
60 35 78.0 19.0
59 35 183.0 97.0
19 50 101.0 5.0
13 35 161.0 154.0
19 52 160.0 115.0
29 46 6.0 5.0
23 34 169.0 72.0
14 46 77.0 6.0
2 59 58.0 155.0
17 35 99.0 194.0
80 3 180.0 153.0
8 64 66.0 141.0
49 60 168.0 26.0
39 27 139.0 174.0
34 78 90.0 61.0
15 43 159.0 119.0
77 16 73.0 18.0
37 22 168.0 173.0
7 41 58.0 100.0
35 22 161.0 125.0
58 4 39.0 82.0
49 11 85.0 131.0
45 19 77.0 127.0
5 56 159.0 36.0
87 63 103.0 32.0
29 20 29.0 71.0
48 13 21.0 88.0
1 51 118.0 182.0
68 3 4.0 157.0
59 47 32.0 89.0
87 61 43.0 61.0
43 22 86.0 154.0
37 19 122.0 190.0
58 2 180.0 104.0
79 67 53.0 153.0
67 78 177.0 171.0
10 54 129.0 133.0
9 53 154.0 161.0
32 28 156.0 197.0
59 48 79.0 43.0
82 48 187.0 2.0
73 35 135.0 119.0
12 88 63.0 189.0
51 12 16.0 40.0
41 19 163.0 145.0
57 7 91.0 117.0
2 61 55.0 47.0
3 58 13.0 135.0
23 24 26.0 1.0
37 27 101.0 161.0
4 49 57.0 164.0
73 1 8.0 73.0
49 14 31.0 171.0
35 28 12.0 74.0
30 33 77.0 19.0
22 41 191.0 91.0
30 32 46.0 17.0
25 35 165.0 99.0
81 38 0.0 22.0
39 34 54.0 9.0
17 39 197.0 37.0
21 78 80.0 161.0
53 7 53.0 157.0
62 7 35.0 196.0
61 67 65.0 33.0
6 41 82.0 30.0
53 12 72.0 35.0
37 24 174.0 79.0
43 57 149.0 171.0
58 6 69.0 29.0
88 13 105.0 74.0
46 16 136.0 92.0
10 45 85.0 1.0
21 60 159.0 120.0
36 29 41.0 184.0
18 39 127.0 15.0
14 64 63.0 77.0
53 5 193.0 84.0
37 7 185.0 99.0
51 13 17.0 73.0
48 16 184.0 55.0
33 14 46.0 96.0
47 10 33.0 87.0
52 13 74.0 160.0
28 38 120.0 90.0
80 54 141.0 113.0
61 55 114.0 126.0
22 59 33.0 83.0
50 14 83.0 18.0
8 13 147.0 81.0
19 46 89.0 180.0
78 5 70.0 115.0
2 64 26.0 190.0
20 45 65.0 168.0
40 22 32.0 131.0
57 4 23.0 66.0
10 50 170.0 58.0
4 60 48.0 70.0
82 34 185.0 137.0
8 53 178.0 8.0
51 15 142.0 4.0
39 23 179.0 7.0
84 12 121.0 11.0
52 49 9.0 144.0
72 27 15.0 132.0
29 34 58.0 63.0
26 19 52.0 195.0
54 5 119.0 30.0
46 85 160.0 61.0
58 14 186.0 91.0
40 24 62.0 107.0
20 42 46.0 24.0
38 29 157.0 13.0
61 86 66.0 15.0
86 51 90.0 118.0
66 56 120.0 9.0
74 50 54.0 32.0
85 88 0.0 40.0
11 50 159.0 15.0
81 5 165.0 157.0
10 24 105.0 122.0
24 39 85.0 171.0
50 16 113.0 176.0
45 21 133.0 185.0
77 18 50.0 139.0
28 33 121.0 51.0
36 30 37.0 32.0
11 68 52.0 2.0
73 52 169.0 157.0
35 30 112.0 54.0
5 57 17.0 26.0
52 14 80.0 102.0
13 76 75.0 82.0
89 44 156.0 196.0
50 54 8.0 193.0
32 64 140.0 12.0
12 49 36.0 61.0
63 1 76.0 148.0
34 32 122.0 93.0
66 2 71.0 2.0
1 52 115.0 147.0
10 57 73.0 23.0
62 3 151.0 34.0
33 34 186.0 91.0
50 17 122.0 174.0
21 42 22.0 198.0
73 34 139.0 144.0
35 32 134.0 11.0
46 17 104.0 1.0
45 23 34.0 130.0
62 6 61.0 185.0
30 41 82.0 199.0
57 11 153.0 4.0
42 25 146.0 175.0
20 46 143.0 38.0
31 35 104.0 77.0
32 76 68.0 8.0
18 49 1.0 102.0
56 20 169.0 14.0
60 69 2.0 51.0
16 49 84.0 108.0
37 30 114.0 183.0
44 18 76.0 57.0
78 51 85.0 180.0
37 81 124.0 105.0
58 10 38.0 77.0
64 43 21.0 7.0
56 10 44.0 175.0
60 8 85.0 80.0
47 20 178.0 151.0
8 59 10.0 54.0
37 28 115.0 47.0
47 80 111.0 191.0
57 89 17.0 149.0
42 44 167.0 38.0
23 44 41.0 163.0
3 63 120.0 79.0
47 75 96.0 98.0
21 46 189.0 106.0
18 54 123.0 56.0
65 1 76.0 187.0
18 48 82.0 93.0
41 26 68.0 50.0
45 29 97.0 109.0
6 60 117.0 169.0
46 22 114.0 13.0
87 64 119.0 55.0
55 13 188.0 43.0
56 48 83.0 64.0
38 30 67.0 165.0
55 9 41.0 135.0
64 5 142.0 90.0
80 70 60.0 11.0
22 39 155.0 126.0
10 86 177.0 27.0
28 39 61.0 118.0
84 52 122.0 96.0
15 81 84.0 190.0
36 58 66.0 125.0
69 18 116.0 161.0
64 4 59.0 176.0
3 61 53.0 167.0
54 8 187.0 182.0
59 10 20.0 0.0
64 3 127.0 142.0
11 51 196.0 163.0
22 45 140.0 15.0
51 16 189.0 8.0
78 9 57.0 0.0
52 10 181.0 62.0
17 83 81.0 168.0
5 60 132.0 101.0
16 53 80.0 11.0
6 61 194.0 29.0
60 44 129.0 87.0
2 60 176.0 118.0
55 8 24.0 34.0
51 37 55.0 157.0
37 32 191.0 137.0
44 22 167.0 75.0
7 61 67.0 0.0
73 68 134.0 13.0
55 11 197.0 63.0
34 86 132.0 173.0
33 31 193.0 109.0
68 25 101.0 49.0
23 71 94.0 92.0
58 9 163.0 13.0
36 33 125.0 182.0
58 70 67.0 11.0
9 57 148.0 64.0
43 89 162.0 32.0
52 25 5.0 108.0
65 6 8.0 59.0
87 59 23.0 54.0
83 51 182.0 138.0
42 55 75.0 107.0
58 13 68.0 95.0
59 76 55.0 168.0
63 6 51.0 18.0
44 21 158.0 56.0
37 36 82.0 118.0
15 42 194.0 57.0
57 24 72.0 129.0
11 69 88.0 100.0
15 83 3.0 156.0
61 8 160.0 59.0
46 23 27.0 11.0
24 45 94.0 137.0
43 20 58.0 176.0
46 18 18.0 52.0
55 58 50.0 43.0
45 25 29.0 138.0
47 88 148.0 184.0
26 40 56.0 60.0
86 81 83.0 83.0
60 17 178.0 177.0
27 44 54.0 188.0
76 43 72.0 73.0
20 48 96.0 74.0
40 28 53.0 77.0
14 56 87.0 153.0
34 36 185.0 144.0
69 1 128.0 69.0
13 57 27.0 106.0
59 12 99.0 34.0
9 61 13.0 171.0
36 79 138.0 61.0
47 21 175.0 143.0
61 10 112.0 14.0
50 15 100.0 98.0
74 81 90.0 28.0
55 14 125.0 69.0
16 54 172.0 24.0
27 81 89.0 137.0
70 86 61.0 179.0
50 29 192.0 188.0
33 89 33.0 104.0
42 26 3.0 85.0
39 31 143.0 45.0
69 2 38.0 68.0
61 11 84.0 163.0
71 1 91.0 126.0
16 66 139.0 152.0
38 23 151.0 83.0
36 73 7.0 136.0
9 48 16.0 162.0
81 49 193.0 159.0
10 48 196.0 183.0
48 21 17.0 32.0
26 45 2.0 108.0
50 70 196.0 141.0
14 54 199.0 147.0
64 7 107.0 158.0
49 19 97.0 123.0
43 25 106.0 42.0
52 5 86.0 54.0
75 6 123.0 104.0
78 37 13.0 125.0
40 84 33.0 9.0
39 71 113.0 184.0
75 26 49.0 20.0
19 47 96.0 99.0
31 40 192.0 155.0
42 28 92.0 79.0
52 21 46.0 167.0
10 60 180.0 11.0
49 20 12.0 14.0
39 58 73.0 125.0
83 47 61.0 75.0
78 87 172.0 158.0
47 79 35.0 116.0
59 6 75.0 127.0
40 29 182.0 73.0
26 46 107.0 162.0
69 3 187.0 119.0
27 41 124.0 60.0
13 56 87.0 186.0
13 59 177.0 11.0
30 85 187.0 12.0
53 15 6.0 62.0
41 56 181.0 140.0
18 53 29.0 88.0
28 44 62.0 168.0
24 43 2.0 138.0
55 17 178.0 42.0
84 2 181.0 155.0
19 85 113.0 121.0
31 34 99.0 71.0
30 43 195.0 32.0
60 13 48.0 176.0
61 26 141.0 62.0
63 9 194.0 96.0
51 21 98.0 172.0
52 20 133.0 31.0
51 52 160.0 46.0
69 26 111.0 12.0
24 42 145.0 58.0
24 44 102.0 146.0
80 60 57.0 44.0
3 67 39.0 4.0
13 54 181.0 137.0
80 13 158.0 66.0
39 32 9.0 71.0
52 28 13.0 72.0
54 17 149.0 111.0
86 17 48.0 51.0
63 8 179.0 57.0
23 48 73.0 18.0
53 13 198.0 55.0
4 68 148.0 108.0
5 66 119.0 109.0
50 21 46.0 85.0
19 54 180.0 195.0
61 12 22.0 28.0
38 33 185.0 1.0
41 29 89.0 11.0
17 57 106.0 87.0
38 35 77.0 54.0
41 63 93.0 149.0
25 46 161.0 91.0
45 14 35.0 93.0
33 41 83.0 57.0
5 69 57.0 20.0
47 38 165.0 146.0
35 36 141.0 23.0
14 59 60.0 18.0
5 63 195.0 105.0
83 81 183.0 108.0
54 21 176.0 170.0
40 32 32.0 59.0
23 41 77.0 90.0
55 20 65.0 194.0
18 51 107.0 6.0
64 52 96.0 167.0
74 78 97.0 91.0
64 9 113.0 33.0
53 22 26.0 89.0
61 51 126.0 59.0
20 53 100.0 156.0
22 49 63.0 165.0
44 29 23.0 170.0
70 34 44.0 119.0
47 25 39.0 93.0
17 56 67.0 104.0
80 52 65.0 93.0
60 7 132.0 144.0
39 36 47.0 32.0
66 4 74.0 62.0
41 32 173.0 97.0
55 22 188.0 169.0
55 88 46.0 180.0
44 34 23.0 65.0
36 38 29.0 89.0
37 33 173.0 113.0
35 26 87.0 172.0
52 23 121.0 162.0
62 12 142.0 47.0
36 40 112.0 82.0
18 56 125.0 111.0
72 1 33.0 148.0
32 53 103.0 15.0
25 44 107.0 28.0
24 50 26.0 195.0
78 32 6.0 148.0
21 49 53.0 148.0
16 74 99.0 165.0
4 77 48.0 24.0
82 80 92.0 33.0
72 3 136.0 195.0
10 65 107.0 44.0
58 60 114.0 134.0
48 27 20.0 120.0
50 22 96.0 73.0
71 3 151.0 147.0
73 3 24.0 199.0
66 34 10.0 117.0
50 27 162.0 146.0
55 53 167.0 70.0
45 76 81.0 33.0
63 70 171.0 54.0
29 42 128.0 19.0
16 59 90.0 79.0
19 56 186.0 66.0
23 50 49.0 148.0
5 72 88.0 164.0
30 44 19.0 7.0
6 69 132.0 52.0
72 2 24.0 55.0
52 24 8.0 104.0
3 4 84.0 50.0
47 26 134.0 22.0
44 35 52.0 184.0
39 78 55.0 92.0
61 14 180.0 26.0
62 13 191.0 112.0
27 70 27.0 15.0
61 15 187.0 36.0
10 67 173.0 71.0
49 24 112.0 108.0
58 17 34.0 164.0
27 49 182.0 90.0
38 65 154.0 114.0
50 53 37.0 145.0
55 24 90.0 64.0
21 74 191.0 77.0
75 58 102.0 165.0
46 24 162.0 14.0
17 52 13.0 197.0
25 51 49.0 195.0
40 35 55.0 3.0
28 47 184.0 44.0
55 18 150.0 74.0
31 37 156.0 141.0
57 21 150.0 10.0
34 63 48.0 113.0
51 24 0.0 13.0
14 60 8.0 49.0
53 24 108.0 15.0
39 37 22.0 44.0
1 74 137.0 172.0
66 11 179.0 93.0
68 28 55.0 130.0
39 33 92.0 56.0
37 42 110.0 92.0
17 59 51.0 70.0
84 27 154.0 160.0
74 65 121.0 176.0
26 44 50.0 58.0
57 15 41.0 30.0
29 49 143.0 97.0
25 50 164.0 188.0
32 45 4.0 74.0
66 12 23.0 8.0
71 6 184.0 129.0
2 74 152.0 57.0
70 8 75.0 154.0
12 63 82.0 116.0
48 25 107.0 178.0
54 83 197.0 71.0
47 61 124.0 153.0
20 58 128.0 100.0
75 8 158.0 112.0
48 29 44.0 62.0
63 15 161.0 71.0
16 62 105.0 196.0
27 52 128.0 13.0
88 54 42.0 77.0
10 64 80.0 167.0
68 8 25.0 8.0
56 70 183.0 183.0
54 23 81.0 180.0
11 62 71.0 42.0
59 15 49.0 128.0
58 16 8.0 129.0
74 3 64.0 51.0
56 39 132.0 96.0
20 83 85.0 158.0
85 18 20.0 21.0
64 33 9.0 53.0
73 2 148.0 32.0
89 10 3.0 149.0
1 75 184.0 11.0
40 38 24.0 48.0
54 24 21.0 157.0
41 37 178.0 107.0
27 51 3.0 150.0
50 77 37.0 12.0
16 56 42.0 137.0
66 10 11.0 197.0
86 3 152.0 195.0
41 66 160.0 177.0
29 47 91.0 133.0
31 47 65.0 21.0
87 83 105.0 69.0
41 34 84.0 143.0
38 39 91.0 78.0
66 9 83.0 102.0
34 45 116.0 188.0
82 41 39.0 28.0
74 7 108.0 130.0
9 68 179.0 173.0
33 44 108.0 84.0
45 31 114.0 192.0
4 75 131.0 5.0
74 38 191.0 14.0
46 31 56.0 60.0
62 14 26.0 95.0
21 76 13.0 134.0
7 72 109.0 144.0
56 22 138.0 169.0
89 46 172.0 52.0
46 30 138.0 103.0
59 50 176.0 82.0
77 17 47.0 32.0
75 5 193.0 26.0
60 64 90.0 6.0
78 1 179.0 152.0
47 33 194.0 69.0
5 74 123.0 118.0
58 19 96.0 61.0
36 41 171.0 72.0
30 50 76.0 170.0
53 11 97.0 69.0
44 36 33.0 188.0
13 63 163.0 164.0
40 37 0.0 110.0
49 30 135.0 123.0
31 43 149.0 183.0
59 19 22.0 120.0
44 31 153.0 50.0
41 57 100.0 51.0
45 33 179.0 85.0
36 42 48.0 94.0
77 30 192.0 1.0
88 40 187.0 79.0
78 75 46.0 136.0
58 21 88.0 20.0
75 49 193.0 193.0
73 8 191.0 45.0
26 52 22.0 170.0
6 74 169.0 23.0
44 37 54.0 113.0
67 14 114.0 193.0
3 76 182.0 112.0
57 29 43.0 22.0
10 84 47.0 37.0
75 73 152.0 38.0
25 85 50.0 174.0
17 61 149.0 171.0
85 57 74.0 155.0
51 63 92.0 140.0
74 61 22.0 75.0
89 74 90.0 66.0
63 17 78.0 89.0
21 59 7.0 30.0
38 41 167.0 9.0
61 20 31.0 69.0
58 24 150.0 57.0
47 27 154.0 195.0
87 24 185.0 129.0
50 28 137.0 75.0
53 19 43.0 167.0
35 46 186.0 2.0
38 46 115.0 106.0
65 67 162.0 147.0
50 60 124.0 65.0
79 3 3.0 79.0
73 10 105.0 189.0
9 65 61.0 42.0
54 25 128.0 104.0
28 46 168.0 115.0
17 51 64.0 83.0
80 24 147.0 178.0
17 71 93.0 72.0
65 17 41.0 96.0
79 20 170.0 147.0
10 70 139.0 31.0
22 57 165.0 19.0
43 29 17.0 85.0
78 4 55.0 33.0
14 84 42.0 155.0
65 41 167.0 135.0
78 3 193.0 8.0
18 64 27.0 115.0
46 34 56.0 166.0
80 64 84.0 21.0
5 77 84.0 101.0
56 25 83.0 139.0
52 43 58.0 78.0
65 15 3.0 25.0
62 19 171.0 148.0
45 38 142.0 150.0
57 20 51.0 150.0
48 33 31.0 135.0
20 39 11.0 115.0
32 50 174.0 46.0
30 51 127.0 33.0
1 66 39.0 82.0
58 25 138.0 162.0
37 87 64.0 32.0
13 67 141.0 67.0
57 19 90.0 124.0
51 29 18.0 101.0
62 20 52.0 144.0
49 33 114.0 179.0
43 50 184.0 105.0
13 77 147.0 74.0
74 39 19.0 11.0
20 60 101.0 160.0
55 80 79.0 143.0
41 83 75.0 49.0
34 43 167.0 128.0
61 34 63.0 81.0
29 54 22.0 199.0
50 31 92.0 170.0
55 26 31.0 63.0
57 25 148.0 84.0
65 68 88.0 179.0
12 71 14.0 115.0
5 73 97.0 134.0
30 53 80.0 112.0
38 68 113.0 103.0
13 66 174.0 5.0
68 13 122.0 5.0
43 39 7.0 23.0
49 32 139.0 95.0
52 32 157.0 106.0
27 53 13.0 6.0
59 23 10.0 93.0
27 56 71.0 123.0
26 57 180.0 197.0
69 14 49.0 54.0
6 46 113.0 56.0
76 8 15.0 52.0
47 34 23.0 124.0
23 42 54.0 36.0
71 72 85.0 16.0
32 81 4.0 108.0
81 3 178.0 136.0
73 9 57.0 27.0
46 33 52.0 170.0
29 53 155.0 67.0
22 61 132.0 131.0
34 48 129.0 186.0
9 70 32.0 166.0
59 25 122.0 188.0
16 68 98.0 100.0
79 29 134.0 107.0
45 37 156.0 186.0
76 6 138.0 111.0
70 14 125.0 70.0
14 68 115.0 6.0
9 72 112.0 99.0
80 79 37.0 34.0
82 3 78.0 87.0
43 40 183.0 164.0
52 37 181.0 139.0
45 40 9.0 120.0
43 37 111.0 86.0
56 63 65.0 178.0
55 29 170.0 177.0
23 49 129.0 159.0
19 63 118.0 159.0
40 44 121.0 53.0
77 6 87.0 102.0
69 12 144.0 96.0
2 83 20.0 7.0
74 12 197.0 37.0
77 39 181.0 119.0
5 79 84.0 62.0
49 35 21.0 154.0
49 34 171.0 142.0
38 31 99.0 10.0
55 25 40.0 195.0
26 54 172.0 12.0
30 56 3.0 121.0
49 36 51.0 136.0
87 66 148.0 135.0
64 27 68.0 121.0
50 33 2.0 191.0
18 65 182.0 101.0
52 53 51.0 22.0
9 75 39.0 175.0
11 72 4.0 195.0
77 7 113.0 7.0
21 89 5.0 13.0
21 62 185.0 25.0
54 30 9.0 187.0
33 83 76.0 191.0
64 22 141.0 80.0
85 1 188.0 133.0
42 45 194.0 145.0
13 71 197.0 108.0
47 39 183.0 155.0
56 23 157.0 120.0
69 13 118.0 166.0
71 14 191.0 195.0
17 67 76.0 84.0
61 52 187.0 65.0
39 45 13.0 181.0
36 50 113.0 162.0
52 35 75.0 96.0
26 58 151.0 184.0
74 27 130.0 69.0
83 3 137.0 121.0
72 13 78.0 165.0
41 46 24.0 65.0
57 30 59.0 37.0
37 58 59.0 172.0
51 80 23.0 86.0
70 17 19.0 174.0
32 51 186.0 149.0
45 41 160.0 75.0
80 66 154.0 190.0
6 79 120.0 131.0
75 11 197.0 179.0
37 48 142.0 8.0
56 89 18.0 165.0
29 56 138.0 37.0
44 43 4.0 77.0
19 64 92.0 116.0
41 44 169.0 198.0
85 5 71.0 89.0
84 4 122.0 20.0
9 76 104.0 16.0
67 16 40.0 122.0
7 78 66.0 131.0
30 58 163.0 22.0
3 84 106.0 55.0
43 56 63.0 27.0
83 73 185.0 86.0
71 74 115.0 107.0
74 10 11.0 19.0
56 31 84.0 51.0
27 59 8.0 102.0
62 23 103.0 123.0
76 2 165.0 161.0
80 26 119.0 28.0
85 2 48.0 104.0
16 72 60.0 115.0
60 23 49.0 23.0
19 67 139.0 85.0
15 71 103.0 99.0
33 54 79.0 158.0
13 70 185.0 44.0
35 54 171.0 56.0
1 87 15.0 19.0
8 72 67.0 27.0
40 47 107.0 117.0
70 15 141.0 46.0
24 61 6.0 45.0
46 40 122.0 37.0
53 78 190.0 59.0
36 52 53.0 162.0
73 71 56.0 20.0
60 15 194.0 124.0
68 21 181.0 53.0
81 16 137.0 123.0
66 14 117.0 95.0
65 40 54.0 191.0
50 71 129.0 45.0
56 33 51.0 182.0
55 34 65.0 108.0
25 76 2.0 11.0
81 6 172.0 184.0
2 82 113.0 62.0
63 18 6.0 183.0
63 50 161.0 13.0
80 9 152.0 91.0
2 78 13.0 156.0
19 68 29.0 78.0
45 43 25.0 32.0
56 24 23.0 197.0
25 60 6.0 89.0
83 5 163.0 164.0
2 77 32.0 125.0
49 38 156.0 136.0
28 61 21.0 170.0
83 7 108.0 51.0
29 58 197.0 85.0
74 14 30.0 21.0
70 66 15.0 188.0
4 81 36.0 179.0
6 80 117.0 68.0
65 24 17.0 26.0
84 5 110.0 39.0
56 32 191.0 170.0
11 76 80.0 188.0
72 46 137.0 62.0
40 41 109.0 105.0
40 63 84.0 146.0
67 40 116.0 154.0
82 6 125.0 133.0
60 28 28.0 187.0
73 17 195.0 19.0
10 78 8.0 75.0
64 58 97.0 98.0
13 75 94.0 158.0
81 8 131.0 178.0
62 27 98.0 199.0
86 75 144.0 175.0
59 29 79.0 173.0
6 73 141.0 75.0
47 41 26.0 150.0
38 82 131.0 75.0
85 62 146.0 25.0
86 71 65.0 29.0
82 5 105.0 115.0
15 72 73.0 49.0
75 27 133.0 153.0
12 76 119.0 75.0
88 2 74.0 97.0
76 10 84.0 6.0
35 55 48.0 30.0
17 72 28.0 65.0
73 12 103.0 133.0
21 66 85.0 177.0
77 89 76.0 18.0
81 1 96.0 147.0
7 81 199.0 171.0
37 47 175.0 83.0
69 21 4.0 175.0
86 4 163.0 184.0
58 28 148.0 67.0
64 54 112.0 185.0
75 16 44.0 188.0
49 39 120.0 140.0
41 50 150.0 119.0
84 6 9.0 78.0
22 63 145.0 13.0
30 59 19.0 60.0
82 44 21.0 119.0
21 65 105.0 134.0
16 71 158.0 149.0
55 78 143.0 30.0
76 35 50.0 46.0
52 38 29.0 59.0
14 73 127.0 174.0
57 31 191.0 146.0
48 43 142.0 164.0
77 12 184.0 199.0
69 72 135.0 94.0
60 65 48.0 31.0
33 53 188.0 50.0
85 4 186.0 17.0
22 69 10.0 114.0
51 39 45.0 153.0
25 65 153.0 139.0
83 85 45.0 89.0
67 46 135.0 133.0
42 47 192.0 135.0
10 80 98.0 132.0
81 44 37.0 84.0
51 38 176.0 199.0
49 41 193.0 174.0
13 74 95.0 147.0
47 84 44.0 93.0
75 15 185.0 179.0
39 52 135.0 129.0
76 24 52.0 185.0
23 67 160.0 89.0
42 48 135.0 137.0
28 62 121.0 128.0
74 80 181.0 168.0
16 63 188.0 177.0
50 38 181.0 126.0
1 89 29.0 68.0
63 26 32.0 33.0
58 32 151.0 192.0
15 74 62.0 38.0
72 21 121.0 135.0
86 18 162.0 54.0
46 42 108.0 102.0
14 75 68.0 42.0
36 57 153.0 49.0
65 27 47.0 137.0
66 26 178.0 150.0
66 27 107.0 40.0
67 32 52.0 180.0
84 9 51.0 14.0
7 86 62.0 112.0
10 77 181.0 131.0
20 72 188.0 86.0
56 86 77.0 187.0
3 88 172.0 55.0
33 58 184.0 31.0
89 3 157.0 36.0
75 18 168.0 160.0
55 52 17.0 31.0
35 57 147.0 151.0
17 76 14.0 87.0
20 73 174.0 43.0
4 1 90.0 146.0
76 18 73.0 74.0
42 51 92.0 182.0
48 44 185.0 60.0
53 38 193.0 155.0
24 60 156.0 92.0
54 36 164.0 122.0
81 66 19.0 90.0
45 49 115.0 61.0
48 38 107.0 140.0
62 17 63.0 151.0
85 35 31.0 1.0
46 47 117.0 177.0
46 88 165.0 25.0
14 76 8.0 82.0
44 51 33.0 28.0
75 44 127.0 148.0
87 5 127.0 186.0
81 25 130.0 142.0
13 79 61.0 114.0
58 88 121.0 130.0
41 52 66.0 87.0
49 42 23.0 74.0
67 25 6.0 56.0
46 43 73.0 85.0
78 72 62.0 152.0
59 33 16.0 192.0
17 75 145.0 29.0
74 56 166.0 67.0
72 63 178.0 32.0
80 14 72.0 153.0
80 8 161.0 79.0
52 40 65.0 186.0
89 4 102.0 127.0
88 65 126.0 118.0
15 80 31.0 24.0
19 73 183.0 197.0
87 4 128.0 113.0
86 41 57.0 0.0
57 38 96.0 170.0
85 68 184.0 113.0
59 34 182.0 39.0
18 74 146.0 109.0
33 69 173.0 177.0
71 20 77.0 109.0
86 9 100.0 157.0
33 60 20.0 109.0
36 59 137.0 69.0
70 51 33.0 73.0
29 61 191.0 16.0
68 36 183.0 89.0
70 23 42.0 157.0
74 20 54.0 71.0
73 16 185.0 106.0
81 14 78.0 6.0
7 88 35.0 167.0
72 44 184.0 20.0
2 87 127.0 127.0
11 71 179.0 63.0
69 8 180.0 21.0
68 39 182.0 186.0
85 22 10.0 120.0
16 78 60.0 88.0
30 72 162.0 47.0
48 51 154.0 99.0
65 28 178.0 34.0
72 23 182.0 109.0
79 15 11.0 114.0
30 61 0.0 145.0
87 7 111.0 10.0
54 52 96.0 171.0
56 84 59.0 11.0
67 57 103.0 166.0
76 20 187.0 81.0
25 69 22.0 169.0
25 87 1.0 185.0
20 75 35.0 1.0
85 10 43.0 146.0
89 6 176.0 92.0
71 49 87.0 36.0
38 69 5.0 191.0
66 75 155.0 193.0
57 39 89.0 129.0
34 60 39.0 43.0
49 46 48.0 26.0
80 16 78.0 44.0
87 8 138.0 54.0
13 81 108.0 26.0
79 14 150.0 65.0
20 68 9.0 57.0
70 25 27.0 50.0
62 40 153.0 67.0
53 39 154.0 153.0
62 30 116.0 184.0
85 61 28.0 6.0
58 38 29.0 88.0
69 78 147.0 180.0
82 46 41.0 108.0
75 54 132.0 69.0
40 51 198.0 37.0
71 25 55.0 152.0
36 60 130.0 123.0
82 12 111.0 110.0
82 14 20.0 141.0
81 84 21.0 167.0
61 32 190.0 63.0
83 86 141.0 75.0
47 74 161.0 139.0
80 75 148.0 17.0
50 82 10.0 30.0
44 52 41.0 73.0
12 80 196.0 61.0
64 31 102.0 18.0
82 16 144.0 92.0
12 86 145.0 86.0
65 31 39.0 106.0
29 67 104.0 139.0
33 63 142.0 66.0
88 10 1.0 183.0
17 79 146.0 198.0
49 48 135.0 48.0
43 53 22.0 80.0
74 24 44.0 167.0
59 39 116.0 83.0
66 32 69.0 21.0
67 31 54.0 11.0
73 31 38.0 8.0
80 11 24.0 136.0
19 72 79.0 159.0
70 29 40.0 53.0
58 40 5.0 36.0
54 41 146.0 73.0
73 23 191.0 15.0
28 66 17.0 198.0
41 55 21.0 55.0
79 21 90.0 45.0
21 73 108.0 121.0
27 67 10.0 100.0
85 11 191.0 167.0
22 74 8.0 90.0
64 42 77.0 151.0
13 85 162.0 94.0
30 64 119.0 136.0
45 74 125.0 161.0
89 42 39.0 185.0
56 42 154.0 49.0
47 50 135.0 98.0
57 40 151.0 95.0
83 12 82.0 28.0
69 28 56.0 44.0
76 22 126.0 127.0
75 24 4.0 51.0
59 57 84.0 43.0
82 17 48.0 190.0
86 14 125.0 136.0
50 45 74.0 76.0
54 43 83.0 156.0
15 82 61.0 91.0
10 87 199.0 187.0
30 67 39.0 3.0
25 74 101.0 75.0
25 73 56.0 102.0
19 80 182.0 181.0
85 9 108.0 8.0
35 62 46.0 143.0
78 18 154.0 107.0
77 21 72.0 153.0
23 75 65.0 111.0
33 66 199.0 119.0
37 59 109.0 7.0
40 55 136.0 44.0
80 17 16.0 44.0
26 74 38.0 14.0
55 44 82.0 192.0
68 30 7.0 154.0
72 25 161.0 24.0
48 50 110.0 112.0
82 18 79.0 20.0
71 61 64.0 168.0
19 82 37.0 80.0
7 89 77.0 27.0
51 47 90.0 111.0
48 45 74.0 97.0
11 88 141.0 187.0
29 60 133.0 52.0
48 66 85.0 165.0
52 47 156.0 149.0
88 86 1.0 194.0
72 28 198.0 31.0
49 50 61.0 88.0
38 54 146.0 87.0
53 45 27.0 88.0
11 81 47.0 113.0
89 11 52.0 84.0
38 63 164.0 8.0
71 29 197.0 118.0
25 75 121.0 147.0
61 41 155.0 134.0
34 67 86.0 54.0
36 63 22.0 66.0
42 59 198.0 69.0
56 51 76.0 50.0
26 71 108.0 192.0
68 32 93.0 57.0
74 70 7.0 14.0
78 22 67.0 114.0
58 42 67.0 153.0
41 59 96.0 41.0
47 53 111.0 46.0
21 61 156.0 139.0
34 80 176.0 64.0
40 71 6.0 69.0
36 67 68.0 165.0
65 36 154.0 135.0
88 16 110.0 173.0
45 89 11.0 159.0
81 20 141.0 122.0
53 49 65.0 49.0
68 41 92.0 41.0
44 66 17.0 98.0
12 89 128.0 85.0
64 35 143.0 34.0
66 35 74.0 5.0
10 79 2.0 37.0
81 19 80.0 95.0
81 17 24.0 145.0
88 14 198.0 116.0
27 73 97.0 167.0
88 49 29.0 177.0
54 45 143.0 172.0
64 37 97.0 170.0
53 41 120.0 99.0
48 73 197.0 0.0
30 86 101.0 173.0
41 60 187.0 51.0
62 37 143.0 36.0
57 44 152.0 173.0
48 52 149.0 95.0
51 50 26.0 198.0
23 78 96.0 98.0
79 18 86.0 94.0
55 47 88.0 187.0
55 45 70.0 27.0
82 20 30.0 166.0
44 59 56.0 182.0
40 42 168.0 5.0
62 41 120.0 146.0
27 42 1.0 17.0
32 71 148.0 87.0
73 49 192.0 36.0
29 75 24.0 14.0
77 26 5.0 54.0
26 76 108.0 61.0
14 87 162.0 76.0
25 79 180.0 35.0
66 57 66.0 133.0
73 26 197.0 14.0
38 67 166.0 141.0
71 33 193.0 190.0
82 22 8.0 150.0
77 25 101.0 68.0
72 31 158.0 15.0
65 32 40.0 90.0
19 83 169.0 106.0
2 89 99.0 167.0
55 49 140.0 65.0
25 78 105.0 85.0
71 34 87.0 113.0
87 69 182.0 140.0
24 73 99.0 92.0
73 29 12.0 139.0
84 17 11.0 182.0
68 35 97.0 110.0
85 15 130.0 37.0
24 79 141.0 35.0
80 23 109.0 180.0
38 66 62.0 43.0
76 19 137.0 113.0
41 80 134.0 102.0
22 80 25.0 145.0
56 47 50.0 74.0
87 33 176.0 132.0
27 77 94.0 117.0
70 36 52.0 155.0
56 45 100.0 66.0
46 57 158.0 190.0
89 13 90.0 44.0
68 80 169.0 115.0
86 20 37.0 171.0
51 45 189.0 13.0
46 60 43.0 36.0
43 65 52.0 47.0
61 39 77.0 105.0
87 28 181.0 187.0
40 66 123.0 72.0
69 36 122.0 92.0
80 21 133.0 112.0
81 23 95.0 75.0
65 61 139.0 138.0
17 88 45.0 144.0
77 19 97.0 74.0
66 39 43.0 30.0
53 51 122.0 166.0
32 73 75.0 197.0
56 46 97.0 160.0
60 52 194.0 192.0
43 61 1.0 134.0
26 79 71.0 198.0
37 67 183.0 120.0
88 19 188.0 26.0
51 57 103.0 110.0
48 88 131.0 130.0
65 56 3.0 180.0
66 36 128.0 149.0
42 63 74.0 81.0
80 63 48.0 97.0
84 26 94.0 183.0
73 58 28.0 82.0
45 62 11.0 83.0
85 21 21.0 95.0
72 33 86.0 176.0
66 42 6.0 14.0
24 82 26.0 32.0
37 56 183.0 27.0
79 30 122.0 78.0
35 70 29.0 102.0
38 84 158.0 193.0
43 63 159.0 131.0
58 47 115.0 45.0
83 26 145.0 74.0
88 20 139.0 172.0
25 83 38.0 123.0
84 25 85.0 160.0
83 23 19.0 115.0
76 33 104.0 177.0
85 23 15.0 64.0
83 18 199.0 83.0
43 62 85.0 97.0
30 73 51.0 177.0
78 29 85.0 90.0
84 20 166.0 171.0
45 63 170.0 137.0
82 26 46.0 75.0
20 89 141.0 13.0
72 37 26.0 93.0
55 51 117.0 63.0
64 40 135.0 120.0
49 59 145.0 20.0
52 50 182.0 64.0
47 63 79.0 153.0
58 49 194.0 77.0
18 81 119.0 88.0
37 73 41.0 97.0
53 56 86.0 110.0
44 61 46.0 21.0
84 21 158.0 143.0
84 41 166.0 92.0
37 71 29.0 198.0
82 28 144.0 23.0
25 80 106.0 16.0
30 76 119.0 147.0
57 49 180.0 157.0
51 58 32.0 26.0
84 28 109.0 142.0
63 44 90.0 27.0
56 54 58.0 71.0
34 75 19.0 154.0
65 75 154.0 125.0
86 23 14.0 74.0
82 29 25.0 194.0
68 37 86.0 9.0
68 42 71.0 147.0
33 75 171.0 161.0
80 28 53.0 181.0
43 58 36.0 24.0
77 14 46.0 143.0
77 66 112.0 61.0
17 87 114.0 137.0
52 58 170.0 152.0
69 41 141.0 193.0
32 80 26.0 113.0
43 67 168.0 31.0
66 45 193.0 5.0
70 75 36.0 39.0
74 33 69.0 148.0
79 27 88.0 184.0
67 42 90.0 10.0
46 64 14.0 31.0
28 81 47.0 40.0
73 38 77.0 15.0
45 61 188.0 22.0
83 28 141.0 176.0
87 22 126.0 11.0
67 44 152.0 166.0
45 77 23.0 42.0
42 69 40.0 37.0
81 30 169.0 39.0
77 33 35.0 47.0
74 37 156.0 175.0
72 39 102.0 97.0
76 37 44.0 180.0
34 79 195.0 196.0
66 46 159.0 170.0
24 89 43.0 151.0
24 83 42.0 13.0
88 25 81.0 29.0
71 42 69.0 37.0
54 59 134.0 123.0
43 69 59.0 178.0
27 58 182.0 54.0
33 84 86.0 141.0
62 47 174.0 82.0
28 85 137.0 168.0
35 65 44.0 19.0
82 25 108.0 113.0
53 60 195.0 194.0
80 31 198.0 54.0
62 51 168.0 180.0
22 89 173.0 6.0
57 72 57.0 99.0
42 70 194.0 195.0
89 23 121.0 39.0
50 61 70.0 181.0
83 31 89.0 17.0
35 75 197.0 87.0
48 63 119.0 117.0
18 89 115.0 44.0
52 57 100.0 173.0
46 69 34.0 46.0
33 81 60.0 155.0
56 55 187.0 130.0
65 44 162.0 76.0
75 38 53.0 160.0
87 48 181.0 125.0
72 41 70.0 48.0
32 83 131.0 170.0
49 67 27.0 166.0
52 63 148.0 88.0
88 23 25.0 87.0
40 75 40.0 188.0
38 77 118.0 46.0
53 59 35.0 51.0
51 49 109.0 105.0
62 52 62.0 41.0
69 45 1.0 42.0
86 27 194.0 101.0
82 27 170.0 172.0
66 74 86.0 163.0
31 82 141.0 4.0
80 36 24.0 128.0
35 79 27.0 86.0
81 35 160.0 90.0
36 77 22.0 161.0
49 56 114.0 169.0
28 86 59.0 37.0
65 4 65.0 145.0
44 71 93.0 158.0
43 85 110.0 69.0
63 76 141.0 138.0
55 60 176.0 101.0
65 51 78.0 151.0
59 56 185.0 144.0
67 48 18.0 196.0
85 24 46.0 35.0
88 26 198.0 91.0
80 35 113.0 108.0
54 57 7.0 54.0
76 40 42.0 183.0
26 85 151.0 120.0
75 42 171.0 88.0
80 20 84.0 189.0
46 71 19.0 130.0
47 67 58.0 169.0
63 37 155.0 171.0
35 82 54.0 162.0
85 84 54.0 97.0
59 55 39.0 157.0
48 68 185.0 10.0
76 41 58.0 69.0
66 47 50.0 29.0
67 51 60.0 61.0
89 19 103.0 16.0
72 35 142.0 110.0
47 68 157.0 148.0
53 68 163.0 148.0
54 62 183.0 148.0
86 63 191.0 193.0
65 55 46.0 193.0
43 72 152.0 58.0
89 15 1.0 7.0
42 76 81.0 95.0
88 31 5.0 190.0
71 47 4.0 168.0
50 67 111.0 139.0
86 72 109.0 102.0
72 40 32.0 107.0
73 45 93.0 184.0
88 28 197.0 94.0
42 72 137.0 79.0
45 70 87.0 142.0
43 73 9.0 43.0
66 50 167.0 120.0
51 64 127.0 29.0
32 77 125.0 111.0
43 71 47.0 19.0
77 41 100.0 196.0
65 54 145.0 189.0
29 86 57.0 185.0
42 77 125.0 66.0
58 56 183.0 44.0
73 44 136.0 63.0
59 61 16.0 14.0
86 32 13.0 15.0
76 46 10.0 65.0
52 67 136.0 155.0
53 66 85.0 193.0
83 37 188.0 10.0
8 88 167.0 124.0
54 73 42.0 104.0
51 66 39.0 10.0
79 38 57.0 52.0
65 53 29.0 67.0
78 43 166.0 166.0
76 39 92.0 51.0
75 41 177.0 33.0
74 46 100.0 144.0
32 75 161.0 94.0
39 81 125.0 1.0
32 84 24.0 135.0
52 83 103.0 54.0
28 36 149.0 69.0
87 27 158.0 193.0
87 34 106.0 87.0
67 81 31.0 6.0
44 77 7.0 193.0
29 88 143.0 84.0
61 53 178.0 168.0
64 56 103.0 33.0
42 34 77.0 4.0
77 31 14.0 188.0
79 42 160.0 121.0
87 32 196.0 191.0
81 42 193.0 155.0
32 88 186.0 136.0
84 39 185.0 116.0
57 63 72.0 40.0
70 44 133.0 102.0
82 40 19.0 99.0
43 70 177.0 179.0
38 83 184.0 125.0
57 58 142.0 129.0
50 72 130.0 128.0
46 73 0.0 67.0
32 89 151.0 25.0
65 57 52.0 36.0
38 85 86.0 23.0
32 85 160.0 15.0
77 46 137.0 96.0
68 55 140.0 79.0
33 88 165.0 22.0
86 37 198.0 117.0
81 41 159.0 150.0
50 73 142.0 11.0
60 59 183.0 29.0
88 27 19.0 95.0
65 59 157.0 157.0
66 61 12.0 49.0
72 32 48.0 177.0
79 32 168.0 46.0
45 78 115.0 127.0
63 61 161.0 57.0
50 75 66.0 96.0
59 63 172.0 85.0
49 83 105.0 129.0
73 53 75.0 70.0
87 38 21.0 123.0
68 61 188.0 189.0
54 68 157.0 103.0
54 72 82.0 70.0
67 58 186.0 148.0
35 87 47.0 110.0
39 86 59.0 152.0
89 36 77.0 86.0
57 64 20.0 98.0
70 33 153.0 8.0
80 44 113.0 62.0
50 65 127.0 196.0
84 44 10.0 65.0
82 42 63.0 57.0
69 49 41.0 74.0
36 83 110.0 70.0
79 82 157.0 131.0
31 85 116.0 62.0
52 72 179.0 29.0
66 58 108.0 106.0
38 80 108.0 71.0
63 79 16.0 123.0
69 57 179.0 9.0
43 84 185.0 41.0
46 79 9.0 143.0
63 62 67.0 77.0
76 53 91.0 46.0
52 75 62.0 151.0
34 74 125.0 123.0
82 45 145.0 93.0
44 79 107.0 76.0
58 34 136.0 45.0
79 45 106.0 97.0
62 67 27.0 125.0
55 69 22.0 70.0
49 79 54.0 37.0
60 62 147.0 131.0
83 39 3.0 93.0
56 69 63.0 62.0
86 43 82.0 199.0
80 49 193.0 188.0
68 57 9.0 172.0
59 62 17.0 184.0
48 76 13.0 23.0
46 81 139.0 161.0
74 53 60.0 94.0
73 56 167.0 75.0
47 77 64.0 1.0
77 51 98.0 9.0
79 48 197.0 59.0
64 65 145.0 14.0
56 72 149.0 111.0
66 62 124.0 89.0
73 51 109.0 136.0
72 79 109.0 28.0
54 74 64.0 125.0
81 43 178.0 114.0
71 70 196.0 175.0
80 39 185.0 93.0
60 71 123.0 87.0
54 81 58.0 0.0
59 69 156.0 120.0
63 65 41.0 65.0
78 54 101.0 57.0
77 52 143.0 79.0
10 81 18.0 91.0
52 70 79.0 155.0
84 45 122.0 155.0
58 74 82.0 132.0
78 50 47.0 190.0
81 50 131.0 89.0
89 35 25.0 32.0
86 42 119.0 120.0
82 47 171.0 137.0
45 85 194.0 50.0
57 75 9.0 68.0
45 81 108.0 43.0
77 54 158.0 107.0
76 55 189.0 41.0
55 75 117.0 166.0
37 85 111.0 36.0
84 46 56.0 82.0
50 80 8.0 2.0
56 68 3.0 18.0
78 48 133.0 111.0
44 87 135.0 44.0
89 40 14.0 77.0
73 62 152.0 131.0
44 88 189.0 63.0
49 82 13.0 45.0
69 65 169.0 22.0
78 56 151.0 172.0
85 58 148.0 84.0
51 82 125.0 36.0
76 56 29.0 91.0
48 84 95.0 181.0
42 88 137.0 84.0
81 53 69.0 150.0
78 41 57.0 191.0
63 49 170.0 8.0
88 43 157.0 118.0
82 52 91.0 34.0
63 71 80.0 120.0
87 45 192.0 175.0
52 78 40.0 81.0
87 41 127.0 61.0
78 59 176.0 184.0
75 46 119.0 146.0
61 75 114.0 28.0
59 73 143.0 157.0
57 80 38.0 175.0
48 89 179.0 182.0
86 49 7.0 19.0
49 87 154.0 86.0
72 51 101.0 131.0
69 66 156.0 172.0
59 80 170.0 22.0
51 81 1.0 65.0
60 76 90.0 191.0
61 72 7.0 70.0
50 76 35.0 166.0
70 64 160.0 141.0
78 57 43.0 13.0
86 50 100.0 0.0
50 85 1.0 70.0
74 86 162.0 154.0
51 85 21.0 5.0
71 56 60.0 181.0
62 69 143.0 95.0
82 57 28.0 103.0
85 60 115.0 72.0
84 55 41.0 167.0
64 73 104.0 194.0
71 69 157.0 67.0
71 67 118.0 178.0
61 70 119.0 130.0
71 66 11.0 14.0
60 73 26.0 40.0
57 73 192.0 93.0
68 69 190.0 33.0
72 65 128.0 95.0
85 52 174.0 85.0
54 84 189.0 44.0
67 60 186.0 108.0
73 67 117.0 198.0
75 63 82.0 143.0
51 88 46.0 75.0
81 58 149.0 36.0
79 41 168.0 29.0
57 83 135.0 142.0
81 57 10.0 124.0
66 63 65.0 197.0
64 71 4.0 182.0
68 66 143.0 39.0
78 60 164.0 189.0
82 66 14.0 65.0
80 53 58.0 134.0
21 71 45.0 146.0
71 41 81.0 55.0
59 74 19.0 98.0
78 77 40.0 176.0
57 87 176.0 183.0
75 67 55.0 141.0
81 64 115.0 22.0
43 87 167.0 173.0
49 72 105.0 164.0
59 79 101.0 187.0
72 68 80.0 73.0
86 58 180.0 72.0
80 61 97.0 156.0
80 40 138.0 104.0
89 59 61.0 53.0
84 88 76.0 181.0
60 82 192.0 182.0
74 63 150.0 46.0
51 89 28.0 182.0
76 70 88.0 8.0
61 76 147.0 185.0
62 81 22.0 85.0
74 72 59.0 36.0
70 69 168.0 135.0
81 60 40.0 113.0
80 48 53.0 190.0
89 49 54.0 81.0
68 74 41.0 142.0
55 74 125.0 188.0
79 62 40.0 100.0
63 78 186.0 99.0
57 88 75.0 107.0
86 62 151.0 115.0
29 76 17.0 4.0
67 80 8.0 71.0
76 68 190.0 1.0
68 75 12.0 68.0
76 69 83.0 5.0
58 83 17.0 21.0
76 74 52.0 44.0
65 76 135.0 3.0
55 86 151.0 152.0
76 72 28.0 159.0
71 77 80.0 18.0
82 65 19.0 45.0
49 85 166.0 54.0
88 52 150.0 135.0
83 62 57.0 154.0
89 55 61.0 192.0
69 77 112.0 12.0
89 41 109.0 140.0
84 58 136.0 141.0
72 77 60.0 108.0
79 54 47.0 178.0
69 74 195.0 197.0
75 72 138.0 52.0
64 72 128.0 199.0
78 70 14.0 192.0
62 65 123.0 75.0
80 71 49.0 11.0
60 88 95.0 61.0
89 62 72.0 142.0
83 66 104.0 67.0
84 67 6.0 42.0
82 58 9.0 134.0
65 80 45.0 23.0
85 63 160.0 168.0
87 50 126.0 161.0
75 87 85.0 21.0
69 82 25.0 157.0
89 58 106.0 81.0
69 80 116.0 112.0
62 80 178.0 78.0
82 73 42.0 175.0
72 62 123.0 154.0
89 66 77.0 49.0
54 58 57.0 162.0
82 70 2.0 34.0
63 89 49.0 108.0
82 74 163.0 118.0
83 59 1.0 141.0
82 63 57.0 43.0
69 84 189.0 132.0
73 81 107.0 19.0
66 85 46.0 117.0
74 75 158.0 48.0
52 87 113.0 160.0
70 85 4.0 76.0
70 68 131.0 6.0
77 61 0.0 141.0
59 84 168.0 142.0
59 88 163.0 75.0
83 76 156.0 9.0
88 73 67.0 114.0
53 89 151.0 132.0
61 88 34.0 108.0
73 84 168.0 118.0
76 80 170.0 120.0
61 73 139.0 138.0
87 70 174.0 54.0
85 71 6.0 130.0
84 78 96.0 25.0
69 83 79.0 0.0
82 71 49.0 114.0
75 60 193.0 17.0
89 67 175.0 164.0
69 89 80.0 67.0
89 75 179.0 6.0
66 86 115.0 185.0
73 86 107.0 164.0
78 79 144.0 139.0
65 84 198.0 193.0
71 88 80.0 191.0
88 76 5.0 7.0
81 89 78.0 37.0
83 82 37.0 57.0
68 87 16.0 105.0
82 55 135.0 75.0
75 56 9.0 79.0
70 81 8.0 159.0
85 72 192.0 40.0
66 84 172.0 150.0
82 68 174.0 50.0
85 81 162.0 164.0
86 89 69.0 130.0
68 60 75.0 4.0
84 87 144.0 84.0
77 81 151.0 152.0
76 81 107.0 143.0
89 60 19.0 31.0
21 86 16.0 194.0
77 67 53.0 130.0
77 70 69.0 122.0
89 84 95.0 144.0
87 60 124.0 39.0
80 83 72.0 75.0
81 87 34.0 132.0
73 77 49.0 5.0
80 73 43.0 17.0
85 76 40.0 48.0
76 67 180.0 109.0
83 79 65.0 27.0
61 64 112.0 142.0
67 88 4.0 185.0
23 15 109.0 38.0
1 2 134.0 158.0
83 70 56.0 129.0
89 5 37.0 49.0
80 89 53.0 169.0
88 87 53.0 70.0
80 84 178.0 166.0
89 65 74.0 182.0
79 89 108.0 183.0
82 75 115.0 194.0
72 89 98.0 123.0
72 88 106.0 135.0
86 79 151.0 159.0
64 89 116.0 4.0
69 85 80.0 46.0
33 86 197.0 155.0
58 61 73.0 58.0
69 31 158.0 140.0
73 41 134.0 8.0
70 89 23.0 41.0
77 84 52.0 126.0
44 85 33.0 120.0
66 88 79.0 113.0
39 50 5.0 28.0
85 56 47.0 30.0
71 78 123.0 158.0
84 75 175.0 10.0
66 78 13.0 151.0
69 79 194.0 17.0
89 88 166.0 27.0
89 28 59.0 197.0
60 1 24.0 64.0
36 85 11.0 71.0
83 88 157.0 86.0
73 87 10.0 84.0
78 82 7.0 175.0
67 85 129.0 153.0
52 74 42.0 95.0
43 66 185.0 102.0
81 48 190.0 161.0
58 78 87.0 153.0
51 84 114.0 44.0
71 89 139.0 124.0
69 81 133.0 98.0
70 88 31.0 63.0
78 89 8.0 26.0
85 89 81.0 193.0
78 88 68.0 23.0
84 74 106.0 155.0
78 85 55.0 21.0
19 69 149.0 147.0
50 68 98.0 83.0
0
