95 4465 79 92 812894
86 44 73.0 115.0
92 31 186.0 50.0
58 9 187.0 47.0
65 55 71.0 182.0
39 80 86.0 14.0
22 71 112.0 33.0
27 19 56.0 42.0
44 94 170.0 33.0
42 70 169.0 43.0
2 17 94.0 155.0
25 55 148.0 33.0
11 3 3.0 20.0
83 12 170.0 41.0
82 21 135.0 82.0
39 63 13.0 191.0
58 12 63.0 183.0
81 5 164.0 184.0
21 30 4.0 10.0
81 76 31.0 105.0
78 56 41.0 186.0
15 3 51.0 164.0
81 32 135.0 186.0
94 10 115.0 149.0
22 15 183.0 130.0
16 87 40.0 99.0
18 25 3.0 197.0
2 18 19.0 186.0
70 38 42.0 12.0
3 12 7.0 45.0
44 43 98.0 143.0
49 10 19.0 166.0
24 49 144.0 155.0
41 55 72.0 136.0
77 51 172.0 27.0
68 54 118.0 191.0
89 10 90.0 112.0
18 59 155.0 98.0
6 84 103.0 6.0
10 11 69.0 75.0
43 93 39.0 165.0
52 28 152.0 64.0
78 2 127.0 77.0
53 74 195.0 45.0
80 61 157.0 85.0
24 21 10.0 64.0
5 8 69.0 65.0
52 6 119.0 139.0
3 65 111.0 110.0
89 20 98.0 15.0
19 93 75.0 177.0
69 8 137.0 70.0
65 61 152.0 46.0
82 14 171.0 162.0
71 94 32.0 41.0
1 3 195.0 103.0
67 1 147.0 106.0
21 34 158.0 45.0
32 48 79.0 33.0
52 34 81.0 168.0
91 8 101.0 185.0
21 29 67.0 25.0
24 54 0.0 51.0
56 37 138.0 195.0
38 69 12.0 85.0
8 13 45.0 122.0
57 11 53.0 124.0
41 90 172.0 86.0
2 39 193.0 26.0
64 77 51.0 13.0
35 25 19.0 52.0
62 30 43.0 109.0
4 1 132.0 7.0
13 55 134.0 177.0
62 79 198.0 139.0
73 13 61.0 170.0
51 47 124.0 54.0
25 3 20.0 127.0
25 17 55.0 39.0
47 62 136.0 50.0
62 48 125.0 20.0
4 90 126.0 11.0
70 23 51.0 124.0
35 2 32.0 112.0
49 15 194.0 108.0
14 8 174.0 15.0
25 77 2.0 181.0
43 12 3.0 90.0
56 66 178.0 81.0
57 23 165.0 104.0
46 86 26.0 16.0
88 2 22.0 58.0
13 64 42.0 16.0
72 42 25.0 17.0
24 79 97.0 27.0
88 80 22.0 101.0
50 53 142.0 153.0
72 30 21.0 107.0
21 16 17.0 48.0
14 64 12.0 191.0
33 58 83.0 55.0
2 8 181.0 60.0
83 70 4.0 78.0
54 57 87.0 27.0
11 33 92.0 181.0
62 49 131.0 65.0
61 9 24.0 100.0
70 39 101.0 36.0
9 10 194.0 136.0
48 17 90.0 127.0
86 6 143.0 94.0
14 3 154.0 182.0
71 56 147.0 46.0
9 63 118.0 30.0
68 14 101.0 94.0
49 44 81.0 154.0
87 53 194.0 75.0
69 63 25.0 84.0
66 86 49.0 120.0
27 45 161.0 3.0
5 61 124.0 60.0
25 54 91.0 195.0
64 25 156.0 145.0
68 80 51.0 38.0
38 11 132.0 45.0
74 72 180.0 110.0
62 61 167.0 29.0
8 70 158.0 81.0
35 24 100.0 83.0
77 94 14.0 144.0
20 85 44.0 123.0
66 27 82.0 95.0
37 43 46.0 167.0
19 73 136.0 26.0
35 23 48.0 56.0
93 55 178.0 7.0
78 66 71.0 79.0
61 36 39.0 85.0
25 61 4.0 35.0
87 13 100.0 39.0
55 9 99.0 98.0
81 86 46.0 188.0
10 20 76.0 95.0
71 5 67.0 7.0
70 19 16.0 138.0
54 17 77.0 7.0
74 79 10.0 33.0
91 68 52.0 62.0
76 26 17.0 151.0
13 70 122.0 16.0
86 29 172.0 150.0
10 6 13.0 40.0
73 26 160.0 29.0
39 47 147.0 189.0
30 76 157.0 109.0
45 72 182.0 9.0
11 5 169.0 151.0
60 53 91.0 43.0
78 59 99.0 64.0
19 22 2.0 112.0
3 13 197.0 115.0
1 27 161.0 96.0
7 81 31.0 118.0
54 20 11.0 13.0
10 52 148.0 180.0
10 1 18.0 39.0
60 26 24.0 118.0
47 18 2.0 26.0
67 87 158.0 199.0
16 1 181.0 119.0
58 41 132.0 12.0
57 48 165.0 143.0
5 35 130.0 113.0
32 56 172.0 148.0
78 94 176.0 196.0
14 36 181.0 178.0
24 90 18.0 139.0
67 39 180.0 0.0
76 35 22.0 112.0
83 6 188.0 187.0
37 44 183.0 70.0
1 89 22.0 155.0
85 33 142.0 198.0
65 24 147.0 123.0
10 2 185.0 166.0
63 92 25.0 165.0
31 48 24.0 47.0
54 82 16.0 164.0
30 90 149.0 199.0
81 26 194.0 124.0
55 15 138.0 88.0
39 49 12.0 37.0
73 41 1.0 198.0
34 49 156.0 26.0
94 56 126.0 180.0
43 73 51.0 94.0
67 5 136.0 153.0
30 10 60.0 82.0
24 88 58.0 150.0
41 15 62.0 71.0
56 55 168.0 64.0
8 33 177.0 124.0
89 33 80.0 103.0
14 4 37.0 83.0
95 9 45.0 126.0
18 46 73.0 105.0
39 13 168.0 131.0
27 18 193.0 183.0
72 50 56.0 162.0
82 29 61.0 33.0
61 35 1.0 93.0
30 15 83.0 39.0
23 68 87.0 80.0
18 58 160.0 160.0
70 77 42.0 81.0
92 35 69.0 36.0
81 51 8.0 125.0
79 27 36.0 70.0
58 46 191.0 37.0
60 54 114.0 26.0
26 64 23.0 1.0
26 94 91.0 183.0
75 40 2.0 133.0
71 67 95.0 72.0
22 80 12.0 104.0
11 62 12.0 48.0
12 53 38.0 155.0
12 69 11.0 152.0
34 74 138.0 186.0
72 78 22.0 29.0
19 46 19.0 25.0
17 58 60.0 66.0
42 68 59.0 72.0
34 81 42.0 23.0
38 72 175.0 80.0
45 68 160.0 139.0
43 61 155.0 98.0
43 91 186.0 177.0
41 83 183.0 157.0
42 4 50.0 43.0
72 28 146.0 109.0
10 53 49.0 140.0
29 58 80.0 24.0
30 74 93.0 40.0
37 86 88.0 48.0
81 52 117.0 26.0
36 94 184.0 53.0
95 64 57.0 34.0
92 91 55.0 155.0
45 22 195.0 104.0
79 42 25.0 27.0
17 90 37.0 70.0
80 65 32.0 78.0
18 72 29.0 149.0
68 60 151.0 13.0
29 85 119.0 160.0
77 11 26.0 126.0
32 74 32.0 173.0
20 41 12.0 9.0
35 95 128.0 2.0
61 21 47.0 112.0
89 68 80.0 77.0
4 12 171.0 183.0
45 64 40.0 90.0
75 13 22.0 18.0
83 47 16.0 6.0
87 36 10.0 28.0
36 26 45.0 91.0
43 24 103.0 45.0
88 10 186.0 183.0
67 28 62.0 157.0
91 61 121.0 103.0
70 84 121.0 96.0
36 88 8.0 89.0
29 95 165.0 171.0
23 88 114.0 162.0
13 35 187.0 17.0
5 15 102.0 125.0
26 95 182.0 164.0
7 12 3.0 56.0
49 58 110.0 76.0
50 51 124.0 118.0
51 52 87.0 41.0
41 92 73.0 153.0
31 42 149.0 12.0
37 73 148.0 3.0
72 10 158.0 82.0
70 59 184.0 161.0
18 56 49.0 94.0
7 2 190.0 173.0
62 78 13.0 77.0
74 77 38.0 86.0
20 14 30.0 139.0
83 65 111.0 178.0
75 91 153.0 69.0
52 58 193.0 89.0
18 66 128.0 42.0
72 79 9.0 118.0
61 29 58.0 23.0
7 95 85.0 48.0
11 26 99.0 67.0
87 93 0.0 10.0
85 45 160.0 105.0
8 80 34.0 106.0
47 46 133.0 114.0
29 41 3.0 142.0
69 1 64.0 13.0
93 70 139.0 101.0
92 76 92.0 38.0
70 47 78.0 45.0
91 66 94.0 191.0
48 10 178.0 129.0
55 74 18.0 63.0
19 77 113.0 173.0
74 5 102.0 129.0
71 58 163.0 41.0
35 68 123.0 7.0
19 3 65.0 2.0
6 14 4.0 160.0
75 32 143.0 134.0
7 29 17.0 113.0
7 90 79.0 82.0
94 68 35.0 134.0
27 26 1.0 198.0
90 81 144.0 124.0
81 39 165.0 10.0
9 28 169.0 169.0
11 9 151.0 65.0
4 34 9.0 168.0
28 89 147.0 41.0
61 41 161.0 134.0
63 23 14.0 114.0
6 25 100.0 158.0
63 81 93.0 17.0
13 4 157.0 14.0
74 65 47.0 61.0
1 17 179.0 8.0
9 7 151.0 79.0
14 34 183.0 113.0
54 13 188.0 197.0
34 1 88.0 40.0
79 83 22.0 133.0
86 18 188.0 132.0
80 89 189.0 187.0
10 29 111.0 120.0
5 50 78.0 62.0
81 43 63.0 61.0
53 29 125.0 51.0
26 47 145.0 165.0
31 49 95.0 168.0
67 56 177.0 35.0
46 26 19.0 166.0
54 34 72.0 82.0
84 56 3.0 150.0
3 69 179.0 18.0
18 1 91.0 57.0
53 28 12.0 36.0
77 22 119.0 59.0
74 85 53.0 96.0
15 25 144.0 25.0
55 48 194.0 17.0
1 6 77.0 197.0
71 18 8.0 8.0
27 6 100.0 51.0
31 16 113.0 112.0
37 67 5.0 184.0
54 43 39.0 10.0
64 16 2.0 184.0
64 62 147.0 197.0
63 72 107.0 24.0
90 36 150.0 68.0
38 95 42.0 3.0
15 61 156.0 107.0
30 27 9.0 113.0
69 4 121.0 48.0
17 80 54.0 124.0
46 27 10.0 153.0
3 26 133.0 117.0
61 56 117.0 84.0
53 13 16.0 112.0
19 1 145.0 124.0
69 80 138.0 154.0
12 8 176.0 60.0
18 37 125.0 182.0
60 31 28.0 87.0
56 20 132.0 162.0
73 64 199.0 2.0
73 82 191.0 167.0
28 18 100.0 137.0
2 32 146.0 39.0
62 17 186.0 122.0
53 65 148.0 111.0
93 14 9.0 176.0
30 29 48.0 142.0
92 85 173.0 199.0
68 28 199.0 117.0
45 65 92.0 100.0
93 37 96.0 191.0
50 11 33.0 82.0
73 76 114.0 181.0
89 88 49.0 123.0
19 88 184.0 50.0
74 50 75.0 110.0
77 3 27.0 75.0
64 43 82.0 120.0
76 89 64.0 178.0
4 56 50.0 97.0
36 49 100.0 116.0
41 71 83.0 102.0
9 12 171.0 20.0
17 56 170.0 198.0
55 34 142.0 197.0
76 80 170.0 24.0
73 4 61.0 186.0
56 19 21.0 63.0
67 6 149.0 121.0
15 7 181.0 184.0
28 37 129.0 104.0
89 64 147.0 99.0
2 54 129.0 41.0
7 10 2.0 51.0
52 19 188.0 15.0
37 45 35.0 9.0
47 24 183.0 136.0
84 76 186.0 164.0
15 40 67.0 67.0
3 4 100.0 15.0
55 27 84.0 29.0
75 17 47.0 87.0
32 93 192.0 36.0
39 38 144.0 179.0
58 81 91.0 127.0
20 2 17.0 29.0
11 22 189.0 84.0
23 40 28.0 41.0
64 2 134.0 65.0
15 73 127.0 134.0
70 3 188.0 71.0
40 82 152.0 84.0
67 10 106.0 195.0
76 10 25.0 123.0
31 84 134.0 166.0
1 11 119.0 114.0
16 90 86.0 54.0
67 91 138.0 13.0
93 81 133.0 78.0
64 48 6.0 85.0
54 78 38.0 113.0
87 59 176.0 63.0
44 22 8.0 62.0
13 9 171.0 79.0
87 81 88.0 10.0
76 49 87.0 178.0
31 47 100.0 21.0
91 44 49.0 107.0
27 83 99.0 87.0
46 9 109.0 28.0
4 7 177.0 69.0
9 1 24.0 101.0
5 92 11.0 64.0
42 45 147.0 51.0
88 63 172.0 47.0
8 92 125.0 173.0
79 19 39.0 25.0
16 4 104.0 148.0
81 80 163.0 82.0
3 34 103.0 139.0
30 26 132.0 115.0
7 13 103.0 79.0
1 15 24.0 27.0
8 77 16.0 150.0
92 78 34.0 7.0
3 16 27.0 90.0
25 83 193.0 142.0
18 7 153.0 97.0
11 2 89.0 86.0
43 58 72.0 192.0
11 6 86.0 48.0
76 79 91.0 54.0
58 82 9.0 77.0
24 58 44.0 37.0
43 90 151.0 189.0
94 89 1.0 57.0
7 3 36.0 43.0
73 81 113.0 60.0
80 30 84.0 151.0
10 83 137.0 175.0
69 25 138.0 146.0
83 54 16.0 134.0
46 4 128.0 167.0
93 85 116.0 81.0
5 90 84.0 153.0
73 21 71.0 149.0
50 41 134.0 156.0
28 54 27.0 71.0
76 20 12.0 117.0
3 17 20.0 180.0
22 73 40.0 100.0
60 29 195.0 109.0
24 45 122.0 79.0
65 59 54.0 193.0
1 72 137.0 188.0
28 12 177.0 116.0
10 3 37.0 141.0
27 57 163.0 9.0
31 80 144.0 155.0
14 70 53.0 92.0
19 89 58.0 175.0
53 81 184.0 112.0
58 83 111.0 122.0
91 1 147.0 88.0
7 60 12.0 137.0
18 42 122.0 127.0
24 44 51.0 19.0
18 89 26.0 56.0
82 2 138.0 84.0
5 17 125.0 123.0
13 68 119.0 36.0
65 20 115.0 66.0
76 46 159.0 128.0
88 86 110.0 34.0
34 79 38.0 113.0
72 20 102.0 64.0
18 11 103.0 193.0
36 84 152.0 181.0
53 68 156.0 23.0
85 75 151.0 24.0
23 3 99.0 111.0
85 1 50.0 9.0
76 75 18.0 88.0
94 58 147.0 72.0
9 8 4.0 50.0
86 54 54.0 108.0
27 2 47.0 163.0
73 53 169.0 198.0
55 32 50.0 68.0
32 40 108.0 100.0
19 34 98.0 126.0
88 62 96.0 45.0
64 39 6.0 100.0
92 14 184.0 60.0
12 54 64.0 31.0
11 8 101.0 33.0
39 3 2.0 152.0
39 65 139.0 110.0
4 35 37.0 189.0
14 7 108.0 134.0
31 12 18.0 114.0
23 13 38.0 155.0
66 69 113.0 102.0
73 9 116.0 14.0
8 44 25.0 70.0
14 58 68.0 116.0
89 67 13.0 105.0
59 52 128.0 74.0
61 71 29.0 98.0
83 51 170.0 19.0
25 38 16.0 83.0
43 65 104.0 84.0
14 95 43.0 81.0
55 94 112.0 111.0
4 18 197.0 78.0
88 90 42.0 77.0
62 31 16.0 23.0
79 48 77.0 186.0
82 27 78.0 45.0
91 21 190.0 182.0
17 72 75.0 33.0
70 62 118.0 140.0
3 56 129.0 115.0
50 80 70.0 123.0
12 77 4.0 86.0
17 4 105.0 81.0
86 8 68.0 135.0
25 21 45.0 58.0
92 15 100.0 73.0
76 34 157.0 170.0
86 68 9.0 38.0
52 17 52.0 31.0
18 5 0.0 57.0
75 56 92.0 57.0
60 73 178.0 160.0
93 34 100.0 176.0
48 40 155.0 152.0
70 58 149.0 112.0
20 3 140.0 110.0
90 52 76.0 145.0
64 5 58.0 76.0
57 39 166.0 150.0
16 53 140.0 96.0
86 33 95.0 40.0
72 54 87.0 50.0
13 65 27.0 36.0
43 4 34.0 119.0
53 67 155.0 110.0
71 27 119.0 165.0
65 68 196.0 85.0
25 57 162.0 88.0
90 82 127.0 57.0
37 10 93.0 15.0
71 14 143.0 72.0
12 1 46.0 129.0
81 67 83.0 1.0
93 50 48.0 2.0
22 38 116.0 196.0
91 26 26.0 78.0
3 6 192.0 154.0
17 57 71.0 85.0
70 89 178.0 166.0
8 56 62.0 24.0
27 44 15.0 145.0
93 33 35.0 15.0
67 18 159.0 151.0
43 22 15.0 185.0
29 92 14.0 7.0
53 95 89.0 38.0
85 40 56.0 19.0
93 62 90.0 71.0
12 2 23.0 58.0
59 19 6.0 58.0
36 78 134.0 165.0
4 37 12.0 149.0
33 29 7.0 26.0
29 12 107.0 96.0
52 21 25.0 116.0
9 17 37.0 67.0
20 6 79.0 12.0
22 12 188.0 86.0
89 92 176.0 123.0
30 60 149.0 140.0
89 5 38.0 156.0
16 55 108.0 145.0
72 44 183.0 133.0
35 74 164.0 172.0
79 41 29.0 43.0
49 37 41.0 170.0
31 89 39.0 169.0
53 61 2.0 188.0
65 67 116.0 40.0
17 7 124.0 25.0
39 56 8.0 107.0
34 7 94.0 124.0
47 60 24.0 75.0
2 71 86.0 17.0
64 70 8.0 125.0
35 17 30.0 162.0
80 24 167.0 146.0
22 24 44.0 91.0
16 9 97.0 4.0
67 64 150.0 191.0
29 48 1.0 126.0
20 50 3.0 87.0
21 50 84.0 163.0
63 61 97.0 66.0
81 30 173.0 16.0
54 58 122.0 18.0
20 95 190.0 171.0
64 84 103.0 92.0
33 15 46.0 104.0
61 74 150.0 1.0
13 5 90.0 186.0
95 88 74.0 139.0
19 91 56.0 48.0
50 49 23.0 130.0
48 63 47.0 165.0
48 59 151.0 102.0
70 22 144.0 149.0
95 67 9.0 94.0
5 53 13.0 99.0
42 56 4.0 40.0
51 69 159.0 13.0
19 44 50.0 134.0
8 30 14.0 50.0
85 78 138.0 117.0
2 63 60.0 82.0
31 14 189.0 21.0
66 41 148.0 155.0
1 21 7.0 153.0
86 7 93.0 118.0
47 23 11.0 95.0
11 12 13.0 177.0
34 41 9.0 152.0
10 13 84.0 21.0
8 54 179.0 73.0
91 9 178.0 128.0
26 49 10.0 137.0
52 87 12.0 103.0
11 92 164.0 23.0
47 59 146.0 130.0
1 5 162.0 107.0
91 45 87.0 46.0
95 15 191.0 19.0
21 53 27.0 121.0
5 6 83.0 38.0
11 79 127.0 95.0
75 12 93.0 92.0
70 78 24.0 39.0
77 18 28.0 186.0
59 23 104.0 68.0
34 43 155.0 95.0
92 28 118.0 135.0
44 54 95.0 1.0
34 9 15.0 22.0
17 47 47.0 60.0
26 32 48.0 71.0
49 38 178.0 77.0
57 46 97.0 34.0
85 8 170.0 52.0
32 38 79.0 40.0
88 29 83.0 174.0
37 94 113.0 50.0
46 61 55.0 112.0
92 95 112.0 104.0
1 20 35.0 42.0
94 13 14.0 84.0
20 27 10.0 136.0
62 42 140.0 41.0
70 56 162.0 175.0
54 3 130.0 27.0
60 1 153.0 138.0
95 48 69.0 65.0
1 45 5.0 104.0
54 6 47.0 19.0
30 38 105.0 9.0
79 51 4.0 197.0
8 16 133.0 166.0
18 20 94.0 63.0
17 32 10.0 47.0
76 33 122.0 79.0
74 67 12.0 79.0
72 41 57.0 11.0
78 32 192.0 114.0
79 38 193.0 196.0
50 69 43.0 126.0
85 7 195.0 137.0
36 75 42.0 157.0
9 59 172.0 165.0
27 52 105.0 136.0
93 23 4.0 162.0
51 93 96.0 197.0
32 49 130.0 89.0
19 63 169.0 125.0
66 89 107.0 116.0
65 21 48.0 150.0
80 3 42.0 172.0
54 71 62.0 147.0
93 8 80.0 67.0
5 62 80.0 176.0
12 93 22.0 162.0
57 63 148.0 191.0
53 36 102.0 56.0
7 16 51.0 102.0
38 52 192.0 94.0
5 16 45.0 55.0
56 68 194.0 125.0
31 44 51.0 26.0
6 9 110.0 73.0
71 6 82.0 59.0
38 43 162.0 136.0
81 44 154.0 14.0
8 19 102.0 146.0
29 49 109.0 148.0
3 9 117.0 103.0
52 43 53.0 169.0
53 63 2.0 164.0
65 6 136.0 85.0
48 4 19.0 51.0
48 33 180.0 173.0
13 57 130.0 83.0
9 2 52.0 39.0
19 76 191.0 122.0
23 67 199.0 45.0
22 1 145.0 2.0
49 60 130.0 33.0
6 13 176.0 101.0
34 72 82.0 157.0
33 21 74.0 13.0
26 15 135.0 79.0
90 42 76.0 127.0
10 70 129.0 76.0
8 4 125.0 26.0
60 38 81.0 55.0
39 92 54.0 58.0
65 91 183.0 136.0
6 4 134.0 58.0
20 5 53.0 69.0
46 87 86.0 82.0
61 24 157.0 15.0
12 6 9.0 82.0
67 15 6.0 90.0
8 46 131.0 60.0
38 93 26.0 115.0
1 7 52.0 160.0
4 19 56.0 58.0
49 56 51.0 94.0
76 5 190.0 160.0
31 36 61.0 151.0
47 87 34.0 68.0
35 84 161.0 117.0
78 95 24.0 140.0
7 6 75.0 28.0
63 27 61.0 83.0
15 13 180.0 64.0
85 12 94.0 170.0
47 34 8.0 108.0
14 5 161.0 194.0
12 74 134.0 122.0
25 2 109.0 110.0
5 21 197.0 137.0
90 73 107.0 10.0
58 57 141.0 40.0
69 83 174.0 187.0
22 81 151.0 134.0
6 17 32.0 64.0
40 34 144.0 118.0
84 79 68.0 5.0
46 90 199.0 17.0
65 1 121.0 59.0
57 45 9.0 14.0
32 37 97.0 136.0
20 58 24.0 0.0
24 5 199.0 56.0
39 50 156.0 95.0
30 66 177.0 176.0
58 34 166.0 176.0
34 31 132.0 87.0
75 27 196.0 141.0
18 9 103.0 93.0
28 62 155.0 128.0
66 47 65.0 154.0
94 85 169.0 21.0
52 95 0.0 146.0
31 19 68.0 166.0
13 14 45.0 0.0
14 75 113.0 193.0
3 24 175.0 168.0
60 62 195.0 82.0
11 37 48.0 12.0
23 65 91.0 169.0
61 32 30.0 91.0
47 21 101.0 99.0
11 17 74.0 146.0
88 55 21.0 139.0
51 53 14.0 148.0
8 10 141.0 161.0
65 75 57.0 141.0
2 23 95.0 100.0
89 47 169.0 126.0
64 58 169.0 71.0
71 55 78.0 195.0
12 95 191.0 51.0
52 7 197.0 157.0
38 20 154.0 90.0
94 24 53.0 163.0
85 54 24.0 100.0
2 42 160.0 194.0
1 53 136.0 129.0
9 42 151.0 166.0
41 35 3.0 142.0
41 56 55.0 153.0
72 51 64.0 9.0
75 73 25.0 69.0
31 50 193.0 49.0
89 56 103.0 153.0
10 43 103.0 39.0
81 3 120.0 54.0
37 15 47.0 76.0
67 75 172.0 54.0
30 39 155.0 188.0
5 10 174.0 180.0
69 11 126.0 167.0
66 67 142.0 182.0
8 7 66.0 45.0
25 27 57.0 138.0
6 18 153.0 104.0
11 94 172.0 125.0
34 64 160.0 127.0
83 11 53.0 86.0
21 55 67.0 131.0
26 69 82.0 9.0
91 52 66.0 148.0
1 26 10.0 123.0
79 16 1.0 164.0
11 80 64.0 173.0
46 68 29.0 176.0
78 74 154.0 34.0
30 2 196.0 22.0
70 44 166.0 78.0
8 3 0.0 184.0
59 54 71.0 10.0
22 4 130.0 72.0
11 13 123.0 146.0
28 11 114.0 152.0
81 68 159.0 69.0
6 23 184.0 155.0
34 51 168.0 103.0
65 78 182.0 120.0
33 12 187.0 6.0
38 1 73.0 70.0
59 94 30.0 196.0
9 87 85.0 96.0
9 14 145.0 44.0
88 67 91.0 129.0
8 17 53.0 11.0
48 68 19.0 188.0
25 5 72.0 159.0
80 60 4.0 146.0
8 20 41.0 186.0
4 21 35.0 78.0
10 15 17.0 132.0
27 10 115.0 60.0
74 92 70.0 121.0
61 45 170.0 90.0
26 90 79.0 43.0
51 27 27.0 84.0
1 76 183.0 20.0
1 35 10.0 170.0
23 5 152.0 27.0
33 68 115.0 20.0
61 92 66.0 138.0
38 41 57.0 188.0
32 27 11.0 88.0
53 20 160.0 190.0
4 20 52.0 143.0
8 89 188.0 62.0
14 47 85.0 92.0
16 73 191.0 153.0
66 87 159.0 9.0
32 68 52.0 168.0
14 15 153.0 15.0
57 41 128.0 65.0
14 1 182.0 181.0
5 66 42.0 170.0
15 29 69.0 80.0
9 5 133.0 12.0
4 9 147.0 92.0
77 42 152.0 151.0
76 47 51.0 105.0
87 27 92.0 180.0
15 11 157.0 74.0
3 18 49.0 0.0
19 7 139.0 71.0
36 56 93.0 72.0
65 8 180.0 192.0
49 74 0.0 132.0
14 11 184.0 51.0
8 21 44.0 76.0
94 29 109.0 1.0
61 4 112.0 110.0
21 79 2.0 51.0
40 17 178.0 95.0
12 15 123.0 110.0
12 17 195.0 123.0
22 57 96.0 180.0
24 4 110.0 140.0
12 44 11.0 171.0
45 48 184.0 123.0
28 78 88.0 139.0
94 12 148.0 18.0
77 24 160.0 71.0
93 82 106.0 156.0
19 9 134.0 2.0
37 5 160.0 45.0
48 82 138.0 123.0
31 18 170.0 123.0
92 75 129.0 58.0
86 90 178.0 29.0
10 4 32.0 139.0
79 68 70.0 138.0
26 33 183.0 157.0
37 48 125.0 95.0
31 25 173.0 64.0
39 35 144.0 143.0
14 39 153.0 25.0
33 35 140.0 132.0
32 54 104.0 124.0
26 88 157.0 126.0
25 19 92.0 92.0
63 14 8.0 17.0
2 22 25.0 181.0
56 72 125.0 121.0
19 5 12.0 31.0
68 36 58.0 104.0
89 59 160.0 114.0
48 51 148.0 117.0
30 1 113.0 40.0
80 73 108.0 121.0
12 20 63.0 85.0
61 7 160.0 189.0
40 83 56.0 124.0
23 24 25.0 66.0
82 26 98.0 137.0
74 87 49.0 46.0
16 12 69.0 162.0
6 8 90.0 129.0
14 17 125.0 154.0
54 66 78.0 37.0
53 57 106.0 134.0
80 19 45.0 83.0
44 16 58.0 95.0
2 6 145.0 107.0
7 20 130.0 14.0
51 57 52.0 21.0
12 88 84.0 177.0
58 37 41.0 162.0
15 17 116.0 147.0
85 71 87.0 113.0
2 28 180.0 98.0
3 22 136.0 125.0
55 53 189.0 67.0
14 61 99.0 194.0
53 59 141.0 135.0
1 51 17.0 134.0
22 7 5.0 86.0
74 20 17.0 44.0
58 88 165.0 197.0
3 5 79.0 54.0
52 4 154.0 21.0
16 13 32.0 5.0
84 74 180.0 173.0
4 23 146.0 198.0
51 55 155.0 151.0
71 93 147.0 172.0
86 35 142.0 65.0
34 17 10.0 173.0
21 2 9.0 116.0
42 43 100.0 41.0
21 27 110.0 80.0
74 91 165.0 56.0
47 53 54.0 120.0
47 35 196.0 1.0
66 84 160.0 90.0
5 75 185.0 122.0
94 40 172.0 194.0
79 3 128.0 72.0
29 80 178.0 190.0
73 42 105.0 143.0
91 76 111.0 159.0
12 89 176.0 60.0
77 6 173.0 137.0
21 11 25.0 158.0
1 13 163.0 149.0
8 79 46.0 43.0
60 34 116.0 176.0
72 66 36.0 22.0
43 2 99.0 100.0
87 86 178.0 27.0
13 17 29.0 103.0
77 52 26.0 6.0
57 61 59.0 142.0
44 56 157.0 57.0
90 39 50.0 74.0
4 5 193.0 39.0
2 45 28.0 44.0
5 22 113.0 158.0
49 12 116.0 142.0
63 44 41.0 94.0
9 77 183.0 100.0
38 88 193.0 141.0
31 3 96.0 195.0
12 10 148.0 41.0
71 86 176.0 176.0
24 52 96.0 42.0
63 25 22.0 164.0
66 10 140.0 63.0
86 39 69.0 124.0
28 81 62.0 14.0
83 43 199.0 110.0
69 77 26.0 99.0
64 79 97.0 154.0
35 72 62.0 193.0
94 64 18.0 36.0
70 75 16.0 158.0
15 63 86.0 38.0
45 33 83.0 100.0
10 23 115.0 34.0
70 5 103.0 141.0
83 36 76.0 0.0
13 91 25.0 90.0
3 27 24.0 195.0
23 14 143.0 41.0
74 70 87.0 29.0
19 10 50.0 171.0
10 22 7.0 165.0
67 17 53.0 62.0
49 13 45.0 82.0
9 90 63.0 22.0
39 43 132.0 40.0
54 79 111.0 76.0
50 68 147.0 150.0
45 7 184.0 149.0
70 52 170.0 144.0
65 37 78.0 176.0
50 66 29.0 75.0
16 15 89.0 92.0
88 15 190.0 22.0
28 5 181.0 53.0
23 30 199.0 129.0
33 31 108.0 183.0
83 38 21.0 31.0
12 19 155.0 99.0
5 51 103.0 184.0
2 4 44.0 145.0
19 23 30.0 187.0
73 11 76.0 12.0
37 64 74.0 75.0
94 42 172.0 182.0
1 29 24.0 194.0
50 9 93.0 131.0
56 58 197.0 149.0
59 80 113.0 42.0
7 75 30.0 95.0
85 53 18.0 58.0
18 35 28.0 44.0
76 67 35.0 0.0
80 27 68.0 12.0
25 7 164.0 162.0
11 16 163.0 162.0
91 85 18.0 76.0
61 72 6.0 0.0
25 4 135.0 24.0
75 64 89.0 115.0
33 44 191.0 77.0
70 25 6.0 59.0
15 39 99.0 123.0
50 36 41.0 14.0
25 51 74.0 11.0
25 12 197.0 32.0
53 8 166.0 132.0
28 4 172.0 8.0
84 1 82.0 115.0
26 5 62.0 41.0
14 55 185.0 114.0
2 31 42.0 26.0
2 24 137.0 68.0
52 31 23.0 134.0
29 3 83.0 190.0
14 29 86.0 7.0
21 7 161.0 121.0
6 15 102.0 23.0
74 73 79.0 87.0
34 82 189.0 73.0
31 1 57.0 126.0
26 4 199.0 81.0
31 29 49.0 34.0
54 69 8.0 87.0
2 13 70.0 121.0
14 10 152.0 173.0
80 16 52.0 183.0
30 4 134.0 41.0
13 40 39.0 192.0
2 91 161.0 190.0
24 20 21.0 162.0
85 21 38.0 181.0
21 83 85.0 60.0
92 44 32.0 37.0
57 94 124.0 84.0
32 53 131.0 59.0
89 84 79.0 122.0
79 23 76.0 193.0
39 1 57.0 49.0
21 41 168.0 47.0
28 34 130.0 53.0
2 29 139.0 115.0
16 82 149.0 16.0
40 68 177.0 80.0
56 48 58.0 9.0
67 48 154.0 86.0
48 23 115.0 163.0
13 20 1.0 83.0
90 84 12.0 83.0
1 8 98.0 104.0
83 91 83.0 47.0
63 50 129.0 12.0
2 77 99.0 187.0
15 9 133.0 53.0
23 9 181.0 0.0
65 46 50.0 134.0
34 78 53.0 15.0
79 30 22.0 103.0
22 18 90.0 105.0
67 43 14.0 19.0
25 59 114.0 113.0
56 9 47.0 199.0
18 65 18.0 180.0
15 35 157.0 69.0
14 62 3.0 163.0
88 39 50.0 25.0
26 7 54.0 140.0
24 12 139.0 21.0
55 22 4.0 5.0
31 86 44.0 3.0
55 54 191.0 62.0
85 64 132.0 100.0
27 4 178.0 88.0
40 46 107.0 28.0
92 21 196.0 113.0
17 10 100.0 87.0
32 58 178.0 56.0
48 72 54.0 22.0
30 32 195.0 45.0
1 86 143.0 80.0
32 1 195.0 122.0
18 16 181.0 54.0
89 43 6.0 129.0
53 27 123.0 107.0
82 61 158.0 53.0
38 51 73.0 12.0
82 13 183.0 69.0
1 95 116.0 127.0
5 47 54.0 63.0
19 43 78.0 36.0
85 36 138.0 85.0
60 90 195.0 13.0
55 67 138.0 105.0
14 12 5.0 12.0
28 39 82.0 188.0
35 88 3.0 150.0
39 34 124.0 57.0
13 18 167.0 2.0
34 75 97.0 105.0
69 30 195.0 44.0
4 15 79.0 133.0
38 73 147.0 84.0
16 10 64.0 181.0
2 14 160.0 19.0
41 80 28.0 36.0
15 20 37.0 195.0
39 83 14.0 86.0
17 51 157.0 9.0
71 53 99.0 36.0
31 58 122.0 46.0
24 11 140.0 139.0
4 31 57.0 53.0
63 5 62.0 37.0
64 10 159.0 51.0
93 74 8.0 173.0
26 45 100.0 117.0
2 61 68.0 0.0
23 82 26.0 143.0
47 63 138.0 166.0
19 15 180.0 148.0
26 9 189.0 194.0
63 21 159.0 100.0
91 46 156.0 167.0
90 3 188.0 56.0
63 29 72.0 8.0
4 29 33.0 98.0
51 35 26.0 124.0
2 5 97.0 158.0
60 63 131.0 38.0
80 40 85.0 42.0
31 5 76.0 193.0
60 17 141.0 16.0
46 82 17.0 13.0
71 84 65.0 2.0
21 89 116.0 91.0
93 35 64.0 165.0
36 2 103.0 147.0
8 25 11.0 140.0
6 26 151.0 39.0
70 61 144.0 92.0
44 29 63.0 113.0
14 89 153.0 129.0
82 68 49.0 21.0
5 42 127.0 113.0
16 14 36.0 30.0
14 21 154.0 47.0
91 72 190.0 105.0
11 19 77.0 86.0
7 27 33.0 92.0
51 42 166.0 139.0
15 46 168.0 167.0
20 16 41.0 47.0
71 1 47.0 77.0
38 63 8.0 2.0
27 8 9.0 198.0
92 82 121.0 38.0
12 21 8.0 107.0
21 17 50.0 127.0
9 24 9.0 170.0
5 33 124.0 50.0
30 31 152.0 171.0
93 11 24.0 160.0
26 8 98.0 185.0
84 49 87.0 20.0
89 25 162.0 47.0
18 57 187.0 164.0
1 33 52.0 197.0
24 25 103.0 128.0
18 15 188.0 55.0
33 28 114.0 13.0
33 79 127.0 12.0
30 25 32.0 14.0
46 75 92.0 146.0
36 76 65.0 80.0
70 95 147.0 117.0
24 38 108.0 50.0
63 73 26.0 48.0
5 12 53.0 92.0
23 12 138.0 181.0
22 6 8.0 170.0
77 39 54.0 53.0
19 61 22.0 119.0
60 10 142.0 121.0
25 9 35.0 2.0
12 92 158.0 13.0
21 3 28.0 11.0
28 95 155.0 166.0
3 49 5.0 115.0
87 84 134.0 11.0
25 10 119.0 108.0
50 81 10.0 62.0
17 16 39.0 198.0
50 12 84.0 197.0
25 82 183.0 64.0
78 57 149.0 138.0
10 51 28.0 107.0
33 2 179.0 162.0
89 7 177.0 51.0
25 14 111.0 140.0
47 49 101.0 150.0
57 64 170.0 137.0
47 2 118.0 153.0
58 44 104.0 20.0
95 65 175.0 132.0
11 23 55.0 106.0
70 18 122.0 32.0
8 88 56.0 185.0
38 82 116.0 157.0
47 10 97.0 86.0
13 12 80.0 167.0
53 30 188.0 184.0
38 2 168.0 115.0
65 5 184.0 23.0
32 3 106.0 58.0
11 25 194.0 162.0
30 3 168.0 62.0
41 65 60.0 17.0
74 2 80.0 92.0
32 52 94.0 21.0
4 32 163.0 14.0
66 55 194.0 99.0
23 45 81.0 52.0
4 87 37.0 27.0
23 51 154.0 5.0
1 24 84.0 166.0
7 30 187.0 116.0
78 3 184.0 81.0
62 12 136.0 99.0
63 89 186.0 82.0
38 27 13.0 67.0
18 26 41.0 50.0
76 4 176.0 195.0
1 23 93.0 60.0
39 9 60.0 80.0
9 20 44.0 44.0
28 86 199.0 132.0
8 28 1.0 186.0
44 39 106.0 166.0
61 37 85.0 99.0
40 93 7.0 61.0
7 24 134.0 52.0
30 14 172.0 194.0
30 17 161.0 168.0
7 11 132.0 160.0
28 29 121.0 85.0
65 62 4.0 179.0
22 8 44.0 90.0
9 21 190.0 3.0
30 46 83.0 124.0
29 8 139.0 7.0
55 6 100.0 100.0
1 36 95.0 184.0
27 50 15.0 168.0
16 45 140.0 172.0
75 93 159.0 136.0
3 40 46.0 149.0
82 12 87.0 81.0
53 84 111.0 178.0
86 72 43.0 163.0
67 19 107.0 90.0
12 26 90.0 75.0
15 8 38.0 30.0
7 49 178.0 197.0
88 18 155.0 25.0
26 29 22.0 194.0
18 44 162.0 85.0
7 28 152.0 5.0
71 51 70.0 11.0
5 30 14.0 160.0
76 23 98.0 53.0
23 16 69.0 77.0
75 30 74.0 24.0
58 50 11.0 48.0
90 69 100.0 174.0
13 25 186.0 52.0
40 71 36.0 8.0
29 9 139.0 51.0
15 23 26.0 38.0
21 20 104.0 95.0
19 48 137.0 130.0
27 13 139.0 149.0
29 5 150.0 39.0
11 27 137.0 89.0
64 88 112.0 174.0
35 3 184.0 4.0
24 14 187.0 11.0
25 1 86.0 43.0
51 15 125.0 23.0
69 58 17.0 64.0
85 31 158.0 120.0
21 95 61.0 47.0
9 31 28.0 125.0
12 18 31.0 165.0
36 62 88.0 19.0
19 17 117.0 174.0
19 86 141.0 194.0
45 95 74.0 111.0
22 13 117.0 184.0
21 10 50.0 178.0
68 21 107.0 31.0
33 27 12.0 91.0
85 43 110.0 53.0
47 95 65.0 179.0
85 30 156.0 6.0
29 40 51.0 30.0
71 7 92.0 168.0
13 34 154.0 95.0
52 67 43.0 14.0
16 24 198.0 7.0
88 71 195.0 108.0
71 4 121.0 60.0
31 7 199.0 77.0
4 55 141.0 50.0
33 4 175.0 33.0
45 86 175.0 81.0
57 21 80.0 170.0
26 13 71.0 30.0
32 5 30.0 67.0
65 93 193.0 152.0
28 10 139.0 144.0
87 60 18.0 80.0
24 13 35.0 193.0
24 18 104.0 162.0
93 4 75.0 137.0
42 33 101.0 146.0
94 9 189.0 132.0
4 77 191.0 134.0
26 2 58.0 82.0
66 43 190.0 29.0
46 73 126.0 177.0
50 76 172.0 182.0
76 90 88.0 47.0
25 29 49.0 189.0
35 12 52.0 191.0
88 33 127.0 195.0
28 6 133.0 137.0
48 52 172.0 123.0
30 12 38.0 50.0
84 29 18.0 162.0
20 40 95.0 106.0
66 53 114.0 97.0
62 39 30.0 166.0
68 34 25.0 157.0
17 22 184.0 110.0
12 65 50.0 108.0
73 25 80.0 41.0
53 49 48.0 50.0
86 12 120.0 144.0
25 16 76.0 34.0
6 16 198.0 107.0
36 35 9.0 176.0
9 30 21.0 145.0
36 5 159.0 23.0
75 62 156.0 191.0
13 32 137.0 157.0
33 3 105.0 57.0
85 19 127.0 181.0
3 28 12.0 77.0
49 64 64.0 173.0
2 40 164.0 37.0
50 87 88.0 124.0
50 88 1.0 197.0
32 7 10.0 138.0
73 23 53.0 115.0
41 95 137.0 180.0
10 33 194.0 102.0
94 41 155.0 59.0
37 42 22.0 119.0
30 91 139.0 110.0
9 33 124.0 140.0
14 19 124.0 86.0
34 35 121.0 129.0
34 20 92.0 10.0
50 43 134.0 87.0
84 94 86.0 89.0
40 21 56.0 108.0
17 24 171.0 195.0
3 36 195.0 47.0
15 24 97.0 72.0
17 23 90.0 18.0
9 49 134.0 135.0
89 85 81.0 68.0
83 18 18.0 167.0
38 8 25.0 74.0
28 42 27.0 148.0
43 56 75.0 175.0
35 70 16.0 124.0
61 13 15.0 59.0
59 77 16.0 149.0
63 28 96.0 49.0
42 29 196.0 114.0
19 21 192.0 21.0
8 78 71.0 172.0
38 33 46.0 99.0
26 14 98.0 15.0
6 21 41.0 114.0
85 59 196.0 9.0
84 44 111.0 92.0
7 35 173.0 107.0
32 6 166.0 117.0
19 55 120.0 189.0
6 37 86.0 119.0
73 47 30.0 185.0
55 87 188.0 71.0
35 6 99.0 136.0
11 29 20.0 11.0
61 66 94.0 193.0
17 18 106.0 60.0
41 1 92.0 179.0
94 6 2.0 179.0
6 33 152.0 32.0
23 86 185.0 92.0
43 41 129.0 85.0
33 64 2.0 149.0
32 10 174.0 96.0
16 19 60.0 32.0
31 32 48.0 105.0
16 26 101.0 2.0
15 45 71.0 5.0
32 35 80.0 8.0
72 9 93.0 161.0
69 18 116.0 96.0
2 90 64.0 90.0
11 88 115.0 77.0
8 31 99.0 115.0
41 63 74.0 153.0
18 14 144.0 97.0
36 8 141.0 176.0
6 24 196.0 35.0
40 49 107.0 112.0
40 5 184.0 123.0
36 6 115.0 99.0
28 15 8.0 14.0
24 10 186.0 82.0
36 47 142.0 82.0
40 76 140.0 83.0
3 76 98.0 88.0
26 77 85.0 157.0
38 5 184.0 21.0
41 12 72.0 99.0
68 62 171.0 80.0
68 66 167.0 109.0
14 90 187.0 109.0
70 36 54.0 79.0
28 1 73.0 152.0
77 83 76.0 158.0
21 22 80.0 13.0
18 21 92.0 104.0
91 73 68.0 15.0
22 16 2.0 187.0
18 23 175.0 142.0
19 2 161.0 29.0
34 6 62.0 34.0
51 65 90.0 91.0
87 80 80.0 123.0
24 19 51.0 124.0
72 15 72.0 119.0
32 39 188.0 75.0
16 70 101.0 163.0
68 78 84.0 63.0
47 8 73.0 146.0
70 90 70.0 116.0
30 11 14.0 102.0
7 5 39.0 17.0
17 59 134.0 111.0
2 49 102.0 123.0
29 6 50.0 3.0
87 79 109.0 134.0
87 18 62.0 134.0
18 10 67.0 132.0
2 15 12.0 33.0
28 13 180.0 51.0
15 27 37.0 66.0
9 47 160.0 139.0
1 43 163.0 162.0
56 87 133.0 24.0
20 11 55.0 195.0
31 6 50.0 122.0
29 69 127.0 14.0
31 78 1.0 59.0
41 16 185.0 38.0
60 15 199.0 145.0
86 4 40.0 162.0
87 42 37.0 173.0
47 91 105.0 92.0
6 30 113.0 108.0
78 73 137.0 40.0
32 11 24.0 90.0
27 16 147.0 9.0
31 11 137.0 146.0
20 86 171.0 177.0
29 74 95.0 160.0
69 16 23.0 152.0
22 14 151.0 88.0
71 24 27.0 40.0
55 77 107.0 51.0
17 61 173.0 55.0
77 34 181.0 110.0
22 85 116.0 104.0
39 4 118.0 11.0
41 3 193.0 93.0
57 62 111.0 144.0
20 26 192.0 90.0
54 74 31.0 51.0
20 23 72.0 156.0
78 37 130.0 53.0
8 32 0.0 46.0
39 74 43.0 70.0
35 44 102.0 188.0
38 6 157.0 166.0
58 77 42.0 149.0
17 28 55.0 25.0
26 10 23.0 79.0
49 28 106.0 153.0
52 41 167.0 59.0
16 28 136.0 162.0
37 8 141.0 38.0
4 41 9.0 99.0
39 51 163.0 3.0
1 37 13.0 170.0
21 15 11.0 188.0
36 4 128.0 70.0
55 10 56.0 95.0
7 38 103.0 144.0
7 53 99.0 197.0
21 23 152.0 60.0
34 8 50.0 67.0
44 38 56.0 63.0
37 3 174.0 19.0
16 29 191.0 54.0
36 9 181.0 199.0
26 54 173.0 36.0
20 22 17.0 72.0
22 94 178.0 169.0
3 38 194.0 180.0
38 9 17.0 2.0
77 72 144.0 143.0
59 88 185.0 87.0
86 10 160.0 118.0
63 36 60.0 85.0
7 39 22.0 29.0
39 66 192.0 152.0
89 48 164.0 186.0
23 64 125.0 181.0
27 14 176.0 21.0
94 65 123.0 114.0
45 3 82.0 35.0
42 1 80.0 95.0
34 11 73.0 54.0
40 7 165.0 65.0
6 19 169.0 129.0
41 7 105.0 94.0
74 19 11.0 33.0
80 58 29.0 86.0
37 9 71.0 111.0
32 14 24.0 103.0
9 53 110.0 98.0
11 91 157.0 75.0
31 13 14.0 126.0
27 59 110.0 71.0
17 29 122.0 73.0
80 33 184.0 151.0
89 13 179.0 8.0
17 27 56.0 4.0
80 75 136.0 118.0
6 40 192.0 94.0
46 2 26.0 7.0
28 21 90.0 136.0
22 9 140.0 12.0
19 26 59.0 76.0
59 90 199.0 190.0
3 43 17.0 7.0
56 91 122.0 105.0
31 90 173.0 114.0
29 18 173.0 199.0
65 73 191.0 64.0
71 32 26.0 83.0
78 81 170.0 37.0
26 21 144.0 169.0
20 17 174.0 161.0
9 83 123.0 48.0
74 14 94.0 96.0
28 19 92.0 68.0
87 25 39.0 36.0
56 95 104.0 65.0
77 90 28.0 74.0
32 91 7.0 124.0
13 29 176.0 182.0
23 28 27.0 100.0
41 24 86.0 122.0
44 1 34.0 178.0
52 22 138.0 73.0
22 56 69.0 43.0
42 3 26.0 49.0
16 95 188.0 185.0
38 58 69.0 165.0
83 1 47.0 48.0
24 56 161.0 133.0
16 32 42.0 196.0
30 19 68.0 181.0
43 82 56.0 90.0
14 28 110.0 34.0
39 11 77.0 51.0
65 82 41.0 98.0
82 88 46.0 41.0
31 15 134.0 8.0
86 62 173.0 128.0
48 5 41.0 193.0
23 25 35.0 98.0
76 60 88.0 97.0
70 49 44.0 118.0
35 27 197.0 37.0
19 69 33.0 44.0
11 90 147.0 119.0
47 1 89.0 72.0
35 9 98.0 83.0
28 20 28.0 133.0
38 37 122.0 69.0
85 25 96.0 118.0
44 3 71.0 93.0
12 60 143.0 104.0
30 16 5.0 42.0
75 66 83.0 47.0
10 35 138.0 182.0
12 34 32.0 119.0
1 46 78.0 106.0
80 72 34.0 126.0
15 85 22.0 105.0
50 37 154.0 117.0
59 50 63.0 112.0
9 32 159.0 146.0
24 46 8.0 50.0
49 20 46.0 40.0
75 45 140.0 76.0
32 15 159.0 174.0
1 48 35.0 133.0
31 91 34.0 189.0
46 14 36.0 97.0
41 2 157.0 196.0
52 44 24.0 165.0
63 79 28.0 22.0
19 20 84.0 168.0
66 85 179.0 196.0
82 35 72.0 166.0
28 22 142.0 58.0
32 41 126.0 178.0
7 42 26.0 35.0
27 22 43.0 2.0
12 38 120.0 71.0
94 32 33.0 156.0
38 4 164.0 165.0
50 2 166.0 188.0
7 36 1.0 108.0
7 43 104.0 79.0
78 45 41.0 130.0
33 19 130.0 37.0
11 46 138.0 2.0
78 30 138.0 123.0
8 40 97.0 54.0
8 39 59.0 63.0
47 29 195.0 12.0
20 47 31.0 99.0
92 45 73.0 24.0
60 24 176.0 4.0
22 26 126.0 114.0
48 49 181.0 16.0
7 56 98.0 30.0
76 62 107.0 110.0
87 63 35.0 102.0
43 5 172.0 18.0
1 40 49.0 197.0
44 59 82.0 25.0
78 23 181.0 8.0
68 22 8.0 114.0
78 11 64.0 59.0
72 70 64.0 171.0
34 26 9.0 100.0
94 76 113.0 133.0
1 82 26.0 114.0
42 35 148.0 108.0
54 30 65.0 130.0
51 70 44.0 26.0
77 36 84.0 109.0
7 68 1.0 149.0
94 82 188.0 163.0
62 32 89.0 53.0
33 16 16.0 67.0
25 58 42.0 116.0
87 29 194.0 60.0
18 8 136.0 190.0
39 55 129.0 173.0
25 43 94.0 82.0
26 61 146.0 82.0
20 29 73.0 187.0
3 50 66.0 41.0
13 41 130.0 61.0
66 9 55.0 76.0
2 34 82.0 144.0
59 73 154.0 163.0
17 76 66.0 48.0
42 14 137.0 164.0
14 35 178.0 10.0
7 33 44.0 197.0
45 56 174.0 175.0
64 69 42.0 182.0
73 24 93.0 76.0
93 30 138.0 47.0
2 37 79.0 156.0
35 81 150.0 16.0
57 20 87.0 80.0
14 33 49.0 131.0
13 33 170.0 175.0
28 58 36.0 164.0
78 76 134.0 129.0
7 50 68.0 24.0
33 17 156.0 147.0
24 37 29.0 58.0
56 54 78.0 116.0
24 28 7.0 127.0
44 28 120.0 178.0
13 36 199.0 109.0
12 37 166.0 134.0
23 26 96.0 186.0
72 62 144.0 52.0
11 4 97.0 125.0
41 9 121.0 175.0
38 85 100.0 128.0
27 12 120.0 173.0
6 39 40.0 72.0
25 20 144.0 158.0
42 6 159.0 40.0
67 46 33.0 103.0
24 27 108.0 130.0
39 68 17.0 181.0
57 86 19.0 117.0
6 44 73.0 92.0
37 35 101.0 113.0
19 29 38.0 45.0
34 16 0.0 198.0
40 4 190.0 33.0
5 86 57.0 50.0
58 3 35.0 74.0
14 38 62.0 54.0
84 57 15.0 136.0
91 17 32.0 68.0
34 46 42.0 23.0
35 11 137.0 194.0
23 22 61.0 79.0
85 50 18.0 70.0
49 6 7.0 53.0
77 46 179.0 22.0
10 31 69.0 146.0
37 80 137.0 53.0
30 57 134.0 131.0
80 62 76.0 23.0
61 68 0.0 137.0
22 48 97.0 18.0
50 55 97.0 104.0
12 32 42.0 29.0
49 78 100.0 63.0
63 35 173.0 37.0
88 79 147.0 59.0
45 13 152.0 175.0
80 55 168.0 152.0
4 53 80.0 17.0
13 37 182.0 129.0
45 5 140.0 177.0
52 18 180.0 40.0
52 5 111.0 105.0
81 41 196.0 10.0
43 6 136.0 148.0
62 91 24.0 104.0
46 7 73.0 56.0
80 92 146.0 56.0
62 81 182.0 39.0
46 5 191.0 114.0
92 36 11.0 54.0
73 10 88.0 7.0
20 42 2.0 24.0
34 86 135.0 178.0
89 61 100.0 9.0
4 44 69.0 198.0
83 8 131.0 4.0
95 61 130.0 74.0
93 29 179.0 141.0
16 35 145.0 20.0
19 50 169.0 147.0
41 77 78.0 104.0
29 22 86.0 130.0
66 65 84.0 107.0
72 47 35.0 168.0
26 24 24.0 165.0
91 39 19.0 156.0
45 6 119.0 165.0
2 44 49.0 88.0
91 16 103.0 80.0
79 1 141.0 141.0
65 40 106.0 177.0
83 28 46.0 141.0
90 80 119.0 71.0
20 80 180.0 138.0
46 3 31.0 100.0
16 56 110.0 81.0
13 38 96.0 166.0
15 36 111.0 189.0
9 89 21.0 17.0
8 42 60.0 67.0
37 91 191.0 179.0
26 25 128.0 171.0
18 64 197.0 160.0
22 42 153.0 59.0
70 81 125.0 1.0
51 41 193.0 36.0
35 46 77.0 14.0
12 36 141.0 137.0
40 69 146.0 132.0
85 87 118.0 26.0
10 41 99.0 115.0
82 76 85.0 53.0
58 10 37.0 11.0
48 65 58.0 31.0
36 11 177.0 135.0
72 5 156.0 118.0
16 36 133.0 54.0
34 18 42.0 52.0
6 46 150.0 142.0
72 23 199.0 188.0
39 10 150.0 36.0
21 31 59.0 160.0
48 91 48.0 36.0
95 58 163.0 4.0
6 69 121.0 49.0
42 89 110.0 115.0
88 78 171.0 12.0
13 30 110.0 170.0
47 44 54.0 12.0
61 64 147.0 113.0
30 22 92.0 147.0
44 7 71.0 7.0
4 47 5.0 192.0
42 63 186.0 67.0
43 8 25.0 157.0
17 36 88.0 135.0
31 22 119.0 142.0
44 46 93.0 18.0
85 39 118.0 137.0
13 76 136.0 189.0
29 39 167.0 94.0
4 74 62.0 153.0
38 17 82.0 87.0
30 24 82.0 170.0
25 22 148.0 154.0
45 28 181.0 193.0
66 34 64.0 99.0
10 36 133.0 153.0
2 51 71.0 100.0
5 44 10.0 133.0
8 84 160.0 92.0
44 23 175.0 43.0
20 30 197.0 123.0
25 28 12.0 178.0
69 21 131.0 76.0
42 40 149.0 17.0
6 41 141.0 21.0
44 57 142.0 151.0
16 38 179.0 103.0
15 62 135.0 154.0
37 7 64.0 132.0
61 94 153.0 28.0
8 35 164.0 37.0
47 40 67.0 65.0
69 17 198.0 160.0
31 23 24.0 141.0
44 10 67.0 4.0
71 74 85.0 154.0
4 92 190.0 149.0
12 42 194.0 143.0
46 16 73.0 110.0
29 23 110.0 92.0
43 28 7.0 108.0
76 2 125.0 32.0
11 44 35.0 192.0
22 72 86.0 72.0
66 93 86.0 76.0
33 78 139.0 81.0
9 45 139.0 164.0
60 8 134.0 1.0
8 41 129.0 141.0
14 56 108.0 6.0
8 24 12.0 96.0
36 19 34.0 50.0
49 4 94.0 73.0
11 41 3.0 185.0
45 4 169.0 94.0
35 26 172.0 103.0
35 87 172.0 53.0
23 27 187.0 32.0
7 74 60.0 151.0
2 48 191.0 95.0
37 31 132.0 38.0
15 34 75.0 135.0
63 93 36.0 196.0
20 37 138.0 161.0
29 35 122.0 62.0
35 71 37.0 61.0
46 89 176.0 98.0
14 37 48.0 120.0
32 23 91.0 180.0
79 28 163.0 118.0
25 56 31.0 199.0
28 26 166.0 121.0
43 95 153.0 88.0
8 45 158.0 191.0
11 40 82.0 135.0
90 61 99.0 82.0
47 3 50.0 190.0
57 49 83.0 13.0
15 38 142.0 114.0
78 21 4.0 108.0
9 40 2.0 110.0
37 17 118.0 161.0
56 92 176.0 152.0
54 5 68.0 75.0
34 83 129.0 118.0
33 70 53.0 164.0
37 19 126.0 147.0
20 33 189.0 83.0
77 49 159.0 192.0
65 16 36.0 77.0
39 5 56.0 12.0
19 90 111.0 76.0
77 62 85.0 193.0
1 50 79.0 90.0
54 1 158.0 6.0
43 60 153.0 147.0
13 67 128.0 113.0
79 93 101.0 164.0
36 18 187.0 109.0
33 23 175.0 99.0
32 21 162.0 60.0
22 34 93.0 194.0
76 66 137.0 3.0
42 10 75.0 43.0
90 79 95.0 3.0
52 3 22.0 196.0
76 14 62.0 10.0
84 2 127.0 37.0
32 19 10.0 42.0
13 52 93.0 56.0
28 27 29.0 182.0
5 56 61.0 104.0
16 40 136.0 156.0
18 32 121.0 158.0
43 26 6.0 135.0
27 90 190.0 85.0
14 48 126.0 153.0
5 34 103.0 19.0
11 45 87.0 84.0
82 41 16.0 100.0
35 62 25.0 152.0
39 18 123.0 98.0
69 41 117.0 81.0
35 19 83.0 107.0
67 51 113.0 9.0
55 3 146.0 17.0
22 32 16.0 33.0
19 38 193.0 185.0
22 63 101.0 19.0
13 42 88.0 176.0
31 20 164.0 157.0
42 11 78.0 199.0
46 12 50.0 191.0
81 54 26.0 196.0
3 57 56.0 42.0
9 44 7.0 1.0
33 22 21.0 61.0
5 49 97.0 109.0
25 52 79.0 13.0
64 74 112.0 157.0
64 31 114.0 162.0
82 52 123.0 140.0
24 31 159.0 131.0
5 83 31.0 166.0
61 23 147.0 4.0
25 90 168.0 196.0
43 77 15.0 199.0
52 69 52.0 127.0
24 32 69.0 166.0
45 10 45.0 144.0
88 43 106.0 156.0
28 59 17.0 89.0
78 10 71.0 116.0
48 3 44.0 191.0
13 58 104.0 60.0
28 85 11.0 156.0
82 50 86.0 32.0
70 85 28.0 132.0
32 84 68.0 87.0
13 43 18.0 37.0
58 61 134.0 41.0
95 79 147.0 179.0
38 47 130.0 3.0
36 57 64.0 93.0
41 5 21.0 150.0
29 24 163.0 49.0
6 51 190.0 183.0
46 39 39.0 8.0
49 1 48.0 174.0
6 56 162.0 147.0
7 83 178.0 92.0
14 40 102.0 42.0
12 39 21.0 123.0
52 65 6.0 184.0
59 46 78.0 197.0
27 31 171.0 69.0
78 69 194.0 171.0
18 30 196.0 157.0
83 37 137.0 127.0
45 30 154.0 39.0
6 47 198.0 175.0
70 43 52.0 156.0
88 31 77.0 82.0
81 47 174.0 0.0
18 50 47.0 169.0
47 11 167.0 196.0
53 2 170.0 56.0
57 1 63.0 124.0
39 16 1.0 13.0
53 70 196.0 5.0
3 83 42.0 25.0
32 76 138.0 16.0
27 88 96.0 137.0
28 30 95.0 15.0
45 12 53.0 65.0
20 43 82.0 116.0
53 6 6.0 83.0
56 30 77.0 154.0
14 57 119.0 71.0
34 24 10.0 9.0
78 83 193.0 58.0
48 54 41.0 40.0
35 21 168.0 46.0
80 28 193.0 50.0
14 91 93.0 151.0
22 78 55.0 123.0
56 2 97.0 126.0
14 44 116.0 107.0
56 76 67.0 61.0
19 39 38.0 60.0
33 18 62.0 6.0
3 51 63.0 7.0
2 55 172.0 109.0
9 48 5.0 179.0
55 1 69.0 54.0
48 6 181.0 137.0
89 71 20.0 0.0
64 47 65.0 58.0
18 41 140.0 79.0
16 48 71.0 3.0
48 7 166.0 44.0
40 18 131.0 123.0
92 68 75.0 152.0
81 12 120.0 56.0
82 83 146.0 140.0
31 75 189.0 163.0
67 44 193.0 129.0
88 61 32.0 65.0
80 85 150.0 198.0
33 95 14.0 33.0
67 11 94.0 41.0
22 46 169.0 14.0
53 3 129.0 115.0
38 23 74.0 118.0
38 21 155.0 67.0
51 58 186.0 139.0
43 15 126.0 88.0
16 42 15.0 92.0
64 51 36.0 109.0
1 87 194.0 5.0
2 52 41.0 123.0
17 39 176.0 115.0
31 17 79.0 132.0
36 22 12.0 17.0
36 24 77.0 90.0
34 25 38.0 93.0
35 20 155.0 26.0
91 60 165.0 150.0
43 14 159.0 6.0
90 62 13.0 136.0
64 81 27.0 44.0
14 83 157.0 191.0
34 23 99.0 34.0
4 50 140.0 89.0
55 42 16.0 96.0
44 13 108.0 182.0
16 49 195.0 68.0
41 14 70.0 160.0
17 26 67.0 49.0
49 11 139.0 24.0
47 32 147.0 190.0
7 54 76.0 87.0
21 71 0.0 45.0
42 15 61.0 60.0
57 4 181.0 8.0
88 69 108.0 3.0
74 68 192.0 176.0
10 46 23.0 83.0
79 20 6.0 122.0
94 83 158.0 34.0
52 9 135.0 110.0
14 66 178.0 148.0
13 46 183.0 111.0
45 46 50.0 92.0
15 54 116.0 42.0
3 84 136.0 92.0
5 60 162.0 94.0
39 20 178.0 120.0
31 28 18.0 113.0
51 4 51.0 148.0
17 42 45.0 35.0
24 33 46.0 95.0
53 31 119.0 163.0
33 25 72.0 7.0
9 82 102.0 34.0
57 2 190.0 80.0
8 48 88.0 160.0
49 25 79.0 140.0
28 32 144.0 76.0
47 12 153.0 142.0
33 46 182.0 72.0
90 18 38.0 54.0
4 91 115.0 140.0
6 50 186.0 57.0
50 79 27.0 74.0
8 62 96.0 58.0
48 13 51.0 192.0
36 27 120.0 4.0
27 29 56.0 54.0
54 4 194.0 94.0
26 87 150.0 62.0
56 1 27.0 136.0
47 13 64.0 6.0
30 77 175.0 112.0
43 16 161.0 26.0
92 84 183.0 82.0
88 22 73.0 191.0
50 8 49.0 19.0
13 50 183.0 0.0
29 32 90.0 162.0
52 12 181.0 107.0
73 50 40.0 108.0
52 47 19.0 2.0
14 45 81.0 154.0
59 2 121.0 106.0
39 72 8.0 123.0
60 21 112.0 143.0
17 44 63.0 155.0
54 23 116.0 196.0
69 57 109.0 156.0
51 7 164.0 80.0
82 45 71.0 197.0
5 55 115.0 144.0
40 22 93.0 75.0
58 5 106.0 6.0
32 64 54.0 121.0
86 30 8.0 122.0
86 82 19.0 70.0
32 51 88.0 183.0
93 2 69.0 159.0
34 10 19.0 184.0
49 61 17.0 112.0
11 48 106.0 75.0
48 12 110.0 113.0
3 63 94.0 71.0
21 39 160.0 114.0
79 15 132.0 0.0
16 57 67.0 1.0
34 29 89.0 86.0
11 43 28.0 59.0
39 40 157.0 87.0
11 68 52.0 67.0
3 59 110.0 99.0
9 76 179.0 22.0
90 63 45.0 111.0
21 36 99.0 112.0
87 22 49.0 141.0
25 36 27.0 77.0
8 52 121.0 136.0
72 37 8.0 126.0
17 88 30.0 118.0
33 30 156.0 9.0
25 37 47.0 1.0
1 2 36.0 98.0
59 1 23.0 85.0
74 89 30.0 2.0
90 15 196.0 103.0
27 34 141.0 156.0
19 65 100.0 123.0
16 37 80.0 57.0
46 17 190.0 79.0
22 35 197.0 27.0
57 80 64.0 172.0
6 58 59.0 46.0
52 1 161.0 7.0
15 44 194.0 102.0
59 4 107.0 94.0
38 18 115.0 139.0
40 19 142.0 58.0
57 6 172.0 92.0
47 80 81.0 189.0
75 1 105.0 140.0
41 17 173.0 66.0
31 67 51.0 167.0
85 69 161.0 158.0
39 24 183.0 29.0
8 51 166.0 77.0
75 50 177.0 139.0
35 54 25.0 58.0
54 9 5.0 131.0
53 35 7.0 130.0
37 23 121.0 58.0
18 74 131.0 83.0
32 20 132.0 66.0
32 45 75.0 51.0
94 31 99.0 4.0
81 74 137.0 125.0
50 10 111.0 142.0
71 25 28.0 70.0
69 32 88.0 149.0
10 65 115.0 171.0
87 64 199.0 199.0
23 36 47.0 74.0
39 25 62.0 99.0
35 75 107.0 0.0
26 37 189.0 170.0
60 2 144.0 17.0
43 21 123.0 184.0
86 32 104.0 190.0
62 3 80.0 103.0
71 26 185.0 79.0
82 44 55.0 199.0
4 58 186.0 114.0
11 52 117.0 176.0
19 71 152.0 13.0
92 54 72.0 75.0
41 25 100.0 128.0
34 57 0.0 132.0
40 26 74.0 185.0
39 22 144.0 81.0
57 47 134.0 83.0
10 40 63.0 3.0
8 55 173.0 167.0
21 42 73.0 197.0
13 21 172.0 173.0
77 13 70.0 173.0
9 81 10.0 144.0
88 14 184.0 107.0
17 45 111.0 70.0
9 51 157.0 126.0
47 16 162.0 130.0
49 14 52.0 35.0
59 6 113.0 24.0
83 45 85.0 183.0
19 41 107.0 48.0
20 46 135.0 43.0
55 7 98.0 46.0
44 20 87.0 55.0
18 45 57.0 1.0
51 11 70.0 61.0
60 3 13.0 183.0
12 51 199.0 50.0
27 37 159.0 106.0
14 50 102.0 46.0
37 22 12.0 0.0
53 92 35.0 51.0
25 40 11.0 92.0
55 11 36.0 81.0
64 1 129.0 1.0
38 10 188.0 128.0
57 5 11.0 99.0
42 26 161.0 66.0
39 42 56.0 125.0
51 14 20.0 91.0
57 9 20.0 32.0
19 42 134.0 8.0
63 77 168.0 64.0
80 70 170.0 108.0
15 50 124.0 182.0
7 58 143.0 37.0
32 25 141.0 199.0
68 83 22.0 113.0
1 58 121.0 194.0
58 2 93.0 56.0
86 13 32.0 13.0
82 8 100.0 2.0
23 41 82.0 176.0
36 20 3.0 26.0
61 1 171.0 96.0
88 25 101.0 145.0
18 48 166.0 175.0
2 72 114.0 59.0
84 83 71.0 146.0
27 39 76.0 123.0
73 56 173.0 110.0
62 4 146.0 128.0
57 8 190.0 69.0
47 19 93.0 91.0
5 77 57.0 59.0
50 86 152.0 123.0
70 45 41.0 176.0
66 1 159.0 69.0
54 10 17.0 84.0
36 29 86.0 164.0
87 31 127.0 76.0
16 50 163.0 20.0
43 23 187.0 173.0
1 63 148.0 92.0
57 10 40.0 189.0
88 44 167.0 151.0
80 18 57.0 136.0
42 23 94.0 95.0
45 21 190.0 21.0
8 23 29.0 106.0
51 85 79.0 16.0
30 36 93.0 179.0
60 6 96.0 85.0
1 62 119.0 15.0
26 41 128.0 177.0
92 93 194.0 22.0
52 14 39.0 136.0
53 88 119.0 68.0
31 35 1.0 198.0
83 80 177.0 46.0
38 28 27.0 25.0
61 6 144.0 147.0
75 57 52.0 25.0
50 17 48.0 46.0
1 68 137.0 87.0
58 68 50.0 57.0
80 48 193.0 51.0
13 51 186.0 170.0
15 52 102.0 166.0
64 71 84.0 199.0
30 35 145.0 136.0
84 30 19.0 194.0
95 57 46.0 108.0
39 23 85.0 48.0
46 23 14.0 30.0
43 33 84.0 0.0
91 84 41.0 138.0
59 43 28.0 77.0
79 7 137.0 174.0
54 11 169.0 108.0
77 92 190.0 167.0
3 66 59.0 27.0
3 88 74.0 73.0
33 34 110.0 110.0
60 51 79.0 151.0
94 75 3.0 108.0
28 41 47.0 140.0
7 23 51.0 169.0
40 24 199.0 194.0
43 18 28.0 10.0
92 49 41.0 54.0
48 15 4.0 103.0
63 4 7.0 84.0
92 10 183.0 10.0
82 74 28.0 30.0
74 45 120.0 31.0
84 43 96.0 71.0
47 92 182.0 77.0
42 92 177.0 175.0
16 2 69.0 181.0
29 37 25.0 76.0
54 39 139.0 8.0
14 77 197.0 119.0
23 77 182.0 69.0
3 61 31.0 79.0
32 34 91.0 165.0
48 20 191.0 68.0
69 72 160.0 60.0
63 6 84.0 186.0
58 11 20.0 176.0
49 19 32.0 169.0
8 49 79.0 14.0
38 26 154.0 110.0
17 49 145.0 197.0
31 38 195.0 88.0
60 9 190.0 156.0
67 3 116.0 74.0
26 31 130.0 89.0
64 21 96.0 162.0
22 67 133.0 175.0
40 28 127.0 40.0
33 32 138.0 24.0
59 8 122.0 134.0
40 12 51.0 64.0
30 37 128.0 120.0
47 7 39.0 58.0
29 38 173.0 135.0
43 17 123.0 106.0
28 36 119.0 50.0
15 83 39.0 9.0
54 16 154.0 113.0
38 35 25.0 5.0
18 49 160.0 154.0
11 53 10.0 199.0
25 42 38.0 135.0
7 62 3.0 161.0
66 4 76.0 74.0
56 12 130.0 67.0
90 93 68.0 36.0
32 63 80.0 46.0
67 63 110.0 41.0
77 1 5.0 72.0
28 35 29.0 43.0
27 9 92.0 184.0
21 49 62.0 168.0
54 14 25.0 145.0
41 30 180.0 93.0
59 37 47.0 61.0
16 51 160.0 157.0
48 21 174.0 165.0
63 8 140.0 155.0
86 26 37.0 185.0
18 51 44.0 100.0
62 46 60.0 69.0
11 56 2.0 41.0
47 50 50.0 1.0
24 42 2.0 162.0
67 40 31.0 176.0
68 2 158.0 123.0
50 22 126.0 195.0
85 48 155.0 171.0
90 23 71.0 167.0
33 36 18.0 25.0
95 62 122.0 20.0
41 27 179.0 125.0
94 34 6.0 162.0
53 18 113.0 164.0
94 52 112.0 40.0
5 79 155.0 19.0
3 92 119.0 26.0
40 64 113.0 137.0
36 32 69.0 36.0
31 41 8.0 48.0
12 66 104.0 14.0
89 39 98.0 169.0
49 22 1.0 10.0
60 4 184.0 156.0
34 37 18.0 103.0
4 67 72.0 84.0
72 13 96.0 93.0
31 40 151.0 104.0
90 45 104.0 7.0
80 93 91.0 2.0
65 4 15.0 44.0
46 54 65.0 151.0
29 43 130.0 83.0
44 26 51.0 154.0
75 4 176.0 147.0
28 84 198.0 128.0
30 68 124.0 55.0
59 13 107.0 167.0
57 12 119.0 74.0
59 10 5.0 136.0
27 86 181.0 135.0
4 64 131.0 32.0
27 43 184.0 107.0
62 53 161.0 134.0
26 50 91.0 37.0
20 90 173.0 150.0
47 85 133.0 44.0
37 82 32.0 138.0
7 65 44.0 165.0
55 17 110.0 127.0
2 65 119.0 46.0
85 76 1.0 32.0
7 64 121.0 45.0
69 71 42.0 46.0
52 20 21.0 175.0
52 16 128.0 6.0
50 23 64.0 125.0
4 68 57.0 126.0
5 88 14.0 176.0
65 56 26.0 15.0
64 3 55.0 147.0
46 25 180.0 49.0
72 87 11.0 1.0
3 95 38.0 92.0
64 8 108.0 102.0
53 14 61.0 165.0
17 53 57.0 27.0
10 56 36.0 83.0
13 19 15.0 91.0
24 48 164.0 195.0
69 59 63.0 128.0
2 69 95.0 101.0
70 2 10.0 155.0
40 61 137.0 71.0
62 6 173.0 146.0
21 44 52.0 9.0
25 68 93.0 19.0
50 45 164.0 9.0
5 80 174.0 27.0
25 45 98.0 69.0
63 65 21.0 109.0
28 88 15.0 110.0
4 84 28.0 188.0
91 10 154.0 80.0
74 75 49.0 199.0
19 51 179.0 14.0
36 34 160.0 154.0
80 66 63.0 10.0
33 37 1.0 85.0
59 7 187.0 16.0
92 13 146.0 15.0
5 59 12.0 52.0
26 48 11.0 13.0
33 39 63.0 190.0
55 18 199.0 175.0
75 39 176.0 63.0
65 71 165.0 177.0
30 44 107.0 152.0
50 24 161.0 5.0
52 64 64.0 125.0
10 61 27.0 27.0
84 51 43.0 90.0
62 29 90.0 194.0
38 36 117.0 18.0
9 62 61.0 83.0
7 66 195.0 168.0
73 55 25.0 108.0
26 39 46.0 90.0
22 83 194.0 73.0
38 71 106.0 189.0
64 6 41.0 148.0
12 61 54.0 159.0
53 15 7.0 67.0
15 59 88.0 155.0
51 86 194.0 114.0
87 2 77.0 192.0
84 81 113.0 23.0
15 56 66.0 19.0
48 60 92.0 59.0
52 26 153.0 99.0
15 57 194.0 112.0
51 22 164.0 34.0
49 54 36.0 110.0
67 8 130.0 113.0
70 67 52.0 43.0
43 32 199.0 70.0
20 51 172.0 92.0
54 18 64.0 77.0
65 25 64.0 10.0
80 78 44.0 180.0
47 25 2.0 80.0
27 42 65.0 84.0
68 8 181.0 69.0
58 15 130.0 132.0
11 61 120.0 54.0
60 16 181.0 137.0
58 16 82.0 197.0
77 33 194.0 126.0
61 87 118.0 148.0
22 47 32.0 135.0
14 60 108.0 165.0
94 23 115.0 38.0
39 36 145.0 188.0
7 67 97.0 126.0
67 9 25.0 131.0
36 37 25.0 19.0
9 65 166.0 143.0
25 44 14.0 150.0
30 83 129.0 74.0
30 42 191.0 45.0
68 6 182.0 88.0
21 51 38.0 31.0
28 47 47.0 63.0
88 45 188.0 73.0
19 54 56.0 106.0
66 2 185.0 22.0
25 48 193.0 67.0
15 80 166.0 184.0
63 86 159.0 100.0
28 48 34.0 197.0
24 51 171.0 82.0
45 29 1.0 111.0
73 14 178.0 9.0
40 33 55.0 116.0
31 45 89.0 49.0
11 59 96.0 8.0
31 46 154.0 7.0
50 70 191.0 189.0
31 43 17.0 163.0
93 52 61.0 18.0
2 73 175.0 192.0
27 49 92.0 31.0
9 43 42.0 181.0
53 19 132.0 138.0
41 33 146.0 86.0
37 39 71.0 90.0
68 31 36.0 88.0
82 84 28.0 98.0
48 76 49.0 3.0
68 3 193.0 93.0
42 32 92.0 35.0
10 63 170.0 24.0
11 60 123.0 68.0
18 79 44.0 146.0
7 63 147.0 81.0
15 82 82.0 127.0
7 70 171.0 83.0
23 49 191.0 116.0
13 60 122.0 83.0
13 63 2.0 44.0
54 22 116.0 77.0
69 15 139.0 112.0
41 74 55.0 38.0
60 18 97.0 89.0
70 1 20.0 20.0
20 55 54.0 164.0
22 53 171.0 177.0
30 43 133.0 173.0
92 24 62.0 1.0
63 11 189.0 1.0
95 22 135.0 196.0
3 72 59.0 33.0
75 89 61.0 80.0
69 7 85.0 116.0
29 46 54.0 57.0
1 74 105.0 139.0
34 42 164.0 119.0
57 56 65.0 106.0
74 8 123.0 0.0
59 91 149.0 182.0
19 58 85.0 11.0
40 30 54.0 170.0
67 78 94.0 108.0
3 71 147.0 151.0
81 71 146.0 64.0
28 51 157.0 163.0
35 40 12.0 80.0
7 76 92.0 162.0
68 5 192.0 177.0
53 54 80.0 46.0
26 51 89.0 174.0
21 46 199.0 189.0
74 9 43.0 97.0
56 47 199.0 0.0
72 4 78.0 12.0
14 65 29.0 171.0
50 25 103.0 21.0
30 34 128.0 183.0
68 10 136.0 169.0
70 4 136.0 87.0
24 66 90.0 131.0
67 2 175.0 90.0
63 12 164.0 5.0
73 5 127.0 146.0
34 44 29.0 30.0
19 60 121.0 109.0
19 57 62.0 9.0
45 35 105.0 198.0
60 42 184.0 147.0
53 83 129.0 159.0
40 37 119.0 45.0
71 39 74.0 198.0
27 48 106.0 55.0
12 64 20.0 27.0
11 65 41.0 82.0
41 93 71.0 98.0
16 59 77.0 55.0
8 61 175.0 158.0
94 72 128.0 46.0
15 91 114.0 154.0
36 52 171.0 20.0
6 95 130.0 143.0
44 41 73.0 172.0
9 69 74.0 145.0
73 3 152.0 151.0
75 33 2.0 79.0
47 30 69.0 130.0
38 40 148.0 184.0
44 36 28.0 71.0
77 35 144.0 158.0
72 71 0.0 169.0
52 92 69.0 74.0
55 43 138.0 21.0
75 81 9.0 140.0
23 55 100.0 79.0
87 51 55.0 48.0
32 60 79.0 83.0
91 88 76.0 175.0
60 41 77.0 76.0
42 36 182.0 147.0
13 56 71.0 72.0
59 14 151.0 81.0
85 63 92.0 3.0
18 68 50.0 100.0
28 46 9.0 82.0
41 37 102.0 85.0
73 6 118.0 179.0
24 53 48.0 52.0
57 71 76.0 120.0
53 25 76.0 179.0
41 68 144.0 120.0
21 54 158.0 194.0
32 46 133.0 167.0
42 85 192.0 35.0
59 63 87.0 62.0
75 3 100.0 135.0
28 50 33.0 176.0
69 5 177.0 109.0
56 23 76.0 73.0
20 45 6.0 34.0
59 22 134.0 140.0
58 22 28.0 127.0
21 58 44.0 67.0
50 30 0.0 96.0
19 62 27.0 34.0
6 89 22.0 156.0
57 24 128.0 99.0
76 31 98.0 86.0
12 67 101.0 185.0
36 40 152.0 81.0
7 72 62.0 148.0
32 44 18.0 62.0
81 57 2.0 197.0
74 3 117.0 25.0
70 15 186.0 197.0
45 60 0.0 84.0
45 34 120.0 53.0
66 36 91.0 25.0
11 66 140.0 153.0
38 78 192.0 110.0
29 50 8.0 147.0
41 40 198.0 77.0
9 68 9.0 184.0
20 61 173.0 10.0
62 2 79.0 46.0
30 48 34.0 170.0
62 41 71.0 126.0
61 16 11.0 63.0
21 59 111.0 19.0
20 64 134.0 61.0
53 23 34.0 144.0
32 50 11.0 160.0
8 72 72.0 43.0
30 49 25.0 58.0
61 18 188.0 96.0
16 63 175.0 151.0
71 11 113.0 38.0
46 95 46.0 47.0
47 33 65.0 80.0
71 8 171.0 29.0
34 53 27.0 195.0
63 18 182.0 5.0
66 13 68.0 122.0
51 49 192.0 43.0
10 69 118.0 105.0
65 17 28.0 164.0
64 55 97.0 46.0
63 56 187.0 20.0
12 55 40.0 15.0
62 20 11.0 23.0
14 67 39.0 32.0
16 66 118.0 183.0
65 15 41.0 188.0
60 23 192.0 22.0
75 8 138.0 42.0
31 93 146.0 125.0
64 9 99.0 186.0
27 47 186.0 62.0
51 29 182.0 25.0
93 16 31.0 52.0
42 38 48.0 24.0
21 72 94.0 41.0
6 72 113.0 184.0
39 41 127.0 59.0
51 31 115.0 26.0
73 7 170.0 101.0
6 74 9.0 104.0
76 6 190.0 192.0
56 27 95.0 38.0
1 80 34.0 142.0
52 23 116.0 147.0
69 13 191.0 195.0
36 41 116.0 106.0
17 63 102.0 39.0
93 24 75.0 64.0
71 17 50.0 17.0
70 11 193.0 98.0
40 43 9.0 179.0
59 20 107.0 77.0
7 57 42.0 98.0
70 9 14.0 111.0
91 41 152.0 116.0
1 81 146.0 179.0
60 22 166.0 148.0
88 42 98.0 111.0
74 10 5.0 60.0
54 29 54.0 64.0
60 50 113.0 97.0
91 64 137.0 127.0
62 18 3.0 89.0
63 20 21.0 149.0
54 64 75.0 140.0
7 82 183.0 126.0
36 45 15.0 140.0
72 11 142.0 69.0
40 44 140.0 7.0
79 2 188.0 77.0
29 52 163.0 144.0
80 2 58.0 137.0
13 62 192.0 85.0
8 73 174.0 127.0
90 55 129.0 189.0
66 37 45.0 23.0
36 46 160.0 185.0
33 49 152.0 100.0
45 87 22.0 68.0
81 2 89.0 32.0
83 13 162.0 33.0
72 53 182.0 89.0
62 10 58.0 111.0
68 16 75.0 103.0
33 91 34.0 187.0
68 12 138.0 139.0
27 54 30.0 112.0
62 16 46.0 119.0
10 71 95.0 8.0
75 9 101.0 77.0
79 4 121.0 159.0
11 74 192.0 196.0
69 44 110.0 179.0
69 24 11.0 0.0
61 22 89.0 41.0
66 15 175.0 87.0
42 41 187.0 22.0
86 73 25.0 88.0
68 15 68.0 98.0
75 6 166.0 13.0
46 80 5.0 28.0
66 17 91.0 168.0
38 46 159.0 180.0
58 23 43.0 134.0
62 21 11.0 30.0
37 46 154.0 36.0
74 21 180.0 174.0
67 16 164.0 98.0
12 71 97.0 122.0
36 48 56.0 188.0
4 78 126.0 15.0
75 58 6.0 121.0
5 78 172.0 17.0
47 37 92.0 78.0
55 24 75.0 25.0
85 56 179.0 191.0
77 7 13.0 77.0
47 68 8.0 21.0
35 43 181.0 134.0
55 29 150.0 187.0
72 12 86.0 74.0
55 26 8.0 178.0
62 56 52.0 35.0
30 52 137.0 32.0
26 53 48.0 102.0
27 58 120.0 56.0
48 34 51.0 102.0
40 77 61.0 153.0
36 43 65.0 147.0
44 73 40.0 73.0
48 35 16.0 44.0
68 27 179.0 105.0
53 43 16.0 27.0
2 83 43.0 88.0
34 50 30.0 94.0
85 41 134.0 43.0
28 56 63.0 0.0
82 4 5.0 55.0
60 70 21.0 173.0
64 17 113.0 152.0
83 52 167.0 81.0
60 25 47.0 162.0
88 70 96.0 77.0
15 77 140.0 183.0
22 64 83.0 3.0
46 41 94.0 40.0
63 84 38.0 67.0
29 75 80.0 103.0
59 24 68.0 0.0
60 20 123.0 115.0
38 34 84.0 20.0
76 11 129.0 25.0
8 76 98.0 13.0
35 52 53.0 193.0
36 51 14.0 43.0
33 51 182.0 47.0
36 93 46.0 51.0
73 12 85.0 170.0
80 4 177.0 169.0
58 55 187.0 107.0
64 19 118.0 85.0
49 35 48.0 123.0
33 50 123.0 63.0
82 3 52.0 105.0
41 45 70.0 98.0
30 55 186.0 107.0
46 50 59.0 164.0
9 84 150.0 46.0
15 47 124.0 20.0
29 57 53.0 173.0
85 9 126.0 128.0
14 69 159.0 178.0
21 56 169.0 181.0
58 90 59.0 108.0
26 57 93.0 119.0
59 29 94.0 196.0
6 79 12.0 18.0
71 15 173.0 17.0
40 45 133.0 99.0
47 41 178.0 92.0
22 41 3.0 148.0
88 94 185.0 62.0
80 6 31.0 30.0
50 64 148.0 125.0
78 86 59.0 112.0
45 38 122.0 32.0
20 66 64.0 56.0
92 71 19.0 42.0
72 88 145.0 22.0
21 66 134.0 130.0
14 72 69.0 165.0
47 58 38.0 170.0
26 59 81.0 49.0
59 95 48.0 3.0
62 22 31.0 112.0
4 81 142.0 51.0
50 56 152.0 88.0
88 46 33.0 86.0
71 9 127.0 54.0
27 60 136.0 117.0
67 80 79.0 17.0
79 29 23.0 80.0
67 85 0.0 54.0
5 82 53.0 95.0
13 71 145.0 157.0
79 9 141.0 130.0
60 81 198.0 68.0
67 20 124.0 86.0
44 90 161.0 156.0
8 66 117.0 136.0
86 79 184.0 118.0
68 19 35.0 189.0
51 62 5.0 133.0
58 26 141.0 146.0
48 38 114.0 139.0
11 75 64.0 38.0
33 53 62.0 26.0
62 23 115.0 180.0
88 6 58.0 99.0
41 89 67.0 45.0
80 7 127.0 72.0
54 31 194.0 20.0
69 20 193.0 108.0
25 62 122.0 58.0
19 92 28.0 185.0
1 73 160.0 95.0
24 62 134.0 170.0
4 83 20.0 1.0
74 15 188.0 99.0
9 78 134.0 182.0
68 20 72.0 79.0
47 42 35.0 195.0
46 43 180.0 15.0
33 52 168.0 92.0
72 73 90.0 102.0
17 70 175.0 62.0
35 50 77.0 115.0
80 9 17.0 163.0
73 17 83.0 90.0
65 22 113.0 70.0
56 29 18.0 45.0
79 10 53.0 186.0
32 66 133.0 95.0
28 55 127.0 108.0
80 10 58.0 156.0
56 31 167.0 27.0
95 63 150.0 2.0
90 38 75.0 15.0
46 42 107.0 93.0
81 27 102.0 112.0
78 13 118.0 35.0
19 66 93.0 46.0
78 7 97.0 103.0
13 74 188.0 64.0
91 54 107.0 90.0
92 58 1.0 182.0
84 54 69.0 60.0
6 82 83.0 123.0
5 85 105.0 1.0
59 12 29.0 151.0
61 27 76.0 126.0
73 69 90.0 16.0
62 26 52.0 197.0
54 33 34.0 6.0
63 24 171.0 55.0
52 37 27.0 54.0
16 71 197.0 132.0
24 64 9.0 178.0
12 76 179.0 85.0
89 32 161.0 21.0
70 54 74.0 166.0
6 70 13.0 60.0
38 50 181.0 184.0
43 47 37.0 8.0
57 28 5.0 187.0
34 91 122.0 14.0
1 78 22.0 102.0
16 72 63.0 184.0
77 56 148.0 89.0
55 35 64.0 161.0
55 33 15.0 198.0
37 54 190.0 4.0
77 10 132.0 147.0
60 28 131.0 54.0
35 59 68.0 106.0
82 56 182.0 131.0
26 63 18.0 130.0
85 4 140.0 82.0
45 44 86.0 155.0
84 5 42.0 76.0
74 60 12.0 126.0
74 16 102.0 96.0
51 40 129.0 170.0
72 19 36.0 111.0
65 26 198.0 54.0
56 26 82.0 138.0
88 1 160.0 168.0
17 74 109.0 154.0
50 40 158.0 74.0
55 81 7.0 12.0
15 75 16.0 137.0
30 71 64.0 4.0
57 33 31.0 14.0
56 33 67.0 113.0
31 83 156.0 179.0
60 40 100.0 18.0
35 57 181.0 10.0
16 75 186.0 140.0
17 68 147.0 154.0
51 37 24.0 163.0
94 90 66.0 7.0
12 78 184.0 86.0
34 56 33.0 92.0
52 76 118.0 85.0
30 61 168.0 51.0
27 62 181.0 106.0
74 83 3.0 80.0
18 73 90.0 179.0
78 87 5.0 109.0
10 81 165.0 141.0
38 53 116.0 151.0
6 81 51.0 34.0
32 59 155.0 171.0
18 19 3.0 88.0
50 42 165.0 159.0
42 59 135.0 55.0
84 7 136.0 93.0
82 20 76.0 53.0
80 12 165.0 192.0
54 36 77.0 16.0
79 12 46.0 185.0
28 94 60.0 50.0
53 77 53.0 177.0
64 28 128.0 141.0
57 31 12.0 16.0
65 27 89.0 40.0
39 48 67.0 54.0
75 2 27.0 145.0
61 28 179.0 74.0
53 37 197.0 191.0
42 44 88.0 3.0
86 80 101.0 169.0
48 42 150.0 66.0
43 62 82.0 39.0
62 54 102.0 101.0
77 16 77.0 81.0
71 20 36.0 56.0
11 64 172.0 33.0
52 39 167.0 61.0
1 90 62.0 21.0
85 3 175.0 165.0
86 25 36.0 9.0
21 70 117.0 90.0
11 82 189.0 194.0
25 66 15.0 25.0
67 35 168.0 187.0
64 29 132.0 88.0
83 87 150.0 194.0
42 49 197.0 77.0
82 72 118.0 186.0
93 1 57.0 35.0
87 3 32.0 199.0
68 24 90.0 47.0
89 3 35.0 10.0
66 28 169.0 167.0
82 64 163.0 71.0
26 89 93.0 161.0
87 6 183.0 11.0
52 40 128.0 192.0
24 67 117.0 160.0
31 55 3.0 7.0
33 60 84.0 38.0
45 47 131.0 6.0
87 5 48.0 95.0
94 69 164.0 141.0
43 49 82.0 99.0
49 41 131.0 162.0
2 89 3.0 0.0
38 54 131.0 7.0
8 81 44.0 167.0
44 48 130.0 176.0
14 79 181.0 178.0
32 85 138.0 145.0
53 39 173.0 172.0
66 26 124.0 56.0
91 3 195.0 128.0
37 55 192.0 78.0
61 31 191.0 188.0
85 82 22.0 121.0
45 52 122.0 155.0
27 64 145.0 60.0
92 1 186.0 71.0
63 68 81.0 111.0
23 69 151.0 28.0
84 22 162.0 143.0
15 78 123.0 106.0
84 10 92.0 145.0
27 91 153.0 14.0
18 75 50.0 51.0
36 55 84.0 188.0
66 22 89.0 117.0
65 29 168.0 41.0
16 76 156.0 83.0
81 17 21.0 79.0
86 22 103.0 65.0
33 59 133.0 9.0
65 28 70.0 183.0
38 56 87.0 106.0
79 77 65.0 177.0
51 44 78.0 186.0
92 62 127.0 187.0
78 64 34.0 100.0
38 55 175.0 138.0
51 43 103.0 108.0
45 49 93.0 125.0
26 67 142.0 180.0
42 52 34.0 159.0
11 84 186.0 112.0
71 23 32.0 113.0
58 35 169.0 67.0
94 1 78.0 96.0
56 35 15.0 133.0
19 75 119.0 108.0
63 31 51.0 13.0
10 82 29.0 85.0
81 11 141.0 15.0
36 58 175.0 125.0
37 57 127.0 144.0
15 76 157.0 6.0
33 61 150.0 172.0
48 43 193.0 69.0
79 31 175.0 44.0
49 67 30.0 4.0
86 2 136.0 123.0
89 50 146.0 111.0
39 31 47.0 73.0
54 41 197.0 4.0
14 78 121.0 99.0
67 29 138.0 115.0
65 30 115.0 113.0
45 51 80.0 146.0
63 33 38.0 16.0
6 85 64.0 184.0
24 70 37.0 111.0
20 73 164.0 186.0
34 62 62.0 86.0
42 53 113.0 0.0
62 33 113.0 29.0
26 68 122.0 193.0
64 30 19.0 160.0
66 29 30.0 35.0
41 53 148.0 68.0
81 15 66.0 113.0
8 87 50.0 128.0
77 17 72.0 115.0
67 25 178.0 186.0
42 54 20.0 52.0
2 94 133.0 191.0
78 16 17.0 164.0
90 10 41.0 165.0
53 40 82.0 107.0
48 41 85.0 132.0
66 23 166.0 158.0
78 17 168.0 97.0
49 46 16.0 140.0
48 47 72.0 102.0
72 24 33.0 41.0
12 84 40.0 74.0
86 60 67.0 123.0
75 20 141.0 152.0
34 61 104.0 60.0
2 92 82.0 72.0
56 40 21.0 50.0
66 45 4.0 45.0
13 80 172.0 37.0
14 80 131.0 165.0
70 26 71.0 198.0
32 65 159.0 164.0
71 80 172.0 63.0
7 88 40.0 6.0
60 35 98.0 61.0
13 79 35.0 54.0
36 60 191.0 160.0
72 25 104.0 123.0
15 89 68.0 175.0
22 74 94.0 27.0
29 68 97.0 66.0
40 57 84.0 89.0
27 70 49.0 134.0
34 59 106.0 37.0
16 81 138.0 98.0
27 69 95.0 42.0
28 69 127.0 115.0
91 5 176.0 21.0
58 40 171.0 74.0
86 36 199.0 55.0
24 91 179.0 1.0
7 87 162.0 37.0
50 44 13.0 52.0
70 12 11.0 108.0
21 76 123.0 90.0
10 85 160.0 100.0
30 58 69.0 131.0
79 17 11.0 20.0
11 87 11.0 190.0
30 51 46.0 125.0
50 48 80.0 11.0
82 22 86.0 43.0
9 88 117.0 161.0
78 18 2.0 77.0
15 86 181.0 71.0
40 54 179.0 144.0
95 2 76.0 142.0
87 10 86.0 123.0
6 90 19.0 166.0
3 93 5.0 105.0
28 70 194.0 74.0
51 75 20.0 148.0
11 86 115.0 153.0
79 73 128.0 95.0
11 85 3.0 156.0
77 21 5.0 90.0
78 20 76.0 25.0
64 15 168.0 81.0
38 59 182.0 115.0
93 5 76.0 154.0
48 46 98.0 191.0
82 39 141.0 178.0
7 92 37.0 96.0
77 67 84.0 194.0
60 39 165.0 160.0
93 67 3.0 133.0
84 16 160.0 137.0
78 42 147.0 36.0
66 31 107.0 45.0
52 46 198.0 0.0
30 63 75.0 187.0
69 42 78.0 159.0
29 90 7.0 43.0
94 4 61.0 10.0
31 65 41.0 21.0
74 25 142.0 140.0
75 23 110.0 49.0
78 27 21.0 60.0
75 21 180.0 49.0
69 56 86.0 10.0
60 37 144.0 93.0
57 38 63.0 5.0
39 58 147.0 56.0
65 77 80.0 89.0
9 86 197.0 142.0
7 91 188.0 170.0
70 29 135.0 121.0
30 59 12.0 173.0
26 72 23.0 108.0
53 45 29.0 86.0
22 76 136.0 176.0
94 5 175.0 168.0
88 4 150.0 124.0
77 20 68.0 91.0
67 33 198.0 155.0
74 23 184.0 162.0
64 35 173.0 159.0
44 55 133.0 155.0
84 14 133.0 69.0
49 68 112.0 60.0
75 25 13.0 63.0
57 42 97.0 33.0
13 85 117.0 95.0
66 33 121.0 54.0
38 61 16.0 46.0
66 35 54.0 149.0
93 6 42.0 188.0
85 24 58.0 154.0
32 67 64.0 23.0
16 83 97.0 161.0
59 40 170.0 15.0
36 64 144.0 43.0
29 71 149.0 112.0
37 63 184.0 4.0
34 63 94.0 26.0
75 24 129.0 153.0
62 37 178.0 193.0
22 69 86.0 75.0
59 39 131.0 8.0
74 88 2.0 28.0
73 27 41.0 151.0
41 59 41.0 26.0
65 33 148.0 88.0
26 74 88.0 77.0
46 53 58.0 66.0
75 44 196.0 96.0
44 71 151.0 127.0
42 58 3.0 105.0
69 31 106.0 196.0
82 18 120.0 99.0
78 19 12.0 20.0
76 88 54.0 52.0
61 81 2.0 64.0
67 30 52.0 198.0
46 55 127.0 155.0
85 14 185.0 82.0
34 67 138.0 43.0
94 20 80.0 58.0
23 81 14.0 44.0
25 76 0.0 68.0
8 90 83.0 154.0
95 5 64.0 87.0
53 44 119.0 143.0
92 6 126.0 56.0
74 24 108.0 16.0
36 65 179.0 140.0
48 53 185.0 194.0
42 65 105.0 138.0
75 28 97.0 141.0
78 29 131.0 161.0
76 24 79.0 2.0
47 74 89.0 157.0
7 93 6.0 197.0
15 84 58.0 186.0
75 22 165.0 44.0
81 19 198.0 70.0
87 17 175.0 95.0
18 81 15.0 106.0
3 94 99.0 95.0
94 80 179.0 188.0
45 55 179.0 186.0
70 31 6.0 38.0
19 45 154.0 123.0
47 54 194.0 152.0
33 69 149.0 170.0
88 13 74.0 117.0
93 28 7.0 173.0
83 17 147.0 187.0
43 57 30.0 78.0
38 64 57.0 189.0
78 53 22.0 11.0
87 57 16.0 169.0
65 35 125.0 117.0
90 40 8.0 199.0
22 79 167.0 16.0
12 91 41.0 66.0
78 24 129.0 72.0
51 46 67.0 186.0
63 40 32.0 42.0
81 14 133.0 0.0
17 84 173.0 58.0
40 62 54.0 182.0
70 30 125.0 173.0
86 67 185.0 119.0
94 92 53.0 114.0
36 59 129.0 120.0
73 28 171.0 113.0
75 26 27.0 104.0
79 56 39.0 153.0
83 56 164.0 45.0
73 29 142.0 41.0
2 85 50.0 127.0
55 40 107.0 103.0
38 65 150.0 37.0
85 17 16.0 121.0
70 20 151.0 195.0
25 78 122.0 142.0
32 70 72.0 38.0
47 55 73.0 14.0
93 57 47.0 75.0
58 45 179.0 155.0
89 4 197.0 82.0
52 50 14.0 165.0
54 45 26.0 165.0
92 50 97.0 100.0
34 65 109.0 169.0
61 39 162.0 134.0
87 15 12.0 161.0
91 6 48.0 143.0
90 13 11.0 197.0
30 73 162.0 25.0
7 94 137.0 189.0
84 21 153.0 186.0
14 87 150.0 63.0
36 67 169.0 112.0
74 27 100.0 181.0
18 85 106.0 148.0
62 38 179.0 117.0
9 92 137.0 142.0
19 82 144.0 26.0
8 95 104.0 98.0
47 67 13.0 54.0
36 79 70.0 182.0
90 50 86.0 170.0
20 83 191.0 144.0
77 27 30.0 123.0
59 31 51.0 119.0
66 58 24.0 195.0
89 11 183.0 129.0
32 72 69.0 148.0
21 81 198.0 91.0
27 72 88.0 36.0
83 19 101.0 31.0
41 64 55.0 83.0
93 10 71.0 58.0
16 85 162.0 48.0
34 70 162.0 98.0
72 33 118.0 183.0
66 38 128.0 116.0
95 4 20.0 168.0
84 19 31.0 121.0
89 16 78.0 87.0
60 44 11.0 101.0
44 65 155.0 126.0
14 86 143.0 117.0
73 31 104.0 13.0
8 94 61.0 184.0
52 53 71.0 81.0
36 69 11.0 103.0
76 29 23.0 41.0
84 13 191.0 35.0
25 81 123.0 98.0
67 27 111.0 66.0
25 79 145.0 167.0
84 58 148.0 158.0
83 23 162.0 19.0
46 56 11.0 125.0
55 83 104.0 34.0
71 34 154.0 47.0
74 31 23.0 77.0
61 42 83.0 87.0
28 76 40.0 180.0
93 13 15.0 140.0
72 31 29.0 129.0
52 61 51.0 40.0
48 88 84.0 107.0
89 30 135.0 38.0
89 17 115.0 110.0
38 67 42.0 150.0
28 71 114.0 83.0
18 84 151.0 82.0
26 79 74.0 180.0
40 66 192.0 77.0
51 56 0.0 28.0
91 28 141.0 87.0
86 74 50.0 8.0
78 71 103.0 93.0
81 24 60.0 170.0
58 48 191.0 11.0
87 19 186.0 65.0
80 21 21.0 178.0
69 70 168.0 173.0
82 24 113.0 61.0
73 32 6.0 115.0
37 71 123.0 62.0
76 27 192.0 183.0
67 21 3.0 135.0
55 49 160.0 189.0
33 73 76.0 181.0
38 68 57.0 196.0
37 68 74.0 122.0
56 93 113.0 33.0
71 91 38.0 36.0
67 41 115.0 182.0
43 63 57.0 70.0
69 34 67.0 17.0
92 16 163.0 143.0
86 21 120.0 172.0
51 54 130.0 147.0
80 25 33.0 43.0
36 71 58.0 24.0
81 13 17.0 125.0
18 76 97.0 27.0
84 23 43.0 117.0
72 36 100.0 6.0
55 52 4.0 172.0
28 74 60.0 87.0
64 44 182.0 45.0
5 27 165.0 192.0
37 70 56.0 134.0
80 26 176.0 153.0
67 61 153.0 20.0
24 84 139.0 5.0
44 62 85.0 143.0
35 91 52.0 97.0
86 76 179.0 187.0
43 45 96.0 144.0
47 86 18.0 152.0
9 93 150.0 146.0
39 69 163.0 103.0
87 20 158.0 102.0
84 27 86.0 43.0
66 77 45.0 139.0
49 59 104.0 24.0
63 45 10.0 1.0
57 50 95.0 180.0
62 58 92.0 45.0
87 21 46.0 7.0
76 43 197.0 4.0
95 11 40.0 36.0
91 18 129.0 38.0
26 93 14.0 33.0
35 73 38.0 177.0
86 48 103.0 133.0
16 88 34.0 195.0
25 84 142.0 80.0
77 31 77.0 91.0
52 49 178.0 69.0
58 53 11.0 107.0
20 88 9.0 178.0
80 56 171.0 47.0
73 36 101.0 74.0
44 61 196.0 87.0
36 74 194.0 90.0
35 69 193.0 23.0
83 24 19.0 123.0
37 74 26.0 183.0
89 22 106.0 35.0
91 95 84.0 77.0
84 59 132.0 137.0
60 52 102.0 128.0
61 47 4.0 48.0
59 51 68.0 150.0
26 85 68.0 88.0
92 17 83.0 46.0
59 45 108.0 189.0
42 64 185.0 192.0
53 56 47.0 117.0
94 53 106.0 101.0
83 63 22.0 63.0
24 89 41.0 91.0
46 63 46.0 61.0
42 67 194.0 129.0
34 73 7.0 102.0
15 93 10.0 144.0
78 6 139.0 9.0
29 81 81.0 197.0
84 20 90.0 104.0
31 71 16.0 131.0
33 74 184.0 62.0
83 88 145.0 130.0
68 43 55.0 104.0
84 26 111.0 17.0
70 41 25.0 2.0
90 22 5.0 106.0
54 50 37.0 47.0
28 82 139.0 5.0
82 30 80.0 75.0
24 87 26.0 25.0
66 42 20.0 81.0
37 69 193.0 83.0
62 45 117.0 170.0
18 93 48.0 74.0
57 74 52.0 38.0
40 70 31.0 144.0
66 46 75.0 111.0
46 64 166.0 102.0
32 77 148.0 138.0
94 18 14.0 93.0
83 26 95.0 83.0
94 73 186.0 143.0
83 29 186.0 39.0
91 22 88.0 17.0
43 69 131.0 164.0
64 59 185.0 50.0
61 69 91.0 85.0
21 88 20.0 106.0
74 52 37.0 115.0
29 77 81.0 23.0
38 74 169.0 19.0
6 66 56.0 10.0
55 57 188.0 187.0
56 52 1.0 174.0
67 45 92.0 45.0
94 14 183.0 64.0
32 80 95.0 172.0
17 94 39.0 129.0
78 35 64.0 161.0
13 95 157.0 72.0
56 59 145.0 98.0
48 61 131.0 98.0
61 50 25.0 175.0
94 15 43.0 161.0
39 73 170.0 138.0
77 28 148.0 10.0
93 22 57.0 164.0
95 32 143.0 166.0
23 85 48.0 40.0
18 92 124.0 131.0
69 45 32.0 149.0
10 95 125.0 75.0
85 27 181.0 96.0
50 65 153.0 129.0
47 69 123.0 162.0
50 62 177.0 18.0
93 21 34.0 177.0
76 70 134.0 158.0
62 52 65.0 119.0
31 82 70.0 191.0
38 76 50.0 51.0
47 65 126.0 155.0
37 75 156.0 1.0
83 62 192.0 85.0
71 43 33.0 26.0
19 94 91.0 120.0
92 40 118.0 108.0
71 82 50.0 140.0
32 79 187.0 100.0
32 82 103.0 65.0
66 59 124.0 11.0
66 48 122.0 117.0
65 49 34.0 108.0
93 54 180.0 125.0
57 60 4.0 50.0
83 33 127.0 54.0
10 75 10.0 67.0
91 25 39.0 113.0
76 39 44.0 164.0
87 23 82.0 119.0
75 42 112.0 68.0
73 40 74.0 92.0
12 90 168.0 78.0
79 35 18.0 47.0
44 66 57.0 180.0
81 31 54.0 97.0
92 23 93.0 98.0
37 88 126.0 127.0
67 94 3.0 39.0
92 22 176.0 77.0
18 95 110.0 144.0
42 71 88.0 80.0
20 93 9.0 146.0
36 80 178.0 15.0
84 95 6.0 23.0
81 37 80.0 132.0
63 52 96.0 35.0
53 86 185.0 73.0
71 33 70.0 47.0
55 61 124.0 158.0
16 94 150.0 85.0
87 28 59.0 80.0
55 60 50.0 65.0
63 49 58.0 82.0
53 64 80.0 106.0
59 55 108.0 65.0
72 43 62.0 178.0
89 49 85.0 138.0
56 60 196.0 187.0
43 74 92.0 56.0
60 58 131.0 94.0
37 77 49.0 141.0
46 71 182.0 81.0
69 48 128.0 90.0
46 70 157.0 142.0
90 21 53.0 194.0
58 59 182.0 50.0
61 54 174.0 26.0
40 74 59.0 57.0
75 41 96.0 108.0
93 25 24.0 78.0
37 76 4.0 152.0
63 71 1.0 113.0
72 46 185.0 6.0
78 41 196.0 167.0
59 57 150.0 122.0
42 76 115.0 9.0
49 66 174.0 163.0
84 34 3.0 199.0
30 87 7.0 7.0
39 78 78.0 160.0
70 48 79.0 63.0
75 38 41.0 75.0
95 19 193.0 191.0
77 44 105.0 108.0
89 27 32.0 79.0
52 54 132.0 35.0
92 25 84.0 91.0
62 55 104.0 163.0
40 79 144.0 183.0
74 44 88.0 138.0
84 33 183.0 81.0
33 81 151.0 88.0
38 80 182.0 135.0
54 65 132.0 66.0
40 72 88.0 17.0
73 68 82.0 145.0
23 91 71.0 178.0
43 75 146.0 112.0
20 92 128.0 130.0
12 87 100.0 31.0
56 90 41.0 82.0
34 85 110.0 125.0
55 63 123.0 151.0
82 62 137.0 157.0
64 56 115.0 160.0
35 83 154.0 14.0
51 68 153.0 82.0
76 45 109.0 5.0
46 74 178.0 150.0
82 33 151.0 88.0
87 33 148.0 74.0
63 51 168.0 37.0
88 32 74.0 35.0
44 78 192.0 28.0
94 25 12.0 97.0
69 49 64.0 73.0
73 45 34.0 42.0
92 26 172.0 185.0
71 49 18.0 73.0
35 85 113.0 186.0
86 24 35.0 139.0
52 66 16.0 27.0
39 45 62.0 180.0
28 90 73.0 79.0
87 32 31.0 108.0
65 58 135.0 155.0
76 44 51.0 153.0
73 48 151.0 164.0
54 67 135.0 138.0
59 60 6.0 152.0
51 66 174.0 21.0
47 71 118.0 48.0
39 84 82.0 149.0
67 50 10.0 17.0
91 63 128.0 62.0
94 39 125.0 32.0
62 59 58.0 13.0
40 81 35.0 17.0
44 68 139.0 10.0
37 79 15.0 58.0
84 60 71.0 97.0
30 92 54.0 82.0
81 36 153.0 134.0
63 54 109.0 31.0
32 90 177.0 167.0
37 90 162.0 13.0
85 37 16.0 102.0
52 68 55.0 32.0
74 48 192.0 126.0
44 79 88.0 198.0
87 58 83.0 42.0
23 95 188.0 192.0
81 42 30.0 117.0
52 72 22.0 192.0
95 82 194.0 39.0
34 88 134.0 1.0
65 89 52.0 126.0
92 32 49.0 141.0
75 47 59.0 132.0
58 63 29.0 199.0
88 75 35.0 59.0
67 72 161.0 58.0
94 27 8.0 107.0
57 52 176.0 94.0
80 23 181.0 29.0
71 52 9.0 30.0
51 61 17.0 68.0
24 95 130.0 198.0
88 30 40.0 165.0
20 81 110.0 153.0
29 91 48.0 119.0
43 79 15.0 25.0
46 69 186.0 196.0
94 30 89.0 195.0
87 37 188.0 58.0
84 40 125.0 118.0
57 67 173.0 117.0
21 94 187.0 84.0
69 53 110.0 36.0
92 34 58.0 125.0
60 64 99.0 45.0
77 48 98.0 140.0
61 60 44.0 38.0
44 80 119.0 169.0
70 55 154.0 44.0
72 49 50.0 142.0
45 80 108.0 160.0
77 68 10.0 166.0
30 95 115.0 61.0
43 78 12.0 165.0
77 76 157.0 9.0
45 79 54.0 28.0
38 81 31.0 161.0
89 35 92.0 33.0
57 65 24.0 0.0
92 33 45.0 186.0
63 62 190.0 112.0
90 35 55.0 155.0
60 66 47.0 164.0
68 57 64.0 53.0
77 50 121.0 47.0
49 75 150.0 14.0
80 42 9.0 126.0
33 90 120.0 6.0
87 40 15.0 62.0
37 84 35.0 70.0
42 82 76.0 34.0
84 41 43.0 140.0
95 27 123.0 116.0
61 59 95.0 26.0
39 79 134.0 56.0
37 89 128.0 6.0
78 55 183.0 144.0
67 58 20.0 18.0
42 83 179.0 96.0
67 62 97.0 174.0
47 77 44.0 21.0
79 47 70.0 91.0
72 93 120.0 157.0
87 44 93.0 1.0
52 73 71.0 28.0
29 89 16.0 91.0
27 93 93.0 196.0
86 16 102.0 191.0
69 60 139.0 98.0
57 66 66.0 9.0
94 33 49.0 187.0
65 60 18.0 142.0
81 45 100.0 89.0
68 55 170.0 117.0
42 84 150.0 16.0
78 50 153.0 53.0
88 40 38.0 44.0
38 87 181.0 56.0
86 38 158.0 31.0
34 87 172.0 176.0
84 45 168.0 73.0
59 68 174.0 91.0
25 95 98.0 124.0
73 54 93.0 3.0
39 87 174.0 131.0
87 41 177.0 107.0
32 57 70.0 135.0
36 89 16.0 43.0
44 83 32.0 184.0
88 41 121.0 158.0
46 78 104.0 19.0
48 75 45.0 197.0
81 48 75.0 171.0
34 90 155.0 4.0
63 66 137.0 25.0
76 41 132.0 153.0
59 67 50.0 116.0
41 86 3.0 171.0
83 46 73.0 108.0
78 47 140.0 70.0
34 89 6.0 168.0
43 80 144.0 113.0
91 38 67.0 81.0
95 87 199.0 151.0
92 59 193.0 50.0
49 80 3.0 196.0
52 78 186.0 76.0
63 64 100.0 127.0
93 39 115.0 58.0
77 45 35.0 59.0
53 75 172.0 54.0
53 76 3.0 172.0
81 49 120.0 148.0
72 58 64.0 124.0
81 46 115.0 50.0
42 86 142.0 167.0
72 55 100.0 57.0
47 82 114.0 135.0
76 54 137.0 86.0
60 71 174.0 93.0
51 78 132.0 94.0
87 43 92.0 148.0
55 75 174.0 159.0
78 26 8.0 68.0
84 38 61.0 108.0
89 38 157.0 175.0
73 49 38.0 46.0
43 86 160.0 12.0
84 52 23.0 92.0
89 40 0.0 67.0
27 92 23.0 126.0
68 64 66.0 31.0
77 54 123.0 127.0
95 37 130.0 80.0
54 90 44.0 168.0
85 44 55.0 156.0
17 93 115.0 79.0
79 53 184.0 67.0
57 73 183.0 7.0
74 58 20.0 50.0
82 49 75.0 144.0
48 87 52.0 157.0
59 75 26.0 96.0
83 50 95.0 33.0
36 82 47.0 163.0
87 73 88.0 183.0
91 40 124.0 72.0
72 59 169.0 144.0
34 80 35.0 196.0
56 74 24.0 39.0
60 67 87.0 2.0
74 42 97.0 134.0
89 45 63.0 96.0
51 80 160.0 152.0
48 83 109.0 84.0
57 76 5.0 30.0
46 85 190.0 193.0
48 71 113.0 166.0
55 79 12.0 0.0
55 69 105.0 109.0
60 72 16.0 121.0
80 53 13.0 176.0
75 52 3.0 122.0
75 60 117.0 8.0
70 63 13.0 59.0
84 47 106.0 126.0
42 93 0.0 70.0
38 77 148.0 57.0
57 79 127.0 164.0
70 65 156.0 140.0
69 62 1.0 159.0
50 71 96.0 118.0
51 73 59.0 109.0
51 82 151.0 165.0
58 8 182.0 103.0
77 57 8.0 130.0
38 94 46.0 136.0
37 92 148.0 3.0
86 49 9.0 149.0
59 74 60.0 106.0
43 94 105.0 71.0
58 78 172.0 8.0
49 79 95.0 154.0
84 50 67.0 104.0
59 79 79.0 65.0
45 93 111.0 27.0
54 80 73.0 73.0
62 74 49.0 85.0
45 71 5.0 155.0
49 83 74.0 130.0
34 95 3.0 170.0
35 94 13.0 22.0
69 65 38.0 93.0
57 72 195.0 102.0
79 46 101.0 20.0
92 46 156.0 150.0
61 77 161.0 114.0
94 95 0.0 35.0
64 65 58.0 155.0
84 88 153.0 23.0
62 71 76.0 144.0
76 58 190.0 23.0
69 67 79.0 43.0
64 72 13.0 187.0
61 76 176.0 126.0
69 68 130.0 128.0
82 55 6.0 140.0
70 68 28.0 160.0
60 78 21.0 105.0
62 73 27.0 163.0
73 66 74.0 106.0
88 47 154.0 39.0
52 85 44.0 130.0
82 57 150.0 174.0
90 47 105.0 108.0
68 67 62.0 134.0
92 43 178.0 35.0
76 59 148.0 5.0
42 95 59.0 22.0
79 52 56.0 14.0
81 59 10.0 100.0
75 54 48.0 112.0
95 39 75.0 154.0
85 55 118.0 89.0
88 49 6.0 96.0
32 83 134.0 154.0
76 65 26.0 146.0
80 35 74.0 82.0
49 87 115.0 37.0
90 49 159.0 164.0
60 79 116.0 35.0
85 57 197.0 34.0
65 72 179.0 3.0
29 72 102.0 66.0
95 83 134.0 128.0
89 52 84.0 160.0
75 63 164.0 0.0
94 45 77.0 75.0
66 70 152.0 193.0
68 71 92.0 149.0
83 85 198.0 71.0
82 60 157.0 52.0
80 52 129.0 91.0
47 94 98.0 14.0
85 49 156.0 14.0
93 46 172.0 34.0
74 66 139.0 124.0
89 53 173.0 31.0
56 86 48.0 123.0
61 73 149.0 5.0
86 40 157.0 79.0
84 46 110.0 55.0
46 94 45.0 67.0
84 48 110.0 17.0
89 44 95.0 1.0
44 95 151.0 20.0
53 82 87.0 199.0
51 89 181.0 188.0
61 79 11.0 138.0
48 93 27.0 121.0
95 51 124.0 72.0
91 42 130.0 35.0
52 86 156.0 177.0
83 57 164.0 60.0
63 80 166.0 51.0
31 95 174.0 147.0
92 48 75.0 185.0
63 76 196.0 103.0
90 53 97.0 120.0
36 95 7.0 179.0
49 94 21.0 116.0
95 40 152.0 185.0
60 83 156.0 118.0
70 73 190.0 130.0
92 38 188.0 66.0
49 95 126.0 184.0
48 90 169.0 23.0
49 91 12.0 129.0
58 85 169.0 185.0
48 94 160.0 122.0
76 83 90.0 116.0
65 79 168.0 80.0
71 70 42.0 157.0
91 50 116.0 120.0
92 51 19.0 37.0
86 61 161.0 183.0
94 50 136.0 83.0
81 66 2.0 49.0
69 75 111.0 44.0
81 56 79.0 32.0
57 90 90.0 73.0
88 54 89.0 158.0
75 71 92.0 60.0
86 59 78.0 54.0
75 61 160.0 14.0
52 88 195.0 114.0
72 68 145.0 59.0
76 72 105.0 177.0
86 58 170.0 148.0
88 60 38.0 59.0
74 69 169.0 131.0
95 55 135.0 47.0
83 59 72.0 47.0
76 51 10.0 19.0
92 55 154.0 107.0
75 68 105.0 59.0
91 51 83.0 76.0
93 44 72.0 122.0
60 94 178.0 41.0
79 66 168.0 65.0
89 60 35.0 192.0
89 54 146.0 45.0
76 55 163.0 100.0
47 93 76.0 21.0
84 62 89.0 159.0
88 57 95.0 161.0
54 94 180.0 25.0
81 65 1.0 100.0
78 63 30.0 188.0
82 67 98.0 176.0
91 55 127.0 13.0
51 90 11.0 3.0
51 88 20.0 52.0
50 95 138.0 67.0
54 95 68.0 71.0
55 84 92.0 21.0
67 83 72.0 74.0
20 91 133.0 122.0
88 56 123.0 12.0
84 67 109.0 86.0
76 69 134.0 81.0
69 82 176.0 24.0
73 77 82.0 44.0
82 59 83.0 126.0
77 71 23.0 107.0
86 85 139.0 109.0
55 89 142.0 62.0
81 69 75.0 4.0
65 85 143.0 9.0
82 66 84.0 120.0
55 86 148.0 118.0
65 87 162.0 183.0
71 76 104.0 138.0
74 76 139.0 195.0
75 78 113.0 34.0
85 62 46.0 188.0
86 70 118.0 142.0
78 48 64.0 154.0
68 76 113.0 12.0
90 65 18.0 27.0
79 70 60.0 75.0
68 84 189.0 151.0
57 70 39.0 102.0
92 60 107.0 38.0
75 77 175.0 177.0
68 85 172.0 39.0
79 67 26.0 37.0
83 71 187.0 196.0
74 63 3.0 47.0
70 82 126.0 192.0
87 68 168.0 166.0
93 59 130.0 27.0
87 62 130.0 57.0
64 90 92.0 102.0
79 71 99.0 70.0
65 88 43.0 38.0
92 66 136.0 46.0
75 79 77.0 14.0
61 83 78.0 197.0
79 78 72.0 8.0
77 82 116.0 154.0
84 72 15.0 160.0
60 95 10.0 66.0
84 69 90.0 5.0
83 64 132.0 178.0
78 77 183.0 161.0
94 62 62.0 62.0
93 64 164.0 86.0
81 79 155.0 80.0
83 66 151.0 171.0
83 72 22.0 113.0
75 84 37.0 65.0
58 93 69.0 121.0
63 82 114.0 52.0
57 91 177.0 128.0
89 69 177.0 141.0
57 92 9.0 85.0
60 93 139.0 160.0
88 73 92.0 162.0
67 90 18.0 81.0
93 61 163.0 87.0
63 94 128.0 29.0
60 46 143.0 105.0
73 84 83.0 73.0
75 82 138.0 92.0
17 95 115.0 77.0
84 78 126.0 159.0
66 88 145.0 145.0
80 74 82.0 60.0
90 71 83.0 162.0
93 69 25.0 178.0
71 87 191.0 60.0
94 51 183.0 81.0
58 91 92.0 51.0
91 53 24.0 171.0
49 93 199.0 169.0
73 89 81.0 81.0
82 79 124.0 164.0
95 69 33.0 102.0
84 80 11.0 24.0
84 77 81.0 195.0
85 81 70.0 174.0
90 74 12.0 94.0
73 92 121.0 11.0
75 86 172.0 2.0
67 92 55.0 48.0
58 79 159.0 89.0
92 72 132.0 122.0
93 73 43.0 14.0
70 91 124.0 113.0
85 61 106.0 88.0
95 74 77.0 27.0
86 69 89.0 1.0
77 85 161.0 144.0
69 92 17.0 120.0
72 85 126.0 149.0
72 75 180.0 169.0
73 85 196.0 104.0
78 40 73.0 54.0
76 87 92.0 102.0
90 72 12.0 133.0
68 90 8.0 126.0
91 81 114.0 177.0
85 79 106.0 192.0
66 90 154.0 86.0
82 81 92.0 102.0
75 90 81.0 117.0
77 81 55.0 125.0
95 72 35.0 67.0
87 82 151.0 43.0
81 92 137.0 17.0
87 69 46.0 43.0
88 77 117.0 0.0
91 78 61.0 161.0
59 71 51.0 95.0
64 86 77.0 106.0
81 72 119.0 112.0
76 95 15.0 70.0
81 83 132.0 152.0
75 95 170.0 179.0
61 78 109.0 87.0
87 90 198.0 122.0
85 88 130.0 1.0
64 92 21.0 7.0
86 65 160.0 92.0
77 95 59.0 175.0
79 80 49.0 191.0
91 87 113.0 19.0
77 86 192.0 22.0
84 93 138.0 143.0
73 95 104.0 68.0
93 78 45.0 77.0
57 89 76.0 5.0
90 91 84.0 135.0
93 76 143.0 85.0
82 89 7.0 56.0
92 70 76.0 152.0
95 81 88.0 14.0
66 94 51.0 192.0
91 82 111.0 96.0
66 95 73.0 188.0
51 74 197.0 109.0
91 77 156.0 92.0
94 81 68.0 115.0
94 87 104.0 145.0
91 79 162.0 193.0
90 92 111.0 13.0
84 65 149.0 23.0
92 88 149.0 175.0
93 91 193.0 146.0
84 85 185.0 101.0
89 81 20.0 6.0
88 68 6.0 124.0
95 85 64.0 168.0
85 60 166.0 176.0
89 79 7.0 67.0
84 86 104.0 156.0
86 91 62.0 49.0
95 93 86.0 199.0
83 90 11.0 106.0
83 73 75.0 17.0
72 89 59.0 139.0
70 94 116.0 177.0
21 37 36.0 123.0
91 89 70.0 93.0
83 89 35.0 84.0
77 93 68.0 121.0
71 95 198.0 79.0
90 85 63.0 73.0
94 91 58.0 75.0
79 92 2.0 174.0
82 80 41.0 39.0
75 83 120.0 63.0
53 93 71.0 155.0
88 81 121.0 91.0
95 86 20.0 71.0
62 89 109.0 35.0
95 89 141.0 168.0
87 77 116.0 143.0
86 92 74.0 109.0
79 69 93.0 147.0
86 17 105.0 116.0
93 86 92.0 178.0
92 83 53.0 112.0
78 90 7.0 163.0
68 93 29.0 100.0
58 73 18.0 98.0
91 80 197.0 44.0
86 83 157.0 42.0
27 40 81.0 14.0
79 94 49.0 174.0
73 67 93.0 102.0
2 3 53.0 101.0
78 82 126.0 82.0
17 82 32.0 96.0
87 54 176.0 181.0
61 84 34.0 86.0
76 64 100.0 115.0
64 80 88.0 149.0
88 87 170.0 182.0
94 86 169.0 175.0
95 90 90.0 47.0
77 60 186.0 122.0
3 86 72.0 163.0
89 77 11.0 106.0
94 93 195.0 111.0
23 89 47.0 35.0
64 66 37.0 169.0
70 87 97.0 6.0
78 89 97.0 187.0
93 89 185.0 84.0
92 65 146.0 57.0
74 94 53.0 109.0
87 75 56.0 0.0
83 93 1.0 55.0
58 89 114.0 38.0
73 71 76.0 163.0
89 90 152.0 126.0
93 88 31.0 90.0
69 91 65.0 129.0
95 68 8.0 118.0
71 66 197.0 16.0
77 80 16.0 150.0
87 92 121.0 82.0
91 36 93.0 149.0
66 62 110.0 197.0
87 89 54.0 93.0
89 86 106.0 71.0
80 95 24.0 114.0
0
