90 4005 74 17 725824
89 8 100.0 44.0
11 35 159.0 68.0
44 71 30.0 49.0
21 84 85.0 121.0
23 15 138.0 110.0
54 13 85.0 163.0
13 74 41.0 190.0
39 43 168.0 117.0
6 3 142.0 68.0
9 80 101.0 101.0
60 63 1.0 132.0
56 36 28.0 86.0
12 47 4.0 118.0
21 82 34.0 89.0
65 23 124.0 76.0
65 86 66.0 92.0
8 82 195.0 160.0
71 22 11.0 97.0
11 2 181.0 12.0
9 89 79.0 161.0
7 82 46.0 36.0
35 68 150.0 33.0
90 32 184.0 74.0
27 60 114.0 2.0
51 74 82.0 61.0
57 41 92.0 93.0
14 88 181.0 26.0
86 90 153.0 13.0
82 50 35.0 151.0
27 25 36.0 138.0
56 45 52.0 172.0
14 27 163.0 118.0
62 90 18.0 197.0
3 63 85.0 110.0
60 79 6.0 19.0
79 3 199.0 159.0
52 74 159.0 186.0
8 67 93.0 147.0
22 42 124.0 97.0
31 6 191.0 40.0
57 78 188.0 161.0
13 85 131.0 26.0
73 36 140.0 90.0
38 82 110.0 91.0
65 21 112.0 21.0
87 80 147.0 157.0
83 77 142.0 24.0
82 75 119.0 134.0
24 16 85.0 60.0
10 67 184.0 169.0
64 30 160.0 124.0
73 69 77.0 22.0
89 74 56.0 189.0
25 89 157.0 156.0
75 41 77.0 99.0
77 64 49.0 148.0
42 29 152.0 87.0
57 39 129.0 136.0
30 34 31.0 41.0
12 76 131.0 108.0
60 50 23.0 187.0
48 44 51.0 180.0
84 13 71.0 80.0
38 20 98.0 73.0
48 11 36.0 3.0
49 72 187.0 117.0
15 22 85.0 18.0
7 20 185.0 168.0
69 67 76.0 161.0
20 84 175.0 79.0
6 41 95.0 46.0
60 10 178.0 145.0
72 9 151.0 14.0
81 65 96.0 90.0
86 30 121.0 182.0
11 41 68.0 59.0
69 13 158.0 96.0
6 87 143.0 85.0
89 84 77.0 38.0
56 24 186.0 7.0
85 5 124.0 90.0
69 21 53.0 20.0
12 85 181.0 126.0
88 56 115.0 50.0
68 77 175.0 25.0
35 13 162.0 118.0
7 39 53.0 191.0
62 50 175.0 191.0
16 12 183.0 51.0
33 43 55.0 188.0
89 45 187.0 37.0
63 90 9.0 103.0
38 11 12.0 184.0
76 45 193.0 126.0
83 81 6.0 46.0
2 88 146.0 181.0
62 36 85.0 129.0
40 80 187.0 140.0
34 88 35.0 175.0
49 71 106.0 197.0
43 44 157.0 118.0
89 7 102.0 150.0
87 9 39.0 108.0
59 3 9.0 185.0
38 37 188.0 46.0
26 17 119.0 127.0
67 85 84.0 106.0
65 34 99.0 190.0
40 51 177.0 8.0
20 2 27.0 31.0
10 11 197.0 67.0
65 3 113.0 158.0
40 15 6.0 101.0
84 49 11.0 77.0
44 75 119.0 95.0
70 29 28.0 170.0
41 70 59.0 157.0
71 60 101.0 87.0
32 65 167.0 51.0
29 40 77.0 80.0
17 4 61.0 84.0
14 52 148.0 72.0
88 38 137.0 68.0
28 61 8.0 117.0
40 66 11.0 67.0
87 37 97.0 113.0
11 5 171.0 16.0
6 77 43.0 48.0
42 35 94.0 104.0
49 37 47.0 43.0
37 34 53.0 136.0
4 85 175.0 13.0
22 4 49.0 186.0
40 62 152.0 98.0
28 15 45.0 123.0
53 44 143.0 88.0
79 76 158.0 37.0
74 3 169.0 157.0
36 5 101.0 175.0
51 49 181.0 76.0
52 83 113.0 30.0
17 19 33.0 65.0
85 79 156.0 78.0
84 70 23.0 99.0
55 69 137.0 181.0
72 90 168.0 59.0
56 27 85.0 69.0
37 76 148.0 66.0
31 9 26.0 13.0
17 3 74.0 11.0
29 1 81.0 30.0
32 40 25.0 105.0
70 49 90.0 114.0
10 66 114.0 11.0
2 61 38.0 199.0
47 38 138.0 138.0
8 12 97.0 164.0
52 8 199.0 171.0
8 72 130.0 32.0
73 80 52.0 107.0
12 3 9.0 94.0
18 56 59.0 124.0
79 26 116.0 49.0
26 18 62.0 54.0
29 81 119.0 112.0
15 3 67.0 70.0
68 55 71.0 197.0
45 16 72.0 75.0
58 53 26.0 33.0
70 38 117.0 37.0
26 37 30.0 33.0
54 88 163.0 44.0
40 87 107.0 34.0
7 13 181.0 174.0
42 62 55.0 52.0
39 21 107.0 79.0
73 3 181.0 134.0
3 11 7.0 99.0
21 35 35.0 189.0
33 84 133.0 151.0
43 88 134.0 40.0
5 9 57.0 67.0
61 50 118.0 64.0
70 36 153.0 26.0
38 33 181.0 135.0
68 47 149.0 140.0
81 30 194.0 185.0
76 89 57.0 128.0
48 89 123.0 143.0
36 41 177.0 180.0
52 67 33.0 95.0
12 4 51.0 138.0
7 11 125.0 32.0
80 56 82.0 74.0
47 72 121.0 76.0
70 35 29.0 130.0
86 6 12.0 152.0
8 16 69.0 189.0
82 77 125.0 54.0
81 73 47.0 176.0
69 41 29.0 172.0
6 40 44.0 111.0
13 3 62.0 165.0
65 29 21.0 91.0
34 76 61.0 185.0
1 77 114.0 82.0
1 18 25.0 39.0
21 38 98.0 24.0
40 18 117.0 128.0
19 70 158.0 161.0
13 2 76.0 172.0
5 4 0.0 97.0
42 34 43.0 61.0
20 14 124.0 157.0
52 19 111.0 149.0
18 25 147.0 162.0
4 13 71.0 64.0
44 86 13.0 181.0
24 75 30.0 89.0
40 19 180.0 30.0
14 84 183.0 24.0
7 4 169.0 107.0
75 10 101.0 32.0
34 85 58.0 0.0
7 85 22.0 129.0
42 3 97.0 35.0
77 27 138.0 127.0
45 60 188.0 118.0
53 25 90.0 123.0
81 3 14.0 59.0
12 2 126.0 67.0
49 11 26.0 136.0
57 76 78.0 48.0
41 56 96.0 127.0
82 15 78.0 34.0
74 46 67.0 18.0
32 72 131.0 157.0
36 57 19.0 97.0
7 6 49.0 97.0
48 35 125.0 76.0
72 75 131.0 155.0
41 33 23.0 28.0
47 25 51.0 101.0
32 62 175.0 70.0
43 58 40.0 106.0
11 9 7.0 59.0
6 10 114.0 56.0
61 43 42.0 39.0
80 76 121.0 125.0
18 36 166.0 144.0
61 29 143.0 169.0
90 21 34.0 118.0
40 88 167.0 74.0
16 56 110.0 174.0
82 41 184.0 24.0
7 10 76.0 178.0
31 44 40.0 197.0
42 24 33.0 6.0
14 68 113.0 176.0
50 68 139.0 99.0
65 76 61.0 58.0
41 83 3.0 171.0
85 28 81.0 139.0
73 40 125.0 157.0
46 37 86.0 165.0
61 74 43.0 119.0
51 86 122.0 108.0
25 80 70.0 13.0
65 62 94.0 131.0
54 23 69.0 50.0
12 30 164.0 151.0
70 61 184.0 89.0
8 45 167.0 70.0
9 13 131.0 162.0
37 62 131.0 53.0
13 87 67.0 1.0
58 76 192.0 161.0
8 24 189.0 14.0
54 18 164.0 105.0
78 87 144.0 148.0
3 1 81.0 63.0
42 37 99.0 12.0
60 57 31.0 182.0
15 85 174.0 98.0
70 23 8.0 118.0
46 23 80.0 149.0
40 47 179.0 44.0
43 73 104.0 123.0
35 8 25.0 137.0
6 81 14.0 77.0
9 50 4.0 197.0
44 29 64.0 178.0
51 88 187.0 25.0
72 57 183.0 68.0
14 45 37.0 162.0
80 46 123.0 142.0
15 60 189.0 101.0
12 49 101.0 155.0
8 54 33.0 106.0
8 14 13.0 49.0
34 87 67.0 0.0
54 51 38.0 50.0
58 23 46.0 75.0
30 70 74.0 121.0
2 3 182.0 63.0
13 20 190.0 84.0
35 51 125.0 175.0
87 7 112.0 138.0
4 51 156.0 179.0
64 20 100.0 146.0
4 2 42.0 98.0
34 70 144.0 116.0
12 1 146.0 126.0
84 3 27.0 88.0
15 24 83.0 104.0
31 5 195.0 195.0
17 25 99.0 103.0
6 60 100.0 151.0
23 20 165.0 142.0
52 42 15.0 109.0
16 9 198.0 161.0
63 71 7.0 177.0
56 64 57.0 90.0
68 16 63.0 52.0
2 56 118.0 115.0
7 5 27.0 18.0
89 83 89.0 144.0
34 27 170.0 104.0
35 86 96.0 168.0
28 68 85.0 55.0
9 4 109.0 142.0
73 46 145.0 173.0
63 9 107.0 15.0
77 84 174.0 86.0
39 33 173.0 63.0
59 40 182.0 144.0
88 25 4.0 31.0
2 7 44.0 41.0
23 35 166.0 154.0
42 10 33.0 112.0
70 58 25.0 92.0
14 31 11.0 152.0
64 88 101.0 184.0
38 1 176.0 36.0
26 58 59.0 132.0
74 15 137.0 103.0
49 30 41.0 56.0
1 79 159.0 74.0
8 90 160.0 137.0
30 90 162.0 123.0
49 81 47.0 16.0
8 15 37.0 23.0
50 27 24.0 96.0
41 51 40.0 114.0
42 1 2.0 81.0
41 38 137.0 113.0
37 71 76.0 50.0
32 26 52.0 190.0
16 27 78.0 99.0
19 44 129.0 115.0
32 3 113.0 106.0
15 53 77.0 153.0
53 57 184.0 79.0
56 6 72.0 121.0
76 4 39.0 100.0
30 61 186.0 91.0
50 73 59.0 64.0
78 11 48.0 189.0
65 8 60.0 113.0
60 59 161.0 137.0
77 28 2.0 97.0
33 49 109.0 74.0
15 37 143.0 100.0
7 84 17.0 129.0
29 77 55.0 77.0
49 17 22.0 56.0
24 10 84.0 82.0
31 30 96.0 197.0
19 65 102.0 98.0
8 10 158.0 164.0
11 17 19.0 101.0
63 54 150.0 36.0
2 44 159.0 5.0
60 64 44.0 133.0
36 58 75.0 80.0
49 78 127.0 171.0
52 13 36.0 181.0
77 48 197.0 194.0
65 39 26.0 16.0
54 25 64.0 176.0
69 14 49.0 23.0
6 12 34.0 46.0
66 57 13.0 61.0
45 55 175.0 140.0
29 5 105.0 163.0
52 39 85.0 54.0
77 3 189.0 63.0
27 22 144.0 5.0
88 69 176.0 194.0
77 63 11.0 162.0
29 46 122.0 24.0
62 38 70.0 50.0
42 44 114.0 175.0
5 13 81.0 0.0
44 66 181.0 22.0
88 48 36.0 78.0
78 3 143.0 164.0
65 79 134.0 106.0
34 24 116.0 57.0
61 40 143.0 186.0
45 34 148.0 57.0
75 70 49.0 29.0
8 73 184.0 31.0
82 20 39.0 172.0
74 57 149.0 182.0
45 82 19.0 83.0
15 63 124.0 135.0
12 63 128.0 19.0
6 37 82.0 76.0
69 6 15.0 131.0
11 4 141.0 151.0
86 54 108.0 180.0
20 15 25.0 9.0
6 66 79.0 44.0
38 32 41.0 155.0
56 65 41.0 169.0
64 8 41.0 75.0
9 1 164.0 56.0
74 68 48.0 57.0
83 18 93.0 109.0
10 12 59.0 118.0
24 25 53.0 90.0
56 37 51.0 46.0
12 7 23.0 44.0
85 20 18.0 16.0
78 13 102.0 182.0
42 80 65.0 151.0
59 63 132.0 158.0
73 19 198.0 143.0
43 84 140.0 51.0
82 40 52.0 143.0
1 16 180.0 27.0
69 25 87.0 198.0
89 62 52.0 190.0
1 7 153.0 117.0
17 5 187.0 37.0
75 61 199.0 185.0
16 59 149.0 139.0
8 55 53.0 1.0
14 61 183.0 185.0
47 5 197.0 70.0
66 63 89.0 49.0
28 59 114.0 42.0
13 11 3.0 54.0
19 1 129.0 2.0
11 24 169.0 78.0
78 22 52.0 175.0
44 81 140.0 35.0
6 15 61.0 137.0
53 69 79.0 103.0
37 58 3.0 194.0
50 19 92.0 6.0
16 6 171.0 173.0
44 52 132.0 93.0
35 1 198.0 184.0
81 50 77.0 90.0
77 10 98.0 90.0
78 44 173.0 130.0
12 35 172.0 176.0
15 55 115.0 64.0
23 49 147.0 39.0
62 3 76.0 79.0
3 64 84.0 26.0
3 14 111.0 113.0
58 65 116.0 161.0
70 52 40.0 89.0
48 39 91.0 164.0
3 60 47.0 159.0
70 89 60.0 194.0
53 35 34.0 88.0
60 17 124.0 70.0
65 15 133.0 35.0
79 77 137.0 49.0
1 82 7.0 130.0
30 37 13.0 51.0
6 8 46.0 60.0
4 15 90.0 107.0
6 14 122.0 76.0
5 16 100.0 198.0
53 34 22.0 186.0
17 6 22.0 112.0
37 85 187.0 181.0
31 63 116.0 1.0
6 11 2.0 114.0
63 22 5.0 44.0
32 43 87.0 80.0
82 9 5.0 187.0
5 14 46.0 28.0
22 31 39.0 20.0
25 12 174.0 27.0
37 31 180.0 42.0
84 88 118.0 183.0
71 88 51.0 123.0
3 76 23.0 138.0
85 89 98.0 28.0
64 59 116.0 96.0
89 57 34.0 156.0
30 76 7.0 161.0
11 1 60.0 188.0
22 2 147.0 178.0
21 75 2.0 150.0
60 12 43.0 177.0
9 10 74.0 93.0
35 50 115.0 191.0
68 20 79.0 101.0
5 33 149.0 86.0
14 1 34.0 161.0
58 31 100.0 133.0
67 25 155.0 54.0
36 3 196.0 151.0
31 65 4.0 70.0
24 2 43.0 71.0
4 14 146.0 74.0
48 72 109.0 47.0
68 40 137.0 96.0
32 10 47.0 37.0
34 62 38.0 2.0
64 4 113.0 186.0
31 78 136.0 70.0
71 14 183.0 131.0
29 17 158.0 81.0
12 11 58.0 67.0
61 24 191.0 195.0
86 23 58.0 190.0
47 65 151.0 49.0
2 10 0.0 65.0
45 68 115.0 88.0
43 70 151.0 50.0
48 4 48.0 109.0
63 39 54.0 107.0
63 33 189.0 197.0
10 3 115.0 47.0
45 69 134.0 66.0
37 44 80.0 86.0
21 7 103.0 147.0
38 10 75.0 6.0
14 26 197.0 75.0
64 63 87.0 52.0
58 42 76.0 76.0
3 18 25.0 191.0
57 68 112.0 111.0
22 18 63.0 145.0
76 75 172.0 118.0
85 35 179.0 199.0
60 86 35.0 128.0
1 22 46.0 122.0
5 62 75.0 122.0
88 46 103.0 100.0
24 12 16.0 168.0
81 26 35.0 79.0
10 39 55.0 159.0
35 30 114.0 186.0
25 46 43.0 101.0
60 44 133.0 42.0
67 15 153.0 160.0
61 51 105.0 9.0
24 60 135.0 73.0
85 75 103.0 122.0
75 53 129.0 111.0
18 4 27.0 195.0
53 37 12.0 22.0
42 65 198.0 97.0
42 9 163.0 103.0
21 85 94.0 20.0
54 84 187.0 29.0
68 23 4.0 43.0
37 35 179.0 133.0
42 71 16.0 6.0
17 1 47.0 180.0
28 88 178.0 197.0
58 82 158.0 141.0
76 74 111.0 4.0
67 14 155.0 50.0
88 24 123.0 111.0
3 9 51.0 102.0
85 41 52.0 19.0
4 30 190.0 52.0
79 30 116.0 168.0
21 12 68.0 26.0
85 81 132.0 179.0
56 70 153.0 39.0
56 62 74.0 28.0
15 9 72.0 77.0
36 87 88.0 76.0
14 11 28.0 78.0
79 39 80.0 96.0
12 33 185.0 148.0
75 50 119.0 69.0
82 70 88.0 24.0
41 14 7.0 162.0
9 53 183.0 31.0
49 39 88.0 24.0
87 75 166.0 68.0
7 9 16.0 47.0
19 88 142.0 2.0
16 7 40.0 13.0
23 59 144.0 128.0
1 21 131.0 104.0
15 46 75.0 66.0
46 53 32.0 115.0
38 64 102.0 198.0
50 48 137.0 118.0
17 8 124.0 31.0
27 35 180.0 164.0
3 25 77.0 77.0
77 62 73.0 8.0
17 48 64.0 100.0
10 26 118.0 48.0
89 17 97.0 20.0
9 12 141.0 186.0
84 18 59.0 65.0
18 2 96.0 192.0
15 12 63.0 173.0
51 15 118.0 88.0
24 79 134.0 182.0
14 81 153.0 53.0
26 1 25.0 2.0
5 6 80.0 118.0
5 19 123.0 91.0
1 25 93.0 19.0
15 5 154.0 108.0
71 48 143.0 25.0
20 5 141.0 78.0
61 54 171.0 46.0
49 20 25.0 148.0
2 67 51.0 57.0
2 89 117.0 174.0
25 44 88.0 10.0
10 19 120.0 195.0
28 31 5.0 15.0
62 6 121.0 146.0
59 73 189.0 92.0
3 22 135.0 166.0
89 14 59.0 186.0
12 71 107.0 128.0
76 49 146.0 196.0
17 7 28.0 18.0
23 2 46.0 33.0
12 42 160.0 120.0
77 43 69.0 101.0
66 8 15.0 156.0
6 18 13.0 75.0
17 64 63.0 121.0
75 28 55.0 162.0
53 61 127.0 83.0
67 90 198.0 173.0
41 26 76.0 110.0
69 32 15.0 98.0
39 47 168.0 30.0
15 10 59.0 181.0
44 5 59.0 75.0
20 9 135.0 114.0
58 10 136.0 14.0
8 7 19.0 134.0
56 5 195.0 47.0
88 66 85.0 10.0
23 84 5.0 5.0
63 69 167.0 16.0
74 64 116.0 26.0
61 21 50.0 4.0
83 9 60.0 186.0
39 23 144.0 31.0
79 12 75.0 139.0
77 53 80.0 112.0
19 6 1.0 37.0
23 5 152.0 169.0
50 66 82.0 21.0
49 26 130.0 84.0
86 11 106.0 142.0
9 19 162.0 50.0
78 52 85.0 189.0
66 2 194.0 118.0
1 48 129.0 148.0
34 38 115.0 82.0
65 46 152.0 197.0
33 52 27.0 34.0
24 80 197.0 133.0
56 76 164.0 111.0
90 71 176.0 1.0
34 40 75.0 171.0
88 52 140.0 156.0
89 81 4.0 55.0
36 65 77.0 157.0
26 34 140.0 105.0
23 81 79.0 89.0
67 41 155.0 195.0
73 88 157.0 83.0
37 77 143.0 184.0
38 12 17.0 36.0
2 64 177.0 22.0
39 32 85.0 54.0
65 72 99.0 178.0
63 78 180.0 130.0
81 57 72.0 87.0
54 81 39.0 182.0
68 27 54.0 135.0
38 22 39.0 24.0
47 87 14.0 168.0
28 53 3.0 52.0
87 33 188.0 54.0
20 26 69.0 120.0
82 48 34.0 94.0
3 19 154.0 73.0
23 3 102.0 161.0
6 9 98.0 93.0
14 12 112.0 64.0
26 59 121.0 115.0
1 31 100.0 61.0
21 6 18.0 121.0
19 26 166.0 52.0
24 6 38.0 72.0
7 76 169.0 140.0
14 10 57.0 67.0
5 83 81.0 169.0
13 88 3.0 3.0
80 55 66.0 55.0
14 15 186.0 84.0
65 67 187.0 104.0
34 20 51.0 25.0
57 28 141.0 21.0
73 49 196.0 198.0
3 31 125.0 30.0
80 44 68.0 80.0
60 76 47.0 86.0
24 51 7.0 186.0
3 20 71.0 147.0
74 55 190.0 123.0
83 67 144.0 83.0
25 74 109.0 93.0
14 44 14.0 34.0
49 85 157.0 82.0
32 31 64.0 157.0
1 23 100.0 24.0
60 62 13.0 172.0
26 38 137.0 155.0
12 5 79.0 34.0
14 58 129.0 188.0
63 45 110.0 143.0
1 39 41.0 19.0
69 79 189.0 58.0
84 63 65.0 41.0
86 14 100.0 78.0
13 66 107.0 190.0
6 45 150.0 139.0
64 28 105.0 79.0
35 14 94.0 167.0
52 17 99.0 88.0
6 39 90.0 40.0
63 13 137.0 155.0
78 86 12.0 189.0
23 40 97.0 71.0
46 41 58.0 48.0
19 2 144.0 115.0
4 19 55.0 190.0
12 51 88.0 107.0
89 60 60.0 178.0
34 57 133.0 149.0
52 30 146.0 145.0
31 89 26.0 43.0
5 18 21.0 36.0
64 35 177.0 117.0
67 28 159.0 185.0
79 43 18.0 47.0
4 6 77.0 31.0
65 51 87.0 10.0
42 78 142.0 33.0
76 50 6.0 168.0
45 77 99.0 27.0
6 20 199.0 29.0
8 2 142.0 158.0
47 69 49.0 160.0
77 24 152.0 126.0
75 17 195.0 39.0
4 21 71.0 137.0
87 28 30.0 77.0
67 46 26.0 130.0
7 14 53.0 25.0
86 7 31.0 147.0
75 71 182.0 32.0
4 50 127.0 134.0
28 34 43.0 75.0
71 35 156.0 114.0
25 62 140.0 139.0
20 4 98.0 166.0
43 5 57.0 103.0
63 82 126.0 88.0
62 11 114.0 108.0
22 65 79.0 194.0
60 80 70.0 122.0
76 39 159.0 178.0
10 48 28.0 51.0
9 21 70.0 126.0
25 60 98.0 127.0
51 38 143.0 24.0
17 2 71.0 58.0
61 63 149.0 102.0
14 47 10.0 171.0
85 11 144.0 122.0
58 84 158.0 124.0
66 41 161.0 28.0
62 39 64.0 59.0
76 14 115.0 7.0
10 68 149.0 187.0
2 32 46.0 51.0
9 17 182.0 57.0
13 12 192.0 78.0
57 83 152.0 150.0
5 22 36.0 113.0
49 4 114.0 52.0
69 22 128.0 29.0
90 19 50.0 29.0
51 43 28.0 49.0
46 19 179.0 162.0
30 22 45.0 171.0
14 74 48.0 197.0
85 22 42.0 36.0
25 29 92.0 156.0
50 69 80.0 172.0
49 25 20.0 83.0
29 3 193.0 0.0
21 44 179.0 125.0
27 17 199.0 176.0
15 1 174.0 199.0
8 13 121.0 168.0
26 76 127.0 165.0
16 11 73.0 159.0
35 73 182.0 46.0
37 57 116.0 128.0
62 64 117.0 47.0
24 3 23.0 117.0
71 9 187.0 197.0
20 8 83.0 60.0
34 6 10.0 10.0
16 3 111.0 35.0
75 32 91.0 46.0
13 17 89.0 159.0
3 27 80.0 7.0
16 57 37.0 56.0
27 36 152.0 176.0
22 6 166.0 36.0
64 19 81.0 176.0
13 10 85.0 192.0
66 89 125.0 128.0
5 80 143.0 167.0
21 15 37.0 176.0
19 8 98.0 74.0
4 24 161.0 51.0
19 80 4.0 79.0
8 59 110.0 85.0
3 48 169.0 147.0
9 36 184.0 95.0
77 13 17.0 128.0
79 67 190.0 54.0
2 25 29.0 40.0
8 5 74.0 142.0
83 23 72.0 30.0
43 6 106.0 134.0
15 52 12.0 75.0
49 1 174.0 197.0
18 9 172.0 143.0
36 61 77.0 114.0
72 76 66.0 106.0
41 50 185.0 92.0
34 33 5.0 57.0
90 52 134.0 63.0
13 79 132.0 98.0
42 48 45.0 106.0
17 61 161.0 18.0
83 65 135.0 38.0
50 78 190.0 1.0
37 67 121.0 175.0
61 5 110.0 78.0
16 2 151.0 196.0
10 35 92.0 83.0
45 32 170.0 138.0
54 59 95.0 84.0
33 65 184.0 30.0
52 25 69.0 126.0
53 54 102.0 190.0
20 59 116.0 164.0
80 81 41.0 19.0
10 18 53.0 85.0
12 19 139.0 23.0
74 90 28.0 34.0
65 38 57.0 12.0
24 81 135.0 127.0
44 28 84.0 37.0
49 15 99.0 0.0
1 8 73.0 92.0
66 39 20.0 126.0
20 10 37.0 159.0
52 77 47.0 17.0
76 52 68.0 105.0
42 13 166.0 3.0
2 53 191.0 50.0
67 3 13.0 91.0
66 24 150.0 86.0
24 76 67.0 170.0
38 83 180.0 56.0
31 54 95.0 28.0
1 13 77.0 163.0
78 69 18.0 195.0
11 8 9.0 10.0
20 11 124.0 22.0
49 41 102.0 26.0
26 47 44.0 121.0
3 4 10.0 25.0
23 24 8.0 57.0
22 11 55.0 85.0
61 41 153.0 73.0
8 26 28.0 162.0
51 77 29.0 152.0
27 9 174.0 83.0
9 14 109.0 18.0
86 76 87.0 71.0
5 26 138.0 95.0
62 31 144.0 193.0
33 70 89.0 97.0
5 32 47.0 117.0
2 9 143.0 28.0
25 5 29.0 69.0
20 21 104.0 138.0
5 24 36.0 191.0
22 9 144.0 174.0
13 16 182.0 88.0
20 48 145.0 23.0
79 63 95.0 192.0
24 7 16.0 191.0
74 31 102.0 197.0
51 69 88.0 158.0
59 10 141.0 124.0
70 81 109.0 85.0
31 87 109.0 43.0
44 7 164.0 55.0
69 38 23.0 11.0
81 25 55.0 191.0
18 50 19.0 158.0
1 28 127.0 107.0
69 4 109.0 20.0
85 46 156.0 19.0
4 53 199.0 66.0
22 34 39.0 163.0
33 17 92.0 15.0
42 17 48.0 148.0
28 39 176.0 67.0
3 7 96.0 55.0
11 76 96.0 6.0
23 11 116.0 53.0
7 19 72.0 115.0
37 61 168.0 112.0
15 17 190.0 13.0
66 64 185.0 38.0
18 11 49.0 161.0
7 22 47.0 98.0
18 14 129.0 143.0
36 49 176.0 46.0
52 54 67.0 49.0
18 13 53.0 36.0
33 30 29.0 43.0
55 64 37.0 14.0
71 59 27.0 86.0
28 37 93.0 74.0
75 40 129.0 23.0
51 82 41.0 106.0
45 18 30.0 109.0
2 21 12.0 35.0
29 19 12.0 193.0
44 79 154.0 49.0
9 78 137.0 133.0
25 30 168.0 182.0
69 26 150.0 50.0
69 19 65.0 192.0
36 64 35.0 47.0
11 34 48.0 199.0
14 83 177.0 12.0
18 8 40.0 83.0
89 77 124.0 129.0
68 83 55.0 45.0
30 2 48.0 158.0
54 1 18.0 113.0
64 11 105.0 5.0
6 25 109.0 105.0
17 28 149.0 38.0
39 82 78.0 141.0
12 18 16.0 3.0
6 29 4.0 23.0
64 12 98.0 4.0
64 80 38.0 68.0
29 2 129.0 143.0
23 8 25.0 38.0
58 39 47.0 174.0
16 15 190.0 78.0
14 2 26.0 158.0
30 55 24.0 182.0
66 20 151.0 74.0
12 20 142.0 189.0
21 14 92.0 24.0
26 43 155.0 69.0
44 87 144.0 154.0
17 14 107.0 135.0
84 6 194.0 85.0
60 38 47.0 170.0
15 2 119.0 198.0
26 3 153.0 13.0
23 10 62.0 197.0
73 38 95.0 169.0
34 14 79.0 191.0
59 77 173.0 186.0
45 52 103.0 120.0
5 27 1.0 102.0
18 23 25.0 72.0
28 3 168.0 131.0
38 31 79.0 182.0
31 4 162.0 126.0
8 25 87.0 41.0
7 23 72.0 60.0
26 7 93.0 175.0
8 9 62.0 94.0
43 87 26.0 39.0
56 3 182.0 147.0
32 1 150.0 13.0
46 42 164.0 65.0
32 59 157.0 51.0
26 6 40.0 29.0
31 2 19.0 85.0
7 15 173.0 33.0
1 33 5.0 199.0
14 22 198.0 187.0
61 12 117.0 100.0
53 16 53.0 81.0
37 55 14.0 162.0
7 18 95.0 6.0
11 19 190.0 66.0
76 20 25.0 163.0
2 27 71.0 30.0
66 60 97.0 21.0
17 16 15.0 14.0
4 29 15.0 20.0
13 19 183.0 181.0
21 40 34.0 78.0
14 66 159.0 25.0
47 11 120.0 136.0
78 39 173.0 191.0
3 21 10.0 70.0
16 10 77.0 177.0
85 90 168.0 44.0
55 66 67.0 103.0
67 82 100.0 101.0
19 27 75.0 11.0
90 10 26.0 195.0
22 8 56.0 151.0
84 53 189.0 66.0
40 54 143.0 66.0
54 21 29.0 63.0
48 47 156.0 96.0
10 17 130.0 8.0
27 70 47.0 5.0
41 74 87.0 26.0
83 28 195.0 143.0
42 33 10.0 137.0
48 56 150.0 106.0
22 12 57.0 132.0
61 59 140.0 13.0
59 62 7.0 70.0
3 49 62.0 54.0
32 23 25.0 101.0
51 68 161.0 172.0
10 22 116.0 124.0
78 83 187.0 19.0
44 72 95.0 44.0
15 11 62.0 35.0
2 39 176.0 69.0
49 66 171.0 38.0
89 63 70.0 148.0
40 11 0.0 183.0
85 70 103.0 68.0
62 58 97.0 90.0
8 4 74.0 192.0
47 41 80.0 136.0
41 18 180.0 56.0
83 37 92.0 151.0
15 19 179.0 114.0
52 79 105.0 131.0
5 21 151.0 8.0
33 2 182.0 0.0
78 25 185.0 56.0
65 85 66.0 65.0
12 72 85.0 46.0
71 28 58.0 130.0
28 7 20.0 190.0
25 84 4.0 125.0
21 13 65.0 107.0
87 18 73.0 199.0
42 86 128.0 59.0
3 30 52.0 194.0
19 72 118.0 89.0
8 27 39.0 128.0
26 11 110.0 59.0
5 30 169.0 66.0
43 14 159.0 186.0
13 15 132.0 184.0
16 20 143.0 60.0
6 30 70.0 147.0
38 50 190.0 140.0
51 31 176.0 29.0
82 79 187.0 39.0
14 13 47.0 108.0
40 26 159.0 158.0
83 33 25.0 43.0
27 7 10.0 120.0
2 36 61.0 32.0
40 35 169.0 51.0
16 19 187.0 98.0
4 10 97.0 174.0
33 74 73.0 96.0
61 35 162.0 185.0
29 79 86.0 139.0
67 33 50.0 48.0
75 1 193.0 63.0
87 26 101.0 114.0
48 73 20.0 40.0
42 56 144.0 69.0
1 88 132.0 169.0
84 45 71.0 46.0
86 59 171.0 110.0
1 71 134.0 173.0
72 17 99.0 79.0
4 44 51.0 0.0
79 42 59.0 23.0
59 45 10.0 155.0
9 26 84.0 94.0
90 41 166.0 107.0
9 40 180.0 137.0
21 23 23.0 66.0
40 28 2.0 122.0
34 84 1.0 5.0
87 51 76.0 12.0
5 79 137.0 86.0
34 41 124.0 173.0
43 22 103.0 91.0
18 17 82.0 83.0
33 3 94.0 105.0
31 8 42.0 96.0
2 34 19.0 195.0
65 9 11.0 95.0
49 54 21.0 148.0
56 43 137.0 97.0
15 18 157.0 40.0
24 57 68.0 40.0
61 6 81.0 162.0
23 6 76.0 76.0
45 62 99.0 47.0
32 13 159.0 110.0
28 51 92.0 132.0
55 33 39.0 182.0
3 35 195.0 149.0
1 90 132.0 63.0
27 11 12.0 14.0
6 2 52.0 40.0
18 19 145.0 103.0
23 14 10.0 56.0
7 40 12.0 102.0
72 87 45.0 52.0
32 64 61.0 41.0
4 26 180.0 194.0
14 24 174.0 144.0
1 30 115.0 178.0
17 20 55.0 60.0
20 50 127.0 65.0
89 71 181.0 140.0
67 75 167.0 26.0
48 30 191.0 181.0
4 23 14.0 123.0
58 89 89.0 188.0
4 87 126.0 4.0
61 38 0.0 133.0
1 37 96.0 127.0
72 78 27.0 77.0
62 86 108.0 147.0
26 71 103.0 51.0
88 76 46.0 117.0
36 68 0.0 87.0
10 27 24.0 126.0
31 52 146.0 24.0
1 2 33.0 194.0
34 1 182.0 13.0
23 16 154.0 43.0
10 1 199.0 9.0
44 49 168.0 197.0
26 15 110.0 168.0
29 8 188.0 134.0
13 27 20.0 86.0
35 62 185.0 54.0
45 38 183.0 119.0
60 43 171.0 89.0
3 34 182.0 122.0
89 90 15.0 103.0
14 32 130.0 126.0
31 83 128.0 118.0
64 86 89.0 100.0
57 35 142.0 74.0
34 4 104.0 126.0
9 38 117.0 75.0
79 10 98.0 51.0
11 25 23.0 114.0
21 16 48.0 106.0
15 25 79.0 128.0
72 29 19.0 168.0
25 7 108.0 162.0
19 21 96.0 165.0
58 63 177.0 165.0
73 67 162.0 76.0
4 33 101.0 186.0
9 29 90.0 149.0
69 48 50.0 122.0
13 24 192.0 21.0
56 74 25.0 53.0
56 69 135.0 121.0
41 17 104.0 112.0
45 1 177.0 19.0
33 68 168.0 78.0
22 40 69.0 59.0
49 74 66.0 71.0
24 9 60.0 10.0
59 14 156.0 85.0
44 9 196.0 91.0
77 54 3.0 100.0
55 20 178.0 180.0
87 22 77.0 147.0
61 49 151.0 99.0
28 9 66.0 17.0
11 28 196.0 79.0
64 57 76.0 152.0
28 6 23.0 72.0
59 4 94.0 26.0
18 20 73.0 73.0
83 3 112.0 102.0
13 82 125.0 15.0
35 63 91.0 191.0
25 4 55.0 39.0
60 54 166.0 83.0
59 37 89.0 141.0
2 28 125.0 183.0
2 59 153.0 150.0
10 29 14.0 17.0
75 4 130.0 139.0
28 24 29.0 174.0
78 24 196.0 36.0
78 71 47.0 114.0
69 29 109.0 136.0
13 25 111.0 186.0
81 88 13.0 64.0
81 22 196.0 179.0
77 12 84.0 79.0
87 64 163.0 65.0
87 85 175.0 112.0
27 49 154.0 23.0
77 2 66.0 63.0
24 90 64.0 177.0
23 12 80.0 29.0
78 89 93.0 29.0
10 49 185.0 129.0
22 66 179.0 149.0
32 4 127.0 107.0
82 73 178.0 81.0
74 87 177.0 196.0
48 65 36.0 41.0
30 11 146.0 68.0
61 48 110.0 192.0
6 82 118.0 47.0
19 79 21.0 98.0
22 36 153.0 148.0
70 10 32.0 83.0
58 80 175.0 9.0
16 43 125.0 11.0
15 42 55.0 23.0
90 66 134.0 117.0
17 21 109.0 5.0
23 13 74.0 131.0
11 50 51.0 27.0
22 83 138.0 83.0
73 26 147.0 113.0
30 77 24.0 24.0
8 28 189.0 79.0
56 47 56.0 75.0
63 1 25.0 166.0
66 38 147.0 100.0
33 6 189.0 198.0
28 12 84.0 80.0
70 76 78.0 183.0
25 21 34.0 102.0
11 44 175.0 23.0
52 49 194.0 184.0
26 2 66.0 19.0
10 82 127.0 14.0
22 13 45.0 69.0
57 20 125.0 81.0
57 25 20.0 4.0
7 59 136.0 54.0
65 60 25.0 64.0
9 23 11.0 171.0
29 52 197.0 77.0
5 2 117.0 124.0
67 56 102.0 162.0
75 54 141.0 180.0
41 37 36.0 113.0
5 51 138.0 173.0
19 14 29.0 116.0
3 37 35.0 40.0
81 59 45.0 32.0
22 29 17.0 162.0
28 13 100.0 72.0
81 75 132.0 193.0
73 28 86.0 169.0
33 7 176.0 177.0
82 36 168.0 158.0
65 49 115.0 3.0
69 76 30.0 112.0
66 47 101.0 199.0
74 4 176.0 2.0
40 48 71.0 108.0
75 20 33.0 110.0
26 13 54.0 162.0
75 51 168.0 22.0
61 76 139.0 35.0
23 78 60.0 121.0
24 18 29.0 161.0
17 86 75.0 157.0
10 25 21.0 99.0
30 9 171.0 55.0
25 14 84.0 25.0
32 9 111.0 4.0
46 71 38.0 2.0
12 17 65.0 98.0
17 62 92.0 47.0
20 67 94.0 119.0
15 89 22.0 115.0
35 4 27.0 193.0
38 3 132.0 111.0
39 17 44.0 196.0
49 19 47.0 34.0
75 15 70.0 65.0
76 55 126.0 114.0
5 28 195.0 20.0
5 57 183.0 17.0
30 7 102.0 163.0
24 1 151.0 186.0
85 73 2.0 195.0
54 20 7.0 2.0
34 80 160.0 77.0
44 84 103.0 87.0
89 28 84.0 50.0
46 70 6.0 20.0
16 18 114.0 60.0
12 37 56.0 65.0
72 51 114.0 10.0
32 83 154.0 121.0
72 71 66.0 66.0
64 44 21.0 122.0
34 13 8.0 106.0
83 69 125.0 166.0
12 87 22.0 39.0
12 31 6.0 30.0
4 27 157.0 120.0
4 38 37.0 63.0
10 30 36.0 55.0
4 88 48.0 9.0
63 8 94.0 57.0
36 7 158.0 171.0
15 72 179.0 133.0
46 24 32.0 185.0
25 48 10.0 189.0
1 4 193.0 199.0
16 35 18.0 181.0
85 53 86.0 67.0
61 57 107.0 132.0
74 44 157.0 66.0
25 90 182.0 136.0
23 44 119.0 14.0
1 76 180.0 129.0
10 31 95.0 173.0
45 57 118.0 66.0
2 35 11.0 4.0
34 77 116.0 118.0
83 15 106.0 26.0
66 73 98.0 40.0
79 37 118.0 17.0
4 36 74.0 99.0
7 65 112.0 122.0
32 41 132.0 31.0
35 6 42.0 143.0
1 27 116.0 158.0
79 57 133.0 174.0
2 76 39.0 31.0
22 21 135.0 157.0
69 57 76.0 162.0
84 35 116.0 189.0
37 11 153.0 48.0
28 14 83.0 195.0
25 56 154.0 151.0
75 69 45.0 88.0
16 42 66.0 84.0
63 42 122.0 154.0
61 87 83.0 151.0
83 13 80.0 151.0
75 90 71.0 185.0
23 19 98.0 107.0
1 41 183.0 5.0
17 22 85.0 28.0
5 45 188.0 104.0
87 19 108.0 63.0
67 47 30.0 143.0
59 35 122.0 110.0
86 68 139.0 145.0
10 73 168.0 189.0
20 19 55.0 152.0
60 73 156.0 141.0
28 36 55.0 96.0
27 6 133.0 115.0
56 89 183.0 115.0
85 88 101.0 105.0
65 82 3.0 40.0
26 82 22.0 171.0
89 6 167.0 78.0
41 72 157.0 123.0
69 11 23.0 164.0
72 70 9.0 108.0
30 24 193.0 144.0
30 8 176.0 94.0
13 29 60.0 179.0
80 33 147.0 83.0
26 12 90.0 67.0
19 22 52.0 47.0
25 32 198.0 27.0
63 36 131.0 7.0
21 42 62.0 124.0
24 19 158.0 38.0
30 14 179.0 171.0
72 7 1.0 79.0
15 27 155.0 91.0
61 1 155.0 7.0
36 6 95.0 153.0
42 73 183.0 26.0
24 43 169.0 45.0
35 7 32.0 79.0
23 43 123.0 164.0
49 14 79.0 77.0
22 59 181.0 34.0
60 34 112.0 88.0
40 2 100.0 8.0
36 75 169.0 83.0
80 1 161.0 90.0
74 42 167.0 146.0
85 31 84.0 43.0
44 61 46.0 164.0
5 35 99.0 27.0
63 57 171.0 164.0
20 45 15.0 24.0
36 8 199.0 136.0
37 2 55.0 113.0
50 80 175.0 175.0
30 13 26.0 60.0
22 23 178.0 72.0
55 82 118.0 30.0
10 55 181.0 42.0
16 26 180.0 148.0
8 85 169.0 180.0
55 16 65.0 25.0
57 23 177.0 41.0
41 44 108.0 155.0
18 88 3.0 38.0
14 29 150.0 122.0
65 75 84.0 131.0
53 50 11.0 65.0
6 78 81.0 181.0
55 49 50.0 146.0
71 30 80.0 27.0
13 31 21.0 140.0
2 69 143.0 25.0
80 18 13.0 93.0
54 57 197.0 50.0
68 8 122.0 8.0
33 11 58.0 3.0
68 53 9.0 60.0
82 88 186.0 89.0
5 3 134.0 7.0
33 73 111.0 77.0
38 7 146.0 76.0
30 15 107.0 143.0
6 13 9.0 181.0
7 32 193.0 19.0
37 8 184.0 2.0
20 24 91.0 170.0
18 89 89.0 25.0
33 86 94.0 152.0
28 16 29.0 192.0
38 6 53.0 136.0
71 11 85.0 14.0
80 65 150.0 30.0
16 22 136.0 134.0
12 27 158.0 27.0
66 76 197.0 0.0
71 45 190.0 43.0
76 77 193.0 19.0
15 39 116.0 198.0
49 63 89.0 153.0
28 18 16.0 39.0
50 24 102.0 152.0
3 39 65.0 12.0
33 14 100.0 63.0
38 89 154.0 90.0
75 63 170.0 99.0
31 7 100.0 38.0
10 33 60.0 189.0
77 39 97.0 28.0
24 63 32.0 151.0
28 10 104.0 49.0
17 73 45.0 5.0
72 66 17.0 199.0
25 19 79.0 140.0
29 89 10.0 131.0
31 11 98.0 23.0
4 39 54.0 147.0
35 19 0.0 38.0
5 58 190.0 104.0
3 80 75.0 187.0
18 49 66.0 92.0
16 29 138.0 146.0
44 18 85.0 148.0
81 52 50.0 136.0
35 9 159.0 56.0
75 55 100.0 159.0
75 16 86.0 42.0
36 1 34.0 161.0
30 36 109.0 100.0
81 79 105.0 47.0
3 41 130.0 142.0
80 59 94.0 132.0
4 40 0.0 53.0
19 28 169.0 100.0
15 31 56.0 55.0
33 8 42.0 42.0
12 34 116.0 151.0
86 39 73.0 21.0
32 8 17.0 155.0
46 1 108.0 63.0
40 8 64.0 60.0
63 81 163.0 34.0
39 9 177.0 172.0
32 6 184.0 19.0
22 44 107.0 100.0
8 38 171.0 132.0
29 59 182.0 140.0
9 25 157.0 90.0
2 81 55.0 21.0
33 16 116.0 19.0
7 37 59.0 45.0
38 68 171.0 195.0
21 58 165.0 78.0
83 71 60.0 137.0
1 58 178.0 43.0
62 46 104.0 135.0
22 26 50.0 160.0
37 90 165.0 119.0
23 37 31.0 176.0
34 7 25.0 2.0
41 81 42.0 191.0
44 3 45.0 55.0
32 16 190.0 24.0
32 12 171.0 95.0
81 56 89.0 174.0
7 29 60.0 54.0
10 5 47.0 91.0
75 27 77.0 24.0
15 32 121.0 71.0
38 87 157.0 119.0
85 44 160.0 99.0
27 85 179.0 83.0
12 90 187.0 68.0
29 15 120.0 199.0
58 12 164.0 167.0
90 14 167.0 41.0
24 22 110.0 41.0
3 43 167.0 19.0
6 42 13.0 79.0
16 34 67.0 192.0
85 63 131.0 6.0
68 7 144.0 51.0
17 31 138.0 60.0
45 3 176.0 57.0
3 40 109.0 39.0
11 29 65.0 28.0
30 59 195.0 79.0
54 34 147.0 14.0
7 51 123.0 30.0
19 82 179.0 19.0
9 37 69.0 69.0
41 7 51.0 197.0
88 47 188.0 112.0
18 82 176.0 53.0
50 25 24.0 123.0
59 88 144.0 171.0
11 45 40.0 19.0
41 5 191.0 20.0
42 8 108.0 60.0
41 40 98.0 159.0
49 75 45.0 38.0
66 12 166.0 173.0
42 7 36.0 190.0
12 36 96.0 132.0
78 54 55.0 137.0
4 90 68.0 46.0
43 19 23.0 176.0
58 28 17.0 73.0
12 62 28.0 14.0
35 79 82.0 194.0
78 37 23.0 70.0
71 43 69.0 72.0
58 2 151.0 124.0
4 43 124.0 171.0
11 36 152.0 99.0
57 43 50.0 169.0
66 35 142.0 78.0
75 56 161.0 176.0
34 5 163.0 136.0
12 29 59.0 33.0
4 37 143.0 162.0
73 74 116.0 20.0
13 80 18.0 68.0
85 59 31.0 68.0
32 11 146.0 173.0
11 21 37.0 59.0
30 68 102.0 1.0
79 17 181.0 161.0
36 66 79.0 125.0
1 40 192.0 196.0
28 20 164.0 163.0
34 8 28.0 196.0
23 27 158.0 174.0
4 16 124.0 148.0
84 50 193.0 27.0
46 2 134.0 174.0
37 72 176.0 166.0
89 65 117.0 121.0
15 33 185.0 33.0
20 30 54.0 13.0
29 20 126.0 12.0
58 81 10.0 51.0
16 31 100.0 155.0
18 30 138.0 35.0
22 72 82.0 67.0
8 51 197.0 151.0
10 34 195.0 182.0
15 69 117.0 49.0
32 17 117.0 195.0
5 38 188.0 80.0
89 46 151.0 40.0
5 46 99.0 41.0
29 41 95.0 181.0
1 53 176.0 93.0
87 48 82.0 124.0
17 34 119.0 199.0
70 88 66.0 37.0
21 18 126.0 6.0
55 67 22.0 29.0
2 42 102.0 121.0
54 43 35.0 150.0
19 31 102.0 164.0
23 29 102.0 137.0
24 87 105.0 21.0
46 79 133.0 123.0
21 26 184.0 11.0
48 23 1.0 6.0
44 6 49.0 56.0
74 47 119.0 85.0
22 50 175.0 173.0
1 47 54.0 77.0
48 2 186.0 159.0
50 13 189.0 119.0
4 45 91.0 125.0
46 4 89.0 44.0
27 21 47.0 138.0
79 56 11.0 118.0
67 42 17.0 187.0
45 7 105.0 72.0
68 44 129.0 91.0
19 84 181.0 70.0
27 18 120.0 24.0
61 52 192.0 161.0
84 62 84.0 191.0
47 4 155.0 95.0
43 35 106.0 173.0
3 46 70.0 163.0
18 32 198.0 199.0
21 72 15.0 132.0
22 20 46.0 87.0
60 61 3.0 190.0
4 41 31.0 39.0
13 55 195.0 138.0
12 40 172.0 53.0
31 68 41.0 194.0
22 25 194.0 191.0
38 86 136.0 161.0
1 20 65.0 134.0
62 16 53.0 20.0
79 90 101.0 36.0
55 78 115.0 96.0
21 32 51.0 39.0
9 66 142.0 92.0
32 86 99.0 88.0
82 11 47.0 187.0
23 26 4.0 112.0
3 47 57.0 10.0
75 77 138.0 110.0
64 49 164.0 5.0
80 47 130.0 167.0
5 37 113.0 72.0
30 21 109.0 164.0
51 1 118.0 156.0
10 36 23.0 122.0
17 24 50.0 32.0
42 25 56.0 189.0
14 36 64.0 172.0
50 1 125.0 194.0
42 4 149.0 38.0
2 43 46.0 58.0
10 40 83.0 116.0
40 5 94.0 59.0
33 13 6.0 144.0
47 36 190.0 15.0
53 30 175.0 54.0
34 19 181.0 52.0
60 31 150.0 130.0
88 32 56.0 149.0
19 36 96.0 91.0
47 71 132.0 190.0
39 11 180.0 90.0
9 33 4.0 122.0
50 2 76.0 131.0
15 34 196.0 9.0
26 61 23.0 99.0
29 18 189.0 31.0
34 18 74.0 37.0
54 50 67.0 158.0
36 16 37.0 47.0
89 42 55.0 193.0
10 37 28.0 83.0
8 39 85.0 176.0
35 15 17.0 108.0
16 60 141.0 158.0
36 13 86.0 167.0
55 86 192.0 153.0
38 63 135.0 181.0
21 24 124.0 190.0
20 27 111.0 152.0
38 15 102.0 196.0
31 18 32.0 72.0
44 8 160.0 125.0
14 38 152.0 47.0
37 16 46.0 96.0
28 21 179.0 134.0
36 17 104.0 55.0
3 69 20.0 167.0
47 6 197.0 74.0
35 17 70.0 181.0
40 77 107.0 183.0
71 51 71.0 11.0
45 19 39.0 70.0
21 31 39.0 170.0
16 14 182.0 95.0
37 74 27.0 154.0
49 22 102.0 176.0
90 59 8.0 172.0
39 5 167.0 115.0
28 38 72.0 190.0
56 71 173.0 63.0
15 77 97.0 12.0
45 90 102.0 31.0
52 1 5.0 81.0
78 48 46.0 107.0
16 52 32.0 7.0
68 3 76.0 151.0
5 42 188.0 100.0
6 48 18.0 161.0
33 56 66.0 67.0
56 50 11.0 168.0
39 14 4.0 16.0
39 44 74.0 2.0
17 37 94.0 58.0
23 30 37.0 122.0
3 54 8.0 26.0
10 80 193.0 27.0
46 87 2.0 59.0
52 2 182.0 13.0
61 31 38.0 138.0
8 41 12.0 64.0
45 25 90.0 58.0
27 26 90.0 128.0
29 47 47.0 98.0
41 12 110.0 192.0
3 51 21.0 64.0
28 23 162.0 156.0
31 47 117.0 152.0
11 43 146.0 82.0
64 43 79.0 36.0
35 18 133.0 121.0
83 60 68.0 132.0
80 85 125.0 130.0
38 48 109.0 98.0
86 37 37.0 23.0
84 67 144.0 106.0
2 49 188.0 90.0
43 8 106.0 67.0
76 81 18.0 192.0
18 33 161.0 38.0
4 28 176.0 86.0
33 22 44.0 38.0
34 82 148.0 33.0
50 3 182.0 92.0
41 16 161.0 171.0
55 71 9.0 20.0
43 12 43.0 179.0
79 38 89.0 4.0
1 43 157.0 18.0
37 13 73.0 154.0
13 40 107.0 21.0
40 67 160.0 89.0
82 53 15.0 121.0
47 8 86.0 176.0
58 27 98.0 129.0
26 28 15.0 187.0
26 25 57.0 125.0
46 7 131.0 83.0
39 16 98.0 38.0
73 90 123.0 58.0
30 17 47.0 90.0
46 8 186.0 133.0
54 15 148.0 84.0
90 53 26.0 164.0
24 27 43.0 35.0
61 39 90.0 126.0
46 47 97.0 140.0
40 14 191.0 173.0
32 19 11.0 190.0
48 5 105.0 197.0
20 53 188.0 54.0
28 27 87.0 166.0
52 75 83.0 130.0
38 17 151.0 125.0
16 38 120.0 1.0
7 47 2.0 63.0
41 9 72.0 13.0
38 13 19.0 177.0
48 64 55.0 159.0
66 69 68.0 142.0
20 32 8.0 151.0
82 60 6.0 160.0
76 62 63.0 78.0
20 35 28.0 66.0
46 12 125.0 100.0
9 34 143.0 96.0
74 18 119.0 198.0
86 2 69.0 139.0
57 62 47.0 30.0
9 45 167.0 5.0
37 18 142.0 182.0
56 31 172.0 170.0
11 42 130.0 49.0
34 36 66.0 26.0
36 15 142.0 137.0
80 28 35.0 164.0
51 2 192.0 35.0
55 1 39.0 111.0
30 19 101.0 181.0
24 29 30.0 73.0
75 84 179.0 160.0
81 47 125.0 46.0
33 24 184.0 20.0
3 53 84.0 20.0
20 37 162.0 28.0
88 10 123.0 153.0
76 85 31.0 24.0
2 41 164.0 61.0
54 22 193.0 143.0
31 72 75.0 71.0
20 42 193.0 59.0
19 33 53.0 30.0
48 8 38.0 167.0
30 27 87.0 161.0
39 13 195.0 118.0
46 10 161.0 111.0
83 26 64.0 106.0
59 58 177.0 139.0
31 24 47.0 123.0
43 66 173.0 52.0
36 32 17.0 11.0
64 73 49.0 104.0
8 3 98.0 197.0
6 50 106.0 11.0
36 39 64.0 170.0
7 49 68.0 193.0
26 39 99.0 115.0
39 12 41.0 72.0
52 84 135.0 58.0
29 36 70.0 136.0
10 45 43.0 121.0
4 52 157.0 101.0
61 84 98.0 173.0
46 90 2.0 118.0
38 46 161.0 102.0
14 42 149.0 154.0
81 13 18.0 84.0
10 43 17.0 88.0
18 39 148.0 12.0
25 64 144.0 57.0
29 28 174.0 194.0
61 55 137.0 176.0
38 18 107.0 50.0
66 45 15.0 56.0
20 41 48.0 33.0
49 5 19.0 17.0
46 20 129.0 119.0
83 17 31.0 25.0
40 63 61.0 5.0
27 44 38.0 151.0
23 52 169.0 146.0
12 45 79.0 184.0
22 35 160.0 127.0
3 52 29.0 131.0
35 31 69.0 110.0
14 37 90.0 100.0
43 9 48.0 151.0
52 5 154.0 87.0
27 76 14.0 123.0
48 90 34.0 45.0
11 46 23.0 146.0
40 58 44.0 4.0
50 26 10.0 65.0
25 28 15.0 100.0
30 26 164.0 15.0
49 9 162.0 71.0
28 65 27.0 128.0
65 54 34.0 13.0
78 51 167.0 57.0
70 73 21.0 163.0
36 23 84.0 31.0
28 22 167.0 51.0
67 17 144.0 83.0
55 2 8.0 106.0
2 47 107.0 187.0
34 23 9.0 141.0
44 62 54.0 176.0
30 16 94.0 75.0
46 9 64.0 130.0
4 62 132.0 183.0
40 27 120.0 76.0
54 74 74.0 81.0
82 29 33.0 181.0
22 55 86.0 42.0
55 4 142.0 141.0
1 56 180.0 188.0
78 29 72.0 196.0
49 8 51.0 4.0
29 26 170.0 123.0
67 5 137.0 196.0
86 40 46.0 170.0
57 33 133.0 85.0
52 6 195.0 76.0
25 33 173.0 127.0
53 6 186.0 46.0
57 1 52.0 189.0
21 37 147.0 174.0
16 40 46.0 85.0
34 21 8.0 45.0
21 81 2.0 142.0
7 69 102.0 150.0
85 38 169.0 76.0
22 73 55.0 108.0
21 33 56.0 59.0
48 12 136.0 155.0
48 41 9.0 182.0
12 44 68.0 18.0
13 44 17.0 22.0
50 5 116.0 120.0
51 47 3.0 86.0
81 35 194.0 10.0
26 31 110.0 50.0
13 41 61.0 46.0
52 7 46.0 22.0
11 51 69.0 66.0
29 21 34.0 39.0
74 20 15.0 151.0
28 70 129.0 18.0
30 28 130.0 123.0
50 87 155.0 40.0
85 69 82.0 168.0
13 43 131.0 81.0
51 9 135.0 0.0
6 46 2.0 122.0
23 31 9.0 17.0
54 6 149.0 138.0
37 22 68.0 79.0
48 13 24.0 175.0
50 8 81.0 58.0
44 40 116.0 12.0
26 35 27.0 4.0
32 27 59.0 29.0
62 30 165.0 20.0
18 60 156.0 114.0
54 76 65.0 176.0
20 52 80.0 89.0
75 58 179.0 113.0
60 19 78.0 48.0
31 20 151.0 105.0
81 28 81.0 162.0
29 31 25.0 198.0
10 47 67.0 181.0
70 78 179.0 132.0
8 21 106.0 11.0
61 25 159.0 85.0
5 54 197.0 37.0
29 27 67.0 101.0
36 21 68.0 148.0
56 4 188.0 93.0
25 23 172.0 7.0
56 90 195.0 151.0
22 32 185.0 53.0
11 79 145.0 96.0
54 2 161.0 142.0
31 25 163.0 29.0
17 40 105.0 183.0
24 37 190.0 46.0
6 51 189.0 162.0
16 66 9.0 136.0
90 70 170.0 146.0
35 25 55.0 67.0
38 23 62.0 17.0
68 59 16.0 25.0
40 89 59.0 73.0
2 57 42.0 50.0
36 24 174.0 183.0
41 80 161.0 183.0
21 53 91.0 83.0
58 4 158.0 147.0
23 67 69.0 172.0
35 88 145.0 37.0
48 51 145.0 5.0
9 52 11.0 187.0
19 37 1.0 185.0
52 21 53.0 163.0
73 7 31.0 144.0
58 74 109.0 141.0
50 74 73.0 130.0
9 47 171.0 171.0
23 33 163.0 116.0
34 66 154.0 126.0
38 52 170.0 156.0
35 90 138.0 23.0
28 32 162.0 170.0
3 58 123.0 23.0
34 25 39.0 148.0
54 4 54.0 11.0
39 20 182.0 169.0
30 32 64.0 137.0
10 76 143.0 187.0
45 17 81.0 82.0
43 85 198.0 44.0
53 8 44.0 73.0
7 53 197.0 36.0
16 70 44.0 3.0
89 54 117.0 27.0
50 67 180.0 182.0
52 62 125.0 124.0
24 49 166.0 6.0
43 53 181.0 116.0
5 60 99.0 178.0
10 50 7.0 48.0
33 26 43.0 52.0
25 16 198.0 161.0
17 44 60.0 178.0
40 20 99.0 137.0
19 39 126.0 17.0
43 17 24.0 60.0
85 19 189.0 75.0
15 66 169.0 148.0
20 83 8.0 12.0
84 86 82.0 6.0
83 8 188.0 142.0
72 52 156.0 40.0
78 10 177.0 82.0
36 55 121.0 1.0
14 48 136.0 110.0
49 6 135.0 105.0
84 1 99.0 143.0
3 55 120.0 181.0
15 43 30.0 60.0
40 24 186.0 186.0
53 52 157.0 163.0
20 33 0.0 78.0
55 42 0.0 136.0
41 22 115.0 135.0
22 39 115.0 166.0
27 33 19.0 35.0
13 47 187.0 50.0
3 57 10.0 174.0
41 19 125.0 119.0
35 49 150.0 125.0
12 50 43.0 150.0
60 8 127.0 110.0
55 7 48.0 43.0
30 29 105.0 68.0
7 79 27.0 92.0
57 47 116.0 189.0
37 50 162.0 193.0
8 61 198.0 112.0
20 43 195.0 41.0
53 62 120.0 122.0
7 48 157.0 169.0
24 32 74.0 62.0
56 9 165.0 101.0
29 33 129.0 33.0
25 36 59.0 43.0
38 25 132.0 9.0
74 53 127.0 79.0
59 1 134.0 48.0
32 33 67.0 91.0
61 67 169.0 141.0
64 16 138.0 134.0
59 9 142.0 20.0
44 15 195.0 153.0
54 9 94.0 127.0
75 57 69.0 22.0
40 33 30.0 155.0
84 40 53.0 97.0
16 82 70.0 22.0
59 69 128.0 8.0
38 24 175.0 70.0
2 38 15.0 122.0
78 90 101.0 110.0
18 63 118.0 170.0
10 53 49.0 149.0
86 49 182.0 54.0
15 45 79.0 4.0
49 16 165.0 7.0
62 2 37.0 92.0
75 45 141.0 52.0
57 4 174.0 42.0
17 46 104.0 92.0
34 74 120.0 105.0
56 8 85.0 54.0
28 79 124.0 165.0
6 57 15.0 41.0
47 64 110.0 4.0
64 1 114.0 52.0
76 87 74.0 88.0
74 23 6.0 178.0
60 2 22.0 78.0
58 6 135.0 107.0
29 34 165.0 11.0
2 83 159.0 132.0
55 9 36.0 69.0
7 54 173.0 102.0
6 1 83.0 199.0
75 59 104.0 42.0
27 73 113.0 126.0
18 67 99.0 48.0
15 41 15.0 16.0
64 10 152.0 174.0
37 27 88.0 188.0
39 25 189.0 13.0
10 54 59.0 25.0
14 46 109.0 163.0
21 41 0.0 22.0
69 82 142.0 52.0
7 57 98.0 158.0
51 14 7.0 50.0
39 42 198.0 95.0
74 22 18.0 139.0
16 44 17.0 29.0
20 44 131.0 126.0
85 29 14.0 131.0
72 26 6.0 109.0
75 18 173.0 56.0
42 59 80.0 181.0
62 19 187.0 30.0
40 72 163.0 5.0
61 47 77.0 132.0
36 20 165.0 8.0
19 38 82.0 131.0
55 6 183.0 40.0
70 67 11.0 157.0
28 33 156.0 43.0
79 86 160.0 143.0
67 51 88.0 123.0
16 46 17.0 166.0
10 51 177.0 134.0
46 21 198.0 12.0
51 53 69.0 181.0
30 89 56.0 32.0
59 76 99.0 164.0
43 21 199.0 59.0
31 27 199.0 87.0
54 11 161.0 168.0
63 65 102.0 90.0
48 15 33.0 52.0
38 27 56.0 55.0
67 78 105.0 112.0
42 18 167.0 156.0
67 6 49.0 166.0
26 36 44.0 48.0
82 49 95.0 5.0
75 6 197.0 150.0
39 73 105.0 183.0
89 19 65.0 161.0
52 11 192.0 122.0
5 59 190.0 160.0
52 12 146.0 39.0
6 59 48.0 190.0
66 1 181.0 95.0
41 24 193.0 178.0
34 31 188.0 50.0
35 28 29.0 5.0
18 48 89.0 21.0
55 5 154.0 79.0
43 7 144.0 101.0
40 25 116.0 144.0
11 53 34.0 49.0
29 35 85.0 179.0
52 10 45.0 26.0
16 48 180.0 74.0
32 66 20.0 21.0
17 50 89.0 127.0
57 11 33.0 185.0
34 32 14.0 101.0
5 53 159.0 0.0
70 40 72.0 197.0
18 47 152.0 117.0
13 53 117.0 132.0
47 15 20.0 138.0
70 68 82.0 61.0
1 62 20.0 67.0
21 45 154.0 187.0
25 41 51.0 114.0
29 39 79.0 123.0
46 18 92.0 184.0
49 67 79.0 10.0
19 48 181.0 99.0
22 45 114.0 16.0
82 24 143.0 86.0
58 9 172.0 98.0
50 14 132.0 23.0
48 21 65.0 163.0
45 48 132.0 157.0
77 20 38.0 12.0
80 54 88.0 172.0
37 51 39.0 2.0
74 60 28.0 182.0
50 7 127.0 0.0
55 11 175.0 11.0
16 50 119.0 40.0
12 56 90.0 3.0
80 86 41.0 81.0
10 57 7.0 129.0
50 15 120.0 46.0
66 31 39.0 148.0
42 26 161.0 119.0
18 61 104.0 89.0
88 42 84.0 175.0
23 41 53.0 174.0
38 30 25.0 94.0
83 66 157.0 184.0
72 53 136.0 30.0
83 39 127.0 128.0
23 45 60.0 89.0
70 39 139.0 116.0
80 74 43.0 23.0
75 30 120.0 96.0
17 51 169.0 97.0
90 42 81.0 79.0
44 1 25.0 169.0
2 68 23.0 105.0
77 47 178.0 83.0
38 29 87.0 69.0
24 73 169.0 130.0
64 29 150.0 89.0
53 27 142.0 72.0
68 24 82.0 175.0
25 75 155.0 60.0
53 36 90.0 130.0
82 5 187.0 68.0
13 49 161.0 26.0
62 48 175.0 131.0
38 53 160.0 77.0
80 32 178.0 54.0
56 10 120.0 61.0
84 4 167.0 28.0
39 89 101.0 58.0
55 27 90.0 40.0
17 77 197.0 4.0
86 28 63.0 124.0
7 60 18.0 175.0
44 10 60.0 149.0
19 63 183.0 180.0
24 44 25.0 151.0
32 37 43.0 78.0
2 65 55.0 86.0
63 2 64.0 53.0
80 70 188.0 127.0
82 33 187.0 159.0
32 29 93.0 47.0
83 30 9.0 76.0
31 80 59.0 34.0
27 41 180.0 102.0
12 54 22.0 187.0
83 63 111.0 86.0
14 55 5.0 52.0
68 1 102.0 192.0
7 58 45.0 195.0
34 35 63.0 54.0
54 14 96.0 122.0
8 57 190.0 28.0
63 4 51.0 12.0
30 39 130.0 163.0
75 86 84.0 135.0
69 71 1.0 186.0
82 3 194.0 46.0
37 43 161.0 9.0
65 14 148.0 57.0
31 76 129.0 90.0
54 73 61.0 180.0
21 47 18.0 143.0
71 21 88.0 102.0
53 49 86.0 41.0
13 58 28.0 32.0
62 43 135.0 190.0
61 9 137.0 35.0
8 58 90.0 66.0
60 11 181.0 103.0
27 43 157.0 199.0
89 44 43.0 197.0
11 56 116.0 129.0
77 72 170.0 97.0
40 30 81.0 105.0
89 52 75.0 18.0
57 48 46.0 165.0
9 69 82.0 180.0
47 30 47.0 39.0
36 38 79.0 90.0
13 46 154.0 195.0
62 7 40.0 76.0
72 23 170.0 73.0
36 74 93.0 45.0
31 82 68.0 140.0
18 51 50.0 103.0
72 55 36.0 49.0
61 7 111.0 115.0
73 44 146.0 18.0
43 18 39.0 138.0
89 22 103.0 9.0
58 67 87.0 197.0
4 60 1.0 108.0
65 5 12.0 3.0
60 33 93.0 1.0
3 66 5.0 156.0
57 9 39.0 103.0
72 25 49.0 78.0
13 51 164.0 105.0
7 56 167.0 4.0
23 47 56.0 120.0
54 16 188.0 20.0
20 47 70.0 33.0
35 32 173.0 75.0
57 51 89.0 164.0
46 22 34.0 139.0
42 19 31.0 150.0
42 23 145.0 198.0
62 8 149.0 1.0
4 66 168.0 90.0
64 7 37.0 38.0
14 53 182.0 162.0
56 13 24.0 71.0
35 33 155.0 10.0
39 51 160.0 186.0
25 43 37.0 105.0
41 30 199.0 139.0
31 90 75.0 119.0
41 28 170.0 64.0
47 22 73.0 104.0
16 88 27.0 97.0
31 40 0.0 134.0
48 9 87.0 161.0
49 89 14.0 76.0
76 48 157.0 165.0
9 85 53.0 32.0
24 59 119.0 175.0
45 27 180.0 192.0
69 33 0.0 159.0
72 34 73.0 153.0
8 77 77.0 160.0
18 53 161.0 43.0
31 39 57.0 118.0
65 1 37.0 62.0
71 58 177.0 156.0
27 42 178.0 109.0
55 31 196.0 131.0
26 55 182.0 69.0
6 65 34.0 59.0
39 27 31.0 196.0
17 47 106.0 88.0
72 73 71.0 143.0
45 13 111.0 0.0
5 63 198.0 90.0
12 59 194.0 146.0
35 36 7.0 128.0
36 31 72.0 41.0
12 70 55.0 56.0
70 1 129.0 161.0
30 67 90.0 0.0
40 64 115.0 2.0
73 13 144.0 113.0
46 30 122.0 90.0
57 70 128.0 129.0
57 13 152.0 0.0
56 14 72.0 7.0
20 51 104.0 1.0
9 60 189.0 194.0
63 6 121.0 56.0
61 10 57.0 65.0
71 8 158.0 131.0
67 4 37.0 86.0
70 3 199.0 141.0
24 47 152.0 71.0
41 31 151.0 56.0
28 74 36.0 92.0
62 61 144.0 157.0
50 55 1.0 1.0
42 30 160.0 111.0
6 79 80.0 149.0
17 54 36.0 79.0
42 28 164.0 189.0
61 11 56.0 67.0
81 12 152.0 92.0
72 10 80.0 96.0
26 70 8.0 33.0
33 36 80.0 120.0
9 64 83.0 112.0
82 23 102.0 120.0
47 50 173.0 18.0
55 17 107.0 29.0
47 44 7.0 11.0
33 37 49.0 39.0
15 56 91.0 9.0
79 71 15.0 123.0
13 60 63.0 98.0
60 29 26.0 117.0
70 2 186.0 151.0
41 73 168.0 45.0
26 77 79.0 175.0
46 26 71.0 80.0
46 27 158.0 162.0
70 86 171.0 125.0
34 75 52.0 34.0
13 72 122.0 78.0
77 90 58.0 108.0
72 74 118.0 26.0
73 1 124.0 197.0
53 19 109.0 195.0
30 43 138.0 19.0
58 11 20.0 109.0
10 62 163.0 73.0
5 66 84.0 85.0
63 7 198.0 142.0
81 61 11.0 117.0
44 67 144.0 135.0
77 14 63.0 53.0
59 11 92.0 153.0
46 28 43.0 65.0
21 49 5.0 6.0
36 85 30.0 41.0
40 37 192.0 181.0
44 26 82.0 3.0
77 32 12.0 26.0
67 1 71.0 27.0
44 30 131.0 115.0
67 53 154.0 174.0
83 21 120.0 111.0
5 68 166.0 150.0
70 4 97.0 110.0
82 64 50.0 179.0
27 47 82.0 62.0
73 23 151.0 105.0
64 34 171.0 34.0
86 29 80.0 125.0
11 90 117.0 0.0
26 45 183.0 35.0
57 26 119.0 32.0
51 63 167.0 169.0
37 25 16.0 1.0
27 80 1.0 119.0
53 12 89.0 172.0
18 52 53.0 121.0
19 47 132.0 122.0
87 60 162.0 115.0
69 5 17.0 33.0
15 57 186.0 136.0
30 80 117.0 2.0
69 52 132.0 70.0
51 21 139.0 22.0
7 67 82.0 192.0
78 18 145.0 166.0
74 2 31.0 59.0
63 73 46.0 0.0
64 5 138.0 184.0
16 69 126.0 7.0
47 28 37.0 58.0
1 60 67.0 176.0
69 81 97.0 101.0
47 16 164.0 42.0
66 7 35.0 147.0
46 68 145.0 81.0
56 58 60.0 35.0
36 44 166.0 186.0
51 23 96.0 3.0
63 10 61.0 115.0
26 24 39.0 158.0
51 19 185.0 155.0
86 83 151.0 20.0
63 11 36.0 96.0
51 22 179.0 97.0
71 3 151.0 97.0
4 68 166.0 199.0
25 65 36.0 27.0
71 19 165.0 28.0
71 2 48.0 150.0
57 14 39.0 151.0
60 58 152.0 76.0
51 36 57.0 131.0
81 10 97.0 160.0
23 60 18.0 63.0
55 18 155.0 55.0
3 86 175.0 120.0
24 39 8.0 175.0
39 37 27.0 48.0
71 4 55.0 179.0
70 6 113.0 64.0
72 1 78.0 10.0
76 36 160.0 96.0
39 35 152.0 115.0
43 29 61.0 79.0
48 26 109.0 69.0
63 20 57.0 88.0
52 22 146.0 65.0
38 35 78.0 60.0
37 29 193.0 108.0
9 62 116.0 154.0
81 82 151.0 20.0
42 31 20.0 12.0
17 58 191.0 81.0
82 90 48.0 48.0
62 14 175.0 195.0
19 55 157.0 54.0
8 75 173.0 150.0
42 47 132.0 41.0
61 3 39.0 35.0
57 12 20.0 12.0
73 2 183.0 11.0
88 83 108.0 32.0
69 1 176.0 83.0
68 6 111.0 133.0
25 77 75.0 37.0
85 51 74.0 159.0
63 25 6.0 114.0
19 54 74.0 179.0
5 70 90.0 57.0
16 58 184.0 150.0
19 57 102.0 112.0
48 27 79.0 166.0
35 76 78.0 107.0
1 74 30.0 105.0
34 52 54.0 188.0
60 68 124.0 128.0
17 56 16.0 167.0
72 5 48.0 152.0
11 65 179.0 150.0
23 53 49.0 10.0
40 36 161.0 127.0
77 85 101.0 191.0
18 57 156.0 155.0
60 47 9.0 81.0
75 19 153.0 177.0
45 31 21.0 153.0
50 23 10.0 152.0
55 65 148.0 59.0
5 77 72.0 109.0
34 83 78.0 173.0
2 72 130.0 35.0
87 59 42.0 91.0
26 51 185.0 148.0
48 28 146.0 158.0
73 4 82.0 108.0
62 13 161.0 182.0
13 64 28.0 33.0
53 22 78.0 107.0
59 25 107.0 161.0
52 26 30.0 149.0
59 13 176.0 15.0
44 45 12.0 74.0
62 15 13.0 94.0
61 15 7.0 126.0
55 21 70.0 35.0
45 30 108.0 101.0
56 19 150.0 15.0
17 57 196.0 132.0
55 12 21.0 172.0
7 70 62.0 33.0
74 11 35.0 28.0
24 53 84.0 194.0
71 7 135.0 154.0
75 46 64.0 43.0
41 35 88.0 167.0
33 45 93.0 84.0
6 72 25.0 114.0
90 28 45.0 40.0
90 61 88.0 32.0
20 56 40.0 124.0
58 49 131.0 176.0
38 40 155.0 148.0
21 56 157.0 195.0
71 6 166.0 50.0
14 63 103.0 143.0
72 4 195.0 148.0
12 65 130.0 35.0
54 24 118.0 122.0
17 59 75.0 1.0
44 34 4.0 183.0
72 3 31.0 161.0
51 27 106.0 149.0
15 58 46.0 9.0
79 51 31.0 41.0
35 89 105.0 113.0
88 37 177.0 175.0
75 3 108.0 4.0
29 58 94.0 64.0
75 5 32.0 125.0
59 15 19.0 138.0
56 23 147.0 18.0
35 24 4.0 130.0
1 5 27.0 61.0
21 57 166.0 156.0
66 11 90.0 27.0
22 48 170.0 137.0
50 63 9.0 2.0
40 53 160.0 181.0
44 32 1.0 107.0
41 58 50.0 157.0
67 13 113.0 30.0
67 11 19.0 32.0
17 53 152.0 61.0
14 60 123.0 122.0
64 78 54.0 133.0
2 75 161.0 14.0
54 26 27.0 115.0
41 63 144.0 30.0
33 44 49.0 57.0
61 20 2.0 20.0
21 63 155.0 154.0
11 68 197.0 30.0
43 34 75.0 3.0
31 48 198.0 36.0
58 20 153.0 26.0
58 18 171.0 49.0
64 15 170.0 172.0
68 9 0.0 172.0
58 79 59.0 107.0
34 46 12.0 9.0
45 24 35.0 87.0
9 67 72.0 185.0
49 29 107.0 177.0
67 12 191.0 30.0
46 84 185.0 162.0
32 47 23.0 185.0
45 35 72.0 34.0
50 30 36.0 84.0
58 22 38.0 23.0
28 45 131.0 62.0
53 33 144.0 39.0
42 36 55.0 135.0
25 51 20.0 40.0
46 32 5.0 43.0
59 21 54.0 77.0
16 61 81.0 90.0
70 9 141.0 119.0
2 78 47.0 73.0
28 43 96.0 143.0
39 40 158.0 104.0
20 60 120.0 178.0
57 85 49.0 125.0
35 75 29.0 103.0
81 87 9.0 111.0
48 29 39.0 151.0
69 8 194.0 86.0
59 18 173.0 43.0
54 70 45.0 83.0
57 22 174.0 166.0
45 36 144.0 23.0
29 50 18.0 173.0
52 27 189.0 179.0
50 71 87.0 180.0
71 10 146.0 82.0
51 58 13.0 120.0
19 59 75.0 59.0
63 17 157.0 49.0
26 53 170.0 101.0
25 76 81.0 140.0
4 61 130.0 22.0
51 29 109.0 170.0
50 28 21.0 7.0
24 55 57.0 34.0
86 46 4.0 132.0
43 31 195.0 162.0
12 69 63.0 165.0
60 22 2.0 96.0
65 13 180.0 84.0
42 40 92.0 41.0
69 60 139.0 113.0
12 68 115.0 148.0
48 24 168.0 120.0
18 73 126.0 163.0
65 17 188.0 141.0
17 78 116.0 190.0
76 6 27.0 97.0
35 44 139.0 119.0
63 16 172.0 31.0
79 2 182.0 39.0
23 80 179.0 150.0
52 28 91.0 57.0
59 41 84.0 79.0
22 56 46.0 153.0
78 43 80.0 73.0
73 6 136.0 172.0
62 20 119.0 60.0
73 20 147.0 101.0
65 16 52.0 126.0
66 17 119.0 95.0
17 85 26.0 156.0
32 49 195.0 72.0
45 37 155.0 75.0
43 36 29.0 91.0
46 33 137.0 148.0
72 80 62.0 84.0
26 63 27.0 66.0
54 27 137.0 146.0
46 36 36.0 115.0
47 33 26.0 183.0
20 81 136.0 182.0
54 28 12.0 165.0
38 74 180.0 149.0
26 74 72.0 194.0
65 10 198.0 51.0
38 43 15.0 135.0
38 44 168.0 3.0
73 5 83.0 194.0
87 69 6.0 172.0
55 48 83.0 171.0
30 51 70.0 15.0
37 70 6.0 142.0
55 28 148.0 4.0
41 10 148.0 163.0
74 10 188.0 68.0
5 76 52.0 24.0
54 37 49.0 11.0
46 63 88.0 132.0
62 18 112.0 110.0
80 2 130.0 118.0
55 25 95.0 30.0
74 6 61.0 195.0
19 61 167.0 2.0
65 18 126.0 171.0
15 68 11.0 176.0
48 33 19.0 52.0
59 53 68.0 131.0
78 73 118.0 150.0
61 22 92.0 165.0
48 36 140.0 153.0
28 56 160.0 59.0
84 42 59.0 86.0
14 85 178.0 71.0
79 4 35.0 149.0
88 23 5.0 103.0
51 16 111.0 75.0
16 67 64.0 3.0
8 70 83.0 4.0
8 74 198.0 43.0
23 61 60.0 57.0
67 31 171.0 190.0
77 4 41.0 158.0
7 74 62.0 198.0
50 21 6.0 174.0
39 60 172.0 70.0
50 33 103.0 7.0
9 75 41.0 101.0
81 1 132.0 54.0
70 13 146.0 55.0
4 80 116.0 139.0
57 38 94.0 178.0
32 42 133.0 52.0
21 62 72.0 106.0
61 46 95.0 175.0
78 1 104.0 88.0
72 63 82.0 188.0
73 9 179.0 28.0
42 41 34.0 47.0
43 41 172.0 80.0
39 34 116.0 106.0
34 50 11.0 188.0
35 47 49.0 106.0
87 57 187.0 105.0
30 74 180.0 69.0
54 29 96.0 111.0
43 42 179.0 83.0
64 18 17.0 152.0
58 24 158.0 133.0
47 85 107.0 169.0
4 81 38.0 109.0
78 4 63.0 26.0
11 70 148.0 195.0
60 49 19.0 197.0
53 29 103.0 151.0
85 1 147.0 121.0
76 8 143.0 106.0
5 74 174.0 50.0
61 13 77.0 165.0
32 51 138.0 92.0
51 90 192.0 38.0
48 86 65.0 163.0
38 75 15.0 168.0
40 52 186.0 162.0
81 11 32.0 129.0
27 61 199.0 159.0
51 33 169.0 28.0
39 45 9.0 59.0
41 39 8.0 1.0
56 46 153.0 73.0
82 44 1.0 120.0
58 25 187.0 187.0
65 20 103.0 171.0
5 71 92.0 102.0
68 17 73.0 14.0
63 44 113.0 35.0
14 79 9.0 73.0
86 27 137.0 162.0
5 78 78.0 138.0
82 2 75.0 65.0
32 50 195.0 178.0
47 34 126.0 40.0
48 34 68.0 151.0
31 49 3.0 181.0
18 85 32.0 12.0
73 37 44.0 169.0
71 70 180.0 122.0
55 23 83.0 8.0
71 15 0.0 31.0
42 72 85.0 78.0
23 62 156.0 154.0
71 13 199.0 159.0
72 11 198.0 32.0
70 44 161.0 42.0
54 30 102.0 94.0
39 38 90.0 185.0
45 41 11.0 90.0
70 42 116.0 49.0
14 70 175.0 25.0
12 74 88.0 175.0
31 50 61.0 87.0
81 72 125.0 175.0
26 60 111.0 27.0
58 19 115.0 1.0
42 38 125.0 79.0
28 69 20.0 41.0
8 78 29.0 147.0
32 48 167.0 70.0
7 77 194.0 28.0
14 64 93.0 119.0
34 51 99.0 4.0
65 59 149.0 15.0
9 76 71.0 74.0
21 66 161.0 43.0
12 73 41.0 190.0
46 39 146.0 8.0
70 50 112.0 140.0
53 31 121.0 157.0
57 27 127.0 20.0
34 49 177.0 28.0
84 2 159.0 48.0
15 70 161.0 120.0
85 72 99.0 3.0
63 23 45.0 45.0
25 79 49.0 157.0
73 87 13.0 170.0
85 2 51.0 92.0
55 29 115.0 180.0
88 30 2.0 75.0
56 30 58.0 164.0
54 32 182.0 157.0
18 66 187.0 179.0
48 37 147.0 188.0
75 11 133.0 112.0
8 79 134.0 136.0
39 88 108.0 50.0
79 68 122.0 110.0
5 81 83.0 181.0
86 41 28.0 17.0
40 46 42.0 167.0
9 77 38.0 141.0
6 80 21.0 171.0
7 78 190.0 108.0
33 54 75.0 50.0
4 82 11.0 149.0
19 66 132.0 94.0
87 1 170.0 112.0
73 14 143.0 165.0
46 35 107.0 181.0
45 42 121.0 81.0
11 73 94.0 63.0
71 16 38.0 121.0
68 19 165.0 49.0
21 67 126.0 49.0
15 73 67.0 96.0
55 32 188.0 162.0
80 8 80.0 95.0
9 79 118.0 153.0
64 23 120.0 12.0
30 58 60.0 158.0
22 64 60.0 25.0
64 24 15.0 186.0
85 3 38.0 34.0
87 8 16.0 26.0
62 22 94.0 48.0
40 45 24.0 12.0
52 37 5.0 144.0
43 46 120.0 66.0
71 17 71.0 181.0
24 52 163.0 38.0
2 45 51.0 154.0
63 43 115.0 19.0
47 59 161.0 161.0
13 75 193.0 185.0
72 62 114.0 198.0
32 56 199.0 34.0
21 68 130.0 22.0
14 75 89.0 94.0
49 28 108.0 92.0
39 50 139.0 23.0
83 27 154.0 52.0
18 70 114.0 99.0
62 26 7.0 180.0
70 20 126.0 158.0
18 68 21.0 56.0
16 73 80.0 110.0
30 57 35.0 188.0
55 35 103.0 126.0
80 11 160.0 57.0
20 89 141.0 74.0
78 65 23.0 148.0
52 36 106.0 101.0
4 83 34.0 127.0
25 71 67.0 114.0
71 18 116.0 54.0
68 71 116.0 19.0
61 69 181.0 28.0
88 3 45.0 122.0
60 28 32.0 69.0
7 83 122.0 139.0
29 57 197.0 156.0
57 32 153.0 16.0
43 47 141.0 21.0
64 26 64.0 9.0
10 69 156.0 45.0
56 40 7.0 2.0
1 86 24.0 39.0
69 18 178.0 146.0
77 11 157.0 127.0
65 64 0.0 63.0
56 34 15.0 93.0
54 35 97.0 31.0
84 5 190.0 54.0
64 27 90.0 197.0
60 30 176.0 66.0
54 36 20.0 154.0
70 62 96.0 130.0
21 64 189.0 48.0
20 25 58.0 156.0
19 78 144.0 156.0
27 63 163.0 134.0
36 50 49.0 5.0
81 8 144.0 25.0
24 62 112.0 117.0
56 29 142.0 160.0
86 4 125.0 131.0
27 62 51.0 136.0
72 18 147.0 147.0
40 49 176.0 110.0
58 32 142.0 25.0
3 87 183.0 39.0
20 69 100.0 95.0
6 83 51.0 42.0
62 29 118.0 128.0
78 35 97.0 121.0
43 48 114.0 44.0
31 57 171.0 90.0
46 58 167.0 65.0
59 31 4.0 102.0
55 40 71.0 56.0
49 38 124.0 74.0
22 68 93.0 42.0
10 86 128.0 142.0
24 67 36.0 194.0
12 78 169.0 159.0
74 17 126.0 137.0
86 5 150.0 83.0
70 22 49.0 173.0
53 39 118.0 173.0
65 24 22.0 163.0
37 36 17.0 102.0
40 50 89.0 6.0
77 18 142.0 58.0
22 67 128.0 21.0
40 85 32.0 78.0
66 23 137.0 33.0
29 63 54.0 7.0
1 89 161.0 77.0
62 28 25.0 130.0
56 35 66.0 114.0
76 15 148.0 9.0
71 23 11.0 28.0
34 58 33.0 195.0
63 28 161.0 123.0
89 73 66.0 168.0
76 38 138.0 179.0
17 69 109.0 164.0
65 27 52.0 175.0
46 57 28.0 153.0
23 69 156.0 39.0
58 33 150.0 142.0
44 46 156.0 63.0
80 12 57.0 174.0
83 10 157.0 195.0
75 12 62.0 66.0
83 24 97.0 67.0
81 71 0.0 125.0
42 49 193.0 157.0
50 42 72.0 143.0
69 80 167.0 180.0
65 4 171.0 24.0
59 34 76.0 80.0
66 25 25.0 139.0
82 57 173.0 75.0
56 38 179.0 174.0
90 3 125.0 173.0
43 49 2.0 197.0
35 58 122.0 121.0
78 14 144.0 93.0
31 46 105.0 21.0
7 75 66.0 83.0
46 45 48.0 40.0
74 19 84.0 27.0
84 8 135.0 9.0
34 90 152.0 89.0
39 54 124.0 26.0
21 80 82.0 69.0
12 82 171.0 188.0
84 10 24.0 38.0
70 24 195.0 24.0
69 74 149.0 79.0
21 70 81.0 84.0
73 76 40.0 185.0
26 67 100.0 117.0
76 16 80.0 134.0
80 7 86.0 51.0
77 16 78.0 62.0
66 27 171.0 74.0
70 66 197.0 120.0
90 2 50.0 30.0
20 72 121.0 43.0
16 72 15.0 173.0
83 11 78.0 95.0
4 89 79.0 116.0
21 60 116.0 110.0
25 68 105.0 87.0
6 85 140.0 55.0
5 88 198.0 142.0
51 42 33.0 71.0
16 87 43.0 49.0
8 86 37.0 73.0
6 88 40.0 117.0
90 68 87.0 108.0
66 86 156.0 193.0
2 87 72.0 48.0
66 62 139.0 22.0
83 12 74.0 172.0
14 80 144.0 69.0
83 56 169.0 182.0
79 15 108.0 161.0
71 40 145.0 195.0
88 41 172.0 53.0
81 9 26.0 196.0
16 74 173.0 165.0
50 43 104.0 47.0
5 87 37.0 1.0
25 86 0.0 6.0
86 9 168.0 108.0
61 33 6.0 65.0
71 20 137.0 179.0
85 68 169.0 115.0
44 50 161.0 143.0
52 41 88.0 18.0
48 46 175.0 125.0
7 88 196.0 128.0
89 5 193.0 164.0
85 42 193.0 0.0
81 15 176.0 130.0
7 81 108.0 97.0
14 72 102.0 70.0
59 27 146.0 191.0
26 65 69.0 122.0
75 83 108.0 65.0
43 45 35.0 54.0
63 37 165.0 28.0
82 14 99.0 141.0
63 34 136.0 8.0
16 79 118.0 190.0
61 82 33.0 65.0
83 80 58.0 102.0
64 31 131.0 119.0
61 32 62.0 118.0
60 35 172.0 179.0
1 83 67.0 71.0
46 49 95.0 155.0
82 37 83.0 166.0
15 80 33.0 116.0
21 89 63.0 92.0
28 66 37.0 146.0
55 41 19.0 99.0
84 11 76.0 191.0
43 75 16.0 95.0
68 26 107.0 63.0
32 70 132.0 143.0
63 30 134.0 118.0
46 50 167.0 197.0
85 10 61.0 5.0
16 78 28.0 32.0
34 61 191.0 56.0
49 45 83.0 159.0
21 73 8.0 143.0
33 64 169.0 92.0
30 65 127.0 103.0
59 33 97.0 47.0
9 84 62.0 158.0
52 43 148.0 90.0
69 24 3.0 91.0
55 38 110.0 38.0
17 84 182.0 70.0
52 63 21.0 151.0
19 76 97.0 148.0
6 90 9.0 195.0
90 7 12.0 23.0
59 36 13.0 112.0
36 60 15.0 168.0
53 42 32.0 77.0
32 52 16.0 15.0
25 70 187.0 37.0
27 69 185.0 84.0
81 16 36.0 146.0
88 60 185.0 48.0
46 83 199.0 150.0
25 73 74.0 167.0
71 85 122.0 107.0
72 24 6.0 138.0
66 30 166.0 193.0
45 50 150.0 103.0
79 18 198.0 186.0
21 74 6.0 135.0
90 58 167.0 6.0
66 26 138.0 42.0
32 60 161.0 13.0
78 15 15.0 119.0
54 44 96.0 133.0
74 24 3.0 46.0
45 47 10.0 153.0
32 53 71.0 169.0
60 37 186.0 190.0
32 63 69.0 76.0
49 47 108.0 183.0
68 29 176.0 76.0
72 27 109.0 24.0
27 67 189.0 64.0
62 33 178.0 152.0
88 9 134.0 1.0
71 27 100.0 72.0
78 20 13.0 169.0
38 58 183.0 74.0
38 59 126.0 111.0
82 86 110.0 35.0
77 22 116.0 51.0
48 49 29.0 46.0
75 80 124.0 115.0
57 40 22.0 24.0
16 80 127.0 188.0
12 84 57.0 63.0
21 77 75.0 183.0
45 53 171.0 137.0
87 11 193.0 87.0
55 43 69.0 22.0
68 32 179.0 193.0
46 52 15.0 153.0
87 82 166.0 142.0
17 80 119.0 176.0
3 89 194.0 147.0
17 81 55.0 117.0
64 76 18.0 1.0
37 47 127.0 87.0
52 48 143.0 58.0
54 47 70.0 110.0
13 86 60.0 189.0
67 32 94.0 132.0
89 10 110.0 40.0
23 75 189.0 118.0
84 90 157.0 159.0
60 41 112.0 84.0
39 55 137.0 7.0
67 29 11.0 159.0
29 71 85.0 71.0
70 17 142.0 180.0
65 43 198.0 52.0
84 16 45.0 139.0
81 18 88.0 3.0
60 40 30.0 152.0
15 84 40.0 119.0
57 44 104.0 51.0
44 55 45.0 190.0
76 13 112.0 139.0
53 48 25.0 62.0
42 54 107.0 70.0
81 19 3.0 147.0
77 23 47.0 186.0
89 11 192.0 87.0
59 39 68.0 97.0
82 17 194.0 65.0
45 51 7.0 59.0
49 50 61.0 184.0
33 66 182.0 121.0
90 9 145.0 138.0
81 27 83.0 144.0
71 31 22.0 75.0
19 67 190.0 42.0
20 80 76.0 184.0
74 27 58.0 84.0
50 79 48.0 72.0
56 54 108.0 182.0
34 81 133.0 5.0
72 28 82.0 16.0
71 24 159.0 104.0
39 69 132.0 101.0
34 67 68.0 160.0
74 65 102.0 78.0
23 76 140.0 150.0
85 16 109.0 0.0
8 88 1.0 194.0
39 72 193.0 35.0
29 66 175.0 104.0
75 26 194.0 59.0
20 79 76.0 14.0
36 67 81.0 178.0
54 45 43.0 174.0
83 25 17.0 104.0
46 54 40.0 171.0
53 47 116.0 186.0
89 61 87.0 44.0
51 46 91.0 34.0
88 15 140.0 119.0
73 29 89.0 173.0
77 19 141.0 84.0
14 87 6.0 111.0
47 55 100.0 199.0
83 16 90.0 16.0
52 51 27.0 130.0
56 44 191.0 70.0
86 15 58.0 83.0
87 15 119.0 147.0
35 52 78.0 13.0
23 79 9.0 37.0
52 50 150.0 109.0
12 88 152.0 193.0
86 16 158.0 132.0
66 37 51.0 150.0
37 65 134.0 61.0
41 64 47.0 6.0
41 53 114.0 125.0
13 89 157.0 124.0
78 21 123.0 59.0
58 45 154.0 28.0
86 61 62.0 112.0
45 29 10.0 66.0
59 78 138.0 145.0
60 42 31.0 185.0
41 54 121.0 98.0
41 62 128.0 30.0
88 20 71.0 3.0
12 89 117.0 177.0
74 9 58.0 132.0
65 41 152.0 68.0
80 36 117.0 42.0
39 71 94.0 101.0
74 82 20.0 167.0
64 42 84.0 100.0
30 72 181.0 107.0
21 79 79.0 50.0
77 65 30.0 137.0
55 46 114.0 134.0
74 39 143.0 183.0
69 35 103.0 38.0
29 74 64.0 124.0
31 73 146.0 149.0
76 28 168.0 79.0
26 78 171.0 47.0
79 27 100.0 153.0
46 78 168.0 166.0
61 42 76.0 112.0
59 48 78.0 179.0
90 76 166.0 142.0
12 86 112.0 64.0
33 71 97.0 80.0
51 55 89.0 68.0
68 82 13.0 141.0
59 43 27.0 181.0
19 83 148.0 103.0
60 84 111.0 178.0
72 33 122.0 29.0
29 75 120.0 187.0
90 13 62.0 17.0
73 32 66.0 103.0
31 69 70.0 31.0
46 64 67.0 98.0
51 62 110.0 167.0
49 56 127.0 21.0
26 56 135.0 1.0
36 69 86.0 56.0
68 39 107.0 148.0
39 67 73.0 125.0
16 89 58.0 144.0
37 69 84.0 125.0
57 50 184.0 194.0
22 75 9.0 63.0
58 47 66.0 97.0
25 82 13.0 152.0
48 54 145.0 72.0
87 17 10.0 19.0
70 31 180.0 20.0
60 46 104.0 65.0
45 61 132.0 40.0
26 80 101.0 141.0
59 51 125.0 119.0
88 17 178.0 138.0
35 65 86.0 75.0
18 86 18.0 48.0
64 37 70.0 198.0
79 22 106.0 127.0
52 55 6.0 190.0
34 69 191.0 107.0
88 11 122.0 116.0
71 67 79.0 52.0
22 80 79.0 117.0
65 40 87.0 97.0
85 24 102.0 110.0
69 30 138.0 9.0
21 86 179.0 144.0
65 44 110.0 122.0
84 22 32.0 32.0
33 76 116.0 64.0
45 64 89.0 196.0
66 42 84.0 129.0
76 32 157.0 187.0
90 16 88.0 47.0
34 71 135.0 20.0
60 48 129.0 197.0
68 41 81.0 162.0
59 50 180.0 150.0
67 38 58.0 70.0
36 72 141.0 95.0
68 34 74.0 50.0
52 56 33.0 162.0
24 84 189.0 120.0
68 37 162.0 118.0
51 56 163.0 195.0
69 40 122.0 144.0
22 86 139.0 132.0
38 78 11.0 80.0
64 81 195.0 85.0
90 5 21.0 181.0
36 71 11.0 162.0
40 83 117.0 125.0
53 55 179.0 81.0
76 29 61.0 53.0
43 67 60.0 0.0
62 47 179.0 71.0
51 50 94.0 126.0
90 18 41.0 67.0
35 74 180.0 4.0
57 52 30.0 97.0
64 39 68.0 162.0
32 74 98.0 129.0
29 80 119.0 110.0
52 47 133.0 98.0
31 75 101.0 179.0
67 35 45.0 94.0
88 21 192.0 177.0
87 21 182.0 23.0
49 57 112.0 2.0
73 34 106.0 163.0
48 58 184.0 25.0
47 63 152.0 69.0
23 85 87.0 5.0
31 77 25.0 84.0
87 10 83.0 18.0
59 46 93.0 18.0
31 79 82.0 5.0
45 65 22.0 188.0
83 29 105.0 159.0
69 42 92.0 9.0
56 53 75.0 131.0
39 56 18.0 101.0
22 88 117.0 101.0
65 70 146.0 10.0
20 87 196.0 180.0
89 23 34.0 171.0
84 26 127.0 91.0
32 79 139.0 171.0
79 33 183.0 167.0
43 68 100.0 153.0
30 85 155.0 17.0
85 26 18.0 101.0
87 25 188.0 166.0
55 56 89.0 175.0
72 35 34.0 168.0
34 78 187.0 173.0
30 78 64.0 122.0
21 76 51.0 164.0
37 75 8.0 158.0
32 78 109.0 178.0
44 51 47.0 98.0
37 84 157.0 88.0
85 25 11.0 191.0
19 86 93.0 150.0
81 33 122.0 109.0
27 84 30.0 125.0
78 33 120.0 38.0
23 90 140.0 29.0
54 58 51.0 140.0
90 20 196.0 8.0
40 74 88.0 159.0
79 36 30.0 133.0
82 28 83.0 104.0
33 75 26.0 113.0
49 62 113.0 146.0
40 43 137.0 54.0
30 84 63.0 188.0
41 71 67.0 11.0
77 35 74.0 108.0
78 28 118.0 56.0
87 32 55.0 1.0
63 48 161.0 33.0
60 52 195.0 74.0
58 50 18.0 85.0
53 60 105.0 81.0
32 82 27.0 124.0
55 58 151.0 101.0
88 26 14.0 22.0
87 27 14.0 69.0
23 87 165.0 175.0
64 50 93.0 113.0
46 66 108.0 63.0
74 88 150.0 165.0
53 81 61.0 177.0
24 86 100.0 165.0
77 33 12.0 114.0
77 38 5.0 26.0
89 26 177.0 122.0
49 59 188.0 23.0
54 55 161.0 97.0
30 73 77.0 111.0
46 69 131.0 139.0
17 90 12.0 31.0
56 57 5.0 24.0
56 60 177.0 10.0
38 54 14.0 106.0
45 70 106.0 2.0
82 30 103.0 67.0
44 69 122.0 133.0
45 72 194.0 53.0
79 48 171.0 158.0
68 49 121.0 176.0
90 26 149.0 50.0
40 76 144.0 163.0
65 50 158.0 2.0
81 36 35.0 13.0
42 57 74.0 109.0
36 78 98.0 20.0
88 27 39.0 21.0
51 64 107.0 112.0
86 26 65.0 56.0
88 29 12.0 9.0
55 62 57.0 122.0
54 67 137.0 44.0
60 55 53.0 11.0
54 64 125.0 103.0
45 73 179.0 116.0
78 79 68.0 38.0
55 87 116.0 85.0
59 52 105.0 81.0
31 84 44.0 163.0
81 32 22.0 181.0
35 82 134.0 75.0
52 66 40.0 59.0
36 86 82.0 171.0
36 90 1.0 102.0
65 52 24.0 70.0
31 86 44.0 130.0
35 80 46.0 88.0
51 60 14.0 68.0
31 88 44.0 100.0
43 74 81.0 85.0
57 55 195.0 115.0
85 32 177.0 196.0
78 47 143.0 2.0
56 63 76.0 188.0
72 46 29.0 122.0
75 42 167.0 195.0
77 36 62.0 12.0
87 30 47.0 95.0
89 24 179.0 194.0
38 80 42.0 157.0
81 37 131.0 186.0
39 75 124.0 7.0
34 86 52.0 153.0
69 49 60.0 20.0
56 61 157.0 74.0
59 57 42.0 156.0
66 48 18.0 22.0
22 76 55.0 60.0
39 81 189.0 186.0
15 90 23.0 113.0
58 52 97.0 27.0
41 78 68.0 157.0
54 62 16.0 177.0
47 70 39.0 59.0
66 56 131.0 9.0
58 57 158.0 138.0
33 85 88.0 147.0
81 38 49.0 63.0
57 65 102.0 146.0
75 47 74.0 122.0
84 39 146.0 90.0
53 64 71.0 137.0
84 36 146.0 154.0
68 48 35.0 56.0
84 29 144.0 76.0
59 55 150.0 193.0
83 42 73.0 4.0
27 78 139.0 99.0
27 90 164.0 37.0
71 38 73.0 35.0
69 43 192.0 172.0
33 88 155.0 27.0
72 50 103.0 99.0
65 53 177.0 53.0
42 82 83.0 2.0
42 77 66.0 175.0
44 77 134.0 31.0
47 73 163.0 7.0
37 80 146.0 155.0
27 82 48.0 53.0
76 42 33.0 151.0
89 27 133.0 163.0
17 76 54.0 169.0
77 46 62.0 121.0
36 83 47.0 196.0
40 79 82.0 11.0
33 89 151.0 28.0
68 42 140.0 199.0
29 87 184.0 125.0
71 52 26.0 70.0
55 63 25.0 32.0
76 46 91.0 87.0
57 67 180.0 91.0
79 34 29.0 62.0
53 73 74.0 180.0
39 80 112.0 166.0
68 54 141.0 48.0
58 44 138.0 119.0
76 47 44.0 115.0
20 86 115.0 88.0
74 48 131.0 95.0
89 32 53.0 113.0
75 48 125.0 127.0
59 56 11.0 189.0
32 84 69.0 152.0
53 63 122.0 159.0
48 67 33.0 118.0
79 41 169.0 148.0
34 89 170.0 100.0
74 45 105.0 176.0
72 56 188.0 31.0
66 51 190.0 151.0
22 90 175.0 59.0
79 45 7.0 97.0
52 64 24.0 41.0
6 64 63.0 193.0
56 68 42.0 186.0
65 61 22.0 147.0
44 76 22.0 162.0
58 66 17.0 12.0
70 48 48.0 192.0
54 71 189.0 55.0
52 68 183.0 13.0
45 81 79.0 198.0
46 82 63.0 121.0
82 43 20.0 85.0
41 84 54.0 194.0
53 76 80.0 71.0
77 50 128.0 80.0
32 71 114.0 117.0
29 90 78.0 49.0
82 89 45.0 109.0
73 52 83.0 60.0
84 78 154.0 55.0
84 47 8.0 160.0
43 80 191.0 41.0
83 45 57.0 71.0
44 59 50.0 171.0
39 85 17.0 128.0
37 89 157.0 14.0
45 78 23.0 192.0
70 59 21.0 129.0
40 78 57.0 181.0
13 68 72.0 0.0
87 62 9.0 129.0
68 62 187.0 59.0
62 63 199.0 156.0
43 76 102.0 108.0
82 47 122.0 78.0
61 68 149.0 95.0
68 88 170.0 159.0
90 40 99.0 194.0
18 76 147.0 109.0
72 59 155.0 86.0
69 54 142.0 106.0
41 87 116.0 45.0
48 81 16.0 190.0
59 66 131.0 165.0
88 75 118.0 53.0
43 83 19.0 170.0
72 54 53.0 118.0
80 48 164.0 8.0
79 49 117.0 106.0
79 47 148.0 185.0
87 45 13.0 116.0
39 87 33.0 144.0
90 39 146.0 151.0
81 46 170.0 117.0
70 60 56.0 175.0
66 65 143.0 172.0
81 42 81.0 60.0
67 59 64.0 181.0
80 52 92.0 77.0
72 60 41.0 125.0
89 41 170.0 187.0
66 61 6.0 92.0
45 88 34.0 14.0
62 69 3.0 177.0
67 60 103.0 36.0
45 80 66.0 167.0
64 61 198.0 110.0
80 53 47.0 191.0
78 53 117.0 17.0
67 64 29.0 76.0
47 83 34.0 16.0
49 83 46.0 37.0
84 48 27.0 149.0
70 55 63.0 93.0
80 51 140.0 13.0
68 58 6.0 187.0
77 41 122.0 75.0
67 62 49.0 103.0
43 89 23.0 35.0
51 73 152.0 21.0
31 33 45.0 132.0
42 87 160.0 60.0
87 49 123.0 52.0
58 73 166.0 81.0
77 57 118.0 88.0
79 53 6.0 119.0
65 69 80.0 181.0
54 79 181.0 33.0
84 38 171.0 27.0
44 83 27.0 83.0
68 65 144.0 151.0
48 85 28.0 111.0
89 36 106.0 98.0
51 81 159.0 112.0
90 38 56.0 39.0
77 49 29.0 37.0
47 90 36.0 0.0
81 43 121.0 63.0
55 77 50.0 66.0
51 70 44.0 78.0
89 47 24.0 102.0
86 50 22.0 135.0
62 73 165.0 30.0
85 50 44.0 194.0
75 60 44.0 80.0
55 73 152.0 165.0
85 52 165.0 2.0
67 68 89.0 162.0
86 43 57.0 65.0
67 63 196.0 31.0
86 47 29.0 162.0
52 82 69.0 26.0
61 73 188.0 113.0
53 70 121.0 140.0
63 74 22.0 38.0
48 83 86.0 63.0
10 21 152.0 144.0
61 72 111.0 149.0
70 74 70.0 140.0
44 88 130.0 91.0
58 77 83.0 119.0
57 80 0.0 4.0
64 69 32.0 175.0
55 79 164.0 71.0
88 50 151.0 69.0
83 51 131.0 62.0
86 56 108.0 153.0
66 67 50.0 39.0
90 43 139.0 86.0
77 56 27.0 139.0
51 76 81.0 12.0
68 69 24.0 197.0
70 64 192.0 127.0
56 78 173.0 124.0
67 72 122.0 82.0
84 55 74.0 125.0
61 78 56.0 165.0
71 57 139.0 36.0
82 59 76.0 172.0
50 89 133.0 52.0
90 49 80.0 125.0
66 71 171.0 54.0
54 85 153.0 93.0
65 73 48.0 179.0
83 50 35.0 104.0
90 44 173.0 174.0
76 63 71.0 50.0
86 53 159.0 156.0
87 83 60.0 40.0
85 58 162.0 31.0
83 55 47.0 115.0
70 69 29.0 95.0
28 84 194.0 16.0
76 41 32.0 167.0
53 83 107.0 56.0
85 83 162.0 19.0
79 62 178.0 23.0
59 79 191.0 140.0
79 61 83.0 190.0
53 71 95.0 64.0
72 58 32.0 89.0
68 72 62.0 65.0
66 74 154.0 121.0
89 51 180.0 68.0
72 69 56.0 110.0
64 75 133.0 199.0
45 85 65.0 168.0
77 67 167.0 160.0
52 86 38.0 199.0
82 54 92.0 100.0
87 56 175.0 198.0
61 83 66.0 155.0
63 80 8.0 74.0
60 77 30.0 141.0
84 57 194.0 95.0
74 71 159.0 113.0
54 90 123.0 149.0
55 89 122.0 15.0
51 84 90.0 97.0
75 66 190.0 156.0
69 58 89.0 198.0
88 36 24.0 71.0
64 79 0.0 170.0
66 68 88.0 111.0
61 71 133.0 163.0
53 89 86.0 7.0
67 74 128.0 177.0
86 58 131.0 118.0
77 61 125.0 172.0
83 84 65.0 150.0
53 88 88.0 65.0
83 58 8.0 128.0
78 74 99.0 93.0
73 68 71.0 138.0
65 84 67.0 199.0
73 71 21.0 150.0
76 71 50.0 98.0
53 66 30.0 68.0
64 84 181.0 70.0
61 85 51.0 189.0
67 76 168.0 102.0
66 81 44.0 39.0
85 55 12.0 63.0
83 59 151.0 185.0
87 63 156.0 2.0
77 70 109.0 186.0
87 58 169.0 90.0
73 57 153.0 172.0
53 87 103.0 122.0
66 54 175.0 99.0
87 65 165.0 139.0
78 58 166.0 117.0
66 82 147.0 74.0
90 60 152.0 8.0
63 68 181.0 122.0
80 67 50.0 135.0
88 49 37.0 154.0
68 80 75.0 164.0
85 66 47.0 192.0
66 78 42.0 166.0
85 60 177.0 142.0
72 79 75.0 130.0
55 88 82.0 57.0
90 33 172.0 133.0
78 62 171.0 161.0
55 90 12.0 46.0
71 62 63.0 12.0
88 58 33.0 57.0
78 68 24.0 162.0
90 57 151.0 99.0
56 85 99.0 185.0
31 81 101.0 71.0
59 74 106.0 73.0
89 59 193.0 70.0
69 86 163.0 8.0
68 75 183.0 148.0
64 89 119.0 7.0
87 66 3.0 22.0
88 57 67.0 54.0
62 85 91.0 121.0
81 60 170.0 197.0
71 82 32.0 163.0
74 62 115.0 147.0
77 74 6.0 50.0
71 80 16.0 125.0
60 78 34.0 20.0
87 67 136.0 54.0
35 87 13.0 180.0
89 67 42.0 184.0
77 73 100.0 74.0
88 61 12.0 167.0
65 90 178.0 170.0
66 80 45.0 194.0
81 68 52.0 80.0
54 83 97.0 141.0
76 82 38.0 110.0
88 65 48.0 80.0
63 88 169.0 148.0
84 69 197.0 181.0
69 77 62.0 127.0
84 56 96.0 107.0
73 56 185.0 100.0
88 72 142.0 34.0
87 52 165.0 180.0
86 57 89.0 13.0
83 72 48.0 10.0
63 86 168.0 197.0
81 78 196.0 30.0
79 70 142.0 44.0
86 73 158.0 127.0
80 79 52.0 53.0
86 71 0.0 17.0
78 77 70.0 41.0
86 72 179.0 71.0
85 64 144.0 147.0
76 84 47.0 92.0
77 86 152.0 189.0
83 74 171.0 62.0
84 68 38.0 23.0
70 63 51.0 191.0
83 73 175.0 74.0
73 75 86.0 106.0
62 88 62.0 183.0
70 87 106.0 61.0
89 68 149.0 10.0
62 82 147.0 120.0
72 84 193.0 138.0
67 86 64.0 197.0
90 69 53.0 39.0
73 84 85.0 140.0
74 81 39.0 100.0
75 89 18.0 97.0
78 75 82.0 167.0
85 78 25.0 30.0
74 75 71.0 171.0
79 74 114.0 135.0
64 83 159.0 168.0
66 79 127.0 196.0
79 89 189.0 166.0
83 82 22.0 8.0
80 89 9.0 104.0
88 67 150.0 186.0
79 84 7.0 21.0
79 75 68.0 122.0
50 90 11.0 179.0
79 73 189.0 139.0
77 87 82.0 178.0
74 84 197.0 56.0
86 81 185.0 158.0
86 74 6.0 135.0
76 83 84.0 13.0
88 80 157.0 104.0
66 77 31.0 168.0
88 90 188.0 20.0
67 45 38.0 71.0
88 79 107.0 188.0
86 45 192.0 92.0
84 66 98.0 150.0
81 62 9.0 182.0
78 88 132.0 166.0
77 80 86.0 116.0
87 79 63.0 27.0
56 82 81.0 54.0
43 72 122.0 188.0
85 86 32.0 114.0
90 64 52.0 82.0
74 85 134.0 62.0
88 77 129.0 19.0
76 78 14.0 167.0
80 84 15.0 77.0
70 83 174.0 48.0
89 88 114.0 96.0
62 80 34.0 98.0
90 81 109.0 86.0
68 64 50.0 44.0
71 64 148.0 179.0
77 81 77.0 162.0
54 87 186.0 44.0
87 71 1.0 112.0
68 76 102.0 67.0
84 85 100.0 88.0
90 87 45.0 9.0
81 55 60.0 95.0
80 90 122.0 9.0
79 83 19.0 0.0
34 55 143.0 157.0
80 49 122.0 144.0
88 86 151.0 176.0
59 84 129.0 3.0
88 87 123.0 174.0
87 86 191.0 184.0
67 81 126.0 113.0
86 89 184.0 146.0
87 89 103.0 127.0
75 62 154.0 25.0
80 82 18.0 58.0
38 72 162.0 147.0
83 90 197.0 38.0
65 71 95.0 188.0
83 35 83.0 173.0
89 69 85.0 67.0
61 80 52.0 188.0
80 78 155.0 6.0
23 17 137.0 173.0
82 78 104.0 51.0
85 82 192.0 101.0
89 72 78.0 39.0
58 61 118.0 162.0
72 82 11.0 3.0
68 87 193.0 63.0
22 82 26.0 101.0
81 40 68.0 115.0
64 58 44.0 124.0
84 81 24.0 36.0
72 64 66.0 102.0
87 84 76.0 136.0
62 83 174.0 39.0
84 71 94.0 167.0
71 77 65.0 73.0
82 84 194.0 133.0
0
