93 4278 11 68 526383
61 6 114.0 116.0
56 13 43.0 62.0
84 78 136.0 113.0
14 79 35.0 73.0
74 6 174.0 0.0
21 53 95.0 191.0
48 15 126.0 190.0
73 5 41.0 36.0
11 14 79.0 107.0
24 7 183.0 74.0
84 21 15.0 71.0
6 76 117.0 2.0
81 72 73.0 91.0
30 24 14.0 120.0
38 45 149.0 140.0
50 64 194.0 142.0
75 21 75.0 73.0
27 33 91.0 10.0
51 56 5.0 59.0
38 19 125.0 74.0
89 34 177.0 150.0
57 27 186.0 143.0
69 75 198.0 135.0
45 68 197.0 192.0
86 16 50.0 24.0
46 43 3.0 93.0
3 48 148.0 160.0
67 2 30.0 73.0
35 87 9.0 159.0
18 87 180.0 195.0
68 8 103.0 179.0
73 2 189.0 52.0
16 71 105.0 191.0
20 21 33.0 60.0
68 22 3.0 181.0
24 23 63.0 33.0
14 88 29.0 72.0
82 47 137.0 10.0
54 37 12.0 192.0
3 9 53.0 2.0
89 84 38.0 159.0
11 74 20.0 71.0
3 1 103.0 23.0
22 27 193.0 118.0
19 40 152.0 23.0
86 87 16.0 42.0
30 36 190.0 28.0
55 79 7.0 44.0
70 37 110.0 46.0
15 5 22.0 130.0
4 81 85.0 77.0
12 26 172.0 78.0
63 27 5.0 77.0
20 91 116.0 173.0
33 81 88.0 107.0
66 39 64.0 96.0
73 7 88.0 175.0
9 83 37.0 111.0
70 48 182.0 122.0
73 89 83.0 155.0
22 48 45.0 41.0
45 3 112.0 161.0
2 13 153.0 153.0
47 9 85.0 169.0
15 22 58.0 174.0
10 1 117.0 96.0
73 64 18.0 100.0
57 78 26.0 101.0
32 89 198.0 23.0
90 13 125.0 110.0
22 26 32.0 30.0
34 35 159.0 118.0
54 14 98.0 18.0
37 8 58.0 168.0
71 20 56.0 28.0
2 59 18.0 34.0
52 40 85.0 16.0
50 65 102.0 163.0
91 68 158.0 135.0
7 38 194.0 118.0
51 52 178.0 92.0
57 76 190.0 188.0
93 69 59.0 198.0
34 81 179.0 29.0
25 41 139.0 65.0
13 69 170.0 41.0
41 93 71.0 128.0
37 17 182.0 65.0
66 38 144.0 160.0
21 83 154.0 87.0
58 31 73.0 166.0
19 49 15.0 4.0
88 20 21.0 154.0
86 74 175.0 143.0
73 45 10.0 46.0
62 87 12.0 192.0
29 84 94.0 109.0
73 26 28.0 1.0
56 85 7.0 53.0
38 10 59.0 23.0
28 45 128.0 32.0
25 47 154.0 103.0
92 32 173.0 164.0
10 2 137.0 137.0
14 52 171.0 183.0
75 71 180.0 151.0
60 48 170.0 187.0
56 35 45.0 29.0
78 68 17.0 125.0
19 56 92.0 171.0
87 25 47.0 17.0
49 64 9.0 136.0
20 70 148.0 133.0
48 73 159.0 128.0
26 48 159.0 129.0
81 46 170.0 156.0
18 74 18.0 139.0
34 78 49.0 111.0
9 27 146.0 96.0
90 14 189.0 108.0
18 2 159.0 137.0
49 50 70.0 119.0
4 56 114.0 29.0
8 33 188.0 36.0
12 29 185.0 159.0
11 16 189.0 34.0
40 16 34.0 136.0
27 93 170.0 23.0
69 64 114.0 129.0
18 89 117.0 185.0
52 63 64.0 184.0
3 60 75.0 5.0
86 45 139.0 12.0
14 2 136.0 129.0
46 87 100.0 122.0
12 9 98.0 70.0
56 36 90.0 12.0
32 86 105.0 160.0
54 4 172.0 169.0
63 28 65.0 199.0
72 27 28.0 4.0
57 71 44.0 165.0
62 75 163.0 96.0
68 69 146.0 13.0
9 8 173.0 189.0
91 2 147.0 30.0
5 67 9.0 71.0
92 77 121.0 74.0
11 77 148.0 149.0
52 46 19.0 192.0
26 58 139.0 134.0
31 91 28.0 37.0
3 30 157.0 153.0
31 3 20.0 105.0
67 61 14.0 30.0
43 27 185.0 135.0
10 47 156.0 133.0
92 1 57.0 175.0
56 58 125.0 148.0
53 44 87.0 105.0
73 8 140.0 45.0
2 6 178.0 160.0
16 2 29.0 145.0
70 85 38.0 166.0
38 87 21.0 194.0
85 29 48.0 78.0
85 75 40.0 125.0
23 66 177.0 80.0
74 56 83.0 69.0
65 49 161.0 14.0
91 14 171.0 191.0
3 23 109.0 10.0
16 93 139.0 82.0
2 11 109.0 188.0
12 91 56.0 101.0
62 60 137.0 186.0
22 41 189.0 20.0
89 88 10.0 151.0
8 79 185.0 181.0
8 15 165.0 46.0
13 26 26.0 56.0
58 77 36.0 135.0
73 15 158.0 44.0
73 39 180.0 95.0
78 11 75.0 122.0
6 15 47.0 85.0
91 27 74.0 32.0
39 67 110.0 191.0
92 48 55.0 136.0
29 43 58.0 91.0
56 34 30.0 168.0
71 32 156.0 10.0
41 20 185.0 31.0
32 1 28.0 32.0
25 75 146.0 55.0
48 49 110.0 9.0
1 8 43.0 165.0
49 32 29.0 53.0
65 81 13.0 11.0
17 73 120.0 169.0
18 1 167.0 105.0
29 63 158.0 196.0
44 81 106.0 56.0
34 36 96.0 16.0
44 43 132.0 139.0
74 5 85.0 113.0
83 47 4.0 50.0
24 84 107.0 124.0
19 70 147.0 75.0
37 6 83.0 105.0
86 23 123.0 189.0
59 18 142.0 171.0
60 28 185.0 74.0
31 5 173.0 22.0
51 71 64.0 177.0
61 85 169.0 172.0
59 45 12.0 116.0
50 33 48.0 95.0
12 6 66.0 123.0
71 28 190.0 160.0
53 27 164.0 175.0
29 62 188.0 138.0
39 29 114.0 4.0
18 52 109.0 83.0
3 16 101.0 121.0
17 1 12.0 149.0
23 59 103.0 30.0
86 52 77.0 93.0
76 11 101.0 42.0
72 36 39.0 41.0
62 49 169.0 105.0
7 5 54.0 78.0
18 46 18.0 155.0
10 53 77.0 182.0
16 8 50.0 181.0
57 58 84.0 127.0
69 78 16.0 137.0
18 40 149.0 55.0
86 77 103.0 118.0
80 34 193.0 109.0
77 59 69.0 163.0
16 47 52.0 146.0
52 48 18.0 102.0
13 81 153.0 102.0
66 3 52.0 169.0
40 90 148.0 1.0
7 11 190.0 3.0
7 10 168.0 136.0
84 32 52.0 189.0
78 66 108.0 56.0
20 67 73.0 127.0
54 1 42.0 178.0
1 47 144.0 47.0
43 80 166.0 44.0
26 2 92.0 157.0
27 42 43.0 12.0
71 4 142.0 47.0
69 53 9.0 50.0
26 38 104.0 35.0
39 41 84.0 99.0
85 21 142.0 181.0
7 52 122.0 61.0
51 35 138.0 166.0
74 82 7.0 133.0
85 17 127.0 149.0
67 3 48.0 88.0
38 74 144.0 105.0
20 83 106.0 181.0
5 2 104.0 1.0
52 1 117.0 27.0
33 71 95.0 55.0
59 80 161.0 54.0
3 70 157.0 40.0
70 64 93.0 157.0
44 46 197.0 190.0
35 12 176.0 56.0
12 21 128.0 33.0
21 2 103.0 45.0
72 59 34.0 150.0
43 28 115.0 147.0
2 4 172.0 24.0
67 83 129.0 18.0
35 77 71.0 79.0
86 54 120.0 47.0
72 67 63.0 48.0
68 39 154.0 118.0
7 2 141.0 140.0
41 71 137.0 8.0
72 12 0.0 61.0
1 5 67.0 130.0
79 42 122.0 138.0
93 21 40.0 42.0
87 43 167.0 55.0
81 20 36.0 121.0
33 90 65.0 177.0
65 22 80.0 2.0
31 34 89.0 32.0
36 52 135.0 109.0
91 66 171.0 57.0
86 71 108.0 11.0
20 36 32.0 75.0
55 52 184.0 20.0
48 20 61.0 50.0
39 78 57.0 141.0
16 53 116.0 98.0
9 60 164.0 51.0
33 69 192.0 135.0
46 62 159.0 52.0
4 48 61.0 143.0
4 57 36.0 45.0
76 17 47.0 50.0
93 32 72.0 104.0
82 87 6.0 188.0
54 43 17.0 170.0
19 91 116.0 9.0
9 7 74.0 76.0
63 5 169.0 87.0
62 71 95.0 157.0
13 10 32.0 142.0
24 54 68.0 104.0
46 70 11.0 74.0
19 8 40.0 28.0
3 5 162.0 157.0
23 33 145.0 188.0
37 52 139.0 114.0
30 76 140.0 35.0
70 12 134.0 172.0
64 14 177.0 2.0
81 16 62.0 140.0
21 14 31.0 54.0
12 3 161.0 146.0
72 21 105.0 106.0
73 84 170.0 44.0
66 60 178.0 110.0
70 34 185.0 112.0
47 44 40.0 114.0
59 71 73.0 102.0
84 75 131.0 57.0
22 2 172.0 44.0
14 4 51.0 77.0
61 25 22.0 173.0
82 26 114.0 152.0
57 13 84.0 51.0
4 15 180.0 124.0
31 77 193.0 5.0
58 11 110.0 77.0
10 67 107.0 83.0
45 83 50.0 110.0
14 25 92.0 24.0
7 8 189.0 158.0
25 60 78.0 25.0
18 58 99.0 58.0
41 4 165.0 92.0
13 88 95.0 28.0
60 57 19.0 154.0
46 73 114.0 69.0
9 6 20.0 158.0
69 22 17.0 9.0
79 75 158.0 95.0
39 77 14.0 57.0
78 19 150.0 132.0
12 62 66.0 46.0
25 63 150.0 85.0
42 92 118.0 64.0
55 89 175.0 139.0
16 56 121.0 192.0
36 8 174.0 79.0
5 16 169.0 141.0
64 40 61.0 119.0
6 73 8.0 127.0
43 31 39.0 158.0
29 34 71.0 110.0
29 26 40.0 198.0
79 41 92.0 162.0
46 40 31.0 67.0
85 55 120.0 0.0
1 60 18.0 181.0
38 77 163.0 178.0
12 34 94.0 2.0
67 93 13.0 165.0
25 38 119.0 53.0
78 82 41.0 163.0
27 28 91.0 72.0
82 61 127.0 11.0
26 4 189.0 97.0
80 22 28.0 152.0
56 17 179.0 122.0
17 59 188.0 192.0
3 69 15.0 59.0
20 2 22.0 56.0
8 70 100.0 113.0
35 70 105.0 27.0
71 66 24.0 94.0
7 16 68.0 4.0
90 85 28.0 48.0
50 5 27.0 16.0
71 1 52.0 194.0
74 41 160.0 74.0
17 21 141.0 60.0
88 58 37.0 46.0
1 15 21.0 61.0
24 79 196.0 90.0
70 38 16.0 24.0
40 77 121.0 195.0
75 11 176.0 173.0
51 67 27.0 136.0
87 24 156.0 120.0
81 37 58.0 193.0
81 80 103.0 79.0
65 88 121.0 51.0
32 57 94.0 89.0
38 41 146.0 15.0
51 43 169.0 122.0
16 19 79.0 148.0
42 91 148.0 35.0
3 14 150.0 158.0
35 68 163.0 5.0
62 55 171.0 84.0
18 14 161.0 17.0
54 63 140.0 107.0
12 48 63.0 61.0
17 6 151.0 94.0
78 29 167.0 52.0
77 78 0.0 69.0
52 61 112.0 163.0
21 63 71.0 83.0
76 86 40.0 185.0
55 66 160.0 180.0
19 55 18.0 175.0
44 31 183.0 121.0
57 43 165.0 150.0
28 72 40.0 117.0
37 75 33.0 152.0
42 18 109.0 57.0
10 88 75.0 149.0
58 5 112.0 187.0
59 31 28.0 130.0
59 69 88.0 11.0
16 70 169.0 5.0
48 21 84.0 10.0
93 28 138.0 69.0
46 45 141.0 47.0
39 23 55.0 17.0
27 55 55.0 119.0
83 49 56.0 35.0
12 2 87.0 97.0
90 32 101.0 9.0
51 11 35.0 185.0
17 4 35.0 173.0
29 55 53.0 129.0
77 62 149.0 108.0
23 50 174.0 156.0
5 81 188.0 182.0
8 30 5.0 27.0
60 50 167.0 106.0
60 78 93.0 2.0
61 58 182.0 80.0
17 26 117.0 188.0
85 31 162.0 18.0
80 1 10.0 88.0
79 80 60.0 198.0
15 80 92.0 17.0
36 40 174.0 59.0
24 58 119.0 19.0
14 6 90.0 54.0
12 41 120.0 7.0
71 42 119.0 82.0
40 35 71.0 129.0
20 64 47.0 83.0
50 12 24.0 91.0
51 6 45.0 150.0
63 81 9.0 164.0
67 42 34.0 99.0
80 60 103.0 154.0
6 89 36.0 22.0
28 67 152.0 107.0
37 85 193.0 151.0
3 89 169.0 170.0
92 59 164.0 14.0
10 12 15.0 173.0
8 12 161.0 49.0
34 71 13.0 16.0
64 2 104.0 1.0
69 57 29.0 56.0
48 28 44.0 175.0
21 70 51.0 13.0
6 10 11.0 15.0
26 32 11.0 178.0
6 85 142.0 124.0
61 59 79.0 155.0
58 64 177.0 183.0
13 7 172.0 159.0
4 9 106.0 168.0
11 34 152.0 109.0
66 26 23.0 164.0
57 17 76.0 186.0
7 36 57.0 170.0
3 15 135.0 88.0
50 31 156.0 65.0
7 34 168.0 80.0
70 84 197.0 26.0
24 76 48.0 149.0
8 47 181.0 24.0
62 42 130.0 9.0
77 34 125.0 139.0
20 40 45.0 13.0
68 31 67.0 153.0
62 9 20.0 187.0
90 23 122.0 169.0
5 44 170.0 170.0
91 93 192.0 151.0
40 8 30.0 122.0
41 67 151.0 156.0
11 38 44.0 148.0
68 77 61.0 63.0
85 45 26.0 81.0
6 18 127.0 148.0
38 14 104.0 97.0
11 55 174.0 96.0
60 24 55.0 5.0
90 71 128.0 6.0
15 92 137.0 124.0
75 45 199.0 198.0
87 88 63.0 25.0
82 55 153.0 142.0
68 12 14.0 58.0
64 52 155.0 141.0
76 8 12.0 10.0
78 93 45.0 140.0
89 63 129.0 134.0
3 6 98.0 80.0
87 91 148.0 114.0
50 88 133.0 53.0
12 5 89.0 99.0
4 11 47.0 44.0
43 32 149.0 59.0
29 53 144.0 146.0
20 3 20.0 26.0
4 37 79.0 71.0
14 9 148.0 179.0
87 74 90.0 81.0
39 13 18.0 179.0
48 63 112.0 65.0
92 35 5.0 13.0
87 41 45.0 101.0
43 47 109.0 18.0
84 74 198.0 140.0
16 4 115.0 147.0
2 19 105.0 5.0
28 32 135.0 124.0
92 52 47.0 199.0
16 10 95.0 4.0
18 4 69.0 93.0
24 35 19.0 130.0
15 65 26.0 18.0
11 12 103.0 141.0
54 25 11.0 9.0
54 93 53.0 98.0
51 33 45.0 100.0
23 68 186.0 92.0
45 21 148.0 7.0
55 60 48.0 168.0
29 16 110.0 74.0
56 20 104.0 13.0
44 85 55.0 67.0
84 59 86.0 60.0
91 5 76.0 131.0
72 18 84.0 14.0
37 14 57.0 33.0
20 5 77.0 58.0
86 25 146.0 187.0
44 6 71.0 2.0
90 59 187.0 78.0
24 45 154.0 73.0
50 18 20.0 182.0
33 18 140.0 57.0
29 40 87.0 150.0
17 34 182.0 164.0
56 29 97.0 80.0
32 13 32.0 168.0
71 84 196.0 19.0
33 35 188.0 102.0
50 58 180.0 161.0
75 61 57.0 72.0
5 27 151.0 144.0
58 23 27.0 85.0
49 72 69.0 76.0
84 20 8.0 54.0
4 7 133.0 156.0
54 81 70.0 121.0
45 41 30.0 2.0
6 53 64.0 39.0
79 43 80.0 167.0
19 4 160.0 59.0
28 86 73.0 181.0
12 15 127.0 33.0
32 45 83.0 12.0
5 18 93.0 105.0
15 9 76.0 75.0
48 32 32.0 141.0
7 18 196.0 64.0
27 40 186.0 108.0
30 66 94.0 59.0
78 56 90.0 21.0
5 23 32.0 173.0
13 4 190.0 125.0
92 13 122.0 67.0
42 26 19.0 106.0
2 53 85.0 168.0
92 28 57.0 72.0
93 58 44.0 151.0
19 29 161.0 86.0
51 5 27.0 194.0
9 10 182.0 170.0
81 84 194.0 56.0
14 27 169.0 14.0
7 14 180.0 55.0
39 31 129.0 189.0
86 72 90.0 125.0
8 3 173.0 52.0
18 88 66.0 152.0
62 27 45.0 48.0
15 72 60.0 40.0
4 25 104.0 182.0
36 83 150.0 36.0
18 66 78.0 79.0
42 35 181.0 169.0
5 17 191.0 106.0
46 25 192.0 58.0
51 21 197.0 190.0
91 35 134.0 9.0
59 36 128.0 38.0
23 43 96.0 30.0
15 87 170.0 175.0
28 68 34.0 103.0
26 14 192.0 26.0
38 42 58.0 136.0
62 41 57.0 7.0
75 50 48.0 191.0
83 38 141.0 128.0
15 7 13.0 189.0
8 6 39.0 135.0
71 60 33.0 26.0
73 60 126.0 25.0
8 52 182.0 136.0
92 61 101.0 192.0
15 83 25.0 149.0
25 52 78.0 118.0
64 62 162.0 44.0
65 60 37.0 1.0
26 19 123.0 70.0
78 17 23.0 1.0
68 24 154.0 158.0
82 89 51.0 7.0
76 56 107.0 76.0
12 14 128.0 185.0
73 23 79.0 90.0
83 53 83.0 68.0
72 34 6.0 159.0
3 17 101.0 30.0
55 13 140.0 7.0
6 30 127.0 191.0
83 43 63.0 34.0
54 11 70.0 191.0
16 1 66.0 101.0
75 65 51.0 102.0
3 46 0.0 10.0
18 8 128.0 53.0
69 58 22.0 68.0
85 25 103.0 149.0
65 52 95.0 118.0
60 43 13.0 117.0
65 35 123.0 32.0
4 47 1.0 126.0
90 11 120.0 1.0
1 21 60.0 0.0
84 91 46.0 82.0
20 75 161.0 102.0
33 26 132.0 8.0
69 67 128.0 145.0
8 2 36.0 51.0
53 82 162.0 37.0
90 68 195.0 83.0
2 40 168.0 55.0
37 28 185.0 167.0
9 21 194.0 98.0
44 56 123.0 126.0
29 27 79.0 4.0
34 41 120.0 115.0
27 54 4.0 83.0
26 68 197.0 199.0
4 6 10.0 165.0
28 77 18.0 147.0
4 53 195.0 164.0
13 11 88.0 118.0
36 23 123.0 167.0
14 8 19.0 43.0
71 5 186.0 23.0
70 11 54.0 183.0
14 43 173.0 16.0
19 1 34.0 144.0
93 49 18.0 29.0
58 42 169.0 106.0
64 28 8.0 92.0
45 29 45.0 28.0
32 46 66.0 183.0
57 51 159.0 120.0
22 4 100.0 84.0
69 85 165.0 86.0
41 28 88.0 183.0
67 32 94.0 57.0
57 63 21.0 103.0
17 12 154.0 19.0
45 48 16.0 21.0
6 24 140.0 175.0
52 84 82.0 40.0
6 21 177.0 47.0
3 73 114.0 17.0
11 23 139.0 161.0
85 73 116.0 160.0
70 5 137.0 22.0
4 20 159.0 154.0
68 2 119.0 99.0
85 78 134.0 153.0
1 23 116.0 63.0
23 15 8.0 30.0
5 14 91.0 147.0
10 76 58.0 7.0
79 23 181.0 196.0
65 25 114.0 140.0
26 52 29.0 33.0
36 14 3.0 115.0
57 70 26.0 119.0
82 71 127.0 34.0
8 21 5.0 18.0
1 57 39.0 63.0
79 1 183.0 20.0
25 16 97.0 97.0
65 48 185.0 126.0
61 48 159.0 141.0
24 43 39.0 185.0
20 22 160.0 166.0
40 81 152.0 165.0
44 39 71.0 192.0
40 38 1.0 55.0
20 6 180.0 98.0
18 78 7.0 118.0
32 25 93.0 166.0
67 9 34.0 84.0
28 6 34.0 194.0
86 57 51.0 187.0
93 29 179.0 122.0
66 41 172.0 181.0
11 20 21.0 153.0
3 74 81.0 180.0
5 13 1.0 126.0
19 57 181.0 35.0
62 74 150.0 15.0
35 25 32.0 153.0
3 22 133.0 11.0
1 74 191.0 105.0
1 89 88.0 164.0
67 44 115.0 169.0
13 9 46.0 69.0
80 7 71.0 27.0
26 1 130.0 21.0
61 1 35.0 114.0
54 30 160.0 168.0
10 80 150.0 104.0
3 19 173.0 38.0
48 38 57.0 41.0
17 10 114.0 56.0
10 11 156.0 185.0
41 3 180.0 39.0
3 32 89.0 15.0
18 9 6.0 1.0
44 74 100.0 156.0
77 82 91.0 74.0
26 85 115.0 149.0
52 19 143.0 29.0
21 33 175.0 100.0
35 53 60.0 107.0
82 86 28.0 101.0
50 2 121.0 34.0
1 22 38.0 22.0
29 1 148.0 129.0
75 26 188.0 63.0
42 37 84.0 131.0
67 34 186.0 11.0
84 1 119.0 198.0
86 30 153.0 99.0
31 45 17.0 74.0
47 54 69.0 55.0
44 57 59.0 169.0
80 49 59.0 47.0
83 17 194.0 143.0
16 6 141.0 132.0
26 7 16.0 12.0
17 7 86.0 169.0
18 12 175.0 56.0
50 46 140.0 196.0
9 20 120.0 0.0
66 79 37.0 131.0
93 19 149.0 31.0
42 77 4.0 90.0
81 6 178.0 20.0
43 39 65.0 16.0
32 65 132.0 192.0
18 38 88.0 25.0
55 8 114.0 160.0
86 38 59.0 103.0
54 2 49.0 8.0
2 24 46.0 53.0
35 48 21.0 24.0
3 26 7.0 86.0
43 76 1.0 139.0
18 86 30.0 89.0
93 5 70.0 96.0
40 79 163.0 81.0
78 22 134.0 12.0
14 13 147.0 180.0
16 14 10.0 168.0
83 75 110.0 17.0
55 36 8.0 111.0
29 74 118.0 38.0
76 46 0.0 140.0
31 93 172.0 163.0
11 3 153.0 58.0
75 5 85.0 52.0
16 20 144.0 47.0
1 28 167.0 6.0
61 27 53.0 127.0
19 6 128.0 124.0
25 37 91.0 128.0
37 26 100.0 15.0
10 15 12.0 54.0
50 76 164.0 49.0
9 2 161.0 60.0
40 9 93.0 128.0
35 80 110.0 146.0
60 20 81.0 39.0
55 33 173.0 124.0
5 19 182.0 25.0
63 72 133.0 194.0
55 39 121.0 97.0
53 55 109.0 82.0
63 16 65.0 154.0
2 3 47.0 128.0
21 65 162.0 129.0
4 89 1.0 87.0
11 24 110.0 135.0
3 83 34.0 43.0
26 76 170.0 155.0
37 74 132.0 31.0
89 77 123.0 149.0
80 42 65.0 170.0
1 11 187.0 27.0
2 17 50.0 140.0
74 39 74.0 160.0
26 79 84.0 60.0
59 54 155.0 54.0
35 13 109.0 87.0
87 4 13.0 32.0
43 81 167.0 78.0
13 17 111.0 106.0
17 42 54.0 161.0
78 1 184.0 80.0
78 13 181.0 20.0
66 89 169.0 137.0
6 43 88.0 79.0
46 59 136.0 54.0
44 49 177.0 103.0
12 19 65.0 88.0
58 45 186.0 71.0
43 92 8.0 122.0
11 15 9.0 190.0
8 17 187.0 179.0
57 18 125.0 27.0
74 76 196.0 61.0
30 47 108.0 173.0
63 3 84.0 125.0
47 87 43.0 22.0
85 24 2.0 3.0
36 88 162.0 11.0
11 56 32.0 101.0
73 61 178.0 157.0
44 75 176.0 174.0
26 45 59.0 36.0
7 22 80.0 95.0
9 22 115.0 75.0
1 12 55.0 117.0
8 44 0.0 169.0
6 48 176.0 184.0
15 62 160.0 154.0
41 19 197.0 88.0
63 50 43.0 8.0
38 75 148.0 123.0
65 2 141.0 64.0
15 53 5.0 196.0
5 9 86.0 5.0
71 23 185.0 14.0
82 24 147.0 98.0
40 78 131.0 144.0
33 54 101.0 174.0
33 30 183.0 49.0
31 78 181.0 124.0
11 9 13.0 138.0
37 93 176.0 51.0
22 29 121.0 113.0
50 48 185.0 68.0
13 12 61.0 116.0
8 20 127.0 162.0
47 34 45.0 110.0
17 9 180.0 179.0
3 25 199.0 145.0
23 7 51.0 127.0
66 67 0.0 125.0
22 49 154.0 137.0
16 12 76.0 167.0
33 59 94.0 3.0
92 21 177.0 91.0
27 82 13.0 157.0
27 4 57.0 164.0
4 70 66.0 109.0
5 25 40.0 18.0
34 6 138.0 146.0
10 14 163.0 166.0
6 84 190.0 9.0
9 89 191.0 168.0
17 15 167.0 156.0
23 8 136.0 24.0
59 83 152.0 3.0
23 4 51.0 144.0
13 91 43.0 141.0
3 18 197.0 158.0
6 13 17.0 188.0
9 57 47.0 160.0
41 33 118.0 166.0
22 61 106.0 6.0
16 13 99.0 58.0
58 65 64.0 102.0
62 54 49.0 60.0
70 78 132.0 198.0
91 89 158.0 101.0
52 39 184.0 157.0
5 24 71.0 54.0
92 20 93.0 177.0
70 72 157.0 145.0
43 3 140.0 173.0
19 7 146.0 141.0
87 58 142.0 30.0
3 21 29.0 100.0
40 74 179.0 165.0
14 84 197.0 3.0
10 87 53.0 43.0
65 31 15.0 162.0
31 23 30.0 108.0
25 1 125.0 128.0
88 30 124.0 67.0
14 1 92.0 153.0
74 57 60.0 24.0
47 93 120.0 10.0
86 60 32.0 126.0
11 21 132.0 47.0
72 85 146.0 163.0
21 32 98.0 23.0
59 43 149.0 22.0
43 19 91.0 194.0
75 48 38.0 151.0
24 3 156.0 159.0
73 20 63.0 188.0
13 19 150.0 196.0
53 7 52.0 48.0
1 30 109.0 151.0
32 52 77.0 10.0
71 54 2.0 168.0
4 8 171.0 41.0
27 60 55.0 128.0
79 85 66.0 119.0
55 65 0.0 168.0
20 12 132.0 52.0
48 79 106.0 193.0
36 9 38.0 183.0
60 54 135.0 40.0
65 40 64.0 106.0
8 5 78.0 119.0
7 21 7.0 145.0
40 42 35.0 159.0
18 10 74.0 168.0
48 39 152.0 180.0
25 8 30.0 142.0
16 15 98.0 165.0
4 3 106.0 162.0
4 12 113.0 184.0
84 28 34.0 72.0
70 54 77.0 69.0
2 28 67.0 151.0
14 60 172.0 172.0
51 53 123.0 2.0
17 50 18.0 21.0
51 29 105.0 76.0
42 11 146.0 170.0
37 65 89.0 180.0
11 6 22.0 118.0
75 18 94.0 42.0
75 73 8.0 67.0
32 24 178.0 131.0
72 50 188.0 148.0
78 80 162.0 93.0
88 81 130.0 109.0
27 2 36.0 171.0
25 31 131.0 58.0
46 39 119.0 177.0
18 43 147.0 127.0
65 92 63.0 77.0
25 7 59.0 51.0
45 69 85.0 21.0
56 12 120.0 16.0
30 17 111.0 108.0
46 13 91.0 194.0
3 28 38.0 10.0
23 12 90.0 137.0
80 17 166.0 153.0
75 77 88.0 25.0
52 17 115.0 173.0
1 27 101.0 188.0
55 10 158.0 12.0
20 66 187.0 49.0
21 27 3.0 177.0
15 58 1.0 94.0
72 80 119.0 119.0
64 90 160.0 7.0
22 6 175.0 76.0
84 51 3.0 76.0
60 13 80.0 161.0
78 52 83.0 19.0
78 90 76.0 86.0
52 87 142.0 29.0
74 28 88.0 13.0
24 64 42.0 48.0
14 92 178.0 18.0
49 71 157.0 133.0
83 1 87.0 189.0
53 46 183.0 122.0
40 83 170.0 11.0
4 28 73.0 64.0
23 6 40.0 113.0
70 67 153.0 83.0
2 32 35.0 84.0
66 37 139.0 144.0
38 23 73.0 178.0
66 92 1.0 8.0
79 63 3.0 171.0
92 27 57.0 29.0
35 23 113.0 97.0
87 56 199.0 66.0
51 82 37.0 34.0
2 15 184.0 128.0
8 10 156.0 9.0
93 83 21.0 109.0
52 10 58.0 177.0
34 63 179.0 67.0
85 48 61.0 44.0
9 71 186.0 12.0
58 19 133.0 175.0
23 55 191.0 69.0
57 7 121.0 99.0
89 48 141.0 95.0
57 82 107.0 151.0
49 7 34.0 86.0
54 42 183.0 47.0
17 62 157.0 170.0
78 6 185.0 90.0
59 11 163.0 176.0
15 91 189.0 36.0
45 20 75.0 130.0
6 52 89.0 182.0
58 59 33.0 76.0
10 5 47.0 169.0
79 4 192.0 4.0
11 18 37.0 130.0
65 23 196.0 152.0
21 66 121.0 137.0
83 46 180.0 197.0
2 66 151.0 69.0
32 41 6.0 136.0
17 16 156.0 53.0
24 9 33.0 100.0
12 75 111.0 22.0
10 4 175.0 59.0
81 52 188.0 96.0
2 56 67.0 168.0
29 13 81.0 170.0
53 32 156.0 87.0
79 49 113.0 64.0
6 67 56.0 98.0
46 23 36.0 119.0
38 55 163.0 163.0
19 11 47.0 104.0
16 60 186.0 114.0
72 66 102.0 19.0
2 93 60.0 10.0
48 8 55.0 125.0
72 13 91.0 63.0
34 61 143.0 80.0
14 15 145.0 59.0
36 1 65.0 192.0
57 49 106.0 51.0
5 26 191.0 160.0
25 6 186.0 4.0
1 20 141.0 41.0
30 29 49.0 33.0
87 79 104.0 144.0
25 36 116.0 1.0
33 80 162.0 181.0
35 88 51.0 20.0
51 86 89.0 42.0
1 69 52.0 75.0
25 11 81.0 193.0
11 8 163.0 82.0
12 7 104.0 67.0
14 20 4.0 20.0
40 82 120.0 166.0
76 16 145.0 123.0
5 4 21.0 34.0
68 62 44.0 73.0
43 26 55.0 77.0
41 61 40.0 18.0
83 64 72.0 144.0
22 17 174.0 76.0
5 32 55.0 46.0
47 65 100.0 0.0
66 58 4.0 121.0
24 77 83.0 1.0
7 77 161.0 90.0
9 25 128.0 154.0
39 59 106.0 0.0
74 25 84.0 32.0
56 59 5.0 91.0
28 75 40.0 57.0
17 14 134.0 197.0
6 38 40.0 17.0
21 47 18.0 2.0
22 52 16.0 146.0
15 78 173.0 74.0
8 22 150.0 10.0
19 10 89.0 155.0
18 36 31.0 82.0
58 74 122.0 165.0
24 8 161.0 163.0
92 36 114.0 180.0
87 6 31.0 82.0
82 9 152.0 157.0
54 67 104.0 54.0
9 35 21.0 146.0
68 49 21.0 52.0
21 4 144.0 143.0
44 70 99.0 57.0
12 80 0.0 13.0
84 45 93.0 32.0
53 5 20.0 197.0
71 25 32.0 125.0
19 17 140.0 6.0
39 83 14.0 113.0
81 59 133.0 110.0
36 85 194.0 185.0
1 33 25.0 195.0
28 8 3.0 118.0
58 1 132.0 176.0
10 21 84.0 164.0
10 20 79.0 176.0
13 75 161.0 45.0
6 27 68.0 95.0
31 4 183.0 63.0
40 70 181.0 8.0
1 34 61.0 184.0
93 22 168.0 145.0
16 18 41.0 52.0
4 29 165.0 72.0
1 76 22.0 126.0
5 11 3.0 43.0
3 40 140.0 186.0
20 7 9.0 121.0
2 30 123.0 22.0
63 51 135.0 91.0
2 34 12.0 129.0
5 30 48.0 129.0
29 3 199.0 22.0
3 10 91.0 2.0
52 56 191.0 31.0
15 20 113.0 0.0
61 39 131.0 188.0
89 46 170.0 19.0
12 25 153.0 134.0
8 69 76.0 153.0
71 12 5.0 28.0
26 84 165.0 48.0
44 27 59.0 156.0
47 59 145.0 125.0
5 22 177.0 28.0
74 92 175.0 147.0
52 24 1.0 81.0
92 30 121.0 29.0
41 81 4.0 79.0
70 24 11.0 169.0
49 2 142.0 23.0
1 35 174.0 39.0
84 56 62.0 151.0
54 41 63.0 190.0
64 51 133.0 16.0
80 67 68.0 6.0
55 75 95.0 72.0
4 43 124.0 58.0
44 88 161.0 66.0
51 65 147.0 135.0
23 10 41.0 161.0
69 42 171.0 56.0
22 16 80.0 104.0
21 13 29.0 148.0
13 3 113.0 76.0
45 70 187.0 37.0
65 27 101.0 148.0
91 64 192.0 0.0
90 67 9.0 185.0
13 1 192.0 181.0
62 8 144.0 72.0
41 92 49.0 173.0
92 22 61.0 162.0
92 47 8.0 48.0
7 29 74.0 61.0
2 44 154.0 18.0
17 92 145.0 163.0
3 35 168.0 137.0
15 21 34.0 112.0
24 62 29.0 83.0
81 53 31.0 42.0
3 7 110.0 39.0
35 27 72.0 136.0
29 8 195.0 26.0
34 4 59.0 140.0
18 19 124.0 179.0
76 62 125.0 159.0
28 40 25.0 106.0
90 86 46.0 56.0
89 39 80.0 156.0
26 10 168.0 104.0
63 2 12.0 163.0
24 14 15.0 23.0
91 36 173.0 92.0
12 22 127.0 98.0
16 9 94.0 104.0
91 37 145.0 140.0
21 18 109.0 177.0
12 81 148.0 29.0
3 33 94.0 160.0
54 23 181.0 61.0
16 21 182.0 154.0
9 19 58.0 61.0
13 31 114.0 152.0
68 42 134.0 60.0
9 23 187.0 196.0
92 81 140.0 135.0
31 6 18.0 34.0
29 2 119.0 151.0
59 34 62.0 101.0
26 9 119.0 120.0
56 53 6.0 34.0
1 56 58.0 93.0
69 74 59.0 45.0
59 75 188.0 151.0
28 9 161.0 158.0
11 22 139.0 80.0
55 14 30.0 1.0
39 85 177.0 102.0
44 15 62.0 135.0
68 10 121.0 120.0
83 34 40.0 132.0
15 63 180.0 180.0
79 27 160.0 141.0
48 59 73.0 99.0
12 27 3.0 103.0
61 53 24.0 180.0
65 41 179.0 86.0
51 24 21.0 101.0
55 90 28.0 13.0
59 3 91.0 8.0
10 25 142.0 51.0
7 50 28.0 15.0
24 80 34.0 31.0
5 28 121.0 10.0
49 47 31.0 101.0
68 30 185.0 52.0
8 26 57.0 165.0
13 24 49.0 148.0
5 78 100.0 191.0
34 18 163.0 81.0
4 78 56.0 149.0
86 43 11.0 178.0
87 2 119.0 194.0
29 80 20.0 104.0
16 90 28.0 77.0
51 66 22.0 77.0
50 42 137.0 74.0
57 55 159.0 52.0
40 84 0.0 15.0
31 57 26.0 163.0
6 29 9.0 145.0
89 80 172.0 30.0
74 77 171.0 0.0
49 61 119.0 145.0
27 8 133.0 56.0
19 14 99.0 92.0
33 2 79.0 99.0
91 49 29.0 105.0
15 24 30.0 39.0
51 80 179.0 2.0
63 19 70.0 150.0
77 47 139.0 189.0
13 8 194.0 72.0
35 81 72.0 93.0
20 17 133.0 152.0
4 82 81.0 114.0
51 17 168.0 63.0
14 23 7.0 99.0
2 39 110.0 29.0
27 7 12.0 1.0
3 27 75.0 6.0
7 35 70.0 99.0
85 12 153.0 3.0
8 31 177.0 34.0
36 69 102.0 97.0
49 87 41.0 61.0
83 80 96.0 103.0
82 85 77.0 60.0
9 49 25.0 104.0
38 2 66.0 47.0
23 17 20.0 19.0
6 26 48.0 149.0
89 52 172.0 150.0
43 78 193.0 165.0
31 7 114.0 41.0
17 18 159.0 191.0
3 80 191.0 136.0
24 63 57.0 9.0
54 34 163.0 29.0
32 6 90.0 164.0
68 88 123.0 14.0
73 82 83.0 68.0
1 24 28.0 197.0
7 32 83.0 187.0
27 38 38.0 26.0
22 10 101.0 47.0
55 47 50.0 64.0
63 37 136.0 140.0
30 63 125.0 59.0
51 3 190.0 8.0
15 43 198.0 170.0
83 68 38.0 33.0
23 2 194.0 28.0
23 88 110.0 95.0
39 8 112.0 160.0
42 61 187.0 48.0
15 25 198.0 64.0
92 29 126.0 188.0
69 92 33.0 124.0
66 36 3.0 71.0
37 39 16.0 149.0
34 75 31.0 78.0
24 16 1.0 143.0
93 26 2.0 189.0
2 37 92.0 0.0
13 54 61.0 18.0
10 28 21.0 95.0
60 18 126.0 24.0
57 3 145.0 94.0
75 93 79.0 176.0
32 47 5.0 81.0
70 92 122.0 7.0
76 75 106.0 166.0
33 48 53.0 119.0
70 22 189.0 74.0
40 12 55.0 67.0
36 4 146.0 0.0
9 32 49.0 25.0
33 4 120.0 54.0
36 2 108.0 42.0
92 88 175.0 166.0
40 92 129.0 180.0
21 24 41.0 70.0
35 79 31.0 96.0
71 50 186.0 177.0
29 11 129.0 35.0
9 30 46.0 1.0
65 74 130.0 106.0
13 27 53.0 105.0
37 12 65.0 182.0
35 73 51.0 106.0
6 35 147.0 83.0
28 56 83.0 133.0
53 88 133.0 12.0
1 38 121.0 179.0
33 13 163.0 51.0
38 3 18.0 16.0
75 43 142.0 36.0
20 19 51.0 145.0
42 5 3.0 198.0
59 16 160.0 86.0
8 66 23.0 45.0
24 10 175.0 144.0
21 25 170.0 91.0
88 74 3.0 141.0
15 18 118.0 145.0
25 17 72.0 121.0
3 37 64.0 28.0
48 93 63.0 176.0
27 15 84.0 38.0
75 53 60.0 60.0
78 14 34.0 30.0
85 34 173.0 37.0
35 4 76.0 91.0
29 10 96.0 148.0
20 13 191.0 112.0
6 33 64.0 7.0
32 20 13.0 148.0
71 29 158.0 73.0
31 11 26.0 192.0
40 1 183.0 199.0
11 87 141.0 59.0
62 14 44.0 189.0
26 16 83.0 187.0
15 26 156.0 99.0
66 11 124.0 169.0
39 17 176.0 34.0
4 30 133.0 154.0
9 48 77.0 116.0
41 1 107.0 18.0
30 11 24.0 151.0
15 19 3.0 60.0
63 87 181.0 112.0
4 69 72.0 105.0
40 4 182.0 48.0
12 32 30.0 115.0
79 5 158.0 107.0
28 15 95.0 65.0
28 13 147.0 72.0
28 29 96.0 150.0
22 45 51.0 29.0
5 29 28.0 75.0
19 25 46.0 10.0
23 18 40.0 76.0
22 58 172.0 198.0
29 58 98.0 67.0
24 17 195.0 45.0
50 91 67.0 43.0
42 24 10.0 70.0
31 63 87.0 190.0
32 11 1.0 86.0
88 43 42.0 41.0
11 17 63.0 14.0
69 61 192.0 161.0
34 10 148.0 139.0
64 41 69.0 167.0
31 9 118.0 32.0
74 46 154.0 5.0
11 28 108.0 155.0
27 18 8.0 150.0
9 41 195.0 71.0
9 81 75.0 139.0
54 72 50.0 23.0
17 47 21.0 72.0
56 10 115.0 139.0
55 5 157.0 69.0
45 76 194.0 66.0
70 30 65.0 2.0
13 30 83.0 61.0
50 84 105.0 158.0
60 8 197.0 108.0
38 5 57.0 19.0
72 44 18.0 172.0
46 19 44.0 176.0
2 25 96.0 190.0
43 64 95.0 161.0
27 11 132.0 130.0
6 66 62.0 190.0
8 34 98.0 12.0
89 13 170.0 155.0
54 92 197.0 188.0
34 3 43.0 193.0
34 33 25.0 91.0
3 44 51.0 72.0
58 89 10.0 135.0
5 35 65.0 25.0
12 31 109.0 164.0
88 21 113.0 79.0
13 23 176.0 62.0
30 12 199.0 171.0
82 43 71.0 176.0
84 46 151.0 74.0
41 43 47.0 114.0
24 19 15.0 64.0
30 18 100.0 124.0
6 36 155.0 13.0
69 24 112.0 131.0
2 41 74.0 63.0
43 1 137.0 98.0
76 67 195.0 41.0
16 44 22.0 194.0
89 70 126.0 189.0
87 29 43.0 26.0
35 8 149.0 150.0
36 77 103.0 14.0
28 46 5.0 129.0
76 25 13.0 95.0
29 15 134.0 160.0
10 31 41.0 108.0
77 67 157.0 167.0
12 24 88.0 153.0
47 85 108.0 38.0
69 14 25.0 11.0
57 73 102.0 182.0
13 18 120.0 115.0
42 75 64.0 6.0
82 92 149.0 105.0
63 67 79.0 106.0
18 20 58.0 168.0
31 1 52.0 166.0
16 23 91.0 29.0
2 35 141.0 194.0
39 10 14.0 13.0
82 22 120.0 79.0
20 78 51.0 69.0
25 20 34.0 83.0
30 7 54.0 44.0
5 43 19.0 58.0
79 59 65.0 110.0
46 1 100.0 6.0
11 26 55.0 114.0
46 11 183.0 176.0
89 12 195.0 34.0
87 5 65.0 29.0
22 13 81.0 71.0
54 28 80.0 52.0
86 14 76.0 145.0
12 47 89.0 128.0
69 12 19.0 145.0
22 77 22.0 2.0
86 39 196.0 17.0
43 61 131.0 13.0
72 65 61.0 164.0
90 88 192.0 141.0
24 4 103.0 20.0
53 58 65.0 145.0
67 45 84.0 37.0
26 34 33.0 107.0
45 1 143.0 181.0
23 22 148.0 26.0
61 35 149.0 162.0
3 36 91.0 93.0
14 22 132.0 195.0
63 85 159.0 149.0
36 44 49.0 43.0
78 33 14.0 34.0
4 76 54.0 109.0
73 40 41.0 155.0
15 31 85.0 143.0
84 43 162.0 177.0
27 19 165.0 46.0
83 71 150.0 124.0
21 74 16.0 199.0
11 67 49.0 31.0
47 26 12.0 104.0
66 82 106.0 5.0
63 65 148.0 143.0
11 33 87.0 63.0
87 32 12.0 5.0
39 1 40.0 114.0
26 18 120.0 8.0
59 82 52.0 121.0
15 68 112.0 16.0
56 7 12.0 170.0
6 40 59.0 113.0
74 33 182.0 99.0
64 25 143.0 147.0
7 37 35.0 135.0
44 34 82.0 107.0
21 91 171.0 86.0
5 40 90.0 35.0
56 47 199.0 55.0
29 25 56.0 11.0
1 44 133.0 191.0
10 35 103.0 76.0
77 4 182.0 138.0
36 61 194.0 16.0
57 45 184.0 117.0
15 13 35.0 26.0
19 23 179.0 186.0
34 5 49.0 188.0
37 10 177.0 183.0
9 1 172.0 81.0
2 42 82.0 107.0
53 36 99.0 28.0
80 88 184.0 83.0
39 6 158.0 19.0
88 33 96.0 89.0
37 46 167.0 98.0
1 37 29.0 144.0
10 58 67.0 154.0
27 16 70.0 101.0
50 51 163.0 169.0
43 55 27.0 147.0
26 20 160.0 137.0
91 60 184.0 9.0
10 59 121.0 151.0
18 25 184.0 102.0
60 61 174.0 4.0
7 39 54.0 44.0
91 33 117.0 169.0
6 42 35.0 145.0
47 3 16.0 195.0
18 28 126.0 1.0
30 10 51.0 47.0
21 61 178.0 188.0
27 39 27.0 104.0
37 9 188.0 81.0
49 1 84.0 106.0
83 13 58.0 119.0
13 71 155.0 75.0
26 54 134.0 81.0
70 56 85.0 138.0
30 15 187.0 15.0
10 74 167.0 15.0
28 21 135.0 156.0
86 88 122.0 171.0
7 72 6.0 132.0
49 84 131.0 161.0
3 42 120.0 18.0
18 22 104.0 157.0
90 91 104.0 91.0
69 28 112.0 71.0
18 63 110.0 199.0
21 22 162.0 184.0
73 90 72.0 169.0
81 75 15.0 156.0
33 9 151.0 135.0
40 7 116.0 55.0
57 29 12.0 172.0
56 33 16.0 124.0
4 32 120.0 78.0
17 66 161.0 83.0
61 9 7.0 33.0
81 25 67.0 22.0
41 30 197.0 19.0
89 92 75.0 65.0
29 17 83.0 87.0
24 22 160.0 99.0
20 23 35.0 80.0
36 11 123.0 196.0
86 40 110.0 130.0
63 12 190.0 177.0
39 28 73.0 140.0
27 20 148.0 148.0
80 77 180.0 183.0
33 12 188.0 140.0
47 42 5.0 175.0
39 4 159.0 129.0
47 2 180.0 21.0
84 83 35.0 122.0
34 9 122.0 61.0
52 53 15.0 23.0
35 32 147.0 147.0
38 4 54.0 88.0
45 4 99.0 60.0
16 92 44.0 11.0
42 8 21.0 176.0
78 47 83.0 56.0
79 57 133.0 157.0
17 32 28.0 100.0
64 92 132.0 127.0
3 39 97.0 187.0
38 30 66.0 149.0
28 26 92.0 110.0
21 41 80.0 65.0
87 67 1.0 115.0
28 17 22.0 134.0
68 82 48.0 2.0
80 52 71.0 180.0
29 9 24.0 169.0
46 61 58.0 42.0
84 27 126.0 103.0
67 52 79.0 158.0
7 33 186.0 80.0
44 48 7.0 160.0
2 46 91.0 7.0
26 23 190.0 162.0
9 39 25.0 167.0
33 14 183.0 84.0
12 28 56.0 110.0
67 8 150.0 87.0
16 78 48.0 88.0
30 43 144.0 7.0
38 29 104.0 35.0
20 86 108.0 47.0
29 24 83.0 86.0
36 5 89.0 18.0
33 20 168.0 98.0
28 42 99.0 70.0
24 44 96.0 147.0
87 75 18.0 41.0
27 10 169.0 75.0
30 20 60.0 30.0
75 41 111.0 95.0
58 78 99.0 153.0
6 5 95.0 19.0
42 93 46.0 146.0
41 73 7.0 94.0
31 17 15.0 178.0
46 4 94.0 136.0
13 34 167.0 154.0
88 37 24.0 30.0
28 14 109.0 75.0
10 44 23.0 156.0
41 29 137.0 21.0
14 31 194.0 97.0
87 80 119.0 9.0
36 12 63.0 13.0
69 70 2.0 30.0
30 14 36.0 27.0
11 37 182.0 145.0
5 33 38.0 157.0
14 32 54.0 128.0
62 50 49.0 48.0
36 31 188.0 120.0
52 91 75.0 51.0
67 38 127.0 77.0
63 7 41.0 115.0
66 63 12.0 176.0
72 42 126.0 51.0
60 56 62.0 180.0
12 59 112.0 63.0
15 36 145.0 100.0
77 64 178.0 172.0
26 21 29.0 57.0
65 42 121.0 23.0
29 14 4.0 134.0
62 37 52.0 130.0
45 6 176.0 114.0
17 41 178.0 40.0
21 23 133.0 75.0
73 31 179.0 111.0
42 10 60.0 160.0
38 9 78.0 182.0
43 13 75.0 82.0
23 25 25.0 127.0
81 90 14.0 153.0
36 10 36.0 144.0
21 69 80.0 121.0
17 27 125.0 11.0
26 25 196.0 186.0
46 58 97.0 74.0
70 42 97.0 172.0
71 39 147.0 122.0
32 15 169.0 113.0
30 73 57.0 5.0
46 9 56.0 89.0
2 45 166.0 181.0
44 11 34.0 163.0
27 23 179.0 132.0
35 17 122.0 76.0
24 31 2.0 21.0
39 12 149.0 172.0
59 62 28.0 158.0
71 76 22.0 84.0
7 28 27.0 141.0
41 5 176.0 61.0
24 25 95.0 108.0
13 25 6.0 18.0
37 33 64.0 161.0
16 30 21.0 166.0
81 10 174.0 1.0
13 38 127.0 197.0
65 56 192.0 154.0
51 1 191.0 120.0
43 8 163.0 87.0
35 16 52.0 122.0
41 7 174.0 116.0
15 34 182.0 196.0
40 23 35.0 157.0
37 15 42.0 162.0
1 48 142.0 186.0
30 27 150.0 85.0
8 41 52.0 114.0
34 16 30.0 104.0
5 45 87.0 4.0
16 33 166.0 21.0
54 68 89.0 153.0
37 36 32.0 83.0
87 22 173.0 126.0
46 10 14.0 124.0
33 79 118.0 18.0
48 40 97.0 148.0
53 8 6.0 184.0
10 40 111.0 172.0
35 11 172.0 152.0
22 25 129.0 157.0
29 18 135.0 102.0
10 32 184.0 150.0
81 66 194.0 102.0
20 24 194.0 91.0
2 48 67.0 0.0
35 47 73.0 130.0
47 81 193.0 197.0
4 49 77.0 74.0
37 13 189.0 165.0
23 30 28.0 173.0
48 5 182.0 22.0
1 72 40.0 176.0
44 4 182.0 107.0
46 42 5.0 7.0
27 25 94.0 151.0
81 1 53.0 123.0
66 53 14.0 43.0
42 76 143.0 42.0
62 90 129.0 125.0
19 31 32.0 169.0
10 70 139.0 14.0
16 38 91.0 144.0
35 37 194.0 137.0
42 7 179.0 0.0
66 16 9.0 145.0
91 48 111.0 152.0
51 2 190.0 41.0
91 11 170.0 22.0
80 18 10.0 109.0
55 21 94.0 54.0
29 21 78.0 88.0
28 20 58.0 57.0
39 53 151.0 19.0
42 1 98.0 62.0
10 33 188.0 41.0
5 47 9.0 158.0
10 71 167.0 172.0
89 57 29.0 13.0
22 31 126.0 59.0
93 55 130.0 136.0
1 50 166.0 81.0
11 39 30.0 17.0
87 27 169.0 18.0
31 16 78.0 130.0
88 51 124.0 45.0
26 24 50.0 105.0
24 91 159.0 176.0
52 49 58.0 89.0
40 11 97.0 176.0
11 43 121.0 127.0
67 49 77.0 42.0
64 57 174.0 107.0
22 19 107.0 50.0
50 87 28.0 157.0
82 70 58.0 188.0
10 41 16.0 116.0
89 81 74.0 113.0
30 32 194.0 195.0
78 26 117.0 23.0
80 2 140.0 91.0
6 59 198.0 48.0
20 31 121.0 26.0
17 36 144.0 180.0
82 81 52.0 113.0
68 67 84.0 126.0
5 82 62.0 30.0
12 84 71.0 180.0
47 7 17.0 164.0
16 28 118.0 167.0
27 26 116.0 191.0
8 78 60.0 61.0
64 34 17.0 112.0
5 52 76.0 53.0
5 46 21.0 90.0
25 30 23.0 45.0
16 37 115.0 41.0
43 10 94.0 33.0
23 29 67.0 11.0
34 69 72.0 79.0
19 21 54.0 41.0
60 69 142.0 82.0
42 4 171.0 115.0
43 2 193.0 194.0
38 54 94.0 60.0
36 16 102.0 189.0
16 85 122.0 121.0
46 7 78.0 146.0
36 80 175.0 132.0
35 20 117.0 69.0
23 28 87.0 40.0
54 51 67.0 33.0
10 82 122.0 161.0
49 51 65.0 176.0
42 60 182.0 187.0
85 60 196.0 12.0
38 15 107.0 171.0
49 3 4.0 176.0
17 38 75.0 43.0
50 4 128.0 94.0
65 13 165.0 50.0
35 18 165.0 30.0
86 91 128.0 99.0
57 80 174.0 124.0
32 27 73.0 33.0
50 77 18.0 29.0
45 8 132.0 94.0
13 93 175.0 60.0
10 69 107.0 92.0
12 44 167.0 24.0
70 88 145.0 95.0
13 42 148.0 71.0
33 17 107.0 173.0
19 30 196.0 77.0
44 51 80.0 80.0
43 12 12.0 55.0
11 41 93.0 71.0
28 19 64.0 60.0
5 21 62.0 161.0
69 50 145.0 11.0
92 73 12.0 4.0
87 12 118.0 160.0
61 64 21.0 150.0
42 25 136.0 33.0
53 9 29.0 29.0
21 68 27.0 45.0
68 58 76.0 90.0
5 37 136.0 21.0
77 41 80.0 148.0
50 39 15.0 198.0
9 92 32.0 36.0
29 20 113.0 168.0
14 72 183.0 142.0
44 83 189.0 11.0
37 18 40.0 17.0
71 73 95.0 176.0
32 16 122.0 176.0
14 39 188.0 137.0
34 23 84.0 172.0
30 37 179.0 150.0
15 74 187.0 162.0
64 36 129.0 176.0
32 19 132.0 169.0
46 6 0.0 180.0
41 14 13.0 74.0
7 89 109.0 153.0
24 27 189.0 146.0
62 36 166.0 168.0
16 62 124.0 153.0
18 24 35.0 6.0
47 61 12.0 119.0
2 31 150.0 164.0
1 2 90.0 116.0
90 46 43.0 151.0
71 43 118.0 32.0
76 47 38.0 36.0
15 52 44.0 114.0
65 67 50.0 31.0
22 30 73.0 14.0
45 11 162.0 175.0
69 87 122.0 4.0
49 8 60.0 165.0
15 39 54.0 179.0
12 45 90.0 44.0
26 30 180.0 135.0
62 39 31.0 30.0
52 83 128.0 56.0
59 8 96.0 42.0
36 19 36.0 18.0
24 34 14.0 97.0
18 32 187.0 21.0
78 75 104.0 77.0
72 25 64.0 84.0
62 13 8.0 95.0
2 71 191.0 136.0
76 64 11.0 87.0
62 92 186.0 48.0
13 44 173.0 152.0
79 54 72.0 112.0
47 6 23.0 177.0
19 37 141.0 87.0
83 87 144.0 149.0
62 47 175.0 136.0
9 44 49.0 186.0
52 3 121.0 187.0
19 33 160.0 46.0
42 15 8.0 33.0
43 33 6.0 31.0
10 83 104.0 99.0
10 45 93.0 48.0
35 21 111.0 68.0
79 7 145.0 160.0
7 45 28.0 66.0
33 67 55.0 189.0
55 2 123.0 15.0
46 12 7.0 81.0
70 18 124.0 111.0
36 42 123.0 169.0
75 72 160.0 34.0
76 44 188.0 105.0
45 35 36.0 17.0
24 28 12.0 43.0
50 55 164.0 88.0
36 21 128.0 171.0
85 11 187.0 52.0
50 52 43.0 110.0
40 13 157.0 156.0
25 33 89.0 98.0
21 30 78.0 77.0
57 91 5.0 43.0
51 7 189.0 121.0
38 61 58.0 117.0
69 73 74.0 45.0
31 81 56.0 70.0
52 2 48.0 166.0
42 9 81.0 89.0
52 4 156.0 159.0
55 84 18.0 113.0
55 7 90.0 8.0
65 19 158.0 148.0
90 75 197.0 184.0
62 19 11.0 6.0
63 53 24.0 59.0
57 92 119.0 57.0
9 45 154.0 27.0
9 50 8.0 125.0
73 29 108.0 50.0
47 71 65.0 18.0
26 31 103.0 63.0
68 51 90.0 114.0
41 6 133.0 114.0
7 48 94.0 4.0
45 13 62.0 0.0
93 88 1.0 23.0
55 3 125.0 61.0
54 9 73.0 190.0
37 22 140.0 176.0
21 31 123.0 182.0
7 6 146.0 56.0
76 60 111.0 192.0
84 33 118.0 125.0
48 10 81.0 71.0
56 77 150.0 6.0
56 3 48.0 176.0
17 44 84.0 188.0
45 50 67.0 8.0
51 4 143.0 13.0
61 23 72.0 54.0
55 45 21.0 191.0
35 15 110.0 102.0
20 39 160.0 12.0
28 30 67.0 8.0
62 3 88.0 151.0
37 21 43.0 107.0
49 25 109.0 186.0
45 53 181.0 133.0
34 14 60.0 3.0
34 19 86.0 170.0
41 16 127.0 47.0
19 75 64.0 194.0
75 31 132.0 104.0
77 57 41.0 128.0
79 89 114.0 150.0
49 17 87.0 47.0
8 46 99.0 99.0
47 74 178.0 185.0
10 50 78.0 105.0
57 66 4.0 142.0
1 55 61.0 137.0
13 41 45.0 54.0
14 42 94.0 111.0
74 80 0.0 181.0
36 22 21.0 51.0
21 38 9.0 199.0
25 34 69.0 87.0
53 3 111.0 25.0
11 47 94.0 173.0
13 36 15.0 91.0
93 89 24.0 61.0
73 79 25.0 176.0
61 11 81.0 198.0
62 22 92.0 42.0
91 92 16.0 113.0
14 40 44.0 128.0
3 50 137.0 90.0
40 76 16.0 104.0
59 1 47.0 192.0
18 85 188.0 25.0
2 70 67.0 21.0
27 34 178.0 159.0
21 39 56.0 147.0
16 43 169.0 52.0
12 42 160.0 106.0
33 15 58.0 177.0
50 6 40.0 57.0
16 45 141.0 28.0
57 2 31.0 160.0
41 15 9.0 161.0
24 37 61.0 17.0
56 43 63.0 182.0
63 46 190.0 24.0
49 10 83.0 0.0
32 66 68.0 124.0
34 20 102.0 10.0
12 49 170.0 85.0
5 49 139.0 131.0
24 33 194.0 152.0
22 35 36.0 10.0
55 4 131.0 26.0
40 25 165.0 15.0
29 33 80.0 34.0
14 46 101.0 134.0
24 36 113.0 24.0
58 3 28.0 4.0
19 42 129.0 175.0
89 20 172.0 166.0
35 78 110.0 55.0
10 61 111.0 27.0
31 49 109.0 143.0
80 8 80.0 10.0
54 6 169.0 193.0
29 31 150.0 198.0
32 23 150.0 31.0
22 59 129.0 74.0
44 32 169.0 191.0
90 80 66.0 32.0
22 39 193.0 175.0
82 46 4.0 25.0
13 49 66.0 173.0
31 30 26.0 168.0
66 42 6.0 129.0
8 86 195.0 87.0
24 78 38.0 116.0
63 56 33.0 104.0
37 68 79.0 178.0
20 49 92.0 35.0
46 78 46.0 110.0
49 56 180.0 73.0
3 82 131.0 187.0
40 22 43.0 78.0
40 57 154.0 33.0
47 13 17.0 139.0
34 28 88.0 48.0
74 59 0.0 181.0
39 19 79.0 46.0
68 85 152.0 60.0
32 29 135.0 83.0
83 35 82.0 130.0
91 70 49.0 188.0
36 41 172.0 18.0
57 5 70.0 60.0
14 61 48.0 70.0
73 86 7.0 128.0
77 70 166.0 159.0
8 32 68.0 53.0
38 64 14.0 151.0
40 49 150.0 15.0
9 52 16.0 122.0
68 73 56.0 86.0
41 83 13.0 56.0
75 92 118.0 20.0
68 84 167.0 36.0
87 31 184.0 188.0
2 61 122.0 150.0
15 40 1.0 72.0
32 60 57.0 169.0
40 91 9.0 65.0
5 56 47.0 22.0
28 65 86.0 165.0
40 21 50.0 6.0
14 47 172.0 186.0
3 54 67.0 94.0
51 18 107.0 69.0
24 38 146.0 116.0
31 69 115.0 155.0
35 14 64.0 162.0
56 8 144.0 103.0
57 6 181.0 146.0
28 52 92.0 105.0
54 10 73.0 159.0
84 25 136.0 132.0
23 37 169.0 83.0
30 34 188.0 85.0
55 6 139.0 4.0
67 37 17.0 36.0
33 85 175.0 151.0
36 26 135.0 67.0
46 16 127.0 161.0
89 16 82.0 16.0
30 80 27.0 52.0
78 50 9.0 167.0
18 39 120.0 101.0
39 24 152.0 137.0
14 45 90.0 127.0
63 43 153.0 178.0
50 8 85.0 33.0
45 15 30.0 168.0
6 56 141.0 10.0
43 21 101.0 151.0
16 39 85.0 21.0
8 85 68.0 37.0
14 50 96.0 159.0
28 31 37.0 50.0
55 72 164.0 75.0
84 8 136.0 195.0
16 68 180.0 77.0
59 29 188.0 81.0
58 52 29.0 73.0
41 60 165.0 98.0
46 15 90.0 62.0
40 34 126.0 79.0
48 13 135.0 90.0
36 28 20.0 23.0
50 13 129.0 152.0
45 18 17.0 117.0
71 3 103.0 47.0
36 27 78.0 68.0
44 18 4.0 120.0
60 4 197.0 130.0
60 93 64.0 132.0
75 57 52.0 84.0
11 68 89.0 181.0
89 21 64.0 58.0
23 41 140.0 119.0
83 28 60.0 171.0
55 78 168.0 64.0
52 12 158.0 166.0
28 35 177.0 22.0
26 89 118.0 29.0
63 86 22.0 159.0
50 11 150.0 86.0
12 38 77.0 42.0
51 9 167.0 138.0
17 45 156.0 87.0
20 37 116.0 114.0
74 13 118.0 93.0
16 42 42.0 36.0
25 62 147.0 65.0
25 57 87.0 97.0
33 32 6.0 165.0
26 35 66.0 125.0
54 7 6.0 22.0
51 10 178.0 74.0
49 11 20.0 48.0
44 20 79.0 15.0
20 50 43.0 26.0
58 6 196.0 131.0
1 64 72.0 2.0
51 8 160.0 138.0
24 40 14.0 119.0
16 74 27.0 144.0
92 84 59.0 199.0
33 28 107.0 90.0
29 35 134.0 102.0
27 37 111.0 82.0
62 51 136.0 183.0
17 43 8.0 49.0
89 38 187.0 22.0
19 35 82.0 14.0
91 53 138.0 93.0
64 88 179.0 197.0
20 38 149.0 65.0
73 65 71.0 61.0
9 55 149.0 159.0
85 42 8.0 109.0
40 26 146.0 147.0
86 50 65.0 28.0
61 3 60.0 155.0
69 23 63.0 191.0
44 14 194.0 12.0
76 59 92.0 17.0
47 91 196.0 41.0
2 60 170.0 156.0
9 43 141.0 68.0
63 38 145.0 6.0
22 33 180.0 6.0
11 52 24.0 43.0
65 1 114.0 18.0
39 88 159.0 6.0
85 9 54.0 155.0
28 50 90.0 24.0
62 73 32.0 31.0
1 53 63.0 130.0
46 17 171.0 196.0
22 43 43.0 195.0
54 8 137.0 157.0
51 12 70.0 48.0
48 17 67.0 125.0
14 51 186.0 109.0
71 17 39.0 19.0
38 22 186.0 54.0
15 50 74.0 157.0
79 52 97.0 70.0
20 47 175.0 34.0
11 53 107.0 46.0
42 81 58.0 126.0
78 83 74.0 45.0
62 2 114.0 65.0
12 54 58.0 101.0
42 21 20.0 84.0
81 77 137.0 118.0
62 32 77.0 112.0
47 15 178.0 185.0
40 17 10.0 189.0
53 14 131.0 84.0
32 22 23.0 197.0
7 60 48.0 81.0
6 49 128.0 69.0
36 29 6.0 65.0
36 71 183.0 83.0
62 1 73.0 161.0
20 43 135.0 35.0
61 87 194.0 18.0
91 62 148.0 17.0
53 74 79.0 196.0
67 1 40.0 159.0
77 52 48.0 46.0
31 33 97.0 31.0
57 56 186.0 123.0
58 7 87.0 73.0
87 65 156.0 34.0
33 63 124.0 56.0
39 26 70.0 155.0
19 44 75.0 110.0
54 15 148.0 75.0
25 68 43.0 197.0
28 25 1.0 181.0
49 14 165.0 89.0
77 30 4.0 122.0
32 36 180.0 80.0
91 59 54.0 50.0
91 51 145.0 81.0
16 48 114.0 45.0
12 55 16.0 157.0
84 37 146.0 18.0
49 27 91.0 111.0
44 22 12.0 95.0
25 39 51.0 193.0
21 44 18.0 57.0
7 44 32.0 115.0
5 89 12.0 146.0
54 90 117.0 181.0
31 80 188.0 15.0
11 83 96.0 79.0
51 15 180.0 60.0
5 54 169.0 184.0
76 22 61.0 187.0
42 20 130.0 93.0
2 92 169.0 143.0
86 81 43.0 86.0
65 53 37.0 183.0
18 47 197.0 133.0
77 60 195.0 130.0
78 9 152.0 165.0
42 23 39.0 13.0
60 5 21.0 170.0
8 58 50.0 190.0
59 86 16.0 93.0
45 33 168.0 53.0
52 47 33.0 165.0
53 12 34.0 29.0
46 31 117.0 186.0
53 13 57.0 156.0
4 58 116.0 79.0
76 14 132.0 167.0
4 65 37.0 148.0
4 72 133.0 5.0
23 83 175.0 167.0
61 4 28.0 161.0
49 78 144.0 97.0
55 15 117.0 154.0
79 18 75.0 34.0
31 92 9.0 8.0
63 70 55.0 198.0
47 19 1.0 140.0
18 41 193.0 128.0
32 37 53.0 173.0
7 59 145.0 150.0
22 46 8.0 63.0
51 16 47.0 83.0
74 81 63.0 8.0
58 49 62.0 70.0
61 7 138.0 15.0
47 84 30.0 131.0
5 59 80.0 83.0
50 19 51.0 25.0
35 75 178.0 11.0
59 15 187.0 178.0
13 51 42.0 3.0
65 6 156.0 56.0
63 4 59.0 94.0
48 19 154.0 89.0
59 24 10.0 34.0
73 52 47.0 14.0
3 65 141.0 178.0
62 7 67.0 81.0
61 18 88.0 109.0
4 59 50.0 196.0
62 48 158.0 109.0
90 76 104.0 64.0
32 34 32.0 114.0
61 5 113.0 80.0
20 46 130.0 7.0
67 75 108.0 197.0
92 51 185.0 148.0
68 1 167.0 187.0
46 67 9.0 77.0
47 88 121.0 113.0
50 82 4.0 153.0
13 52 166.0 118.0
64 54 9.0 96.0
35 50 89.0 118.0
4 62 82.0 26.0
12 58 103.0 1.0
60 47 61.0 112.0
3 64 114.0 182.0
24 86 169.0 118.0
16 65 116.0 135.0
49 18 30.0 126.0
88 83 86.0 71.0
41 35 178.0 168.0
65 5 78.0 33.0
64 4 122.0 91.0
70 1 184.0 188.0
55 22 34.0 153.0
26 44 113.0 102.0
55 16 5.0 95.0
54 66 191.0 92.0
35 31 137.0 121.0
34 90 37.0 15.0
46 21 128.0 112.0
22 47 45.0 64.0
33 64 55.0 31.0
43 25 138.0 120.0
38 28 91.0 96.0
30 40 7.0 82.0
64 8 38.0 144.0
57 14 162.0 28.0
51 19 103.0 42.0
66 4 0.0 101.0
48 18 191.0 7.0
35 30 133.0 129.0
47 24 133.0 24.0
6 60 70.0 140.0
23 45 74.0 60.0
54 16 168.0 36.0
53 18 69.0 23.0
16 52 117.0 21.0
20 51 75.0 60.0
31 27 153.0 8.0
35 36 85.0 86.0
72 24 7.0 155.0
64 21 13.0 82.0
29 60 84.0 133.0
44 41 142.0 105.0
74 31 90.0 11.0
49 15 13.0 117.0
16 50 181.0 167.0
2 69 57.0 66.0
42 22 0.0 64.0
68 3 197.0 165.0
57 12 22.0 33.0
86 10 40.0 164.0
29 42 124.0 82.0
19 45 61.0 137.0
49 21 140.0 195.0
24 61 46.0 197.0
83 66 128.0 199.0
64 5 129.0 77.0
83 50 22.0 151.0
57 52 19.0 62.0
35 58 42.0 95.0
23 47 173.0 55.0
9 59 151.0 113.0
78 54 3.0 149.0
41 24 35.0 83.0
41 27 128.0 116.0
56 9 24.0 150.0
60 51 129.0 195.0
46 24 155.0 123.0
56 14 115.0 128.0
25 44 149.0 18.0
66 5 131.0 152.0
61 12 181.0 166.0
83 74 169.0 61.0
17 55 189.0 145.0
21 50 139.0 70.0
39 33 161.0 95.0
23 49 56.0 76.0
85 80 24.0 157.0
33 36 83.0 155.0
76 3 195.0 17.0
74 17 163.0 117.0
72 74 121.0 104.0
57 48 193.0 13.0
53 17 43.0 154.0
75 17 52.0 51.0
63 6 197.0 29.0
68 5 119.0 32.0
80 56 71.0 114.0
71 14 26.0 35.0
86 29 105.0 99.0
77 51 185.0 98.0
62 11 56.0 28.0
67 59 122.0 60.0
41 31 63.0 71.0
52 20 36.0 182.0
80 6 89.0 108.0
67 4 78.0 67.0
7 65 100.0 183.0
28 22 51.0 86.0
38 32 179.0 59.0
21 52 43.0 101.0
90 31 187.0 59.0
40 32 36.0 176.0
52 69 75.0 77.0
37 29 117.0 105.0
55 37 142.0 170.0
44 33 114.0 145.0
5 62 77.0 93.0
31 38 38.0 72.0
73 12 1.0 178.0
13 58 71.0 38.0
61 13 121.0 98.0
77 61 27.0 38.0
11 60 120.0 121.0
56 15 43.0 34.0
60 87 52.0 120.0
35 38 199.0 43.0
64 6 105.0 0.0
61 16 165.0 176.0
85 59 22.0 38.0
26 74 28.0 49.0
32 39 5.0 148.0
59 21 164.0 48.0
61 8 190.0 168.0
26 46 93.0 141.0
39 5 111.0 150.0
66 7 142.0 28.0
20 53 136.0 164.0
60 83 84.0 164.0
16 58 27.0 89.0
66 9 163.0 191.0
13 59 27.0 105.0
23 44 60.0 72.0
64 9 120.0 171.0
9 63 6.0 14.0
43 7 65.0 95.0
49 26 134.0 149.0
33 40 26.0 161.0
46 29 195.0 190.0
42 30 140.0 175.0
71 8 82.0 0.0
53 19 75.0 154.0
83 29 46.0 81.0
33 70 145.0 112.0
52 31 168.0 79.0
90 56 37.0 194.0
24 50 162.0 185.0
34 37 78.0 103.0
36 38 133.0 160.0
9 65 7.0 8.0
21 34 84.0 54.0
36 39 110.0 181.0
19 74 136.0 30.0
36 51 198.0 125.0
34 38 97.0 160.0
1 66 134.0 127.0
26 41 154.0 67.0
81 83 91.0 114.0
84 60 40.0 127.0
23 48 121.0 103.0
16 57 21.0 9.0
47 27 24.0 19.0
57 15 172.0 73.0
79 30 170.0 106.0
54 18 98.0 76.0
57 10 175.0 189.0
74 48 52.0 168.0
44 30 98.0 174.0
67 73 67.0 71.0
16 77 20.0 43.0
8 63 72.0 192.0
58 17 62.0 194.0
89 8 33.0 160.0
33 38 76.0 8.0
37 38 148.0 128.0
60 10 156.0 46.0
42 32 108.0 175.0
54 21 84.0 128.0
55 68 108.0 157.0
10 63 50.0 122.0
44 92 188.0 83.0
65 8 2.0 16.0
4 93 19.0 102.0
67 7 37.0 127.0
58 21 80.0 97.0
66 10 63.0 164.0
48 64 21.0 123.0
58 9 151.0 23.0
14 75 110.0 139.0
47 28 121.0 64.0
86 33 51.0 93.0
30 39 187.0 40.0
51 70 99.0 67.0
50 44 14.0 114.0
44 29 34.0 187.0
65 10 113.0 186.0
12 92 169.0 176.0
74 2 37.0 91.0
65 86 129.0 40.0
24 48 31.0 117.0
37 31 85.0 83.0
69 15 130.0 51.0
64 53 125.0 164.0
85 77 116.0 39.0
45 30 165.0 85.0
13 63 118.0 2.0
71 44 21.0 0.0
11 63 195.0 4.0
40 56 78.0 80.0
71 77 128.0 8.0
50 22 121.0 53.0
13 64 159.0 37.0
11 57 171.0 124.0
12 64 20.0 89.0
7 68 194.0 41.0
84 85 68.0 189.0
46 27 26.0 146.0
11 65 179.0 154.0
64 11 161.0 100.0
31 72 167.0 120.0
56 18 120.0 138.0
29 47 42.0 92.0
64 16 132.0 188.0
54 19 120.0 0.0
6 68 9.0 98.0
66 46 138.0 188.0
86 5 119.0 100.0
76 41 48.0 87.0
73 66 91.0 120.0
60 88 179.0 86.0
54 17 133.0 63.0
60 70 156.0 53.0
34 39 69.0 118.0
2 90 71.0 159.0
64 7 182.0 142.0
6 71 153.0 30.0
38 39 164.0 196.0
77 9 14.0 143.0
31 42 161.0 148.0
87 72 86.0 70.0
55 20 116.0 107.0
38 46 50.0 187.0
70 7 14.0 32.0
49 16 70.0 119.0
59 19 82.0 187.0
59 88 107.0 96.0
15 66 14.0 21.0
17 60 111.0 101.0
30 62 133.0 27.0
27 45 10.0 183.0
6 69 112.0 176.0
22 53 149.0 135.0
93 74 114.0 183.0
58 20 45.0 22.0
3 72 82.0 60.0
23 91 69.0 193.0
28 49 5.0 2.0
77 29 188.0 167.0
10 64 41.0 53.0
61 15 59.0 190.0
45 25 114.0 174.0
88 57 184.0 112.0
17 61 29.0 18.0
47 70 14.0 98.0
30 89 75.0 171.0
25 50 48.0 16.0
14 63 81.0 89.0
70 9 119.0 141.0
90 65 113.0 185.0
22 51 158.0 97.0
21 56 162.0 187.0
62 6 15.0 129.0
2 58 184.0 43.0
23 52 81.0 184.0
43 35 137.0 114.0
35 74 166.0 8.0
43 74 89.0 79.0
7 71 16.0 47.0
73 36 76.0 131.0
48 27 17.0 43.0
12 65 159.0 153.0
24 55 177.0 192.0
51 23 125.0 114.0
73 11 189.0 91.0
21 57 111.0 30.0
71 87 199.0 127.0
75 1 192.0 27.0
35 66 39.0 161.0
42 34 6.0 150.0
91 6 119.0 184.0
72 5 116.0 44.0
1 77 193.0 57.0
73 1 163.0 104.0
23 57 134.0 162.0
75 2 16.0 78.0
20 54 73.0 7.0
29 48 109.0 79.0
50 29 7.0 28.0
68 9 191.0 123.0
24 53 72.0 184.0
25 56 91.0 35.0
51 85 17.0 177.0
43 34 55.0 186.0
49 30 105.0 128.0
83 19 108.0 14.0
69 5 89.0 115.0
14 65 129.0 80.0
68 4 97.0 1.0
53 25 80.0 188.0
7 87 134.0 97.0
57 20 21.0 189.0
85 5 84.0 126.0
56 22 5.0 193.0
89 69 152.0 95.0
34 46 175.0 33.0
61 20 152.0 72.0
90 69 17.0 32.0
63 73 199.0 103.0
33 42 98.0 172.0
33 89 144.0 135.0
48 83 180.0 150.0
15 64 40.0 84.0
53 33 124.0 15.0
10 62 30.0 77.0
45 36 126.0 199.0
28 51 165.0 78.0
79 34 61.0 15.0
77 2 99.0 157.0
47 50 19.0 80.0
48 25 85.0 11.0
48 30 137.0 9.0
37 41 167.0 119.0
21 77 147.0 45.0
26 51 71.0 112.0
22 57 35.0 132.0
14 48 61.0 86.0
46 35 109.0 32.0
27 52 117.0 146.0
36 43 40.0 6.0
23 56 198.0 7.0
64 71 169.0 98.0
48 31 62.0 40.0
27 51 121.0 97.0
33 46 18.0 182.0
60 19 137.0 80.0
37 44 182.0 6.0
70 6 185.0 22.0
18 31 87.0 135.0
68 14 18.0 8.0
63 84 86.0 80.0
74 4 41.0 159.0
72 6 166.0 12.0
73 4 68.0 103.0
12 67 109.0 51.0
24 56 164.0 94.0
58 75 193.0 51.0
64 87 11.0 11.0
56 26 135.0 97.0
51 25 36.0 177.0
66 12 10.0 3.0
23 82 55.0 30.0
12 60 146.0 116.0
64 17 114.0 110.0
34 45 55.0 107.0
26 80 185.0 66.0
40 41 85.0 120.0
30 51 27.0 73.0
71 11 175.0 189.0
71 69 159.0 183.0
18 64 160.0 105.0
43 70 102.0 74.0
44 28 7.0 109.0
91 9 116.0 192.0
58 62 119.0 153.0
92 68 56.0 98.0
65 17 142.0 184.0
28 53 111.0 101.0
51 31 128.0 23.0
55 18 55.0 182.0
29 52 33.0 14.0
68 13 165.0 101.0
50 26 40.0 84.0
34 48 88.0 97.0
22 74 79.0 30.0
4 75 18.0 143.0
69 11 166.0 147.0
80 76 46.0 173.0
35 44 95.0 32.0
66 28 72.0 60.0
10 72 173.0 112.0
72 8 51.0 61.0
24 49 194.0 83.0
9 69 71.0 13.0
86 68 8.0 37.0
67 13 70.0 55.0
62 18 0.0 118.0
51 89 112.0 72.0
57 26 57.0 37.0
11 72 140.0 61.0
76 78 171.0 87.0
50 30 114.0 42.0
47 31 61.0 123.0
24 57 97.0 84.0
3 79 189.0 97.0
35 60 159.0 54.0
75 3 52.0 169.0
7 76 187.0 144.0
63 58 48.0 111.0
14 58 151.0 162.0
43 37 84.0 13.0
6 82 32.0 182.0
26 83 183.0 174.0
48 72 59.0 95.0
3 78 165.0 111.0
35 49 124.0 105.0
55 25 74.0 172.0
6 1 59.0 26.0
41 42 187.0 143.0
30 71 139.0 20.0
60 23 14.0 74.0
76 2 197.0 73.0
53 23 183.0 163.0
59 20 182.0 59.0
22 73 109.0 9.0
10 73 90.0 120.0
40 31 18.0 77.0
6 75 154.0 157.0
49 33 169.0 168.0
43 38 90.0 167.0
60 22 73.0 26.0
33 61 90.0 7.0
17 63 187.0 199.0
8 74 85.0 77.0
1 63 29.0 103.0
53 26 151.0 136.0
18 65 149.0 121.0
53 30 179.0 39.0
8 57 24.0 4.0
55 28 20.0 114.0
31 61 40.0 7.0
25 59 121.0 125.0
47 36 98.0 103.0
59 26 85.0 50.0
65 20 97.0 34.0
81 79 133.0 77.0
21 62 146.0 109.0
74 7 130.0 166.0
7 75 26.0 122.0
48 37 56.0 147.0
54 22 118.0 106.0
89 42 89.0 155.0
39 90 194.0 186.0
73 81 11.0 79.0
66 13 46.0 158.0
72 9 4.0 128.0
40 37 67.0 30.0
80 70 126.0 123.0
72 56 173.0 44.0
4 84 74.0 62.0
68 17 62.0 68.0
40 71 113.0 73.0
45 37 4.0 112.0
70 13 166.0 160.0
43 40 93.0 33.0
9 74 51.0 171.0
67 16 133.0 177.0
27 56 62.0 7.0
80 4 105.0 76.0
3 81 16.0 170.0
78 53 97.0 172.0
59 50 70.0 15.0
5 77 194.0 115.0
58 27 152.0 197.0
15 60 174.0 86.0
46 36 158.0 36.0
62 20 49.0 63.0
37 90 51.0 18.0
53 31 95.0 100.0
85 15 197.0 117.0
50 34 129.0 143.0
6 77 173.0 33.0
5 92 137.0 148.0
62 23 38.0 96.0
64 19 167.0 88.0
51 32 118.0 170.0
49 34 171.0 165.0
76 5 156.0 121.0
40 44 186.0 85.0
48 41 129.0 112.0
38 47 107.0 66.0
48 36 101.0 98.0
79 19 75.0 20.0
20 63 44.0 145.0
52 34 101.0 168.0
74 12 61.0 58.0
40 39 63.0 48.0
76 9 109.0 144.0
50 37 72.0 168.0
6 83 55.0 126.0
6 90 0.0 82.0
67 19 101.0 45.0
8 75 37.0 3.0
29 54 7.0 50.0
27 59 27.0 22.0
54 31 86.0 88.0
89 53 6.0 159.0
83 2 127.0 13.0
14 67 72.0 128.0
63 22 166.0 174.0
55 32 192.0 155.0
28 58 154.0 199.0
85 1 19.0 133.0
18 67 69.0 105.0
59 28 153.0 27.0
29 79 37.0 80.0
33 47 11.0 109.0
7 85 175.0 130.0
64 78 58.0 167.0
67 15 100.0 13.0
75 10 185.0 71.0
55 30 198.0 55.0
30 46 46.0 103.0
45 42 11.0 35.0
80 16 133.0 174.0
36 49 193.0 61.0
57 90 185.0 3.0
84 2 144.0 37.0
55 76 83.0 130.0
84 3 30.0 33.0
42 43 94.0 28.0
58 25 71.0 57.0
33 52 141.0 157.0
30 57 30.0 134.0
30 56 50.0 168.0
31 56 21.0 194.0
62 72 151.0 56.0
77 8 185.0 133.0
3 77 153.0 31.0
86 2 90.0 176.0
37 51 161.0 32.0
45 39 102.0 192.0
2 85 115.0 152.0
4 83 183.0 88.0
39 91 140.0 134.0
34 53 116.0 77.0
14 73 62.0 21.0
15 71 71.0 105.0
56 69 34.0 184.0
79 6 168.0 136.0
43 45 158.0 83.0
50 32 114.0 141.0
68 18 55.0 6.0
22 64 180.0 123.0
45 40 143.0 195.0
51 34 72.0 166.0
47 39 100.0 59.0
42 39 119.0 68.0
51 83 127.0 77.0
70 15 95.0 41.0
19 68 46.0 102.0
35 54 76.0 179.0
33 75 111.0 171.0
60 21 119.0 135.0
10 77 71.0 19.0
23 64 82.0 190.0
47 41 170.0 9.0
5 80 142.0 66.0
66 45 85.0 140.0
42 44 115.0 113.0
82 1 23.0 178.0
26 62 166.0 94.0
8 38 106.0 189.0
69 18 97.0 188.0
5 83 95.0 68.0
39 35 153.0 189.0
73 13 152.0 38.0
38 93 46.0 68.0
19 86 67.0 22.0
72 45 77.0 185.0
60 26 88.0 135.0
44 38 11.0 186.0
40 47 25.0 106.0
33 68 98.0 178.0
70 58 129.0 51.0
55 35 164.0 128.0
74 14 134.0 31.0
78 2 153.0 163.0
23 81 98.0 193.0
88 1 48.0 61.0
37 49 29.0 73.0
82 2 95.0 80.0
82 7 146.0 24.0
71 18 23.0 110.0
1 86 73.0 157.0
65 68 53.0 178.0
1 87 145.0 104.0
24 65 40.0 193.0
21 87 51.0 22.0
39 49 48.0 146.0
21 67 139.0 195.0
55 67 130.0 114.0
16 69 13.0 155.0
90 77 67.0 66.0
19 66 159.0 165.0
8 91 173.0 152.0
83 57 54.0 24.0
3 85 165.0 103.0
16 73 121.0 56.0
26 92 162.0 51.0
13 76 91.0 127.0
74 30 148.0 110.0
49 69 156.0 59.0
58 30 19.0 129.0
38 51 165.0 25.0
38 50 123.0 130.0
29 70 142.0 44.0
67 81 103.0 104.0
58 32 146.0 146.0
79 74 46.0 46.0
7 81 126.0 3.0
86 4 54.0 97.0
49 38 67.0 172.0
61 19 86.0 190.0
7 83 102.0 28.0
56 32 89.0 157.0
3 86 94.0 187.0
26 63 53.0 93.0
12 76 56.0 132.0
41 69 19.0 62.0
68 20 108.0 38.0
13 77 82.0 194.0
56 64 3.0 184.0
78 12 175.0 92.0
78 73 14.0 21.0
4 85 4.0 20.0
10 79 143.0 12.0
50 40 86.0 114.0
9 73 150.0 146.0
73 18 101.0 184.0
69 17 76.0 56.0
17 72 163.0 51.0
2 81 198.0 178.0
30 59 54.0 3.0
91 29 35.0 149.0
43 48 56.0 73.0
80 9 53.0 6.0
34 55 81.0 106.0
39 51 77.0 158.0
70 14 197.0 41.0
28 61 126.0 195.0
75 15 23.0 180.0
46 41 112.0 58.0
64 26 63.0 120.0
67 22 167.0 68.0
63 83 85.0 0.0
3 87 106.0 163.0
61 90 154.0 103.0
51 40 48.0 32.0
50 36 23.0 71.0
50 41 189.0 135.0
63 23 117.0 53.0
80 11 109.0 36.0
67 23 42.0 194.0
70 17 67.0 148.0
69 20 144.0 21.0
44 45 7.0 192.0
3 88 64.0 30.0
36 54 110.0 53.0
76 65 12.0 179.0
47 45 84.0 121.0
42 48 151.0 127.0
86 17 195.0 18.0
49 60 85.0 139.0
57 33 168.0 44.0
49 41 44.0 32.0
91 38 21.0 155.0
77 12 28.0 33.0
84 5 10.0 112.0
72 19 152.0 113.0
22 66 98.0 147.0
79 2 24.0 183.0
77 14 118.0 192.0
38 52 196.0 163.0
38 53 109.0 17.0
19 71 162.0 89.0
79 12 85.0 124.0
19 73 164.0 189.0
75 16 147.0 62.0
8 81 99.0 123.0
49 42 77.0 169.0
62 31 8.0 26.0
65 26 63.0 118.0
82 8 60.0 177.0
50 43 11.0 145.0
47 90 164.0 175.0
27 64 56.0 111.0
61 30 60.0 155.0
58 33 96.0 89.0
93 1 115.0 104.0
77 15 61.0 130.0
91 1 199.0 122.0
83 8 5.0 10.0
9 75 186.0 169.0
79 62 163.0 42.0
70 93 71.0 175.0
58 34 187.0 167.0
88 6 195.0 54.0
11 79 84.0 57.0
76 53 111.0 84.0
60 75 9.0 68.0
61 26 112.0 195.0
86 7 41.0 76.0
57 34 165.0 112.0
1 90 153.0 104.0
87 30 54.0 100.0
78 86 197.0 139.0
5 88 191.0 60.0
66 31 6.0 0.0
58 72 141.0 118.0
51 41 125.0 182.0
42 51 170.0 42.0
65 66 182.0 123.0
9 84 58.0 37.0
84 7 78.0 55.0
29 67 124.0 69.0
24 66 114.0 82.0
79 13 106.0 55.0
67 26 97.0 31.0
67 27 10.0 68.0
25 66 134.0 192.0
33 82 157.0 192.0
26 81 164.0 35.0
32 59 110.0 89.0
60 31 197.0 24.0
91 3 72.0 103.0
54 39 151.0 121.0
90 3 140.0 161.0
81 64 108.0 75.0
60 34 197.0 65.0
67 24 37.0 161.0
13 84 89.0 99.0
22 85 50.0 39.0
27 66 174.0 74.0
29 65 197.0 78.0
11 81 126.0 137.0
6 86 33.0 35.0
49 43 107.0 182.0
30 69 117.0 144.0
15 79 72.0 159.0
62 82 26.0 122.0
59 93 177.0 152.0
88 4 34.0 126.0
44 68 119.0 113.0
40 68 164.0 104.0
90 4 9.0 71.0
59 35 128.0 127.0
65 84 131.0 0.0
72 39 32.0 157.0
60 33 120.0 162.0
53 37 66.0 107.0
29 64 85.0 186.0
80 46 120.0 1.0
84 11 111.0 130.0
73 74 5.0 39.0
42 52 139.0 88.0
76 18 193.0 171.0
49 45 152.0 113.0
21 71 30.0 19.0
10 78 160.0 115.0
71 58 176.0 33.0
45 82 87.0 39.0
80 14 75.0 44.0
29 61 39.0 14.0
41 53 38.0 32.0
7 78 101.0 191.0
36 82 110.0 131.0
36 57 14.0 23.0
35 57 162.0 143.0
62 28 199.0 1.0
71 24 34.0 26.0
64 30 60.0 25.0
46 48 56.0 98.0
21 73 177.0 109.0
62 33 18.0 87.0
50 66 12.0 185.0
72 2 193.0 126.0
13 80 27.0 144.0
69 7 53.0 14.0
79 82 148.0 113.0
70 25 60.0 156.0
14 66 57.0 37.0
57 39 155.0 27.0
40 55 161.0 167.0
84 64 11.0 155.0
74 20 96.0 190.0
89 45 192.0 149.0
69 26 101.0 92.0
69 19 184.0 161.0
49 29 30.0 41.0
56 39 117.0 185.0
56 38 134.0 79.0
82 11 169.0 145.0
83 62 115.0 65.0
82 12 40.0 108.0
55 41 160.0 93.0
44 82 20.0 97.0
82 30 182.0 2.0
17 77 49.0 52.0
81 15 40.0 183.0
23 70 58.0 9.0
68 27 59.0 126.0
81 14 174.0 99.0
49 46 188.0 87.0
60 74 154.0 160.0
8 90 138.0 89.0
58 36 98.0 187.0
9 79 197.0 138.0
88 2 17.0 7.0
38 57 119.0 77.0
16 79 106.0 46.0
44 63 23.0 46.0
70 26 143.0 178.0
71 26 128.0 81.0
19 76 88.0 26.0
53 42 144.0 37.0
41 68 143.0 162.0
16 72 97.0 62.0
27 69 192.0 3.0
76 20 62.0 16.0
72 82 81.0 158.0
3 92 29.0 161.0
37 59 106.0 69.0
92 4 72.0 51.0
82 14 128.0 15.0
32 61 27.0 178.0
72 22 132.0 20.0
57 37 95.0 146.0
69 25 51.0 176.0
12 83 12.0 32.0
54 40 85.0 118.0
76 21 157.0 110.0
18 77 194.0 38.0
52 44 46.0 22.0
32 64 188.0 130.0
51 46 68.0 83.0
83 85 133.0 71.0
88 7 131.0 145.0
61 57 163.0 17.0
83 14 175.0 72.0
37 47 112.0 122.0
58 39 84.0 110.0
51 45 72.0 72.0
53 43 57.0 92.0
73 24 70.0 190.0
53 40 174.0 1.0
72 26 192.0 89.0
40 88 54.0 167.0
41 52 54.0 118.0
60 36 75.0 138.0
43 52 144.0 99.0
63 35 87.0 154.0
47 48 28.0 157.0
4 91 87.0 2.0
87 8 82.0 31.0
64 31 29.0 88.0
86 9 25.0 83.0
74 67 62.0 53.0
11 86 56.0 159.0
56 41 154.0 143.0
68 63 193.0 183.0
59 14 147.0 32.0
67 30 186.0 30.0
70 27 54.0 15.0
75 22 119.0 31.0
47 46 161.0 182.0
65 91 85.0 17.0
55 42 167.0 191.0
87 33 31.0 113.0
68 29 45.0 178.0
92 7 127.0 31.0
89 19 12.0 181.0
90 9 73.0 131.0
30 52 38.0 186.0
19 77 116.0 123.0
83 16 137.0 84.0
58 40 105.0 168.0
67 85 7.0 102.0
46 77 42.0 86.0
57 28 131.0 54.0
90 22 33.0 156.0
30 91 113.0 23.0
57 41 71.0 30.0
90 82 53.0 160.0
25 67 109.0 110.0
52 35 38.0 69.0
51 47 180.0 80.0
54 44 159.0 64.0
89 83 178.0 144.0
92 6 118.0 92.0
70 28 77.0 142.0
60 37 3.0 83.0
23 74 162.0 112.0
15 82 55.0 0.0
56 42 16.0 188.0
21 78 93.0 127.0
38 60 44.0 24.0
66 33 7.0 114.0
69 29 130.0 84.0
62 34 198.0 85.0
23 75 71.0 112.0
48 51 124.0 78.0
31 67 166.0 140.0
63 64 151.0 11.0
37 61 32.0 147.0
65 30 45.0 39.0
19 81 85.0 127.0
62 35 108.0 35.0
85 14 197.0 131.0
88 8 107.0 121.0
73 27 106.0 25.0
91 7 170.0 57.0
60 40 175.0 2.0
74 24 40.0 173.0
79 20 111.0 77.0
93 53 179.0 171.0
2 89 22.0 176.0
82 18 148.0 81.0
72 71 94.0 54.0
66 34 14.0 64.0
88 9 38.0 142.0
57 62 79.0 30.0
93 6 184.0 143.0
81 18 182.0 115.0
71 22 137.0 4.0
90 7 106.0 37.0
54 45 134.0 0.0
84 10 128.0 100.0
63 74 197.0 118.0
77 20 133.0 29.0
3 93 180.0 69.0
63 32 111.0 162.0
37 58 73.0 0.0
13 82 196.0 179.0
13 87 140.0 82.0
39 60 135.0 68.0
52 45 94.0 132.0
17 81 144.0 27.0
83 18 28.0 124.0
38 58 62.0 91.0
87 14 10.0 135.0
44 55 114.0 158.0
64 37 195.0 55.0
41 59 56.0 130.0
58 43 102.0 150.0
20 80 118.0 47.0
27 71 61.0 146.0
22 83 120.0 123.0
23 72 115.0 83.0
65 34 173.0 181.0
53 47 9.0 120.0
8 92 30.0 65.0
12 90 50.0 133.0
46 75 124.0 168.0
74 45 122.0 185.0
73 28 41.0 194.0
16 84 198.0 156.0
7 93 153.0 123.0
63 36 94.0 162.0
85 93 168.0 77.0
81 22 44.0 171.0
79 22 149.0 168.0
89 14 166.0 71.0
60 53 39.0 7.0
23 76 166.0 189.0
93 8 188.0 71.0
68 75 106.0 35.0
63 39 63.0 26.0
74 27 16.0 107.0
23 78 199.0 117.0
17 79 4.0 117.0
63 40 54.0 195.0
48 54 102.0 173.0
85 13 4.0 91.0
92 10 98.0 62.0
86 89 112.0 161.0
54 46 127.0 128.0
69 32 85.0 78.0
10 90 145.0 42.0
91 22 16.0 152.0
11 89 22.0 118.0
36 65 103.0 178.0
52 93 125.0 2.0
89 60 167.0 37.0
65 33 136.0 46.0
29 72 149.0 21.0
89 54 142.0 47.0
48 53 27.0 158.0
74 71 197.0 49.0
23 77 174.0 53.0
27 75 149.0 99.0
17 84 58.0 68.0
82 19 17.0 194.0
92 56 61.0 119.0
10 89 84.0 4.0
12 88 193.0 111.0
49 53 30.0 190.0
30 72 161.0 156.0
68 34 125.0 63.0
59 40 151.0 183.0
41 63 140.0 120.0
82 21 129.0 154.0
56 46 122.0 14.0
58 44 16.0 67.0
21 80 83.0 198.0
50 70 8.0 197.0
58 41 106.0 85.0
27 77 93.0 9.0
36 67 48.0 34.0
88 15 126.0 178.0
78 25 122.0 1.0
59 38 116.0 90.0
68 36 84.0 151.0
70 31 4.0 44.0
84 18 56.0 62.0
88 11 100.0 149.0
9 93 169.0 100.0
86 15 21.0 48.0
32 54 100.0 96.0
30 93 196.0 168.0
76 77 69.0 32.0
87 28 132.0 25.0
55 49 58.0 188.0
15 76 111.0 158.0
49 54 197.0 32.0
19 84 16.0 170.0
43 62 199.0 68.0
65 38 32.0 147.0
29 66 127.0 53.0
45 77 68.0 60.0
53 50 181.0 126.0
40 85 12.0 92.0
86 42 137.0 9.0
25 73 190.0 153.0
58 47 3.0 141.0
21 81 117.0 187.0
44 61 82.0 44.0
89 15 190.0 150.0
44 62 43.0 171.0
81 24 162.0 55.0
78 28 104.0 99.0
31 71 146.0 95.0
72 32 188.0 149.0
25 79 152.0 105.0
85 20 0.0 35.0
87 39 63.0 190.0
84 15 80.0 106.0
69 37 123.0 194.0
54 50 126.0 28.0
66 40 77.0 72.0
59 42 44.0 65.0
37 79 142.0 197.0
82 17 30.0 142.0
77 25 88.0 93.0
60 30 77.0 120.0
48 55 196.0 0.0
57 42 60.0 74.0
40 62 119.0 89.0
79 21 86.0 115.0
92 11 53.0 180.0
29 76 170.0 83.0
93 11 155.0 10.0
91 10 145.0 184.0
60 46 158.0 141.0
15 90 172.0 170.0
91 16 139.0 43.0
22 84 148.0 177.0
45 60 120.0 2.0
60 67 189.0 42.0
71 37 46.0 96.0
88 17 84.0 143.0
75 30 134.0 194.0
35 64 168.0 58.0
79 90 48.0 59.0
35 67 84.0 196.0
76 27 130.0 156.0
85 19 106.0 119.0
63 71 41.0 104.0
64 89 65.0 77.0
52 62 137.0 199.0
23 84 69.0 57.0
83 24 125.0 117.0
73 33 4.0 9.0
25 80 108.0 134.0
33 72 175.0 166.0
58 80 22.0 16.0
93 12 2.0 88.0
27 78 57.0 92.0
89 17 161.0 126.0
32 73 76.0 86.0
53 54 30.0 81.0
44 64 186.0 91.0
70 66 147.0 161.0
77 26 198.0 170.0
48 58 91.0 152.0
56 50 99.0 148.0
45 61 164.0 60.0
71 35 84.0 41.0
75 29 113.0 67.0
80 19 15.0 51.0
44 60 95.0 114.0
34 74 117.0 45.0
28 79 96.0 8.0
34 84 188.0 195.0
12 86 157.0 105.0
32 68 101.0 41.0
69 39 61.0 166.0
24 75 186.0 28.0
20 87 125.0 81.0
35 69 26.0 194.0
20 72 71.0 122.0
86 56 45.0 12.0
81 27 31.0 2.0
92 18 35.0 84.0
79 32 74.0 96.0
42 84 4.0 60.0
85 23 199.0 129.0
55 26 50.0 25.0
88 19 141.0 121.0
32 74 93.0 138.0
55 51 65.0 124.0
77 32 95.0 100.0
27 86 32.0 170.0
76 49 94.0 36.0
17 91 1.0 45.0
32 70 24.0 3.0
83 91 91.0 117.0
33 76 13.0 136.0
52 54 139.0 78.0
39 64 184.0 34.0
38 62 106.0 16.0
93 15 167.0 0.0
5 90 69.0 121.0
65 39 143.0 93.0
65 43 12.0 186.0
30 78 70.0 25.0
25 82 106.0 9.0
48 87 18.0 42.0
17 90 139.0 124.0
56 45 91.0 58.0
67 40 94.0 160.0
18 90 57.0 189.0
37 72 139.0 69.0
55 54 31.0 161.0
36 74 40.0 138.0
67 56 165.0 59.0
87 19 159.0 104.0
90 20 86.0 50.0
75 32 150.0 180.0
23 80 88.0 160.0
43 66 195.0 27.0
44 59 82.0 26.0
16 88 76.0 122.0
90 19 192.0 41.0
57 46 129.0 104.0
55 31 107.0 167.0
83 25 37.0 10.0
81 28 119.0 125.0
37 73 131.0 114.0
47 63 156.0 13.0
78 32 162.0 32.0
80 32 90.0 106.0
55 46 136.0 171.0
82 28 34.0 196.0
73 72 59.0 71.0
80 28 31.0 178.0
45 65 147.0 163.0
78 87 50.0 103.0
84 38 190.0 12.0
21 86 36.0 80.0
73 34 46.0 172.0
76 36 180.0 32.0
59 51 6.0 40.0
85 10 105.0 38.0
93 17 56.0 4.0
48 56 50.0 106.0
41 72 10.0 40.0
43 67 21.0 198.0
44 66 67.0 19.0
37 56 170.0 47.0
81 29 110.0 176.0
82 29 177.0 167.0
50 57 153.0 33.0
86 26 32.0 155.0
77 33 53.0 42.0
69 40 144.0 75.0
46 64 7.0 163.0
45 63 156.0 129.0
51 61 60.0 66.0
33 92 192.0 189.0
45 62 42.0 97.0
47 66 26.0 74.0
64 45 18.0 79.0
64 47 178.0 114.0
54 57 51.0 137.0
69 43 90.0 7.0
81 30 197.0 102.0
22 89 72.0 141.0
36 75 130.0 66.0
72 38 41.0 108.0
93 10 176.0 12.0
68 43 199.0 106.0
76 35 148.0 50.0
55 56 139.0 190.0
88 24 199.0 89.0
73 38 152.0 71.0
47 67 15.0 34.0
72 35 144.0 9.0
61 50 79.0 72.0
72 40 159.0 30.0
52 59 188.0 59.0
34 76 77.0 128.0
89 23 180.0 76.0
93 18 172.0 84.0
85 64 171.0 188.0
91 78 198.0 68.0
22 86 173.0 29.0
59 49 45.0 85.0
87 17 86.0 33.0
78 61 143.0 116.0
83 32 82.0 76.0
87 16 185.0 54.0
85 28 147.0 156.0
32 82 17.0 97.0
30 83 140.0 143.0
52 60 183.0 185.0
41 70 126.0 22.0
59 57 166.0 70.0
36 79 126.0 0.0
76 31 145.0 63.0
43 77 49.0 93.0
58 55 65.0 66.0
86 13 160.0 5.0
58 51 18.0 96.0
80 27 101.0 96.0
92 23 90.0 19.0
90 21 27.0 169.0
26 88 132.0 172.0
19 92 153.0 181.0
53 59 133.0 18.0
37 83 103.0 94.0
90 30 135.0 121.0
31 86 20.0 36.0
14 93 152.0 110.0
68 47 7.0 131.0
46 68 68.0 139.0
45 71 137.0 21.0
82 16 82.0 71.0
89 67 38.0 185.0
75 39 71.0 174.0
73 43 116.0 91.0
68 48 198.0 20.0
88 22 97.0 5.0
25 89 137.0 165.0
84 44 91.0 75.0
24 90 99.0 173.0
31 82 74.0 137.0
76 39 101.0 145.0
68 38 148.0 169.0
30 84 174.0 147.0
65 89 6.0 23.0
78 37 67.0 143.0
43 72 59.0 158.0
87 26 131.0 110.0
89 49 20.0 5.0
87 9 193.0 74.0
69 46 184.0 141.0
73 42 79.0 110.0
89 29 194.0 85.0
77 37 107.0 62.0
40 75 68.0 118.0
78 38 107.0 151.0
65 46 194.0 128.0
69 44 6.0 187.0
31 83 183.0 142.0
48 69 114.0 62.0
29 88 69.0 109.0
88 41 184.0 128.0
82 34 56.0 4.0
93 24 158.0 163.0
84 31 132.0 152.0
87 23 195.0 90.0
42 63 142.0 178.0
48 71 31.0 9.0
73 44 77.0 101.0
80 39 40.0 62.0
33 83 158.0 48.0
20 93 143.0 68.0
23 93 157.0 76.0
79 39 38.0 152.0
91 26 92.0 180.0
57 53 71.0 123.0
73 47 4.0 100.0
59 60 90.0 45.0
67 48 59.0 0.0
29 90 17.0 155.0
55 59 59.0 174.0
70 39 4.0 97.0
53 62 138.0 96.0
32 85 182.0 161.0
38 71 58.0 187.0
25 90 61.0 148.0
66 52 87.0 121.0
61 54 116.0 56.0
93 25 64.0 127.0
66 48 124.0 69.0
60 58 128.0 14.0
25 91 38.0 111.0
26 90 118.0 96.0
68 53 159.0 180.0
89 24 172.0 198.0
50 68 44.0 40.0
56 62 48.0 108.0
41 78 100.0 172.0
83 92 184.0 29.0
38 81 57.0 22.0
74 49 72.0 175.0
84 35 118.0 183.0
37 80 41.0 42.0
31 88 25.0 85.0
92 24 144.0 73.0
30 85 18.0 44.0
27 90 52.0 3.0
81 39 3.0 109.0
77 66 116.0 27.0
63 55 104.0 186.0
54 69 133.0 146.0
56 61 111.0 110.0
52 82 53.0 55.0
80 40 71.0 71.0
55 64 91.0 75.0
73 59 52.0 46.0
36 81 116.0 121.0
74 42 182.0 21.0
65 57 198.0 67.0
80 41 80.0 110.0
78 36 152.0 133.0
35 86 47.0 23.0
79 38 139.0 138.0
84 36 6.0 143.0
87 36 199.0 123.0
11 48 12.0 133.0
59 64 117.0 162.0
85 38 149.0 149.0
87 34 63.0 101.0
59 63 78.0 110.0
89 36 160.0 169.0
93 66 99.0 118.0
54 80 5.0 51.0
52 71 104.0 169.0
84 39 20.0 174.0
35 82 50.0 169.0
31 79 53.0 65.0
61 62 72.0 131.0
47 72 65.0 184.0
67 57 45.0 117.0
44 79 186.0 2.0
46 71 90.0 42.0
28 90 163.0 110.0
38 82 2.0 13.0
88 28 153.0 55.0
27 83 135.0 177.0
47 75 154.0 152.0
44 80 113.0 0.0
31 89 142.0 99.0
53 79 133.0 184.0
89 27 2.0 96.0
78 42 133.0 4.0
86 48 50.0 86.0
41 82 35.0 185.0
44 78 42.0 190.0
86 36 148.0 108.0
86 34 126.0 90.0
54 58 164.0 59.0
92 25 151.0 166.0
68 52 164.0 36.0
34 88 180.0 14.0
81 61 115.0 15.0
88 27 199.0 110.0
79 45 100.0 100.0
73 54 31.0 26.0
41 85 42.0 195.0
87 37 18.0 193.0
69 38 67.0 182.0
46 88 194.0 47.0
28 91 139.0 110.0
69 55 23.0 91.0
67 58 119.0 123.0
38 80 102.0 150.0
57 47 37.0 96.0
63 61 143.0 7.0
64 42 128.0 10.0
73 50 188.0 123.0
57 68 148.0 80.0
69 47 147.0 171.0
59 65 47.0 18.0
75 51 41.0 150.0
75 49 29.0 30.0
66 56 112.0 125.0
45 78 69.0 41.0
34 91 121.0 9.0
93 35 58.0 69.0
53 71 174.0 157.0
77 48 92.0 22.0
25 88 115.0 85.0
32 88 163.0 96.0
38 90 133.0 75.0
51 74 6.0 154.0
58 92 37.0 127.0
73 53 170.0 47.0
67 53 132.0 96.0
35 89 28.0 176.0
76 51 69.0 95.0
66 49 84.0 32.0
27 85 74.0 169.0
81 32 16.0 80.0
32 91 101.0 6.0
80 45 0.0 71.0
56 54 142.0 84.0
80 47 185.0 170.0
60 63 4.0 54.0
55 70 127.0 88.0
68 56 81.0 154.0
76 38 78.0 98.0
40 87 53.0 179.0
48 76 119.0 53.0
50 74 161.0 61.0
48 78 24.0 146.0
75 86 68.0 29.0
52 70 144.0 147.0
90 36 61.0 25.0
93 33 34.0 139.0
86 41 41.0 87.0
72 46 45.0 112.0
88 38 180.0 6.0
44 77 64.0 157.0
76 32 152.0 132.0
68 59 135.0 48.0
47 79 21.0 196.0
89 40 80.0 55.0
70 59 33.0 73.0
48 90 170.0 78.0
42 82 22.0 102.0
70 53 151.0 38.0
45 81 53.0 55.0
64 66 86.0 188.0
72 52 125.0 59.0
84 48 87.0 158.0
90 35 100.0 120.0
61 65 129.0 22.0
42 87 128.0 151.0
74 55 134.0 31.0
55 71 17.0 139.0
61 55 118.0 55.0
54 76 144.0 195.0
62 67 94.0 31.0
64 60 154.0 147.0
68 60 41.0 36.0
82 49 31.0 122.0
66 62 144.0 165.0
72 51 181.0 161.0
68 61 150.0 51.0
68 89 17.0 46.0
66 59 89.0 64.0
51 73 140.0 196.0
91 18 27.0 134.0
70 36 52.0 58.0
44 86 1.0 149.0
48 82 14.0 135.0
69 51 115.0 116.0
78 51 90.0 85.0
85 35 127.0 131.0
72 53 92.0 67.0
48 80 83.0 119.0
81 57 171.0 87.0
81 50 135.0 124.0
84 41 130.0 101.0
52 88 87.0 198.0
56 75 174.0 129.0
66 68 96.0 53.0
53 77 52.0 188.0
61 71 187.0 87.0
77 55 94.0 158.0
51 81 166.0 29.0
37 86 196.0 96.0
67 50 82.0 36.0
57 72 17.0 8.0
41 90 119.0 113.0
51 79 63.0 123.0
73 56 103.0 51.0
45 87 155.0 197.0
53 80 43.0 121.0
46 85 163.0 191.0
89 44 2.0 197.0
50 79 123.0 19.0
93 39 7.0 42.0
92 37 53.0 71.0
65 62 72.0 108.0
90 42 184.0 179.0
55 81 99.0 179.0
54 77 191.0 14.0
69 80 95.0 193.0
50 85 138.0 18.0
69 65 141.0 145.0
82 37 114.0 194.0
43 90 30.0 138.0
54 82 149.0 166.0
60 72 193.0 0.0
52 90 17.0 185.0
50 80 145.0 112.0
36 93 145.0 35.0
61 70 178.0 86.0
79 56 96.0 92.0
73 58 199.0 78.0
54 74 70.0 149.0
93 40 8.0 64.0
75 54 93.0 178.0
62 69 27.0 39.0
61 66 173.0 172.0
74 61 13.0 152.0
70 68 82.0 61.0
86 47 79.0 82.0
42 88 28.0 149.0
70 65 0.0 188.0
44 90 146.0 94.0
89 41 38.0 125.0
48 81 23.0 12.0
89 61 56.0 188.0
64 74 43.0 138.0
49 88 179.0 122.0
76 28 192.0 7.0
83 54 156.0 192.0
89 43 179.0 54.0
48 88 35.0 169.0
90 50 41.0 10.0
54 65 114.0 97.0
52 76 139.0 157.0
69 63 67.0 70.0
67 64 197.0 59.0
76 58 194.0 105.0
59 78 14.0 173.0
91 43 23.0 1.0
50 89 78.0 64.0
17 67 8.0 192.0
64 68 12.0 99.0
55 83 141.0 32.0
76 63 174.0 91.0
75 63 90.0 169.0
92 46 54.0 104.0
40 61 66.0 29.0
82 20 29.0 96.0
44 65 59.0 37.0
46 91 75.0 23.0
47 89 55.0 168.0
91 41 98.0 181.0
79 58 172.0 188.0
84 53 34.0 178.0
77 63 169.0 52.0
90 45 12.0 150.0
52 74 82.0 23.0
72 61 84.0 109.0
90 49 105.0 139.0
71 67 153.0 3.0
49 81 20.0 77.0
58 82 90.0 7.0
46 93 21.0 11.0
61 79 52.0 33.0
61 76 129.0 86.0
54 84 60.0 13.0
45 88 18.0 165.0
82 56 153.0 171.0
46 86 53.0 174.0
66 75 71.0 95.0
84 57 104.0 44.0
58 81 74.0 109.0
78 63 43.0 3.0
92 38 168.0 56.0
52 85 4.0 138.0
56 81 111.0 157.0
63 62 164.0 117.0
79 60 9.0 187.0
62 78 196.0 65.0
85 57 49.0 23.0
88 54 113.0 93.0
49 92 173.0 33.0
52 75 121.0 177.0
51 90 93.0 32.0
50 92 35.0 9.0
81 60 89.0 44.0
80 61 193.0 38.0
87 53 6.0 42.0
93 45 187.0 71.0
44 93 63.0 112.0
72 64 11.0 184.0
58 83 99.0 104.0
55 86 136.0 86.0
93 43 43.0 177.0
90 53 28.0 188.0
54 85 68.0 186.0
89 56 58.0 7.0
62 81 92.0 121.0
70 74 194.0 103.0
64 75 48.0 94.0
56 71 87.0 136.0
92 53 7.0 82.0
80 64 61.0 187.0
65 71 170.0 129.0
50 93 47.0 29.0
77 65 73.0 139.0
64 82 90.0 68.0
79 64 177.0 90.0
55 92 61.0 16.0
60 82 28.0 68.0
73 70 21.0 42.0
58 85 162.0 143.0
85 53 172.0 9.0
68 74 91.0 45.0
93 87 199.0 133.0
55 87 26.0 177.0
51 93 148.0 39.0
67 78 164.0 177.0
82 65 96.0 185.0
87 51 106.0 10.0
80 62 184.0 78.0
91 56 167.0 75.0
72 76 73.0 118.0
83 42 136.0 51.0
70 71 37.0 37.0
82 63 66.0 1.0
80 68 31.0 114.0
55 88 25.0 138.0
89 28 121.0 10.0
69 79 186.0 40.0
91 54 181.0 59.0
91 55 199.0 70.0
49 63 103.0 36.0
77 69 162.0 169.0
88 61 196.0 193.0
80 55 8.0 22.0
49 85 144.0 129.0
71 78 171.0 130.0
58 91 37.0 105.0
70 79 108.0 36.0
73 77 59.0 11.0
90 60 38.0 21.0
68 79 126.0 35.0
80 63 150.0 134.0
81 70 166.0 94.0
88 56 168.0 90.0
69 83 26.0 157.0
92 39 156.0 134.0
84 66 80.0 15.0
73 80 44.0 119.0
78 72 4.0 122.0
53 86 12.0 106.0
74 66 113.0 130.0
59 89 0.0 33.0
69 72 137.0 26.0
65 85 3.0 93.0
86 62 38.0 83.0
93 56 155.0 34.0
84 69 79.0 111.0
72 79 190.0 43.0
57 93 53.0 103.0
75 74 162.0 53.0
76 73 63.0 51.0
85 62 154.0 18.0
71 79 158.0 192.0
66 76 173.0 65.0
72 77 150.0 52.0
79 46 69.0 92.0
87 66 168.0 122.0
72 68 163.0 82.0
86 69 56.0 27.0
65 80 188.0 10.0
88 82 60.0 98.0
84 67 118.0 33.0
78 74 190.0 20.0
68 81 107.0 12.0
82 75 97.0 76.0
88 62 126.0 60.0
61 91 75.0 135.0
85 43 88.0 64.0
82 67 186.0 148.0
86 66 122.0 56.0
58 84 56.0 64.0
90 58 1.0 164.0
71 68 129.0 50.0
71 89 195.0 8.0
64 86 139.0 70.0
65 78 45.0 28.0
68 87 31.0 31.0
49 86 33.0 153.0
80 66 57.0 41.0
90 66 161.0 11.0
86 70 100.0 42.0
81 71 179.0 95.0
71 85 90.0 118.0
92 67 157.0 135.0
85 74 41.0 188.0
72 90 123.0 26.0
92 45 108.0 132.0
63 90 174.0 21.0
83 61 33.0 74.0
76 79 68.0 12.0
88 67 195.0 158.0
87 92 112.0 104.0
61 86 18.0 153.0
70 62 47.0 93.0
69 82 176.0 108.0
72 91 30.0 150.0
80 71 68.0 15.0
76 81 89.0 136.0
84 62 44.0 36.0
84 76 150.0 157.0
76 69 121.0 120.0
91 73 97.0 121.0
87 73 16.0 73.0
76 83 160.0 46.0
93 62 3.0 28.0
44 87 104.0 44.0
83 73 101.0 149.0
34 92 110.0 3.0
77 79 66.0 183.0
88 71 136.0 115.0
61 93 148.0 152.0
72 84 20.0 60.0
70 90 157.0 175.0
75 70 118.0 62.0
87 77 178.0 19.0
93 73 93.0 40.0
58 86 92.0 112.0
91 67 70.0 28.0
82 76 36.0 170.0
79 67 199.0 56.0
76 88 26.0 157.0
88 72 9.0 144.0
87 70 107.0 187.0
89 62 188.0 152.0
89 75 140.0 32.0
77 83 164.0 10.0
93 72 181.0 0.0
37 89 32.0 132.0
55 73 148.0 10.0
76 92 98.0 157.0
88 77 159.0 5.0
78 81 185.0 99.0
93 64 170.0 125.0
59 87 89.0 134.0
70 83 183.0 22.0
93 71 39.0 167.0
91 74 160.0 140.0
86 79 106.0 59.0
76 70 23.0 17.0
84 77 101.0 160.0
80 86 142.0 71.0
60 92 146.0 183.0
92 80 43.0 129.0
80 93 12.0 35.0
73 88 63.0 172.0
76 91 19.0 169.0
81 91 78.0 42.0
67 86 157.0 179.0
63 93 119.0 52.0
84 86 157.0 17.0
63 92 9.0 153.0
76 93 175.0 21.0
63 91 187.0 38.0
77 49 33.0 6.0
79 84 9.0 111.0
65 83 149.0 166.0
89 85 159.0 20.0
34 93 151.0 68.0
82 93 36.0 112.0
91 80 124.0 11.0
93 90 15.0 112.0
45 91 164.0 48.0
86 83 27.0 173.0
91 77 153.0 128.0
86 93 68.0 64.0
88 79 26.0 19.0
72 89 67.0 63.0
1 7 103.0 192.0
91 88 142.0 118.0
71 92 198.0 59.0
80 84 90.0 25.0
84 90 187.0 43.0
90 92 192.0 55.0
87 84 1.0 19.0
89 90 183.0 69.0
88 75 137.0 38.0
66 85 195.0 31.0
69 81 10.0 193.0
69 91 151.0 52.0
92 86 179.0 138.0
39 82 2.0 124.0
76 89 35.0 3.0
93 65 85.0 18.0
34 22 106.0 174.0
91 82 144.0 54.0
50 27 171.0 107.0
93 92 95.0 123.0
83 56 65.0 27.0
72 92 132.0 67.0
75 91 23.0 168.0
61 84 85.0 108.0
49 73 64.0 143.0
83 90 137.0 8.0
82 80 15.0 61.0
93 84 186.0 111.0
85 87 157.0 3.0
81 87 135.0 89.0
86 85 141.0 110.0
76 37 95.0 26.0
88 63 46.0 159.0
88 85 164.0 184.0
87 54 166.0 180.0
87 90 178.0 104.0
31 32 22.0 87.0
74 90 24.0 109.0
89 74 86.0 166.0
83 79 195.0 133.0
92 85 34.0 41.0
84 88 151.0 198.0
88 78 155.0 117.0
93 79 106.0 86.0
91 85 11.0 128.0
82 83 41.0 35.0
87 76 150.0 79.0
91 79 60.0 145.0
85 76 69.0 94.0
68 76 42.0 20.0
75 80 53.0 198.0
88 69 95.0 111.0
78 89 112.0 58.0
72 83 190.0 105.0
66 69 145.0 140.0
92 79 55.0 157.0
88 66 195.0 76.0
91 44 80.0 38.0
82 84 153.0 133.0
81 85 81.0 48.0
93 68 170.0 145.0
77 93 102.0 160.0
70 49 136.0 199.0
93 81 17.0 191.0
79 65 114.0 12.0
71 91 7.0 146.0
65 64 110.0 160.0
79 78 18.0 144.0
57 87 170.0 188.0
89 87 79.0 72.0
92 78 195.0 167.0
4 1 46.0 164.0
0
