94 4371 86 5 739192
92 83 41.0 91.0
92 48 169.0 174.0
28 14 8.0 163.0
84 34 111.0 68.0
91 54 34.0 199.0
93 66 56.0 147.0
94 38 167.0 87.0
76 37 10.0 139.0
26 36 132.0 51.0
15 78 169.0 101.0
24 25 90.0 178.0
84 55 184.0 2.0
14 58 95.0 18.0
30 34 2.0 151.0
71 37 6.0 121.0
74 20 80.0 16.0
55 93 36.0 12.0
76 22 28.0 158.0
72 77 143.0 119.0
37 26 65.0 127.0
83 90 9.0 112.0
29 94 172.0 12.0
36 44 172.0 178.0
63 46 46.0 52.0
44 81 164.0 83.0
8 66 163.0 145.0
74 73 15.0 106.0
4 52 115.0 32.0
73 93 48.0 125.0
24 66 68.0 20.0
15 52 25.0 41.0
3 34 17.0 71.0
21 13 143.0 181.0
78 57 28.0 58.0
61 17 31.0 43.0
68 78 135.0 147.0
8 7 34.0 135.0
72 47 39.0 103.0
4 11 109.0 64.0
44 17 155.0 126.0
29 36 142.0 51.0
25 88 80.0 122.0
11 83 79.0 64.0
92 26 117.0 167.0
58 91 100.0 103.0
43 67 173.0 91.0
77 37 148.0 82.0
53 43 190.0 103.0
79 3 158.0 84.0
91 52 42.0 190.0
66 37 22.0 73.0
88 55 4.0 91.0
52 88 9.0 56.0
60 1 8.0 183.0
37 38 4.0 108.0
81 74 198.0 194.0
77 58 182.0 108.0
41 29 67.0 176.0
66 36 122.0 89.0
91 74 137.0 127.0
67 58 81.0 146.0
84 8 139.0 89.0
72 32 77.0 143.0
38 79 127.0 75.0
42 58 111.0 61.0
86 18 138.0 178.0
53 4 128.0 13.0
77 47 176.0 65.0
36 85 159.0 10.0
24 44 144.0 50.0
8 55 162.0 21.0
39 17 109.0 41.0
74 71 169.0 172.0
20 49 177.0 59.0
52 17 122.0 58.0
89 64 40.0 50.0
54 53 37.0 199.0
29 38 113.0 181.0
24 94 183.0 75.0
42 59 91.0 44.0
61 29 61.0 60.0
77 82 40.0 38.0
31 67 60.0 162.0
37 15 115.0 100.0
68 42 137.0 152.0
12 67 0.0 2.0
66 32 196.0 136.0
22 33 115.0 87.0
88 36 67.0 176.0
50 55 19.0 107.0
28 10 91.0 79.0
25 91 163.0 6.0
64 48 140.0 52.0
20 45 38.0 93.0
8 2 28.0 34.0
60 21 62.0 143.0
11 9 48.0 130.0
68 90 52.0 67.0
32 58 101.0 143.0
80 13 118.0 64.0
86 87 58.0 11.0
63 55 157.0 48.0
82 39 198.0 185.0
59 45 34.0 61.0
58 44 188.0 82.0
39 37 47.0 41.0
94 53 184.0 148.0
6 11 99.0 54.0
17 46 106.0 109.0
32 34 158.0 15.0
73 15 52.0 157.0
59 13 183.0 86.0
56 30 197.0 172.0
66 16 24.0 45.0
68 16 140.0 160.0
67 65 142.0 191.0
43 60 105.0 1.0
93 79 154.0 16.0
26 74 153.0 7.0
86 12 8.0 89.0
41 90 141.0 5.0
37 31 31.0 117.0
73 14 106.0 123.0
11 42 180.0 0.0
7 58 82.0 37.0
69 14 91.0 37.0
19 31 121.0 196.0
42 52 160.0 81.0
73 18 28.0 53.0
74 18 85.0 60.0
57 14 196.0 143.0
55 87 170.0 176.0
76 83 67.0 5.0
28 83 198.0 110.0
19 22 183.0 71.0
5 2 195.0 95.0
19 16 81.0 23.0
33 32 120.0 167.0
46 35 69.0 117.0
27 18 104.0 192.0
32 22 31.0 123.0
10 91 133.0 181.0
18 25 141.0 68.0
26 9 197.0 88.0
50 81 185.0 79.0
18 7 70.0 57.0
41 1 19.0 92.0
45 25 135.0 123.0
72 91 176.0 118.0
19 10 181.0 109.0
35 68 109.0 123.0
76 46 110.0 107.0
58 87 31.0 95.0
25 78 100.0 53.0
10 54 107.0 119.0
78 29 14.0 195.0
52 34 177.0 190.0
70 90 69.0 159.0
64 53 26.0 178.0
30 20 129.0 137.0
38 9 15.0 112.0
18 54 25.0 68.0
14 80 92.0 132.0
15 48 175.0 107.0
14 34 158.0 104.0
56 10 34.0 27.0
62 76 199.0 12.0
2 86 122.0 80.0
1 69 127.0 90.0
54 23 20.0 104.0
8 58 79.0 65.0
37 57 109.0 6.0
90 18 178.0 19.0
53 19 24.0 12.0
7 6 151.0 23.0
51 86 116.0 25.0
86 4 156.0 196.0
26 3 171.0 129.0
60 91 6.0 2.0
53 84 195.0 67.0
33 74 198.0 174.0
92 89 41.0 22.0
54 80 194.0 144.0
3 91 51.0 62.0
26 45 111.0 160.0
48 40 48.0 34.0
62 81 57.0 54.0
2 77 69.0 4.0
82 81 198.0 68.0
8 61 184.0 192.0
73 59 44.0 130.0
81 22 96.0 48.0
66 23 162.0 159.0
88 64 36.0 11.0
76 82 131.0 45.0
90 30 52.0 0.0
43 41 49.0 3.0
8 54 103.0 185.0
44 71 94.0 99.0
92 44 64.0 142.0
66 90 108.0 27.0
85 55 131.0 96.0
42 76 51.0 62.0
38 66 123.0 103.0
38 91 146.0 124.0
50 8 137.0 49.0
78 74 190.0 183.0
23 82 60.0 7.0
9 93 176.0 120.0
53 14 135.0 107.0
89 45 101.0 186.0
42 67 20.0 176.0
63 9 106.0 167.0
2 13 91.0 195.0
22 57 22.0 82.0
44 18 81.0 34.0
16 59 155.0 57.0
72 45 82.0 42.0
21 72 127.0 135.0
70 31 75.0 148.0
65 34 78.0 133.0
5 15 57.0 170.0
45 55 161.0 79.0
72 54 72.0 42.0
18 52 143.0 179.0
29 68 110.0 177.0
71 33 129.0 38.0
4 14 45.0 5.0
28 29 40.0 123.0
18 42 77.0 97.0
2 69 94.0 39.0
28 16 165.0 118.0
68 40 5.0 108.0
14 70 177.0 115.0
4 10 182.0 107.0
60 77 96.0 27.0
11 13 125.0 89.0
55 65 149.0 3.0
66 87 60.0 196.0
8 83 112.0 177.0
3 15 187.0 69.0
1 58 176.0 164.0
55 76 134.0 158.0
58 72 42.0 182.0
16 92 91.0 167.0
89 7 29.0 41.0
93 76 144.0 89.0
90 86 67.0 8.0
17 21 131.0 6.0
10 38 57.0 107.0
19 88 34.0 191.0
91 39 97.0 28.0
62 36 159.0 189.0
43 3 138.0 188.0
10 63 122.0 34.0
80 18 105.0 190.0
64 77 40.0 36.0
20 54 170.0 97.0
47 68 170.0 156.0
12 81 116.0 68.0
22 94 105.0 28.0
28 13 58.0 44.0
7 93 199.0 180.0
42 1 98.0 105.0
10 48 46.0 138.0
8 15 53.0 16.0
82 29 196.0 24.0
15 41 144.0 112.0
66 63 140.0 1.0
8 52 107.0 150.0
51 7 53.0 107.0
34 9 28.0 104.0
56 49 198.0 74.0
89 54 59.0 52.0
82 35 28.0 7.0
7 61 21.0 124.0
55 28 121.0 161.0
80 62 151.0 181.0
68 65 150.0 156.0
10 11 13.0 178.0
74 10 37.0 12.0
63 35 167.0 49.0
1 91 12.0 147.0
57 74 189.0 33.0
8 79 120.0 62.0
46 44 154.0 23.0
14 18 191.0 105.0
43 84 199.0 157.0
93 64 40.0 36.0
30 80 29.0 160.0
77 10 70.0 41.0
84 71 176.0 11.0
81 51 133.0 48.0
6 16 57.0 39.0
43 17 146.0 48.0
7 66 124.0 97.0
35 17 63.0 117.0
2 50 113.0 92.0
59 44 115.0 136.0
46 20 187.0 43.0
70 42 195.0 72.0
41 3 173.0 4.0
19 71 92.0 71.0
43 2 88.0 17.0
18 37 74.0 104.0
18 81 147.0 188.0
31 87 97.0 15.0
12 83 149.0 37.0
31 34 120.0 144.0
1 12 182.0 93.0
5 50 66.0 74.0
51 50 37.0 107.0
86 60 140.0 63.0
46 30 145.0 40.0
22 30 103.0 195.0
18 55 119.0 52.0
88 61 115.0 40.0
89 94 152.0 49.0
49 10 184.0 171.0
60 33 96.0 173.0
92 74 0.0 189.0
3 8 120.0 98.0
89 24 53.0 23.0
10 42 18.0 173.0
34 94 127.0 85.0
93 57 149.0 31.0
4 16 177.0 133.0
87 40 121.0 25.0
19 83 136.0 74.0
48 25 183.0 56.0
18 3 94.0 37.0
51 71 137.0 64.0
70 7 177.0 64.0
89 53 46.0 126.0
13 15 131.0 175.0
80 48 167.0 4.0
36 63 11.0 103.0
4 12 19.0 146.0
80 42 154.0 65.0
18 29 176.0 43.0
61 27 20.0 154.0
79 23 158.0 67.0
37 55 67.0 41.0
34 7 11.0 34.0
69 65 31.0 174.0
67 47 145.0 2.0
89 55 105.0 99.0
15 72 134.0 82.0
30 7 63.0 154.0
29 66 17.0 173.0
53 90 11.0 84.0
2 54 193.0 174.0
24 77 11.0 24.0
56 64 29.0 156.0
5 12 197.0 86.0
54 7 58.0 131.0
13 88 129.0 73.0
60 63 27.0 146.0
58 41 178.0 38.0
94 28 14.0 124.0
36 13 86.0 25.0
1 6 174.0 115.0
57 49 197.0 123.0
81 53 31.0 55.0
47 83 55.0 160.0
51 89 92.0 82.0
35 47 94.0 22.0
6 23 151.0 108.0
62 85 174.0 189.0
91 26 114.0 101.0
6 41 133.0 111.0
94 81 179.0 116.0
69 67 76.0 34.0
2 14 79.0 168.0
73 54 178.0 173.0
7 14 136.0 81.0
92 47 43.0 63.0
72 33 138.0 157.0
73 55 27.0 24.0
41 69 88.0 6.0
42 21 7.0 165.0
73 20 153.0 38.0
73 28 118.0 83.0
36 45 68.0 6.0
91 4 66.0 112.0
36 82 182.0 156.0
43 35 132.0 9.0
10 25 146.0 173.0
71 79 173.0 105.0
30 51 4.0 78.0
10 26 56.0 74.0
70 49 167.0 77.0
53 88 143.0 185.0
7 33 156.0 125.0
93 10 51.0 89.0
60 9 15.0 149.0
87 74 127.0 140.0
56 7 58.0 83.0
32 50 64.0 115.0
5 77 196.0 184.0
2 80 47.0 91.0
44 94 90.0 4.0
35 36 159.0 93.0
44 66 163.0 174.0
71 62 1.0 42.0
68 71 73.0 59.0
52 69 177.0 137.0
77 26 155.0 173.0
38 36 58.0 3.0
35 58 90.0 100.0
93 63 111.0 49.0
60 44 39.0 26.0
11 49 80.0 40.0
51 94 182.0 153.0
69 11 0.0 159.0
63 92 159.0 156.0
33 36 88.0 17.0
93 5 170.0 130.0
93 50 53.0 81.0
93 30 197.0 92.0
78 91 74.0 29.0
90 35 65.0 56.0
45 64 140.0 18.0
87 91 58.0 51.0
32 88 51.0 146.0
24 73 155.0 21.0
3 16 114.0 160.0
8 9 40.0 63.0
31 39 23.0 66.0
5 25 2.0 41.0
89 52 198.0 95.0
48 89 118.0 57.0
82 44 10.0 121.0
49 75 191.0 117.0
53 68 61.0 57.0
8 37 169.0 53.0
7 59 190.0 145.0
83 43 188.0 145.0
9 5 182.0 139.0
31 17 10.0 52.0
60 38 87.0 20.0
18 45 63.0 79.0
18 65 1.0 76.0
34 26 173.0 170.0
84 16 196.0 116.0
58 94 2.0 136.0
62 86 143.0 184.0
34 85 127.0 153.0
5 11 28.0 14.0
5 44 135.0 43.0
41 22 143.0 136.0
8 10 2.0 68.0
41 27 132.0 198.0
52 64 50.0 134.0
81 90 138.0 194.0
12 42 173.0 65.0
2 16 193.0 153.0
86 46 11.0 81.0
93 16 69.0 154.0
67 55 155.0 72.0
14 91 156.0 87.0
86 20 176.0 159.0
41 84 8.0 66.0
31 2 182.0 133.0
43 65 191.0 127.0
42 33 56.0 2.0
14 8 6.0 77.0
62 68 90.0 113.0
65 35 137.0 198.0
81 86 74.0 65.0
75 16 67.0 82.0
17 60 129.0 1.0
31 23 41.0 120.0
56 90 115.0 97.0
70 46 114.0 73.0
19 6 152.0 156.0
66 72 17.0 42.0
63 20 79.0 92.0
36 73 5.0 98.0
39 14 100.0 134.0
36 68 116.0 93.0
63 6 65.0 183.0
77 4 146.0 132.0
9 33 135.0 51.0
36 2 12.0 153.0
21 26 191.0 91.0
4 13 17.0 197.0
31 40 19.0 117.0
39 4 76.0 136.0
35 10 24.0 142.0
39 87 124.0 122.0
18 4 14.0 60.0
27 68 123.0 26.0
25 2 181.0 114.0
19 58 50.0 151.0
4 1 141.0 69.0
30 66 137.0 18.0
1 7 5.0 113.0
7 11 4.0 82.0
16 5 84.0 18.0
8 65 117.0 159.0
92 88 75.0 98.0
3 12 36.0 125.0
45 42 53.0 177.0
39 60 181.0 143.0
94 91 45.0 139.0
19 74 62.0 50.0
40 77 22.0 146.0
74 90 82.0 139.0
6 9 19.0 158.0
17 1 61.0 7.0
81 64 39.0 66.0
55 10 192.0 20.0
33 26 14.0 189.0
31 46 199.0 76.0
2 20 77.0 21.0
10 9 114.0 111.0
41 12 141.0 133.0
52 86 191.0 154.0
55 1 162.0 30.0
18 2 0.0 106.0
23 91 151.0 166.0
68 74 147.0 150.0
90 9 105.0 176.0
23 13 186.0 19.0
50 67 118.0 79.0
58 54 27.0 62.0
81 65 188.0 142.0
62 69 114.0 140.0
65 73 32.0 17.0
78 4 175.0 131.0
38 43 80.0 80.0
55 4 9.0 18.0
70 91 153.0 128.0
76 71 89.0 180.0
67 25 34.0 29.0
7 15 67.0 100.0
43 52 81.0 51.0
81 58 80.0 8.0
6 43 143.0 160.0
12 9 95.0 104.0
67 53 112.0 48.0
55 47 113.0 153.0
4 84 74.0 147.0
27 2 84.0 93.0
79 84 152.0 118.0
3 19 123.0 32.0
32 79 154.0 18.0
56 79 151.0 1.0
38 52 185.0 15.0
31 50 133.0 98.0
39 2 160.0 159.0
29 85 112.0 197.0
74 76 77.0 17.0
64 4 56.0 152.0
15 87 69.0 163.0
72 49 8.0 20.0
33 37 196.0 193.0
18 21 13.0 129.0
14 9 190.0 125.0
79 33 42.0 54.0
14 30 31.0 119.0
60 35 19.0 87.0
27 71 95.0 88.0
52 61 85.0 103.0
29 40 157.0 81.0
60 79 86.0 170.0
5 1 46.0 28.0
33 68 160.0 40.0
3 73 131.0 191.0
11 1 34.0 102.0
26 31 104.0 130.0
24 2 51.0 141.0
41 49 127.0 9.0
59 20 42.0 166.0
20 91 102.0 40.0
64 14 40.0 62.0
86 70 81.0 171.0
24 17 172.0 115.0
73 26 171.0 28.0
28 54 17.0 23.0
34 41 31.0 97.0
86 76 199.0 73.0
72 27 95.0 101.0
40 10 188.0 135.0
11 57 59.0 21.0
5 85 101.0 32.0
43 45 69.0 72.0
31 48 125.0 38.0
88 74 51.0 157.0
81 11 16.0 50.0
37 2 139.0 111.0
11 29 90.0 79.0
17 55 189.0 149.0
72 68 27.0 90.0
45 93 128.0 48.0
47 89 193.0 5.0
1 63 76.0 196.0
17 6 89.0 44.0
58 60 119.0 181.0
1 19 58.0 161.0
74 32 6.0 47.0
5 46 94.0 185.0
70 22 61.0 174.0
42 57 45.0 7.0
25 28 87.0 74.0
17 57 103.0 177.0
23 53 27.0 23.0
71 77 187.0 85.0
14 67 148.0 145.0
44 33 73.0 42.0
54 38 35.0 86.0
94 18 43.0 32.0
46 55 3.0 83.0
18 15 3.0 106.0
67 30 44.0 182.0
10 2 17.0 184.0
21 56 126.0 165.0
21 27 127.0 199.0
90 14 30.0 114.0
32 8 84.0 25.0
7 13 134.0 87.0
27 26 194.0 89.0
82 73 197.0 191.0
27 92 196.0 166.0
79 53 20.0 74.0
11 16 77.0 148.0
30 69 98.0 59.0
8 27 119.0 182.0
40 28 169.0 5.0
53 72 145.0 116.0
50 64 115.0 94.0
87 48 90.0 63.0
6 29 45.0 63.0
44 70 178.0 122.0
44 4 35.0 76.0
30 91 66.0 106.0
50 22 150.0 188.0
24 1 29.0 95.0
58 71 197.0 144.0
50 83 156.0 39.0
43 85 61.0 1.0
86 6 139.0 40.0
9 87 129.0 126.0
3 6 158.0 148.0
50 37 54.0 108.0
31 11 155.0 35.0
13 83 157.0 104.0
3 52 190.0 113.0
43 7 63.0 3.0
12 84 149.0 154.0
77 45 191.0 78.0
73 53 112.0 101.0
21 51 106.0 118.0
87 62 120.0 13.0
50 44 129.0 29.0
2 71 163.0 71.0
77 90 101.0 178.0
79 62 134.0 2.0
12 53 86.0 77.0
38 62 125.0 198.0
44 79 163.0 184.0
46 16 163.0 35.0
86 63 32.0 44.0
6 12 70.0 147.0
60 80 165.0 171.0
47 78 32.0 52.0
7 10 16.0 118.0
29 77 153.0 94.0
61 9 61.0 116.0
50 78 94.0 176.0
72 8 125.0 78.0
72 10 32.0 195.0
90 33 17.0 149.0
42 32 1.0 49.0
68 64 191.0 169.0
72 76 75.0 145.0
84 18 121.0 137.0
2 30 132.0 167.0
37 29 175.0 10.0
15 4 78.0 159.0
73 46 71.0 96.0
77 22 145.0 72.0
18 43 52.0 89.0
50 15 199.0 80.0
32 92 116.0 72.0
27 74 121.0 1.0
6 14 109.0 48.0
29 43 100.0 187.0
6 18 83.0 172.0
6 13 198.0 181.0
81 87 48.0 2.0
11 2 55.0 199.0
56 44 86.0 172.0
23 92 196.0 7.0
13 70 8.0 57.0
3 10 188.0 109.0
79 58 165.0 24.0
20 6 20.0 115.0
82 12 131.0 20.0
71 32 155.0 138.0
75 85 0.0 193.0
82 13 75.0 148.0
83 24 127.0 36.0
10 15 138.0 68.0
35 55 111.0 55.0
50 45 124.0 83.0
56 48 95.0 55.0
11 44 164.0 3.0
35 67 147.0 117.0
12 78 13.0 175.0
34 46 81.0 140.0
23 5 190.0 19.0
59 83 101.0 53.0
33 6 91.0 25.0
79 89 19.0 187.0
23 2 90.0 183.0
71 5 191.0 37.0
15 57 93.0 4.0
8 70 83.0 126.0
74 70 62.0 25.0
84 52 71.0 115.0
57 70 16.0 162.0
90 24 7.0 35.0
2 74 134.0 97.0
10 6 93.0 77.0
62 5 75.0 138.0
6 5 140.0 110.0
24 59 84.0 2.0
16 43 39.0 107.0
18 33 192.0 55.0
82 64 71.0 0.0
69 26 141.0 5.0
13 1 36.0 187.0
15 20 199.0 63.0
15 6 103.0 140.0
4 63 180.0 140.0
11 28 79.0 19.0
86 50 49.0 72.0
45 3 140.0 120.0
12 2 58.0 33.0
24 71 180.0 46.0
23 40 40.0 179.0
15 2 48.0 143.0
67 56 130.0 28.0
84 13 8.0 162.0
14 12 153.0 9.0
89 74 131.0 45.0
19 25 22.0 141.0
28 26 149.0 2.0
65 80 35.0 189.0
16 65 123.0 83.0
53 2 59.0 5.0
17 3 194.0 19.0
24 60 11.0 147.0
65 41 69.0 143.0
92 35 74.0 91.0
87 28 24.0 175.0
39 77 87.0 59.0
73 7 24.0 162.0
12 8 173.0 83.0
26 78 89.0 168.0
12 10 194.0 52.0
55 48 35.0 15.0
15 17 56.0 61.0
70 39 186.0 80.0
21 59 104.0 25.0
65 93 96.0 129.0
61 59 43.0 70.0
3 22 103.0 84.0
78 76 69.0 98.0
55 40 116.0 104.0
83 80 27.0 172.0
9 7 105.0 13.0
86 56 35.0 10.0
9 15 135.0 84.0
20 71 27.0 130.0
41 46 105.0 82.0
5 20 140.0 127.0
45 24 170.0 57.0
8 17 54.0 149.0
21 78 187.0 160.0
65 61 133.0 175.0
22 18 172.0 20.0
88 47 165.0 151.0
13 12 77.0 70.0
5 86 164.0 18.0
16 8 34.0 86.0
18 5 99.0 88.0
70 33 57.0 38.0
93 84 39.0 142.0
13 9 93.0 164.0
51 78 38.0 58.0
36 32 20.0 115.0
49 50 115.0 136.0
83 60 73.0 149.0
52 87 114.0 124.0
25 79 65.0 171.0
1 2 104.0 104.0
9 2 195.0 198.0
3 75 37.0 33.0
38 24 24.0 57.0
5 83 99.0 91.0
74 8 132.0 172.0
9 17 173.0 46.0
13 64 90.0 38.0
91 6 165.0 195.0
24 62 147.0 160.0
68 25 99.0 185.0
48 83 33.0 75.0
71 43 109.0 132.0
76 79 190.0 41.0
13 78 67.0 164.0
73 61 146.0 157.0
17 11 61.0 111.0
60 59 107.0 8.0
83 26 169.0 6.0
15 58 80.0 2.0
6 90 7.0 142.0
6 88 152.0 149.0
72 50 87.0 19.0
17 91 69.0 34.0
90 52 82.0 130.0
16 40 43.0 141.0
6 22 80.0 12.0
63 42 180.0 113.0
1 20 101.0 139.0
3 33 117.0 53.0
83 45 78.0 5.0
19 8 34.0 99.0
21 11 162.0 68.0
76 53 61.0 5.0
58 21 90.0 142.0
88 94 95.0 22.0
9 66 52.0 148.0
4 5 59.0 170.0
49 30 131.0 89.0
25 50 6.0 117.0
60 23 92.0 120.0
7 63 9.0 105.0
83 58 137.0 51.0
17 10 164.0 184.0
45 49 188.0 17.0
20 7 169.0 47.0
37 4 32.0 52.0
53 29 49.0 190.0
77 76 112.0 141.0
19 4 189.0 73.0
5 7 148.0 78.0
11 33 137.0 113.0
4 8 137.0 125.0
22 85 183.0 58.0
88 43 91.0 15.0
71 60 196.0 140.0
67 10 57.0 60.0
69 51 78.0 198.0
82 69 161.0 178.0
33 14 189.0 98.0
13 14 194.0 78.0
89 5 65.0 177.0
47 87 87.0 109.0
79 80 122.0 35.0
22 7 19.0 180.0
83 29 193.0 49.0
4 24 97.0 106.0
64 10 148.0 38.0
13 55 136.0 143.0
59 67 107.0 154.0
86 80 71.0 194.0
1 25 3.0 193.0
58 76 59.0 22.0
37 56 15.0 4.0
12 72 26.0 64.0
81 46 56.0 174.0
4 17 80.0 193.0
5 52 63.0 187.0
63 78 178.0 86.0
1 8 192.0 182.0
14 21 117.0 3.0
77 49 135.0 84.0
8 11 195.0 113.0
4 28 79.0 51.0
86 93 3.0 159.0
76 23 105.0 66.0
6 65 193.0 84.0
70 85 92.0 137.0
11 40 154.0 161.0
88 84 124.0 89.0
17 63 101.0 71.0
23 49 103.0 180.0
48 44 110.0 106.0
21 7 68.0 168.0
5 13 11.0 14.0
3 64 92.0 56.0
9 84 145.0 199.0
11 15 9.0 21.0
22 59 37.0 110.0
14 54 134.0 92.0
29 7 20.0 196.0
41 51 150.0 88.0
13 16 86.0 113.0
51 28 98.0 131.0
18 51 50.0 196.0
16 10 165.0 59.0
81 16 29.0 154.0
1 3 147.0 115.0
9 19 118.0 167.0
73 42 196.0 20.0
3 24 68.0 35.0
18 57 42.0 118.0
13 19 18.0 92.0
1 10 98.0 184.0
48 65 141.0 127.0
68 1 181.0 88.0
22 64 85.0 52.0
38 23 29.0 82.0
13 20 14.0 49.0
8 76 35.0 56.0
7 3 22.0 53.0
13 8 85.0 120.0
3 23 113.0 27.0
24 78 146.0 46.0
48 23 194.0 32.0
72 1 33.0 23.0
46 89 122.0 199.0
70 27 129.0 157.0
64 1 169.0 151.0
33 82 176.0 55.0
37 35 111.0 41.0
7 16 176.0 58.0
29 1 13.0 122.0
16 14 91.0 198.0
46 37 17.0 165.0
89 29 19.0 146.0
20 9 84.0 140.0
78 86 144.0 12.0
52 36 131.0 7.0
54 6 79.0 59.0
2 63 63.0 44.0
16 9 153.0 106.0
27 90 150.0 170.0
21 8 30.0 121.0
63 37 192.0 66.0
28 56 87.0 88.0
91 62 25.0 170.0
25 3 20.0 56.0
4 33 43.0 36.0
25 4 87.0 196.0
85 91 63.0 38.0
89 80 105.0 45.0
22 37 31.0 49.0
19 7 27.0 70.0
53 5 49.0 53.0
40 86 33.0 22.0
20 8 9.0 76.0
19 2 22.0 96.0
93 31 176.0 86.0
17 66 19.0 81.0
34 69 90.0 2.0
20 10 156.0 118.0
93 62 134.0 157.0
79 2 50.0 119.0
24 7 94.0 59.0
92 69 113.0 116.0
5 27 192.0 89.0
93 74 185.0 164.0
48 19 25.0 28.0
14 29 55.0 181.0
21 5 157.0 141.0
61 21 11.0 8.0
18 12 130.0 57.0
80 67 74.0 195.0
93 32 70.0 18.0
37 11 165.0 8.0
22 2 92.0 190.0
35 44 155.0 99.0
9 88 36.0 112.0
40 33 13.0 47.0
45 22 171.0 95.0
88 44 63.0 197.0
5 8 88.0 134.0
51 53 51.0 53.0
15 14 64.0 95.0
88 24 133.0 19.0
4 9 41.0 169.0
63 72 48.0 54.0
25 53 9.0 19.0
6 8 73.0 72.0
10 18 135.0 113.0
85 65 182.0 187.0
15 65 34.0 198.0
88 16 17.0 119.0
46 90 105.0 59.0
67 24 36.0 105.0
76 51 112.0 197.0
2 32 30.0 185.0
91 49 32.0 166.0
46 62 131.0 167.0
12 17 169.0 165.0
14 88 36.0 138.0
15 16 88.0 93.0
66 81 182.0 76.0
63 74 168.0 47.0
3 21 74.0 198.0
24 6 52.0 59.0
58 13 113.0 183.0
10 30 78.0 82.0
49 39 16.0 114.0
1 28 185.0 104.0
2 83 32.0 119.0
62 17 99.0 152.0
20 11 34.0 126.0
46 14 192.0 38.0
52 70 106.0 105.0
6 4 12.0 137.0
17 13 82.0 28.0
44 27 120.0 19.0
11 3 173.0 104.0
14 3 8.0 25.0
82 6 130.0 194.0
45 33 51.0 122.0
8 29 128.0 157.0
62 77 79.0 140.0
1 9 13.0 161.0
1 27 174.0 133.0
58 3 128.0 147.0
35 45 109.0 136.0
50 91 163.0 39.0
24 5 119.0 166.0
13 89 13.0 199.0
3 55 20.0 93.0
82 59 18.0 33.0
20 80 162.0 144.0
14 23 59.0 90.0
67 73 196.0 169.0
69 55 126.0 159.0
13 75 120.0 45.0
12 7 124.0 134.0
14 60 150.0 97.0
24 49 76.0 120.0
60 82 14.0 38.0
1 21 29.0 74.0
4 21 22.0 25.0
82 10 182.0 148.0
16 53 169.0 102.0
12 39 80.0 45.0
3 4 153.0 182.0
50 23 178.0 181.0
19 12 132.0 145.0
87 46 15.0 162.0
31 3 121.0 37.0
23 39 43.0 103.0
23 1 75.0 164.0
65 13 162.0 155.0
13 92 129.0 67.0
46 39 63.0 60.0
15 12 25.0 195.0
5 84 190.0 40.0
4 80 29.0 111.0
12 16 99.0 25.0
70 32 71.0 174.0
44 52 56.0 33.0
75 51 10.0 185.0
90 16 121.0 25.0
69 3 26.0 98.0
4 27 35.0 168.0
14 19 87.0 16.0
14 94 124.0 187.0
32 38 86.0 195.0
22 52 13.0 94.0
8 71 182.0 175.0
19 5 80.0 56.0
28 67 7.0 58.0
56 88 117.0 42.0
17 16 58.0 4.0
71 80 139.0 134.0
50 70 100.0 177.0
27 35 96.0 113.0
37 16 133.0 30.0
40 9 14.0 165.0
8 53 190.0 21.0
72 42 62.0 107.0
19 34 182.0 72.0
20 53 160.0 73.0
28 93 54.0 60.0
33 58 82.0 150.0
33 1 56.0 168.0
18 11 12.0 22.0
42 19 112.0 2.0
86 58 189.0 126.0
23 47 75.0 171.0
3 13 148.0 35.0
40 70 25.0 2.0
34 91 139.0 60.0
63 33 55.0 147.0
22 83 175.0 67.0
7 50 177.0 39.0
39 25 55.0 167.0
71 21 25.0 82.0
27 7 86.0 125.0
78 58 42.0 111.0
80 82 67.0 182.0
46 94 65.0 123.0
20 12 17.0 40.0
73 8 198.0 195.0
6 25 66.0 5.0
81 45 139.0 91.0
53 13 75.0 25.0
2 48 30.0 118.0
61 91 164.0 97.0
22 15 185.0 181.0
38 74 135.0 2.0
1 30 50.0 133.0
23 10 116.0 116.0
44 10 137.0 7.0
22 78 126.0 164.0
31 73 38.0 156.0
69 94 172.0 2.0
13 18 197.0 157.0
51 70 161.0 132.0
9 21 124.0 163.0
13 60 39.0 40.0
15 1 21.0 128.0
94 78 59.0 147.0
5 28 118.0 49.0
35 19 38.0 90.0
4 31 96.0 187.0
69 40 171.0 57.0
80 91 101.0 96.0
56 19 145.0 141.0
61 26 25.0 166.0
11 14 146.0 36.0
22 9 76.0 64.0
49 47 77.0 67.0
46 7 63.0 125.0
73 21 119.0 35.0
43 26 109.0 20.0
70 24 164.0 6.0
76 25 1.0 189.0
2 29 157.0 147.0
53 32 154.0 34.0
78 64 118.0 31.0
2 4 185.0 182.0
26 6 198.0 56.0
57 50 175.0 59.0
73 45 125.0 91.0
26 5 132.0 127.0
17 14 123.0 89.0
4 29 155.0 77.0
43 89 188.0 74.0
11 22 61.0 173.0
13 10 181.0 11.0
94 57 1.0 108.0
7 55 135.0 79.0
56 17 92.0 67.0
39 43 22.0 15.0
23 83 64.0 178.0
77 87 74.0 52.0
12 22 93.0 87.0
67 41 171.0 74.0
18 1 65.0 172.0
69 84 167.0 152.0
17 5 194.0 59.0
84 67 15.0 168.0
7 26 127.0 32.0
55 75 66.0 1.0
29 13 126.0 159.0
53 42 114.0 97.0
57 25 6.0 131.0
14 22 83.0 174.0
15 19 134.0 29.0
15 64 34.0 101.0
33 30 198.0 161.0
11 65 88.0 17.0
77 83 196.0 167.0
31 89 186.0 111.0
5 14 112.0 192.0
23 93 132.0 147.0
17 19 116.0 66.0
68 91 21.0 102.0
18 8 79.0 20.0
73 94 37.0 120.0
82 4 183.0 33.0
24 27 46.0 169.0
54 69 169.0 110.0
33 2 136.0 101.0
20 25 110.0 4.0
21 90 197.0 132.0
30 23 5.0 29.0
22 4 162.0 194.0
26 1 43.0 146.0
9 25 119.0 89.0
72 62 166.0 88.0
9 69 145.0 54.0
31 7 54.0 56.0
3 71 145.0 3.0
93 19 89.0 102.0
22 86 121.0 51.0
22 16 105.0 165.0
94 3 54.0 25.0
10 24 118.0 172.0
6 72 173.0 64.0
53 37 108.0 27.0
39 54 56.0 53.0
72 56 149.0 145.0
32 6 81.0 70.0
4 30 171.0 139.0
13 27 56.0 25.0
1 32 141.0 174.0
30 81 15.0 66.0
49 73 74.0 75.0
58 17 44.0 130.0
4 42 192.0 145.0
67 3 178.0 25.0
17 7 53.0 149.0
5 31 14.0 109.0
69 81 149.0 107.0
67 68 89.0 116.0
28 8 48.0 163.0
58 43 11.0 45.0
16 87 1.0 3.0
21 47 114.0 179.0
90 43 177.0 167.0
60 4 131.0 191.0
84 45 91.0 33.0
45 12 43.0 132.0
80 23 116.0 44.0
91 84 15.0 127.0
76 63 38.0 169.0
42 31 8.0 104.0
6 31 188.0 185.0
77 8 69.0 71.0
78 67 3.0 161.0
11 88 51.0 199.0
16 64 83.0 167.0
20 17 11.0 51.0
52 75 192.0 1.0
4 23 53.0 152.0
8 67 181.0 193.0
74 84 46.0 51.0
82 67 79.0 2.0
60 92 103.0 130.0
61 67 128.0 138.0
82 94 178.0 139.0
6 46 34.0 123.0
73 30 127.0 87.0
28 70 184.0 61.0
59 41 171.0 183.0
13 38 189.0 3.0
61 4 182.0 44.0
70 82 184.0 110.0
81 80 86.0 115.0
57 23 93.0 120.0
12 23 183.0 20.0
4 20 90.0 119.0
46 91 125.0 14.0
60 20 177.0 67.0
23 56 190.0 111.0
43 80 19.0 126.0
18 19 21.0 105.0
88 40 1.0 114.0
89 26 129.0 184.0
31 58 66.0 19.0
81 52 197.0 143.0
7 23 9.0 175.0
31 81 168.0 199.0
67 20 139.0 187.0
86 39 54.0 160.0
31 1 158.0 55.0
1 70 82.0 87.0
60 41 157.0 100.0
93 21 150.0 154.0
63 26 80.0 159.0
13 85 132.0 1.0
11 63 59.0 23.0
9 3 158.0 65.0
71 94 124.0 116.0
1 80 63.0 159.0
9 18 10.0 20.0
30 8 166.0 160.0
17 87 80.0 198.0
9 72 122.0 164.0
41 44 77.0 133.0
72 84 133.0 187.0
83 27 40.0 58.0
12 58 25.0 56.0
87 43 36.0 35.0
34 29 116.0 2.0
47 61 106.0 148.0
30 6 44.0 181.0
9 77 175.0 73.0
66 89 193.0 109.0
47 84 176.0 34.0
47 75 116.0 153.0
23 74 178.0 104.0
34 57 61.0 94.0
50 59 163.0 119.0
92 71 112.0 7.0
54 29 136.0 87.0
23 77 9.0 130.0
20 16 155.0 137.0
43 19 180.0 24.0
24 79 72.0 158.0
42 49 198.0 133.0
14 66 58.0 113.0
68 3 176.0 170.0
57 19 196.0 113.0
27 9 178.0 5.0
40 45 173.0 85.0
11 23 168.0 153.0
93 37 177.0 41.0
85 7 19.0 127.0
72 35 189.0 78.0
63 67 16.0 165.0
9 23 73.0 12.0
16 89 40.0 3.0
39 41 49.0 13.0
18 20 140.0 170.0
88 60 3.0 117.0
66 69 69.0 23.0
35 38 148.0 10.0
10 50 16.0 164.0
89 61 135.0 41.0
34 4 163.0 176.0
15 23 34.0 164.0
47 85 43.0 174.0
76 44 35.0 47.0
44 21 75.0 56.0
4 32 128.0 23.0
92 38 103.0 96.0
3 29 166.0 39.0
21 12 18.0 81.0
29 49 17.0 52.0
65 88 182.0 60.0
63 54 14.0 169.0
74 48 4.0 89.0
22 8 188.0 85.0
45 70 72.0 92.0
28 48 156.0 191.0
81 55 110.0 174.0
1 35 59.0 127.0
79 69 84.0 193.0
28 9 81.0 98.0
28 12 182.0 37.0
88 21 161.0 122.0
91 73 79.0 186.0
26 16 51.0 35.0
5 29 128.0 162.0
60 48 51.0 139.0
48 51 133.0 135.0
85 81 137.0 166.0
24 15 83.0 71.0
89 90 134.0 44.0
69 5 161.0 13.0
20 57 65.0 165.0
11 24 55.0 145.0
26 2 6.0 106.0
81 19 118.0 91.0
27 3 106.0 7.0
1 85 90.0 189.0
12 48 135.0 176.0
9 30 79.0 97.0
23 33 56.0 144.0
80 40 117.0 112.0
70 81 197.0 75.0
5 47 144.0 67.0
74 37 140.0 2.0
3 30 128.0 182.0
78 90 49.0 63.0
37 1 194.0 128.0
77 74 171.0 51.0
45 78 96.0 41.0
64 39 50.0 45.0
86 92 162.0 146.0
34 72 44.0 54.0
75 30 77.0 172.0
25 64 0.0 126.0
15 74 178.0 195.0
79 65 2.0 150.0
40 1 46.0 50.0
34 15 46.0 48.0
11 12 4.0 161.0
10 29 92.0 48.0
79 51 56.0 170.0
11 25 12.0 9.0
64 23 143.0 190.0
87 5 67.0 98.0
94 15 47.0 65.0
55 15 61.0 45.0
50 89 109.0 18.0
45 37 82.0 153.0
20 88 103.0 91.0
53 93 83.0 67.0
21 46 162.0 27.0
34 6 89.0 29.0
8 75 174.0 88.0
21 41 125.0 187.0
61 34 18.0 34.0
3 49 167.0 101.0
68 45 139.0 70.0
43 76 52.0 175.0
53 33 0.0 14.0
26 68 104.0 90.0
23 18 106.0 30.0
65 87 109.0 31.0
23 17 151.0 127.0
45 91 21.0 118.0
67 77 120.0 113.0
28 7 176.0 124.0
39 93 73.0 176.0
92 9 31.0 177.0
34 55 117.0 137.0
73 5 153.0 26.0
28 3 96.0 105.0
38 2 115.0 70.0
27 10 193.0 187.0
28 37 169.0 121.0
35 29 192.0 42.0
16 21 121.0 175.0
6 39 157.0 39.0
43 66 123.0 63.0
32 55 66.0 171.0
34 66 59.0 181.0
19 51 103.0 5.0
87 61 91.0 72.0
30 11 149.0 35.0
13 22 17.0 22.0
91 22 10.0 127.0
88 67 58.0 85.0
53 86 5.0 124.0
83 52 179.0 17.0
35 13 114.0 82.0
36 3 181.0 157.0
20 29 163.0 82.0
13 47 180.0 181.0
25 12 101.0 191.0
75 45 160.0 111.0
62 73 136.0 117.0
30 21 175.0 115.0
35 2 161.0 42.0
32 3 134.0 94.0
4 35 50.0 97.0
5 32 102.0 183.0
41 5 92.0 155.0
75 40 88.0 52.0
18 87 52.0 176.0
21 6 165.0 180.0
81 23 153.0 78.0
82 25 21.0 39.0
23 85 36.0 24.0
50 66 161.0 91.0
2 65 135.0 54.0
10 79 72.0 175.0
71 6 37.0 77.0
19 32 91.0 154.0
54 75 108.0 196.0
31 52 64.0 82.0
68 73 42.0 100.0
44 78 198.0 156.0
27 12 159.0 133.0
1 34 1.0 184.0
39 32 63.0 190.0
89 39 53.0 106.0
19 39 92.0 161.0
35 3 12.0 156.0
36 5 166.0 7.0
51 20 94.0 164.0
64 85 193.0 5.0
21 19 75.0 194.0
51 33 72.0 90.0
33 5 112.0 125.0
67 2 139.0 156.0
79 59 136.0 152.0
23 16 73.0 102.0
77 78 199.0 119.0
94 63 180.0 144.0
13 24 68.0 7.0
46 93 60.0 93.0
22 10 97.0 124.0
40 44 44.0 36.0
1 16 114.0 180.0
90 67 77.0 139.0
76 1 122.0 28.0
64 8 153.0 102.0
47 19 43.0 173.0
36 4 6.0 55.0
10 33 46.0 103.0
64 87 6.0 90.0
26 13 188.0 73.0
30 25 110.0 17.0
5 30 62.0 33.0
41 2 139.0 167.0
38 41 109.0 134.0
26 85 100.0 116.0
11 80 135.0 146.0
20 19 152.0 93.0
40 49 20.0 140.0
74 30 10.0 131.0
86 3 182.0 24.0
22 5 1.0 73.0
68 41 146.0 110.0
11 27 72.0 46.0
26 12 117.0 7.0
25 17 49.0 69.0
32 7 6.0 70.0
26 56 130.0 16.0
32 12 120.0 65.0
21 10 18.0 121.0
71 57 48.0 117.0
71 70 64.0 120.0
65 76 146.0 182.0
61 22 55.0 196.0
18 63 36.0 61.0
24 54 88.0 118.0
52 20 52.0 8.0
51 35 172.0 70.0
11 19 180.0 173.0
23 8 115.0 197.0
38 1 161.0 14.0
9 32 195.0 16.0
38 5 151.0 183.0
33 47 127.0 39.0
92 56 63.0 131.0
4 26 51.0 188.0
34 24 148.0 184.0
45 2 83.0 63.0
87 68 46.0 44.0
62 63 123.0 194.0
42 22 51.0 74.0
30 12 69.0 130.0
30 18 50.0 132.0
48 9 60.0 54.0
9 24 40.0 160.0
15 25 35.0 75.0
26 17 196.0 81.0
51 68 126.0 120.0
90 57 84.0 129.0
33 8 29.0 105.0
6 36 40.0 31.0
3 42 192.0 52.0
13 30 46.0 184.0
47 14 193.0 81.0
24 14 64.0 189.0
18 16 195.0 142.0
93 90 124.0 32.0
72 86 157.0 153.0
80 9 86.0 197.0
51 25 97.0 30.0
91 7 2.0 96.0
20 28 5.0 195.0
4 40 35.0 69.0
37 6 110.0 182.0
21 23 118.0 34.0
37 5 127.0 75.0
51 59 50.0 165.0
83 84 41.0 99.0
90 38 83.0 195.0
66 2 121.0 40.0
15 26 30.0 108.0
6 28 58.0 141.0
76 38 57.0 128.0
80 88 95.0 137.0
79 81 6.0 145.0
3 81 11.0 199.0
51 38 69.0 46.0
65 59 18.0 190.0
84 54 19.0 48.0
69 10 47.0 30.0
48 73 88.0 105.0
27 17 94.0 183.0
16 25 98.0 52.0
37 85 68.0 110.0
28 53 137.0 137.0
1 22 190.0 107.0
82 54 169.0 162.0
2 40 70.0 16.0
17 78 168.0 158.0
54 32 68.0 14.0
82 56 97.0 118.0
14 26 22.0 166.0
6 66 84.0 111.0
94 35 114.0 26.0
88 15 126.0 35.0
79 37 139.0 148.0
38 4 49.0 107.0
94 49 172.0 117.0
24 16 116.0 70.0
75 63 9.0 90.0
34 60 179.0 93.0
94 72 0.0 45.0
24 12 144.0 79.0
82 38 66.0 35.0
17 18 85.0 115.0
78 85 110.0 58.0
15 29 92.0 178.0
75 37 63.0 53.0
5 34 192.0 42.0
56 51 29.0 144.0
2 78 110.0 126.0
22 90 137.0 176.0
51 85 73.0 174.0
75 77 152.0 135.0
89 30 180.0 196.0
66 26 2.0 44.0
25 8 117.0 146.0
6 27 103.0 146.0
15 28 69.0 165.0
59 37 42.0 158.0
29 12 166.0 68.0
16 58 30.0 71.0
20 23 154.0 162.0
6 51 168.0 157.0
2 92 131.0 37.0
51 93 165.0 35.0
61 45 146.0 34.0
1 36 32.0 141.0
59 72 195.0 151.0
35 71 137.0 177.0
50 53 14.0 92.0
7 25 151.0 183.0
41 23 107.0 83.0
21 25 69.0 24.0
26 8 117.0 167.0
76 35 33.0 101.0
12 65 90.0 181.0
41 61 172.0 179.0
19 60 53.0 138.0
12 33 185.0 4.0
85 84 154.0 44.0
14 89 132.0 175.0
19 62 34.0 1.0
28 89 129.0 19.0
86 17 189.0 19.0
20 3 161.0 113.0
19 26 198.0 14.0
22 17 171.0 135.0
23 34 72.0 78.0
28 80 78.0 156.0
5 40 56.0 64.0
82 2 126.0 185.0
20 22 147.0 116.0
79 90 128.0 60.0
84 94 111.0 79.0
7 45 160.0 34.0
4 41 193.0 184.0
65 5 170.0 23.0
92 46 69.0 26.0
39 3 111.0 195.0
32 15 122.0 10.0
90 37 30.0 2.0
36 64 47.0 93.0
35 5 42.0 160.0
40 6 14.0 187.0
56 36 142.0 185.0
9 31 125.0 163.0
66 28 142.0 36.0
27 65 67.0 16.0
40 3 70.0 50.0
27 62 100.0 118.0
88 29 168.0 94.0
79 17 67.0 182.0
52 50 95.0 162.0
29 9 106.0 21.0
47 2 59.0 0.0
67 18 29.0 126.0
40 7 192.0 99.0
53 6 95.0 93.0
60 28 78.0 63.0
70 77 66.0 97.0
32 24 48.0 162.0
39 5 173.0 154.0
27 15 152.0 32.0
61 80 112.0 133.0
70 4 63.0 104.0
10 14 58.0 159.0
64 55 110.0 136.0
19 23 90.0 177.0
42 46 86.0 138.0
1 39 18.0 11.0
69 23 124.0 123.0
34 13 98.0 188.0
2 34 148.0 114.0
47 94 35.0 6.0
54 27 172.0 145.0
44 77 28.0 62.0
44 3 39.0 114.0
48 3 45.0 10.0
37 7 133.0 121.0
32 20 183.0 183.0
26 18 4.0 83.0
43 12 170.0 39.0
64 9 166.0 142.0
86 47 176.0 195.0
69 20 2.0 168.0
48 21 13.0 47.0
40 58 52.0 98.0
77 43 40.0 35.0
22 24 102.0 196.0
74 28 46.0 24.0
37 87 87.0 13.0
65 1 30.0 15.0
46 72 65.0 32.0
24 37 24.0 30.0
94 74 87.0 29.0
11 26 190.0 80.0
26 20 198.0 44.0
79 57 140.0 45.0
75 87 12.0 27.0
32 11 95.0 43.0
39 76 91.0 112.0
18 76 12.0 116.0
55 54 35.0 52.0
58 29 0.0 25.0
79 41 24.0 151.0
3 83 29.0 164.0
7 72 80.0 193.0
39 69 116.0 127.0
21 24 75.0 7.0
48 6 7.0 40.0
8 38 38.0 42.0
27 34 136.0 38.0
74 46 84.0 161.0
21 20 95.0 65.0
38 7 111.0 127.0
15 31 15.0 27.0
82 3 182.0 90.0
9 43 186.0 141.0
41 14 102.0 24.0
47 58 148.0 39.0
9 67 46.0 184.0
70 10 154.0 93.0
12 62 58.0 65.0
20 14 27.0 25.0
16 69 45.0 161.0
8 36 77.0 183.0
39 8 95.0 131.0
16 91 83.0 43.0
63 90 56.0 81.0
31 22 40.0 10.0
47 1 80.0 50.0
71 31 55.0 59.0
31 14 46.0 100.0
59 47 15.0 75.0
5 92 171.0 110.0
28 18 156.0 6.0
24 18 114.0 12.0
30 31 67.0 106.0
35 14 75.0 147.0
44 1 80.0 130.0
61 82 156.0 127.0
33 13 63.0 171.0
23 24 91.0 186.0
12 34 25.0 47.0
12 31 103.0 91.0
41 8 188.0 170.0
60 50 42.0 63.0
14 25 157.0 122.0
29 74 195.0 113.0
39 83 117.0 10.0
2 42 9.0 160.0
64 44 77.0 186.0
65 86 156.0 133.0
41 7 84.0 96.0
18 31 152.0 78.0
31 10 81.0 110.0
79 30 62.0 76.0
30 15 34.0 179.0
60 55 128.0 43.0
4 43 174.0 158.0
60 78 190.0 82.0
35 12 71.0 74.0
44 29 41.0 24.0
22 21 162.0 74.0
42 64 25.0 24.0
17 45 129.0 59.0
31 56 99.0 10.0
4 51 48.0 25.0
60 40 109.0 190.0
30 59 126.0 133.0
87 70 25.0 120.0
82 63 56.0 139.0
21 28 191.0 82.0
67 40 168.0 73.0
27 76 185.0 19.0
58 28 118.0 186.0
25 22 142.0 179.0
94 45 113.0 68.0
20 39 64.0 90.0
19 28 184.0 121.0
65 66 114.0 128.0
37 42 197.0 34.0
23 32 191.0 182.0
85 49 107.0 61.0
84 87 42.0 49.0
19 24 174.0 155.0
73 75 145.0 39.0
75 41 22.0 81.0
39 7 115.0 88.0
10 36 150.0 64.0
40 42 130.0 93.0
22 75 168.0 37.0
19 29 100.0 162.0
54 31 117.0 74.0
37 72 96.0 14.0
8 31 196.0 118.0
43 5 172.0 64.0
6 42 159.0 74.0
17 28 199.0 89.0
21 43 173.0 167.0
89 65 24.0 73.0
36 7 20.0 93.0
40 8 95.0 116.0
21 29 165.0 43.0
59 80 176.0 89.0
63 5 67.0 135.0
19 78 14.0 66.0
26 87 172.0 188.0
57 46 20.0 148.0
58 38 79.0 40.0
50 19 161.0 174.0
73 58 86.0 79.0
17 32 169.0 62.0
17 34 24.0 36.0
14 32 134.0 39.0
25 23 13.0 58.0
93 47 2.0 185.0
37 14 157.0 33.0
38 6 27.0 118.0
63 22 157.0 65.0
35 32 106.0 78.0
65 62 107.0 131.0
53 75 67.0 193.0
11 36 189.0 80.0
27 14 64.0 143.0
11 75 127.0 21.0
26 25 16.0 106.0
44 30 111.0 125.0
87 93 134.0 18.0
86 36 145.0 41.0
42 41 20.0 12.0
6 69 102.0 9.0
35 7 151.0 167.0
20 93 169.0 30.0
89 27 26.0 185.0
82 55 117.0 137.0
79 66 89.0 51.0
45 5 79.0 186.0
1 43 173.0 99.0
81 6 151.0 75.0
45 85 47.0 54.0
27 22 167.0 16.0
47 38 87.0 145.0
93 80 186.0 4.0
77 7 199.0 76.0
2 81 36.0 78.0
4 46 55.0 9.0
17 33 109.0 7.0
68 30 14.0 108.0
19 30 22.0 134.0
35 15 198.0 62.0
36 9 57.0 185.0
13 42 79.0 56.0
28 69 192.0 116.0
53 44 63.0 48.0
8 35 194.0 124.0
67 62 118.0 160.0
15 33 92.0 141.0
1 46 192.0 43.0
52 59 0.0 49.0
32 44 124.0 31.0
16 30 64.0 117.0
62 40 91.0 80.0
77 35 144.0 85.0
16 27 51.0 63.0
73 81 170.0 96.0
58 82 84.0 115.0
46 25 168.0 36.0
21 15 70.0 92.0
44 7 96.0 86.0
37 12 154.0 140.0
42 44 112.0 99.0
78 31 68.0 164.0
43 11 29.0 190.0
92 22 174.0 113.0
47 57 196.0 142.0
21 2 41.0 66.0
75 27 26.0 90.0
8 85 194.0 181.0
39 11 183.0 106.0
16 32 112.0 51.0
41 76 185.0 141.0
4 69 169.0 111.0
31 20 30.0 165.0
29 22 140.0 24.0
34 77 158.0 118.0
29 24 103.0 104.0
36 70 77.0 38.0
74 22 20.0 141.0
32 13 182.0 157.0
18 32 101.0 151.0
50 3 66.0 84.0
6 55 186.0 158.0
13 37 70.0 97.0
41 32 164.0 125.0
37 9 102.0 41.0
62 8 40.0 74.0
44 6 10.0 22.0
30 17 31.0 64.0
39 13 92.0 49.0
69 89 182.0 31.0
51 2 117.0 4.0
52 10 150.0 81.0
50 92 155.0 4.0
38 12 179.0 195.0
66 53 18.0 142.0
13 31 137.0 49.0
43 8 114.0 29.0
61 55 95.0 48.0
49 37 126.0 13.0
4 47 35.0 28.0
48 4 131.0 190.0
69 42 75.0 63.0
50 1 99.0 93.0
36 69 21.0 36.0
16 34 51.0 87.0
42 7 26.0 147.0
92 51 128.0 104.0
3 51 80.0 115.0
9 35 178.0 11.0
72 11 198.0 54.0
6 35 146.0 49.0
8 34 187.0 167.0
78 41 189.0 190.0
2 88 184.0 15.0
44 51 8.0 65.0
7 53 121.0 88.0
57 86 129.0 51.0
29 76 109.0 79.0
38 15 151.0 8.0
79 54 125.0 90.0
27 63 75.0 66.0
83 15 171.0 60.0
65 10 110.0 131.0
62 70 143.0 183.0
62 20 101.0 24.0
27 77 1.0 162.0
40 35 55.0 104.0
89 57 80.0 181.0
9 39 101.0 155.0
24 84 139.0 72.0
42 5 198.0 50.0
92 64 150.0 141.0
3 46 17.0 3.0
16 36 159.0 170.0
29 17 186.0 14.0
19 27 152.0 66.0
44 93 28.0 53.0
14 85 82.0 120.0
13 41 161.0 80.0
35 11 80.0 64.0
14 40 65.0 49.0
66 10 74.0 24.0
2 49 20.0 60.0
73 52 85.0 124.0
1 48 90.0 66.0
45 4 194.0 124.0
31 24 15.0 107.0
23 29 173.0 47.0
22 35 128.0 191.0
71 52 114.0 154.0
4 50 97.0 86.0
11 34 147.0 182.0
2 46 53.0 189.0
49 9 142.0 199.0
24 26 152.0 110.0
73 16 77.0 78.0
10 41 74.0 157.0
81 29 195.0 140.0
16 31 125.0 92.0
75 59 35.0 24.0
18 38 61.0 40.0
18 35 54.0 4.0
10 71 135.0 158.0
86 59 181.0 12.0
8 42 46.0 55.0
59 93 113.0 41.0
38 26 69.0 190.0
16 85 186.0 104.0
54 61 67.0 0.0
10 5 40.0 121.0
5 54 197.0 176.0
14 36 29.0 179.0
11 38 96.0 27.0
14 1 61.0 9.0
58 52 17.0 130.0
26 29 153.0 155.0
39 16 121.0 20.0
6 47 133.0 162.0
65 91 48.0 131.0
39 75 141.0 30.0
79 70 183.0 37.0
9 58 183.0 44.0
41 94 172.0 0.0
86 83 196.0 77.0
48 7 23.0 117.0
36 17 170.0 108.0
22 28 152.0 19.0
28 24 150.0 45.0
41 9 184.0 133.0
28 72 88.0 168.0
71 63 18.0 12.0
51 82 140.0 14.0
1 53 32.0 115.0
86 16 188.0 2.0
4 49 68.0 140.0
89 20 129.0 170.0
59 84 109.0 65.0
35 20 41.0 149.0
31 21 134.0 59.0
45 28 140.0 26.0
86 30 24.0 172.0
72 64 36.0 12.0
89 84 171.0 56.0
49 5 166.0 52.0
3 37 171.0 76.0
80 34 161.0 165.0
92 57 141.0 47.0
17 93 159.0 82.0
54 85 36.0 135.0
54 22 34.0 72.0
10 43 47.0 157.0
23 27 94.0 13.0
51 5 85.0 18.0
26 72 6.0 198.0
34 93 9.0 147.0
34 22 191.0 120.0
75 14 25.0 180.0
36 25 7.0 59.0
36 61 193.0 54.0
29 25 112.0 88.0
84 21 80.0 149.0
46 10 0.0 86.0
71 59 122.0 10.0
48 79 59.0 113.0
33 16 141.0 85.0
69 59 183.0 100.0
23 26 146.0 129.0
16 78 140.0 58.0
13 25 68.0 21.0
85 66 6.0 68.0
30 27 117.0 128.0
38 64 51.0 176.0
14 56 89.0 192.0
49 1 175.0 72.0
38 84 30.0 121.0
67 91 149.0 171.0
45 1 48.0 17.0
20 36 1.0 6.0
42 15 29.0 118.0
44 23 118.0 32.0
79 73 170.0 7.0
12 44 124.0 145.0
49 8 108.0 155.0
15 89 42.0 57.0
13 68 177.0 42.0
58 63 181.0 178.0
43 33 166.0 163.0
56 54 3.0 36.0
33 77 145.0 125.0
33 25 165.0 69.0
16 35 143.0 73.0
25 92 180.0 137.0
2 55 175.0 158.0
53 69 19.0 156.0
25 27 80.0 137.0
10 94 191.0 35.0
76 61 149.0 88.0
13 40 174.0 67.0
87 27 44.0 69.0
24 86 85.0 25.0
38 3 175.0 60.0
8 90 8.0 194.0
19 38 59.0 88.0
51 1 178.0 2.0
36 19 17.0 128.0
10 39 38.0 144.0
21 35 15.0 82.0
2 44 63.0 52.0
29 50 66.0 39.0
1 52 26.0 74.0
86 54 78.0 38.0
39 18 178.0 8.0
12 36 35.0 147.0
56 1 75.0 25.0
78 8 77.0 90.0
42 9 161.0 93.0
42 14 145.0 179.0
8 45 42.0 172.0
36 15 63.0 72.0
14 43 37.0 193.0
36 22 5.0 24.0
8 46 89.0 80.0
40 89 28.0 119.0
93 25 128.0 189.0
11 94 21.0 73.0
44 38 0.0 64.0
42 27 162.0 15.0
84 90 91.0 151.0
3 57 134.0 48.0
46 12 86.0 176.0
75 84 170.0 114.0
37 17 107.0 98.0
44 9 56.0 128.0
66 67 129.0 8.0
33 24 154.0 43.0
49 7 38.0 197.0
33 86 52.0 125.0
37 20 127.0 90.0
35 66 7.0 50.0
1 54 94.0 114.0
5 79 42.0 102.0
78 89 76.0 171.0
28 23 174.0 30.0
83 63 35.0 12.0
54 40 151.0 39.0
10 37 90.0 30.0
34 18 155.0 97.0
34 21 53.0 49.0
38 17 49.0 47.0
14 79 51.0 125.0
91 92 97.0 25.0
86 48 113.0 84.0
20 38 173.0 64.0
42 16 99.0 64.0
49 6 108.0 54.0
5 48 35.0 113.0
15 43 125.0 36.0
56 94 68.0 176.0
91 64 108.0 117.0
33 21 77.0 21.0
49 26 136.0 51.0
6 74 10.0 35.0
11 61 57.0 118.0
9 73 9.0 44.0
16 41 76.0 134.0
38 14 166.0 96.0
4 68 14.0 26.0
56 3 194.0 91.0
81 27 119.0 83.0
10 32 94.0 130.0
44 8 10.0 103.0
33 89 177.0 172.0
21 36 126.0 6.0
56 29 88.0 92.0
41 11 34.0 102.0
16 38 105.0 181.0
51 8 2.0 176.0
45 9 47.0 96.0
2 56 91.0 9.0
50 84 80.0 21.0
28 31 161.0 6.0
20 33 149.0 49.0
57 9 189.0 184.0
46 13 186.0 46.0
40 18 67.0 140.0
23 22 188.0 66.0
61 1 87.0 31.0
16 44 49.0 167.0
70 58 161.0 162.0
60 73 95.0 110.0
41 17 14.0 36.0
35 23 96.0 152.0
57 1 186.0 164.0
42 85 69.0 126.0
85 30 172.0 109.0
28 27 193.0 173.0
59 23 81.0 106.0
5 3 16.0 129.0
84 28 179.0 182.0
37 19 105.0 27.0
47 8 13.0 91.0
21 38 136.0 82.0
85 2 40.0 108.0
3 77 78.0 186.0
47 3 118.0 111.0
26 32 29.0 86.0
31 25 6.0 160.0
28 32 134.0 111.0
9 50 57.0 99.0
82 16 153.0 145.0
18 69 1.0 146.0
77 1 58.0 79.0
30 26 38.0 128.0
30 28 141.0 67.0
43 13 188.0 147.0
59 1 97.0 74.0
51 54 87.0 106.0
70 67 184.0 40.0
15 44 98.0 185.0
69 7 47.0 156.0
43 61 93.0 85.0
21 37 84.0 34.0
76 66 49.0 72.0
90 42 155.0 99.0
2 52 27.0 42.0
13 45 19.0 163.0
3 54 44.0 69.0
89 10 27.0 91.0
6 45 63.0 72.0
43 82 67.0 147.0
79 87 32.0 116.0
34 10 191.0 139.0
52 25 86.0 171.0
48 14 142.0 58.0
17 42 55.0 138.0
29 32 166.0 34.0
46 15 93.0 30.0
14 45 6.0 160.0
45 15 172.0 190.0
48 8 73.0 164.0
38 22 33.0 160.0
20 41 160.0 127.0
92 53 2.0 168.0
40 39 61.0 121.0
47 10 27.0 106.0
5 55 86.0 34.0
30 29 196.0 58.0
69 43 18.0 70.0
76 73 35.0 3.0
50 6 1.0 147.0
31 27 148.0 156.0
93 70 83.0 161.0
51 9 116.0 111.0
24 35 135.0 154.0
2 6 180.0 83.0
22 40 153.0 150.0
44 19 39.0 140.0
47 11 186.0 193.0
4 56 177.0 86.0
37 69 62.0 60.0
63 32 155.0 178.0
77 30 46.0 42.0
61 32 37.0 26.0
34 20 166.0 142.0
39 67 119.0 158.0
77 32 77.0 57.0
67 23 182.0 6.0
27 33 12.0 44.0
6 52 114.0 167.0
54 4 157.0 112.0
71 61 117.0 147.0
29 16 101.0 36.0
73 1 94.0 21.0
32 49 53.0 123.0
3 80 118.0 35.0
33 28 41.0 82.0
12 50 65.0 108.0
37 23 49.0 174.0
68 80 130.0 118.0
18 61 87.0 31.0
61 75 149.0 133.0
11 46 9.0 154.0
34 48 188.0 80.0
71 55 130.0 182.0
36 24 126.0 147.0
20 40 173.0 127.0
30 47 62.0 55.0
39 52 53.0 101.0
32 75 126.0 154.0
53 9 83.0 136.0
11 50 175.0 71.0
51 14 94.0 105.0
9 46 158.0 173.0
78 73 72.0 83.0
40 19 3.0 134.0
83 32 69.0 56.0
38 55 15.0 148.0
18 41 74.0 98.0
25 34 134.0 1.0
32 27 23.0 181.0
10 53 35.0 181.0
67 17 9.0 60.0
48 47 37.0 12.0
11 45 3.0 59.0
21 40 6.0 171.0
72 78 47.0 32.0
44 13 119.0 133.0
45 16 1.0 142.0
53 82 27.0 188.0
30 65 103.0 36.0
50 13 129.0 140.0
12 51 2.0 84.0
26 35 153.0 8.0
47 12 20.0 0.0
25 38 164.0 91.0
21 39 21.0 165.0
9 47 56.0 48.0
73 19 101.0 159.0
4 7 56.0 30.0
52 13 161.0 10.0
20 42 199.0 115.0
22 56 37.0 172.0
36 27 154.0 1.0
88 18 109.0 175.0
59 2 131.0 165.0
78 69 151.0 185.0
20 43 131.0 159.0
65 60 157.0 92.0
58 6 104.0 156.0
51 11 132.0 141.0
49 15 41.0 86.0
38 50 190.0 102.0
15 85 55.0 122.0
59 34 176.0 158.0
7 52 109.0 107.0
44 75 131.0 66.0
56 45 90.0 35.0
41 19 199.0 23.0
62 1 36.0 192.0
4 58 167.0 27.0
59 68 163.0 175.0
11 52 186.0 139.0
19 45 42.0 95.0
61 2 14.0 125.0
39 24 95.0 105.0
22 39 112.0 46.0
74 43 16.0 149.0
31 29 103.0 184.0
76 6 189.0 18.0
79 74 95.0 175.0
8 56 11.0 89.0
2 58 128.0 26.0
57 66 169.0 175.0
6 57 0.0 34.0
90 94 48.0 17.0
24 20 92.0 151.0
33 34 156.0 33.0
24 30 91.0 4.0
88 22 120.0 102.0
3 61 92.0 0.0
59 3 22.0 62.0
59 5 161.0 23.0
52 45 46.0 9.0
72 79 57.0 138.0
4 59 15.0 165.0
36 23 115.0 106.0
28 35 179.0 187.0
50 14 101.0 72.0
36 87 113.0 75.0
47 16 117.0 74.0
18 36 35.0 163.0
35 30 132.0 44.0
27 38 59.0 147.0
42 83 98.0 174.0
92 52 56.0 30.0
26 39 16.0 109.0
9 56 74.0 129.0
24 48 78.0 143.0
17 47 89.0 65.0
25 41 39.0 21.0
9 52 3.0 98.0
38 70 94.0 54.0
11 48 39.0 150.0
40 17 78.0 8.0
18 47 32.0 104.0
59 6 35.0 110.0
49 13 168.0 125.0
93 15 110.0 7.0
51 16 98.0 113.0
85 92 21.0 144.0
10 92 93.0 60.0
36 28 152.0 123.0
29 84 155.0 184.0
11 90 83.0 190.0
34 40 109.0 3.0
81 5 89.0 19.0
89 59 102.0 140.0
57 65 159.0 123.0
16 49 86.0 5.0
57 2 66.0 38.0
31 76 134.0 21.0
48 17 93.0 170.0
19 33 101.0 154.0
53 11 108.0 143.0
11 54 117.0 162.0
3 62 51.0 77.0
30 36 82.0 89.0
39 63 70.0 149.0
44 45 77.0 157.0
75 90 70.0 122.0
35 79 140.0 123.0
59 8 66.0 0.0
28 34 173.0 184.0
46 19 175.0 176.0
38 42 9.0 57.0
13 48 152.0 80.0
76 24 119.0 181.0
9 55 72.0 141.0
3 63 188.0 13.0
28 38 185.0 7.0
47 22 177.0 158.0
50 16 3.0 104.0
10 45 49.0 164.0
36 31 57.0 1.0
47 7 53.0 177.0
18 48 74.0 78.0
42 92 67.0 62.0
67 72 185.0 4.0
32 30 120.0 114.0
93 4 199.0 75.0
4 57 61.0 48.0
23 45 174.0 119.0
72 55 175.0 179.0
11 58 102.0 1.0
64 2 157.0 121.0
23 42 2.0 94.0
18 49 87.0 122.0
13 54 168.0 38.0
12 40 26.0 30.0
14 49 178.0 0.0
57 10 115.0 105.0
48 32 90.0 169.0
7 60 160.0 199.0
52 12 6.0 162.0
72 80 137.0 45.0
34 39 25.0 105.0
11 55 164.0 3.0
29 33 137.0 94.0
24 42 77.0 53.0
5 57 133.0 167.0
38 33 184.0 94.0
37 27 17.0 143.0
61 6 32.0 106.0
9 54 147.0 57.0
4 72 39.0 63.0
40 25 57.0 177.0
18 46 119.0 134.0
87 59 125.0 53.0
91 2 184.0 62.0
23 43 105.0 1.0
48 22 18.0 137.0
77 66 73.0 117.0
58 5 81.0 65.0
83 49 199.0 138.0
7 71 36.0 71.0
47 15 51.0 114.0
22 43 82.0 35.0
34 53 78.0 187.0
6 84 69.0 48.0
66 3 184.0 143.0
70 19 37.0 65.0
25 43 82.0 189.0
35 31 10.0 70.0
61 57 159.0 61.0
49 93 45.0 193.0
51 84 83.0 76.0
12 54 34.0 104.0
46 22 189.0 18.0
57 12 65.0 179.0
33 55 121.0 99.0
19 91 116.0 83.0
37 30 171.0 27.0
47 20 180.0 16.0
38 73 163.0 15.0
58 53 11.0 149.0
52 76 31.0 153.0
67 71 96.0 96.0
57 53 32.0 170.0
24 41 176.0 100.0
57 64 94.0 147.0
57 7 5.0 75.0
75 9 81.0 120.0
87 45 186.0 45.0
52 65 144.0 169.0
38 31 86.0 40.0
5 60 83.0 70.0
65 51 166.0 12.0
40 24 148.0 60.0
39 28 188.0 153.0
63 21 196.0 21.0
65 45 85.0 134.0
18 50 98.0 181.0
12 56 86.0 184.0
48 16 152.0 122.0
15 91 25.0 118.0
26 40 73.0 174.0
93 88 148.0 13.0
3 53 153.0 97.0
5 64 69.0 191.0
40 27 56.0 120.0
30 39 35.0 94.0
8 57 39.0 187.0
73 35 100.0 65.0
48 20 55.0 173.0
19 49 128.0 156.0
1 66 25.0 33.0
44 20 171.0 95.0
15 54 47.0 179.0
29 39 134.0 82.0
47 79 97.0 126.0
19 80 165.0 197.0
26 22 156.0 20.0
17 49 32.0 36.0
86 37 66.0 10.0
66 5 195.0 189.0
12 49 47.0 43.0
12 55 141.0 134.0
15 51 123.0 38.0
30 60 137.0 40.0
66 48 169.0 93.0
80 25 19.0 154.0
62 6 46.0 37.0
76 59 197.0 194.0
4 66 46.0 196.0
47 63 62.0 188.0
5 61 145.0 137.0
24 46 75.0 82.0
38 30 28.0 197.0
81 42 58.0 199.0
59 11 192.0 56.0
45 21 114.0 141.0
86 94 106.0 113.0
25 44 162.0 168.0
10 51 45.0 60.0
2 62 74.0 73.0
61 10 128.0 103.0
2 68 96.0 138.0
62 4 58.0 40.0
36 78 141.0 124.0
53 15 42.0 47.0
50 20 170.0 157.0
51 32 156.0 15.0
86 69 134.0 30.0
42 25 187.0 14.0
10 59 31.0 83.0
29 42 153.0 41.0
51 62 79.0 46.0
60 2 93.0 73.0
13 71 85.0 63.0
37 34 15.0 41.0
9 62 134.0 149.0
39 15 1.0 121.0
87 22 24.0 184.0
60 11 41.0 130.0
17 65 145.0 72.0
34 36 34.0 191.0
35 33 31.0 119.0
28 43 109.0 46.0
71 14 101.0 43.0
16 83 83.0 102.0
6 60 106.0 60.0
4 67 5.0 99.0
45 27 92.0 103.0
19 52 148.0 79.0
65 4 42.0 180.0
70 83 103.0 103.0
29 27 189.0 156.0
26 41 88.0 24.0
79 11 63.0 146.0
13 74 145.0 20.0
63 8 84.0 189.0
44 89 126.0 33.0
51 17 186.0 120.0
43 24 21.0 41.0
55 14 183.0 10.0
9 59 55.0 23.0
46 23 98.0 70.0
39 27 182.0 43.0
10 60 39.0 19.0
70 2 24.0 165.0
26 42 64.0 10.0
15 70 29.0 38.0
77 17 55.0 165.0
46 33 107.0 62.0
39 33 76.0 5.0
32 37 140.0 11.0
64 6 37.0 180.0
37 36 107.0 13.0
56 5 195.0 123.0
55 16 74.0 177.0
27 43 197.0 81.0
9 70 144.0 104.0
10 62 2.0 173.0
74 41 46.0 94.0
28 44 0.0 35.0
49 21 11.0 107.0
13 56 51.0 158.0
19 86 106.0 125.0
52 16 16.0 103.0
9 65 34.0 112.0
82 90 35.0 188.0
36 89 35.0 33.0
46 27 137.0 187.0
16 57 46.0 148.0
62 11 173.0 97.0
26 44 127.0 79.0
1 71 188.0 95.0
53 18 20.0 174.0
49 22 115.0 7.0
40 30 57.0 102.0
62 7 34.0 146.0
41 28 165.0 32.0
72 3 51.0 90.0
22 68 37.0 130.0
51 29 150.0 177.0
23 51 183.0 122.0
86 42 13.0 50.0
56 66 134.0 23.0
59 14 131.0 120.0
57 83 121.0 97.0
21 53 88.0 124.0
70 5 165.0 77.0
3 65 122.0 67.0
32 40 174.0 106.0
92 59 193.0 140.0
28 46 104.0 127.0
7 84 148.0 188.0
71 4 88.0 21.0
77 38 85.0 176.0
40 15 88.0 50.0
67 7 170.0 11.0
22 53 131.0 144.0
60 51 39.0 124.0
54 94 132.0 95.0
15 84 9.0 32.0
72 2 97.0 97.0
86 61 7.0 182.0
19 55 140.0 96.0
50 21 67.0 62.0
5 78 105.0 150.0
46 29 43.0 96.0
81 93 137.0 127.0
14 92 100.0 146.0
34 38 173.0 197.0
50 17 102.0 180.0
12 61 171.0 194.0
72 30 63.0 38.0
34 35 11.0 121.0
87 88 150.0 6.0
45 29 141.0 87.0
16 77 18.0 41.0
47 24 52.0 191.0
43 30 86.0 154.0
5 68 88.0 57.0
15 56 125.0 103.0
5 67 157.0 137.0
79 28 107.0 107.0
55 20 26.0 48.0
68 6 163.0 44.0
60 8 1.0 167.0
17 53 64.0 87.0
47 25 83.0 152.0
42 30 181.0 8.0
71 66 26.0 90.0
94 13 118.0 134.0
25 35 30.0 96.0
61 14 55.0 193.0
35 83 192.0 56.0
28 47 158.0 57.0
40 36 32.0 41.0
7 68 50.0 166.0
47 26 36.0 76.0
77 25 103.0 154.0
19 54 121.0 133.0
3 70 175.0 128.0
7 65 175.0 168.0
1 67 120.0 86.0
24 52 108.0 153.0
49 25 29.0 110.0
52 77 134.0 17.0
12 60 150.0 37.0
91 48 21.0 71.0
18 58 144.0 197.0
25 70 169.0 71.0
35 39 136.0 41.0
58 25 22.0 196.0
47 27 145.0 51.0
41 31 50.0 31.0
55 22 71.0 0.0
15 60 145.0 93.0
75 1 63.0 89.0
58 69 53.0 184.0
55 21 11.0 189.0
51 22 141.0 33.0
17 54 193.0 38.0
63 12 3.0 43.0
43 54 33.0 74.0
46 26 145.0 178.0
88 82 16.0 160.0
83 65 154.0 21.0
12 59 197.0 165.0
78 71 145.0 91.0
58 10 45.0 139.0
50 87 193.0 0.0
73 86 52.0 26.0
59 15 4.0 149.0
43 56 60.0 20.0
52 35 31.0 166.0
62 14 106.0 180.0
85 40 21.0 51.0
64 29 8.0 19.0
21 52 111.0 1.0
48 26 41.0 115.0
2 75 65.0 45.0
79 40 84.0 77.0
3 74 64.0 67.0
92 78 113.0 122.0
52 23 80.0 87.0
64 11 97.0 88.0
88 62 76.0 160.0
1 79 109.0 117.0
76 69 19.0 126.0
56 16 191.0 55.0
39 36 31.0 7.0
30 41 97.0 144.0
75 26 124.0 177.0
18 70 71.0 174.0
63 59 182.0 147.0
31 43 103.0 91.0
77 48 61.0 123.0
49 27 28.0 4.0
48 27 127.0 59.0
33 41 54.0 24.0
60 56 29.0 130.0
57 13 84.0 100.0
18 56 1.0 66.0
35 42 97.0 57.0
25 32 156.0 110.0
31 44 115.0 185.0
6 67 29.0 194.0
62 15 140.0 35.0
34 42 197.0 169.0
75 36 13.0 81.0
32 45 187.0 166.0
14 52 41.0 84.0
13 51 170.0 198.0
78 1 196.0 37.0
72 5 84.0 25.0
31 45 78.0 24.0
48 29 152.0 75.0
54 21 90.0 117.0
52 56 67.0 77.0
8 68 118.0 108.0
61 15 73.0 40.0
34 44 29.0 69.0
36 42 16.0 113.0
59 19 189.0 94.0
59 27 152.0 141.0
54 59 40.0 42.0
1 74 57.0 59.0
73 90 43.0 127.0
43 32 75.0 116.0
69 87 164.0 104.0
51 26 92.0 180.0
83 4 92.0 34.0
56 32 132.0 196.0
91 37 184.0 172.0
29 47 93.0 193.0
56 11 80.0 89.0
7 64 190.0 108.0
30 87 176.0 106.0
3 76 192.0 21.0
74 5 119.0 85.0
65 40 24.0 3.0
75 5 133.0 8.0
93 82 12.0 179.0
73 2 66.0 45.0
38 39 169.0 9.0
40 38 51.0 97.0
16 61 124.0 196.0
34 58 164.0 43.0
63 14 138.0 188.0
37 41 35.0 24.0
71 56 176.0 48.0
88 66 96.0 195.0
93 29 115.0 17.0
21 57 26.0 119.0
36 41 15.0 102.0
62 18 166.0 179.0
46 32 70.0 57.0
43 68 19.0 105.0
73 6 59.0 147.0
15 63 44.0 107.0
37 68 170.0 112.0
35 74 129.0 148.0
51 27 150.0 144.0
43 36 93.0 68.0
59 18 111.0 163.0
41 83 194.0 130.0
43 63 20.0 53.0
24 56 23.0 17.0
37 40 30.0 145.0
93 42 66.0 111.0
43 34 44.0 168.0
76 9 126.0 137.0
11 67 72.0 38.0
31 59 142.0 19.0
53 55 27.0 115.0
34 51 127.0 2.0
44 22 181.0 157.0
91 12 87.0 47.0
54 64 160.0 131.0
30 50 69.0 87.0
41 35 41.0 142.0
30 84 52.0 135.0
10 68 27.0 31.0
56 20 99.0 154.0
67 45 124.0 80.0
82 46 162.0 11.0
15 90 2.0 74.0
54 26 36.0 71.0
12 68 140.0 77.0
45 34 168.0 144.0
22 84 197.0 147.0
65 14 44.0 49.0
8 86 50.0 168.0
50 28 7.0 164.0
31 94 142.0 161.0
50 27 143.0 178.0
12 66 29.0 35.0
40 72 82.0 149.0
87 67 18.0 32.0
58 22 115.0 62.0
25 56 75.0 117.0
46 51 44.0 35.0
76 87 25.0 186.0
6 75 180.0 120.0
28 42 142.0 161.0
12 64 96.0 177.0
51 24 155.0 66.0
76 2 108.0 70.0
16 62 80.0 136.0
4 74 143.0 124.0
61 19 101.0 120.0
52 27 53.0 81.0
25 54 139.0 147.0
52 30 110.0 35.0
31 33 183.0 65.0
61 85 101.0 44.0
55 24 98.0 181.0
27 20 22.0 193.0
49 31 1.0 123.0
55 23 7.0 6.0
69 88 54.0 146.0
3 78 171.0 116.0
13 67 74.0 107.0
66 11 98.0 175.0
26 53 186.0 196.0
60 18 188.0 8.0
93 71 113.0 141.0
32 47 191.0 120.0
27 53 138.0 197.0
21 32 187.0 62.0
21 74 70.0 61.0
67 15 155.0 120.0
61 20 61.0 141.0
17 59 63.0 1.0
45 30 178.0 128.0
40 43 197.0 121.0
28 2 114.0 136.0
58 20 32.0 53.0
27 55 143.0 54.0
47 45 150.0 98.0
69 12 51.0 163.0
65 75 182.0 67.0
50 26 99.0 112.0
3 84 110.0 48.0
54 30 40.0 176.0
44 37 157.0 24.0
52 29 101.0 100.0
63 19 0.0 3.0
46 83 90.0 51.0
36 48 140.0 72.0
25 37 62.0 191.0
35 49 176.0 124.0
17 72 63.0 168.0
21 70 130.0 20.0
31 47 133.0 31.0
45 38 69.0 133.0
34 50 188.0 159.0
22 62 73.0 128.0
90 31 40.0 87.0
55 25 88.0 168.0
72 14 195.0 151.0
73 11 10.0 125.0
10 76 124.0 143.0
63 13 1.0 193.0
10 73 21.0 189.0
88 27 6.0 95.0
83 87 54.0 198.0
87 14 59.0 94.0
76 4 42.0 55.0
87 57 23.0 4.0
12 70 41.0 147.0
11 71 142.0 195.0
40 93 85.0 164.0
24 57 100.0 43.0
40 47 140.0 106.0
65 19 121.0 199.0
46 38 73.0 163.0
64 18 36.0 96.0
66 15 195.0 30.0
48 35 134.0 137.0
62 60 72.0 19.0
46 36 58.0 124.0
31 53 169.0 150.0
50 33 183.0 90.0
68 14 151.0 56.0
12 71 143.0 139.0
80 5 84.0 90.0
66 18 12.0 18.0
58 24 97.0 36.0
4 89 60.0 155.0
67 16 127.0 181.0
11 70 19.0 110.0
78 7 106.0 122.0
91 88 18.0 1.0
88 12 81.0 102.0
16 63 55.0 45.0
84 1 64.0 153.0
32 52 89.0 76.0
34 49 77.0 17.0
67 44 63.0 48.0
59 39 68.0 121.0
26 57 166.0 86.0
54 33 92.0 0.0
40 41 73.0 147.0
80 7 25.0 138.0
13 69 183.0 114.0
4 75 58.0 12.0
60 16 113.0 122.0
1 83 165.0 181.0
79 85 139.0 84.0
49 69 21.0 31.0
47 37 160.0 46.0
58 39 48.0 185.0
4 85 127.0 31.0
39 44 2.0 186.0
64 17 189.0 115.0
81 4 77.0 107.0
27 58 77.0 169.0
49 36 108.0 50.0
64 19 19.0 69.0
26 67 136.0 67.0
83 36 98.0 64.0
79 7 54.0 100.0
43 37 165.0 195.0
24 61 134.0 195.0
23 58 72.0 163.0
23 61 0.0 181.0
5 76 48.0 19.0
24 50 19.0 185.0
36 58 88.0 69.0
36 76 113.0 94.0
42 39 106.0 30.0
76 7 37.0 192.0
25 60 106.0 110.0
27 94 137.0 106.0
69 17 5.0 137.0
65 20 157.0 24.0
70 94 78.0 197.0
76 90 56.0 191.0
74 12 76.0 115.0
58 26 189.0 66.0
41 45 89.0 47.0
9 74 16.0 26.0
77 6 49.0 21.0
17 68 66.0 6.0
21 62 10.0 144.0
51 67 179.0 19.0
39 47 61.0 55.0
36 47 9.0 2.0
49 28 172.0 98.0
16 54 40.0 140.0
62 83 31.0 90.0
59 91 107.0 97.0
73 13 50.0 70.0
61 28 96.0 29.0
78 9 168.0 109.0
23 62 112.0 129.0
63 24 172.0 84.0
57 27 98.0 12.0
62 25 107.0 81.0
56 6 107.0 14.0
26 79 159.0 157.0
52 33 4.0 55.0
57 85 86.0 125.0
73 69 46.0 150.0
66 19 91.0 170.0
31 91 7.0 189.0
56 74 92.0 114.0
55 29 79.0 199.0
72 51 98.0 38.0
35 50 71.0 55.0
57 29 94.0 110.0
12 73 173.0 92.0
72 16 11.0 64.0
85 41 137.0 170.0
43 42 183.0 181.0
1 81 186.0 62.0
1 82 184.0 84.0
48 82 162.0 8.0
28 59 58.0 8.0
17 70 178.0 183.0
83 44 167.0 141.0
66 13 34.0 104.0
60 27 17.0 17.0
82 5 59.0 3.0
72 13 84.0 196.0
64 24 51.0 47.0
76 11 156.0 61.0
66 21 78.0 86.0
48 37 49.0 45.0
10 75 144.0 83.0
9 71 110.0 162.0
80 6 120.0 170.0
82 87 137.0 156.0
79 94 100.0 188.0
55 31 175.0 8.0
56 68 136.0 53.0
36 84 23.0 185.0
20 94 141.0 167.0
71 15 110.0 3.0
78 6 108.0 182.0
40 94 117.0 45.0
16 71 9.0 17.0
17 71 127.0 184.0
20 68 52.0 16.0
66 20 90.0 75.0
81 7 0.0 183.0
33 65 179.0 63.0
7 75 155.0 87.0
48 38 31.0 73.0
41 89 153.0 40.0
91 44 93.0 32.0
46 40 104.0 145.0
86 1 80.0 194.0
84 2 195.0 33.0
41 47 27.0 174.0
62 48 78.0 135.0
30 55 17.0 109.0
68 18 71.0 170.0
88 1 141.0 164.0
51 37 109.0 45.0
63 56 1.0 141.0
70 16 188.0 196.0
67 21 12.0 167.0
69 91 34.0 42.0
57 31 161.0 51.0
6 79 131.0 32.0
21 65 35.0 72.0
31 75 45.0 96.0
87 1 182.0 46.0
19 67 82.0 122.0
39 45 5.0 46.0
74 14 102.0 40.0
8 80 196.0 15.0
21 64 49.0 127.0
53 38 6.0 84.0
3 85 83.0 3.0
83 6 181.0 17.0
51 36 114.0 16.0
60 29 172.0 120.0
48 39 46.0 75.0
4 73 28.0 42.0
69 46 86.0 77.0
59 25 142.0 44.0
23 65 15.0 177.0
35 87 95.0 148.0
12 75 66.0 161.0
54 34 34.0 38.0
63 25 53.0 32.0
11 74 46.0 81.0
82 8 117.0 84.0
56 27 22.0 60.0
68 15 178.0 37.0
61 74 69.0 25.0
8 69 33.0 135.0
31 51 166.0 19.0
72 18 147.0 19.0
79 4 75.0 193.0
71 18 140.0 192.0
20 64 38.0 162.0
48 41 26.0 169.0
29 75 142.0 47.0
78 32 2.0 127.0
62 53 52.0 168.0
42 48 28.0 0.0
57 30 107.0 55.0
78 10 37.0 47.0
76 13 46.0 75.0
26 62 152.0 24.0
53 35 172.0 47.0
54 36 20.0 126.0
69 19 175.0 24.0
66 22 81.0 155.0
56 33 1.0 188.0
83 7 63.0 38.0
65 25 164.0 110.0
7 87 53.0 68.0
45 74 117.0 25.0
60 26 115.0 89.0
39 65 88.0 42.0
70 20 164.0 169.0
56 34 67.0 117.0
68 23 148.0 131.0
50 40 83.0 112.0
52 49 38.0 136.0
78 11 42.0 155.0
48 33 120.0 109.0
74 58 153.0 160.0
7 86 157.0 70.0
47 44 38.0 176.0
47 43 68.0 138.0
11 77 132.0 151.0
13 77 134.0 170.0
7 74 74.0 176.0
64 26 185.0 194.0
87 2 89.0 91.0
69 21 129.0 46.0
81 10 195.0 119.0
87 4 38.0 63.0
90 61 193.0 170.0
47 42 62.0 128.0
12 76 196.0 136.0
82 7 34.0 134.0
1 89 127.0 123.0
35 54 190.0 56.0
76 15 82.0 138.0
74 16 43.0 72.0
11 68 29.0 188.0
36 53 9.0 91.0
62 58 171.0 6.0
43 46 1.0 157.0
24 8 55.0 80.0
9 81 50.0 197.0
52 40 199.0 84.0
53 30 161.0 194.0
62 28 191.0 190.0
89 3 128.0 153.0
46 58 179.0 51.0
32 57 168.0 132.0
9 79 44.0 175.0
29 59 69.0 47.0
61 25 149.0 68.0
80 10 144.0 110.0
36 55 1.0 88.0
89 58 52.0 130.0
19 68 3.0 183.0
87 6 32.0 123.0
24 53 182.0 29.0
77 14 130.0 51.0
76 94 56.0 79.0
73 17 36.0 152.0
77 41 80.0 38.0
85 6 185.0 84.0
80 32 196.0 140.0
63 23 63.0 180.0
72 19 184.0 197.0
67 22 5.0 114.0
75 25 158.0 61.0
94 68 81.0 195.0
30 58 39.0 162.0
15 75 158.0 177.0
22 69 1.0 154.0
83 9 142.0 64.0
50 36 38.0 126.0
47 34 134.0 43.0
51 39 26.0 45.0
76 17 75.0 108.0
94 83 82.0 67.0
72 20 38.0 40.0
61 31 142.0 39.0
37 54 130.0 37.0
29 62 132.0 120.0
27 64 199.0 19.0
82 85 193.0 178.0
17 74 33.0 68.0
2 7 32.0 115.0
35 56 45.0 71.0
46 45 88.0 187.0
49 71 36.0 171.0
55 74 152.0 169.0
32 59 82.0 104.0
79 12 60.0 75.0
90 2 84.0 45.0
32 73 67.0 116.0
43 48 26.0 112.0
48 30 168.0 66.0
84 10 72.0 5.0
56 41 192.0 24.0
63 28 22.0 74.0
64 28 138.0 34.0
17 94 181.0 22.0
79 13 114.0 48.0
39 61 32.0 140.0
90 3 192.0 1.0
15 77 77.0 64.0
87 3 54.0 21.0
49 43 187.0 28.0
65 77 148.0 78.0
80 12 188.0 81.0
14 76 174.0 102.0
30 63 158.0 6.0
81 38 198.0 102.0
37 52 105.0 28.0
35 57 184.0 111.0
61 30 199.0 171.0
60 22 150.0 99.0
82 9 45.0 138.0
28 92 161.0 171.0
32 60 142.0 72.0
88 5 159.0 140.0
47 46 4.0 64.0
82 11 171.0 188.0
68 24 125.0 123.0
26 52 167.0 75.0
42 51 122.0 12.0
52 47 99.0 36.0
62 31 155.0 41.0
87 94 79.0 114.0
65 28 176.0 35.0
85 10 78.0 99.0
76 19 152.0 3.0
88 4 104.0 119.0
39 55 108.0 179.0
53 40 85.0 7.0
89 2 61.0 41.0
61 13 139.0 141.0
60 31 97.0 67.0
59 33 143.0 128.0
70 23 90.0 47.0
19 75 63.0 147.0
66 27 173.0 171.0
14 78 72.0 58.0
50 42 16.0 133.0
44 73 45.0 155.0
66 25 11.0 95.0
57 36 83.0 106.0
22 73 173.0 174.0
17 75 176.0 36.0
21 68 196.0 149.0
63 73 21.0 68.0
62 30 122.0 37.0
48 45 135.0 120.0
88 72 109.0 98.0
64 30 96.0 193.0
29 63 132.0 69.0
52 28 143.0 108.0
22 71 156.0 139.0
41 50 85.0 177.0
69 29 140.0 8.0
81 14 78.0 27.0
59 36 133.0 188.0
33 62 142.0 181.0
88 3 196.0 26.0
92 3 79.0 91.0
89 6 19.0 35.0
68 9 101.0 104.0
30 83 42.0 194.0
67 54 87.0 73.0
75 18 84.0 172.0
28 57 150.0 27.0
67 27 170.0 98.0
80 15 189.0 49.0
57 38 64.0 160.0
90 5 85.0 117.0
39 53 26.0 79.0
56 38 136.0 113.0
72 22 63.0 172.0
57 60 53.0 165.0
26 90 97.0 175.0
69 27 31.0 87.0
77 19 118.0 47.0
65 29 98.0 3.0
67 93 65.0 124.0
12 77 8.0 153.0
82 45 123.0 24.0
75 20 82.0 176.0
10 83 65.0 132.0
66 68 44.0 49.0
53 49 187.0 162.0
80 16 42.0 37.0
51 43 194.0 107.0
87 8 34.0 3.0
23 72 16.0 157.0
41 53 125.0 99.0
94 12 69.0 143.0
65 31 124.0 113.0
25 69 102.0 111.0
71 25 47.0 144.0
39 57 68.0 42.0
79 16 155.0 102.0
11 84 192.0 172.0
32 62 135.0 118.0
54 42 160.0 156.0
2 93 93.0 84.0
13 81 40.0 195.0
75 76 14.0 39.0
7 88 111.0 82.0
46 49 102.0 67.0
43 50 93.0 95.0
1 94 20.0 180.0
76 20 183.0 132.0
39 56 5.0 76.0
55 26 117.0 197.0
40 57 10.0 131.0
9 85 148.0 74.0
85 12 48.0 3.0
64 31 98.0 141.0
92 20 193.0 118.0
76 91 118.0 176.0
23 71 87.0 123.0
53 45 144.0 4.0
66 31 179.0 106.0
94 2 1.0 79.0
9 86 157.0 49.0
14 82 147.0 7.0
35 61 178.0 140.0
39 50 98.0 96.0
46 50 149.0 137.0
18 77 153.0 45.0
64 32 128.0 132.0
73 33 158.0 81.0
72 25 27.0 67.0
8 88 194.0 174.0
69 74 32.0 172.0
65 32 56.0 82.0
33 61 189.0 158.0
17 80 140.0 142.0
4 92 192.0 20.0
44 49 133.0 102.0
26 65 9.0 112.0
93 94 149.0 3.0
60 37 41.0 133.0
62 13 44.0 50.0
86 10 50.0 33.0
41 54 71.0 190.0
40 51 41.0 63.0
54 90 46.0 127.0
1 93 35.0 7.0
21 75 88.0 136.0
58 37 141.0 130.0
62 34 174.0 137.0
90 4 103.0 24.0
28 68 52.0 174.0
17 81 191.0 45.0
49 48 145.0 189.0
92 6 146.0 180.0
33 49 105.0 35.0
76 21 125.0 198.0
50 47 37.0 51.0
64 74 58.0 140.0
83 14 121.0 110.0
67 29 163.0 112.0
52 46 148.0 108.0
89 9 18.0 47.0
64 33 45.0 123.0
23 75 48.0 170.0
88 10 121.0 37.0
71 38 193.0 179.0
60 36 53.0 114.0
51 45 182.0 16.0
45 54 138.0 131.0
87 51 72.0 156.0
35 59 163.0 117.0
40 59 16.0 163.0
38 61 12.0 137.0
86 11 78.0 157.0
1 90 108.0 83.0
56 46 136.0 91.0
77 21 43.0 74.0
94 5 164.0 67.0
70 29 117.0 127.0
89 8 187.0 85.0
24 69 75.0 151.0
37 61 1.0 105.0
2 17 84.0 110.0
84 14 118.0 20.0
34 70 79.0 113.0
48 71 91.0 195.0
78 18 91.0 8.0
41 57 158.0 30.0
7 90 159.0 33.0
93 6 124.0 161.0
71 26 71.0 160.0
7 92 7.0 189.0
77 86 57.0 38.0
89 11 152.0 148.0
55 41 23.0 195.0
90 25 71.0 133.0
68 85 57.0 183.0
46 48 89.0 181.0
42 91 199.0 160.0
79 15 55.0 6.0
85 11 144.0 64.0
84 78 88.0 48.0
55 44 125.0 111.0
80 87 37.0 196.0
53 46 172.0 94.0
56 40 146.0 61.0
15 82 148.0 97.0
44 57 183.0 155.0
57 43 80.0 127.0
12 87 107.0 168.0
4 94 96.0 32.0
43 44 38.0 85.0
32 67 187.0 162.0
34 67 32.0 134.0
33 66 22.0 132.0
55 43 90.0 5.0
73 25 45.0 171.0
53 47 134.0 104.0
52 57 150.0 182.0
20 78 28.0 140.0
91 35 60.0 16.0
17 82 121.0 44.0
74 25 124.0 144.0
79 20 29.0 15.0
85 31 149.0 26.0
68 77 104.0 35.0
65 36 86.0 55.0
33 67 90.0 115.0
31 68 23.0 151.0
80 90 22.0 97.0
62 37 93.0 99.0
54 47 184.0 74.0
14 86 185.0 134.0
20 77 0.0 90.0
89 12 31.0 87.0
8 93 190.0 122.0
87 13 126.0 166.0
91 40 97.0 100.0
31 69 54.0 142.0
35 62 21.0 191.0
48 54 52.0 159.0
8 94 41.0 4.0
81 76 38.0 73.0
60 72 186.0 29.0
35 64 144.0 64.0
41 70 170.0 193.0
63 45 182.0 176.0
84 66 174.0 155.0
18 83 195.0 178.0
29 73 61.0 36.0
11 87 128.0 52.0
10 87 28.0 66.0
73 23 142.0 125.0
91 11 12.0 112.0
18 82 111.0 146.0
10 90 156.0 38.0
13 86 36.0 103.0
6 94 130.0 97.0
21 80 162.0 58.0
81 41 114.0 190.0
42 60 55.0 56.0
48 52 192.0 68.0
20 82 121.0 104.0
9 91 141.0 29.0
75 24 62.0 177.0
63 38 178.0 192.0
84 19 62.0 140.0
65 38 38.0 177.0
49 51 136.0 93.0
45 92 67.0 129.0
61 42 100.0 140.0
45 58 37.0 41.0
81 59 79.0 51.0
90 12 125.0 10.0
88 85 28.0 187.0
81 21 136.0 66.0
55 42 8.0 24.0
39 62 105.0 27.0
61 40 169.0 157.0
48 50 95.0 159.0
68 57 118.0 126.0
64 37 155.0 195.0
93 3 24.0 135.0
71 29 105.0 112.0
37 65 90.0 113.0
29 72 85.0 147.0
20 81 100.0 6.0
94 9 129.0 147.0
51 47 86.0 199.0
21 79 1.0 193.0
30 71 133.0 25.0
36 67 147.0 39.0
84 65 21.0 189.0
53 52 56.0 106.0
51 52 48.0 108.0
45 57 110.0 177.0
50 54 43.0 148.0
81 63 6.0 44.0
15 81 105.0 139.0
26 70 138.0 5.0
37 67 80.0 160.0
26 76 124.0 88.0
72 31 66.0 172.0
71 53 85.0 128.0
76 28 155.0 80.0
80 22 42.0 161.0
82 21 9.0 99.0
83 17 18.0 100.0
16 76 182.0 50.0
23 78 66.0 106.0
7 94 44.0 84.0
33 69 163.0 81.0
38 59 60.0 70.0
17 85 136.0 54.0
85 83 19.0 98.0
69 32 61.0 189.0
15 92 144.0 43.0
92 8 17.0 162.0
57 91 64.0 61.0
74 24 100.0 28.0
83 37 95.0 113.0
20 84 22.0 183.0
64 40 36.0 41.0
66 51 97.0 97.0
62 41 150.0 42.0
78 27 22.0 167.0
44 85 62.0 87.0
53 48 131.0 114.0
49 54 103.0 178.0
20 85 172.0 125.0
60 45 83.0 8.0
60 3 73.0 180.0
8 91 41.0 24.0
50 56 134.0 16.0
66 40 199.0 148.0
42 62 143.0 82.0
54 46 189.0 47.0
13 91 74.0 113.0
48 93 95.0 157.0
68 32 131.0 121.0
51 55 147.0 124.0
22 79 164.0 33.0
41 63 21.0 115.0
93 11 38.0 165.0
82 22 138.0 179.0
74 31 83.0 164.0
82 24 50.0 179.0
81 8 180.0 133.0
66 39 37.0 80.0
45 80 98.0 2.0
94 60 43.0 119.0
34 68 182.0 81.0
86 15 137.0 72.0
93 68 175.0 20.0
59 46 27.0 25.0
84 58 152.0 159.0
94 92 23.0 190.0
77 28 152.0 121.0
69 35 185.0 195.0
44 63 30.0 119.0
62 44 96.0 119.0
81 26 44.0 71.0
44 54 198.0 71.0
48 58 81.0 151.0
80 24 127.0 104.0
73 34 2.0 79.0
83 20 152.0 139.0
71 34 142.0 134.0
81 25 184.0 38.0
12 93 188.0 28.0
47 56 23.0 138.0
78 28 55.0 104.0
70 37 19.0 182.0
5 91 13.0 174.0
39 68 189.0 118.0
63 51 127.0 83.0
46 61 51.0 111.0
17 88 199.0 191.0
93 92 128.0 22.0
40 63 153.0 183.0
44 61 81.0 125.0
34 74 67.0 94.0
86 21 89.0 56.0
44 65 123.0 16.0
66 42 102.0 174.0
35 70 66.0 53.0
69 72 65.0 194.0
92 11 143.0 19.0
18 89 75.0 176.0
19 85 111.0 94.0
83 21 52.0 0.0
24 72 160.0 175.0
59 48 116.0 14.0
62 43 113.0 134.0
58 49 47.0 130.0
25 83 153.0 143.0
47 60 192.0 180.0
71 83 130.0 104.0
66 41 171.0 182.0
56 53 18.0 132.0
27 80 30.0 87.0
64 43 60.0 95.0
87 24 160.0 60.0
55 52 124.0 113.0
27 79 169.0 69.0
36 71 49.0 99.0
54 52 55.0 21.0
58 50 107.0 25.0
30 78 121.0 89.0
87 19 140.0 182.0
86 55 136.0 100.0
42 65 23.0 13.0
87 21 132.0 192.0
56 42 188.0 181.0
34 75 172.0 43.0
51 58 167.0 79.0
85 25 171.0 88.0
87 20 66.0 111.0
57 48 13.0 154.0
62 45 140.0 37.0
72 38 56.0 24.0
14 44 54.0 45.0
59 26 76.0 26.0
75 33 147.0 43.0
27 82 35.0 118.0
76 33 170.0 101.0
51 57 74.0 136.0
92 17 24.0 167.0
49 59 83.0 81.0
74 47 166.0 137.0
73 47 132.0 194.0
89 17 104.0 79.0
85 24 26.0 91.0
28 75 29.0 197.0
14 93 175.0 55.0
93 18 116.0 199.0
90 20 19.0 0.0
64 47 181.0 137.0
81 24 131.0 65.0
88 23 41.0 188.0
19 90 129.0 19.0
91 18 24.0 158.0
30 70 63.0 199.0
34 76 106.0 180.0
18 79 45.0 125.0
63 48 27.0 178.0
87 23 19.0 110.0
28 82 137.0 60.0
25 86 154.0 66.0
71 40 53.0 130.0
71 28 129.0 117.0
46 64 166.0 35.0
66 45 50.0 12.0
26 84 178.0 29.0
35 81 125.0 197.0
33 78 120.0 14.0
82 30 41.0 26.0
90 17 150.0 46.0
62 47 21.0 31.0
17 84 41.0 139.0
13 90 164.0 44.0
72 36 128.0 142.0
80 29 156.0 5.0
19 89 142.0 28.0
23 84 13.0 135.0
38 68 105.0 115.0
35 75 110.0 78.0
86 23 1.0 103.0
18 92 111.0 117.0
26 80 186.0 191.0
31 80 5.0 94.0
78 34 125.0 148.0
62 50 45.0 90.0
85 27 115.0 150.0
92 21 125.0 25.0
53 60 15.0 78.0
56 55 49.0 78.0
81 28 112.0 187.0
57 54 90.0 69.0
86 27 87.0 167.0
73 39 22.0 132.0
89 22 21.0 137.0
22 65 109.0 98.0
94 16 71.0 76.0
60 54 133.0 120.0
44 80 49.0 197.0
61 48 98.0 139.0
79 19 41.0 137.0
76 32 33.0 15.0
94 19 120.0 6.0
77 31 110.0 182.0
23 89 7.0 181.0
49 60 44.0 92.0
68 44 54.0 93.0
79 29 95.0 105.0
63 34 61.0 136.0
82 19 25.0 94.0
57 56 124.0 146.0
53 91 192.0 187.0
34 79 7.0 151.0
55 58 87.0 4.0
30 76 191.0 93.0
55 49 180.0 87.0
51 61 113.0 42.0
49 64 136.0 139.0
74 39 3.0 13.0
15 69 159.0 147.0
65 49 46.0 119.0
31 79 177.0 85.0
57 55 62.0 121.0
64 73 178.0 43.0
80 33 15.0 92.0
70 43 67.0 103.0
85 69 89.0 70.0
73 87 45.0 0.0
72 43 162.0 91.0
74 36 23.0 91.0
72 41 93.0 85.0
59 55 108.0 72.0
46 60 91.0 75.0
77 36 71.0 110.0
65 46 19.0 112.0
32 81 171.0 64.0
50 65 34.0 133.0
66 47 49.0 9.0
41 73 161.0 142.0
26 86 93.0 69.0
82 32 181.0 136.0
54 77 26.0 52.0
46 68 129.0 197.0
31 82 165.0 100.0
87 25 63.0 151.0
83 33 150.0 64.0
78 35 183.0 112.0
81 33 7.0 28.0
41 64 57.0 141.0
34 64 189.0 83.0
89 21 91.0 70.0
78 38 120.0 8.0
54 62 20.0 183.0
63 50 128.0 123.0
50 61 35.0 64.0
72 39 150.0 42.0
50 94 171.0 7.0
71 41 95.0 112.0
86 31 169.0 186.0
90 23 115.0 90.0
45 69 178.0 88.0
84 31 183.0 58.0
82 26 118.0 18.0
28 85 128.0 69.0
35 80 181.0 51.0
49 68 42.0 28.0
56 59 155.0 11.0
24 91 169.0 22.0
36 79 152.0 147.0
90 28 23.0 87.0
49 62 151.0 142.0
28 88 169.0 31.0
66 49 158.0 102.0
47 70 145.0 0.0
91 77 8.0 52.0
91 21 144.0 178.0
80 36 163.0 48.0
26 88 20.0 138.0
67 46 14.0 123.0
61 49 35.0 183.0
86 29 189.0 145.0
47 69 65.0 134.0
53 59 79.0 25.0
60 52 55.0 176.0
74 44 20.0 170.0
61 53 56.0 192.0
40 76 185.0 70.0
87 29 13.0 172.0
68 50 12.0 2.0
34 82 181.0 29.0
94 23 145.0 61.0
52 62 195.0 1.0
92 24 125.0 168.0
73 43 174.0 134.0
71 85 51.0 159.0
74 42 6.0 16.0
63 91 72.0 19.0
24 93 38.0 53.0
49 67 18.0 136.0
61 56 69.0 165.0
71 47 45.0 146.0
84 35 74.0 19.0
58 57 199.0 126.0
86 28 117.0 6.0
94 62 124.0 141.0
36 90 185.0 162.0
52 63 69.0 3.0
40 74 152.0 90.0
67 57 100.0 197.0
81 36 106.0 174.0
63 49 63.0 105.0
62 55 12.0 180.0
58 56 18.0 136.0
78 40 34.0 3.0
71 39 40.0 55.0
25 89 132.0 192.0
26 94 155.0 32.0
71 42 7.0 13.0
32 31 110.0 70.0
84 33 174.0 122.0
53 65 98.0 192.0
66 46 114.0 84.0
53 63 32.0 106.0
88 31 123.0 164.0
32 87 150.0 78.0
89 62 119.0 109.0
34 86 96.0 30.0
52 67 12.0 22.0
30 88 80.0 62.0
69 48 164.0 194.0
91 27 76.0 196.0
54 65 144.0 199.0
38 69 17.0 46.0
75 46 35.0 137.0
66 54 22.0 83.0
68 52 90.0 34.0
39 81 83.0 170.0
85 33 33.0 199.0
92 19 72.0 61.0
57 59 169.0 16.0
68 48 116.0 187.0
66 52 9.0 152.0
81 34 122.0 32.0
72 48 166.0 165.0
34 83 62.0 50.0
61 58 125.0 95.0
37 81 57.0 197.0
79 39 165.0 26.0
69 50 102.0 81.0
73 50 92.0 112.0
38 67 18.0 15.0
62 56 181.0 185.0
85 32 175.0 43.0
81 40 33.0 52.0
92 30 170.0 90.0
37 80 148.0 135.0
37 84 180.0 3.0
28 91 79.0 72.0
92 31 29.0 97.0
18 85 191.0 163.0
33 87 58.0 118.0
64 51 97.0 91.0
39 80 93.0 67.0
76 45 189.0 193.0
87 34 181.0 169.0
42 77 130.0 60.0
75 43 53.0 160.0
42 79 117.0 44.0
41 82 131.0 175.0
86 32 162.0 28.0
59 62 108.0 7.0
91 29 29.0 97.0
78 42 117.0 10.0
33 88 142.0 47.0
59 58 180.0 195.0
31 63 116.0 97.0
39 78 95.0 47.0
57 62 149.0 10.0
86 35 182.0 9.0
86 38 24.0 163.0
38 83 186.0 141.0
65 47 32.0 81.0
55 66 134.0 164.0
38 85 78.0 50.0
64 59 83.0 173.0
71 50 104.0 184.0
64 60 27.0 86.0
47 76 177.0 3.0
33 91 76.0 115.0
21 94 185.0 61.0
68 54 45.0 119.0
32 90 78.0 123.0
52 72 48.0 113.0
76 48 41.0 105.0
79 45 94.0 20.0
78 43 73.0 23.0
40 82 5.0 150.0
91 32 64.0 142.0
94 32 180.0 109.0
84 39 107.0 10.0
75 38 120.0 108.0
56 65 168.0 113.0
46 77 54.0 14.0
68 58 182.0 79.0
93 27 166.0 188.0
48 75 133.0 30.0
33 93 32.0 65.0
63 61 12.0 92.0
69 44 77.0 84.0
64 62 177.0 197.0
40 84 146.0 183.0
91 36 79.0 128.0
94 30 189.0 46.0
74 49 47.0 122.0
29 90 147.0 32.0
85 89 118.0 159.0
53 70 145.0 147.0
46 71 78.0 122.0
40 73 107.0 176.0
92 61 13.0 138.0
34 90 28.0 154.0
62 61 85.0 27.0
37 88 134.0 32.0
70 48 163.0 52.0
61 64 182.0 108.0
76 50 2.0 12.0
31 83 10.0 61.0
70 54 25.0 23.0
80 46 53.0 5.0
73 88 126.0 90.0
39 85 132.0 60.0
61 77 6.0 95.0
32 84 158.0 140.0
86 41 28.0 160.0
25 84 145.0 38.0
46 79 60.0 170.0
34 89 102.0 113.0
58 66 5.0 28.0
47 80 96.0 137.0
63 57 167.0 55.0
92 33 128.0 125.0
89 32 48.0 156.0
87 38 182.0 193.0
25 94 103.0 43.0
73 27 53.0 5.0
50 77 190.0 10.0
78 49 129.0 38.0
54 71 74.0 96.0
93 36 45.0 154.0
52 74 172.0 45.0
63 65 167.0 154.0
64 63 199.0 22.0
79 49 170.0 52.0
43 79 141.0 112.0
88 38 47.0 70.0
43 91 141.0 73.0
74 54 5.0 186.0
37 89 49.0 177.0
92 34 129.0 169.0
86 66 43.0 128.0
89 38 39.0 165.0
55 70 157.0 181.0
35 89 80.0 5.0
81 47 165.0 21.0
44 72 51.0 171.0
88 34 165.0 53.0
43 81 170.0 94.0
93 26 192.0 13.0
66 62 150.0 32.0
51 77 140.0 60.0
78 48 90.0 172.0
84 42 57.0 56.0
37 92 47.0 109.0
61 66 64.0 164.0
39 88 5.0 34.0
82 42 189.0 198.0
92 29 187.0 91.0
70 56 115.0 127.0
82 47 16.0 158.0
41 80 102.0 73.0
69 56 72.0 101.0
74 53 32.0 136.0
38 80 61.0 190.0
36 92 196.0 50.0
57 72 69.0 135.0
60 70 13.0 136.0
67 60 64.0 29.0
86 43 53.0 118.0
50 74 86.0 126.0
51 73 16.0 70.0
51 80 3.0 77.0
42 87 122.0 151.0
65 58 65.0 143.0
71 45 121.0 79.0
40 83 187.0 185.0
39 90 105.0 192.0
70 59 16.0 143.0
93 35 118.0 184.0
57 69 178.0 73.0
80 49 8.0 101.0
84 44 69.0 74.0
69 61 155.0 190.0
68 55 81.0 94.0
66 60 11.0 138.0
40 90 42.0 179.0
37 73 24.0 112.0
52 41 164.0 3.0
91 41 81.0 125.0
63 68 129.0 150.0
64 67 21.0 84.0
12 92 53.0 102.0
76 56 125.0 16.0
52 78 120.0 167.0
48 85 40.0 96.0
77 55 34.0 156.0
69 60 8.0 67.0
84 48 40.0 137.0
84 49 131.0 62.0
36 94 119.0 136.0
64 69 134.0 45.0
44 87 68.0 54.0
73 57 116.0 108.0
53 78 110.0 102.0
69 63 131.0 118.0
68 76 1.0 123.0
66 59 35.0 133.0
55 78 115.0 106.0
49 76 179.0 49.0
52 79 16.0 48.0
85 46 113.0 132.0
94 39 72.0 23.0
39 92 47.0 155.0
75 50 184.0 1.0
89 42 22.0 19.0
83 51 82.0 89.0
57 76 49.0 61.0
60 75 57.0 65.0
50 85 143.0 123.0
74 59 45.0 15.0
52 82 44.0 45.0
77 57 169.0 181.0
86 49 39.0 191.0
83 53 60.0 121.0
68 69 69.0 61.0
45 86 166.0 78.0
80 53 166.0 62.0
81 56 92.0 11.0
81 54 105.0 88.0
90 44 90.0 74.0
85 52 52.0 130.0
80 56 171.0 64.0
68 61 87.0 192.0
70 61 82.0 5.0
70 64 124.0 0.0
64 66 1.0 168.0
33 94 130.0 106.0
60 76 52.0 21.0
80 50 198.0 57.0
74 62 197.0 121.0
56 77 156.0 36.0
65 72 9.0 190.0
37 94 62.0 86.0
88 49 126.0 15.0
49 82 142.0 8.0
46 78 154.0 194.0
80 57 39.0 152.0
87 41 76.0 188.0
80 85 76.0 185.0
55 83 182.0 86.0
70 63 72.0 196.0
51 74 194.0 150.0
66 73 89.0 88.0
59 78 72.0 43.0
22 93 115.0 111.0
54 76 64.0 143.0
42 94 197.0 141.0
52 80 174.0 131.0
55 80 33.0 46.0
75 62 128.0 27.0
41 92 46.0 17.0
43 92 188.0 119.0
57 75 37.0 103.0
91 51 13.0 102.0
82 37 183.0 162.0
93 43 77.0 157.0
65 74 17.0 62.0
69 70 161.0 145.0
50 88 107.0 160.0
49 89 144.0 47.0
42 88 151.0 182.0
88 59 76.0 117.0
66 74 157.0 11.0
45 88 3.0 34.0
56 83 130.0 173.0
69 71 96.0 43.0
75 68 17.0 3.0
81 57 152.0 162.0
64 76 54.0 55.0
94 43 67.0 82.0
80 58 33.0 24.0
87 53 88.0 189.0
93 41 197.0 18.0
86 44 74.0 93.0
40 92 4.0 91.0
70 72 157.0 108.0
79 61 137.0 11.0
84 57 44.0 4.0
82 79 1.0 77.0
56 84 97.0 41.0
88 41 117.0 94.0
83 54 195.0 143.0
47 91 191.0 199.0
87 49 197.0 148.0
78 65 63.0 87.0
60 74 145.0 107.0
56 85 62.0 98.0
62 78 87.0 111.0
66 70 129.0 156.0
88 51 36.0 125.0
88 48 182.0 179.0
73 70 111.0 179.0
75 66 196.0 126.0
90 51 86.0 93.0
68 60 76.0 100.0
74 72 138.0 116.0
74 67 170.0 19.0
77 59 66.0 158.0
92 49 61.0 48.0
61 81 6.0 124.0
93 52 60.0 2.0
48 67 156.0 98.0
75 58 73.0 185.0
63 79 188.0 11.0
75 70 105.0 158.0
45 90 52.0 171.0
87 56 21.0 65.0
93 38 149.0 27.0
48 94 26.0 161.0
82 50 20.0 134.0
90 55 76.0 45.0
91 71 50.0 64.0
77 53 69.0 107.0
56 73 47.0 73.0
85 59 1.0 68.0
57 88 174.0 150.0
64 94 163.0 152.0
50 90 84.0 135.0
71 65 179.0 160.0
60 81 82.0 181.0
84 46 40.0 104.0
84 60 122.0 87.0
54 78 3.0 123.0
73 85 40.0 178.0
49 81 60.0 3.0
80 75 176.0 144.0
71 64 114.0 107.0
79 91 30.0 148.0
85 35 152.0 22.0
77 69 106.0 74.0
82 66 74.0 61.0
91 55 161.0 114.0
46 88 91.0 21.0
71 75 85.0 19.0
92 55 5.0 151.0
62 84 199.0 187.0
58 90 190.0 151.0
75 72 190.0 96.0
72 73 46.0 64.0
79 64 71.0 7.0
67 75 64.0 115.0
58 85 22.0 149.0
87 60 131.0 179.0
63 87 57.0 130.0
90 59 197.0 0.0
64 75 81.0 187.0
67 79 156.0 127.0
64 83 39.0 179.0
70 65 115.0 103.0
68 79 146.0 89.0
74 75 58.0 77.0
80 63 161.0 68.0
80 69 100.0 110.0
82 65 123.0 181.0
94 52 187.0 31.0
78 61 116.0 26.0
82 68 94.0 183.0
70 80 143.0 40.0
73 71 126.0 1.0
72 61 23.0 39.0
90 49 158.0 123.0
81 72 98.0 33.0
69 83 14.0 37.0
60 89 139.0 82.0
69 75 134.0 33.0
56 93 29.0 77.0
73 77 124.0 107.0
81 67 93.0 147.0
84 68 45.0 51.0
80 74 146.0 95.0
89 63 79.0 112.0
66 83 149.0 18.0
64 80 148.0 83.0
67 76 76.0 129.0
90 62 42.0 153.0
85 67 133.0 136.0
70 76 153.0 178.0
68 81 76.0 52.0
54 93 59.0 155.0
82 74 170.0 8.0
66 80 111.0 119.0
54 87 194.0 188.0
64 84 123.0 36.0
88 68 20.0 57.0
54 92 40.0 126.0
83 67 172.0 116.0
89 56 53.0 184.0
84 70 32.0 24.0
63 85 191.0 143.0
89 67 132.0 137.0
63 88 170.0 8.0
78 75 114.0 190.0
71 82 18.0 154.0
56 91 189.0 142.0
88 83 197.0 42.0
47 90 163.0 29.0
58 93 57.0 106.0
61 84 184.0 141.0
84 73 68.0 154.0
79 75 75.0 135.0
85 74 60.0 45.0
71 81 159.0 1.0
86 71 41.0 108.0
65 24 175.0 156.0
85 60 70.0 184.0
82 72 76.0 6.0
94 65 98.0 97.0
78 80 23.0 173.0
70 78 138.0 35.0
58 92 175.0 49.0
89 68 46.0 168.0
68 70 61.0 173.0
71 89 45.0 83.0
89 77 15.0 74.0
68 86 61.0 113.0
89 75 180.0 84.0
85 77 166.0 70.0
74 83 92.0 93.0
83 68 181.0 90.0
92 72 125.0 43.0
91 81 10.0 123.0
81 75 171.0 177.0
73 83 75.0 32.0
76 84 90.0 7.0
72 93 1.0 56.0
59 94 84.0 46.0
61 93 102.0 65.0
68 92 126.0 179.0
72 83 107.0 88.0
88 71 123.0 31.0
65 64 190.0 198.0
82 57 129.0 80.0
88 75 90.0 131.0
87 78 105.0 126.0
53 85 18.0 159.0
13 93 143.0 96.0
80 77 149.0 2.0
94 66 64.0 72.0
82 83 37.0 54.0
94 55 121.0 119.0
67 94 69.0 11.0
91 75 196.0 127.0
66 91 36.0 166.0
86 74 27.0 179.0
81 77 155.0 128.0
66 92 72.0 171.0
70 92 60.0 62.0
83 78 144.0 181.0
85 72 114.0 13.0
67 92 66.0 62.0
83 75 12.0 102.0
72 71 148.0 191.0
87 71 39.0 55.0
90 48 151.0 64.0
83 79 68.0 164.0
90 88 42.0 164.0
83 91 75.0 156.0
76 85 105.0 141.0
75 93 147.0 69.0
82 75 150.0 95.0
70 89 60.0 141.0
77 88 132.0 164.0
92 82 142.0 152.0
84 77 67.0 184.0
85 90 19.0 143.0
81 88 14.0 76.0
92 62 62.0 162.0
90 64 195.0 164.0
84 63 40.0 8.0
79 92 99.0 172.0
62 82 125.0 41.0
72 87 38.0 193.0
79 88 85.0 9.0
78 79 157.0 52.0
82 91 47.0 171.0
78 66 39.0 194.0
92 65 9.0 80.0
92 81 26.0 60.0
38 49 121.0 104.0
69 90 54.0 111.0
85 21 13.0 92.0
78 88 95.0 170.0
87 90 37.0 142.0
80 84 128.0 29.0
94 75 65.0 89.0
77 94 42.0 44.0
88 35 188.0 116.0
77 79 86.0 194.0
92 80 11.0 99.0
93 91 44.0 106.0
78 37 50.0 34.0
92 76 180.0 130.0
87 85 37.0 197.0
89 86 125.0 32.0
2 3 42.0 113.0
55 79 28.0 80.0
88 76 81.0 39.0
82 89 174.0 77.0
86 67 139.0 176.0
57 33 2.0 119.0
92 77 47.0 192.0
91 86 4.0 124.0
90 60 51.0 198.0
61 83 148.0 79.0
75 42 69.0 181.0
88 58 171.0 43.0
6 70 105.0 111.0
73 92 154.0 107.0
92 1 114.0 153.0
69 93 151.0 70.0
84 81 118.0 3.0
82 84 62.0 18.0
75 86 26.0 83.0
87 89 37.0 150.0
64 58 126.0 142.0
70 88 47.0 81.0
63 77 81.0 113.0
60 93 132.0 32.0
86 84 55.0 2.0
72 90 127.0 69.0
65 90 136.0 106.0
89 91 129.0 125.0
43 59 64.0 7.0
79 86 27.0 63.0
56 75 187.0 60.0
61 60 67.0 72.0
89 88 54.0 122.0
89 73 20.0 182.0
88 54 176.0 108.0
81 78 13.0 57.0
81 89 76.0 77.0
93 83 28.0 55.0
84 92 133.0 167.0
90 71 193.0 0.0
84 27 113.0 48.0
64 86 10.0 86.0
91 90 166.0 138.0
48 81 34.0 179.0
50 79 164.0 62.0
86 85 123.0 144.0
80 76 195.0 8.0
75 92 121.0 140.0
82 78 147.0 187.0
92 90 192.0 109.0
89 83 152.0 158.0
77 93 6.0 186.0
56 78 103.0 122.0
87 92 153.0 26.0
85 94 90.0 100.0
93 89 76.0 12.0
86 88 55.0 176.0
81 83 195.0 48.0
61 94 183.0 147.0
93 85 50.0 189.0
72 89 54.0 105.0
73 80 118.0 7.0
80 94 65.0 8.0
78 93 32.0 93.0
86 82 99.0 88.0
76 89 96.0 47.0
0
