94 4371 86 5 804290
73 35 64.0 198.0
24 68 29.0 26.0
15 43 22.0 134.0
43 6 151.0 24.0
20 7 9.0 20.0
8 11 5.0 199.0
32 35 142.0 2.0
16 3 26.0 77.0
13 6 42.0 90.0
5 65 112.0 71.0
39 34 136.0 134.0
40 26 34.0 88.0
32 17 153.0 43.0
27 77 57.0 158.0
18 17 97.0 199.0
90 19 125.0 124.0
50 17 121.0 167.0
82 74 29.0 34.0
13 67 63.0 118.0
24 33 139.0 97.0
49 11 64.0 92.0
88 11 52.0 122.0
54 22 14.0 149.0
41 62 157.0 139.0
79 84 27.0 79.0
89 80 198.0 8.0
78 45 17.0 62.0
77 84 102.0 156.0
1 73 91.0 167.0
15 8 117.0 143.0
29 19 168.0 131.0
81 36 110.0 126.0
51 72 132.0 89.0
83 94 159.0 82.0
45 67 108.0 176.0
57 93 12.0 11.0
71 1 87.0 103.0
34 37 37.0 156.0
81 13 112.0 158.0
48 85 193.0 174.0
88 40 167.0 77.0
40 56 89.0 126.0
55 52 64.0 197.0
76 31 128.0 76.0
57 38 165.0 167.0
74 86 123.0 155.0
30 78 26.0 188.0
94 79 142.0 171.0
25 17 195.0 61.0
73 72 64.0 84.0
55 78 38.0 128.0
41 11 188.0 118.0
74 48 168.0 154.0
39 14 124.0 91.0
91 34 123.0 150.0
45 47 180.0 17.0
63 39 178.0 175.0
42 6 68.0 194.0
15 11 190.0 58.0
47 17 117.0 179.0
90 82 21.0 85.0
1 80 72.0 97.0
45 69 10.0 147.0
21 57 140.0 190.0
27 16 67.0 71.0
21 86 21.0 87.0
3 66 122.0 163.0
14 79 86.0 40.0
92 84 125.0 60.0
69 34 167.0 197.0
8 89 175.0 129.0
51 61 158.0 68.0
76 30 166.0 26.0
47 78 152.0 139.0
76 85 84.0 27.0
2 36 176.0 171.0
5 12 103.0 54.0
37 68 146.0 22.0
63 42 160.0 73.0
8 72 13.0 71.0
7 62 197.0 131.0
71 13 125.0 101.0
29 89 73.0 162.0
56 8 196.0 2.0
11 77 8.0 99.0
50 92 159.0 154.0
39 27 0.0 72.0
4 22 10.0 165.0
83 37 106.0 7.0
75 81 98.0 184.0
8 21 88.0 124.0
28 51 99.0 84.0
33 70 193.0 107.0
4 10 185.0 105.0
39 26 19.0 137.0
47 35 16.0 29.0
3 31 124.0 74.0
44 25 38.0 174.0
45 13 139.0 126.0
63 52 62.0 190.0
53 83 11.0 8.0
1 72 10.0 196.0
3 62 18.0 29.0
2 74 41.0 186.0
36 23 96.0 117.0
48 54 179.0 134.0
93 38 22.0 71.0
21 26 178.0 37.0
14 34 127.0 189.0
37 50 8.0 89.0
17 6 161.0 178.0
79 17 81.0 2.0
39 42 47.0 130.0
28 23 9.0 179.0
86 27 109.0 183.0
78 37 127.0 88.0
2 46 135.0 6.0
2 31 141.0 95.0
62 52 1.0 103.0
68 92 14.0 34.0
40 53 44.0 13.0
76 55 114.0 53.0
13 41 58.0 176.0
78 27 82.0 185.0
72 14 164.0 170.0
70 56 158.0 106.0
14 42 128.0 111.0
39 11 147.0 142.0
9 7 147.0 191.0
25 5 95.0 14.0
72 79 98.0 153.0
11 79 3.0 132.0
24 19 73.0 168.0
7 67 59.0 31.0
40 50 53.0 139.0
86 15 55.0 1.0
79 27 90.0 3.0
58 30 30.0 185.0
40 11 117.0 80.0
21 85 166.0 120.0
36 39 187.0 39.0
37 11 53.0 198.0
86 50 110.0 107.0
90 63 161.0 166.0
21 50 49.0 52.0
11 60 49.0 79.0
3 38 164.0 166.0
55 77 191.0 130.0
48 42 49.0 130.0
79 81 165.0 103.0
36 67 141.0 76.0
61 5 130.0 102.0
80 51 101.0 132.0
43 40 80.0 102.0
10 85 151.0 44.0
93 66 41.0 142.0
39 79 96.0 91.0
65 17 73.0 14.0
83 61 34.0 14.0
65 58 95.0 116.0
40 83 175.0 148.0
55 73 39.0 55.0
63 31 80.0 190.0
28 75 131.0 74.0
85 32 116.0 180.0
48 71 123.0 189.0
37 39 168.0 109.0
28 60 104.0 15.0
75 84 190.0 80.0
88 18 187.0 181.0
74 20 22.0 67.0
26 18 19.0 106.0
49 25 25.0 87.0
13 1 116.0 148.0
15 88 113.0 36.0
54 40 61.0 18.0
55 27 131.0 3.0
70 55 181.0 118.0
74 14 170.0 3.0
32 60 193.0 141.0
16 5 179.0 19.0
75 60 193.0 47.0
54 62 116.0 106.0
33 61 52.0 129.0
87 3 16.0 135.0
57 32 79.0 149.0
46 5 126.0 49.0
91 69 113.0 71.0
73 17 74.0 93.0
77 21 43.0 19.0
15 1 62.0 111.0
61 35 129.0 115.0
9 5 192.0 97.0
2 18 103.0 71.0
27 15 116.0 181.0
83 31 32.0 30.0
48 72 9.0 106.0
24 77 191.0 4.0
77 80 6.0 54.0
46 56 31.0 87.0
92 7 83.0 23.0
29 55 85.0 186.0
69 54 132.0 1.0
85 28 19.0 164.0
31 51 74.0 180.0
33 31 104.0 65.0
4 8 110.0 63.0
1 43 20.0 141.0
76 69 125.0 103.0
29 91 32.0 10.0
50 7 85.0 164.0
60 91 158.0 56.0
47 43 3.0 32.0
73 74 127.0 107.0
20 41 17.0 189.0
84 69 16.0 189.0
43 24 112.0 141.0
20 71 0.0 144.0
9 73 119.0 38.0
69 59 91.0 77.0
34 46 159.0 94.0
26 16 136.0 39.0
57 27 53.0 153.0
2 92 61.0 21.0
21 73 27.0 174.0
75 9 190.0 179.0
82 64 71.0 62.0
14 5 99.0 162.0
56 25 168.0 10.0
67 20 190.0 104.0
47 10 45.0 195.0
7 5 44.0 58.0
77 69 53.0 23.0
10 90 186.0 43.0
85 86 188.0 57.0
2 45 6.0 39.0
1 27 46.0 174.0
46 57 185.0 188.0
66 58 192.0 182.0
88 94 34.0 188.0
94 29 80.0 87.0
24 89 91.0 66.0
13 15 193.0 32.0
85 80 132.0 199.0
12 70 181.0 131.0
32 16 42.0 118.0
6 84 158.0 186.0
15 64 119.0 192.0
24 44 58.0 0.0
39 53 6.0 101.0
93 8 46.0 199.0
20 65 134.0 131.0
40 89 30.0 67.0
36 59 188.0 24.0
74 22 85.0 147.0
17 24 29.0 4.0
68 81 37.0 39.0
66 61 173.0 195.0
1 83 135.0 172.0
53 84 123.0 21.0
10 28 50.0 105.0
18 40 18.0 191.0
61 15 134.0 103.0
38 74 104.0 115.0
87 91 143.0 93.0
58 67 121.0 68.0
55 37 34.0 8.0
52 84 12.0 109.0
17 71 97.0 15.0
17 55 44.0 115.0
69 29 77.0 131.0
9 65 94.0 134.0
88 28 48.0 37.0
1 68 6.0 121.0
37 48 97.0 193.0
63 19 181.0 110.0
90 50 69.0 78.0
10 59 131.0 113.0
87 63 90.0 8.0
60 1 196.0 184.0
55 68 46.0 196.0
2 9 33.0 4.0
79 66 60.0 130.0
17 41 121.0 41.0
90 35 104.0 142.0
93 26 78.0 35.0
21 87 95.0 169.0
87 28 116.0 43.0
2 4 62.0 114.0
9 74 58.0 47.0
71 38 120.0 118.0
79 29 191.0 193.0
63 10 98.0 96.0
62 76 147.0 176.0
68 78 170.0 194.0
12 88 34.0 38.0
23 4 136.0 48.0
9 48 44.0 146.0
17 19 194.0 165.0
47 59 160.0 138.0
1 69 141.0 10.0
50 68 45.0 40.0
2 13 191.0 15.0
50 38 51.0 177.0
67 28 134.0 139.0
75 82 49.0 131.0
6 47 182.0 195.0
11 82 156.0 142.0
56 58 85.0 49.0
31 36 80.0 130.0
66 60 50.0 24.0
3 90 13.0 101.0
24 57 155.0 99.0
70 93 131.0 4.0
45 9 189.0 113.0
90 16 53.0 97.0
73 54 156.0 138.0
89 39 168.0 189.0
4 54 171.0 18.0
49 89 49.0 136.0
77 15 94.0 5.0
39 86 49.0 25.0
94 77 47.0 190.0
92 52 10.0 100.0
11 51 79.0 118.0
89 84 79.0 47.0
43 88 95.0 50.0
14 88 106.0 96.0
34 60 193.0 0.0
5 15 128.0 194.0
74 47 12.0 175.0
31 34 10.0 174.0
16 68 179.0 41.0
83 27 81.0 10.0
47 20 99.0 176.0
39 13 127.0 157.0
73 62 93.0 72.0
59 26 1.0 21.0
4 68 27.0 166.0
33 29 98.0 38.0
28 78 90.0 29.0
37 49 178.0 171.0
94 86 53.0 29.0
4 62 49.0 180.0
7 12 183.0 94.0
4 59 75.0 184.0
32 39 145.0 102.0
94 47 180.0 43.0
57 8 44.0 70.0
82 48 118.0 174.0
10 9 16.0 123.0
79 22 39.0 17.0
94 3 131.0 22.0
61 31 149.0 158.0
5 2 8.0 94.0
56 37 29.0 188.0
70 2 180.0 25.0
75 80 49.0 50.0
3 24 49.0 17.0
71 27 39.0 40.0
55 69 30.0 122.0
5 41 137.0 179.0
50 89 150.0 145.0
31 85 183.0 131.0
86 53 5.0 115.0
38 88 165.0 54.0
43 62 70.0 166.0
89 11 108.0 61.0
79 25 145.0 139.0
91 3 61.0 82.0
91 79 12.0 11.0
69 25 163.0 195.0
77 35 61.0 168.0
28 32 69.0 179.0
93 44 8.0 91.0
55 66 124.0 117.0
90 27 153.0 69.0
55 59 71.0 15.0
43 9 198.0 83.0
34 26 75.0 113.0
60 74 73.0 137.0
11 27 159.0 142.0
2 67 117.0 119.0
38 79 76.0 42.0
37 64 171.0 29.0
28 45 51.0 42.0
54 84 48.0 1.0
15 35 154.0 75.0
41 1 108.0 27.0
53 72 46.0 19.0
44 4 94.0 163.0
14 26 172.0 170.0
22 27 140.0 143.0
3 28 123.0 144.0
43 78 27.0 123.0
19 40 64.0 181.0
40 47 148.0 124.0
24 85 37.0 194.0
20 26 162.0 83.0
78 83 192.0 134.0
1 16 154.0 132.0
21 61 85.0 30.0
45 10 90.0 64.0
75 74 172.0 154.0
52 51 38.0 120.0
67 3 9.0 27.0
54 86 146.0 172.0
74 39 123.0 138.0
7 26 6.0 77.0
86 24 177.0 43.0
60 6 69.0 19.0
11 2 61.0 193.0
23 10 178.0 100.0
38 48 59.0 188.0
3 12 107.0 157.0
75 7 10.0 30.0
32 15 170.0 169.0
38 19 132.0 100.0
25 46 128.0 154.0
18 86 49.0 190.0
6 4 96.0 179.0
76 72 64.0 155.0
14 54 154.0 171.0
21 2 80.0 116.0
5 30 133.0 2.0
49 61 74.0 66.0
39 29 171.0 2.0
20 25 84.0 20.0
53 18 12.0 181.0
90 89 54.0 76.0
74 50 66.0 160.0
40 46 119.0 146.0
75 22 164.0 53.0
13 4 129.0 38.0
6 56 114.0 100.0
80 91 28.0 151.0
41 31 47.0 40.0
51 85 78.0 101.0
66 83 125.0 144.0
34 72 5.0 44.0
25 82 99.0 170.0
59 85 163.0 29.0
46 60 43.0 30.0
83 8 82.0 71.0
38 58 37.0 81.0
48 91 102.0 115.0
79 61 39.0 27.0
64 27 199.0 45.0
14 84 194.0 98.0
74 52 33.0 109.0
44 20 19.0 76.0
27 42 185.0 53.0
5 81 93.0 23.0
77 23 169.0 195.0
83 42 109.0 8.0
68 94 24.0 108.0
5 4 52.0 18.0
2 19 151.0 85.0
10 86 140.0 170.0
59 82 174.0 77.0
68 73 130.0 67.0
28 31 197.0 99.0
4 12 92.0 107.0
38 28 141.0 117.0
61 32 165.0 145.0
22 23 187.0 116.0
40 82 107.0 79.0
69 57 124.0 81.0
62 1 104.0 6.0
58 52 8.0 101.0
89 19 85.0 101.0
47 11 6.0 27.0
68 61 177.0 171.0
16 81 2.0 116.0
68 52 141.0 110.0
6 14 112.0 17.0
15 92 111.0 16.0
49 21 101.0 119.0
65 33 110.0 138.0
69 22 104.0 117.0
15 3 197.0 81.0
63 22 55.0 151.0
73 32 47.0 149.0
1 14 49.0 112.0
49 77 126.0 112.0
29 32 133.0 179.0
65 79 2.0 195.0
6 29 77.0 106.0
12 76 33.0 26.0
3 23 184.0 41.0
20 3 148.0 184.0
33 7 154.0 149.0
15 16 127.0 33.0
48 87 153.0 60.0
3 84 70.0 155.0
19 53 177.0 99.0
60 61 194.0 10.0
3 6 199.0 130.0
84 51 6.0 148.0
57 36 187.0 112.0
78 50 156.0 66.0
69 89 192.0 109.0
10 19 53.0 62.0
71 91 136.0 30.0
83 50 48.0 82.0
83 57 94.0 199.0
14 94 41.0 52.0
62 87 60.0 28.0
43 25 124.0 16.0
45 80 106.0 116.0
4 56 76.0 111.0
78 3 37.0 164.0
78 31 35.0 37.0
87 37 41.0 81.0
37 28 37.0 83.0
21 12 16.0 97.0
63 80 34.0 140.0
65 81 187.0 140.0
42 13 136.0 15.0
41 6 185.0 173.0
4 11 92.0 20.0
68 23 87.0 85.0
50 25 93.0 124.0
37 70 46.0 61.0
55 58 180.0 32.0
71 26 53.0 119.0
38 82 75.0 190.0
87 74 44.0 60.0
2 7 29.0 88.0
59 32 130.0 116.0
57 41 30.0 23.0
12 8 155.0 76.0
53 81 152.0 87.0
1 7 114.0 6.0
88 5 8.0 189.0
78 74 141.0 4.0
17 39 176.0 170.0
70 5 159.0 106.0
45 89 147.0 189.0
84 42 157.0 54.0
29 70 63.0 110.0
77 33 41.0 130.0
63 62 127.0 1.0
68 38 11.0 69.0
8 26 115.0 187.0
31 69 60.0 26.0
63 3 95.0 160.0
70 43 15.0 4.0
19 37 56.0 31.0
1 48 198.0 97.0
15 68 57.0 126.0
37 38 106.0 20.0
63 25 64.0 173.0
93 94 134.0 125.0
28 56 105.0 181.0
4 78 7.0 120.0
47 60 138.0 63.0
13 8 97.0 89.0
7 82 68.0 106.0
51 70 148.0 126.0
26 72 45.0 13.0
4 33 18.0 131.0
14 8 26.0 75.0
13 7 53.0 186.0
42 76 164.0 192.0
15 24 126.0 61.0
37 12 162.0 195.0
13 40 85.0 62.0
44 38 176.0 82.0
70 34 92.0 146.0
76 1 175.0 71.0
77 46 69.0 180.0
27 45 21.0 33.0
68 75 157.0 147.0
87 41 12.0 71.0
81 91 93.0 98.0
34 87 127.0 21.0
8 5 23.0 171.0
42 5 111.0 150.0
22 1 110.0 181.0
12 57 165.0 131.0
38 27 27.0 74.0
94 75 93.0 39.0
71 86 41.0 138.0
79 74 120.0 120.0
89 59 172.0 143.0
15 9 138.0 83.0
62 39 184.0 0.0
28 44 44.0 149.0
2 63 86.0 23.0
6 7 2.0 131.0
19 78 78.0 43.0
13 10 163.0 150.0
73 40 46.0 135.0
40 63 116.0 136.0
8 37 18.0 53.0
80 53 181.0 14.0
47 66 100.0 19.0
5 18 59.0 102.0
61 77 57.0 89.0
65 14 22.0 172.0
80 10 24.0 68.0
72 68 64.0 93.0
36 1 113.0 34.0
79 85 79.0 94.0
6 10 41.0 179.0
83 49 93.0 52.0
31 45 146.0 150.0
58 63 66.0 168.0
72 93 162.0 43.0
92 83 39.0 179.0
15 62 86.0 152.0
53 73 155.0 117.0
78 40 80.0 148.0
88 26 167.0 173.0
70 10 124.0 113.0
10 8 34.0 143.0
32 7 119.0 148.0
21 20 12.0 158.0
3 21 11.0 50.0
53 21 123.0 166.0
86 36 4.0 3.0
61 65 59.0 171.0
74 67 104.0 135.0
1 6 194.0 90.0
39 44 42.0 113.0
63 60 11.0 6.0
66 84 97.0 22.0
36 84 98.0 173.0
25 77 172.0 102.0
74 54 12.0 183.0
26 51 82.0 117.0
58 76 165.0 76.0
25 65 117.0 8.0
56 43 155.0 128.0
32 74 152.0 52.0
63 94 100.0 50.0
9 19 163.0 24.0
4 60 190.0 175.0
42 59 26.0 24.0
41 84 2.0 192.0
54 77 112.0 119.0
3 10 94.0 67.0
90 25 99.0 46.0
24 64 107.0 199.0
14 16 83.0 70.0
7 43 163.0 73.0
7 63 198.0 190.0
52 1 98.0 153.0
77 85 156.0 162.0
7 25 79.0 50.0
75 34 7.0 178.0
6 5 51.0 115.0
65 38 190.0 134.0
80 11 178.0 154.0
73 87 113.0 176.0
87 66 68.0 163.0
57 22 130.0 24.0
46 80 113.0 10.0
19 65 126.0 121.0
18 6 126.0 129.0
13 5 109.0 69.0
89 44 90.0 87.0
36 44 53.0 155.0
42 25 99.0 121.0
72 86 55.0 29.0
3 46 152.0 168.0
17 62 154.0 78.0
42 19 155.0 32.0
1 9 56.0 64.0
63 68 51.0 146.0
43 74 111.0 104.0
4 42 166.0 162.0
60 43 47.0 21.0
88 37 19.0 0.0
30 39 117.0 173.0
83 5 70.0 72.0
11 3 40.0 78.0
14 33 5.0 91.0
12 63 0.0 69.0
36 90 0.0 119.0
38 77 63.0 48.0
45 35 122.0 82.0
73 71 173.0 39.0
7 4 25.0 195.0
44 91 190.0 65.0
29 54 80.0 147.0
48 47 86.0 32.0
43 8 127.0 87.0
85 36 30.0 190.0
2 94 69.0 104.0
2 50 47.0 42.0
79 51 61.0 24.0
15 4 114.0 3.0
80 60 112.0 194.0
12 34 71.0 198.0
67 88 126.0 151.0
55 24 11.0 109.0
23 90 151.0 81.0
72 60 171.0 150.0
42 78 129.0 33.0
7 15 72.0 44.0
90 31 11.0 136.0
90 73 100.0 34.0
93 68 96.0 26.0
92 6 197.0 108.0
14 7 114.0 101.0
51 58 130.0 85.0
41 7 99.0 59.0
38 54 150.0 123.0
85 44 15.0 161.0
49 43 70.0 67.0
42 31 12.0 166.0
62 55 34.0 10.0
6 16 32.0 148.0
23 69 149.0 114.0
75 54 67.0 0.0
14 63 179.0 18.0
38 32 81.0 146.0
6 21 13.0 103.0
77 53 41.0 25.0
39 76 16.0 76.0
67 47 21.0 0.0
3 8 171.0 170.0
56 87 124.0 38.0
81 11 134.0 55.0
43 3 19.0 167.0
23 38 76.0 184.0
22 45 141.0 69.0
26 70 152.0 157.0
23 94 188.0 125.0
2 62 167.0 159.0
80 73 168.0 43.0
83 46 98.0 102.0
48 64 69.0 70.0
33 63 137.0 97.0
13 37 118.0 79.0
39 1 42.0 22.0
27 40 25.0 182.0
19 3 163.0 144.0
19 1 50.0 131.0
78 12 92.0 149.0
3 7 3.0 161.0
1 11 146.0 141.0
83 45 48.0 64.0
71 35 162.0 42.0
74 80 131.0 188.0
9 13 11.0 94.0
79 71 111.0 61.0
1 10 74.0 3.0
18 13 111.0 78.0
59 60 159.0 9.0
36 14 55.0 7.0
74 93 0.0 18.0
78 71 194.0 131.0
49 8 115.0 5.0
78 65 71.0 178.0
21 4 114.0 145.0
89 78 129.0 177.0
69 43 137.0 88.0
82 12 26.0 145.0
10 88 124.0 26.0
64 92 67.0 118.0
32 14 42.0 182.0
79 10 75.0 65.0
86 82 145.0 141.0
65 52 133.0 26.0
16 7 173.0 22.0
15 54 11.0 199.0
6 15 107.0 88.0
58 75 174.0 175.0
89 94 128.0 17.0
11 13 117.0 155.0
60 67 136.0 15.0
24 8 81.0 69.0
9 11 22.0 54.0
20 78 45.0 185.0
18 48 71.0 105.0
29 83 18.0 45.0
14 9 164.0 146.0
16 18 198.0 33.0
84 17 173.0 134.0
51 90 150.0 6.0
56 67 162.0 172.0
76 64 153.0 159.0
44 1 15.0 24.0
1 21 190.0 33.0
8 17 189.0 106.0
27 30 37.0 139.0
20 2 182.0 162.0
30 33 132.0 132.0
31 11 198.0 94.0
6 53 148.0 103.0
79 70 119.0 115.0
9 77 88.0 61.0
86 78 167.0 29.0
39 16 198.0 157.0
50 72 176.0 132.0
11 65 172.0 109.0
12 6 38.0 122.0
34 74 184.0 186.0
49 19 5.0 103.0
8 16 34.0 45.0
80 18 141.0 153.0
59 27 191.0 140.0
5 17 174.0 119.0
14 25 113.0 146.0
7 24 97.0 151.0
3 51 199.0 81.0
14 12 146.0 156.0
35 66 135.0 132.0
15 39 24.0 77.0
91 42 82.0 15.0
84 16 82.0 56.0
66 12 3.0 196.0
61 38 22.0 101.0
88 59 133.0 173.0
24 2 123.0 32.0
19 5 111.0 59.0
16 10 151.0 136.0
78 10 50.0 33.0
51 15 106.0 85.0
26 50 173.0 61.0
10 2 122.0 147.0
86 16 120.0 7.0
17 78 133.0 195.0
7 91 6.0 45.0
33 48 151.0 109.0
57 56 179.0 2.0
70 16 86.0 37.0
65 45 4.0 11.0
46 55 62.0 78.0
70 85 82.0 134.0
12 13 81.0 15.0
61 89 182.0 40.0
42 70 134.0 86.0
31 55 133.0 113.0
70 63 151.0 171.0
9 3 61.0 155.0
15 10 172.0 123.0
55 60 149.0 54.0
30 21 27.0 183.0
41 22 180.0 161.0
11 17 73.0 66.0
46 20 118.0 6.0
14 49 81.0 21.0
55 30 5.0 95.0
94 25 187.0 178.0
17 3 119.0 136.0
49 30 89.0 146.0
51 18 171.0 21.0
78 54 98.0 44.0
5 23 51.0 169.0
3 25 197.0 132.0
54 94 34.0 2.0
25 53 178.0 173.0
82 77 123.0 97.0
12 42 180.0 12.0
59 92 113.0 103.0
77 58 42.0 12.0
12 62 138.0 45.0
86 57 195.0 135.0
56 14 107.0 181.0
1 25 91.0 37.0
8 79 102.0 14.0
26 36 88.0 34.0
33 38 189.0 153.0
1 70 90.0 183.0
37 84 126.0 180.0
72 30 68.0 73.0
69 19 130.0 128.0
23 1 82.0 21.0
23 31 37.0 137.0
2 25 131.0 125.0
36 38 49.0 72.0
13 73 199.0 91.0
62 58 44.0 77.0
87 93 95.0 64.0
43 31 70.0 25.0
69 44 114.0 104.0
9 18 154.0 151.0
28 1 26.0 37.0
35 25 8.0 75.0
29 60 3.0 159.0
23 63 177.0 199.0
87 88 95.0 72.0
4 18 118.0 117.0
69 12 35.0 32.0
66 22 180.0 141.0
19 4 24.0 6.0
54 26 159.0 185.0
17 85 143.0 114.0
80 94 23.0 120.0
19 73 88.0 70.0
4 24 42.0 6.0
62 45 176.0 29.0
67 76 42.0 156.0
19 6 143.0 67.0
10 33 52.0 54.0
23 85 185.0 195.0
16 62 65.0 161.0
18 7 156.0 106.0
6 59 132.0 198.0
10 31 133.0 108.0
12 43 5.0 175.0
27 25 77.0 148.0
57 25 51.0 129.0
41 43 59.0 36.0
10 30 154.0 76.0
12 55 152.0 111.0
20 28 54.0 84.0
58 45 144.0 187.0
87 17 138.0 149.0
42 90 107.0 15.0
20 58 77.0 158.0
11 14 117.0 88.0
21 68 77.0 71.0
7 8 146.0 29.0
31 62 37.0 0.0
12 26 17.0 182.0
43 68 163.0 107.0
90 18 88.0 22.0
22 7 145.0 118.0
26 1 176.0 62.0
78 59 71.0 6.0
61 56 64.0 169.0
24 75 62.0 102.0
6 63 115.0 32.0
62 70 52.0 30.0
87 82 186.0 141.0
17 12 18.0 84.0
72 21 141.0 146.0
11 19 53.0 12.0
69 14 41.0 69.0
88 42 117.0 55.0
36 80 175.0 184.0
56 68 41.0 179.0
81 47 110.0 180.0
14 83 149.0 80.0
12 11 99.0 90.0
23 7 71.0 104.0
84 90 43.0 64.0
38 64 104.0 112.0
50 81 34.0 31.0
80 52 187.0 27.0
11 10 15.0 97.0
50 22 90.0 164.0
19 39 87.0 141.0
15 74 47.0 158.0
69 33 171.0 90.0
28 21 100.0 28.0
34 76 66.0 86.0
33 9 58.0 54.0
70 46 49.0 25.0
94 72 189.0 91.0
4 17 55.0 28.0
4 29 55.0 102.0
61 30 5.0 27.0
76 84 198.0 106.0
65 21 193.0 17.0
14 15 84.0 51.0
13 14 111.0 85.0
80 29 12.0 100.0
79 45 45.0 19.0
73 56 130.0 100.0
85 58 14.0 136.0
25 6 153.0 164.0
39 4 197.0 146.0
5 3 35.0 81.0
10 27 194.0 146.0
81 22 158.0 158.0
66 86 98.0 3.0
73 94 117.0 28.0
84 31 69.0 131.0
49 32 97.0 174.0
62 93 185.0 46.0
26 58 198.0 172.0
84 88 43.0 144.0
12 2 149.0 1.0
24 49 82.0 199.0
74 29 146.0 199.0
10 20 7.0 16.0
4 16 158.0 56.0
8 77 36.0 96.0
66 17 130.0 35.0
10 54 57.0 125.0
87 27 65.0 7.0
75 49 45.0 99.0
77 41 35.0 192.0
57 63 110.0 42.0
71 19 117.0 68.0
2 17 85.0 154.0
44 94 172.0 167.0
17 10 154.0 30.0
65 28 156.0 172.0
76 36 134.0 153.0
77 36 102.0 169.0
4 70 112.0 12.0
20 84 117.0 181.0
17 9 30.0 2.0
41 78 101.0 155.0
22 36 135.0 55.0
63 88 121.0 91.0
1 24 173.0 7.0
85 75 151.0 75.0
50 41 56.0 15.0
56 94 70.0 173.0
41 72 65.0 53.0
55 21 13.0 166.0
29 1 71.0 148.0
34 44 156.0 192.0
4 20 82.0 129.0
49 65 172.0 33.0
37 44 21.0 28.0
18 1 34.0 44.0
80 72 130.0 99.0
24 92 154.0 143.0
38 5 144.0 25.0
74 68 175.0 100.0
42 28 2.0 57.0
24 36 38.0 126.0
3 14 146.0 59.0
1 20 190.0 180.0
87 53 113.0 72.0
76 44 192.0 67.0
24 6 199.0 88.0
15 2 135.0 174.0
44 33 11.0 137.0
28 5 175.0 49.0
43 23 30.0 121.0
39 18 20.0 172.0
2 59 39.0 86.0
35 4 23.0 31.0
47 23 12.0 174.0
65 82 134.0 99.0
20 12 16.0 97.0
91 73 22.0 191.0
27 73 26.0 53.0
22 46 107.0 199.0
37 6 186.0 146.0
35 8 140.0 9.0
56 15 14.0 152.0
28 59 122.0 148.0
8 19 93.0 90.0
84 8 157.0 116.0
21 11 166.0 184.0
49 66 72.0 73.0
5 20 162.0 58.0
2 61 102.0 103.0
7 56 193.0 116.0
20 39 4.0 115.0
50 8 60.0 50.0
41 39 87.0 18.0
16 51 89.0 5.0
48 20 13.0 162.0
81 57 103.0 127.0
23 93 148.0 6.0
81 43 153.0 141.0
82 47 104.0 110.0
80 3 155.0 117.0
41 46 69.0 42.0
24 5 82.0 110.0
86 47 185.0 47.0
10 5 189.0 41.0
9 6 51.0 138.0
62 28 164.0 156.0
7 73 53.0 21.0
7 51 8.0 9.0
21 9 18.0 77.0
50 1 186.0 52.0
13 16 161.0 124.0
52 20 86.0 151.0
65 54 141.0 137.0
3 30 8.0 106.0
1 56 91.0 62.0
38 12 146.0 99.0
18 11 30.0 164.0
72 69 185.0 168.0
17 14 44.0 147.0
22 31 77.0 131.0
84 87 59.0 19.0
15 20 27.0 68.0
75 83 77.0 118.0
3 22 131.0 23.0
37 22 71.0 161.0
12 9 174.0 57.0
25 33 136.0 18.0
63 48 145.0 13.0
67 71 84.0 156.0
4 27 169.0 111.0
19 50 163.0 46.0
13 17 153.0 95.0
37 43 115.0 25.0
10 24 169.0 89.0
25 21 44.0 57.0
1 33 179.0 141.0
66 54 68.0 16.0
2 14 84.0 38.0
2 28 164.0 0.0
7 19 66.0 69.0
74 57 50.0 182.0
75 2 118.0 19.0
48 23 93.0 114.0
5 22 57.0 24.0
10 55 131.0 78.0
67 1 85.0 167.0
39 2 162.0 1.0
26 2 22.0 181.0
90 34 45.0 24.0
9 23 22.0 164.0
44 81 121.0 67.0
6 22 143.0 131.0
25 64 60.0 26.0
64 20 85.0 145.0
48 29 79.0 48.0
87 54 133.0 53.0
18 15 34.0 179.0
69 48 143.0 8.0
26 5 11.0 17.0
4 93 59.0 106.0
62 33 90.0 71.0
79 37 143.0 175.0
91 28 34.0 174.0
13 77 100.0 120.0
30 86 178.0 87.0
65 56 71.0 73.0
22 15 194.0 83.0
13 62 3.0 5.0
22 8 56.0 45.0
1 32 62.0 199.0
26 4 57.0 48.0
1 12 11.0 157.0
4 91 13.0 141.0
79 47 15.0 37.0
11 23 151.0 161.0
54 39 39.0 107.0
3 73 142.0 47.0
10 73 178.0 4.0
5 35 77.0 35.0
3 27 40.0 40.0
18 10 33.0 6.0
53 12 5.0 48.0
4 36 80.0 156.0
74 88 73.0 72.0
67 48 197.0 15.0
3 29 42.0 127.0
52 11 148.0 71.0
33 2 0.0 141.0
80 22 41.0 185.0
2 32 9.0 46.0
29 92 25.0 89.0
85 8 90.0 98.0
21 7 151.0 88.0
25 72 163.0 145.0
83 17 141.0 64.0
23 78 174.0 141.0
3 26 198.0 15.0
64 19 9.0 7.0
16 21 139.0 34.0
29 71 147.0 182.0
25 4 137.0 98.0
36 72 71.0 52.0
20 79 44.0 12.0
62 74 177.0 170.0
50 80 94.0 175.0
4 57 72.0 55.0
10 72 97.0 12.0
74 71 122.0 44.0
35 13 157.0 11.0
26 10 52.0 29.0
5 68 6.0 48.0
74 59 130.0 183.0
71 66 59.0 177.0
54 47 28.0 132.0
17 1 95.0 125.0
77 42 162.0 170.0
30 4 104.0 119.0
86 43 130.0 109.0
14 20 89.0 136.0
77 16 36.0 171.0
19 13 124.0 47.0
60 14 55.0 152.0
2 27 173.0 150.0
92 63 15.0 135.0
35 20 51.0 71.0
9 27 97.0 181.0
11 42 170.0 138.0
58 91 19.0 158.0
35 60 143.0 143.0
6 35 68.0 198.0
13 23 29.0 42.0
54 12 179.0 44.0
31 75 140.0 183.0
93 25 138.0 189.0
23 8 175.0 108.0
31 1 152.0 194.0
6 26 113.0 96.0
39 61 168.0 181.0
52 18 169.0 197.0
30 65 137.0 100.0
45 34 158.0 77.0
12 22 186.0 49.0
92 36 137.0 161.0
91 90 152.0 89.0
94 40 39.0 17.0
33 75 27.0 159.0
93 40 31.0 148.0
10 84 13.0 168.0
23 87 84.0 123.0
52 37 60.0 70.0
73 34 162.0 149.0
56 51 192.0 66.0
23 16 160.0 184.0
14 10 63.0 187.0
10 22 155.0 94.0
9 26 21.0 168.0
5 31 174.0 106.0
35 27 50.0 186.0
61 36 155.0 12.0
86 13 157.0 147.0
20 8 51.0 117.0
54 70 79.0 114.0
72 32 34.0 35.0
6 11 85.0 55.0
4 14 168.0 11.0
45 66 154.0 170.0
3 13 65.0 61.0
9 24 31.0 23.0
3 89 71.0 82.0
64 23 46.0 102.0
80 38 133.0 80.0
56 27 196.0 170.0
70 44 195.0 116.0
15 58 118.0 101.0
7 45 139.0 184.0
16 66 119.0 122.0
60 21 153.0 142.0
44 63 14.0 199.0
16 2 83.0 148.0
73 61 25.0 31.0
37 33 182.0 173.0
7 27 161.0 101.0
32 6 16.0 52.0
15 12 151.0 87.0
92 26 36.0 104.0
88 9 15.0 51.0
55 80 112.0 98.0
16 19 121.0 89.0
5 11 17.0 56.0
24 94 182.0 178.0
31 73 94.0 150.0
24 54 89.0 197.0
79 7 99.0 125.0
41 21 150.0 115.0
32 48 149.0 14.0
20 70 125.0 70.0
22 9 159.0 142.0
25 10 133.0 93.0
19 15 164.0 179.0
39 48 106.0 5.0
80 34 141.0 5.0
54 81 139.0 43.0
61 16 133.0 88.0
17 33 30.0 59.0
11 7 24.0 189.0
3 34 185.0 110.0
70 38 13.0 101.0
8 18 49.0 119.0
12 23 1.0 142.0
58 10 35.0 92.0
51 69 107.0 169.0
8 29 32.0 137.0
44 92 63.0 8.0
1 8 143.0 0.0
39 9 130.0 156.0
58 49 103.0 180.0
26 41 150.0 104.0
51 10 102.0 138.0
78 32 76.0 161.0
60 8 172.0 60.0
31 18 43.0 188.0
16 9 3.0 186.0
49 20 3.0 134.0
94 57 124.0 106.0
3 76 96.0 26.0
85 9 193.0 151.0
66 23 62.0 22.0
56 75 93.0 35.0
92 14 195.0 137.0
29 5 6.0 198.0
11 26 93.0 9.0
59 9 187.0 169.0
84 91 95.0 35.0
31 21 88.0 40.0
70 21 166.0 150.0
2 82 48.0 60.0
20 9 124.0 43.0
34 1 147.0 130.0
45 40 77.0 40.0
74 3 142.0 16.0
25 32 22.0 37.0
79 73 193.0 110.0
2 22 37.0 159.0
15 21 159.0 86.0
29 7 97.0 35.0
13 22 106.0 44.0
49 29 72.0 135.0
31 52 4.0 166.0
83 23 144.0 179.0
27 82 78.0 137.0
19 26 101.0 116.0
47 7 189.0 12.0
2 72 63.0 86.0
55 51 76.0 169.0
7 30 165.0 148.0
34 86 161.0 121.0
2 8 57.0 106.0
83 30 44.0 135.0
81 72 161.0 145.0
33 3 193.0 150.0
2 34 72.0 56.0
3 36 36.0 149.0
18 76 40.0 153.0
93 14 35.0 1.0
40 76 69.0 92.0
12 73 195.0 114.0
20 18 189.0 156.0
78 79 125.0 182.0
31 37 164.0 150.0
72 88 0.0 153.0
1 57 113.0 192.0
21 13 61.0 100.0
56 20 108.0 130.0
92 19 108.0 55.0
20 19 177.0 49.0
63 24 69.0 54.0
26 13 140.0 185.0
90 61 156.0 92.0
50 59 34.0 69.0
65 84 35.0 47.0
9 51 191.0 95.0
69 3 182.0 100.0
81 6 89.0 159.0
11 16 58.0 110.0
75 90 178.0 151.0
18 19 39.0 134.0
24 12 62.0 25.0
20 13 143.0 49.0
78 75 177.0 86.0
77 17 161.0 112.0
23 72 125.0 2.0
76 9 112.0 183.0
30 71 1.0 90.0
33 15 162.0 192.0
86 33 7.0 176.0
27 6 94.0 102.0
6 86 15.0 23.0
8 90 119.0 128.0
20 17 52.0 44.0
71 69 106.0 164.0
71 53 196.0 107.0
93 37 161.0 110.0
31 8 113.0 121.0
6 2 32.0 7.0
1 75 92.0 48.0
71 81 133.0 11.0
50 61 53.0 137.0
61 45 54.0 159.0
29 82 139.0 51.0
24 48 141.0 52.0
23 15 111.0 54.0
10 12 161.0 144.0
18 63 17.0 5.0
21 14 179.0 102.0
84 71 117.0 33.0
47 87 2.0 171.0
9 29 34.0 93.0
30 1 136.0 127.0
34 56 68.0 47.0
93 24 94.0 182.0
86 12 8.0 63.0
35 31 85.0 139.0
33 57 52.0 2.0
50 75 184.0 54.0
53 93 84.0 19.0
33 83 117.0 172.0
13 24 26.0 138.0
76 51 51.0 72.0
88 53 16.0 11.0
83 93 12.0 53.0
82 67 48.0 64.0
73 89 82.0 32.0
19 12 16.0 119.0
12 18 30.0 134.0
86 89 27.0 8.0
71 88 3.0 30.0
46 90 71.0 171.0
20 34 170.0 83.0
32 68 119.0 18.0
88 24 188.0 1.0
4 28 156.0 4.0
47 69 179.0 138.0
11 28 58.0 6.0
59 35 101.0 14.0
56 84 173.0 124.0
49 64 147.0 143.0
30 9 27.0 66.0
12 61 123.0 167.0
73 63 8.0 32.0
63 75 81.0 188.0
20 83 153.0 91.0
50 46 164.0 6.0
62 71 5.0 137.0
40 6 147.0 105.0
88 48 16.0 175.0
6 31 188.0 91.0
73 20 33.0 148.0
27 47 171.0 114.0
36 42 122.0 77.0
20 32 106.0 38.0
11 22 103.0 111.0
76 29 60.0 51.0
22 17 35.0 76.0
51 64 139.0 175.0
16 67 193.0 172.0
19 85 199.0 164.0
58 6 106.0 121.0
38 55 139.0 12.0
31 91 1.0 42.0
51 54 136.0 61.0
30 12 144.0 172.0
89 52 155.0 83.0
50 66 188.0 148.0
28 9 136.0 187.0
3 18 183.0 195.0
94 48 13.0 122.0
44 46 80.0 14.0
5 62 186.0 16.0
87 71 28.0 82.0
24 16 63.0 184.0
40 1 65.0 51.0
22 16 56.0 153.0
35 21 25.0 191.0
69 35 95.0 190.0
80 19 97.0 127.0
12 35 51.0 83.0
11 84 28.0 31.0
91 12 54.0 44.0
85 68 1.0 71.0
89 28 42.0 9.0
74 90 89.0 19.0
30 40 50.0 137.0
29 11 148.0 99.0
6 8 149.0 151.0
17 21 135.0 129.0
83 72 2.0 189.0
46 12 59.0 4.0
65 34 171.0 102.0
29 46 33.0 13.0
27 12 48.0 35.0
87 60 79.0 149.0
93 63 122.0 180.0
23 17 90.0 57.0
60 44 56.0 92.0
55 85 106.0 115.0
25 8 132.0 77.0
54 23 78.0 118.0
26 15 159.0 78.0
63 84 62.0 190.0
53 61 19.0 137.0
74 63 66.0 109.0
38 69 109.0 122.0
59 83 168.0 15.0
23 6 106.0 53.0
28 94 80.0 184.0
3 60 117.0 191.0
75 14 74.0 131.0
6 55 38.0 94.0
27 13 160.0 57.0
8 28 112.0 22.0
44 22 185.0 32.0
21 10 170.0 91.0
10 7 133.0 50.0
16 17 85.0 2.0
18 24 29.0 112.0
71 57 121.0 67.0
54 19 119.0 81.0
75 86 129.0 183.0
40 32 127.0 66.0
60 77 109.0 97.0
21 24 133.0 194.0
36 6 66.0 170.0
11 33 188.0 95.0
89 46 2.0 109.0
90 13 199.0 73.0
34 5 91.0 129.0
24 30 76.0 18.0
38 9 195.0 138.0
17 15 108.0 128.0
90 4 115.0 174.0
36 43 22.0 103.0
14 18 80.0 24.0
51 42 152.0 80.0
34 94 80.0 43.0
55 39 14.0 109.0
14 22 49.0 161.0
10 53 116.0 109.0
56 93 122.0 31.0
41 37 147.0 144.0
75 47 5.0 179.0
20 22 26.0 109.0
47 84 81.0 107.0
54 3 1.0 47.0
12 45 50.0 2.0
16 12 39.0 119.0
2 37 158.0 114.0
12 25 39.0 57.0
8 9 52.0 196.0
61 27 172.0 31.0
42 57 130.0 53.0
59 51 25.0 83.0
28 46 111.0 27.0
92 31 97.0 151.0
11 20 142.0 7.0
64 39 110.0 133.0
52 23 5.0 163.0
6 33 151.0 177.0
89 76 94.0 33.0
58 11 96.0 71.0
22 18 103.0 8.0
38 24 150.0 152.0
39 85 155.0 44.0
29 88 85.0 66.0
16 74 47.0 42.0
12 85 163.0 198.0
92 48 190.0 9.0
25 18 53.0 39.0
36 5 183.0 108.0
73 15 38.0 85.0
25 11 53.0 145.0
7 34 14.0 138.0
39 3 175.0 14.0
48 73 60.0 138.0
53 48 47.0 50.0
28 6 166.0 100.0
57 59 198.0 149.0
74 92 145.0 188.0
39 33 71.0 198.0
8 32 146.0 38.0
9 61 175.0 121.0
65 27 12.0 35.0
6 20 195.0 60.0
54 67 167.0 161.0
58 33 46.0 118.0
56 85 62.0 191.0
38 1 194.0 133.0
24 62 101.0 140.0
28 26 192.0 28.0
52 8 41.0 156.0
27 69 179.0 36.0
18 21 58.0 99.0
62 36 109.0 104.0
26 44 172.0 123.0
90 29 20.0 166.0
23 37 107.0 73.0
62 26 49.0 99.0
33 27 17.0 90.0
1 77 9.0 148.0
80 56 190.0 67.0
91 2 196.0 99.0
46 51 112.0 120.0
5 21 163.0 133.0
43 93 167.0 22.0
25 89 176.0 16.0
21 47 58.0 145.0
35 1 115.0 20.0
27 14 14.0 106.0
26 46 134.0 162.0
28 12 163.0 198.0
7 86 64.0 78.0
4 31 102.0 183.0
23 2 8.0 30.0
4 38 147.0 67.0
1 4 67.0 62.0
55 93 89.0 81.0
45 54 10.0 175.0
28 41 197.0 125.0
58 48 99.0 13.0
66 30 30.0 153.0
58 7 159.0 38.0
93 80 134.0 106.0
17 28 23.0 1.0
20 16 71.0 64.0
61 55 108.0 81.0
32 3 71.0 57.0
19 23 17.0 123.0
29 15 169.0 47.0
10 29 124.0 80.0
5 37 191.0 10.0
9 35 53.0 166.0
2 30 181.0 125.0
16 25 37.0 41.0
13 31 78.0 60.0
67 94 94.0 95.0
41 15 176.0 15.0
30 6 179.0 53.0
28 15 94.0 170.0
58 4 130.0 100.0
33 92 143.0 112.0
22 92 4.0 132.0
7 35 126.0 83.0
25 13 44.0 172.0
54 64 109.0 172.0
94 78 21.0 88.0
48 17 172.0 68.0
20 43 171.0 103.0
40 80 32.0 66.0
8 34 173.0 37.0
8 53 127.0 51.0
91 89 131.0 123.0
84 68 150.0 192.0
52 19 18.0 172.0
6 38 46.0 142.0
36 7 105.0 18.0
10 35 85.0 137.0
62 29 34.0 10.0
13 66 57.0 113.0
10 34 153.0 140.0
25 19 60.0 103.0
26 30 112.0 30.0
9 4 27.0 159.0
69 28 87.0 132.0
22 19 152.0 124.0
15 71 3.0 138.0
41 4 185.0 60.0
62 11 75.0 90.0
31 7 3.0 87.0
76 63 40.0 115.0
90 67 117.0 68.0
1 37 73.0 156.0
5 27 179.0 177.0
29 47 114.0 182.0
29 16 7.0 99.0
9 60 128.0 34.0
11 76 107.0 83.0
27 18 186.0 100.0
36 75 84.0 104.0
25 15 151.0 109.0
10 32 11.0 130.0
50 79 74.0 125.0
40 3 100.0 33.0
56 2 52.0 180.0
78 2 132.0 111.0
65 22 143.0 119.0
28 16 108.0 179.0
30 54 184.0 59.0
83 88 35.0 196.0
4 34 111.0 61.0
31 44 15.0 11.0
16 30 55.0 67.0
82 58 173.0 188.0
24 20 26.0 116.0
35 65 21.0 86.0
6 39 169.0 6.0
3 81 43.0 4.0
20 90 125.0 154.0
37 3 179.0 141.0
82 41 21.0 34.0
32 5 186.0 194.0
42 26 115.0 164.0
90 49 0.0 89.0
58 80 137.0 169.0
66 88 28.0 180.0
83 39 7.0 154.0
40 24 17.0 186.0
90 53 3.0 38.0
30 15 180.0 189.0
40 4 158.0 48.0
32 9 6.0 158.0
14 29 89.0 143.0
41 74 147.0 117.0
18 66 164.0 106.0
13 29 182.0 181.0
93 28 115.0 185.0
93 13 3.0 48.0
3 35 90.0 162.0
44 45 25.0 96.0
11 35 156.0 66.0
19 28 123.0 55.0
11 34 133.0 39.0
54 50 174.0 115.0
45 1 100.0 41.0
47 2 161.0 56.0
2 79 26.0 51.0
29 40 42.0 51.0
33 8 100.0 151.0
62 91 164.0 175.0
37 4 77.0 97.0
53 32 84.0 3.0
66 48 148.0 137.0
49 68 24.0 109.0
20 27 53.0 50.0
39 59 151.0 48.0
36 10 128.0 51.0
84 32 29.0 44.0
19 21 134.0 107.0
36 11 28.0 18.0
33 13 42.0 128.0
25 67 111.0 18.0
66 31 115.0 117.0
89 42 198.0 66.0
3 42 177.0 78.0
4 3 195.0 7.0
11 24 28.0 129.0
32 13 84.0 8.0
2 41 51.0 78.0
38 29 30.0 115.0
59 61 143.0 145.0
27 8 169.0 93.0
77 90 35.0 98.0
23 56 63.0 30.0
47 1 52.0 43.0
31 15 161.0 88.0
2 43 116.0 165.0
39 5 82.0 98.0
29 22 117.0 177.0
1 42 145.0 38.0
55 57 40.0 180.0
36 9 69.0 56.0
34 62 180.0 73.0
24 32 92.0 93.0
9 25 93.0 160.0
3 93 106.0 128.0
23 20 165.0 23.0
48 2 122.0 111.0
73 2 48.0 162.0
25 24 127.0 117.0
2 42 173.0 59.0
43 64 184.0 18.0
72 19 54.0 77.0
41 3 43.0 160.0
70 19 191.0 8.0
8 64 51.0 113.0
49 1 121.0 99.0
5 74 20.0 0.0
17 27 16.0 145.0
30 17 176.0 0.0
10 37 131.0 30.0
30 18 50.0 174.0
3 45 132.0 193.0
81 37 169.0 184.0
2 40 188.0 42.0
7 61 68.0 160.0
20 29 67.0 85.0
90 78 163.0 196.0
62 69 55.0 46.0
68 67 104.0 105.0
83 36 160.0 37.0
32 18 147.0 81.0
21 78 165.0 87.0
17 29 20.0 185.0
42 9 174.0 88.0
5 47 175.0 89.0
40 7 136.0 30.0
18 29 61.0 40.0
7 39 152.0 22.0
81 66 11.0 52.0
50 70 145.0 176.0
8 38 92.0 117.0
44 5 44.0 66.0
74 10 8.0 171.0
79 63 149.0 96.0
51 57 85.0 162.0
51 1 168.0 189.0
93 10 19.0 179.0
80 88 168.0 164.0
62 50 109.0 12.0
78 33 184.0 153.0
42 33 131.0 192.0
31 17 128.0 32.0
66 73 95.0 165.0
74 46 19.0 15.0
55 44 177.0 38.0
63 81 27.0 97.0
44 2 178.0 136.0
23 26 28.0 115.0
44 3 52.0 159.0
10 38 125.0 133.0
8 40 117.0 172.0
44 64 50.0 136.0
39 71 141.0 179.0
8 41 171.0 168.0
11 64 30.0 102.0
36 8 120.0 58.0
3 55 24.0 125.0
22 21 147.0 101.0
27 72 162.0 64.0
42 69 147.0 12.0
71 8 14.0 88.0
75 40 111.0 138.0
35 93 116.0 93.0
13 36 37.0 189.0
70 31 83.0 14.0
85 90 32.0 182.0
31 19 154.0 194.0
23 24 134.0 101.0
85 29 74.0 100.0
35 17 17.0 137.0
91 17 143.0 133.0
28 14 103.0 181.0
36 15 112.0 138.0
55 56 155.0 145.0
89 6 23.0 109.0
83 62 152.0 109.0
22 91 104.0 178.0
39 8 183.0 121.0
73 59 80.0 126.0
26 22 69.0 136.0
81 21 21.0 134.0
38 11 19.0 176.0
18 23 172.0 43.0
4 51 106.0 76.0
73 88 67.0 162.0
50 82 21.0 2.0
46 71 122.0 54.0
34 9 146.0 144.0
23 27 116.0 119.0
31 20 183.0 135.0
12 31 39.0 108.0
66 19 101.0 145.0
15 34 18.0 120.0
73 43 135.0 40.0
46 43 95.0 10.0
83 51 52.0 41.0
28 18 45.0 168.0
14 24 95.0 180.0
37 9 173.0 134.0
82 26 120.0 27.0
26 24 136.0 139.0
34 16 177.0 23.0
26 17 61.0 72.0
18 33 75.0 65.0
7 55 187.0 120.0
10 40 180.0 34.0
14 30 70.0 154.0
86 58 145.0 191.0
53 15 54.0 81.0
78 56 190.0 183.0
83 80 134.0 3.0
40 25 51.0 9.0
79 55 96.0 191.0
31 9 28.0 77.0
46 4 1.0 51.0
89 63 148.0 147.0
29 23 41.0 155.0
36 12 32.0 31.0
16 33 171.0 166.0
48 3 109.0 174.0
76 66 96.0 157.0
90 39 145.0 77.0
28 22 37.0 146.0
34 17 150.0 138.0
51 2 167.0 191.0
32 12 33.0 199.0
57 30 62.0 4.0
52 6 6.0 123.0
71 68 95.0 103.0
1 46 37.0 40.0
49 44 182.0 26.0
7 46 114.0 132.0
88 68 145.0 82.0
8 44 57.0 130.0
45 6 196.0 71.0
42 10 18.0 2.0
34 6 95.0 114.0
52 75 49.0 132.0
24 28 30.0 31.0
20 54 37.0 96.0
19 30 191.0 134.0
13 34 163.0 0.0
38 7 121.0 111.0
70 52 47.0 140.0
78 49 160.0 142.0
23 25 6.0 162.0
33 68 13.0 188.0
19 32 3.0 2.0
92 27 27.0 195.0
60 50 104.0 142.0
66 44 190.0 26.0
22 24 41.0 37.0
3 65 84.0 2.0
70 27 97.0 90.0
7 37 122.0 62.0
29 21 130.0 78.0
39 12 106.0 109.0
67 80 144.0 11.0
40 12 174.0 134.0
94 37 79.0 16.0
45 4 167.0 163.0
9 41 147.0 64.0
24 27 103.0 22.0
34 19 49.0 185.0
68 29 97.0 155.0
40 9 153.0 41.0
24 29 62.0 128.0
25 22 60.0 141.0
85 54 104.0 27.0
11 43 51.0 51.0
35 18 17.0 107.0
38 14 50.0 18.0
78 8 36.0 100.0
42 8 151.0 142.0
26 61 25.0 14.0
5 33 136.0 85.0
77 71 27.0 40.0
44 56 77.0 31.0
74 51 146.0 46.0
14 23 121.0 197.0
37 16 185.0 110.0
12 29 116.0 89.0
77 10 144.0 141.0
33 52 127.0 32.0
9 44 95.0 106.0
78 16 88.0 172.0
92 45 10.0 187.0
85 13 175.0 83.0
70 78 79.0 113.0
1 53 175.0 195.0
66 40 171.0 71.0
91 14 7.0 98.0
4 47 99.0 102.0
83 87 122.0 139.0
63 69 182.0 84.0
81 56 47.0 110.0
49 5 14.0 79.0
5 43 138.0 142.0
44 62 31.0 109.0
41 12 100.0 39.0
14 40 11.0 199.0
25 30 68.0 85.0
70 76 80.0 3.0
38 26 106.0 79.0
39 43 17.0 72.0
48 51 52.0 155.0
38 2 153.0 84.0
3 52 141.0 53.0
89 36 192.0 105.0
13 38 161.0 13.0
28 25 105.0 193.0
82 44 169.0 11.0
4 49 120.0 186.0
73 24 134.0 173.0
52 14 182.0 87.0
10 39 156.0 75.0
82 9 41.0 101.0
2 49 139.0 155.0
22 30 163.0 44.0
36 40 157.0 132.0
35 19 44.0 29.0
21 23 168.0 178.0
54 1 151.0 102.0
45 8 7.0 108.0
38 16 137.0 1.0
48 13 109.0 28.0
5 89 30.0 72.0
31 16 26.0 139.0
79 33 37.0 70.0
15 38 190.0 157.0
13 30 128.0 142.0
13 79 52.0 88.0
74 94 190.0 142.0
48 7 53.0 51.0
72 40 178.0 83.0
27 26 9.0 4.0
21 34 170.0 46.0
91 40 46.0 160.0
3 47 5.0 127.0
48 4 19.0 58.0
43 10 5.0 161.0
9 63 69.0 58.0
21 32 118.0 0.0
10 41 163.0 127.0
8 76 11.0 85.0
22 53 48.0 58.0
14 41 109.0 54.0
91 77 112.0 128.0
45 5 90.0 117.0
3 72 142.0 160.0
48 35 42.0 60.0
27 21 100.0 157.0
36 66 50.0 111.0
20 33 93.0 99.0
91 76 114.0 154.0
25 29 185.0 178.0
5 50 179.0 75.0
12 94 148.0 121.0
36 20 16.0 142.0
35 23 195.0 116.0
88 20 136.0 46.0
22 34 111.0 181.0
55 19 171.0 178.0
70 59 96.0 108.0
25 80 83.0 27.0
80 68 22.0 183.0
74 89 13.0 190.0
29 26 121.0 8.0
20 30 139.0 9.0
36 87 153.0 2.0
37 47 49.0 124.0
46 8 197.0 97.0
35 14 195.0 80.0
36 16 13.0 17.0
52 4 167.0 26.0
37 15 56.0 88.0
44 11 192.0 147.0
34 18 118.0 98.0
55 47 123.0 168.0
84 94 31.0 72.0
35 16 168.0 26.0
23 33 109.0 181.0
14 64 174.0 29.0
36 21 35.0 30.0
17 36 159.0 179.0
61 46 66.0 77.0
28 30 115.0 190.0
23 30 157.0 146.0
48 27 87.0 78.0
12 44 123.0 148.0
14 68 165.0 97.0
47 8 118.0 152.0
78 44 41.0 77.0
18 38 69.0 108.0
46 11 119.0 184.0
52 2 183.0 76.0
41 67 173.0 22.0
46 6 89.0 48.0
7 28 51.0 6.0
34 24 186.0 169.0
66 5 106.0 180.0
54 17 57.0 175.0
41 44 154.0 128.0
58 93 199.0 90.0
40 16 181.0 125.0
66 6 40.0 22.0
42 85 48.0 91.0
4 32 131.0 34.0
10 46 12.0 190.0
21 82 144.0 21.0
7 49 174.0 51.0
73 18 121.0 126.0
78 22 193.0 102.0
43 4 47.0 33.0
55 1 42.0 95.0
57 2 149.0 125.0
91 18 103.0 113.0
32 56 166.0 199.0
61 85 94.0 140.0
34 23 101.0 15.0
32 23 46.0 94.0
32 34 49.0 93.0
14 37 45.0 91.0
28 58 71.0 194.0
7 76 69.0 126.0
63 77 31.0 35.0
93 73 72.0 125.0
1 66 168.0 173.0
93 32 108.0 14.0
65 6 5.0 157.0
13 44 175.0 50.0
45 57 54.0 199.0
39 22 98.0 124.0
41 16 132.0 81.0
56 88 138.0 4.0
59 68 166.0 106.0
13 43 198.0 74.0
43 16 84.0 155.0
44 14 3.0 11.0
15 47 10.0 57.0
49 10 43.0 109.0
60 79 36.0 175.0
53 5 105.0 174.0
49 93 112.0 72.0
87 1 36.0 62.0
17 37 115.0 72.0
89 30 130.0 118.0
77 29 38.0 141.0
11 30 58.0 81.0
33 12 150.0 95.0
51 14 153.0 55.0
13 68 158.0 17.0
42 7 60.0 146.0
89 81 26.0 176.0
6 48 156.0 108.0
51 8 36.0 194.0
20 38 4.0 94.0
9 49 129.0 154.0
92 72 17.0 82.0
46 48 171.0 175.0
42 15 181.0 31.0
1 58 50.0 7.0
6 50 28.0 6.0
53 4 177.0 16.0
29 78 168.0 181.0
87 10 167.0 97.0
81 90 41.0 184.0
70 91 114.0 12.0
17 81 126.0 48.0
94 20 9.0 177.0
56 92 49.0 190.0
5 52 20.0 26.0
47 9 26.0 140.0
46 9 46.0 193.0
26 69 56.0 88.0
91 85 76.0 123.0
71 40 4.0 154.0
59 54 6.0 165.0
3 53 107.0 55.0
31 60 87.0 79.0
31 94 142.0 113.0
21 33 131.0 188.0
32 22 31.0 187.0
44 21 81.0 59.0
7 53 164.0 37.0
72 4 116.0 170.0
7 72 80.0 175.0
7 52 154.0 168.0
12 47 83.0 96.0
32 11 81.0 14.0
38 76 98.0 64.0
36 19 49.0 131.0
24 35 186.0 13.0
83 56 90.0 54.0
59 48 122.0 171.0
37 18 108.0 76.0
40 20 17.0 191.0
70 30 26.0 98.0
6 49 79.0 76.0
16 44 79.0 128.0
67 19 156.0 17.0
6 82 94.0 47.0
59 1 135.0 16.0
5 51 33.0 44.0
56 3 82.0 50.0
15 40 56.0 108.0
45 16 158.0 135.0
63 16 176.0 38.0
60 62 43.0 133.0
50 3 131.0 89.0
93 84 11.0 19.0
10 50 176.0 44.0
67 40 147.0 58.0
77 70 116.0 155.0
50 69 151.0 74.0
32 27 71.0 128.0
53 74 103.0 66.0
3 57 47.0 186.0
31 26 19.0 10.0
25 26 127.0 147.0
44 75 153.0 74.0
13 47 180.0 21.0
83 15 186.0 84.0
36 18 136.0 10.0
7 44 122.0 191.0
46 14 53.0 121.0
68 20 108.0 24.0
56 5 95.0 35.0
21 39 55.0 48.0
74 83 172.0 187.0
33 19 134.0 158.0
58 79 12.0 23.0
28 27 37.0 86.0
55 84 80.0 90.0
35 67 132.0 140.0
50 11 168.0 27.0
39 50 32.0 175.0
38 90 71.0 156.0
52 9 22.0 158.0
11 48 136.0 186.0
24 31 44.0 173.0
5 48 75.0 76.0
78 9 120.0 7.0
82 43 179.0 40.0
92 57 63.0 163.0
58 3 117.0 134.0
25 34 173.0 91.0
72 77 77.0 109.0
12 89 135.0 121.0
55 2 178.0 162.0
26 32 108.0 50.0
5 54 17.0 39.0
47 14 190.0 32.0
21 40 164.0 59.0
12 48 188.0 137.0
80 21 84.0 65.0
17 42 129.0 171.0
60 25 4.0 60.0
37 25 11.0 64.0
84 9 12.0 180.0
84 33 37.0 154.0
33 22 141.0 2.0
36 50 50.0 82.0
71 80 122.0 134.0
55 26 125.0 4.0
50 65 151.0 82.0
12 49 80.0 114.0
46 17 13.0 44.0
51 6 188.0 51.0
64 16 186.0 82.0
41 19 138.0 36.0
31 27 149.0 13.0
25 31 75.0 27.0
27 29 111.0 178.0
22 38 162.0 143.0
30 31 196.0 127.0
45 15 8.0 136.0
47 16 184.0 194.0
5 93 46.0 122.0
75 62 35.0 147.0
15 46 89.0 62.0
27 34 147.0 1.0
41 63 22.0 61.0
75 61 175.0 170.0
48 10 6.0 135.0
30 52 60.0 190.0
76 92 167.0 58.0
18 44 9.0 3.0
51 20 23.0 98.0
37 26 142.0 170.0
28 34 32.0 165.0
27 60 43.0 160.0
83 32 72.0 49.0
28 35 192.0 84.0
94 17 161.0 112.0
84 2 135.0 122.0
20 37 190.0 159.0
1 88 20.0 133.0
54 13 37.0 5.0
72 82 84.0 32.0
15 44 93.0 156.0
29 28 34.0 86.0
37 57 137.0 148.0
84 7 197.0 73.0
22 35 68.0 188.0
4 88 130.0 40.0
6 72 12.0 119.0
85 66 127.0 96.0
4 50 162.0 20.0
57 5 82.0 149.0
87 2 73.0 172.0
44 10 115.0 23.0
33 26 46.0 183.0
2 54 111.0 177.0
38 21 183.0 123.0
33 28 89.0 110.0
91 54 173.0 51.0
18 42 102.0 55.0
42 16 73.0 127.0
81 33 5.0 188.0
36 28 53.0 52.0
23 39 119.0 164.0
82 57 181.0 103.0
1 61 188.0 70.0
23 53 142.0 161.0
36 27 28.0 44.0
93 78 173.0 53.0
13 49 139.0 130.0
67 91 14.0 193.0
82 30 145.0 134.0
12 50 161.0 78.0
49 16 3.0 150.0
60 5 153.0 97.0
4 55 29.0 133.0
30 32 186.0 154.0
82 93 95.0 126.0
22 48 134.0 62.0
26 35 130.0 31.0
46 19 91.0 91.0
60 48 90.0 46.0
44 19 89.0 195.0
53 36 149.0 118.0
62 49 199.0 135.0
58 2 128.0 46.0
34 29 17.0 62.0
19 87 193.0 147.0
54 8 71.0 85.0
85 50 41.0 161.0
94 65 111.0 130.0
48 8 9.0 60.0
76 93 134.0 160.0
41 18 150.0 14.0
68 12 27.0 167.0
30 53 31.0 21.0
89 35 192.0 102.0
54 7 16.0 33.0
12 77 65.0 128.0
31 14 94.0 26.0
35 91 154.0 181.0
30 29 67.0 56.0
43 18 99.0 95.0
40 22 97.0 130.0
24 37 115.0 90.0
66 92 123.0 132.0
6 71 60.0 188.0
81 1 193.0 107.0
60 2 0.0 99.0
66 28 12.0 68.0
36 29 171.0 111.0
25 39 157.0 20.0
63 1 74.0 72.0
29 41 81.0 197.0
17 60 121.0 94.0
60 64 55.0 114.0
30 94 28.0 55.0
40 23 50.0 192.0
67 17 21.0 173.0
61 4 172.0 130.0
61 44 146.0 198.0
42 21 128.0 179.0
12 51 187.0 49.0
52 12 171.0 42.0
69 65 152.0 152.0
26 57 68.0 2.0
73 60 146.0 41.0
18 46 80.0 71.0
49 3 86.0 26.0
88 35 53.0 14.0
53 11 162.0 41.0
27 37 162.0 85.0
13 46 115.0 114.0
91 57 182.0 183.0
54 6 20.0 81.0
31 32 123.0 100.0
76 78 190.0 162.0
2 53 172.0 196.0
13 28 26.0 86.0
91 21 62.0 141.0
24 39 95.0 177.0
25 36 23.0 30.0
59 5 133.0 43.0
16 46 188.0 8.0
43 17 12.0 179.0
45 17 195.0 136.0
19 43 140.0 173.0
30 35 108.0 2.0
81 20 198.0 4.0
43 22 28.0 173.0
65 2 112.0 161.0
9 53 88.0 100.0
83 68 191.0 52.0
22 42 74.0 138.0
55 8 158.0 15.0
77 20 148.0 67.0
66 78 192.0 98.0
30 64 106.0 20.0
49 94 153.0 170.0
45 21 147.0 41.0
87 26 12.0 138.0
29 93 45.0 87.0
58 9 165.0 4.0
19 45 124.0 65.0
5 58 7.0 117.0
41 25 75.0 113.0
23 42 78.0 181.0
11 55 159.0 25.0
32 33 102.0 124.0
34 52 82.0 147.0
29 37 192.0 0.0
63 26 124.0 117.0
82 61 168.0 83.0
58 47 50.0 43.0
52 21 41.0 128.0
56 11 19.0 0.0
87 85 163.0 73.0
42 87 8.0 198.0
73 41 106.0 153.0
18 49 44.0 183.0
47 25 35.0 12.0
64 4 198.0 86.0
9 56 87.0 39.0
45 18 92.0 106.0
57 7 12.0 8.0
10 56 180.0 172.0
27 62 19.0 86.0
15 48 155.0 16.0
43 21 103.0 191.0
19 84 77.0 53.0
54 34 115.0 164.0
40 68 57.0 8.0
39 57 106.0 21.0
49 15 130.0 38.0
11 54 67.0 101.0
13 51 186.0 174.0
46 21 190.0 89.0
17 68 142.0 67.0
7 71 177.0 57.0
70 68 161.0 186.0
6 57 111.0 68.0
41 23 73.0 41.0
18 54 82.0 92.0
43 90 62.0 20.0
30 34 83.0 5.0
14 73 145.0 25.0
49 35 167.0 74.0
13 53 189.0 129.0
55 9 126.0 53.0
52 15 191.0 0.0
82 91 154.0 25.0
17 40 48.0 168.0
48 16 112.0 131.0
44 6 158.0 9.0
71 64 146.0 126.0
20 45 20.0 88.0
73 6 11.0 147.0
30 36 129.0 2.0
50 18 55.0 83.0
36 32 132.0 103.0
15 50 79.0 45.0
61 3 84.0 37.0
81 12 42.0 31.0
73 30 78.0 62.0
61 76 199.0 42.0
64 1 156.0 80.0
48 21 1.0 11.0
32 37 48.0 133.0
50 14 42.0 127.0
64 75 131.0 126.0
14 53 106.0 173.0
65 48 192.0 137.0
30 42 113.0 144.0
46 35 103.0 69.0
49 57 59.0 104.0
63 37 46.0 107.0
83 81 9.0 40.0
33 34 134.0 92.0
9 54 9.0 193.0
88 55 106.0 153.0
50 9 140.0 19.0
63 8 14.0 44.0
44 23 68.0 73.0
46 23 11.0 114.0
43 27 116.0 172.0
24 41 54.0 3.0
83 43 87.0 15.0
16 52 43.0 193.0
24 42 92.0 135.0
31 88 175.0 106.0
13 78 74.0 43.0
39 28 29.0 37.0
64 2 91.0 146.0
45 11 109.0 145.0
90 88 79.0 149.0
75 53 52.0 74.0
76 86 65.0 145.0
12 90 77.0 41.0
17 52 198.0 151.0
14 45 11.0 28.0
64 7 178.0 102.0
49 17 28.0 39.0
17 38 147.0 59.0
72 74 46.0 199.0
69 2 187.0 112.0
91 86 139.0 64.0
53 16 136.0 137.0
58 32 108.0 99.0
24 45 174.0 38.0
46 24 19.0 2.0
62 8 157.0 166.0
13 52 41.0 3.0
31 29 18.0 180.0
41 66 114.0 157.0
8 87 74.0 50.0
25 78 111.0 134.0
47 19 9.0 86.0
6 62 123.0 180.0
39 65 0.0 32.0
93 9 182.0 193.0
32 69 180.0 0.0
66 24 88.0 94.0
42 29 71.0 114.0
12 59 53.0 135.0
58 12 125.0 14.0
24 58 115.0 1.0
57 11 109.0 116.0
59 3 29.0 91.0
2 76 158.0 9.0
55 13 12.0 198.0
2 71 148.0 35.0
35 79 84.0 1.0
5 40 5.0 10.0
64 94 56.0 72.0
19 91 170.0 118.0
25 58 37.0 151.0
12 56 109.0 196.0
58 27 166.0 73.0
4 76 171.0 66.0
8 59 23.0 56.0
37 21 103.0 180.0
35 34 129.0 111.0
66 2 195.0 51.0
48 81 196.0 32.0
45 23 33.0 105.0
90 52 138.0 199.0
19 51 71.0 61.0
81 46 178.0 46.0
84 49 68.0 81.0
40 31 24.0 150.0
65 74 165.0 171.0
61 62 174.0 161.0
26 45 63.0 8.0
17 51 141.0 153.0
8 58 167.0 13.0
5 78 171.0 145.0
59 7 21.0 192.0
60 7 97.0 45.0
15 55 155.0 62.0
43 28 107.0 82.0
33 36 95.0 122.0
14 57 131.0 36.0
2 68 126.0 98.0
54 57 51.0 49.0
38 31 97.0 72.0
46 38 135.0 146.0
34 85 160.0 90.0
23 49 129.0 20.0
42 20 168.0 24.0
39 67 116.0 51.0
43 66 75.0 194.0
13 56 24.0 126.0
60 93 172.0 121.0
36 47 8.0 107.0
57 16 116.0 168.0
45 25 41.0 45.0
53 17 157.0 161.0
56 33 95.0 73.0
30 38 11.0 170.0
10 61 99.0 35.0
31 93 169.0 24.0
45 82 109.0 129.0
34 36 108.0 177.0
26 43 25.0 101.0
58 39 28.0 134.0
19 48 139.0 76.0
55 5 41.0 150.0
44 84 197.0 92.0
67 6 126.0 119.0
47 24 33.0 187.0
57 89 41.0 93.0
46 27 133.0 18.0
51 36 34.0 162.0
14 55 43.0 126.0
61 63 187.0 36.0
60 10 12.0 137.0
68 3 45.0 90.0
81 35 107.0 78.0
65 1 181.0 100.0
66 4 79.0 114.0
14 77 88.0 65.0
18 47 159.0 131.0
65 32 138.0 146.0
48 34 44.0 102.0
22 49 148.0 89.0
85 35 113.0 7.0
41 56 162.0 46.0
8 75 49.0 41.0
58 72 111.0 89.0
38 35 70.0 70.0
21 51 138.0 8.0
67 5 192.0 183.0
94 13 125.0 92.0
59 11 188.0 190.0
10 62 183.0 151.0
30 37 42.0 184.0
4 63 102.0 153.0
27 44 136.0 124.0
27 41 45.0 27.0
7 17 98.0 37.0
41 30 35.0 24.0
13 60 138.0 23.0
23 50 152.0 74.0
50 20 74.0 146.0
25 48 129.0 128.0
56 16 68.0 18.0
41 64 133.0 114.0
69 6 49.0 32.0
8 30 117.0 84.0
35 33 129.0 56.0
63 5 9.0 33.0
41 32 72.0 36.0
2 35 154.0 154.0
23 51 59.0 23.0
36 35 32.0 193.0
9 80 177.0 33.0
14 81 63.0 95.0
10 52 68.0 193.0
42 35 125.0 30.0
6 61 85.0 150.0
58 13 56.0 191.0
75 79 101.0 115.0
6 64 96.0 85.0
57 17 174.0 73.0
43 32 118.0 38.0
11 63 8.0 139.0
53 20 15.0 134.0
16 91 121.0 52.0
35 83 168.0 129.0
93 50 114.0 21.0
88 75 143.0 10.0
69 64 165.0 69.0
38 34 131.0 35.0
45 29 100.0 140.0
69 5 82.0 67.0
39 31 50.0 156.0
19 27 174.0 170.0
87 22 188.0 40.0
2 29 73.0 83.0
18 55 146.0 190.0
52 22 54.0 77.0
69 20 48.0 106.0
56 19 105.0 130.0
37 36 10.0 107.0
59 30 158.0 136.0
48 26 21.0 98.0
80 92 169.0 47.0
41 33 50.0 67.0
15 57 168.0 56.0
43 29 62.0 16.0
30 43 87.0 119.0
58 34 165.0 49.0
59 15 133.0 123.0
40 33 46.0 106.0
8 65 193.0 167.0
76 22 62.0 43.0
56 18 150.0 30.0
58 18 56.0 12.0
94 41 138.0 143.0
74 85 23.0 103.0
42 81 196.0 108.0
21 54 60.0 42.0
58 16 167.0 53.0
87 40 80.0 182.0
29 44 116.0 31.0
20 55 164.0 124.0
54 16 94.0 102.0
26 47 92.0 70.0
48 77 192.0 40.0
56 45 66.0 52.0
35 40 192.0 185.0
39 82 7.0 25.0
66 8 47.0 75.0
6 70 187.0 11.0
59 13 85.0 81.0
67 10 109.0 130.0
66 9 27.0 53.0
14 90 1.0 93.0
22 56 21.0 193.0
69 17 82.0 181.0
44 32 134.0 81.0
87 11 34.0 121.0
28 48 179.0 120.0
60 16 140.0 41.0
41 35 129.0 167.0
75 42 67.0 130.0
48 14 146.0 40.0
53 68 25.0 181.0
83 73 46.0 159.0
27 49 64.0 80.0
59 77 92.0 44.0
64 9 79.0 32.0
59 16 35.0 8.0
52 60 161.0 102.0
70 14 61.0 107.0
81 55 154.0 38.0
60 15 58.0 0.0
16 92 64.0 122.0
74 23 92.0 156.0
52 24 39.0 171.0
43 34 58.0 74.0
56 21 189.0 19.0
30 46 44.0 3.0
90 2 70.0 199.0
60 18 68.0 128.0
74 1 170.0 132.0
94 90 76.0 14.0
65 64 75.0 67.0
22 51 43.0 85.0
24 65 47.0 32.0
5 86 53.0 43.0
58 17 20.0 123.0
13 57 130.0 40.0
91 56 79.0 52.0
51 39 148.0 155.0
14 59 176.0 175.0
65 10 140.0 19.0
65 13 2.0 139.0
86 29 172.0 56.0
4 69 27.0 144.0
76 37 141.0 109.0
92 91 75.0 20.0
61 13 88.0 175.0
53 27 171.0 64.0
10 64 30.0 63.0
53 37 133.0 33.0
92 28 122.0 105.0
10 66 155.0 149.0
40 37 47.0 48.0
33 45 105.0 75.0
40 28 154.0 145.0
57 18 67.0 78.0
68 6 138.0 50.0
68 7 41.0 72.0
57 10 96.0 163.0
76 35 117.0 4.0
70 3 47.0 116.0
32 42 125.0 104.0
3 71 51.0 31.0
81 58 110.0 118.0
44 83 51.0 48.0
62 79 31.0 92.0
14 61 181.0 128.0
4 71 193.0 50.0
77 89 65.0 192.0
45 81 56.0 142.0
63 13 59.0 107.0
20 60 86.0 169.0
49 71 53.0 89.0
81 8 44.0 85.0
70 8 163.0 25.0
56 66 89.0 157.0
4 73 8.0 107.0
89 70 95.0 16.0
32 64 59.0 107.0
68 8 102.0 97.0
39 38 41.0 108.0
3 92 117.0 85.0
51 27 63.0 80.0
55 50 188.0 152.0
7 70 89.0 148.0
26 52 36.0 184.0
28 47 44.0 95.0
3 64 118.0 146.0
39 40 60.0 111.0
90 92 13.0 177.0
81 85 54.0 28.0
66 46 90.0 195.0
49 76 5.0 179.0
43 35 99.0 42.0
66 7 31.0 143.0
65 91 118.0 102.0
89 54 152.0 179.0
59 18 174.0 117.0
33 85 118.0 181.0
66 11 23.0 8.0
34 40 179.0 29.0
69 9 167.0 31.0
41 34 195.0 151.0
8 67 169.0 65.0
44 17 133.0 121.0
61 11 23.0 59.0
50 24 15.0 141.0
71 25 88.0 39.0
69 39 50.0 19.0
30 44 51.0 17.0
46 31 97.0 46.0
46 39 192.0 66.0
11 67 117.0 77.0
67 4 114.0 93.0
46 73 145.0 130.0
3 88 82.0 185.0
28 49 80.0 132.0
38 41 136.0 131.0
67 9 148.0 34.0
57 9 54.0 92.0
55 22 18.0 124.0
53 26 34.0 84.0
59 20 92.0 180.0
50 13 124.0 174.0
65 18 82.0 4.0
29 50 135.0 170.0
23 59 12.0 83.0
88 82 49.0 18.0
14 62 2.0 19.0
47 31 163.0 36.0
23 89 157.0 7.0
16 50 112.0 34.0
63 15 105.0 194.0
64 5 96.0 193.0
17 61 82.0 108.0
5 71 100.0 83.0
40 38 181.0 102.0
17 72 180.0 144.0
66 42 97.0 137.0
33 46 181.0 10.0
23 55 192.0 38.0
66 26 99.0 89.0
67 14 64.0 133.0
43 42 50.0 164.0
75 4 29.0 31.0
9 68 169.0 161.0
5 75 18.0 67.0
71 9 136.0 199.0
9 62 11.0 129.0
69 8 129.0 62.0
42 56 148.0 193.0
27 50 84.0 198.0
54 44 87.0 65.0
91 6 138.0 56.0
60 12 52.0 156.0
32 46 42.0 189.0
31 48 167.0 5.0
9 70 7.0 49.0
33 43 75.0 155.0
53 24 81.0 111.0
21 59 90.0 168.0
86 90 185.0 28.0
58 19 109.0 38.0
18 61 143.0 103.0
42 34 185.0 62.0
70 66 189.0 192.0
15 65 58.0 64.0
55 16 188.0 92.0
40 41 11.0 78.0
59 19 42.0 149.0
79 12 193.0 103.0
2 77 63.0 88.0
17 63 193.0 48.0
54 25 120.0 182.0
35 86 98.0 130.0
74 6 182.0 38.0
22 58 72.0 146.0
21 58 27.0 66.0
1 92 48.0 172.0
10 71 193.0 111.0
45 32 177.0 186.0
84 78 100.0 97.0
44 35 94.0 150.0
3 77 37.0 29.0
35 39 88.0 61.0
65 7 104.0 67.0
37 35 177.0 104.0
31 50 63.0 170.0
49 33 85.0 40.0
89 60 198.0 137.0
72 62 71.0 44.0
75 3 140.0 108.0
29 52 22.0 180.0
59 17 99.0 78.0
19 57 140.0 76.0
72 67 131.0 3.0
28 52 137.0 169.0
78 15 154.0 87.0
66 14 77.0 25.0
77 4 62.0 17.0
66 15 56.0 36.0
90 40 84.0 107.0
11 69 151.0 24.0
27 52 89.0 34.0
59 24 61.0 179.0
68 10 160.0 168.0
79 3 12.0 37.0
52 64 190.0 74.0
35 51 153.0 198.0
47 30 179.0 190.0
67 12 71.0 130.0
37 42 122.0 113.0
34 47 182.0 136.0
85 15 61.0 142.0
28 55 80.0 25.0
89 38 47.0 22.0
20 86 91.0 0.0
22 47 168.0 70.0
16 87 55.0 192.0
57 23 188.0 130.0
45 36 59.0 170.0
18 62 171.0 120.0
29 53 134.0 4.0
72 5 110.0 181.0
64 18 78.0 1.0
79 44 185.0 47.0
36 88 43.0 193.0
32 47 45.0 184.0
61 19 15.0 104.0
20 76 15.0 138.0
54 27 23.0 149.0
10 82 72.0 133.0
81 2 93.0 151.0
61 20 36.0 31.0
78 91 85.0 31.0
26 90 192.0 82.0
47 33 93.0 7.0
37 45 38.0 108.0
73 8 113.0 61.0
75 65 157.0 137.0
42 38 93.0 51.0
5 73 27.0 81.0
30 51 109.0 64.0
43 89 2.0 101.0
11 71 48.0 95.0
16 65 149.0 38.0
56 24 153.0 14.0
76 47 181.0 62.0
91 68 31.0 26.0
49 31 5.0 10.0
69 10 52.0 66.0
30 60 10.0 54.0
82 70 89.0 11.0
38 45 68.0 190.0
86 62 50.0 173.0
32 51 53.0 32.0
92 49 49.0 84.0
71 90 138.0 6.0
50 28 199.0 190.0
78 1 124.0 162.0
86 26 153.0 13.0
31 54 75.0 173.0
19 62 173.0 78.0
80 7 36.0 27.0
52 32 86.0 37.0
42 40 136.0 176.0
24 51 61.0 136.0
41 55 163.0 185.0
45 30 197.0 68.0
67 27 18.0 25.0
25 55 28.0 144.0
48 80 133.0 64.0
69 15 97.0 172.0
5 77 167.0 33.0
56 17 85.0 180.0
90 69 194.0 49.0
81 78 174.0 192.0
60 22 4.0 193.0
85 82 85.0 32.0
62 20 198.0 170.0
92 51 1.0 47.0
6 75 166.0 120.0
43 71 126.0 51.0
59 25 87.0 72.0
77 6 185.0 61.0
94 71 153.0 190.0
56 26 107.0 190.0
7 74 174.0 106.0
6 79 50.0 175.0
69 13 93.0 168.0
65 12 166.0 19.0
60 24 98.0 53.0
73 76 93.0 84.0
52 47 121.0 47.0
65 4 72.0 28.0
70 13 6.0 46.0
67 87 178.0 8.0
32 94 121.0 71.0
7 69 125.0 40.0
50 32 146.0 24.0
4 79 138.0 39.0
74 12 86.0 59.0
53 31 178.0 110.0
81 80 166.0 136.0
17 64 56.0 144.0
70 15 23.0 130.0
22 61 48.0 148.0
21 62 80.0 146.0
61 87 174.0 18.0
81 64 156.0 61.0
77 88 90.0 87.0
41 42 115.0 56.0
91 20 42.0 124.0
8 74 83.0 17.0
80 5 191.0 84.0
50 30 27.0 71.0
47 38 97.0 1.0
47 73 131.0 5.0
36 48 170.0 21.0
60 23 36.0 38.0
5 76 56.0 31.0
11 72 192.0 139.0
17 82 9.0 183.0
60 19 126.0 188.0
91 8 111.0 175.0
43 38 198.0 194.0
67 15 141.0 120.0
82 23 180.0 130.0
18 67 88.0 36.0
76 6 80.0 80.0
51 34 61.0 41.0
37 46 15.0 140.0
61 25 78.0 78.0
25 87 74.0 76.0
47 90 189.0 167.0
44 48 180.0 122.0
21 69 28.0 20.0
21 64 94.0 108.0
12 71 140.0 155.0
77 7 100.0 155.0
4 74 115.0 131.0
9 72 98.0 141.0
33 54 16.0 40.0
61 8 25.0 148.0
50 35 111.0 53.0
52 25 42.0 157.0
48 30 144.0 182.0
84 1 27.0 196.0
23 80 182.0 142.0
92 89 147.0 33.0
3 82 7.0 115.0
18 69 59.0 32.0
33 50 109.0 122.0
51 50 12.0 152.0
20 57 56.0 108.0
61 23 100.0 83.0
1 86 71.0 35.0
75 10 158.0 19.0
83 4 32.0 118.0
85 11 38.0 91.0
66 21 138.0 147.0
14 58 189.0 103.0
24 61 162.0 45.0
11 75 101.0 15.0
45 49 71.0 124.0
57 29 67.0 182.0
11 73 84.0 99.0
82 1 190.0 122.0
83 82 2.0 129.0
71 16 59.0 191.0
38 49 64.0 173.0
33 51 127.0 117.0
62 22 116.0 199.0
34 50 71.0 183.0
68 18 83.0 107.0
56 76 85.0 74.0
63 78 75.0 39.0
44 43 38.0 86.0
20 66 41.0 54.0
74 11 95.0 169.0
40 65 6.0 11.0
44 42 182.0 29.0
83 3 110.0 17.0
7 81 71.0 196.0
7 78 41.0 99.0
76 10 142.0 80.0
6 78 150.0 184.0
2 80 175.0 45.0
12 72 126.0 133.0
85 4 137.0 108.0
82 5 71.0 47.0
14 71 119.0 94.0
15 72 153.0 161.0
62 64 176.0 96.0
32 63 137.0 126.0
61 28 162.0 64.0
53 34 87.0 88.0
40 49 113.0 176.0
94 35 194.0 184.0
60 40 106.0 66.0
53 28 155.0 60.0
4 81 51.0 132.0
52 36 77.0 141.0
57 80 18.0 39.0
48 50 18.0 105.0
4 80 52.0 84.0
51 37 133.0 199.0
78 36 28.0 40.0
65 93 168.0 183.0
11 70 148.0 171.0
71 61 164.0 25.0
40 44 177.0 134.0
18 70 122.0 147.0
29 56 35.0 126.0
55 33 7.0 169.0
53 33 138.0 35.0
40 74 69.0 58.0
45 39 68.0 17.0
39 47 164.0 184.0
22 64 105.0 93.0
82 4 183.0 179.0
59 66 180.0 171.0
62 25 77.0 140.0
32 55 10.0 168.0
59 22 137.0 31.0
33 73 151.0 5.0
8 80 52.0 67.0
42 45 18.0 109.0
84 4 130.0 154.0
11 78 80.0 63.0
35 53 166.0 158.0
29 59 29.0 128.0
76 13 161.0 166.0
30 56 1.0 64.0
6 80 22.0 5.0
35 52 150.0 192.0
37 59 51.0 33.0
55 34 40.0 132.0
46 36 133.0 158.0
67 63 72.0 162.0
52 79 4.0 185.0
42 47 13.0 157.0
63 21 81.0 187.0
71 18 134.0 184.0
51 29 54.0 186.0
51 25 68.0 46.0
84 5 128.0 153.0
3 86 89.0 0.0
73 25 96.0 45.0
56 72 24.0 62.0
79 9 98.0 106.0
34 63 164.0 32.0
14 19 76.0 18.0
48 40 48.0 144.0
86 4 113.0 176.0
7 83 162.0 154.0
83 6 6.0 10.0
85 49 24.0 31.0
60 26 111.0 122.0
41 47 190.0 75.0
69 16 13.0 66.0
91 45 83.0 62.0
16 83 177.0 148.0
94 39 138.0 91.0
76 15 160.0 145.0
41 69 56.0 184.0
58 29 148.0 167.0
86 2 138.0 138.0
14 76 102.0 151.0
75 15 129.0 186.0
57 43 75.0 58.0
16 75 195.0 14.0
87 4 33.0 155.0
39 49 56.0 89.0
25 85 11.0 4.0
35 55 92.0 101.0
31 64 168.0 146.0
68 19 174.0 49.0
45 43 112.0 50.0
67 24 116.0 107.0
72 13 14.0 101.0
89 47 105.0 70.0
38 73 2.0 68.0
56 31 122.0 46.0
85 1 145.0 42.0
27 63 0.0 120.0
72 57 113.0 112.0
40 52 161.0 181.0
89 2 44.0 175.0
52 38 176.0 149.0
74 17 95.0 131.0
31 58 67.0 169.0
87 20 152.0 12.0
55 36 6.0 104.0
10 81 144.0 119.0
59 31 78.0 105.0
61 29 113.0 123.0
67 22 52.0 89.0
63 47 134.0 99.0
56 35 176.0 153.0
49 36 134.0 128.0
65 26 161.0 140.0
75 18 94.0 105.0
44 47 199.0 125.0
94 43 25.0 64.0
42 46 171.0 29.0
28 57 180.0 57.0
35 54 29.0 156.0
36 54 83.0 163.0
75 12 176.0 44.0
18 72 129.0 22.0
49 41 60.0 128.0
94 87 76.0 85.0
68 22 128.0 199.0
83 89 145.0 60.0
23 65 148.0 174.0
41 45 131.0 32.0
85 2 10.0 107.0
83 79 195.0 140.0
54 37 185.0 56.0
74 18 15.0 13.0
74 13 4.0 95.0
67 23 88.0 150.0
92 65 33.0 36.0
71 22 62.0 164.0
84 35 179.0 73.0
45 68 191.0 175.0
91 1 150.0 176.0
87 6 37.0 117.0
72 59 22.0 193.0
6 85 195.0 110.0
89 1 90.0 28.0
56 36 64.0 104.0
8 82 178.0 195.0
65 77 128.0 170.0
46 45 182.0 78.0
50 43 41.0 171.0
54 28 80.0 63.0
77 92 136.0 27.0
5 87 39.0 26.0
64 26 72.0 55.0
48 41 2.0 50.0
85 5 126.0 82.0
54 42 111.0 60.0
85 3 173.0 152.0
34 59 160.0 5.0
90 5 165.0 96.0
41 52 143.0 4.0
87 76 168.0 167.0
13 75 35.0 171.0
7 85 165.0 113.0
16 76 179.0 76.0
13 80 105.0 153.0
53 43 42.0 17.0
48 90 134.0 7.0
57 35 48.0 29.0
26 73 189.0 16.0
16 72 12.0 176.0
28 63 63.0 177.0
42 49 125.0 195.0
66 25 182.0 183.0
53 38 105.0 176.0
4 89 157.0 40.0
42 62 27.0 5.0
41 51 40.0 168.0
60 33 106.0 4.0
76 52 155.0 170.0
43 72 171.0 80.0
80 30 179.0 153.0
61 34 34.0 85.0
58 88 116.0 143.0
19 74 20.0 95.0
62 30 84.0 12.0
70 35 100.0 191.0
79 1 135.0 55.0
51 38 151.0 59.0
25 68 71.0 130.0
14 78 63.0 57.0
30 63 143.0 179.0
78 92 24.0 115.0
82 13 4.0 109.0
23 62 46.0 104.0
22 70 51.0 133.0
35 58 101.0 2.0
94 91 3.0 172.0
81 9 144.0 66.0
50 44 83.0 39.0
64 28 19.0 108.0
67 21 83.0 23.0
8 86 90.0 81.0
51 40 189.0 141.0
34 49 20.0 90.0
24 69 127.0 175.0
48 43 26.0 72.0
87 7 167.0 110.0
58 36 5.0 139.0
67 26 112.0 41.0
15 93 32.0 154.0
64 72 57.0 173.0
70 24 169.0 77.0
49 46 123.0 97.0
72 20 189.0 102.0
29 65 3.0 109.0
71 24 25.0 160.0
89 66 156.0 137.0
41 54 125.0 141.0
52 39 80.0 182.0
57 31 9.0 1.0
32 75 63.0 133.0
83 2 156.0 5.0
80 14 85.0 159.0
16 79 180.0 110.0
40 58 109.0 137.0
17 76 132.0 34.0
1 94 75.0 164.0
88 8 94.0 84.0
19 75 35.0 109.0
46 47 107.0 191.0
76 19 198.0 144.0
93 45 103.0 179.0
53 41 199.0 12.0
18 77 42.0 131.0
32 82 44.0 117.0
15 80 77.0 90.0
84 23 32.0 64.0
93 2 47.0 91.0
29 64 188.0 197.0
25 81 152.0 43.0
79 36 190.0 151.0
12 83 173.0 33.0
68 27 143.0 18.0
81 19 180.0 20.0
48 45 127.0 12.0
6 90 107.0 126.0
56 39 86.0 96.0
63 86 96.0 190.0
75 17 105.0 39.0
42 50 59.0 78.0
21 74 183.0 154.0
51 43 121.0 115.0
57 76 9.0 0.0
58 23 26.0 68.0
79 5 54.0 64.0
15 89 3.0 102.0
70 25 28.0 108.0
1 93 44.0 87.0
92 4 96.0 27.0
22 73 36.0 17.0
32 62 107.0 45.0
71 23 98.0 85.0
71 76 86.0 104.0
88 7 55.0 89.0
76 21 66.0 83.0
81 15 123.0 110.0
64 12 188.0 19.0
60 49 108.0 24.0
73 75 103.0 167.0
84 12 118.0 153.0
66 29 14.0 157.0
72 37 117.0 21.0
83 9 36.0 135.0
68 30 45.0 111.0
19 93 21.0 185.0
47 49 29.0 129.0
14 82 72.0 132.0
51 86 160.0 142.0
45 51 64.0 126.0
75 20 46.0 134.0
52 43 181.0 34.0
37 58 153.0 179.0
83 13 1.0 175.0
60 36 62.0 182.0
62 35 111.0 86.0
93 46 151.0 24.0
43 67 178.0 16.0
36 41 101.0 176.0
47 50 38.0 35.0
76 77 190.0 192.0
55 64 161.0 192.0
38 81 33.0 23.0
5 92 145.0 144.0
51 44 171.0 48.0
12 80 169.0 150.0
60 37 90.0 70.0
86 9 100.0 80.0
24 72 106.0 91.0
40 57 71.0 67.0
82 37 154.0 104.0
21 93 43.0 51.0
17 80 192.0 15.0
45 50 35.0 113.0
64 33 188.0 125.0
78 88 64.0 41.0
29 67 125.0 170.0
66 27 32.0 196.0
75 23 32.0 187.0
46 52 78.0 76.0
71 28 7.0 22.0
47 51 59.0 194.0
80 16 63.0 48.0
39 60 58.0 80.0
42 52 44.0 184.0
75 25 72.0 76.0
74 56 142.0 56.0
87 9 96.0 20.0
50 49 191.0 55.0
75 21 151.0 51.0
41 70 149.0 15.0
63 35 65.0 7.0
92 86 41.0 61.0
10 83 13.0 113.0
53 44 63.0 107.0
72 22 134.0 111.0
7 89 154.0 77.0
82 18 89.0 105.0
89 10 71.0 38.0
42 55 169.0 88.0
90 7 169.0 10.0
79 19 144.0 134.0
74 25 52.0 7.0
81 18 145.0 138.0
53 46 6.0 51.0
85 93 76.0 47.0
66 32 100.0 99.0
77 22 127.0 21.0
61 37 176.0 96.0
59 33 106.0 72.0
70 17 47.0 110.0
34 66 187.0 144.0
90 1 17.0 145.0
31 67 37.0 93.0
11 83 168.0 137.0
94 6 22.0 47.0
52 45 3.0 199.0
5 91 102.0 61.0
68 31 53.0 149.0
6 93 45.0 192.0
26 74 97.0 63.0
55 45 168.0 134.0
40 55 138.0 88.0
84 26 78.0 161.0
56 47 110.0 33.0
86 87 38.0 12.0
94 5 46.0 43.0
4 94 153.0 43.0
19 77 64.0 50.0
86 11 172.0 184.0
64 35 144.0 63.0
91 10 143.0 174.0
41 68 23.0 53.0
41 58 174.0 62.0
78 18 194.0 172.0
14 86 123.0 147.0
53 85 41.0 140.0
38 59 96.0 14.0
54 43 61.0 192.0
34 64 141.0 156.0
79 21 82.0 164.0
9 90 14.0 8.0
42 53 81.0 9.0
52 57 71.0 5.0
25 76 193.0 113.0
69 30 122.0 41.0
85 38 161.0 135.0
26 68 28.0 54.0
63 38 137.0 62.0
74 42 185.0 104.0
71 82 1.0 66.0
54 46 32.0 24.0
53 62 142.0 177.0
41 86 28.0 64.0
14 85 156.0 141.0
33 66 2.0 136.0
62 37 67.0 91.0
89 68 26.0 52.0
48 52 186.0 179.0
63 29 14.0 18.0
76 23 165.0 156.0
53 66 123.0 194.0
87 12 73.0 31.0
74 24 153.0 27.0
58 44 92.0 20.0
81 23 126.0 70.0
21 71 140.0 112.0
74 55 2.0 155.0
59 40 148.0 167.0
7 93 65.0 71.0
13 87 188.0 138.0
81 30 44.0 93.0
52 44 102.0 89.0
94 8 135.0 28.0
34 68 70.0 28.0
49 51 157.0 72.0
9 89 187.0 106.0
44 57 10.0 52.0
32 54 158.0 150.0
65 70 144.0 154.0
52 49 197.0 46.0
90 11 116.0 84.0
28 68 47.0 186.0
73 28 198.0 5.0
53 49 10.0 137.0
75 26 128.0 20.0
18 83 193.0 38.0
15 82 121.0 137.0
67 30 143.0 70.0
58 43 83.0 11.0
52 50 171.0 82.0
73 16 113.0 169.0
94 9 199.0 123.0
16 89 132.0 127.0
75 29 32.0 125.0
40 61 51.0 153.0
59 41 161.0 147.0
72 29 54.0 196.0
27 74 67.0 25.0
84 15 125.0 180.0
23 79 100.0 124.0
13 84 18.0 184.0
82 42 136.0 50.0
61 42 122.0 140.0
73 29 167.0 35.0
53 47 105.0 21.0
41 61 85.0 173.0
15 87 46.0 10.0
16 85 113.0 98.0
47 61 163.0 84.0
8 92 114.0 52.0
71 31 78.0 188.0
33 67 180.0 45.0
71 70 175.0 86.0
74 28 107.0 12.0
89 14 30.0 105.0
79 18 103.0 95.0
84 46 180.0 19.0
63 36 12.0 47.0
54 49 102.0 91.0
26 49 123.0 82.0
82 20 21.0 50.0
58 42 48.0 81.0
34 67 51.0 78.0
53 52 131.0 107.0
23 73 75.0 112.0
53 50 68.0 87.0
70 32 62.0 170.0
7 94 174.0 137.0
31 65 56.0 196.0
27 76 193.0 104.0
62 38 157.0 196.0
26 77 117.0 89.0
11 91 82.0 192.0
43 92 114.0 102.0
88 16 181.0 176.0
35 68 2.0 107.0
71 32 9.0 58.0
24 78 100.0 154.0
80 20 13.0 57.0
91 9 91.0 82.0
38 56 19.0 126.0
19 82 172.0 134.0
24 76 130.0 105.0
53 45 134.0 132.0
60 42 104.0 95.0
24 79 163.0 4.0
43 55 62.0 176.0
11 92 68.0 153.0
27 75 47.0 87.0
89 17 161.0 171.0
60 38 12.0 91.0
30 74 13.0 99.0
9 92 79.0 117.0
56 48 100.0 42.0
13 89 152.0 162.0
81 24 171.0 20.0
36 68 159.0 170.0
66 37 117.0 72.0
52 54 163.0 82.0
39 66 111.0 128.0
85 18 171.0 190.0
82 16 160.0 71.0
65 36 88.0 112.0
72 35 104.0 11.0
71 33 74.0 15.0
19 83 198.0 192.0
11 93 196.0 162.0
74 31 182.0 107.0
65 41 112.0 106.0
40 64 141.0 24.0
67 38 72.0 182.0
10 94 15.0 176.0
38 92 3.0 89.0
64 36 136.0 154.0
2 1 66.0 132.0
93 12 103.0 1.0
58 46 28.0 15.0
60 41 55.0 121.0
77 28 151.0 127.0
28 90 128.0 166.0
87 92 180.0 84.0
21 83 52.0 116.0
85 20 16.0 119.0
45 59 33.0 71.0
72 33 119.0 61.0
46 59 160.0 175.0
18 84 39.0 111.0
10 92 60.0 168.0
26 80 29.0 193.0
23 70 148.0 82.0
28 70 6.0 116.0
68 39 4.0 39.0
56 49 58.0 75.0
24 80 26.0 18.0
26 78 119.0 66.0
57 34 98.0 131.0
48 55 32.0 80.0
63 43 0.0 180.0
60 71 92.0 6.0
69 74 15.0 48.0
66 38 38.0 25.0
59 49 87.0 65.0
70 36 138.0 6.0
83 25 107.0 189.0
67 64 152.0 139.0
37 65 154.0 104.0
84 24 108.0 46.0
74 33 62.0 75.0
64 42 199.0 100.0
87 14 125.0 86.0
89 93 69.0 15.0
77 30 100.0 128.0
28 76 64.0 4.0
36 69 162.0 18.0
93 27 133.0 22.0
27 80 136.0 195.0
69 75 199.0 135.0
15 91 70.0 124.0
56 50 0.0 139.0
86 17 25.0 100.0
92 81 130.0 42.0
17 88 86.0 44.0
11 94 195.0 172.0
82 22 18.0 131.0
13 91 37.0 17.0
76 26 107.0 107.0
53 79 32.0 60.0
62 46 58.0 10.0
24 83 133.0 140.0
67 32 197.0 172.0
73 37 21.0 145.0
76 33 135.0 191.0
31 72 136.0 124.0
90 17 38.0 44.0
71 37 152.0 70.0
75 67 185.0 10.0
43 87 53.0 71.0
93 64 192.0 2.0
56 52 154.0 13.0
81 27 119.0 41.0
55 49 171.0 8.0
42 67 82.0 161.0
85 60 76.0 186.0
94 15 100.0 14.0
71 36 88.0 105.0
53 55 171.0 80.0
24 82 31.0 125.0
28 79 72.0 103.0
51 53 137.0 43.0
12 92 175.0 171.0
45 60 3.0 51.0
15 90 155.0 104.0
22 86 134.0 195.0
53 57 125.0 105.0
13 92 27.0 108.0
45 64 90.0 99.0
28 81 141.0 27.0
77 32 37.0 116.0
92 55 12.0 41.0
43 65 192.0 119.0
74 35 176.0 78.0
65 44 166.0 53.0
48 61 173.0 145.0
23 86 103.0 63.0
39 70 140.0 45.0
86 52 149.0 177.0
13 88 123.0 113.0
37 69 22.0 67.0
67 37 89.0 150.0
21 90 0.0 55.0
48 57 193.0 173.0
64 46 38.0 97.0
50 57 73.0 178.0
84 62 193.0 22.0
36 73 41.0 68.0
84 25 68.0 15.0
79 31 114.0 109.0
21 88 189.0 66.0
54 55 64.0 182.0
52 59 13.0 102.0
36 74 85.0 86.0
29 35 66.0 30.0
6 88 118.0 107.0
31 81 169.0 138.0
93 16 65.0 83.0
65 42 33.0 54.0
53 67 75.0 49.0
20 89 145.0 88.0
86 25 76.0 182.0
75 37 184.0 142.0
21 89 151.0 54.0
64 47 21.0 73.0
35 75 157.0 86.0
67 77 56.0 190.0
23 88 149.0 131.0
2 88 32.0 46.0
28 80 37.0 61.0
26 81 112.0 174.0
16 94 34.0 15.0
85 27 166.0 56.0
32 80 159.0 124.0
64 53 68.0 16.0
22 85 154.0 169.0
56 53 73.0 139.0
44 68 46.0 110.0
17 92 161.0 110.0
30 79 38.0 147.0
39 72 115.0 5.0
73 39 189.0 74.0
58 54 54.0 9.0
30 75 117.0 8.0
62 48 46.0 190.0
88 25 55.0 44.0
78 61 154.0 168.0
37 74 197.0 144.0
82 94 25.0 112.0
35 78 130.0 14.0
90 22 27.0 184.0
18 87 50.0 144.0
75 38 95.0 48.0
85 26 180.0 102.0
60 54 78.0 134.0
18 92 113.0 27.0
93 18 66.0 138.0
22 89 164.0 148.0
19 86 32.0 192.0
44 67 25.0 34.0
68 47 66.0 120.0
19 88 174.0 46.0
70 40 135.0 4.0
28 83 198.0 48.0
38 72 106.0 17.0
84 30 121.0 23.0
88 22 79.0 105.0
81 32 30.0 56.0
84 27 150.0 48.0
46 63 197.0 76.0
47 65 93.0 132.0
69 78 91.0 43.0
58 50 66.0 198.0
26 83 76.0 139.0
72 42 195.0 107.0
69 40 112.0 178.0
19 94 43.0 14.0
32 76 51.0 192.0
79 34 43.0 96.0
53 59 33.0 87.0
83 38 178.0 51.0
71 41 150.0 54.0
84 22 76.0 145.0
60 51 120.0 140.0
69 46 175.0 115.0
20 93 177.0 26.0
75 39 193.0 173.0
77 37 167.0 178.0
34 71 59.0 146.0
80 35 111.0 9.0
72 44 46.0 139.0
46 68 180.0 166.0
92 23 41.0 155.0
31 77 76.0 170.0
65 51 175.0 21.0
30 85 156.0 143.0
73 42 151.0 15.0
93 22 59.0 62.0
51 63 161.0 106.0
28 82 77.0 93.0
29 84 198.0 70.0
54 53 142.0 74.0
59 43 195.0 69.0
71 44 26.0 152.0
82 34 143.0 178.0
60 53 179.0 2.0
35 82 84.0 140.0
92 21 191.0 161.0
62 47 166.0 141.0
84 28 64.0 60.0
63 49 62.0 59.0
34 83 196.0 40.0
92 20 131.0 91.0
24 91 109.0 62.0
61 52 39.0 146.0
60 57 20.0 182.0
62 40 67.0 138.0
29 87 11.0 131.0
28 86 175.0 25.0
67 46 45.0 171.0
53 63 199.0 128.0
71 45 14.0 60.0
68 48 179.0 53.0
77 34 109.0 199.0
23 91 10.0 176.0
75 41 169.0 21.0
67 49 11.0 97.0
67 50 51.0 56.0
22 94 39.0 2.0
34 81 118.0 53.0
38 78 191.0 49.0
88 30 11.0 100.0
43 75 178.0 21.0
74 81 193.0 100.0
80 33 160.0 156.0
94 21 148.0 11.0
57 58 28.0 139.0
74 44 106.0 98.0
58 53 151.0 50.0
26 91 38.0 115.0
72 89 122.0 169.0
77 39 179.0 67.0
90 24 35.0 139.0
91 25 194.0 184.0
89 18 154.0 174.0
11 68 126.0 12.0
70 47 121.0 30.0
70 48 0.0 160.0
72 45 20.0 74.0
86 31 120.0 152.0
88 27 163.0 155.0
24 87 167.0 157.0
54 83 139.0 73.0
81 29 178.0 17.0
78 34 169.0 99.0
84 34 130.0 169.0
33 82 42.0 102.0
93 17 112.0 162.0
55 91 44.0 75.0
52 67 80.0 12.0
71 42 25.0 171.0
79 40 176.0 155.0
72 46 133.0 145.0
55 63 111.0 63.0
38 25 105.0 153.0
63 54 118.0 17.0
73 44 51.0 114.0
89 27 49.0 84.0
58 60 39.0 74.0
44 77 185.0 15.0
64 50 55.0 118.0
47 72 195.0 166.0
89 31 70.0 100.0
42 68 30.0 140.0
86 32 93.0 33.0
70 64 49.0 142.0
63 56 121.0 41.0
69 49 36.0 58.0
70 81 101.0 43.0
59 58 160.0 48.0
49 72 174.0 182.0
76 48 82.0 4.0
76 45 167.0 176.0
61 58 32.0 169.0
92 35 38.0 105.0
94 27 92.0 26.0
57 61 106.0 145.0
63 45 114.0 18.0
77 43 64.0 40.0
74 45 61.0 98.0
25 92 44.0 29.0
77 40 136.0 76.0
92 30 130.0 175.0
46 65 94.0 22.0
84 43 103.0 152.0
49 70 8.0 169.0
39 80 102.0 72.0
62 78 95.0 164.0
62 59 198.0 139.0
33 88 7.0 135.0
71 50 104.0 137.0
39 78 39.0 150.0
62 57 194.0 142.0
39 81 148.0 2.0
74 76 87.0 3.0
77 45 51.0 134.0
52 66 159.0 2.0
69 53 47.0 166.0
88 34 166.0 103.0
48 49 199.0 5.0
55 65 86.0 193.0
43 76 45.0 187.0
68 51 29.0 132.0
67 51 173.0 32.0
67 55 37.0 132.0
57 47 26.0 85.0
15 79 25.0 145.0
62 56 7.0 24.0
81 40 22.0 94.0
87 33 45.0 68.0
79 43 84.0 74.0
26 89 15.0 57.0
30 90 168.0 52.0
64 58 96.0 195.0
76 41 176.0 121.0
39 84 101.0 184.0
34 89 186.0 123.0
80 42 38.0 31.0
52 71 19.0 122.0
64 57 8.0 186.0
91 27 111.0 177.0
87 35 110.0 159.0
76 46 162.0 86.0
14 43 47.0 15.0
84 38 67.0 33.0
67 57 82.0 105.0
91 30 140.0 53.0
59 65 30.0 149.0
69 83 110.0 93.0
41 79 170.0 172.0
46 75 17.0 84.0
72 71 85.0 16.0
83 41 177.0 105.0
51 75 42.0 12.0
53 70 52.0 182.0
80 44 39.0 35.0
75 48 163.0 101.0
87 32 123.0 133.0
32 89 116.0 92.0
37 86 13.0 154.0
66 57 126.0 190.0
90 93 163.0 120.0
79 32 29.0 168.0
59 63 148.0 20.0
64 61 121.0 63.0
51 73 77.0 196.0
85 37 189.0 194.0
59 64 59.0 2.0
56 60 180.0 137.0
76 50 119.0 96.0
76 53 51.0 100.0
68 54 6.0 151.0
73 45 187.0 79.0
34 93 35.0 64.0
45 75 66.0 176.0
92 32 69.0 77.0
85 41 125.0 2.0
79 48 42.0 44.0
93 30 37.0 45.0
41 80 9.0 43.0
87 44 32.0 196.0
60 70 68.0 19.0
80 43 134.0 134.0
31 87 103.0 3.0
72 55 60.0 29.0
32 88 73.0 54.0
91 36 138.0 62.0
57 65 164.0 100.0
61 54 132.0 196.0
65 62 133.0 152.0
52 73 191.0 67.0
65 60 85.0 47.0
91 33 139.0 97.0
60 88 127.0 165.0
49 73 3.0 18.0
33 93 66.0 168.0
54 71 124.0 150.0
57 73 46.0 57.0
58 89 47.0 190.0
51 62 78.0 133.0
86 40 118.0 18.0
47 88 89.0 46.0
88 39 48.0 92.0
40 84 196.0 66.0
33 90 13.0 120.0
50 77 68.0 11.0
72 54 152.0 116.0
68 60 103.0 30.0
68 58 69.0 22.0
71 56 50.0 110.0
41 81 18.0 50.0
94 33 96.0 166.0
46 78 13.0 109.0
69 58 22.0 81.0
55 71 113.0 126.0
63 65 134.0 16.0
39 87 196.0 155.0
47 77 46.0 46.0
32 91 36.0 16.0
47 80 154.0 133.0
44 86 142.0 167.0
56 69 190.0 116.0
93 36 149.0 103.0
79 49 60.0 35.0
49 82 176.0 8.0
85 45 77.0 175.0
92 34 20.0 66.0
59 67 100.0 175.0
42 79 13.0 43.0
86 38 94.0 155.0
89 37 153.0 43.0
73 50 95.0 165.0
51 71 77.0 72.0
51 66 36.0 106.0
56 59 117.0 8.0
58 71 21.0 169.0
92 37 173.0 34.0
31 82 78.0 19.0
32 90 32.0 183.0
76 54 113.0 80.0
63 64 54.0 142.0
71 59 93.0 42.0
43 61 48.0 162.0
41 88 16.0 21.0
55 75 20.0 141.0
71 47 147.0 50.0
81 49 20.0 132.0
64 73 7.0 133.0
85 47 19.0 13.0
87 38 152.0 64.0
46 79 43.0 153.0
60 83 7.0 59.0
69 60 82.0 180.0
63 85 41.0 30.0
48 84 149.0 61.0
92 39 194.0 156.0
70 61 153.0 165.0
43 85 34.0 57.0
77 56 71.0 77.0
66 65 23.0 79.0
40 85 108.0 105.0
51 78 9.0 101.0
70 58 31.0 111.0
65 67 35.0 177.0
94 51 117.0 140.0
31 80 36.0 103.0
44 88 1.0 108.0
68 64 168.0 176.0
83 48 143.0 28.0
73 58 74.0 105.0
45 84 154.0 106.0
46 86 176.0 189.0
41 90 54.0 46.0
41 92 190.0 90.0
58 74 160.0 143.0
72 52 39.0 128.0
45 87 74.0 135.0
61 69 82.0 100.0
94 36 91.0 188.0
54 56 20.0 20.0
79 26 41.0 26.0
87 46 106.0 183.0
39 93 108.0 66.0
45 86 151.0 100.0
86 49 45.0 177.0
77 57 131.0 80.0
80 54 30.0 174.0
88 45 160.0 2.0
91 41 84.0 153.0
81 51 116.0 190.0
66 67 166.0 176.0
61 67 11.0 70.0
74 49 90.0 56.0
88 69 66.0 173.0
21 84 107.0 96.0
54 79 11.0 19.0
60 76 176.0 47.0
70 57 30.0 44.0
94 38 153.0 196.0
90 45 17.0 116.0
85 46 95.0 107.0
41 89 122.0 113.0
90 57 179.0 181.0
94 85 92.0 190.0
82 53 91.0 21.0
67 86 176.0 73.0
57 75 144.0 81.0
38 91 106.0 113.0
90 44 38.0 2.0
94 42 138.0 160.0
50 84 42.0 118.0
79 59 123.0 135.0
78 52 76.0 167.0
41 93 20.0 4.0
78 58 151.0 116.0
93 42 108.0 57.0
83 52 159.0 146.0
82 51 108.0 97.0
45 70 198.0 151.0
51 77 126.0 74.0
57 79 23.0 154.0
82 46 144.0 43.0
65 68 31.0 95.0
66 62 94.0 91.0
79 80 195.0 53.0
42 86 153.0 55.0
91 49 146.0 151.0
49 87 142.0 24.0
91 46 52.0 118.0
90 60 38.0 196.0
68 69 165.0 21.0
62 67 167.0 59.0
46 88 102.0 114.0
59 76 133.0 55.0
49 88 173.0 79.0
82 55 106.0 67.0
80 59 27.0 158.0
48 78 76.0 65.0
84 57 1.0 193.0
91 47 3.0 168.0
85 52 132.0 105.0
52 81 181.0 17.0
56 79 7.0 154.0
78 60 41.0 65.0
28 72 114.0 68.0
82 52 32.0 190.0
51 88 73.0 33.0
62 80 58.0 76.0
82 56 137.0 143.0
52 77 117.0 119.0
94 26 16.0 76.0
54 82 63.0 57.0
40 92 48.0 177.0
74 64 85.0 32.0
46 92 197.0 110.0
47 93 103.0 55.0
52 87 71.0 193.0
44 59 24.0 141.0
53 65 193.0 192.0
53 78 181.0 56.0
66 68 42.0 182.0
87 51 113.0 79.0
64 66 99.0 62.0
48 86 106.0 2.0
63 72 35.0 129.0
70 67 53.0 11.0
67 73 55.0 46.0
68 62 133.0 37.0
60 82 49.0 175.0
91 51 65.0 114.0
89 48 30.0 116.0
81 60 19.0 88.0
76 68 30.0 55.0
94 45 184.0 83.0
50 88 28.0 39.0
67 78 174.0 114.0
64 79 185.0 23.0
64 77 45.0 50.0
59 81 114.0 27.0
52 88 8.0 133.0
55 87 125.0 38.0
94 46 181.0 61.0
57 85 137.0 162.0
50 87 80.0 112.0
75 66 166.0 65.0
71 63 140.0 163.0
91 52 177.0 6.0
65 73 143.0 185.0
92 47 191.0 20.0
86 56 52.0 173.0
90 54 15.0 141.0
61 81 80.0 47.0
62 85 166.0 198.0
76 65 72.0 107.0
64 80 115.0 49.0
91 50 38.0 59.0
70 69 164.0 181.0
58 84 151.0 168.0
65 80 156.0 166.0
51 93 104.0 189.0
53 94 115.0 70.0
71 65 6.0 187.0
57 68 152.0 122.0
56 89 89.0 142.0
62 82 181.0 53.0
60 84 24.0 132.0
79 69 46.0 132.0
37 91 198.0 102.0
30 87 10.0 114.0
88 54 153.0 169.0
58 83 17.0 105.0
73 69 140.0 58.0
70 75 106.0 74.0
90 59 120.0 130.0
81 67 177.0 118.0
53 91 197.0 175.0
70 74 55.0 160.0
87 57 185.0 160.0
79 68 196.0 2.0
64 85 93.0 88.0
66 74 114.0 0.0
58 87 130.0 34.0
72 65 34.0 59.0
59 84 174.0 183.0
92 53 19.0 181.0
60 86 196.0 4.0
94 55 128.0 192.0
91 43 199.0 22.0
51 89 68.0 113.0
83 67 2.0 150.0
52 93 130.0 188.0
55 90 120.0 56.0
77 73 91.0 91.0
66 82 42.0 88.0
52 94 79.0 171.0
90 76 165.0 78.0
92 62 23.0 33.0
86 55 143.0 177.0
63 83 189.0 73.0
65 86 60.0 61.0
69 93 3.0 103.0
61 86 108.0 46.0
62 89 193.0 188.0
59 86 33.0 158.0
69 80 101.0 56.0
64 83 73.0 44.0
90 56 144.0 63.0
72 61 24.0 4.0
70 72 180.0 27.0
82 63 179.0 89.0
62 77 108.0 125.0
91 39 57.0 141.0
79 67 59.0 158.0
78 64 87.0 133.0
61 88 81.0 32.0
80 66 53.0 105.0
93 48 100.0 34.0
62 90 104.0 79.0
92 42 151.0 165.0
89 64 171.0 9.0
65 83 192.0 183.0
88 57 3.0 32.0
75 76 40.0 36.0
69 85 101.0 94.0
77 81 40.0 153.0
83 71 11.0 96.0
75 71 133.0 114.0
93 59 128.0 56.0
94 58 21.0 121.0
64 84 75.0 177.0
88 62 173.0 116.0
57 78 37.0 26.0
83 22 149.0 77.0
49 80 57.0 160.0
70 80 59.0 190.0
69 81 145.0 187.0
66 90 97.0 118.0
70 86 86.0 173.0
76 80 120.0 12.0
74 77 45.0 157.0
55 89 38.0 146.0
60 92 50.0 95.0
85 67 82.0 109.0
84 72 73.0 179.0
90 64 27.0 123.0
50 94 110.0 65.0
89 53 92.0 30.0
87 59 190.0 89.0
61 92 37.0 28.0
79 76 25.0 87.0
73 81 195.0 60.0
65 90 59.0 69.0
86 77 91.0 86.0
87 68 129.0 1.0
88 70 1.0 173.0
69 86 97.0 191.0
86 68 142.0 134.0
37 90 158.0 119.0
78 77 16.0 154.0
65 88 116.0 28.0
61 91 159.0 7.0
84 67 152.0 88.0
91 66 116.0 153.0
93 54 124.0 13.0
83 76 67.0 18.0
84 74 91.0 25.0
92 67 144.0 60.0
67 89 73.0 12.0
91 63 125.0 32.0
59 94 78.0 77.0
62 94 160.0 146.0
70 92 148.0 36.0
93 71 132.0 15.0
75 72 117.0 24.0
82 76 78.0 61.0
85 73 78.0 152.0
68 82 130.0 3.0
70 83 142.0 8.0
83 55 142.0 55.0
72 85 30.0 90.0
50 63 194.0 115.0
80 78 174.0 111.0
33 89 99.0 4.0
73 78 195.0 177.0
65 87 102.0 125.0
87 77 76.0 196.0
87 70 164.0 171.0
79 77 145.0 146.0
89 65 73.0 91.0
78 72 127.0 199.0
54 92 27.0 26.0
88 76 157.0 22.0
61 94 102.0 59.0
73 92 131.0 131.0
70 90 10.0 95.0
84 73 138.0 107.0
85 78 55.0 163.0
67 93 134.0 135.0
66 94 30.0 161.0
80 82 158.0 187.0
71 92 174.0 13.0
84 81 120.0 105.0
93 75 65.0 130.0
92 58 48.0 4.0
91 74 43.0 56.0
87 75 152.0 177.0
75 91 78.0 182.0
94 69 63.0 188.0
82 78 124.0 189.0
86 80 95.0 197.0
83 86 39.0 161.0
87 69 8.0 88.0
89 79 70.0 52.0
87 72 143.0 174.0
93 79 99.0 21.0
89 85 44.0 114.0
91 64 61.0 121.0
82 79 195.0 108.0
79 88 66.0 35.0
81 94 79.0 75.0
87 78 10.0 101.0
69 82 133.0 105.0
76 94 110.0 32.0
84 80 156.0 106.0
79 90 0.0 17.0
56 64 47.0 195.0
84 83 190.0 113.0
89 75 180.0 69.0
81 86 32.0 142.0
81 87 31.0 165.0
61 93 72.0 141.0
60 94 147.0 28.0
81 93 124.0 147.0
85 83 175.0 171.0
86 84 134.0 117.0
83 77 101.0 67.0
89 88 59.0 133.0
90 80 40.0 90.0
88 91 144.0 112.0
66 72 10.0 91.0
72 91 15.0 86.0
64 86 9.0 142.0
69 66 176.0 144.0
70 94 11.0 29.0
75 59 134.0 71.0
67 69 12.0 174.0
89 87 32.0 156.0
68 90 119.0 194.0
63 66 169.0 86.0
93 92 89.0 179.0
90 87 191.0 18.0
82 92 162.0 2.0
70 73 126.0 48.0
80 37 188.0 138.0
82 84 146.0 172.0
85 84 82.0 17.0
58 90 89.0 52.0
93 88 124.0 178.0
93 91 48.0 115.0
86 93 158.0 162.0
66 77 138.0 84.0
92 94 152.0 78.0
88 92 67.0 98.0
79 87 14.0 149.0
77 75 101.0 103.0
84 61 146.0 25.0
86 79 26.0 146.0
83 91 161.0 136.0
87 80 58.0 99.0
52 69 121.0 162.0
13 64 43.0 188.0
81 88 145.0 9.0
84 70 180.0 46.0
18 94 177.0 126.0
83 90 30.0 156.0
65 85 158.0 191.0
86 88 117.0 168.0
64 88 46.0 39.0
79 92 117.0 41.0
88 85 9.0 62.0
91 59 63.0 189.0
75 92 1.0 192.0
81 76 130.0 183.0
80 61 162.0 40.0
68 77 37.0 80.0
85 92 184.0 35.0
20 63 120.0 101.0
36 82 196.0 129.0
83 47 12.0 11.0
82 73 134.0 165.0
77 93 97.0 64.0
71 85 93.0 59.0
5 1 60.0 82.0
82 81 117.0 44.0
2 3 179.0 37.0
73 86 93.0 175.0
87 64 77.0 106.0
90 72 93.0 11.0
89 71 48.0 142.0
69 92 102.0 142.0
1 3 112.0 162.0
62 81 41.0 29.0
61 74 22.0 20.0
82 89 124.0 68.0
0
