92 4186 12 47 294824
65 53 138.0 67.0
20 66 86.0 138.0
87 78 122.0 191.0
5 56 85.0 115.0
15 72 96.0 39.0
65 82 70.0 100.0
44 35 54.0 166.0
89 43 16.0 24.0
43 29 121.0 106.0
42 6 159.0 159.0
31 12 135.0 81.0
15 25 196.0 172.0
44 92 59.0 93.0
81 78 27.0 130.0
60 65 123.0 34.0
55 47 181.0 91.0
75 15 143.0 54.0
20 39 109.0 103.0
90 37 155.0 196.0
62 73 104.0 152.0
20 58 112.0 164.0
83 27 41.0 91.0
39 78 184.0 165.0
33 13 142.0 117.0
27 49 97.0 86.0
87 34 111.0 159.0
70 76 162.0 66.0
5 83 7.0 67.0
88 56 61.0 119.0
30 60 179.0 55.0
85 25 128.0 115.0
1 16 83.0 71.0
46 54 199.0 132.0
87 48 79.0 62.0
72 61 75.0 194.0
92 78 122.0 34.0
81 79 129.0 136.0
86 44 109.0 108.0
16 76 191.0 38.0
21 26 117.0 74.0
79 56 172.0 68.0
51 59 1.0 3.0
68 18 166.0 28.0
43 8 6.0 40.0
34 29 190.0 135.0
20 16 34.0 99.0
40 50 179.0 26.0
75 33 72.0 49.0
36 62 166.0 44.0
69 9 163.0 119.0
66 65 8.0 81.0
12 3 84.0 14.0
43 83 121.0 74.0
46 26 20.0 156.0
76 15 117.0 152.0
87 22 102.0 190.0
31 83 22.0 20.0
91 76 184.0 137.0
48 3 106.0 192.0
69 23 190.0 142.0
53 41 62.0 111.0
15 60 13.0 82.0
74 39 44.0 130.0
8 57 10.0 146.0
48 59 93.0 184.0
42 71 1.0 29.0
73 74 80.0 59.0
5 27 144.0 22.0
67 83 168.0 6.0
11 5 11.0 181.0
88 17 167.0 55.0
73 42 43.0 129.0
48 22 80.0 89.0
92 55 128.0 81.0
77 46 24.0 8.0
72 32 121.0 168.0
22 44 126.0 90.0
1 48 43.0 137.0
64 33 24.0 162.0
74 28 16.0 19.0
50 57 40.0 49.0
60 7 23.0 120.0
52 86 22.0 47.0
65 12 85.0 144.0
3 47 158.0 163.0
42 90 1.0 154.0
30 77 143.0 177.0
13 41 165.0 111.0
6 41 140.0 157.0
48 23 170.0 163.0
56 35 175.0 145.0
46 50 120.0 60.0
44 8 140.0 30.0
45 37 74.0 93.0
62 27 13.0 169.0
68 89 180.0 178.0
38 76 140.0 72.0
6 48 76.0 62.0
82 24 126.0 51.0
21 84 179.0 198.0
40 30 115.0 72.0
14 38 170.0 189.0
65 23 111.0 183.0
60 22 40.0 43.0
46 52 118.0 132.0
7 75 51.0 195.0
47 83 154.0 129.0
75 9 149.0 86.0
78 83 74.0 64.0
68 3 167.0 45.0
65 13 163.0 78.0
75 46 199.0 3.0
45 20 90.0 69.0
43 33 188.0 93.0
24 64 77.0 94.0
20 89 12.0 26.0
27 55 118.0 38.0
57 12 69.0 85.0
25 69 62.0 32.0
62 85 178.0 13.0
12 7 109.0 20.0
40 7 114.0 49.0
18 9 144.0 191.0
45 70 167.0 108.0
32 71 12.0 85.0
83 63 150.0 33.0
39 62 28.0 164.0
54 82 81.0 158.0
88 75 110.0 142.0
29 13 133.0 176.0
21 8 12.0 29.0
25 6 52.0 131.0
77 13 18.0 16.0
76 42 81.0 168.0
11 25 120.0 61.0
14 80 72.0 1.0
63 80 42.0 135.0
92 64 175.0 128.0
20 62 119.0 188.0
68 24 131.0 171.0
37 76 131.0 101.0
25 30 55.0 12.0
2 87 118.0 175.0
74 61 195.0 190.0
48 82 63.0 38.0
54 23 20.0 38.0
32 87 74.0 139.0
59 60 138.0 5.0
43 7 191.0 21.0
76 26 184.0 198.0
20 86 57.0 102.0
2 90 28.0 4.0
27 63 159.0 91.0
85 47 140.0 179.0
81 60 158.0 14.0
27 65 88.0 96.0
19 34 110.0 31.0
7 8 66.0 94.0
8 6 7.0 75.0
91 61 164.0 36.0
31 92 139.0 76.0
86 36 70.0 31.0
3 54 164.0 28.0
66 54 152.0 53.0
87 25 1.0 14.0
55 89 68.0 20.0
50 56 51.0 28.0
24 45 154.0 168.0
44 89 57.0 45.0
32 49 34.0 79.0
50 36 147.0 150.0
37 84 83.0 99.0
57 38 106.0 36.0
34 21 135.0 126.0
77 67 183.0 186.0
19 75 18.0 89.0
71 51 58.0 75.0
7 15 188.0 92.0
90 31 150.0 135.0
63 43 190.0 185.0
80 86 176.0 96.0
55 63 86.0 63.0
78 27 99.0 21.0
49 72 163.0 117.0
30 9 64.0 21.0
63 58 64.0 52.0
36 68 57.0 166.0
58 4 80.0 47.0
89 52 58.0 8.0
63 53 47.0 96.0
27 19 182.0 146.0
90 13 34.0 145.0
61 75 163.0 98.0
80 39 91.0 179.0
54 30 70.0 148.0
33 37 28.0 150.0
36 64 9.0 87.0
64 12 57.0 56.0
30 52 138.0 191.0
12 70 35.0 125.0
4 17 39.0 150.0
79 38 71.0 130.0
67 55 130.0 142.0
39 17 70.0 159.0
28 91 138.0 79.0
10 81 139.0 147.0
40 56 118.0 29.0
73 55 83.0 105.0
3 69 8.0 74.0
54 85 68.0 79.0
48 34 165.0 150.0
91 86 125.0 35.0
84 4 193.0 16.0
84 8 150.0 84.0
63 2 130.0 68.0
5 86 102.0 166.0
10 17 71.0 110.0
5 3 136.0 91.0
44 10 85.0 101.0
4 14 114.0 10.0
57 79 63.0 59.0
87 64 196.0 165.0
66 82 181.0 127.0
75 58 92.0 83.0
74 46 34.0 115.0
55 31 1.0 122.0
40 73 6.0 86.0
34 62 125.0 73.0
88 61 121.0 188.0
33 6 141.0 70.0
87 30 0.0 122.0
87 74 31.0 44.0
27 40 188.0 18.0
70 69 21.0 142.0
89 29 181.0 27.0
38 33 161.0 106.0
2 7 69.0 34.0
52 5 193.0 10.0
34 37 47.0 146.0
58 7 95.0 79.0
47 78 19.0 35.0
7 10 106.0 40.0
83 77 139.0 87.0
17 3 161.0 100.0
10 5 0.0 182.0
76 13 45.0 193.0
89 12 21.0 44.0
59 76 184.0 68.0
61 13 114.0 3.0
14 1 143.0 20.0
77 8 40.0 35.0
50 28 102.0 2.0
7 85 166.0 102.0
46 4 157.0 11.0
56 92 21.0 131.0
76 36 55.0 5.0
88 45 89.0 169.0
45 46 172.0 32.0
2 20 158.0 13.0
48 24 81.0 12.0
56 7 184.0 47.0
11 51 5.0 94.0
91 82 197.0 178.0
65 4 32.0 4.0
48 79 52.0 73.0
72 18 68.0 176.0
38 86 184.0 27.0
57 36 164.0 65.0
83 90 172.0 100.0
88 55 189.0 129.0
44 36 196.0 138.0
3 15 137.0 180.0
14 42 88.0 141.0
13 5 187.0 157.0
44 5 72.0 171.0
80 42 33.0 188.0
79 85 25.0 157.0
88 71 54.0 167.0
15 1 187.0 2.0
57 27 21.0 77.0
68 15 98.0 110.0
65 76 52.0 85.0
80 74 130.0 76.0
63 41 100.0 116.0
73 90 139.0 125.0
17 85 9.0 146.0
63 5 102.0 197.0
32 51 70.0 124.0
65 55 37.0 120.0
38 55 160.0 41.0
76 66 13.0 42.0
54 59 189.0 113.0
5 59 0.0 129.0
92 52 185.0 9.0
56 15 10.0 87.0
65 68 133.0 33.0
30 58 106.0 170.0
60 64 126.0 66.0
37 14 165.0 91.0
20 65 155.0 154.0
72 16 30.0 107.0
67 82 190.0 15.0
4 51 12.0 152.0
27 2 119.0 145.0
8 24 154.0 26.0
35 45 62.0 33.0
10 2 77.0 27.0
54 22 76.0 32.0
38 29 183.0 58.0
18 66 84.0 173.0
24 3 49.0 48.0
4 78 58.0 169.0
49 60 90.0 13.0
12 83 97.0 152.0
3 8 155.0 174.0
34 27 186.0 183.0
55 10 11.0 169.0
75 8 146.0 48.0
10 65 188.0 195.0
51 45 150.0 199.0
2 15 55.0 193.0
79 46 36.0 104.0
6 19 94.0 192.0
85 8 143.0 80.0
18 74 35.0 154.0
81 3 21.0 133.0
68 38 141.0 10.0
82 62 13.0 43.0
58 57 87.0 68.0
51 1 163.0 75.0
19 44 46.0 9.0
92 46 164.0 189.0
27 61 91.0 199.0
63 90 197.0 112.0
75 91 163.0 138.0
60 19 160.0 176.0
23 25 56.0 199.0
65 64 178.0 171.0
6 13 89.0 25.0
18 35 168.0 53.0
3 62 57.0 11.0
7 88 56.0 6.0
87 38 185.0 171.0
56 13 153.0 146.0
77 82 169.0 162.0
53 30 67.0 147.0
43 69 143.0 108.0
52 35 49.0 63.0
44 87 9.0 58.0
83 2 148.0 17.0
39 77 145.0 85.0
37 40 137.0 50.0
30 21 53.0 106.0
91 46 172.0 72.0
63 62 69.0 115.0
44 48 166.0 70.0
42 26 155.0 127.0
27 17 108.0 55.0
41 18 125.0 5.0
57 68 5.0 62.0
89 53 22.0 11.0
6 16 7.0 194.0
25 82 15.0 76.0
37 48 150.0 181.0
73 81 174.0 105.0
45 50 41.0 82.0
11 4 178.0 166.0
75 1 66.0 136.0
53 36 177.0 88.0
91 87 103.0 185.0
6 4 40.0 118.0
53 37 140.0 190.0
25 41 117.0 114.0
90 85 15.0 158.0
92 57 34.0 193.0
57 42 156.0 100.0
25 2 115.0 85.0
36 83 175.0 18.0
89 73 196.0 168.0
17 11 53.0 89.0
51 56 119.0 170.0
49 5 43.0 134.0
61 25 12.0 29.0
66 7 190.0 120.0
8 90 150.0 105.0
81 44 112.0 126.0
64 27 8.0 60.0
37 10 115.0 61.0
66 64 161.0 34.0
68 26 171.0 156.0
50 63 162.0 135.0
69 76 139.0 152.0
73 58 192.0 89.0
49 64 152.0 56.0
38 66 18.0 112.0
75 14 171.0 133.0
25 36 123.0 84.0
9 62 193.0 94.0
32 18 95.0 156.0
1 77 152.0 34.0
83 32 10.0 97.0
4 74 104.0 162.0
87 3 89.0 74.0
10 9 107.0 12.0
2 12 23.0 30.0
39 89 117.0 17.0
14 82 45.0 12.0
14 3 111.0 150.0
34 64 164.0 122.0
45 77 175.0 21.0
28 64 62.0 16.0
68 69 38.0 122.0
6 85 119.0 61.0
30 23 190.0 36.0
12 85 45.0 188.0
35 79 120.0 156.0
50 47 193.0 36.0
32 2 178.0 120.0
14 85 64.0 192.0
9 5 98.0 102.0
48 64 56.0 18.0
35 15 53.0 46.0
48 19 53.0 98.0
5 24 117.0 125.0
70 35 152.0 111.0
76 20 180.0 82.0
53 92 141.0 44.0
54 27 16.0 39.0
39 70 160.0 72.0
85 88 119.0 13.0
54 73 86.0 172.0
3 4 156.0 155.0
85 91 135.0 61.0
19 32 74.0 68.0
71 89 16.0 15.0
64 11 177.0 32.0
11 7 128.0 137.0
5 1 137.0 47.0
75 24 37.0 175.0
74 20 81.0 146.0
18 76 55.0 169.0
55 2 177.0 129.0
38 41 64.0 193.0
52 42 119.0 41.0
51 47 114.0 47.0
50 15 199.0 4.0
78 20 135.0 189.0
79 64 68.0 16.0
87 62 148.0 75.0
63 30 76.0 125.0
70 31 108.0 92.0
73 75 34.0 27.0
69 11 49.0 101.0
3 10 186.0 1.0
89 63 155.0 121.0
74 50 123.0 175.0
20 55 153.0 71.0
84 30 13.0 181.0
60 43 67.0 73.0
65 30 176.0 54.0
40 80 0.0 178.0
17 20 0.0 138.0
9 7 150.0 107.0
89 11 79.0 73.0
14 25 92.0 185.0
54 19 65.0 57.0
61 28 0.0 84.0
57 67 15.0 129.0
2 36 57.0 167.0
3 38 111.0 58.0
3 7 169.0 61.0
53 43 85.0 0.0
67 58 180.0 129.0
25 72 144.0 197.0
47 86 158.0 97.0
61 87 169.0 125.0
30 18 123.0 27.0
3 86 171.0 34.0
35 80 2.0 92.0
70 61 115.0 87.0
67 78 86.0 95.0
6 1 130.0 182.0
91 4 2.0 88.0
38 10 190.0 171.0
5 15 65.0 113.0
24 44 38.0 36.0
31 1 127.0 40.0
9 61 106.0 195.0
86 59 157.0 192.0
5 12 165.0 87.0
55 84 64.0 119.0
41 31 55.0 6.0
22 9 124.0 72.0
1 21 118.0 114.0
37 52 112.0 197.0
20 77 188.0 19.0
84 48 74.0 145.0
59 33 97.0 191.0
19 4 155.0 161.0
57 24 193.0 162.0
1 12 163.0 70.0
55 69 82.0 33.0
28 47 30.0 147.0
32 59 10.0 18.0
14 44 172.0 36.0
24 36 10.0 21.0
22 39 193.0 166.0
5 17 45.0 187.0
40 70 9.0 160.0
86 2 85.0 44.0
48 72 198.0 67.0
38 11 94.0 8.0
2 21 149.0 18.0
56 36 16.0 159.0
74 54 179.0 10.0
75 10 73.0 24.0
27 25 199.0 82.0
26 11 104.0 84.0
82 5 34.0 103.0
55 44 191.0 129.0
65 72 35.0 92.0
16 37 16.0 52.0
90 11 39.0 195.0
60 32 17.0 64.0
56 12 188.0 16.0
22 2 199.0 93.0
3 16 147.0 33.0
88 91 71.0 90.0
19 40 57.0 59.0
24 88 20.0 25.0
46 58 136.0 12.0
37 29 156.0 105.0
40 58 105.0 144.0
59 66 83.0 56.0
18 6 149.0 30.0
45 18 122.0 172.0
57 56 195.0 179.0
51 21 19.0 167.0
78 36 26.0 107.0
65 49 39.0 182.0
15 79 60.0 144.0
16 4 157.0 96.0
87 27 150.0 58.0
16 7 7.0 72.0
1 22 157.0 154.0
20 31 41.0 128.0
66 49 117.0 19.0
5 78 134.0 157.0
12 6 51.0 147.0
13 10 0.0 9.0
74 8 73.0 150.0
47 63 65.0 32.0
10 56 136.0 22.0
86 55 18.0 129.0
51 37 187.0 88.0
62 70 133.0 73.0
75 89 8.0 184.0
84 62 89.0 8.0
18 59 167.0 162.0
69 59 109.0 32.0
22 19 98.0 198.0
22 76 47.0 69.0
21 14 177.0 186.0
83 45 156.0 110.0
81 4 48.0 165.0
13 74 61.0 137.0
81 72 168.0 29.0
78 50 35.0 78.0
69 45 177.0 85.0
68 31 31.0 24.0
84 92 121.0 9.0
44 88 7.0 78.0
39 12 167.0 55.0
33 85 4.0 28.0
12 58 49.0 125.0
16 56 139.0 36.0
48 54 186.0 68.0
33 45 195.0 170.0
15 10 30.0 117.0
27 80 25.0 38.0
91 14 110.0 192.0
47 41 41.0 67.0
47 65 101.0 90.0
68 35 130.0 40.0
37 17 180.0 68.0
9 39 160.0 175.0
30 45 76.0 142.0
72 37 181.0 101.0
51 42 72.0 44.0
30 36 47.0 113.0
48 41 154.0 148.0
23 73 186.0 36.0
37 13 105.0 166.0
52 23 168.0 65.0
15 16 130.0 44.0
53 22 22.0 111.0
11 88 112.0 46.0
31 40 177.0 159.0
80 57 54.0 83.0
37 80 153.0 40.0
41 80 175.0 58.0
50 48 95.0 143.0
63 73 78.0 25.0
42 46 84.0 52.0
41 11 167.0 148.0
51 12 29.0 96.0
68 53 72.0 83.0
18 4 179.0 25.0
28 88 40.0 154.0
83 55 144.0 135.0
75 82 131.0 175.0
35 32 198.0 167.0
43 12 88.0 117.0
24 47 198.0 117.0
6 3 149.0 70.0
50 20 16.0 129.0
55 36 192.0 56.0
90 44 179.0 137.0
33 69 10.0 63.0
48 15 17.0 9.0
27 39 177.0 57.0
33 52 142.0 175.0
9 35 61.0 44.0
2 82 128.0 29.0
65 38 198.0 120.0
29 54 37.0 177.0
70 21 165.0 47.0
76 21 73.0 134.0
8 89 35.0 50.0
48 30 103.0 130.0
64 47 21.0 116.0
76 90 11.0 149.0
75 26 162.0 9.0
80 76 56.0 151.0
4 44 154.0 173.0
12 41 102.0 179.0
37 70 75.0 138.0
8 73 182.0 178.0
67 3 197.0 3.0
92 49 173.0 8.0
12 13 109.0 87.0
74 92 88.0 165.0
43 84 53.0 195.0
72 23 3.0 156.0
1 67 163.0 78.0
87 29 164.0 97.0
31 86 197.0 161.0
42 50 35.0 122.0
88 70 48.0 96.0
69 35 94.0 137.0
66 41 104.0 100.0
11 81 14.0 107.0
3 82 24.0 177.0
58 60 103.0 140.0
53 62 189.0 52.0
9 12 114.0 177.0
68 74 40.0 162.0
56 8 192.0 86.0
88 31 194.0 48.0
59 56 104.0 8.0
85 63 93.0 128.0
70 49 197.0 196.0
58 85 96.0 138.0
83 60 62.0 10.0
42 85 180.0 54.0
1 61 111.0 173.0
6 11 177.0 105.0
34 59 125.0 82.0
11 12 169.0 171.0
16 44 104.0 166.0
77 69 94.0 152.0
37 19 65.0 108.0
12 71 167.0 197.0
9 13 134.0 78.0
17 89 177.0 111.0
3 34 54.0 102.0
41 74 139.0 175.0
66 74 113.0 195.0
50 69 73.0 159.0
35 73 5.0 138.0
14 6 85.0 172.0
75 40 106.0 171.0
36 84 93.0 83.0
65 7 184.0 99.0
28 15 108.0 123.0
36 80 116.0 173.0
56 38 185.0 190.0
18 33 183.0 191.0
69 24 179.0 21.0
11 13 9.0 37.0
44 34 8.0 54.0
9 16 126.0 144.0
88 73 194.0 187.0
4 20 62.0 111.0
26 38 46.0 47.0
18 79 102.0 30.0
51 48 128.0 33.0
8 83 127.0 90.0
19 2 58.0 135.0
18 2 125.0 137.0
92 17 142.0 72.0
5 92 130.0 4.0
25 1 121.0 176.0
11 15 4.0 23.0
62 81 109.0 133.0
20 84 174.0 36.0
24 72 17.0 33.0
91 55 6.0 143.0
71 24 130.0 148.0
23 34 42.0 12.0
58 10 7.0 163.0
8 9 109.0 12.0
72 14 74.0 170.0
5 79 39.0 1.0
6 71 35.0 57.0
12 14 2.0 41.0
4 13 125.0 132.0
80 62 60.0 167.0
19 31 185.0 19.0
17 1 65.0 94.0
57 33 152.0 91.0
19 17 103.0 144.0
87 26 186.0 91.0
22 69 128.0 188.0
23 74 25.0 53.0
83 41 56.0 37.0
19 62 172.0 41.0
13 21 73.0 189.0
53 69 79.0 177.0
86 90 107.0 134.0
23 58 131.0 94.0
75 55 136.0 59.0
76 77 77.0 162.0
65 16 187.0 85.0
25 60 1.0 159.0
80 61 23.0 74.0
1 13 9.0 54.0
13 2 151.0 69.0
43 48 76.0 83.0
50 35 105.0 165.0
8 13 43.0 134.0
87 69 39.0 30.0
3 9 66.0 40.0
62 47 126.0 41.0
1 7 146.0 87.0
82 29 3.0 50.0
76 62 69.0 32.0
7 13 138.0 174.0
11 9 58.0 134.0
14 2 179.0 97.0
55 18 3.0 197.0
12 40 129.0 129.0
44 42 172.0 27.0
18 38 45.0 127.0
9 2 94.0 66.0
16 5 136.0 184.0
45 11 181.0 195.0
64 17 197.0 160.0
75 39 41.0 0.0
26 55 84.0 170.0
4 7 24.0 8.0
84 60 190.0 21.0
24 84 107.0 84.0
1 24 180.0 44.0
16 48 78.0 113.0
12 46 169.0 27.0
32 48 132.0 11.0
10 82 160.0 168.0
88 69 159.0 137.0
77 31 15.0 101.0
63 22 29.0 122.0
78 59 48.0 161.0
17 2 193.0 78.0
89 78 35.0 162.0
34 74 194.0 120.0
2 6 190.0 107.0
70 53 137.0 101.0
83 7 56.0 152.0
28 11 1.0 38.0
18 44 150.0 1.0
5 20 126.0 143.0
14 79 70.0 113.0
8 78 42.0 65.0
79 17 195.0 33.0
69 7 26.0 132.0
14 53 84.0 35.0
8 2 103.0 85.0
49 44 50.0 6.0
72 78 104.0 176.0
21 3 143.0 175.0
12 53 101.0 185.0
69 63 188.0 96.0
23 3 50.0 166.0
45 58 127.0 134.0
5 6 99.0 30.0
92 25 178.0 149.0
11 71 49.0 34.0
9 14 147.0 192.0
78 91 21.0 49.0
61 42 157.0 9.0
35 33 142.0 159.0
90 75 156.0 69.0
83 9 29.0 7.0
16 2 130.0 159.0
31 6 10.0 132.0
84 65 60.0 158.0
63 40 107.0 82.0
29 52 182.0 16.0
84 33 53.0 125.0
55 15 192.0 161.0
63 1 191.0 173.0
53 29 167.0 73.0
34 6 184.0 129.0
71 52 40.0 197.0
39 8 103.0 99.0
59 37 46.0 85.0
8 5 18.0 99.0
26 13 59.0 162.0
53 44 8.0 2.0
20 73 0.0 127.0
78 58 19.0 137.0
57 15 143.0 12.0
22 64 87.0 46.0
12 15 175.0 133.0
3 1 107.0 145.0
13 92 24.0 166.0
83 50 165.0 185.0
30 69 134.0 166.0
74 36 18.0 106.0
9 17 154.0 161.0
17 7 161.0 193.0
91 60 40.0 88.0
3 20 108.0 147.0
58 27 88.0 84.0
11 14 136.0 5.0
87 16 103.0 70.0
51 85 119.0 73.0
55 43 28.0 73.0
50 8 140.0 141.0
67 2 161.0 180.0
60 1 109.0 21.0
27 47 133.0 149.0
12 27 109.0 69.0
83 88 8.0 165.0
81 75 18.0 128.0
26 10 122.0 198.0
18 10 22.0 62.0
30 4 88.0 136.0
4 66 21.0 197.0
60 31 143.0 106.0
58 48 83.0 4.0
43 86 190.0 43.0
17 72 137.0 161.0
30 76 153.0 11.0
10 14 124.0 128.0
22 77 48.0 12.0
90 35 189.0 21.0
65 80 65.0 84.0
5 19 24.0 100.0
4 5 122.0 167.0
28 53 0.0 11.0
9 19 90.0 154.0
37 63 173.0 14.0
87 8 71.0 173.0
14 13 49.0 60.0
3 13 31.0 115.0
82 56 195.0 8.0
12 4 83.0 69.0
4 57 94.0 83.0
23 82 7.0 137.0
92 4 169.0 132.0
11 43 119.0 41.0
21 74 30.0 121.0
55 45 135.0 61.0
48 14 67.0 82.0
57 72 3.0 150.0
76 78 141.0 50.0
23 1 46.0 148.0
12 16 69.0 16.0
56 74 143.0 188.0
3 70 164.0 173.0
62 92 53.0 51.0
13 15 5.0 72.0
89 7 75.0 160.0
32 7 30.0 17.0
62 26 88.0 77.0
39 6 41.0 157.0
27 50 20.0 185.0
68 11 8.0 137.0
10 29 58.0 13.0
47 2 118.0 63.0
48 40 67.0 194.0
47 88 135.0 49.0
61 31 183.0 175.0
14 15 81.0 176.0
5 23 93.0 54.0
21 20 73.0 101.0
48 92 61.0 131.0
1 55 164.0 180.0
3 55 60.0 31.0
90 5 73.0 195.0
76 32 138.0 8.0
11 10 189.0 172.0
19 3 122.0 82.0
62 49 52.0 148.0
6 20 155.0 114.0
7 39 100.0 119.0
16 8 165.0 160.0
7 6 150.0 38.0
75 56 86.0 40.0
24 2 186.0 75.0
3 26 159.0 109.0
23 22 49.0 12.0
4 24 66.0 156.0
85 5 96.0 166.0
71 19 169.0 13.0
63 72 112.0 71.0
26 5 90.0 198.0
12 18 19.0 77.0
9 71 182.0 178.0
92 59 187.0 31.0
1 11 144.0 54.0
7 5 98.0 192.0
64 14 133.0 67.0
34 56 163.0 197.0
92 85 79.0 54.0
1 18 62.0 50.0
82 50 168.0 44.0
4 10 96.0 155.0
55 70 30.0 192.0
23 6 33.0 128.0
59 20 55.0 166.0
12 17 41.0 19.0
72 42 141.0 121.0
1 20 129.0 3.0
69 52 180.0 97.0
9 1 89.0 76.0
25 3 148.0 71.0
22 7 4.0 181.0
47 40 137.0 59.0
79 71 182.0 178.0
20 28 115.0 123.0
48 52 79.0 44.0
51 54 1.0 59.0
2 11 112.0 42.0
81 50 17.0 60.0
77 86 114.0 173.0
33 66 106.0 51.0
84 87 23.0 88.0
25 4 8.0 138.0
20 8 169.0 40.0
17 44 174.0 122.0
56 53 199.0 86.0
50 7 93.0 168.0
40 79 79.0 8.0
92 8 142.0 138.0
2 51 179.0 165.0
24 7 33.0 187.0
24 28 115.0 3.0
72 66 122.0 90.0
67 89 71.0 73.0
4 54 14.0 117.0
19 10 62.0 46.0
13 49 34.0 5.0
47 59 153.0 13.0
67 65 17.0 138.0
41 62 67.0 133.0
76 88 13.0 189.0
17 14 130.0 36.0
56 66 191.0 97.0
71 36 175.0 53.0
32 47 193.0 9.0
14 71 111.0 98.0
83 38 114.0 129.0
23 7 149.0 181.0
6 27 196.0 114.0
29 36 192.0 127.0
49 45 191.0 183.0
1 30 54.0 166.0
60 52 132.0 47.0
70 47 131.0 195.0
84 85 17.0 46.0
3 64 183.0 119.0
91 30 38.0 180.0
21 6 193.0 30.0
56 2 58.0 184.0
67 43 153.0 112.0
42 40 130.0 85.0
86 61 96.0 61.0
2 92 199.0 66.0
19 8 141.0 183.0
23 8 155.0 179.0
17 8 9.0 100.0
56 9 81.0 19.0
26 2 111.0 34.0
19 52 108.0 41.0
21 71 61.0 156.0
71 75 153.0 60.0
88 12 178.0 46.0
3 46 180.0 85.0
22 8 67.0 141.0
62 33 55.0 100.0
12 28 142.0 118.0
79 12 110.0 50.0
82 15 31.0 171.0
38 81 140.0 184.0
92 47 34.0 118.0
1 88 99.0 14.0
89 85 113.0 118.0
19 13 64.0 168.0
11 19 16.0 158.0
30 85 67.0 127.0
7 59 99.0 98.0
2 30 62.0 40.0
18 71 177.0 48.0
67 19 158.0 77.0
51 8 191.0 72.0
31 81 24.0 7.0
7 18 180.0 41.0
42 17 43.0 47.0
23 71 109.0 143.0
42 92 150.0 171.0
70 24 111.0 128.0
82 26 156.0 22.0
73 31 119.0 99.0
19 87 117.0 95.0
84 13 100.0 50.0
69 54 83.0 95.0
32 43 128.0 192.0
42 4 171.0 79.0
67 40 71.0 34.0
26 6 68.0 179.0
3 31 189.0 187.0
29 4 111.0 58.0
44 45 36.0 163.0
20 9 105.0 71.0
6 24 127.0 186.0
67 22 168.0 98.0
11 3 92.0 39.0
22 24 91.0 160.0
6 9 186.0 32.0
48 68 162.0 49.0
60 42 61.0 198.0
9 24 73.0 119.0
49 34 166.0 0.0
3 35 154.0 134.0
18 14 76.0 198.0
4 9 146.0 119.0
59 57 97.0 132.0
72 87 98.0 12.0
21 10 171.0 112.0
5 80 116.0 44.0
9 15 18.0 83.0
18 3 86.0 124.0
20 7 40.0 114.0
5 14 43.0 139.0
79 4 37.0 92.0
15 19 104.0 87.0
17 16 99.0 75.0
71 33 126.0 167.0
6 67 172.0 144.0
11 21 67.0 59.0
10 22 175.0 60.0
60 8 153.0 18.0
11 55 180.0 190.0
76 43 186.0 36.0
34 33 116.0 85.0
23 2 109.0 42.0
4 8 179.0 81.0
76 17 102.0 198.0
23 10 81.0 77.0
22 72 184.0 35.0
34 54 28.0 116.0
4 15 141.0 14.0
49 24 56.0 9.0
1 29 15.0 117.0
43 44 102.0 146.0
60 37 13.0 156.0
12 22 68.0 95.0
1 35 141.0 4.0
88 41 19.0 170.0
58 37 97.0 160.0
8 11 148.0 106.0
5 88 67.0 115.0
39 42 170.0 121.0
78 46 16.0 183.0
15 47 142.0 37.0
81 82 172.0 35.0
71 74 195.0 143.0
27 7 138.0 92.0
33 1 100.0 38.0
43 22 100.0 167.0
28 1 75.0 70.0
86 39 179.0 44.0
33 10 149.0 73.0
39 46 92.0 121.0
15 8 64.0 87.0
80 77 95.0 2.0
31 69 8.0 195.0
38 88 63.0 61.0
36 20 73.0 91.0
58 36 126.0 4.0
45 87 146.0 75.0
40 1 61.0 39.0
5 87 83.0 126.0
71 53 93.0 130.0
70 66 18.0 53.0
9 67 148.0 82.0
87 14 87.0 173.0
89 46 180.0 165.0
40 57 2.0 126.0
12 8 152.0 64.0
9 47 6.0 187.0
47 38 95.0 51.0
52 54 187.0 66.0
28 49 121.0 135.0
10 73 133.0 9.0
27 59 101.0 113.0
64 52 59.0 104.0
66 29 105.0 164.0
23 12 84.0 63.0
50 84 64.0 132.0
85 27 199.0 3.0
75 68 19.0 121.0
48 91 93.0 104.0
57 70 127.0 147.0
29 24 21.0 187.0
92 68 185.0 78.0
79 19 75.0 69.0
50 38 189.0 91.0
20 13 97.0 188.0
23 38 89.0 68.0
36 61 152.0 135.0
38 63 54.0 79.0
1 26 8.0 75.0
86 67 128.0 193.0
24 12 113.0 3.0
14 19 167.0 54.0
31 39 80.0 65.0
25 66 47.0 121.0
75 45 151.0 199.0
55 64 175.0 157.0
22 11 123.0 183.0
92 29 91.0 3.0
28 87 111.0 156.0
18 11 147.0 78.0
89 48 60.0 179.0
62 54 191.0 108.0
46 64 0.0 142.0
15 18 140.0 127.0
10 12 176.0 15.0
5 29 86.0 19.0
21 56 182.0 197.0
7 26 93.0 81.0
30 6 56.0 154.0
31 87 175.0 47.0
58 87 164.0 127.0
67 24 79.0 56.0
21 12 109.0 7.0
86 7 17.0 148.0
62 2 42.0 151.0
82 34 49.0 135.0
14 7 112.0 57.0
44 66 81.0 39.0
9 23 41.0 197.0
3 22 92.0 72.0
29 64 69.0 153.0
70 50 10.0 86.0
92 23 124.0 52.0
32 4 21.0 125.0
50 44 92.0 85.0
19 1 39.0 173.0
72 47 17.0 32.0
16 57 155.0 109.0
28 56 40.0 24.0
3 29 115.0 50.0
22 6 28.0 40.0
78 14 30.0 1.0
10 8 92.0 123.0
11 20 6.0 131.0
24 11 50.0 175.0
12 26 154.0 6.0
30 7 120.0 194.0
58 9 98.0 188.0
87 41 100.0 126.0
2 80 198.0 130.0
8 26 128.0 90.0
35 59 177.0 86.0
14 66 61.0 179.0
91 10 54.0 15.0
33 31 13.0 175.0
39 16 113.0 112.0
56 67 192.0 13.0
3 44 83.0 190.0
28 8 59.0 163.0
84 90 48.0 188.0
11 23 17.0 61.0
46 70 73.0 72.0
8 52 149.0 86.0
25 8 9.0 14.0
34 16 59.0 153.0
8 45 128.0 94.0
30 47 40.0 139.0
44 60 26.0 88.0
43 31 151.0 44.0
6 15 170.0 24.0
8 32 181.0 71.0
50 11 50.0 142.0
66 84 140.0 109.0
21 16 72.0 20.0
71 4 25.0 64.0
11 34 85.0 52.0
64 89 138.0 36.0
45 6 31.0 108.0
16 14 185.0 164.0
66 71 35.0 36.0
24 10 97.0 127.0
50 1 67.0 121.0
44 67 50.0 93.0
8 18 50.0 87.0
58 52 109.0 188.0
57 17 12.0 140.0
32 29 101.0 198.0
7 87 19.0 136.0
8 27 89.0 68.0
15 22 127.0 156.0
7 28 123.0 177.0
51 61 43.0 125.0
60 50 28.0 152.0
14 61 92.0 40.0
89 35 14.0 193.0
29 30 164.0 186.0
30 67 12.0 53.0
69 46 28.0 139.0
19 12 13.0 103.0
85 41 24.0 57.0
90 10 54.0 52.0
71 25 106.0 99.0
60 41 163.0 73.0
19 24 175.0 79.0
38 73 14.0 139.0
27 4 9.0 194.0
68 47 184.0 22.0
87 80 20.0 8.0
90 21 47.0 26.0
85 34 195.0 153.0
75 87 0.0 111.0
58 3 103.0 127.0
76 19 169.0 69.0
62 24 197.0 178.0
18 49 40.0 133.0
37 2 177.0 12.0
62 75 113.0 24.0
17 66 190.0 109.0
9 77 145.0 142.0
79 22 85.0 0.0
40 22 137.0 6.0
46 65 150.0 86.0
22 28 25.0 142.0
7 29 169.0 2.0
78 75 13.0 82.0
88 40 15.0 155.0
24 14 30.0 113.0
35 74 157.0 67.0
4 22 124.0 46.0
91 1 99.0 74.0
28 70 167.0 124.0
72 51 68.0 136.0
73 16 164.0 81.0
3 33 182.0 131.0
86 37 155.0 164.0
19 84 197.0 65.0
18 56 116.0 73.0
5 64 51.0 167.0
81 49 40.0 171.0
7 52 131.0 108.0
15 71 97.0 95.0
51 23 168.0 31.0
21 5 133.0 123.0
7 45 132.0 82.0
9 52 152.0 0.0
63 64 171.0 3.0
60 55 38.0 11.0
13 22 16.0 169.0
62 45 96.0 113.0
15 77 65.0 64.0
40 20 118.0 150.0
65 29 132.0 2.0
80 7 146.0 84.0
16 11 85.0 117.0
15 69 104.0 123.0
32 6 165.0 120.0
73 79 102.0 61.0
3 32 174.0 120.0
57 91 144.0 44.0
28 63 98.0 76.0
69 17 121.0 44.0
69 10 22.0 6.0
26 58 193.0 78.0
46 51 185.0 158.0
77 48 19.0 40.0
13 23 160.0 145.0
17 15 141.0 105.0
8 62 35.0 40.0
27 13 54.0 156.0
63 24 191.0 28.0
35 4 74.0 184.0
37 27 41.0 11.0
22 16 161.0 12.0
80 50 146.0 74.0
35 76 133.0 39.0
28 3 14.0 120.0
61 69 114.0 68.0
92 41 188.0 105.0
7 31 59.0 14.0
17 58 154.0 52.0
74 77 192.0 115.0
74 10 23.0 90.0
33 15 89.0 156.0
10 25 125.0 103.0
85 53 96.0 191.0
23 14 127.0 36.0
64 31 179.0 138.0
36 87 56.0 133.0
71 54 83.0 49.0
11 32 15.0 106.0
46 71 79.0 104.0
87 20 146.0 156.0
19 16 8.0 194.0
34 4 40.0 87.0
31 5 12.0 19.0
32 46 77.0 68.0
7 70 48.0 160.0
21 7 30.0 63.0
41 76 178.0 109.0
44 23 162.0 76.0
8 29 115.0 122.0
15 21 190.0 155.0
27 75 153.0 2.0
28 23 137.0 182.0
13 18 53.0 138.0
73 6 48.0 83.0
82 70 152.0 26.0
18 21 81.0 66.0
1 34 131.0 196.0
3 30 185.0 121.0
86 64 61.0 90.0
18 22 142.0 150.0
32 41 32.0 195.0
38 1 19.0 80.0
8 64 90.0 171.0
63 6 88.0 123.0
67 48 129.0 19.0
59 30 4.0 66.0
18 5 66.0 17.0
38 64 149.0 160.0
4 21 106.0 181.0
91 90 65.0 125.0
9 45 34.0 108.0
33 4 168.0 74.0
36 91 29.0 49.0
7 25 155.0 185.0
80 23 5.0 174.0
35 39 34.0 106.0
47 20 132.0 140.0
17 82 125.0 197.0
34 90 102.0 111.0
38 59 96.0 22.0
2 34 19.0 125.0
51 24 114.0 126.0
86 17 139.0 119.0
28 6 181.0 173.0
5 32 20.0 113.0
63 79 99.0 97.0
77 2 161.0 154.0
60 77 179.0 57.0
13 51 138.0 198.0
22 89 63.0 52.0
14 8 68.0 2.0
36 3 20.0 1.0
12 25 180.0 41.0
29 51 152.0 79.0
92 30 46.0 113.0
15 51 162.0 25.0
18 16 6.0 100.0
5 34 133.0 69.0
81 77 33.0 153.0
16 25 49.0 53.0
77 3 52.0 181.0
14 26 36.0 5.0
19 35 56.0 83.0
34 25 154.0 18.0
73 32 40.0 160.0
17 6 108.0 125.0
79 51 62.0 93.0
19 20 108.0 111.0
82 86 82.0 112.0
75 30 152.0 119.0
13 91 37.0 161.0
63 56 98.0 143.0
40 2 130.0 138.0
86 4 195.0 191.0
2 33 29.0 57.0
5 22 129.0 89.0
25 13 24.0 11.0
72 31 115.0 128.0
15 23 99.0 104.0
30 8 175.0 197.0
1 37 44.0 58.0
48 66 197.0 40.0
46 2 69.0 178.0
43 57 136.0 150.0
7 62 197.0 112.0
2 4 32.0 65.0
21 19 103.0 131.0
90 46 128.0 79.0
90 78 24.0 172.0
51 69 175.0 173.0
19 61 184.0 196.0
25 79 146.0 73.0
27 14 160.0 143.0
51 9 109.0 192.0
91 69 3.0 164.0
8 33 30.0 131.0
17 48 22.0 54.0
26 4 34.0 150.0
61 23 8.0 170.0
50 4 57.0 106.0
31 8 159.0 169.0
11 42 44.0 68.0
58 38 98.0 47.0
69 75 113.0 128.0
30 44 157.0 87.0
36 6 151.0 143.0
37 43 181.0 111.0
15 27 90.0 190.0
83 16 180.0 50.0
5 91 62.0 176.0
76 52 36.0 112.0
74 70 91.0 101.0
61 41 147.0 0.0
37 3 66.0 50.0
87 82 167.0 47.0
10 28 148.0 10.0
73 45 20.0 81.0
83 6 90.0 34.0
6 72 138.0 78.0
49 48 124.0 181.0
36 39 49.0 71.0
83 66 88.0 115.0
9 31 12.0 7.0
20 70 51.0 112.0
62 78 16.0 24.0
23 16 36.0 58.0
30 11 153.0 126.0
36 49 186.0 77.0
87 53 72.0 36.0
26 40 55.0 160.0
3 60 121.0 19.0
78 77 118.0 173.0
10 34 80.0 86.0
92 21 21.0 68.0
9 36 147.0 174.0
84 57 1.0 134.0
9 21 78.0 25.0
2 58 91.0 85.0
65 54 193.0 165.0
38 75 18.0 64.0
16 91 198.0 99.0
28 9 79.0 19.0
31 4 25.0 27.0
13 28 6.0 178.0
39 1 12.0 36.0
21 63 149.0 56.0
24 78 120.0 94.0
60 75 198.0 138.0
22 38 60.0 196.0
86 25 127.0 139.0
31 51 64.0 153.0
56 24 170.0 22.0
80 20 179.0 183.0
82 68 16.0 80.0
53 72 19.0 136.0
54 75 50.0 169.0
61 66 29.0 110.0
38 15 47.0 108.0
65 2 104.0 111.0
26 19 184.0 74.0
26 9 182.0 115.0
29 49 108.0 198.0
28 59 112.0 79.0
81 37 32.0 163.0
51 22 99.0 13.0
36 35 148.0 147.0
36 15 184.0 4.0
31 10 145.0 120.0
34 7 88.0 79.0
16 24 107.0 197.0
88 9 180.0 19.0
46 27 195.0 164.0
49 71 187.0 46.0
53 90 43.0 87.0
53 24 4.0 28.0
7 53 114.0 102.0
2 38 120.0 2.0
60 80 174.0 27.0
89 84 9.0 106.0
18 48 93.0 4.0
66 19 5.0 33.0
57 45 104.0 48.0
17 53 38.0 60.0
24 18 65.0 152.0
65 91 107.0 186.0
35 6 190.0 33.0
27 11 98.0 199.0
56 84 164.0 143.0
50 49 105.0 169.0
42 62 13.0 161.0
63 3 79.0 51.0
77 52 184.0 96.0
50 87 71.0 43.0
17 50 116.0 61.0
20 18 84.0 166.0
1 41 125.0 48.0
3 39 87.0 182.0
19 65 40.0 52.0
35 5 6.0 71.0
27 41 24.0 191.0
35 51 154.0 95.0
16 13 88.0 71.0
70 22 137.0 172.0
60 29 138.0 14.0
78 25 32.0 25.0
89 79 10.0 72.0
9 33 96.0 17.0
61 33 66.0 72.0
37 4 66.0 173.0
21 17 46.0 154.0
78 32 133.0 135.0
60 82 193.0 23.0
9 32 94.0 25.0
71 58 116.0 104.0
15 26 9.0 164.0
38 21 36.0 28.0
28 38 32.0 102.0
2 41 182.0 30.0
36 4 139.0 115.0
47 67 67.0 132.0
60 6 121.0 161.0
63 67 104.0 189.0
43 1 29.0 113.0
20 23 97.0 17.0
75 76 91.0 129.0
30 5 15.0 74.0
35 2 94.0 154.0
5 39 75.0 161.0
10 30 57.0 148.0
20 10 136.0 161.0
37 7 185.0 117.0
89 27 15.0 82.0
30 12 85.0 58.0
15 53 150.0 52.0
10 27 162.0 44.0
69 42 95.0 37.0
12 32 77.0 152.0
44 71 167.0 14.0
30 16 13.0 104.0
83 51 175.0 180.0
42 48 175.0 12.0
48 21 53.0 125.0
51 18 170.0 167.0
59 1 63.0 65.0
12 20 17.0 140.0
73 87 81.0 136.0
11 49 160.0 94.0
29 14 79.0 87.0
14 30 93.0 54.0
17 56 139.0 99.0
11 29 131.0 109.0
22 21 165.0 146.0
66 43 85.0 182.0
38 24 183.0 166.0
26 18 90.0 95.0
25 18 57.0 121.0
22 20 199.0 151.0
14 28 160.0 138.0
29 80 139.0 43.0
51 90 175.0 56.0
80 16 20.0 60.0
39 47 173.0 155.0
24 17 30.0 15.0
25 9 19.0 88.0
33 7 172.0 18.0
6 37 61.0 84.0
37 56 34.0 153.0
4 23 96.0 10.0
73 11 110.0 68.0
58 21 192.0 36.0
8 36 163.0 174.0
57 7 53.0 135.0
90 22 150.0 178.0
19 43 170.0 164.0
47 58 10.0 156.0
23 31 79.0 58.0
42 36 94.0 141.0
56 86 33.0 38.0
50 61 169.0 149.0
16 69 136.0 23.0
38 46 51.0 39.0
27 16 157.0 173.0
69 83 150.0 168.0
21 59 141.0 29.0
19 7 160.0 187.0
5 74 81.0 146.0
83 76 169.0 51.0
52 83 168.0 57.0
14 31 194.0 172.0
48 46 171.0 152.0
76 85 28.0 74.0
17 23 108.0 121.0
16 26 31.0 20.0
79 75 76.0 112.0
19 23 144.0 197.0
10 80 24.0 113.0
64 42 3.0 19.0
35 8 66.0 126.0
17 18 149.0 46.0
10 32 186.0 9.0
29 71 115.0 169.0
27 1 114.0 143.0
9 34 195.0 58.0
81 52 99.0 19.0
41 75 199.0 54.0
30 90 12.0 65.0
23 21 141.0 162.0
35 40 59.0 80.0
29 6 158.0 126.0
32 58 185.0 72.0
59 23 110.0 132.0
38 7 70.0 162.0
20 15 7.0 69.0
10 87 131.0 172.0
22 14 132.0 72.0
70 65 67.0 191.0
31 26 37.0 25.0
29 9 53.0 174.0
30 13 89.0 115.0
21 24 152.0 160.0
38 5 43.0 111.0
41 3 169.0 126.0
2 88 83.0 101.0
8 49 9.0 102.0
74 44 4.0 199.0
57 30 11.0 9.0
69 41 90.0 101.0
34 8 48.0 194.0
16 28 14.0 43.0
58 35 166.0 184.0
70 26 128.0 1.0
14 32 147.0 138.0
19 18 62.0 103.0
47 13 94.0 74.0
2 68 143.0 136.0
49 51 134.0 143.0
45 31 185.0 149.0
13 34 133.0 103.0
40 4 156.0 62.0
26 17 47.0 104.0
2 48 55.0 109.0
9 84 13.0 102.0
28 4 50.0 108.0
43 4 165.0 185.0
54 7 2.0 102.0
40 10 45.0 135.0
27 70 127.0 2.0
5 33 94.0 174.0
5 36 137.0 102.0
60 17 81.0 102.0
75 51 123.0 84.0
34 58 155.0 88.0
64 67 30.0 157.0
25 65 66.0 75.0
43 38 95.0 145.0
17 29 1.0 142.0
1 44 78.0 138.0
5 42 2.0 111.0
48 88 65.0 126.0
7 36 27.0 20.0
78 22 113.0 57.0
86 14 15.0 131.0
51 66 98.0 63.0
77 34 7.0 51.0
90 54 9.0 85.0
51 62 186.0 163.0
2 42 65.0 3.0
85 36 21.0 44.0
10 36 77.0 86.0
80 34 53.0 45.0
47 89 147.0 103.0
30 39 74.0 106.0
1 45 30.0 35.0
14 63 189.0 168.0
85 56 152.0 6.0
15 31 154.0 173.0
2 28 196.0 184.0
13 17 27.0 49.0
6 50 10.0 126.0
88 37 107.0 84.0
81 80 173.0 90.0
50 67 61.0 115.0
43 3 32.0 13.0
45 27 181.0 139.0
54 8 82.0 177.0
12 33 97.0 109.0
33 48 95.0 59.0
32 92 52.0 155.0
79 34 35.0 177.0
29 15 37.0 49.0
87 39 90.0 22.0
14 62 6.0 72.0
69 2 44.0 88.0
25 38 64.0 93.0
17 22 12.0 112.0
44 72 13.0 16.0
13 42 119.0 48.0
27 20 52.0 109.0
13 36 121.0 142.0
10 6 136.0 127.0
28 5 148.0 132.0
90 14 6.0 165.0
18 58 176.0 18.0
37 75 112.0 189.0
18 28 17.0 183.0
35 13 55.0 21.0
12 35 75.0 128.0
63 12 98.0 11.0
64 4 141.0 47.0
57 25 49.0 147.0
82 42 89.0 25.0
24 15 34.0 153.0
38 6 147.0 52.0
50 2 108.0 154.0
24 13 72.0 136.0
10 35 113.0 122.0
88 22 115.0 54.0
46 1 78.0 165.0
43 51 77.0 167.0
2 29 113.0 111.0
20 26 142.0 12.0
40 5 82.0 2.0
61 83 137.0 154.0
75 66 33.0 50.0
35 49 36.0 148.0
11 35 183.0 114.0
32 15 13.0 60.0
25 21 67.0 78.0
40 91 180.0 9.0
17 28 56.0 63.0
23 66 140.0 193.0
79 29 149.0 173.0
77 79 14.0 185.0
64 20 43.0 197.0
9 40 192.0 56.0
43 5 173.0 59.0
53 66 184.0 106.0
6 86 135.0 40.0
59 75 89.0 76.0
7 35 34.0 190.0
12 34 63.0 48.0
35 14 64.0 58.0
45 80 142.0 8.0
42 88 82.0 67.0
61 58 73.0 66.0
51 68 137.0 161.0
90 50 75.0 26.0
79 65 18.0 109.0
40 3 73.0 33.0
1 42 68.0 137.0
27 66 112.0 162.0
62 50 5.0 194.0
56 45 1.0 31.0
60 73 164.0 138.0
2 45 75.0 191.0
41 82 179.0 93.0
45 3 23.0 53.0
18 27 128.0 43.0
13 32 5.0 192.0
47 1 93.0 162.0
52 2 22.0 95.0
6 43 22.0 139.0
47 75 34.0 50.0
8 38 98.0 14.0
19 28 192.0 73.0
29 18 49.0 72.0
78 30 12.0 54.0
17 25 154.0 57.0
2 31 4.0 129.0
35 77 88.0 178.0
59 49 134.0 74.0
5 41 98.0 32.0
68 71 21.0 42.0
34 14 0.0 22.0
5 2 135.0 164.0
23 24 112.0 89.0
29 22 112.0 68.0
59 64 189.0 152.0
60 27 103.0 123.0
29 21 30.0 153.0
46 60 92.0 3.0
33 11 193.0 92.0
4 69 53.0 128.0
46 87 3.0 117.0
69 79 131.0 67.0
90 20 164.0 120.0
17 33 169.0 20.0
36 11 20.0 151.0
18 84 135.0 112.0
20 29 188.0 128.0
41 90 41.0 193.0
32 39 23.0 197.0
65 77 185.0 154.0
45 79 34.0 150.0
2 43 124.0 155.0
11 37 16.0 144.0
38 17 194.0 151.0
81 69 128.0 182.0
14 56 76.0 121.0
26 24 38.0 99.0
44 7 19.0 24.0
16 32 102.0 5.0
38 4 39.0 26.0
59 55 184.0 8.0
25 20 142.0 178.0
37 9 88.0 70.0
53 4 30.0 164.0
87 37 45.0 69.0
15 70 102.0 16.0
46 5 163.0 4.0
47 4 55.0 154.0
26 23 82.0 39.0
23 39 121.0 24.0
16 29 75.0 10.0
37 12 100.0 58.0
63 84 164.0 145.0
61 22 39.0 67.0
22 26 171.0 154.0
19 81 110.0 178.0
76 51 1.0 193.0
37 50 175.0 122.0
61 49 54.0 50.0
76 53 153.0 154.0
84 12 159.0 118.0
41 4 2.0 198.0
29 19 70.0 173.0
70 64 92.0 181.0
62 35 61.0 45.0
14 36 111.0 36.0
73 92 167.0 165.0
6 46 87.0 120.0
27 67 38.0 198.0
23 18 144.0 192.0
82 58 170.0 14.0
5 45 142.0 14.0
18 31 169.0 156.0
88 57 135.0 32.0
17 34 35.0 102.0
30 17 96.0 74.0
38 12 196.0 86.0
14 60 27.0 92.0
17 35 17.0 197.0
63 17 128.0 112.0
27 22 154.0 49.0
14 20 148.0 41.0
68 4 5.0 135.0
59 2 187.0 53.0
14 84 7.0 135.0
53 1 71.0 34.0
68 28 141.0 40.0
5 47 123.0 69.0
49 3 137.0 29.0
10 42 135.0 37.0
41 7 36.0 92.0
78 6 166.0 175.0
90 56 63.0 125.0
88 32 130.0 134.0
8 88 90.0 71.0
92 14 52.0 13.0
76 8 115.0 141.0
23 83 32.0 3.0
27 24 35.0 21.0
30 33 134.0 153.0
41 10 54.0 197.0
40 11 181.0 184.0
92 37 90.0 72.0
50 14 64.0 94.0
61 12 98.0 132.0
37 5 115.0 83.0
47 6 127.0 150.0
22 25 168.0 13.0
36 60 173.0 174.0
24 92 58.0 155.0
76 72 20.0 100.0
1 49 1.0 84.0
12 29 148.0 99.0
42 8 38.0 63.0
5 25 147.0 117.0
75 44 157.0 115.0
51 34 93.0 130.0
73 66 119.0 103.0
85 52 185.0 139.0
59 9 85.0 186.0
13 31 96.0 185.0
13 40 162.0 86.0
79 84 140.0 109.0
75 29 132.0 97.0
63 57 66.0 177.0
4 48 34.0 138.0
36 12 90.0 19.0
90 62 198.0 127.0
27 29 14.0 46.0
16 31 183.0 129.0
28 67 174.0 124.0
44 54 33.0 106.0
17 32 19.0 51.0
89 50 56.0 53.0
40 81 24.0 147.0
90 47 71.0 174.0
76 33 108.0 38.0
15 37 192.0 91.0
10 48 124.0 166.0
9 38 94.0 157.0
31 17 177.0 113.0
20 30 121.0 33.0
24 30 19.0 98.0
30 22 2.0 43.0
54 26 101.0 62.0
16 36 5.0 45.0
70 52 14.0 82.0
40 6 144.0 108.0
61 63 55.0 73.0
16 38 83.0 128.0
44 63 150.0 54.0
44 82 0.0 104.0
31 11 26.0 53.0
41 9 145.0 184.0
9 42 98.0 159.0
22 32 10.0 195.0
54 41 134.0 65.0
13 39 167.0 17.0
8 40 127.0 69.0
90 55 99.0 79.0
9 49 164.0 126.0
32 20 46.0 109.0
37 73 137.0 144.0
65 44 33.0 99.0
14 39 87.0 167.0
47 8 186.0 54.0
13 81 129.0 65.0
43 17 142.0 180.0
13 43 164.0 59.0
89 25 0.0 10.0
6 75 133.0 90.0
27 42 110.0 166.0
59 31 120.0 197.0
35 41 182.0 58.0
69 40 82.0 63.0
16 35 151.0 176.0
27 28 175.0 67.0
25 62 1.0 127.0
85 82 86.0 86.0
20 33 65.0 196.0
31 22 161.0 137.0
51 3 133.0 143.0
67 36 193.0 167.0
48 73 57.0 144.0
7 47 143.0 32.0
58 29 129.0 144.0
58 55 88.0 15.0
28 80 173.0 105.0
22 91 162.0 86.0
66 47 59.0 48.0
82 16 96.0 4.0
43 10 147.0 153.0
14 33 58.0 90.0
2 44 179.0 140.0
25 29 4.0 20.0
30 15 132.0 130.0
17 49 61.0 46.0
43 23 91.0 73.0
79 74 77.0 187.0
37 18 43.0 176.0
28 44 81.0 54.0
45 4 127.0 12.0
30 19 172.0 84.0
49 2 182.0 56.0
16 33 133.0 43.0
19 33 115.0 176.0
22 33 124.0 193.0
54 2 40.0 120.0
57 19 194.0 121.0
41 15 21.0 74.0
40 14 180.0 146.0
12 42 106.0 114.0
2 66 159.0 39.0
43 65 172.0 74.0
81 32 141.0 48.0
46 41 177.0 181.0
7 63 166.0 124.0
36 51 9.0 140.0
53 3 80.0 189.0
18 36 98.0 186.0
58 59 191.0 57.0
53 2 78.0 115.0
46 7 92.0 171.0
18 34 82.0 69.0
44 11 97.0 1.0
88 90 51.0 59.0
21 27 19.0 83.0
21 35 21.0 117.0
33 23 146.0 12.0
3 42 113.0 176.0
79 32 182.0 157.0
80 19 57.0 17.0
57 51 19.0 106.0
88 86 90.0 71.0
44 9 22.0 109.0
21 60 176.0 195.0
47 11 115.0 74.0
19 36 32.0 180.0
14 43 48.0 167.0
15 34 192.0 57.0
39 10 65.0 11.0
7 48 199.0 107.0
4 49 117.0 173.0
7 42 101.0 46.0
48 13 165.0 168.0
12 50 120.0 150.0
14 41 106.0 169.0
42 67 55.0 98.0
71 7 176.0 72.0
20 34 37.0 175.0
60 10 143.0 107.0
6 49 197.0 196.0
82 73 148.0 114.0
70 13 56.0 21.0
24 25 82.0 114.0
73 86 15.0 89.0
92 26 123.0 191.0
69 67 40.0 161.0
10 46 41.0 135.0
10 68 102.0 38.0
48 45 17.0 3.0
39 11 150.0 73.0
22 34 86.0 185.0
61 35 179.0 101.0
20 24 32.0 103.0
26 30 134.0 24.0
45 76 161.0 175.0
51 30 42.0 15.0
23 27 39.0 11.0
55 9 160.0 189.0
76 11 128.0 199.0
86 53 141.0 59.0
70 23 12.0 173.0
35 23 166.0 146.0
48 8 104.0 79.0
60 68 109.0 146.0
3 52 108.0 148.0
90 23 120.0 20.0
73 80 169.0 48.0
41 65 169.0 110.0
44 13 153.0 181.0
47 12 47.0 119.0
31 27 193.0 151.0
87 6 111.0 102.0
26 29 103.0 19.0
62 29 61.0 24.0
45 10 83.0 31.0
8 41 107.0 4.0
22 86 19.0 60.0
21 37 18.0 67.0
87 59 128.0 11.0
48 5 178.0 192.0
31 25 114.0 34.0
80 67 15.0 127.0
38 19 167.0 50.0
65 56 85.0 26.0
38 20 9.0 105.0
18 65 52.0 28.0
49 10 162.0 132.0
66 13 78.0 93.0
65 92 43.0 144.0
66 85 171.0 10.0
51 78 186.0 90.0
41 17 60.0 72.0
59 70 76.0 70.0
82 51 43.0 128.0
36 23 51.0 158.0
90 24 25.0 81.0
21 32 171.0 68.0
55 4 32.0 94.0
17 40 160.0 171.0
90 4 112.0 20.0
24 32 25.0 188.0
57 77 134.0 68.0
61 55 169.0 137.0
7 49 167.0 146.0
29 76 198.0 138.0
31 21 90.0 183.0
87 79 175.0 2.0
27 30 121.0 39.0
57 1 157.0 98.0
20 63 128.0 43.0
28 29 182.0 97.0
84 49 147.0 150.0
72 13 9.0 146.0
15 40 147.0 51.0
80 66 184.0 75.0
34 24 44.0 57.0
71 8 189.0 154.0
5 51 122.0 69.0
46 13 129.0 105.0
44 52 126.0 76.0
11 48 73.0 87.0
36 59 138.0 172.0
53 5 122.0 122.0
14 45 56.0 167.0
37 20 160.0 197.0
15 84 48.0 82.0
79 60 101.0 177.0
59 67 194.0 27.0
46 9 132.0 19.0
20 35 147.0 70.0
80 82 153.0 69.0
69 5 11.0 161.0
54 63 180.0 123.0
15 39 163.0 28.0
51 7 91.0 64.0
3 27 192.0 37.0
2 61 161.0 76.0
25 32 191.0 60.0
53 31 120.0 96.0
28 31 132.0 83.0
60 39 193.0 112.0
81 65 109.0 156.0
4 39 166.0 152.0
44 15 22.0 111.0
39 19 198.0 183.0
16 42 34.0 141.0
18 39 148.0 155.0
75 3 62.0 80.0
82 21 161.0 7.0
25 28 191.0 22.0
43 15 1.0 110.0
33 74 115.0 23.0
56 1 151.0 65.0
36 22 184.0 185.0
57 21 43.0 85.0
64 10 80.0 57.0
53 6 51.0 41.0
76 84 68.0 194.0
2 39 106.0 21.0
74 49 38.0 21.0
26 34 13.0 189.0
10 71 194.0 197.0
16 40 150.0 189.0
33 26 62.0 182.0
26 32 145.0 65.0
59 4 75.0 165.0
37 22 41.0 133.0
52 1 41.0 31.0
50 5 190.0 54.0
36 1 118.0 136.0
41 19 86.0 20.0
45 13 41.0 100.0
52 10 63.0 139.0
33 49 44.0 90.0
1 54 177.0 38.0
67 54 75.0 18.0
83 37 141.0 18.0
85 87 114.0 11.0
3 57 11.0 0.0
50 33 10.0 5.0
62 5 49.0 25.0
19 42 147.0 94.0
25 33 126.0 125.0
32 28 195.0 1.0
53 40 148.0 88.0
3 56 14.0 62.0
51 87 115.0 177.0
27 51 187.0 77.0
18 42 183.0 188.0
15 42 165.0 130.0
50 9 72.0 43.0
24 31 175.0 19.0
33 24 46.0 123.0
21 40 90.0 12.0
24 35 169.0 5.0
28 30 107.0 108.0
26 77 59.0 90.0
48 85 49.0 177.0
45 15 35.0 73.0
12 44 186.0 162.0
11 46 160.0 184.0
6 51 125.0 2.0
23 32 167.0 94.0
64 35 132.0 74.0
27 33 133.0 144.0
10 50 21.0 135.0
38 89 63.0 56.0
41 21 54.0 1.0
21 33 29.0 167.0
53 8 177.0 106.0
1 8 124.0 97.0
35 72 108.0 9.0
45 26 129.0 194.0
39 21 23.0 150.0
54 35 143.0 38.0
59 3 183.0 149.0
3 50 15.0 164.0
30 31 167.0 145.0
35 63 32.0 44.0
20 42 5.0 92.0
46 15 88.0 86.0
26 35 57.0 63.0
91 7 122.0 0.0
86 54 22.0 57.0
67 14 104.0 190.0
58 1 121.0 23.0
24 37 46.0 105.0
29 31 86.0 4.0
5 55 52.0 126.0
6 55 25.0 109.0
85 74 137.0 148.0
47 16 28.0 160.0
12 55 78.0 84.0
62 21 70.0 152.0
92 70 56.0 68.0
8 46 92.0 142.0
36 17 146.0 96.0
40 82 55.0 171.0
63 36 180.0 192.0
50 13 112.0 161.0
47 18 195.0 142.0
54 6 89.0 17.0
25 26 159.0 97.0
31 36 129.0 3.0
17 45 23.0 75.0
41 84 26.0 78.0
46 16 99.0 159.0
52 45 134.0 163.0
62 79 127.0 81.0
37 23 104.0 168.0
58 6 103.0 16.0
21 36 21.0 185.0
84 1 79.0 44.0
84 44 130.0 58.0
40 18 177.0 181.0
78 54 158.0 111.0
80 78 155.0 37.0
37 62 85.0 60.0
16 41 79.0 188.0
76 50 70.0 100.0
51 65 149.0 102.0
16 77 21.0 31.0
27 26 122.0 199.0
56 4 113.0 32.0
53 11 3.0 20.0
36 65 98.0 88.0
17 70 60.0 129.0
41 20 44.0 130.0
6 61 1.0 194.0
12 48 177.0 22.0
19 58 100.0 51.0
57 2 43.0 165.0
11 87 181.0 47.0
7 76 79.0 31.0
32 1 175.0 139.0
42 38 19.0 19.0
13 38 54.0 172.0
24 91 29.0 184.0
5 60 156.0 130.0
4 72 25.0 151.0
28 35 52.0 7.0
52 4 58.0 131.0
28 34 44.0 185.0
52 34 1.0 15.0
33 28 9.0 56.0
60 2 54.0 39.0
52 6 99.0 162.0
11 52 2.0 124.0
35 22 158.0 6.0
22 42 25.0 168.0
72 27 154.0 69.0
60 62 129.0 156.0
39 26 158.0 139.0
6 56 31.0 164.0
80 11 171.0 82.0
12 45 112.0 125.0
55 7 164.0 70.0
35 31 179.0 141.0
25 88 55.0 134.0
12 52 24.0 185.0
28 21 10.0 135.0
39 92 9.0 193.0
15 49 122.0 132.0
72 7 125.0 186.0
34 61 10.0 42.0
59 52 95.0 141.0
87 56 98.0 150.0
30 56 123.0 75.0
35 25 169.0 85.0
58 8 39.0 130.0
12 49 190.0 113.0
66 92 14.0 67.0
60 70 58.0 176.0
70 87 143.0 153.0
50 68 15.0 194.0
72 90 154.0 90.0
18 46 92.0 76.0
27 36 114.0 84.0
30 62 46.0 56.0
62 68 108.0 13.0
86 58 182.0 166.0
19 46 157.0 77.0
64 84 166.0 172.0
35 27 123.0 72.0
36 28 149.0 168.0
84 77 32.0 15.0
11 54 154.0 31.0
16 61 132.0 63.0
66 22 45.0 66.0
70 80 28.0 2.0
10 54 107.0 194.0
62 1 35.0 183.0
76 40 178.0 136.0
53 9 60.0 162.0
10 47 122.0 15.0
8 55 175.0 54.0
45 19 64.0 172.0
77 11 31.0 92.0
85 67 96.0 90.0
70 90 176.0 83.0
37 61 35.0 154.0
81 61 147.0 96.0
41 23 51.0 70.0
78 61 152.0 26.0
30 35 165.0 17.0
65 50 80.0 148.0
65 3 157.0 177.0
54 9 144.0 133.0
26 36 156.0 132.0
23 40 17.0 56.0
17 46 184.0 69.0
60 4 55.0 88.0
10 16 74.0 172.0
56 69 19.0 107.0
72 69 31.0 176.0
5 57 33.0 127.0
37 28 55.0 189.0
53 13 82.0 73.0
60 11 134.0 18.0
51 14 91.0 141.0
81 59 187.0 118.0
75 86 1.0 158.0
25 37 61.0 184.0
52 25 47.0 94.0
42 21 115.0 103.0
9 43 13.0 149.0
14 47 115.0 147.0
41 22 47.0 7.0
19 47 93.0 187.0
26 37 67.0 46.0
42 25 83.0 80.0
35 29 18.0 131.0
26 28 100.0 85.0
20 44 136.0 113.0
20 53 134.0 51.0
42 35 55.0 133.0
8 37 141.0 148.0
10 51 154.0 8.0
29 33 25.0 37.0
53 10 131.0 195.0
37 30 68.0 31.0
49 30 23.0 4.0
25 39 58.0 109.0
36 32 106.0 114.0
76 39 85.0 47.0
42 53 91.0 39.0
54 12 65.0 68.0
22 73 55.0 148.0
30 88 165.0 124.0
65 5 34.0 140.0
38 27 107.0 44.0
16 49 6.0 13.0
1 65 190.0 43.0
33 87 69.0 34.0
88 19 12.0 86.0
91 11 167.0 67.0
47 60 194.0 84.0
25 40 64.0 180.0
38 30 117.0 171.0
64 21 12.0 75.0
44 21 121.0 3.0
59 6 16.0 143.0
64 82 162.0 180.0
24 40 86.0 129.0
16 79 119.0 80.0
32 31 64.0 184.0
24 42 173.0 133.0
45 16 97.0 138.0
76 34 81.0 18.0
79 58 173.0 97.0
32 34 15.0 87.0
71 86 173.0 101.0
39 28 173.0 93.0
40 29 80.0 189.0
47 22 84.0 6.0
14 52 10.0 181.0
34 81 71.0 91.0
61 8 112.0 196.0
45 22 49.0 79.0
13 52 36.0 22.0
3 61 108.0 161.0
21 46 137.0 141.0
47 21 108.0 21.0
18 50 32.0 119.0
5 58 172.0 103.0
51 17 122.0 37.0
16 81 140.0 171.0
30 34 163.0 128.0
21 45 62.0 23.0
5 61 170.0 199.0
9 57 154.0 79.0
64 19 34.0 186.0
33 54 112.0 159.0
63 4 132.0 34.0
46 22 113.0 25.0
1 86 117.0 28.0
52 16 140.0 179.0
45 25 128.0 111.0
16 75 182.0 34.0
33 32 100.0 169.0
47 73 59.0 12.0
64 6 92.0 192.0
28 40 61.0 158.0
83 91 70.0 178.0
23 46 159.0 10.0
85 22 47.0 39.0
24 43 107.0 30.0
59 44 61.0 8.0
64 77 155.0 120.0
76 73 80.0 199.0
49 21 156.0 141.0
69 1 38.0 26.0
62 6 126.0 197.0
91 33 29.0 174.0
47 69 108.0 137.0
55 13 186.0 169.0
82 79 145.0 141.0
59 45 188.0 25.0
1 66 98.0 144.0
52 47 77.0 136.0
23 55 172.0 155.0
9 60 184.0 154.0
13 57 144.0 93.0
49 67 161.0 82.0
57 10 163.0 58.0
4 61 118.0 103.0
19 49 98.0 16.0
28 42 79.0 127.0
67 15 161.0 4.0
32 27 105.0 97.0
90 79 93.0 2.0
54 17 165.0 6.0
43 26 128.0 128.0
21 43 8.0 46.0
59 8 151.0 106.0
31 50 5.0 31.0
64 88 87.0 118.0
36 33 98.0 145.0
58 11 67.0 191.0
52 18 43.0 32.0
79 10 67.0 171.0
23 45 79.0 75.0
37 32 150.0 30.0
44 26 90.0 107.0
54 13 97.0 129.0
57 47 150.0 147.0
2 64 5.0 169.0
53 19 54.0 0.0
68 81 163.0 74.0
16 43 77.0 42.0
29 39 153.0 179.0
32 38 191.0 195.0
25 44 7.0 40.0
80 53 173.0 158.0
49 14 118.0 178.0
31 38 100.0 125.0
50 16 148.0 64.0
31 37 183.0 177.0
1 68 26.0 89.0
23 89 9.0 169.0
70 14 161.0 16.0
4 62 28.0 86.0
55 33 39.0 98.0
35 37 1.0 140.0
11 57 123.0 101.0
48 20 2.0 106.0
22 49 132.0 180.0
43 20 145.0 141.0
75 74 60.0 58.0
13 69 194.0 40.0
24 39 59.0 33.0
55 14 136.0 60.0
32 30 0.0 11.0
84 51 177.0 154.0
18 43 1.0 109.0
64 75 97.0 99.0
66 5 147.0 157.0
47 82 14.0 93.0
49 88 154.0 73.0
14 57 38.0 42.0
66 3 189.0 190.0
46 24 45.0 118.0
35 88 17.0 47.0
34 36 93.0 66.0
19 50 109.0 40.0
53 18 165.0 76.0
26 41 17.0 71.0
58 14 137.0 7.0
51 20 196.0 79.0
56 11 75.0 41.0
58 33 158.0 92.0
35 92 146.0 51.0
34 38 12.0 7.0
79 68 143.0 178.0
21 50 28.0 112.0
92 9 35.0 117.0
65 8 163.0 183.0
54 16 123.0 38.0
54 40 108.0 81.0
29 44 81.0 6.0
44 27 59.0 93.0
70 1 90.0 154.0
11 59 140.0 70.0
41 29 160.0 128.0
77 28 82.0 123.0
55 17 58.0 157.0
89 91 142.0 166.0
80 85 4.0 23.0
12 60 138.0 15.0
61 26 117.0 180.0
73 67 30.0 58.0
13 59 174.0 142.0
41 24 90.0 8.0
64 7 79.0 148.0
92 3 135.0 22.0
15 52 79.0 91.0
10 59 159.0 18.0
61 11 120.0 28.0
20 46 39.0 103.0
58 16 26.0 165.0
92 6 146.0 68.0
34 31 101.0 25.0
63 88 24.0 36.0
90 25 63.0 55.0
72 86 119.0 174.0
10 63 25.0 40.0
54 88 170.0 16.0
73 2 3.0 148.0
33 39 148.0 149.0
53 88 18.0 1.0
59 14 123.0 194.0
51 70 9.0 139.0
12 78 51.0 128.0
71 1 62.0 28.0
35 38 52.0 32.0
86 9 131.0 7.0
23 29 132.0 31.0
67 4 162.0 150.0
16 55 44.0 38.0
62 11 172.0 53.0
71 47 111.0 175.0
31 42 118.0 173.0
52 17 72.0 122.0
54 20 85.0 155.0
32 40 74.0 17.0
56 76 97.0 189.0
41 30 112.0 94.0
85 40 46.0 37.0
34 53 88.0 109.0
81 15 63.0 6.0
67 7 128.0 88.0
72 1 0.0 13.0
49 20 57.0 74.0
25 19 116.0 106.0
55 19 46.0 181.0
25 75 133.0 45.0
75 11 198.0 21.0
70 5 132.0 14.0
92 79 21.0 61.0
46 83 183.0 21.0
39 34 158.0 192.0
58 13 105.0 27.0
32 89 151.0 104.0
71 62 8.0 37.0
72 3 100.0 159.0
7 61 1.0 33.0
16 63 76.0 22.0
23 49 129.0 12.0
43 25 58.0 40.0
33 40 155.0 115.0
64 9 53.0 58.0
49 52 32.0 13.0
32 42 48.0 132.0
28 43 28.0 1.0
67 5 84.0 57.0
44 31 166.0 13.0
78 38 129.0 176.0
29 81 147.0 36.0
29 45 136.0 152.0
91 79 0.0 168.0
34 40 92.0 0.0
13 60 29.0 120.0
8 66 53.0 65.0
71 64 72.0 19.0
49 25 157.0 1.0
46 29 103.0 56.0
8 63 177.0 39.0
50 22 121.0 129.0
19 51 78.0 165.0
5 54 12.0 107.0
92 10 14.0 17.0
11 63 40.0 38.0
21 52 25.0 149.0
53 83 15.0 128.0
18 54 198.0 193.0
12 59 187.0 71.0
14 46 39.0 65.0
52 78 90.0 3.0
87 86 54.0 56.0
68 6 147.0 94.0
16 59 65.0 124.0
10 62 73.0 81.0
52 22 4.0 23.0
23 50 56.0 191.0
50 24 158.0 47.0
25 46 184.0 1.0
69 34 138.0 38.0
85 21 37.0 85.0
81 42 186.0 103.0
60 16 90.0 59.0
30 42 14.0 94.0
49 26 116.0 71.0
59 15 180.0 27.0
64 13 1.0 164.0
66 55 141.0 91.0
59 17 71.0 131.0
66 6 55.0 58.0
63 13 36.0 97.0
9 66 89.0 50.0
70 4 27.0 157.0
56 20 121.0 159.0
34 41 106.0 75.0
42 33 21.0 199.0
43 27 32.0 93.0
53 16 142.0 39.0
21 54 132.0 178.0
71 5 60.0 21.0
83 80 150.0 39.0
25 51 136.0 72.0
48 28 105.0 194.0
74 2 8.0 126.0
68 5 0.0 193.0
55 21 151.0 143.0
66 11 0.0 83.0
63 26 61.0 60.0
53 32 7.0 163.0
73 4 124.0 143.0
11 70 152.0 29.0
30 46 167.0 112.0
28 46 154.0 167.0
18 57 11.0 105.0
61 53 94.0 11.0
61 15 33.0 155.0
33 41 125.0 41.0
15 58 145.0 50.0
67 92 165.0 97.0
76 10 115.0 132.0
76 60 109.0 69.0
71 3 2.0 72.0
47 25 160.0 96.0
8 68 135.0 193.0
48 26 85.0 60.0
47 29 53.0 182.0
35 48 81.0 18.0
21 53 12.0 148.0
14 74 171.0 73.0
70 8 58.0 173.0
36 37 40.0 18.0
10 66 5.0 175.0
43 52 25.0 42.0
45 32 96.0 30.0
62 13 105.0 129.0
91 43 159.0 117.0
70 6 143.0 131.0
23 53 116.0 1.0
42 34 8.0 156.0
59 40 188.0 165.0
39 41 24.0 13.0
28 41 49.0 120.0
36 38 97.0 155.0
9 63 127.0 57.0
56 33 102.0 70.0
69 36 75.0 170.0
64 1 33.0 83.0
57 20 184.0 21.0
26 51 50.0 8.0
71 34 26.0 51.0
36 75 163.0 75.0
24 52 198.0 90.0
26 47 117.0 100.0
48 29 83.0 144.0
50 26 15.0 116.0
49 90 93.0 151.0
52 20 107.0 143.0
19 56 75.0 85.0
56 22 184.0 190.0
47 23 117.0 134.0
37 39 130.0 186.0
19 59 63.0 13.0
72 5 90.0 78.0
50 29 95.0 184.0
76 1 37.0 154.0
36 41 180.0 65.0
9 76 197.0 116.0
9 72 130.0 66.0
28 45 0.0 13.0
69 6 45.0 15.0
85 71 127.0 88.0
2 76 120.0 22.0
15 62 130.0 158.0
1 74 120.0 62.0
87 63 167.0 69.0
43 35 123.0 97.0
74 7 76.0 75.0
28 51 197.0 74.0
86 79 164.0 76.0
3 76 41.0 85.0
52 40 148.0 171.0
51 74 96.0 20.0
4 75 1.0 63.0
31 62 71.0 77.0
1 73 64.0 99.0
48 90 84.0 13.0
53 25 73.0 49.0
53 79 71.0 115.0
6 65 99.0 19.0
38 37 44.0 147.0
87 12 164.0 197.0
21 75 3.0 187.0
56 39 126.0 20.0
70 9 99.0 11.0
37 42 119.0 125.0
46 31 131.0 190.0
51 67 110.0 182.0
61 18 188.0 106.0
85 37 72.0 152.0
26 52 61.0 28.0
2 71 189.0 188.0
44 32 12.0 41.0
84 59 13.0 131.0
39 38 44.0 144.0
39 40 38.0 107.0
40 36 156.0 178.0
66 39 0.0 28.0
43 30 150.0 61.0
12 62 146.0 92.0
68 9 67.0 158.0
14 54 65.0 80.0
55 22 0.0 61.0
23 57 166.0 190.0
72 8 51.0 122.0
73 3 23.0 3.0
3 74 71.0 125.0
67 12 123.0 169.0
39 49 57.0 190.0
22 57 190.0 74.0
65 14 158.0 142.0
33 46 142.0 76.0
75 2 54.0 194.0
75 5 115.0 77.0
61 10 137.0 139.0
50 30 26.0 60.0
66 12 62.0 36.0
36 43 129.0 52.0
69 8 159.0 39.0
91 72 82.0 101.0
62 64 69.0 136.0
16 62 115.0 185.0
25 55 92.0 52.0
47 31 173.0 70.0
31 48 44.0 35.0
54 53 71.0 125.0
15 64 65.0 182.0
53 27 48.0 147.0
37 41 32.0 118.0
38 48 169.0 148.0
11 65 11.0 13.0
25 48 36.0 184.0
68 12 15.0 80.0
31 49 46.0 39.0
58 22 154.0 111.0
54 28 141.0 2.0
65 15 144.0 173.0
64 50 154.0 114.0
27 52 195.0 166.0
32 55 10.0 31.0
25 50 134.0 177.0
1 79 192.0 133.0
58 24 95.0 98.0
66 15 150.0 36.0
34 75 100.0 95.0
32 62 61.0 55.0
65 9 108.0 56.0
56 23 150.0 70.0
24 54 172.0 36.0
13 78 54.0 116.0
18 64 173.0 149.0
1 78 144.0 124.0
21 80 87.0 196.0
89 72 76.0 101.0
69 12 52.0 136.0
3 78 100.0 154.0
34 46 22.0 24.0
29 78 30.0 76.0
4 76 174.0 3.0
76 28 167.0 70.0
53 26 38.0 55.0
44 37 47.0 67.0
36 45 14.0 51.0
83 82 120.0 66.0
5 76 59.0 94.0
8 67 139.0 89.0
68 70 15.0 66.0
34 45 31.0 182.0
41 40 26.0 69.0
2 72 163.0 25.0
61 45 6.0 129.0
39 43 28.0 78.0
48 57 23.0 40.0
1 80 193.0 162.0
34 47 3.0 160.0
2 81 24.0 34.0
2 79 30.0 50.0
77 40 36.0 145.0
56 25 136.0 194.0
57 26 13.0 165.0
7 73 194.0 36.0
44 33 165.0 139.0
41 42 0.0 120.0
46 35 79.0 25.0
70 10 105.0 61.0
64 16 6.0 93.0
66 60 7.0 143.0
79 3 163.0 21.0
81 1 55.0 109.0
73 30 92.0 172.0
74 9 48.0 92.0
17 47 112.0 79.0
60 18 0.0 169.0
40 92 36.0 158.0
59 62 70.0 44.0
30 74 82.0 185.0
72 11 35.0 90.0
42 23 101.0 79.0
72 28 57.0 149.0
78 85 138.0 121.0
42 29 125.0 90.0
6 74 112.0 161.0
25 54 119.0 134.0
14 69 1.0 154.0
47 37 167.0 188.0
3 88 117.0 68.0
63 34 183.0 175.0
26 69 23.0 73.0
35 47 197.0 100.0
55 24 18.0 62.0
63 19 97.0 89.0
73 24 187.0 50.0
60 23 50.0 106.0
39 44 0.0 119.0
2 78 197.0 135.0
28 52 34.0 172.0
57 41 88.0 184.0
2 91 160.0 58.0
39 53 15.0 10.0
24 89 135.0 154.0
60 78 12.0 137.0
72 73 83.0 164.0
44 38 198.0 32.0
18 63 185.0 184.0
34 43 65.0 74.0
52 31 113.0 26.0
25 58 80.0 128.0
85 31 3.0 167.0
62 22 83.0 16.0
33 77 119.0 118.0
46 37 141.0 69.0
55 28 134.0 127.0
7 90 141.0 199.0
86 42 174.0 54.0
72 12 166.0 6.0
67 17 64.0 169.0
43 40 141.0 147.0
91 18 150.0 61.0
56 27 73.0 44.0
25 59 111.0 159.0
48 36 17.0 4.0
13 71 53.0 143.0
67 11 64.0 171.0
31 82 103.0 128.0
47 36 100.0 45.0
6 76 11.0 3.0
9 27 29.0 36.0
20 61 102.0 92.0
91 45 146.0 71.0
3 84 154.0 151.0
80 3 143.0 18.0
6 79 150.0 46.0
68 14 19.0 3.0
35 34 146.0 182.0
50 34 31.0 127.0
51 52 176.0 85.0
1 82 77.0 122.0
47 33 48.0 183.0
86 50 117.0 143.0
45 74 179.0 67.0
5 77 190.0 150.0
5 81 137.0 88.0
26 59 126.0 120.0
82 4 53.0 54.0
15 54 45.0 130.0
60 26 104.0 45.0
63 15 71.0 173.0
91 9 67.0 50.0
32 50 43.0 9.0
24 61 140.0 181.0
77 7 52.0 18.0
39 45 29.0 105.0
73 5 157.0 26.0
50 85 72.0 61.0
9 79 94.0 96.0
68 16 41.0 161.0
43 42 184.0 85.0
50 43 86.0 76.0
76 92 34.0 138.0
61 29 122.0 15.0
75 12 37.0 79.0
33 53 30.0 62.0
43 87 104.0 125.0
55 30 155.0 146.0
73 9 182.0 91.0
21 65 24.0 69.0
73 14 87.0 59.0
67 16 139.0 161.0
79 7 86.0 177.0
62 23 162.0 69.0
10 72 157.0 18.0
41 43 146.0 65.0
12 73 52.0 80.0
57 29 195.0 77.0
38 69 64.0 34.0
80 4 135.0 4.0
59 22 23.0 173.0
85 2 25.0 137.0
10 1 173.0 134.0
45 72 172.0 71.0
25 68 136.0 24.0
46 86 114.0 132.0
10 83 160.0 178.0
83 3 5.0 95.0
76 81 143.0 181.0
60 24 51.0 120.0
39 48 99.0 176.0
83 24 114.0 23.0
92 28 4.0 51.0
68 17 98.0 70.0
32 56 167.0 10.0
31 57 2.0 173.0
55 79 141.0 98.0
24 59 51.0 144.0
67 18 184.0 102.0
74 12 23.0 98.0
7 68 81.0 179.0
45 38 186.0 180.0
47 91 185.0 105.0
44 40 78.0 139.0
42 45 113.0 19.0
81 56 137.0 164.0
59 29 109.0 121.0
64 25 19.0 84.0
64 23 54.0 101.0
45 43 67.0 192.0
88 62 175.0 52.0
57 28 16.0 53.0
51 38 93.0 129.0
41 45 176.0 31.0
74 11 158.0 37.0
68 20 94.0 178.0
71 16 155.0 100.0
18 62 191.0 175.0
58 31 69.0 119.0
32 77 57.0 86.0
2 84 89.0 150.0
68 19 76.0 65.0
87 24 10.0 187.0
46 40 19.0 56.0
49 89 116.0 126.0
32 52 190.0 107.0
21 61 156.0 59.0
36 46 52.0 13.0
42 49 30.0 93.0
66 21 87.0 106.0
20 60 46.0 50.0
70 19 110.0 65.0
20 81 15.0 26.0
85 3 30.0 5.0
85 38 119.0 187.0
83 4 131.0 123.0
15 73 70.0 161.0
58 28 196.0 109.0
82 28 28.0 43.0
65 22 185.0 138.0
67 20 2.0 0.0
41 44 171.0 184.0
73 13 41.0 43.0
10 77 96.0 173.0
49 38 166.0 166.0
83 85 124.0 162.0
81 7 61.0 152.0
64 26 174.0 46.0
41 49 114.0 128.0
29 55 84.0 86.0
81 18 112.0 125.0
88 59 86.0 9.0
34 68 195.0 52.0
21 67 47.0 119.0
56 29 94.0 60.0
80 6 73.0 69.0
19 86 167.0 140.0
85 1 99.0 51.0
76 89 106.0 11.0
56 73 116.0 145.0
79 8 7.0 63.0
73 17 193.0 6.0
75 13 120.0 39.0
8 81 136.0 146.0
21 69 24.0 103.0
23 63 123.0 123.0
8 82 13.0 181.0
56 31 159.0 81.0
26 56 144.0 167.0
80 9 86.0 89.0
50 39 118.0 159.0
69 18 103.0 54.0
77 12 159.0 128.0
49 40 50.0 34.0
7 78 150.0 63.0
8 80 122.0 61.0
59 77 122.0 18.0
71 17 98.0 8.0
86 24 82.0 17.0
69 19 167.0 186.0
18 70 196.0 78.0
54 32 8.0 198.0
37 49 174.0 110.0
72 19 153.0 96.0
71 20 58.0 75.0
65 24 115.0 156.0
44 70 27.0 198.0
70 73 130.0 147.0
79 13 71.0 78.0
68 13 18.0 31.0
55 34 2.0 144.0
74 16 17.0 107.0
74 15 33.0 75.0
67 23 172.0 100.0
9 81 58.0 152.0
20 69 188.0 188.0
82 7 118.0 60.0
36 52 90.0 88.0
52 38 50.0 44.0
40 38 83.0 67.0
30 61 55.0 68.0
54 49 138.0 179.0
84 88 5.0 196.0
54 36 163.0 146.0
48 47 2.0 81.0
17 61 34.0 93.0
35 78 179.0 36.0
51 40 126.0 14.0
55 35 179.0 133.0
55 82 173.0 117.0
25 67 131.0 179.0
63 29 157.0 94.0
44 46 36.0 160.0
17 65 4.0 23.0
76 14 87.0 135.0
74 17 64.0 14.0
44 68 137.0 43.0
24 66 57.0 111.0
43 47 77.0 140.0
72 20 106.0 187.0
79 11 115.0 94.0
85 86 150.0 71.0
88 4 92.0 38.0
32 85 42.0 108.0
53 38 164.0 131.0
37 55 92.0 173.0
47 42 59.0 121.0
60 33 116.0 117.0
1 83 111.0 183.0
84 7 58.0 14.0
40 45 71.0 102.0
61 84 111.0 65.0
24 74 180.0 27.0
48 81 84.0 72.0
38 74 68.0 95.0
4 77 61.0 137.0
14 77 58.0 125.0
47 46 91.0 69.0
60 88 151.0 115.0
78 10 1.0 62.0
86 83 177.0 181.0
6 81 60.0 61.0
51 41 5.0 80.0
70 16 50.0 18.0
47 44 121.0 109.0
21 72 129.0 12.0
90 16 36.0 80.0
1 90 93.0 37.0
89 4 179.0 22.0
68 21 79.0 191.0
65 28 17.0 36.0
82 88 187.0 68.0
11 82 137.0 108.0
18 75 8.0 66.0
16 66 116.0 196.0
54 38 83.0 162.0
33 51 85.0 14.0
81 43 116.0 117.0
6 77 127.0 85.0
41 78 167.0 67.0
73 18 141.0 56.0
34 57 105.0 102.0
50 79 71.0 21.0
80 12 193.0 154.0
69 62 92.0 31.0
4 85 13.0 160.0
42 66 70.0 92.0
26 66 137.0 189.0
49 43 87.0 31.0
47 45 45.0 192.0
15 78 20.0 116.0
57 32 21.0 13.0
51 39 175.0 65.0
77 18 54.0 140.0
86 8 78.0 76.0
26 67 183.0 15.0
92 1 181.0 22.0
32 61 67.0 26.0
12 81 34.0 87.0
66 28 14.0 8.0
11 78 145.0 141.0
41 52 26.0 151.0
68 22 161.0 104.0
1 89 154.0 96.0
12 82 153.0 136.0
90 3 19.0 172.0
17 75 127.0 53.0
69 82 113.0 93.0
55 39 138.0 10.0
74 19 37.0 164.0
21 73 34.0 150.0
23 68 65.0 188.0
86 10 52.0 19.0
54 39 96.0 71.0
64 32 67.0 176.0
83 30 177.0 132.0
89 87 27.0 67.0
16 78 198.0 16.0
34 60 198.0 32.0
83 33 132.0 64.0
28 62 184.0 184.0
80 15 133.0 32.0
10 84 77.0 0.0
13 82 190.0 6.0
70 2 35.0 169.0
61 71 11.0 33.0
70 25 119.0 10.0
79 47 183.0 51.0
9 85 39.0 167.0
55 40 181.0 173.0
66 30 94.0 59.0
51 44 189.0 84.0
13 83 147.0 176.0
68 39 144.0 111.0
84 6 17.0 15.0
49 46 160.0 152.0
86 28 199.0 199.0
68 77 135.0 181.0
56 41 60.0 29.0
78 19 196.0 1.0
27 69 62.0 144.0
88 6 175.0 158.0
1 87 27.0 144.0
71 27 46.0 187.0
49 47 95.0 45.0
88 10 113.0 30.0
6 90 124.0 125.0
73 39 99.0 72.0
39 57 3.0 113.0
74 22 103.0 178.0
25 63 142.0 130.0
84 11 92.0 140.0
60 35 119.0 187.0
41 79 134.0 32.0
62 66 162.0 10.0
27 68 194.0 13.0
71 26 27.0 197.0
65 32 3.0 82.0
85 11 21.0 145.0
78 18 42.0 113.0
33 63 42.0 161.0
92 34 156.0 129.0
47 80 41.0 70.0
87 4 130.0 36.0
65 26 15.0 109.0
57 35 163.0 18.0
85 28 143.0 184.0
81 14 30.0 185.0
84 68 126.0 25.0
55 41 51.0 34.0
66 90 76.0 44.0
85 13 102.0 158.0
28 60 179.0 69.0
63 52 71.0 94.0
79 27 10.0 166.0
13 80 31.0 40.0
32 63 199.0 157.0
80 17 25.0 2.0
90 19 189.0 101.0
87 9 97.0 43.0
25 73 144.0 28.0
72 26 57.0 15.0
3 91 129.0 67.0
54 57 39.0 112.0
5 89 105.0 38.0
42 54 63.0 130.0
84 52 118.0 52.0
89 6 176.0 167.0
10 85 64.0 120.0
30 81 69.0 121.0
74 82 58.0 150.0
89 9 182.0 98.0
17 78 99.0 87.0
90 9 72.0 114.0
89 2 146.0 142.0
17 81 79.0 74.0
86 13 21.0 143.0
84 73 160.0 90.0
67 13 62.0 171.0
23 75 141.0 45.0
39 59 142.0 192.0
71 22 54.0 14.0
89 10 95.0 153.0
43 54 169.0 126.0
5 84 113.0 142.0
67 33 99.0 74.0
31 67 34.0 161.0
29 68 127.0 175.0
31 66 49.0 70.0
20 79 105.0 55.0
6 91 10.0 0.0
92 7 114.0 180.0
84 75 89.0 28.0
55 42 37.0 188.0
92 50 117.0 71.0
57 37 7.0 44.0
9 48 94.0 8.0
15 83 96.0 0.0
12 76 12.0 106.0
53 45 130.0 78.0
39 58 124.0 19.0
56 44 163.0 162.0
22 82 25.0 80.0
69 28 101.0 184.0
69 29 46.0 196.0
44 69 31.0 142.0
42 58 179.0 195.0
53 46 152.0 62.0
69 66 197.0 77.0
86 12 6.0 160.0
23 76 160.0 31.0
47 53 61.0 14.0
68 55 166.0 108.0
71 39 58.0 198.0
21 78 43.0 38.0
84 53 152.0 147.0
79 21 78.0 101.0
78 23 144.0 36.0
83 28 172.0 56.0
73 26 145.0 34.0
59 41 142.0 112.0
51 50 100.0 1.0
86 11 27.0 143.0
67 29 128.0 131.0
74 25 186.0 7.0
65 33 148.0 130.0
88 52 49.0 120.0
77 23 194.0 195.0
66 35 49.0 136.0
83 11 80.0 101.0
58 41 171.0 107.0
75 20 105.0 52.0
13 87 68.0 92.0
31 71 69.0 16.0
17 83 75.0 71.0
34 66 195.0 21.0
70 29 102.0 196.0
16 84 79.0 182.0
65 34 132.0 3.0
73 19 55.0 189.0
27 86 120.0 123.0
29 72 73.0 142.0
68 32 22.0 100.0
84 58 60.0 170.0
76 25 134.0 162.0
28 71 61.0 13.0
54 45 19.0 193.0
88 13 89.0 26.0
8 91 176.0 162.0
64 37 171.0 2.0
30 68 100.0 146.0
22 75 15.0 160.0
88 14 2.0 149.0
83 39 157.0 16.0
52 50 154.0 128.0
22 80 113.0 44.0
85 16 199.0 41.0
58 43 131.0 122.0
63 31 82.0 31.0
6 82 123.0 97.0
18 83 187.0 77.0
89 13 43.0 96.0
76 61 199.0 198.0
26 74 89.0 64.0
42 59 14.0 40.0
56 42 55.0 145.0
60 85 168.0 89.0
77 25 40.0 43.0
68 33 97.0 179.0
18 82 21.0 92.0
57 46 183.0 172.0
61 38 188.0 24.0
74 27 100.0 154.0
70 32 11.0 108.0
12 90 2.0 131.0
43 59 72.0 194.0
3 89 13.0 121.0
69 32 54.0 34.0
81 35 45.0 189.0
61 40 42.0 185.0
79 24 59.0 95.0
65 35 123.0 70.0
85 15 40.0 77.0
24 77 175.0 65.0
70 33 0.0 188.0
54 47 113.0 6.0
32 67 128.0 158.0
88 15 41.0 171.0
61 43 131.0 100.0
38 91 125.0 54.0
66 36 53.0 118.0
12 91 153.0 180.0
67 35 178.0 153.0
64 39 76.0 43.0
30 71 118.0 157.0
77 17 36.0 111.0
82 20 71.0 167.0
86 15 10.0 196.0
81 22 60.0 15.0
53 48 27.0 13.0
18 80 60.0 157.0
21 83 139.0 88.0
58 70 1.0 9.0
50 53 23.0 189.0
56 46 16.0 94.0
87 15 34.0 178.0
27 73 63.0 94.0
30 70 57.0 42.0
16 86 9.0 117.0
75 28 104.0 148.0
40 60 129.0 57.0
73 28 112.0 104.0
63 39 85.0 81.0
30 72 55.0 71.0
65 39 146.0 118.0
55 48 3.0 3.0
76 27 14.0 12.0
67 34 34.0 70.0
59 73 52.0 115.0
11 92 34.0 116.0
60 38 165.0 119.0
54 50 62.0 172.0
36 72 84.0 8.0
70 34 19.0 39.0
37 66 115.0 185.0
64 30 139.0 102.0
37 65 167.0 143.0
81 23 64.0 1.0
62 40 66.0 29.0
72 33 75.0 80.0
40 64 152.0 159.0
21 77 88.0 171.0
19 85 70.0 155.0
46 43 5.0 161.0
52 73 120.0 172.0
86 18 124.0 185.0
56 49 166.0 142.0
74 32 117.0 41.0
19 89 66.0 70.0
71 90 103.0 106.0
67 37 19.0 125.0
25 80 2.0 176.0
31 74 10.0 74.0
53 51 176.0 134.0
44 57 50.0 142.0
28 84 66.0 120.0
41 64 189.0 132.0
62 38 190.0 45.0
84 67 74.0 161.0
89 16 103.0 28.0
55 72 64.0 65.0
58 44 44.0 41.0
91 15 32.0 95.0
26 79 158.0 98.0
82 71 44.0 100.0
14 89 24.0 186.0
49 53 28.0 50.0
19 83 124.0 84.0
15 90 48.0 189.0
39 52 82.0 93.0
79 23 84.0 67.0
48 78 16.0 195.0
18 88 72.0 12.0
61 44 59.0 48.0
89 18 185.0 40.0
75 65 112.0 109.0
37 68 127.0 160.0
67 39 46.0 161.0
55 52 52.0 82.0
35 71 198.0 20.0
45 60 116.0 22.0
61 56 83.0 128.0
19 82 52.0 68.0
57 62 69.0 116.0
48 56 60.0 148.0
83 22 131.0 58.0
73 29 36.0 136.0
57 6 47.0 34.0
57 49 125.0 163.0
81 25 2.0 160.0
65 31 55.0 6.0
82 9 90.0 125.0
28 78 136.0 150.0
83 25 26.0 20.0
39 61 176.0 62.0
22 84 6.0 23.0
78 26 138.0 83.0
91 53 42.0 92.0
62 46 134.0 49.0
55 50 74.0 176.0
63 42 87.0 11.0
21 88 94.0 113.0
90 17 3.0 70.0
86 21 35.0 161.0
20 83 15.0 173.0
70 38 169.0 9.0
84 17 87.0 56.0
24 76 89.0 161.0
40 65 151.0 177.0
92 71 46.0 45.0
64 43 147.0 2.0
71 76 147.0 134.0
81 92 57.0 114.0
69 37 191.0 27.0
73 34 72.0 78.0
77 29 179.0 114.0
66 40 72.0 130.0
49 55 56.0 70.0
85 77 62.0 155.0
81 21 52.0 161.0
90 18 26.0 62.0
32 82 86.0 17.0
86 23 191.0 111.0
18 87 52.0 170.0
79 28 153.0 124.0
55 46 81.0 161.0
48 60 111.0 143.0
15 92 108.0 116.0
76 31 131.0 134.0
53 52 191.0 169.0
49 58 88.0 134.0
64 44 29.0 140.0
43 56 91.0 135.0
39 69 87.0 172.0
83 26 124.0 199.0
36 92 102.0 33.0
26 81 112.0 185.0
88 23 23.0 55.0
92 19 101.0 63.0
71 57 156.0 130.0
31 75 89.0 47.0
58 50 79.0 176.0
47 61 161.0 4.0
83 70 87.0 16.0
29 74 132.0 199.0
92 12 48.0 155.0
15 89 42.0 149.0
73 36 100.0 199.0
55 53 163.0 189.0
78 31 112.0 194.0
16 51 39.0 26.0
68 40 96.0 127.0
24 80 152.0 28.0
92 18 33.0 152.0
48 62 81.0 27.0
68 41 85.0 181.0
65 45 51.0 48.0
20 85 37.0 115.0
56 54 133.0 76.0
25 84 131.0 181.0
52 57 71.0 35.0
43 62 155.0 104.0
83 29 28.0 36.0
84 23 39.0 66.0
87 23 84.0 42.0
77 19 7.0 73.0
81 27 90.0 92.0
82 38 91.0 173.0
71 38 34.0 162.0
79 30 43.0 189.0
17 91 12.0 24.0
17 87 192.0 3.0
89 86 18.0 29.0
41 67 61.0 177.0
85 26 14.0 104.0
19 91 80.0 105.0
31 79 41.0 66.0
31 89 140.0 85.0
70 41 86.0 152.0
33 78 11.0 30.0
38 72 163.0 181.0
48 61 22.0 24.0
82 30 121.0 36.0
45 66 100.0 1.0
54 58 104.0 141.0
85 18 62.0 45.0
80 30 94.0 100.0
74 37 161.0 58.0
16 92 160.0 76.0
67 45 177.0 134.0
89 21 43.0 99.0
33 79 131.0 95.0
67 38 148.0 35.0
91 23 159.0 162.0
62 52 39.0 5.0
86 26 191.0 152.0
50 59 5.0 103.0
72 39 15.0 182.0
55 51 25.0 11.0
53 58 6.0 156.0
42 68 63.0 155.0
84 27 6.0 174.0
65 52 29.0 45.0
23 85 2.0 20.0
51 58 61.0 159.0
42 70 121.0 28.0
84 26 13.0 146.0
79 36 193.0 171.0
52 67 23.0 56.0
57 83 80.0 182.0
46 66 61.0 109.0
31 80 108.0 15.0
73 41 164.0 121.0
78 34 146.0 37.0
42 77 39.0 111.0
75 35 38.0 185.0
57 53 157.0 13.0
91 21 90.0 37.0
44 62 56.0 103.0
43 70 183.0 117.0
81 28 15.0 100.0
80 33 34.0 114.0
48 63 112.0 25.0
64 45 70.0 102.0
57 55 132.0 179.0
79 37 94.0 174.0
71 37 47.0 103.0
42 74 143.0 30.0
75 32 151.0 110.0
36 77 141.0 137.0
81 36 158.0 6.0
67 46 129.0 28.0
81 24 144.0 13.0
92 22 196.0 190.0
24 85 115.0 43.0
16 88 124.0 10.0
80 26 176.0 27.0
63 51 147.0 70.0
86 29 51.0 105.0
61 52 65.0 132.0
72 41 175.0 161.0
56 58 52.0 123.0
55 54 110.0 167.0
53 59 101.0 34.0
60 56 195.0 30.0
26 88 8.0 142.0
25 91 64.0 11.0
56 52 35.0 129.0
14 83 78.0 162.0
45 68 39.0 82.0
74 43 150.0 149.0
37 78 29.0 51.0
43 73 31.0 176.0
77 41 61.0 39.0
91 71 107.0 78.0
87 21 140.0 143.0
68 46 196.0 170.0
50 66 148.0 187.0
83 34 34.0 98.0
46 63 78.0 15.0
26 89 69.0 109.0
75 49 132.0 82.0
54 60 49.0 192.0
27 88 122.0 189.0
57 64 136.0 70.0
73 44 170.0 36.0
32 80 170.0 156.0
49 63 172.0 48.0
59 46 26.0 193.0
32 84 111.0 110.0
77 38 12.0 160.0
49 68 134.0 86.0
40 74 176.0 22.0
32 66 159.0 98.0
84 34 182.0 81.0
90 26 141.0 107.0
91 49 151.0 167.0
43 68 21.0 14.0
37 77 121.0 33.0
62 58 89.0 7.0
26 91 194.0 17.0
69 49 185.0 105.0
77 43 146.0 168.0
52 66 161.0 87.0
76 47 160.0 64.0
70 48 168.0 133.0
62 56 82.0 89.0
79 42 19.0 171.0
75 57 118.0 13.0
27 82 176.0 56.0
79 39 75.0 122.0
20 92 82.0 188.0
89 30 4.0 42.0
64 54 88.0 172.0
29 90 84.0 170.0
84 46 141.0 55.0
37 54 88.0 12.0
55 62 194.0 64.0
82 39 47.0 21.0
71 48 69.0 81.0
31 54 0.0 73.0
82 37 49.0 88.0
57 60 75.0 86.0
67 10 136.0 168.0
91 29 100.0 24.0
72 43 148.0 47.0
90 27 127.0 147.0
64 53 147.0 148.0
89 33 60.0 147.0
35 86 183.0 62.0
90 28 100.0 10.0
59 63 3.0 188.0
87 35 120.0 104.0
82 36 31.0 68.0
71 41 153.0 110.0
68 52 54.0 53.0
63 45 3.0 114.0
38 84 137.0 138.0
35 53 118.0 38.0
85 29 199.0 121.0
92 27 195.0 119.0
86 33 52.0 178.0
88 33 153.0 157.0
63 75 130.0 7.0
50 41 103.0 85.0
82 33 78.0 40.0
91 31 60.0 196.0
44 76 104.0 12.0
54 68 128.0 99.0
64 56 27.0 132.0
78 42 169.0 132.0
67 53 119.0 51.0
33 73 167.0 174.0
80 38 92.0 197.0
43 75 158.0 152.0
57 65 15.0 62.0
88 29 119.0 95.0
46 61 166.0 99.0
49 73 177.0 135.0
88 34 88.0 96.0
55 56 41.0 7.0
79 43 185.0 133.0
83 40 22.0 143.0
58 65 2.0 38.0
77 47 166.0 122.0
83 35 38.0 132.0
76 46 127.0 15.0
43 71 135.0 167.0
60 63 73.0 129.0
84 39 137.0 11.0
85 59 7.0 160.0
74 47 87.0 161.0
88 80 100.0 5.0
81 39 13.0 90.0
60 61 19.0 140.0
78 40 157.0 106.0
40 84 69.0 183.0
45 78 54.0 7.0
90 33 116.0 13.0
34 89 104.0 3.0
51 73 171.0 157.0
91 32 160.0 184.0
50 72 177.0 179.0
61 64 123.0 135.0
85 35 75.0 144.0
43 78 116.0 82.0
83 42 187.0 33.0
61 62 89.0 44.0
72 54 0.0 60.0
68 56 153.0 161.0
50 75 161.0 131.0
44 79 4.0 36.0
78 44 152.0 31.0
76 48 154.0 68.0
84 35 191.0 94.0
36 90 95.0 80.0
43 80 139.0 96.0
65 62 113.0 45.0
49 76 32.0 26.0
77 44 186.0 36.0
28 89 30.0 90.0
66 58 102.0 137.0
89 37 110.0 93.0
32 90 164.0 5.0
54 70 107.0 55.0
75 48 164.0 172.0
82 45 30.0 196.0
48 74 110.0 16.0
85 39 40.0 93.0
57 69 133.0 142.0
47 56 38.0 195.0
81 41 84.0 154.0
65 61 116.0 191.0
58 69 146.0 80.0
36 89 77.0 177.0
71 45 64.0 188.0
35 91 173.0 104.0
73 53 28.0 58.0
61 54 53.0 18.0
70 56 59.0 137.0
57 66 99.0 128.0
72 52 62.0 46.0
34 91 97.0 91.0
46 81 76.0 161.0
69 48 127.0 1.0
52 74 156.0 107.0
51 60 22.0 161.0
68 59 87.0 33.0
42 75 32.0 186.0
92 38 159.0 46.0
88 36 32.0 56.0
58 68 185.0 60.0
86 41 157.0 65.0
20 88 42.0 113.0
73 50 155.0 16.0
69 60 112.0 194.0
81 33 189.0 144.0
60 71 29.0 100.0
27 91 152.0 13.0
33 92 66.0 138.0
48 80 17.0 23.0
34 86 81.0 11.0
87 40 143.0 189.0
80 46 199.0 7.0
56 71 186.0 188.0
32 86 76.0 167.0
66 63 75.0 29.0
85 43 197.0 142.0
60 67 1.0 14.0
61 67 72.0 35.0
91 39 136.0 167.0
46 73 180.0 136.0
53 75 122.0 166.0
64 68 114.0 199.0
61 57 22.0 141.0
74 55 21.0 19.0
59 65 111.0 174.0
90 38 166.0 183.0
42 84 1.0 103.0
56 72 155.0 181.0
40 89 184.0 29.0
86 45 49.0 50.0
80 51 59.0 71.0
53 77 132.0 32.0
52 75 143.0 195.0
76 54 162.0 109.0
71 81 111.0 163.0
43 82 23.0 66.0
88 43 75.0 7.0
74 53 189.0 76.0
79 76 181.0 0.0
83 48 75.0 66.0
39 88 16.0 18.0
62 67 178.0 178.0
72 59 47.0 90.0
44 85 128.0 22.0
74 57 33.0 155.0
89 41 42.0 174.0
30 86 25.0 175.0
62 17 103.0 52.0
54 79 151.0 120.0
67 66 42.0 130.0
80 44 77.0 41.0
63 65 37.0 158.0
85 45 38.0 22.0
61 68 132.0 80.0
73 57 130.0 109.0
80 52 160.0 33.0
47 87 182.0 111.0
79 49 196.0 176.0
72 58 46.0 25.0
70 36 184.0 83.0
74 90 50.0 22.0
82 49 23.0 182.0
91 42 14.0 105.0
64 58 38.0 126.0
89 42 152.0 172.0
72 40 149.0 100.0
46 85 9.0 147.0
40 90 110.0 145.0
84 45 140.0 160.0
44 83 186.0 115.0
49 77 143.0 153.0
49 78 12.0 133.0
81 45 5.0 117.0
76 55 182.0 154.0
49 83 5.0 143.0
78 57 74.0 115.0
54 83 180.0 14.0
81 53 12.0 118.0
52 82 70.0 108.0
68 67 124.0 83.0
54 80 58.0 129.0
74 59 113.0 192.0
59 71 123.0 118.0
71 50 182.0 197.0
78 56 88.0 114.0
78 53 51.0 52.0
68 66 159.0 122.0
87 42 53.0 84.0
51 81 126.0 64.0
86 49 89.0 191.0
71 55 119.0 165.0
49 87 108.0 54.0
64 69 75.0 148.0
49 80 10.0 126.0
70 77 115.0 121.0
46 88 66.0 169.0
74 60 124.0 145.0
43 92 185.0 165.0
89 45 141.0 105.0
70 67 75.0 49.0
80 59 33.0 150.0
43 90 64.0 195.0
90 61 186.0 132.0
63 74 53.0 5.0
76 57 127.0 129.0
72 62 84.0 65.0
86 51 174.0 25.0
71 65 112.0 49.0
76 63 80.0 97.0
58 74 160.0 144.0
80 58 43.0 99.0
71 67 15.0 96.0
54 77 92.0 95.0
72 64 48.0 177.0
56 80 115.0 22.0
71 63 110.0 179.0
37 91 106.0 190.0
64 74 186.0 66.0
80 55 45.0 29.0
54 81 27.0 12.0
91 52 174.0 120.0
47 81 53.0 22.0
82 53 137.0 168.0
70 63 43.0 199.0
85 49 50.0 149.0
92 45 192.0 189.0
44 91 106.0 189.0
79 61 150.0 134.0
64 51 81.0 124.0
84 31 162.0 134.0
82 57 12.0 51.0
81 55 132.0 7.0
61 77 70.0 134.0
85 55 161.0 14.0
87 57 94.0 67.0
56 83 19.0 44.0
88 51 118.0 100.0
61 73 164.0 81.0
72 67 197.0 176.0
45 90 176.0 81.0
46 82 168.0 198.0
60 90 185.0 129.0
87 52 127.0 79.0
77 63 14.0 146.0
63 68 16.0 84.0
59 83 28.0 180.0
54 92 185.0 177.0
68 72 137.0 162.0
29 84 164.0 106.0
88 50 94.0 101.0
92 51 191.0 21.0
78 64 108.0 157.0
91 51 153.0 77.0
61 59 9.0 133.0
79 59 163.0 194.0
65 78 145.0 101.0
89 54 98.0 62.0
87 54 35.0 193.0
77 27 8.0 26.0
75 72 5.0 68.0
48 65 183.0 110.0
73 69 73.0 192.0
58 83 177.0 189.0
85 61 68.0 123.0
82 78 147.0 167.0
78 69 148.0 182.0
86 57 117.0 108.0
64 80 72.0 74.0
60 72 29.0 55.0
89 51 190.0 103.0
82 63 186.0 167.0
91 56 135.0 7.0
67 76 80.0 34.0
83 65 68.0 180.0
77 58 177.0 137.0
64 83 44.0 49.0
60 87 33.0 74.0
64 76 147.0 175.0
66 77 107.0 86.0
70 71 117.0 42.0
68 76 9.0 197.0
74 78 79.0 29.0
74 69 140.0 56.0
70 75 136.0 185.0
82 35 170.0 121.0
86 63 161.0 117.0
81 64 129.0 20.0
81 66 19.0 198.0
55 78 40.0 180.0
65 69 47.0 119.0
74 65 164.0 140.0
50 77 193.0 52.0
69 90 76.0 163.0
81 67 62.0 189.0
76 74 189.0 144.0
77 71 17.0 160.0
62 86 119.0 9.0
54 91 136.0 118.0
87 55 87.0 52.0
71 73 23.0 33.0
68 78 100.0 99.0
72 71 122.0 114.0
73 78 176.0 63.0
80 68 195.0 194.0
58 91 123.0 114.0
89 62 91.0 59.0
85 69 178.0 179.0
89 59 197.0 2.0
63 78 46.0 49.0
83 62 95.0 120.0
50 91 127.0 72.0
72 80 27.0 122.0
69 71 9.0 150.0
67 79 63.0 101.0
59 82 97.0 42.0
77 73 60.0 46.0
69 80 191.0 106.0
81 74 32.0 39.0
91 41 120.0 111.0
58 76 6.0 147.0
90 59 194.0 168.0
72 83 141.0 57.0
65 85 1.0 190.0
67 74 41.0 61.0
72 82 141.0 184.0
83 71 108.0 126.0
70 81 119.0 180.0
65 87 196.0 126.0
66 79 44.0 190.0
92 69 168.0 137.0
84 70 195.0 169.0
84 69 46.0 188.0
87 81 49.0 139.0
67 87 34.0 109.0
92 63 182.0 154.0
62 91 48.0 130.0
90 65 145.0 92.0
90 57 124.0 65.0
84 54 23.0 119.0
78 70 71.0 21.0
61 92 180.0 120.0
65 86 89.0 166.0
84 71 38.0 23.0
85 68 134.0 86.0
59 91 4.0 31.0
62 77 21.0 128.0
91 64 3.0 196.0
63 91 43.0 74.0
70 79 165.0 175.0
65 88 197.0 7.0
79 72 71.0 187.0
52 90 67.0 157.0
20 91 69.0 23.0
78 66 120.0 42.0
78 71 115.0 123.0
66 87 43.0 159.0
68 87 174.0 9.0
77 75 195.0 171.0
80 79 39.0 18.0
74 86 92.0 106.0
89 66 2.0 113.0
83 73 90.0 74.0
73 64 58.0 5.0
61 89 193.0 53.0
57 81 183.0 167.0
88 72 133.0 178.0
91 67 135.0 172.0
82 76 40.0 179.0
69 89 98.0 194.0
68 73 97.0 188.0
86 70 115.0 107.0
48 27 17.0 60.0
88 66 157.0 153.0
71 87 21.0 90.0
67 90 156.0 109.0
66 91 109.0 196.0
88 74 132.0 160.0
86 69 29.0 181.0
90 68 13.0 144.0
70 85 176.0 182.0
61 82 158.0 85.0
92 77 51.0 131.0
64 85 139.0 7.0
84 80 14.0 1.0
58 92 158.0 146.0
46 72 12.0 139.0
80 90 17.0 25.0
74 91 81.0 145.0
74 83 114.0 39.0
74 89 53.0 117.0
56 89 196.0 193.0
70 91 178.0 10.0
88 81 24.0 88.0
86 78 5.0 188.0
76 87 7.0 174.0
81 89 20.0 40.0
89 80 62.0 134.0
81 63 68.0 115.0
73 85 158.0 64.0
86 76 169.0 88.0
57 85 171.0 194.0
68 83 122.0 128.0
51 77 73.0 81.0
88 67 30.0 93.0
84 82 105.0 92.0
77 91 61.0 126.0
85 81 130.0 19.0
83 79 104.0 52.0
85 75 48.0 27.0
86 68 80.0 170.0
80 75 138.0 105.0
87 83 28.0 168.0
74 84 15.0 85.0
77 90 95.0 76.0
90 58 123.0 178.0
84 91 48.0 27.0
44 6 112.0 96.0
90 87 173.0 145.0
84 86 97.0 63.0
79 88 34.0 77.0
85 72 119.0 50.0
81 86 128.0 166.0
83 89 186.0 3.0
92 82 58.0 187.0
91 80 199.0 171.0
2 3 27.0 125.0
74 62 71.0 77.0
84 78 119.0 58.0
72 92 44.0 38.0
60 89 65.0 124.0
81 90 132.0 3.0
81 91 147.0 190.0
40 86 184.0 99.0
81 83 148.0 11.0
72 84 88.0 171.0
52 79 64.0 8.0
57 89 28.0 108.0
92 89 9.0 45.0
86 92 71.0 141.0
78 88 121.0 171.0
1 4 26.0 105.0
91 73 10.0 174.0
75 92 56.0 99.0
91 68 17.0 120.0
92 88 13.0 197.0
75 67 127.0 174.0
48 86 137.0 150.0
77 89 147.0 58.0
72 34 37.0 174.0
92 91 45.0 0.0
47 84 126.0 101.0
58 89 15.0 95.0
81 58 168.0 180.0
72 70 128.0 47.0
39 90 172.0 18.0
70 89 15.0 71.0
89 65 128.0 4.0
88 68 48.0 173.0
42 65 165.0 126.0
88 58 50.0 133.0
92 80 151.0 170.0
87 77 41.0 32.0
80 71 191.0 165.0
77 88 22.0 158.0
56 77 36.0 150.0
89 88 175.0 37.0
89 90 149.0 140.0
71 40 106.0 151.0
92 83 159.0 58.0
9 78 11.0 0.0
90 82 122.0 155.0
84 83 93.0 97.0
65 73 100.0 82.0
90 64 176.0 27.0
90 92 27.0 125.0
82 89 84.0 86.0
88 87 41.0 43.0
75 83 134.0 5.0
60 92 172.0 56.0
2 1 6.0 66.0
81 84 180.0 58.0
92 87 61.0 156.0
77 55 149.0 41.0
74 72 60.0 33.0
53 60 113.0 54.0
60 86 89.0 47.0
77 72 100.0 62.0
78 79 66.0 58.0
86 66 55.0 198.0
0
