93 4278 11 68 543794
68 66 151.0 132.0
71 92 27.0 33.0
27 87 136.0 112.0
57 24 14.0 59.0
64 68 165.0 47.0
64 49 144.0 104.0
37 41 3.0 137.0
28 29 125.0 138.0
93 29 120.0 76.0
27 38 136.0 147.0
30 24 127.0 73.0
45 57 55.0 93.0
29 53 0.0 20.0
9 49 58.0 144.0
89 36 59.0 13.0
65 57 100.0 136.0
85 12 163.0 20.0
50 6 189.0 51.0
29 61 163.0 68.0
22 9 78.0 18.0
60 85 139.0 78.0
38 83 104.0 149.0
24 41 52.0 164.0
4 73 145.0 152.0
85 91 139.0 60.0
1 76 127.0 80.0
43 90 149.0 90.0
3 90 67.0 27.0
79 63 12.0 6.0
50 45 87.0 116.0
83 11 90.0 139.0
84 25 102.0 35.0
20 85 11.0 41.0
67 39 196.0 138.0
33 51 82.0 145.0
45 93 138.0 150.0
62 31 109.0 102.0
73 7 87.0 196.0
16 59 40.0 177.0
81 33 99.0 142.0
24 91 69.0 110.0
36 69 77.0 65.0
24 84 68.0 111.0
83 6 165.0 6.0
37 47 90.0 74.0
51 59 33.0 178.0
22 32 194.0 73.0
64 47 85.0 45.0
44 36 110.0 154.0
9 89 183.0 187.0
79 58 22.0 3.0
61 1 186.0 187.0
45 87 99.0 29.0
51 89 98.0 133.0
27 35 91.0 44.0
80 91 180.0 176.0
33 66 199.0 43.0
59 62 142.0 134.0
24 71 146.0 116.0
7 9 119.0 84.0
27 8 153.0 19.0
3 79 91.0 4.0
18 39 92.0 134.0
37 5 134.0 25.0
70 43 152.0 134.0
9 82 132.0 46.0
60 90 56.0 30.0
30 14 136.0 128.0
22 68 52.0 42.0
51 91 17.0 95.0
34 67 184.0 110.0
72 10 37.0 71.0
50 56 5.0 142.0
42 61 135.0 89.0
55 16 26.0 144.0
30 91 14.0 115.0
63 80 174.0 66.0
75 24 1.0 191.0
88 63 35.0 138.0
72 31 95.0 25.0
84 4 143.0 53.0
64 76 67.0 31.0
92 76 96.0 93.0
73 52 122.0 62.0
38 50 24.0 96.0
71 52 186.0 178.0
22 19 81.0 173.0
47 54 195.0 129.0
57 10 129.0 138.0
85 8 186.0 148.0
83 56 47.0 34.0
15 88 23.0 169.0
43 64 171.0 48.0
21 3 150.0 109.0
19 24 171.0 183.0
77 56 151.0 166.0
65 69 171.0 80.0
77 15 26.0 157.0
70 57 127.0 26.0
49 38 169.0 151.0
9 12 22.0 93.0
14 1 23.0 172.0
24 9 119.0 194.0
63 4 114.0 70.0
70 12 98.0 37.0
26 35 7.0 77.0
91 56 83.0 87.0
2 15 167.0 5.0
38 53 118.0 141.0
53 4 90.0 141.0
11 78 193.0 9.0
79 28 71.0 59.0
39 4 167.0 122.0
38 36 87.0 126.0
89 47 56.0 122.0
73 22 144.0 24.0
74 28 182.0 62.0
32 51 156.0 72.0
33 92 145.0 101.0
26 29 197.0 17.0
30 83 53.0 116.0
25 88 144.0 92.0
42 80 59.0 0.0
2 5 24.0 4.0
36 9 29.0 158.0
58 32 120.0 185.0
30 31 79.0 66.0
57 85 8.0 28.0
74 52 168.0 13.0
44 62 194.0 112.0
46 31 167.0 6.0
37 48 87.0 143.0
54 56 106.0 116.0
87 53 2.0 27.0
81 27 89.0 81.0
16 4 158.0 49.0
53 91 144.0 126.0
59 17 194.0 138.0
45 3 199.0 113.0
48 5 39.0 38.0
60 4 50.0 97.0
54 36 2.0 52.0
62 52 153.0 44.0
55 22 153.0 63.0
19 65 133.0 97.0
79 8 90.0 79.0
11 51 142.0 41.0
53 71 168.0 133.0
74 88 2.0 18.0
28 45 133.0 156.0
3 60 56.0 86.0
80 46 58.0 9.0
15 82 79.0 144.0
88 67 130.0 169.0
22 44 122.0 24.0
21 29 85.0 43.0
21 61 152.0 87.0
1 7 145.0 85.0
67 18 146.0 154.0
63 40 173.0 156.0
27 37 68.0 52.0
11 10 44.0 198.0
54 82 82.0 119.0
17 4 177.0 167.0
64 7 12.0 130.0
14 31 150.0 109.0
48 60 69.0 96.0
5 87 1.0 43.0
29 69 29.0 69.0
79 73 109.0 25.0
59 74 30.0 191.0
77 84 34.0 159.0
90 8 71.0 198.0
37 19 100.0 21.0
77 26 54.0 122.0
18 91 27.0 55.0
66 64 185.0 8.0
41 54 192.0 94.0
33 7 36.0 174.0
14 2 18.0 22.0
8 84 184.0 90.0
8 81 3.0 37.0
14 36 55.0 57.0
33 82 40.0 82.0
50 62 139.0 178.0
20 47 5.0 131.0
51 81 11.0 194.0
83 31 167.0 182.0
2 10 117.0 152.0
19 71 20.0 72.0
10 6 176.0 75.0
69 38 189.0 168.0
4 5 27.0 128.0
50 20 33.0 32.0
7 43 109.0 45.0
74 87 184.0 77.0
3 9 90.0 53.0
2 40 22.0 111.0
29 35 7.0 198.0
71 1 199.0 196.0
6 46 36.0 26.0
63 71 157.0 69.0
20 19 184.0 66.0
10 47 0.0 120.0
69 22 198.0 43.0
59 52 112.0 172.0
86 35 92.0 119.0
36 18 106.0 92.0
61 39 79.0 142.0
16 58 71.0 188.0
75 63 179.0 7.0
15 30 130.0 132.0
49 4 56.0 81.0
55 41 125.0 168.0
74 90 17.0 170.0
12 54 51.0 123.0
92 49 118.0 130.0
7 2 114.0 189.0
70 80 178.0 46.0
14 3 130.0 61.0
6 34 186.0 138.0
72 78 75.0 111.0
74 23 158.0 92.0
76 19 84.0 9.0
67 66 69.0 2.0
73 37 37.0 135.0
21 45 168.0 16.0
45 12 16.0 50.0
43 76 70.0 2.0
58 21 97.0 146.0
43 38 99.0 7.0
55 87 142.0 135.0
59 83 68.0 163.0
26 73 123.0 105.0
22 24 144.0 43.0
35 79 73.0 160.0
59 33 32.0 144.0
53 67 80.0 81.0
11 86 38.0 179.0
79 23 11.0 133.0
10 5 187.0 31.0
75 69 180.0 63.0
93 61 112.0 124.0
47 88 185.0 138.0
25 12 180.0 169.0
78 92 156.0 13.0
3 13 42.0 147.0
25 51 14.0 5.0
53 2 28.0 154.0
71 50 135.0 8.0
17 12 131.0 47.0
4 15 24.0 69.0
26 10 95.0 156.0
9 84 179.0 4.0
88 52 173.0 22.0
11 6 15.0 139.0
84 19 189.0 43.0
66 37 146.0 124.0
46 36 112.0 77.0
51 23 32.0 136.0
31 87 130.0 80.0
5 16 176.0 109.0
36 3 74.0 101.0
85 38 127.0 89.0
55 9 4.0 116.0
43 68 80.0 150.0
10 60 128.0 144.0
80 25 119.0 161.0
16 25 90.0 1.0
7 84 16.0 66.0
86 55 57.0 90.0
91 87 150.0 184.0
93 91 9.0 106.0
63 90 160.0 41.0
54 76 19.0 88.0
3 12 45.0 91.0
2 12 71.0 136.0
2 84 150.0 39.0
44 30 138.0 7.0
22 28 133.0 88.0
14 4 89.0 142.0
68 3 192.0 1.0
78 4 193.0 164.0
77 27 37.0 39.0
38 28 103.0 61.0
16 33 59.0 53.0
63 1 99.0 149.0
28 2 1.0 184.0
74 70 139.0 42.0
72 6 39.0 84.0
9 44 79.0 32.0
70 51 2.0 69.0
76 56 88.0 105.0
86 76 172.0 147.0
77 57 79.0 23.0
2 16 22.0 32.0
26 93 53.0 114.0
5 58 106.0 92.0
8 4 101.0 137.0
54 68 155.0 103.0
28 40 79.0 43.0
20 83 146.0 51.0
46 19 30.0 26.0
5 15 122.0 4.0
64 28 106.0 127.0
85 55 114.0 164.0
58 78 149.0 15.0
9 10 157.0 104.0
6 80 7.0 188.0
68 73 33.0 154.0
91 37 53.0 63.0
5 70 179.0 127.0
2 61 7.0 38.0
20 22 76.0 121.0
4 57 173.0 177.0
23 45 96.0 130.0
29 40 23.0 55.0
17 75 80.0 9.0
18 48 140.0 133.0
22 46 183.0 119.0
11 31 47.0 190.0
51 93 72.0 75.0
54 3 64.0 45.0
47 49 68.0 112.0
86 58 59.0 43.0
39 1 175.0 139.0
47 7 121.0 115.0
52 67 57.0 104.0
5 6 160.0 56.0
5 1 110.0 184.0
7 25 70.0 127.0
73 45 59.0 90.0
7 10 41.0 118.0
8 1 15.0 16.0
5 77 23.0 137.0
15 1 117.0 32.0
24 17 46.0 29.0
20 24 156.0 108.0
48 25 57.0 179.0
68 10 138.0 116.0
13 5 142.0 179.0
63 24 133.0 109.0
7 11 100.0 108.0
29 49 128.0 169.0
65 24 106.0 174.0
45 63 113.0 14.0
88 87 49.0 170.0
6 3 18.0 187.0
76 58 125.0 112.0
81 31 97.0 10.0
39 44 60.0 149.0
92 61 96.0 140.0
82 5 34.0 154.0
68 65 123.0 99.0
59 46 81.0 172.0
59 61 190.0 51.0
23 32 49.0 67.0
60 6 62.0 146.0
49 51 62.0 75.0
16 90 187.0 110.0
2 66 135.0 173.0
35 62 154.0 58.0
12 56 108.0 35.0
4 11 28.0 50.0
74 2 197.0 77.0
5 56 47.0 59.0
13 16 91.0 109.0
11 17 136.0 78.0
3 19 171.0 71.0
29 15 76.0 126.0
68 75 108.0 136.0
24 26 11.0 136.0
25 89 4.0 160.0
49 81 114.0 51.0
1 84 160.0 6.0
5 21 166.0 48.0
83 93 21.0 137.0
12 27 63.0 97.0
7 68 185.0 124.0
92 14 28.0 149.0
10 70 70.0 32.0
57 37 44.0 137.0
27 15 126.0 156.0
19 2 124.0 44.0
81 30 77.0 97.0
54 91 30.0 140.0
65 52 0.0 168.0
66 26 7.0 181.0
2 42 164.0 29.0
6 16 196.0 8.0
72 82 97.0 75.0
17 5 46.0 173.0
84 67 3.0 75.0
64 33 46.0 185.0
83 1 13.0 198.0
26 84 153.0 172.0
31 70 146.0 69.0
35 3 85.0 142.0
84 59 115.0 182.0
8 9 94.0 113.0
25 69 195.0 49.0
6 62 139.0 193.0
62 23 115.0 104.0
11 80 20.0 20.0
57 93 150.0 118.0
2 75 63.0 35.0
40 26 71.0 130.0
18 5 7.0 166.0
37 30 91.0 155.0
89 17 95.0 182.0
39 82 72.0 162.0
68 59 193.0 44.0
58 45 45.0 95.0
26 28 6.0 60.0
51 1 82.0 30.0
64 3 74.0 90.0
32 29 118.0 117.0
45 82 94.0 165.0
14 6 102.0 118.0
89 26 188.0 47.0
70 91 101.0 33.0
25 61 79.0 60.0
61 88 79.0 161.0
1 21 153.0 153.0
71 82 50.0 23.0
70 34 60.0 96.0
64 40 128.0 114.0
65 60 102.0 116.0
57 27 130.0 155.0
88 6 135.0 9.0
91 68 95.0 14.0
15 25 79.0 1.0
13 66 15.0 129.0
7 3 32.0 27.0
54 21 119.0 113.0
78 41 159.0 173.0
66 8 30.0 89.0
2 17 154.0 117.0
55 8 100.0 1.0
3 10 49.0 179.0
79 67 96.0 16.0
79 55 180.0 128.0
73 82 190.0 52.0
13 2 106.0 149.0
33 30 3.0 88.0
19 73 168.0 109.0
80 49 149.0 68.0
64 10 196.0 198.0
74 80 2.0 92.0
39 90 145.0 134.0
77 62 189.0 135.0
88 77 70.0 47.0
11 64 174.0 25.0
13 4 86.0 142.0
71 47 62.0 35.0
56 1 175.0 10.0
80 31 8.0 129.0
25 3 192.0 105.0
65 18 166.0 133.0
92 23 161.0 188.0
84 54 112.0 135.0
77 36 97.0 150.0
83 3 106.0 111.0
3 85 73.0 33.0
20 77 154.0 33.0
80 48 28.0 146.0
63 64 64.0 194.0
86 90 32.0 177.0
50 8 1.0 96.0
43 67 38.0 50.0
67 82 9.0 145.0
71 56 163.0 82.0
40 59 167.0 69.0
11 87 39.0 147.0
57 83 12.0 103.0
77 16 128.0 196.0
23 37 192.0 81.0
8 54 25.0 31.0
42 72 185.0 34.0
34 4 47.0 100.0
60 52 44.0 14.0
43 72 136.0 83.0
15 9 82.0 100.0
8 76 70.0 162.0
19 47 30.0 62.0
7 87 76.0 7.0
65 46 128.0 13.0
49 78 148.0 175.0
34 75 122.0 144.0
53 37 62.0 58.0
29 34 42.0 96.0
14 43 194.0 112.0
87 56 179.0 176.0
49 54 146.0 55.0
2 8 189.0 26.0
25 1 119.0 89.0
72 52 103.0 42.0
8 17 131.0 117.0
26 11 17.0 126.0
53 21 28.0 164.0
76 28 90.0 7.0
80 87 52.0 188.0
7 65 169.0 194.0
62 12 15.0 88.0
7 14 82.0 118.0
34 18 146.0 13.0
28 36 127.0 115.0
55 66 47.0 155.0
92 70 0.0 89.0
61 14 165.0 4.0
78 15 59.0 86.0
27 9 151.0 74.0
47 57 192.0 33.0
74 29 83.0 90.0
6 15 20.0 10.0
2 9 113.0 19.0
9 13 161.0 113.0
38 59 78.0 78.0
72 93 150.0 137.0
6 58 99.0 101.0
12 6 38.0 43.0
73 76 174.0 73.0
21 88 80.0 146.0
6 7 183.0 145.0
50 29 13.0 96.0
85 73 195.0 91.0
72 80 29.0 97.0
44 61 2.0 128.0
17 3 121.0 40.0
10 13 100.0 47.0
59 1 4.0 132.0
8 10 139.0 188.0
67 24 15.0 152.0
2 76 149.0 162.0
60 91 120.0 130.0
58 89 47.0 122.0
65 39 192.0 120.0
10 87 33.0 45.0
85 2 177.0 37.0
41 12 94.0 68.0
34 52 25.0 109.0
32 3 193.0 174.0
93 67 46.0 65.0
62 76 3.0 45.0
21 87 187.0 147.0
79 50 102.0 172.0
50 39 129.0 32.0
48 72 153.0 175.0
28 78 42.0 130.0
80 32 145.0 188.0
1 16 182.0 191.0
16 7 152.0 185.0
60 57 191.0 92.0
12 80 151.0 46.0
23 9 166.0 80.0
78 60 156.0 71.0
44 76 105.0 198.0
14 24 173.0 50.0
80 53 89.0 107.0
28 85 137.0 194.0
46 66 5.0 129.0
17 6 129.0 156.0
62 72 87.0 47.0
39 8 40.0 43.0
81 26 83.0 146.0
49 31 28.0 8.0
20 1 125.0 70.0
85 39 136.0 63.0
9 43 4.0 141.0
4 6 76.0 85.0
88 80 34.0 163.0
88 64 179.0 27.0
6 18 37.0 15.0
66 89 168.0 66.0
90 36 50.0 93.0
6 19 54.0 138.0
11 3 171.0 58.0
19 5 120.0 47.0
63 92 87.0 107.0
62 80 27.0 19.0
20 15 84.0 64.0
8 75 100.0 4.0
15 18 122.0 103.0
87 12 11.0 128.0
31 19 155.0 182.0
2 20 167.0 76.0
16 61 19.0 55.0
45 56 32.0 46.0
70 38 21.0 68.0
18 3 19.0 122.0
18 68 81.0 94.0
79 90 92.0 92.0
15 54 148.0 47.0
73 80 58.0 116.0
47 4 183.0 77.0
59 11 161.0 15.0
11 8 138.0 182.0
19 90 32.0 158.0
64 18 100.0 113.0
14 67 188.0 192.0
27 48 146.0 136.0
33 20 29.0 4.0
21 62 28.0 13.0
16 8 149.0 141.0
54 30 173.0 88.0
26 78 14.0 5.0
2 58 124.0 114.0
29 8 166.0 64.0
53 79 116.0 64.0
3 51 37.0 146.0
17 48 113.0 17.0
83 23 4.0 62.0
52 1 15.0 129.0
78 32 102.0 29.0
20 4 91.0 27.0
22 35 3.0 57.0
18 38 154.0 119.0
86 39 194.0 143.0
84 48 68.0 107.0
68 12 154.0 24.0
11 41 28.0 170.0
72 74 150.0 131.0
91 66 0.0 41.0
7 66 150.0 3.0
8 62 64.0 56.0
21 2 21.0 10.0
36 4 183.0 41.0
14 90 119.0 137.0
2 18 11.0 147.0
22 83 58.0 161.0
55 69 46.0 10.0
41 29 129.0 196.0
90 33 133.0 145.0
21 50 114.0 154.0
53 64 120.0 97.0
60 7 183.0 191.0
45 8 161.0 146.0
90 88 62.0 171.0
63 16 172.0 108.0
44 6 37.0 53.0
36 7 63.0 170.0
56 34 36.0 177.0
4 82 189.0 156.0
88 71 164.0 124.0
78 73 112.0 126.0
67 85 96.0 126.0
7 45 27.0 68.0
50 4 54.0 64.0
8 30 130.0 69.0
63 61 88.0 118.0
47 58 192.0 77.0
5 20 117.0 156.0
69 82 153.0 30.0
72 25 11.0 1.0
70 22 89.0 39.0
23 22 165.0 144.0
51 56 154.0 47.0
21 68 190.0 43.0
31 18 118.0 182.0
17 85 97.0 36.0
71 75 105.0 2.0
2 6 21.0 69.0
32 62 70.0 63.0
83 15 158.0 188.0
68 77 137.0 112.0
50 42 145.0 79.0
60 68 6.0 15.0
57 33 78.0 55.0
9 1 148.0 184.0
8 5 142.0 121.0
78 93 132.0 12.0
14 83 68.0 90.0
65 64 141.0 157.0
12 39 194.0 86.0
11 53 3.0 0.0
1 23 126.0 34.0
18 84 79.0 74.0
1 10 40.0 21.0
13 70 76.0 172.0
22 4 126.0 96.0
31 85 184.0 67.0
30 52 44.0 179.0
14 8 16.0 47.0
80 13 53.0 142.0
3 16 26.0 85.0
29 5 49.0 18.0
74 44 183.0 77.0
9 77 80.0 109.0
3 20 172.0 16.0
69 89 193.0 16.0
58 50 66.0 9.0
63 72 52.0 120.0
87 78 190.0 31.0
80 58 60.0 191.0
8 32 54.0 195.0
13 67 125.0 86.0
84 33 20.0 97.0
13 6 81.0 165.0
21 4 81.0 148.0
91 81 56.0 86.0
63 77 192.0 46.0
41 67 15.0 4.0
7 5 53.0 21.0
81 17 41.0 130.0
49 79 117.0 61.0
11 73 76.0 199.0
92 8 185.0 110.0
88 39 48.0 41.0
20 84 183.0 40.0
1 22 39.0 150.0
37 71 52.0 44.0
87 75 99.0 94.0
60 32 149.0 16.0
9 87 88.0 25.0
10 14 137.0 25.0
23 3 148.0 185.0
62 55 38.0 84.0
78 23 19.0 77.0
91 64 142.0 24.0
45 42 152.0 41.0
23 4 160.0 101.0
8 15 196.0 0.0
28 84 1.0 133.0
1 26 6.0 150.0
38 19 24.0 196.0
39 43 131.0 195.0
11 14 145.0 73.0
26 53 115.0 49.0
12 7 102.0 27.0
81 69 194.0 98.0
57 23 154.0 148.0
4 75 56.0 160.0
91 14 8.0 80.0
56 2 31.0 139.0
82 2 88.0 128.0
13 15 157.0 155.0
42 93 107.0 11.0
22 7 71.0 54.0
22 13 53.0 25.0
87 15 136.0 61.0
28 27 178.0 96.0
28 3 119.0 161.0
4 83 33.0 160.0
80 36 145.0 142.0
34 25 164.0 53.0
24 92 13.0 35.0
11 89 161.0 18.0
10 32 148.0 49.0
56 13 197.0 78.0
13 78 86.0 68.0
65 25 148.0 71.0
59 82 146.0 45.0
12 32 86.0 110.0
30 38 18.0 100.0
33 45 61.0 131.0
18 8 130.0 161.0
35 5 163.0 79.0
82 27 113.0 2.0
7 17 176.0 13.0
20 82 6.0 122.0
21 12 18.0 92.0
50 43 192.0 189.0
86 27 21.0 5.0
49 11 35.0 151.0
14 35 189.0 150.0
59 92 11.0 102.0
30 58 65.0 188.0
47 31 35.0 71.0
43 44 81.0 53.0
85 7 179.0 25.0
12 5 72.0 152.0
20 57 107.0 59.0
89 7 169.0 49.0
6 81 140.0 133.0
46 83 193.0 5.0
20 60 134.0 180.0
10 75 155.0 15.0
9 18 47.0 86.0
48 29 125.0 71.0
84 70 180.0 33.0
76 33 53.0 102.0
9 4 4.0 193.0
86 1 195.0 149.0
60 22 74.0 130.0
4 30 47.0 181.0
68 48 114.0 94.0
76 12 152.0 40.0
81 87 186.0 85.0
26 83 196.0 192.0
84 60 34.0 1.0
61 67 18.0 29.0
89 59 99.0 92.0
87 65 147.0 146.0
6 20 152.0 62.0
3 70 4.0 105.0
63 15 138.0 142.0
2 90 55.0 134.0
22 5 112.0 89.0
21 52 174.0 130.0
16 43 191.0 73.0
12 86 95.0 138.0
77 52 72.0 199.0
28 80 37.0 28.0
3 5 127.0 175.0
9 26 81.0 182.0
70 49 139.0 193.0
17 1 76.0 113.0
76 17 3.0 67.0
9 91 72.0 98.0
48 39 68.0 96.0
10 12 105.0 106.0
46 56 104.0 32.0
79 10 45.0 185.0
58 11 84.0 184.0
42 58 160.0 160.0
74 12 98.0 163.0
8 31 47.0 122.0
69 45 170.0 115.0
76 4 142.0 75.0
58 44 102.0 198.0
51 8 169.0 147.0
16 51 23.0 6.0
15 61 122.0 135.0
71 91 35.0 172.0
28 50 176.0 82.0
92 64 113.0 99.0
66 23 82.0 56.0
64 87 165.0 184.0
93 71 7.0 87.0
26 14 150.0 182.0
9 19 13.0 72.0
7 15 80.0 0.0
57 63 62.0 57.0
3 24 11.0 175.0
5 41 21.0 93.0
33 5 132.0 138.0
75 25 129.0 139.0
36 15 138.0 79.0
64 70 111.0 151.0
77 92 145.0 192.0
59 77 122.0 7.0
7 19 191.0 133.0
72 24 60.0 12.0
29 24 121.0 144.0
48 79 151.0 51.0
91 52 53.0 41.0
28 65 87.0 164.0
61 78 35.0 32.0
59 48 66.0 157.0
81 13 196.0 10.0
36 19 29.0 8.0
42 11 6.0 103.0
87 82 49.0 109.0
40 80 23.0 102.0
49 34 143.0 62.0
17 33 36.0 178.0
78 55 116.0 55.0
67 80 104.0 112.0
5 92 117.0 85.0
7 13 164.0 75.0
31 23 83.0 13.0
7 38 132.0 58.0
69 23 164.0 27.0
53 12 6.0 153.0
67 62 175.0 122.0
48 33 112.0 79.0
29 19 188.0 29.0
24 4 152.0 152.0
67 23 78.0 35.0
60 14 21.0 163.0
15 3 133.0 138.0
16 87 193.0 91.0
53 35 124.0 168.0
65 67 164.0 36.0
85 61 174.0 152.0
10 69 115.0 126.0
91 21 109.0 145.0
34 84 172.0 82.0
23 5 151.0 57.0
13 14 114.0 144.0
28 17 66.0 190.0
83 28 133.0 30.0
88 33 71.0 60.0
6 78 163.0 138.0
6 39 58.0 72.0
3 22 99.0 182.0
64 67 94.0 50.0
60 25 101.0 161.0
42 7 75.0 167.0
34 80 127.0 161.0
17 34 121.0 151.0
16 14 59.0 36.0
50 76 22.0 70.0
30 64 45.0 121.0
38 32 79.0 92.0
56 10 129.0 132.0
16 76 87.0 157.0
60 34 179.0 166.0
67 9 98.0 52.0
21 23 84.0 110.0
5 63 115.0 58.0
31 53 76.0 112.0
84 6 126.0 108.0
16 10 14.0 56.0
21 8 140.0 101.0
23 2 22.0 120.0
62 87 48.0 120.0
15 71 161.0 132.0
38 12 99.0 76.0
64 83 83.0 127.0
12 16 155.0 9.0
76 47 72.0 169.0
14 5 113.0 12.0
66 25 130.0 87.0
17 82 22.0 178.0
21 9 57.0 135.0
83 5 33.0 108.0
87 17 2.0 116.0
19 1 155.0 157.0
57 26 125.0 27.0
39 69 46.0 191.0
92 37 37.0 128.0
11 16 181.0 11.0
41 89 80.0 190.0
18 13 15.0 65.0
75 88 60.0 18.0
4 62 105.0 15.0
88 56 58.0 183.0
32 61 166.0 56.0
7 20 43.0 3.0
52 82 118.0 176.0
77 4 23.0 198.0
62 10 53.0 190.0
2 43 62.0 66.0
12 73 46.0 120.0
34 7 166.0 56.0
65 76 33.0 132.0
67 36 142.0 28.0
24 11 165.0 60.0
14 44 90.0 140.0
51 55 77.0 96.0
9 17 131.0 91.0
51 17 23.0 177.0
21 48 47.0 141.0
30 47 197.0 81.0
82 50 165.0 139.0
61 45 140.0 131.0
88 4 90.0 183.0
56 72 150.0 119.0
52 50 140.0 81.0
65 82 40.0 116.0
10 17 48.0 88.0
93 35 43.0 45.0
84 89 0.0 9.0
40 10 0.0 141.0
11 77 22.0 42.0
55 70 52.0 172.0
26 92 145.0 192.0
78 12 165.0 138.0
56 59 1.0 13.0
23 8 33.0 44.0
21 6 185.0 34.0
38 62 165.0 137.0
45 90 62.0 187.0
2 27 64.0 66.0
44 26 133.0 161.0
36 70 189.0 50.0
10 15 128.0 190.0
81 85 77.0 162.0
23 56 193.0 62.0
22 38 30.0 158.0
12 13 24.0 92.0
75 76 173.0 40.0
8 80 191.0 58.0
57 2 82.0 180.0
32 87 55.0 163.0
79 43 53.0 132.0
3 69 100.0 46.0
13 76 134.0 130.0
12 58 111.0 158.0
40 43 4.0 84.0
29 64 108.0 148.0
63 34 31.0 143.0
28 7 112.0 38.0
49 65 160.0 165.0
40 78 119.0 60.0
58 65 23.0 53.0
29 44 0.0 134.0
84 73 168.0 156.0
41 13 66.0 29.0
45 83 188.0 97.0
87 23 117.0 100.0
87 2 78.0 77.0
77 70 149.0 197.0
41 79 147.0 172.0
27 70 182.0 99.0
49 57 140.0 102.0
70 39 49.0 6.0
26 6 37.0 37.0
9 20 1.0 106.0
73 54 134.0 79.0
15 11 7.0 35.0
20 11 99.0 154.0
80 81 93.0 33.0
45 92 77.0 185.0
36 25 26.0 126.0
13 11 191.0 16.0
9 40 158.0 144.0
1 27 34.0 44.0
63 35 137.0 42.0
25 4 57.0 188.0
31 89 119.0 102.0
86 82 128.0 196.0
11 32 32.0 154.0
17 14 193.0 175.0
13 69 103.0 103.0
23 6 51.0 137.0
24 42 19.0 140.0
83 77 34.0 76.0
12 19 59.0 153.0
44 87 2.0 139.0
23 80 116.0 34.0
52 86 13.0 61.0
59 7 177.0 68.0
89 19 43.0 180.0
58 74 169.0 62.0
55 84 104.0 3.0
17 13 191.0 116.0
53 88 88.0 193.0
74 40 22.0 156.0
30 19 24.0 35.0
24 6 45.0 153.0
93 77 151.0 88.0
57 30 161.0 121.0
18 74 116.0 65.0
41 45 98.0 59.0
40 6 90.0 187.0
43 42 127.0 112.0
59 47 94.0 151.0
19 4 18.0 139.0
5 47 101.0 121.0
22 11 177.0 62.0
66 27 160.0 94.0
71 18 98.0 58.0
21 84 143.0 189.0
31 78 6.0 22.0
31 9 109.0 52.0
31 84 76.0 127.0
37 64 157.0 178.0
57 72 18.0 86.0
26 2 30.0 130.0
85 51 196.0 128.0
39 25 31.0 92.0
9 5 76.0 189.0
25 45 126.0 186.0
35 80 61.0 2.0
48 83 14.0 170.0
25 2 93.0 184.0
72 75 27.0 123.0
32 35 146.0 176.0
59 50 196.0 130.0
65 10 78.0 73.0
52 15 51.0 156.0
1 38 95.0 113.0
27 50 112.0 61.0
53 93 82.0 158.0
74 1 72.0 61.0
35 69 111.0 171.0
25 24 96.0 107.0
26 5 38.0 126.0
92 34 172.0 89.0
27 4 133.0 19.0
85 6 130.0 198.0
14 9 198.0 12.0
10 21 27.0 70.0
41 64 73.0 138.0
85 46 19.0 169.0
29 45 73.0 9.0
76 78 124.0 197.0
20 65 91.0 58.0
70 45 182.0 21.0
87 28 153.0 180.0
93 40 75.0 180.0
5 25 42.0 148.0
42 65 46.0 13.0
13 8 47.0 71.0
12 23 126.0 172.0
85 5 38.0 169.0
31 2 154.0 20.0
22 88 140.0 59.0
34 89 198.0 168.0
84 66 130.0 193.0
36 65 7.0 176.0
4 26 54.0 6.0
22 10 58.0 132.0
93 76 54.0 48.0
70 16 124.0 8.0
8 61 23.0 16.0
56 73 74.0 173.0
44 31 95.0 5.0
1 79 58.0 54.0
81 76 106.0 112.0
20 12 7.0 117.0
9 6 140.0 62.0
8 6 54.0 16.0
11 18 54.0 29.0
80 55 126.0 129.0
85 53 150.0 21.0
36 43 57.0 160.0
24 88 183.0 163.0
37 58 117.0 190.0
63 83 184.0 10.0
5 28 69.0 190.0
61 80 181.0 124.0
2 29 0.0 107.0
29 3 14.0 103.0
18 4 148.0 71.0
93 16 108.0 83.0
30 2 17.0 26.0
13 55 105.0 1.0
13 40 26.0 175.0
26 50 91.0 7.0
11 1 99.0 43.0
84 15 56.0 65.0
22 67 2.0 156.0
80 37 47.0 62.0
60 49 96.0 17.0
10 30 43.0 2.0
69 41 78.0 69.0
90 20 188.0 121.0
20 58 194.0 39.0
72 32 129.0 2.0
4 7 69.0 83.0
30 3 16.0 117.0
17 49 15.0 113.0
78 62 171.0 58.0
9 41 128.0 49.0
60 19 153.0 116.0
4 29 159.0 147.0
83 21 5.0 41.0
32 59 10.0 26.0
27 22 9.0 179.0
68 76 38.0 24.0
44 17 59.0 9.0
57 58 172.0 139.0
76 60 77.0 125.0
18 87 125.0 37.0
10 19 186.0 82.0
21 69 25.0 149.0
27 6 138.0 186.0
3 63 35.0 176.0
11 21 109.0 46.0
83 47 33.0 33.0
13 59 106.0 110.0
24 7 14.0 183.0
89 29 180.0 0.0
24 1 35.0 157.0
54 55 153.0 173.0
22 75 101.0 188.0
2 3 138.0 162.0
47 6 163.0 123.0
62 79 193.0 21.0
18 23 158.0 159.0
51 90 54.0 90.0
32 2 42.0 89.0
43 10 47.0 196.0
82 46 59.0 100.0
45 14 142.0 197.0
17 41 67.0 106.0
26 41 38.0 12.0
21 14 11.0 149.0
77 76 95.0 65.0
67 25 181.0 138.0
32 43 190.0 181.0
86 50 193.0 49.0
1 34 105.0 136.0
38 81 176.0 124.0
17 15 62.0 166.0
51 62 142.0 73.0
45 84 50.0 37.0
13 46 120.0 183.0
86 13 84.0 110.0
63 76 142.0 77.0
73 46 181.0 199.0
33 74 185.0 109.0
10 24 72.0 47.0
54 66 106.0 14.0
6 28 161.0 156.0
28 44 144.0 81.0
57 81 54.0 28.0
61 19 14.0 148.0
11 23 183.0 195.0
30 1 84.0 168.0
28 18 27.0 156.0
10 23 3.0 133.0
4 3 8.0 164.0
48 36 140.0 153.0
23 47 94.0 146.0
63 81 15.0 108.0
52 78 65.0 198.0
25 9 92.0 149.0
19 13 76.0 71.0
8 7 9.0 79.0
21 64 82.0 169.0
6 79 136.0 174.0
33 12 151.0 30.0
10 25 161.0 166.0
23 61 59.0 27.0
55 35 23.0 151.0
24 2 69.0 100.0
42 17 81.0 78.0
5 30 73.0 115.0
34 15 82.0 9.0
26 27 82.0 186.0
64 1 132.0 43.0
60 18 159.0 191.0
25 6 89.0 183.0
22 12 153.0 158.0
22 15 198.0 186.0
48 87 15.0 71.0
9 57 57.0 50.0
20 14 10.0 139.0
18 25 161.0 143.0
40 70 156.0 121.0
92 85 3.0 197.0
47 42 9.0 157.0
33 3 38.0 7.0
19 15 92.0 53.0
82 25 40.0 149.0
42 71 32.0 51.0
93 66 181.0 145.0
42 41 166.0 90.0
32 91 117.0 121.0
37 16 92.0 127.0
25 8 123.0 82.0
12 37 133.0 15.0
34 3 35.0 174.0
20 17 133.0 67.0
61 12 59.0 67.0
53 42 57.0 177.0
39 28 40.0 127.0
17 18 55.0 84.0
54 23 162.0 178.0
8 22 150.0 95.0
7 32 171.0 185.0
11 12 25.0 57.0
14 48 104.0 85.0
87 43 77.0 161.0
70 25 43.0 69.0
92 65 139.0 98.0
87 8 32.0 101.0
18 81 36.0 134.0
2 22 168.0 8.0
10 38 197.0 194.0
19 17 174.0 101.0
78 43 7.0 3.0
65 22 102.0 2.0
86 41 108.0 41.0
46 39 104.0 92.0
24 12 60.0 140.0
20 79 127.0 29.0
3 26 106.0 124.0
66 39 3.0 80.0
13 20 48.0 162.0
27 78 192.0 150.0
26 36 194.0 100.0
72 30 176.0 50.0
41 27 21.0 36.0
12 34 9.0 148.0
64 38 102.0 115.0
74 36 195.0 106.0
41 92 93.0 44.0
75 33 50.0 37.0
67 76 23.0 196.0
16 9 155.0 199.0
30 7 33.0 128.0
15 12 198.0 42.0
41 33 55.0 100.0
68 20 42.0 51.0
19 93 12.0 87.0
3 31 131.0 14.0
42 76 46.0 155.0
92 1 103.0 153.0
88 20 148.0 137.0
22 79 163.0 98.0
27 5 99.0 19.0
68 67 88.0 93.0
66 76 62.0 52.0
40 84 69.0 194.0
64 52 142.0 67.0
6 29 198.0 45.0
62 3 165.0 98.0
82 83 107.0 81.0
19 14 55.0 159.0
10 90 95.0 95.0
71 79 41.0 157.0
67 78 98.0 63.0
34 40 108.0 40.0
82 10 110.0 58.0
11 2 190.0 28.0
84 85 2.0 49.0
28 90 187.0 10.0
85 32 150.0 82.0
16 85 170.0 143.0
27 11 147.0 68.0
21 26 192.0 7.0
34 26 174.0 55.0
27 90 181.0 116.0
81 41 105.0 184.0
36 73 91.0 92.0
9 58 56.0 193.0
49 62 12.0 179.0
45 32 32.0 112.0
58 22 62.0 176.0
48 32 166.0 36.0
16 20 58.0 148.0
12 18 147.0 163.0
8 71 33.0 190.0
22 14 51.0 90.0
35 46 63.0 15.0
77 35 32.0 95.0
57 25 192.0 94.0
6 31 121.0 110.0
52 69 8.0 180.0
14 12 76.0 107.0
93 18 36.0 110.0
83 60 1.0 39.0
6 22 193.0 16.0
59 54 37.0 178.0
79 65 94.0 181.0
1 29 93.0 15.0
28 9 149.0 53.0
8 24 146.0 25.0
25 26 140.0 182.0
29 7 12.0 94.0
30 42 115.0 158.0
18 7 61.0 105.0
87 42 67.0 155.0
23 14 33.0 161.0
77 3 65.0 182.0
5 24 186.0 163.0
23 15 86.0 79.0
15 24 52.0 99.0
26 8 57.0 168.0
13 21 57.0 70.0
49 40 194.0 125.0
90 18 74.0 27.0
20 75 132.0 139.0
11 91 167.0 70.0
63 13 23.0 54.0
93 55 158.0 27.0
87 34 163.0 167.0
43 71 36.0 20.0
15 86 19.0 30.0
10 50 92.0 93.0
13 25 42.0 176.0
90 22 190.0 162.0
33 19 22.0 165.0
71 39 91.0 180.0
73 18 64.0 54.0
86 25 105.0 52.0
16 21 11.0 125.0
70 7 117.0 103.0
4 10 41.0 160.0
29 47 178.0 183.0
63 60 19.0 0.0
6 53 137.0 62.0
68 27 19.0 153.0
49 22 66.0 124.0
40 83 188.0 78.0
88 41 175.0 105.0
32 6 195.0 168.0
9 59 85.0 125.0
23 39 1.0 56.0
89 22 139.0 138.0
46 12 81.0 158.0
31 93 194.0 147.0
80 54 56.0 182.0
93 8 180.0 31.0
18 21 149.0 127.0
34 71 60.0 186.0
16 60 188.0 62.0
79 89 100.0 127.0
1 12 198.0 181.0
7 91 109.0 145.0
50 93 25.0 166.0
31 1 25.0 5.0
16 28 5.0 174.0
3 86 65.0 66.0
50 89 21.0 53.0
36 1 77.0 73.0
9 93 92.0 27.0
88 35 48.0 1.0
33 65 19.0 73.0
13 85 170.0 44.0
19 48 50.0 128.0
29 10 190.0 116.0
38 2 106.0 11.0
60 88 121.0 135.0
85 80 129.0 13.0
19 81 139.0 177.0
52 19 155.0 111.0
3 8 148.0 78.0
30 9 113.0 198.0
59 79 178.0 103.0
43 6 138.0 36.0
33 8 194.0 60.0
17 21 126.0 123.0
46 90 31.0 66.0
18 10 89.0 138.0
9 62 114.0 37.0
37 93 78.0 27.0
20 18 138.0 56.0
27 44 53.0 28.0
21 7 56.0 47.0
74 77 162.0 182.0
28 11 30.0 193.0
46 1 14.0 71.0
21 19 27.0 128.0
13 26 150.0 105.0
73 40 141.0 40.0
83 13 128.0 146.0
25 11 79.0 136.0
23 65 43.0 41.0
21 15 0.0 74.0
61 10 171.0 14.0
16 22 6.0 198.0
71 35 146.0 156.0
10 31 129.0 87.0
86 77 29.0 57.0
10 20 48.0 60.0
29 12 134.0 43.0
25 35 160.0 87.0
45 46 125.0 83.0
63 48 103.0 131.0
41 1 60.0 1.0
12 26 107.0 189.0
26 82 5.0 89.0
91 82 54.0 5.0
44 38 92.0 141.0
72 4 85.0 4.0
49 73 134.0 162.0
27 23 164.0 189.0
92 48 71.0 176.0
89 92 57.0 179.0
78 50 154.0 15.0
36 60 173.0 160.0
11 9 92.0 65.0
28 4 19.0 129.0
13 28 88.0 105.0
67 45 70.0 4.0
35 4 69.0 141.0
1 6 108.0 78.0
55 75 62.0 14.0
42 15 191.0 35.0
30 35 13.0 35.0
48 22 40.0 184.0
66 9 146.0 128.0
54 86 173.0 168.0
12 28 57.0 42.0
32 49 179.0 117.0
6 30 136.0 41.0
46 63 38.0 80.0
2 39 11.0 3.0
58 48 193.0 51.0
54 52 165.0 92.0
44 73 25.0 139.0
2 4 9.0 34.0
52 6 77.0 140.0
38 9 45.0 165.0
71 73 145.0 35.0
17 88 145.0 156.0
40 18 160.0 139.0
69 71 52.0 126.0
50 69 118.0 29.0
4 38 109.0 79.0
29 11 155.0 186.0
1 37 17.0 153.0
45 76 62.0 162.0
68 84 110.0 7.0
8 47 19.0 71.0
27 7 77.0 23.0
85 48 116.0 147.0
34 2 189.0 25.0
7 23 53.0 96.0
8 34 64.0 70.0
54 1 169.0 126.0
27 14 86.0 32.0
70 47 169.0 105.0
29 13 18.0 198.0
1 18 155.0 134.0
27 3 24.0 96.0
10 34 38.0 77.0
14 18 136.0 54.0
14 81 187.0 57.0
32 4 106.0 26.0
31 12 148.0 75.0
24 47 50.0 166.0
9 29 47.0 157.0
26 58 88.0 23.0
27 17 96.0 79.0
4 37 84.0 184.0
3 66 84.0 24.0
21 20 179.0 190.0
56 69 98.0 128.0
22 34 167.0 148.0
51 7 112.0 166.0
62 30 61.0 1.0
2 33 43.0 157.0
13 27 31.0 127.0
15 16 170.0 115.0
7 31 87.0 101.0
27 29 70.0 137.0
61 71 175.0 37.0
75 49 7.0 88.0
15 26 35.0 20.0
18 24 86.0 30.0
15 14 6.0 118.0
17 86 167.0 128.0
42 34 70.0 6.0
41 2 87.0 140.0
24 37 76.0 63.0
83 37 78.0 83.0
44 48 65.0 66.0
21 55 105.0 151.0
59 90 172.0 111.0
81 93 50.0 139.0
33 6 81.0 120.0
54 16 68.0 121.0
52 68 76.0 144.0
28 8 183.0 154.0
75 70 68.0 48.0
16 19 27.0 173.0
92 93 132.0 199.0
92 73 3.0 182.0
35 7 75.0 84.0
27 52 9.0 96.0
24 93 132.0 85.0
17 22 159.0 115.0
1 33 33.0 27.0
26 43 144.0 60.0
40 92 123.0 76.0
69 20 138.0 126.0
29 90 34.0 165.0
49 5 13.0 43.0
2 37 26.0 98.0
86 91 188.0 137.0
20 46 100.0 173.0
86 59 11.0 44.0
55 74 100.0 134.0
38 6 50.0 190.0
32 69 47.0 84.0
74 19 71.0 12.0
25 19 136.0 49.0
17 26 157.0 124.0
2 93 172.0 57.0
5 34 80.0 183.0
75 91 7.0 132.0
16 24 9.0 57.0
14 28 95.0 56.0
5 11 86.0 118.0
65 77 7.0 22.0
33 13 7.0 164.0
10 39 183.0 179.0
38 52 199.0 16.0
47 32 171.0 6.0
62 89 101.0 133.0
75 86 34.0 148.0
89 21 142.0 120.0
8 19 42.0 149.0
16 18 46.0 1.0
44 93 162.0 30.0
49 74 137.0 113.0
10 89 121.0 108.0
84 23 148.0 22.0
32 1 145.0 183.0
32 5 77.0 87.0
16 26 48.0 119.0
66 30 94.0 47.0
40 3 54.0 8.0
24 13 125.0 191.0
5 40 81.0 47.0
72 60 28.0 182.0
29 17 36.0 125.0
6 63 27.0 66.0
28 70 161.0 27.0
1 28 64.0 55.0
23 19 130.0 70.0
11 76 132.0 56.0
27 16 62.0 165.0
15 41 20.0 42.0
37 87 141.0 9.0
8 37 38.0 168.0
56 11 23.0 199.0
13 31 173.0 39.0
93 1 113.0 104.0
74 10 92.0 45.0
56 7 91.0 106.0
46 17 78.0 64.0
27 10 0.0 19.0
1 42 112.0 191.0
21 24 157.0 135.0
28 10 124.0 130.0
16 68 64.0 189.0
41 4 113.0 109.0
38 24 59.0 157.0
39 58 184.0 137.0
78 1 194.0 136.0
82 58 183.0 106.0
45 2 171.0 140.0
89 2 110.0 48.0
67 35 108.0 174.0
28 15 21.0 173.0
31 92 119.0 80.0
56 61 45.0 55.0
59 30 175.0 191.0
86 74 45.0 158.0
52 35 165.0 168.0
34 90 131.0 75.0
40 4 182.0 191.0
25 20 40.0 155.0
41 3 199.0 111.0
63 87 35.0 196.0
37 7 84.0 162.0
43 11 82.0 81.0
43 69 45.0 47.0
65 4 176.0 129.0
1 43 112.0 110.0
35 9 85.0 104.0
7 26 161.0 36.0
2 63 147.0 196.0
34 77 10.0 183.0
36 10 106.0 92.0
23 13 85.0 103.0
35 2 89.0 14.0
40 61 46.0 153.0
20 26 146.0 83.0
3 43 111.0 107.0
41 56 124.0 10.0
39 17 148.0 135.0
10 33 125.0 6.0
50 81 132.0 163.0
83 75 55.0 173.0
42 73 99.0 101.0
2 36 162.0 46.0
72 50 160.0 25.0
3 37 126.0 37.0
41 46 39.0 26.0
40 7 22.0 117.0
40 44 92.0 155.0
35 10 166.0 147.0
5 36 144.0 18.0
8 74 146.0 59.0
44 3 130.0 106.0
16 30 53.0 57.0
37 72 171.0 92.0
31 75 162.0 193.0
23 46 154.0 54.0
20 23 188.0 73.0
43 5 91.0 85.0
70 66 124.0 37.0
62 47 4.0 7.0
39 33 10.0 9.0
11 90 15.0 181.0
71 36 9.0 129.0
79 11 160.0 115.0
63 56 138.0 101.0
8 38 138.0 181.0
11 33 166.0 15.0
88 65 56.0 123.0
18 22 185.0 67.0
23 16 154.0 153.0
19 27 59.0 115.0
70 42 2.0 19.0
3 61 2.0 92.0
26 56 196.0 141.0
20 8 109.0 163.0
72 36 16.0 117.0
63 39 61.0 1.0
44 37 16.0 15.0
37 9 7.0 75.0
33 29 35.0 161.0
87 70 34.0 38.0
30 65 75.0 30.0
72 28 17.0 136.0
19 28 106.0 33.0
4 31 31.0 167.0
52 18 34.0 199.0
6 36 80.0 193.0
35 12 97.0 116.0
19 26 192.0 131.0
39 7 76.0 19.0
76 7 195.0 93.0
62 81 6.0 53.0
93 4 109.0 37.0
8 35 26.0 143.0
74 30 90.0 106.0
22 25 155.0 139.0
6 76 69.0 99.0
29 91 148.0 145.0
1 13 42.0 143.0
6 41 133.0 48.0
3 42 178.0 42.0
74 39 91.0 156.0
46 2 21.0 133.0
11 35 22.0 177.0
76 38 184.0 91.0
36 64 28.0 133.0
15 33 96.0 70.0
17 25 49.0 29.0
74 68 136.0 180.0
13 62 140.0 179.0
4 33 141.0 161.0
12 40 184.0 163.0
78 5 170.0 168.0
32 15 175.0 198.0
83 61 59.0 23.0
3 38 1.0 108.0
19 18 141.0 89.0
77 43 176.0 81.0
15 31 20.0 69.0
59 58 156.0 156.0
63 50 138.0 126.0
27 20 12.0 65.0
78 63 85.0 71.0
34 16 24.0 38.0
5 45 197.0 117.0
36 8 79.0 126.0
45 1 29.0 52.0
8 12 123.0 185.0
5 44 168.0 13.0
9 73 181.0 180.0
40 31 116.0 19.0
5 31 60.0 92.0
25 43 132.0 10.0
2 44 103.0 164.0
52 5 15.0 133.0
10 86 166.0 138.0
77 21 122.0 134.0
91 73 6.0 103.0
42 4 110.0 74.0
79 12 21.0 171.0
54 60 134.0 105.0
74 17 152.0 190.0
19 43 166.0 120.0
13 30 79.0 132.0
8 40 49.0 1.0
61 82 59.0 8.0
38 37 167.0 169.0
8 41 176.0 188.0
44 91 94.0 63.0
12 89 153.0 199.0
36 42 73.0 119.0
48 50 44.0 153.0
38 90 57.0 45.0
35 15 95.0 116.0
25 21 137.0 62.0
40 67 4.0 65.0
1 48 12.0 50.0
13 36 13.0 117.0
10 37 50.0 39.0
20 54 12.0 46.0
48 38 14.0 22.0
9 34 185.0 61.0
86 89 155.0 74.0
62 15 175.0 111.0
80 30 9.0 140.0
28 21 83.0 23.0
83 12 189.0 85.0
63 8 160.0 154.0
46 26 176.0 126.0
58 93 91.0 161.0
6 42 189.0 198.0
38 5 2.0 117.0
46 4 137.0 12.0
17 23 64.0 173.0
35 6 63.0 6.0
27 21 21.0 23.0
93 41 2.0 197.0
38 65 152.0 93.0
80 86 127.0 94.0
9 42 175.0 130.0
19 32 38.0 64.0
82 77 34.0 55.0
38 14 142.0 97.0
61 64 109.0 163.0
9 64 64.0 111.0
16 31 71.0 16.0
19 67 1.0 198.0
44 57 45.0 128.0
44 72 7.0 84.0
54 83 30.0 193.0
28 20 125.0 172.0
63 91 41.0 186.0
59 21 173.0 57.0
42 5 55.0 44.0
3 47 162.0 8.0
30 11 1.0 7.0
76 37 62.0 161.0
44 1 190.0 92.0
11 19 16.0 115.0
47 1 6.0 57.0
65 70 157.0 179.0
73 86 29.0 12.0
38 55 149.0 143.0
61 5 141.0 150.0
33 18 33.0 3.0
36 16 119.0 23.0
17 32 72.0 135.0
42 8 47.0 78.0
12 42 104.0 157.0
32 28 59.0 134.0
81 7 2.0 8.0
34 11 31.0 143.0
10 71 144.0 64.0
33 86 115.0 63.0
20 30 179.0 187.0
46 5 154.0 178.0
17 40 69.0 11.0
66 65 151.0 129.0
71 40 59.0 153.0
60 1 79.0 90.0
13 38 199.0 175.0
46 84 132.0 66.0
81 23 36.0 111.0
31 20 156.0 143.0
57 89 34.0 25.0
32 20 177.0 185.0
23 85 100.0 188.0
25 27 191.0 131.0
13 34 186.0 142.0
44 7 191.0 118.0
17 30 191.0 28.0
56 84 199.0 147.0
79 76 128.0 33.0
59 34 131.0 57.0
5 39 152.0 183.0
66 28 165.0 144.0
58 38 24.0 151.0
49 2 62.0 15.0
27 18 24.0 5.0
6 55 195.0 176.0
4 45 12.0 75.0
50 1 193.0 143.0
11 38 159.0 145.0
81 83 167.0 76.0
16 32 127.0 191.0
29 16 2.0 142.0
34 28 73.0 179.0
81 1 33.0 20.0
41 61 48.0 197.0
75 14 16.0 41.0
67 37 164.0 175.0
26 72 60.0 131.0
14 33 184.0 140.0
49 91 188.0 138.0
18 32 137.0 61.0
37 15 45.0 170.0
11 39 63.0 93.0
23 29 30.0 31.0
2 52 158.0 194.0
69 1 146.0 171.0
31 71 138.0 130.0
35 18 30.0 127.0
24 28 114.0 168.0
51 36 56.0 159.0
92 3 21.0 71.0
10 42 70.0 51.0
68 9 23.0 180.0
9 32 131.0 169.0
78 38 159.0 70.0
23 28 10.0 142.0
80 47 64.0 124.0
82 78 162.0 120.0
78 81 85.0 184.0
57 61 107.0 107.0
68 4 12.0 131.0
30 12 53.0 95.0
44 34 176.0 165.0
13 39 4.0 186.0
35 68 121.0 68.0
2 50 139.0 84.0
44 55 179.0 24.0
34 14 192.0 86.0
11 36 162.0 4.0
16 79 78.0 15.0
19 69 132.0 6.0
59 72 8.0 136.0
23 25 105.0 130.0
58 24 29.0 196.0
78 3 41.0 160.0
26 45 27.0 34.0
53 57 190.0 189.0
42 22 60.0 20.0
90 35 81.0 144.0
13 57 128.0 41.0
45 9 84.0 33.0
6 49 123.0 65.0
39 15 59.0 165.0
80 71 192.0 87.0
34 64 32.0 134.0
53 1 75.0 44.0
17 36 54.0 156.0
4 48 8.0 182.0
68 6 10.0 44.0
1 40 105.0 86.0
24 27 159.0 164.0
6 89 143.0 151.0
43 12 17.0 127.0
26 55 75.0 44.0
6 45 83.0 129.0
73 29 23.0 43.0
51 2 182.0 185.0
70 61 37.0 87.0
89 48 180.0 197.0
44 35 191.0 124.0
23 50 81.0 8.0
12 93 190.0 157.0
14 39 59.0 26.0
62 7 134.0 34.0
64 22 59.0 116.0
35 20 22.0 97.0
35 13 118.0 2.0
57 14 36.0 61.0
62 26 113.0 70.0
25 76 184.0 103.0
4 43 168.0 195.0
26 63 12.0 102.0
82 12 197.0 24.0
72 1 189.0 19.0
29 20 17.0 59.0
42 20 38.0 6.0
46 92 168.0 151.0
21 34 120.0 104.0
45 10 39.0 88.0
4 44 84.0 52.0
54 45 192.0 81.0
1 49 20.0 134.0
10 44 31.0 189.0
93 15 8.0 22.0
50 3 78.0 176.0
11 44 69.0 151.0
34 43 167.0 108.0
83 74 48.0 51.0
25 90 89.0 193.0
14 25 68.0 109.0
43 13 186.0 52.0
31 24 22.0 194.0
2 47 28.0 100.0
37 17 193.0 97.0
13 72 129.0 160.0
53 40 10.0 130.0
41 10 89.0 100.0
22 80 74.0 109.0
21 33 107.0 13.0
70 89 35.0 129.0
31 63 142.0 15.0
33 56 132.0 135.0
3 49 43.0 13.0
2 54 162.0 54.0
39 9 20.0 3.0
11 40 176.0 47.0
1 35 13.0 35.0
9 33 54.0 48.0
25 28 186.0 148.0
48 7 53.0 70.0
75 93 198.0 96.0
85 56 46.0 112.0
72 46 124.0 66.0
10 67 157.0 52.0
73 75 145.0 171.0
82 40 4.0 151.0
47 17 66.0 143.0
49 16 123.0 119.0
18 26 77.0 121.0
59 76 127.0 123.0
28 41 183.0 51.0
32 21 132.0 93.0
37 32 49.0 29.0
71 81 22.0 5.0
48 3 71.0 41.0
57 51 163.0 194.0
52 75 199.0 192.0
57 80 56.0 78.0
51 4 16.0 192.0
39 16 30.0 148.0
4 12 88.0 31.0
80 65 94.0 63.0
15 38 155.0 166.0
86 19 97.0 70.0
31 17 32.0 48.0
30 18 139.0 89.0
77 69 95.0 155.0
14 37 19.0 77.0
5 53 48.0 107.0
31 21 89.0 95.0
61 7 43.0 196.0
25 55 105.0 140.0
37 20 164.0 90.0
76 30 177.0 56.0
39 3 82.0 24.0
16 35 5.0 53.0
86 18 113.0 54.0
42 67 109.0 155.0
73 58 39.0 152.0
17 64 156.0 97.0
22 29 154.0 73.0
40 19 34.0 131.0
23 40 112.0 116.0
9 48 121.0 117.0
91 38 116.0 187.0
44 8 186.0 26.0
88 12 16.0 178.0
5 50 63.0 124.0
36 12 132.0 18.0
20 89 19.0 118.0
36 85 17.0 131.0
65 15 188.0 91.0
12 44 196.0 105.0
21 36 65.0 135.0
56 32 92.0 33.0
19 34 154.0 108.0
8 65 34.0 38.0
58 27 36.0 53.0
34 20 49.0 6.0
51 86 60.0 189.0
51 45 195.0 9.0
89 18 95.0 60.0
49 30 101.0 139.0
34 35 111.0 7.0
4 79 105.0 145.0
30 23 47.0 93.0
72 69 23.0 96.0
61 50 123.0 35.0
16 40 61.0 118.0
25 92 101.0 108.0
52 3 181.0 154.0
68 29 125.0 92.0
14 66 15.0 182.0
6 92 179.0 62.0
68 53 75.0 154.0
25 29 80.0 199.0
52 16 126.0 93.0
19 35 177.0 180.0
74 26 153.0 110.0
6 48 110.0 78.0
67 55 85.0 126.0
54 40 119.0 64.0
93 63 199.0 194.0
7 41 194.0 79.0
21 30 15.0 120.0
46 9 32.0 193.0
1 55 139.0 186.0
42 14 155.0 49.0
56 40 21.0 41.0
78 74 71.0 140.0
16 38 36.0 22.0
24 33 95.0 182.0
6 64 56.0 110.0
63 52 94.0 88.0
27 62 121.0 33.0
63 17 24.0 77.0
55 68 134.0 45.0
39 19 155.0 157.0
72 7 103.0 143.0
4 69 9.0 198.0
40 14 87.0 17.0
7 50 27.0 133.0
24 32 127.0 149.0
73 38 18.0 103.0
25 30 127.0 104.0
57 1 61.0 35.0
91 5 176.0 116.0
72 12 36.0 138.0
18 66 44.0 123.0
43 8 98.0 72.0
25 33 78.0 177.0
89 27 151.0 97.0
28 30 19.0 30.0
44 16 159.0 32.0
19 59 52.0 136.0
36 22 95.0 40.0
46 8 195.0 140.0
39 31 97.0 45.0
80 89 40.0 175.0
22 39 85.0 143.0
89 40 193.0 56.0
34 24 139.0 152.0
46 7 4.0 143.0
59 75 48.0 51.0
52 4 69.0 195.0
75 78 196.0 166.0
73 20 118.0 188.0
44 13 144.0 155.0
49 10 152.0 89.0
23 71 135.0 91.0
90 64 100.0 91.0
43 15 67.0 100.0
42 16 146.0 136.0
22 56 102.0 94.0
56 3 65.0 20.0
60 82 79.0 9.0
51 83 85.0 31.0
59 43 30.0 172.0
11 48 29.0 82.0
62 43 197.0 96.0
82 8 70.0 95.0
35 24 186.0 172.0
6 37 199.0 51.0
85 72 57.0 31.0
21 37 11.0 94.0
36 23 149.0 193.0
79 88 145.0 131.0
37 61 145.0 95.0
20 38 154.0 15.0
42 13 165.0 92.0
39 59 154.0 165.0
35 75 76.0 11.0
25 83 99.0 88.0
23 26 158.0 1.0
91 74 24.0 56.0
9 47 27.0 170.0
46 14 178.0 182.0
21 35 160.0 95.0
88 43 183.0 115.0
35 23 171.0 60.0
53 50 60.0 22.0
53 81 195.0 170.0
13 45 19.0 171.0
55 45 23.0 46.0
39 20 108.0 153.0
49 7 177.0 20.0
85 30 21.0 113.0
2 55 102.0 144.0
22 31 158.0 114.0
37 13 98.0 105.0
26 30 144.0 69.0
31 25 1.0 119.0
8 49 103.0 61.0
43 17 134.0 32.0
24 23 135.0 107.0
54 6 95.0 189.0
33 22 161.0 54.0
17 45 107.0 11.0
47 92 159.0 3.0
92 88 44.0 160.0
31 29 20.0 99.0
53 3 25.0 106.0
17 35 99.0 113.0
17 38 189.0 195.0
26 33 50.0 102.0
46 3 149.0 109.0
8 53 46.0 60.0
36 24 87.0 42.0
9 50 50.0 107.0
25 53 54.0 76.0
20 41 198.0 153.0
27 31 1.0 187.0
20 36 62.0 3.0
9 65 102.0 163.0
37 78 68.0 100.0
52 8 142.0 155.0
7 53 109.0 192.0
11 47 161.0 163.0
12 48 53.0 159.0
21 60 71.0 54.0
65 47 143.0 133.0
46 10 3.0 197.0
5 57 170.0 72.0
49 13 77.0 112.0
54 69 23.0 138.0
34 62 135.0 184.0
27 53 92.0 140.0
46 11 181.0 163.0
28 31 31.0 124.0
16 46 23.0 34.0
11 45 163.0 194.0
13 47 80.0 192.0
55 29 89.0 56.0
90 37 107.0 176.0
46 15 81.0 152.0
42 68 123.0 14.0
71 58 116.0 154.0
54 5 86.0 140.0
54 39 85.0 49.0
25 32 108.0 165.0
13 48 108.0 197.0
58 1 54.0 167.0
7 54 7.0 87.0
48 8 55.0 130.0
34 27 156.0 123.0
90 83 176.0 194.0
12 47 94.0 61.0
32 30 111.0 2.0
51 5 166.0 171.0
2 60 69.0 172.0
32 27 149.0 28.0
55 7 106.0 4.0
30 45 76.0 14.0
32 89 45.0 52.0
38 88 191.0 139.0
45 16 196.0 102.0
52 56 120.0 114.0
52 7 175.0 189.0
55 3 11.0 125.0
49 15 180.0 117.0
37 40 57.0 8.0
18 41 142.0 102.0
18 37 74.0 85.0
54 9 178.0 70.0
48 10 130.0 98.0
29 30 72.0 58.0
59 2 41.0 83.0
50 15 82.0 173.0
52 84 174.0 139.0
14 84 25.0 68.0
27 55 120.0 99.0
38 21 58.0 50.0
58 3 33.0 140.0
8 88 147.0 57.0
52 48 54.0 140.0
39 24 31.0 136.0
56 55 193.0 5.0
62 1 6.0 18.0
51 6 174.0 78.0
50 11 50.0 184.0
15 44 167.0 35.0
51 9 113.0 114.0
82 84 132.0 119.0
32 31 167.0 163.0
12 50 6.0 161.0
47 86 27.0 164.0
38 25 41.0 2.0
58 60 102.0 92.0
79 82 43.0 69.0
9 53 108.0 108.0
62 39 63.0 41.0
4 54 124.0 182.0
23 34 174.0 82.0
10 51 76.0 2.0
89 43 66.0 118.0
7 90 62.0 120.0
78 65 165.0 105.0
43 52 171.0 26.0
58 7 34.0 186.0
41 21 52.0 110.0
18 42 91.0 179.0
31 26 134.0 167.0
56 66 135.0 152.0
60 12 145.0 149.0
74 41 89.0 110.0
92 67 67.0 12.0
20 43 83.0 53.0
33 37 135.0 87.0
90 71 49.0 26.0
8 56 192.0 135.0
46 18 86.0 80.0
19 42 124.0 31.0
32 14 159.0 166.0
70 35 90.0 179.0
93 85 48.0 125.0
29 88 103.0 183.0
22 40 86.0 105.0
12 52 193.0 79.0
57 15 191.0 80.0
51 14 128.0 116.0
24 40 140.0 88.0
85 83 189.0 182.0
36 29 47.0 189.0
37 28 158.0 103.0
91 67 144.0 45.0
33 27 80.0 89.0
25 40 127.0 72.0
26 32 94.0 56.0
58 75 34.0 186.0
30 34 14.0 176.0
53 55 51.0 14.0
41 76 175.0 9.0
59 6 125.0 71.0
4 55 117.0 158.0
68 39 19.0 197.0
44 18 96.0 114.0
42 21 64.0 130.0
53 89 48.0 30.0
57 7 114.0 99.0
39 37 38.0 89.0
48 15 102.0 116.0
55 10 108.0 171.0
91 8 82.0 128.0
26 37 122.0 178.0
38 23 115.0 138.0
13 32 191.0 164.0
56 9 79.0 105.0
1 75 48.0 69.0
51 13 85.0 150.0
26 47 171.0 146.0
55 20 63.0 5.0
79 15 162.0 138.0
41 19 163.0 78.0
45 18 115.0 106.0
56 4 38.0 146.0
90 91 121.0 86.0
50 14 116.0 158.0
74 9 199.0 40.0
23 41 198.0 15.0
93 39 25.0 113.0
8 57 179.0 140.0
43 18 98.0 46.0
23 70 70.0 136.0
67 30 160.0 143.0
59 80 72.0 29.0
53 13 89.0 71.0
34 93 95.0 87.0
10 54 173.0 72.0
55 11 184.0 104.0
85 45 171.0 83.0
12 49 53.0 194.0
61 65 108.0 166.0
51 60 150.0 180.0
56 6 130.0 191.0
11 54 34.0 178.0
48 16 30.0 159.0
14 47 129.0 15.0
83 69 11.0 53.0
5 55 119.0 64.0
45 15 80.0 28.0
14 52 193.0 182.0
43 24 7.0 124.0
55 32 186.0 193.0
34 32 23.0 169.0
15 58 84.0 153.0
22 43 159.0 47.0
23 33 93.0 31.0
16 50 71.0 125.0
51 74 136.0 17.0
43 82 188.0 143.0
18 83 3.0 126.0
57 64 7.0 27.0
47 15 169.0 43.0
92 82 47.0 81.0
47 18 47.0 92.0
92 9 94.0 71.0
57 11 62.0 30.0
25 42 128.0 50.0
62 54 101.0 83.0
58 4 55.0 60.0
41 25 36.0 177.0
13 50 99.0 83.0
60 5 45.0 98.0
84 47 23.0 139.0
32 33 94.0 85.0
6 57 109.0 174.0
89 85 88.0 10.0
21 39 67.0 95.0
90 77 24.0 103.0
49 18 156.0 123.0
15 40 61.0 1.0
51 61 56.0 84.0
21 81 110.0 151.0
49 14 73.0 19.0
19 72 56.0 113.0
91 4 35.0 123.0
78 70 68.0 59.0
20 44 184.0 24.0
62 75 51.0 45.0
40 20 86.0 107.0
3 57 13.0 196.0
46 21 71.0 39.0
40 27 59.0 127.0
75 79 147.0 94.0
2 65 50.0 15.0
51 12 196.0 35.0
79 40 40.0 47.0
59 31 70.0 126.0
16 47 53.0 84.0
66 1 193.0 125.0
16 73 93.0 4.0
59 70 140.0 192.0
42 26 93.0 142.0
90 85 120.0 41.0
19 44 76.0 160.0
50 83 17.0 147.0
82 55 5.0 71.0
30 39 189.0 150.0
64 4 159.0 34.0
73 61 57.0 51.0
35 31 88.0 102.0
35 28 85.0 8.0
42 23 36.0 114.0
9 52 169.0 54.0
70 11 6.0 126.0
22 26 177.0 147.0
34 33 35.0 137.0
49 45 146.0 44.0
44 24 58.0 186.0
59 10 130.0 95.0
25 37 74.0 118.0
15 53 170.0 195.0
50 17 74.0 176.0
27 42 133.0 4.0
46 74 66.0 168.0
33 31 168.0 164.0
70 54 55.0 178.0
37 75 163.0 137.0
59 5 9.0 37.0
52 13 182.0 180.0
21 47 57.0 8.0
68 1 90.0 190.0
3 59 187.0 109.0
8 58 88.0 107.0
85 54 72.0 95.0
10 53 145.0 187.0
51 54 173.0 155.0
63 21 115.0 107.0
51 15 180.0 124.0
52 61 186.0 70.0
44 23 154.0 125.0
35 57 85.0 42.0
48 2 27.0 109.0
41 22 116.0 125.0
9 60 82.0 41.0
22 45 114.0 198.0
16 65 49.0 94.0
31 37 21.0 35.0
48 20 157.0 176.0
14 72 165.0 42.0
24 45 183.0 145.0
77 60 122.0 51.0
21 80 173.0 5.0
44 25 11.0 39.0
2 88 74.0 12.0
19 45 155.0 96.0
42 28 161.0 113.0
54 44 55.0 78.0
92 79 12.0 190.0
45 38 51.0 87.0
39 29 81.0 24.0
14 54 180.0 44.0
53 18 105.0 55.0
85 76 121.0 60.0
58 36 73.0 34.0
17 52 196.0 80.0
24 53 85.0 161.0
88 7 104.0 137.0
8 59 91.0 137.0
2 62 79.0 23.0
37 22 150.0 136.0
49 20 60.0 71.0
46 86 59.0 134.0
44 21 57.0 8.0
19 51 54.0 95.0
4 66 61.0 110.0
72 3 75.0 152.0
24 46 26.0 106.0
29 14 139.0 176.0
27 30 18.0 0.0
2 67 25.0 30.0
25 93 138.0 35.0
5 62 176.0 144.0
33 36 11.0 189.0
26 39 91.0 38.0
29 18 26.0 117.0
5 66 84.0 166.0
2 68 100.0 54.0
57 55 152.0 125.0
54 72 81.0 42.0
75 30 156.0 9.0
30 40 152.0 168.0
57 12 112.0 195.0
16 53 43.0 138.0
3 67 49.0 79.0
40 21 26.0 149.0
57 87 93.0 131.0
65 35 30.0 174.0
36 32 162.0 186.0
35 36 178.0 67.0
41 31 64.0 42.0
36 34 132.0 60.0
12 55 163.0 134.0
57 21 44.0 142.0
14 58 2.0 137.0
90 69 167.0 184.0
72 17 38.0 129.0
7 63 142.0 168.0
5 65 186.0 158.0
56 21 83.0 70.0
74 73 135.0 199.0
1 90 54.0 179.0
66 6 68.0 56.0
47 22 83.0 35.0
4 61 144.0 121.0
16 41 124.0 86.0
39 27 146.0 62.0
35 82 77.0 29.0
59 41 33.0 12.0
2 64 191.0 88.0
25 47 144.0 60.0
79 47 4.0 180.0
46 57 126.0 100.0
64 69 194.0 2.0
67 6 149.0 140.0
60 11 95.0 26.0
34 38 128.0 129.0
84 63 195.0 119.0
35 33 154.0 92.0
73 31 39.0 110.0
54 19 68.0 117.0
53 28 83.0 15.0
43 23 143.0 32.0
50 22 36.0 38.0
75 16 137.0 164.0
78 90 154.0 84.0
30 41 42.0 60.0
53 17 126.0 81.0
67 1 82.0 146.0
36 31 112.0 117.0
37 29 154.0 7.0
64 5 66.0 190.0
60 13 5.0 3.0
68 87 5.0 159.0
69 2 17.0 199.0
58 13 28.0 95.0
46 25 6.0 110.0
67 47 80.0 70.0
51 46 193.0 34.0
65 3 144.0 60.0
15 68 121.0 149.0
70 1 24.0 78.0
38 33 176.0 193.0
88 27 197.0 4.0
14 59 140.0 4.0
27 45 127.0 172.0
51 18 83.0 73.0
17 55 115.0 27.0
6 65 156.0 189.0
32 40 70.0 180.0
13 61 111.0 46.0
5 67 46.0 108.0
28 33 68.0 139.0
46 28 99.0 148.0
59 12 102.0 182.0
28 81 6.0 170.0
6 61 175.0 162.0
40 33 27.0 45.0
52 49 32.0 90.0
52 22 69.0 31.0
75 50 58.0 89.0
16 56 152.0 157.0
52 20 164.0 6.0
38 47 38.0 171.0
31 42 66.0 13.0
72 91 151.0 93.0
5 68 53.0 136.0
70 90 150.0 74.0
44 68 122.0 9.0
61 9 12.0 26.0
11 61 158.0 128.0
35 39 49.0 148.0
50 24 69.0 115.0
83 53 178.0 172.0
51 21 31.0 32.0
24 49 116.0 182.0
7 67 176.0 191.0
11 82 119.0 188.0
27 43 164.0 30.0
13 74 57.0 13.0
17 56 16.0 78.0
12 66 137.0 146.0
48 23 186.0 168.0
35 38 11.0 55.0
27 47 59.0 187.0
67 17 66.0 130.0
54 34 116.0 182.0
10 58 135.0 125.0
43 31 115.0 151.0
19 49 164.0 52.0
83 49 17.0 103.0
51 22 73.0 28.0
60 15 171.0 132.0
1 88 43.0 37.0
14 56 18.0 111.0
55 19 41.0 153.0
51 20 45.0 109.0
80 27 85.0 161.0
73 10 162.0 102.0
26 49 130.0 187.0
42 29 50.0 54.0
38 29 60.0 94.0
41 32 181.0 78.0
85 78 185.0 175.0
37 49 145.0 182.0
71 4 84.0 30.0
63 12 87.0 198.0
55 18 123.0 169.0
49 21 141.0 173.0
69 84 82.0 2.0
26 38 171.0 63.0
87 59 55.0 156.0
1 65 72.0 152.0
67 8 147.0 108.0
61 87 140.0 34.0
13 54 99.0 63.0
61 58 46.0 40.0
47 75 137.0 128.0
84 49 195.0 108.0
14 71 161.0 2.0
87 60 94.0 185.0
8 64 110.0 42.0
37 35 42.0 50.0
29 46 12.0 141.0
19 53 13.0 58.0
2 72 155.0 150.0
58 17 121.0 150.0
20 63 86.0 82.0
15 56 149.0 181.0
20 56 111.0 59.0
6 69 36.0 105.0
73 2 180.0 0.0
12 64 108.0 193.0
11 71 136.0 15.0
8 60 85.0 58.0
35 41 33.0 124.0
18 50 72.0 134.0
49 25 35.0 184.0
4 67 182.0 71.0
52 10 20.0 114.0
85 43 183.0 80.0
48 24 62.0 120.0
49 42 185.0 99.0
63 9 182.0 18.0
5 71 64.0 55.0
68 51 106.0 100.0
85 52 120.0 40.0
58 18 181.0 92.0
21 73 169.0 116.0
14 53 31.0 31.0
59 55 141.0 169.0
57 19 43.0 123.0
23 49 143.0 107.0
66 35 2.0 50.0
85 19 134.0 74.0
90 57 11.0 115.0
39 34 159.0 180.0
70 4 90.0 142.0
81 4 9.0 183.0
38 84 95.0 52.0
2 71 159.0 39.0
44 33 58.0 113.0
79 85 32.0 144.0
11 62 46.0 195.0
37 42 167.0 5.0
62 14 91.0 9.0
44 67 14.0 100.0
55 58 41.0 61.0
57 16 40.0 0.0
90 61 129.0 99.0
53 41 159.0 113.0
55 43 50.0 5.0
65 11 129.0 169.0
67 58 25.0 20.0
17 57 127.0 191.0
71 3 42.0 169.0
6 71 102.0 83.0
46 30 40.0 31.0
11 52 136.0 199.0
54 92 195.0 138.0
30 43 133.0 124.0
40 36 113.0 158.0
1 73 194.0 41.0
61 55 163.0 188.0
38 54 70.0 65.0
21 85 191.0 62.0
1 89 104.0 127.0
39 38 90.0 99.0
80 92 163.0 24.0
50 19 39.0 77.0
15 55 94.0 185.0
3 73 163.0 9.0
42 33 11.0 34.0
35 42 173.0 2.0
65 45 81.0 29.0
28 48 121.0 124.0
25 50 126.0 36.0
65 13 22.0 166.0
69 8 15.0 68.0
92 35 179.0 179.0
14 55 179.0 190.0
64 15 124.0 153.0
11 63 21.0 157.0
75 3 118.0 142.0
69 63 120.0 197.0
53 23 179.0 142.0
11 74 96.0 195.0
40 35 144.0 75.0
77 40 104.0 124.0
43 28 34.0 180.0
31 68 74.0 55.0
36 39 9.0 193.0
17 61 124.0 129.0
45 77 75.0 55.0
56 19 179.0 171.0
57 69 171.0 123.0
24 52 176.0 76.0
70 63 88.0 11.0
35 91 126.0 162.0
93 88 96.0 135.0
73 43 58.0 172.0
28 47 178.0 134.0
7 69 110.0 157.0
22 53 71.0 82.0
63 14 156.0 48.0
5 72 121.0 44.0
62 17 93.0 47.0
74 3 68.0 189.0
26 48 189.0 126.0
41 52 123.0 119.0
91 27 174.0 33.0
51 27 189.0 45.0
43 21 96.0 97.0
71 7 134.0 17.0
92 69 71.0 27.0
80 75 100.0 139.0
74 93 23.0 41.0
51 87 148.0 98.0
34 31 98.0 122.0
36 37 25.0 39.0
32 39 22.0 121.0
38 40 188.0 156.0
10 66 56.0 59.0
43 35 187.0 156.0
31 38 199.0 162.0
18 62 52.0 148.0
58 19 192.0 150.0
67 11 108.0 17.0
52 26 62.0 130.0
48 31 134.0 50.0
47 33 126.0 142.0
34 45 133.0 113.0
42 38 62.0 85.0
59 15 33.0 66.0
2 77 198.0 178.0
71 9 190.0 106.0
32 52 66.0 4.0
30 63 95.0 153.0
64 14 184.0 21.0
14 65 98.0 117.0
85 37 154.0 160.0
22 54 195.0 140.0
89 39 59.0 145.0
53 20 103.0 1.0
82 81 17.0 170.0
65 12 182.0 112.0
63 33 20.0 118.0
77 87 190.0 118.0
30 53 130.0 145.0
77 58 158.0 77.0
49 28 68.0 17.0
4 59 16.0 124.0
70 9 90.0 185.0
71 38 195.0 72.0
68 24 12.0 16.0
15 75 121.0 2.0
44 32 127.0 3.0
75 6 139.0 85.0
11 68 79.0 160.0
46 27 199.0 47.0
16 64 3.0 89.0
24 51 17.0 198.0
5 75 36.0 181.0
3 76 18.0 109.0
69 31 20.0 146.0
41 34 0.0 159.0
74 4 110.0 79.0
36 52 85.0 110.0
61 18 193.0 88.0
70 8 170.0 163.0
48 40 154.0 158.0
89 55 164.0 173.0
50 30 30.0 184.0
36 49 92.0 182.0
1 77 170.0 3.0
52 29 52.0 56.0
80 1 82.0 46.0
67 12 37.0 4.0
63 18 186.0 143.0
8 68 20.0 102.0
8 72 194.0 2.0
46 32 148.0 38.0
61 20 140.0 119.0
11 69 27.0 192.0
7 74 7.0 109.0
73 5 9.0 44.0
36 41 115.0 147.0
22 57 99.0 87.0
30 51 20.0 45.0
73 6 74.0 169.0
45 36 136.0 14.0
64 13 38.0 115.0
32 42 52.0 197.0
67 15 174.0 13.0
34 46 141.0 89.0
37 45 0.0 40.0
34 91 46.0 21.0
33 43 199.0 120.0
29 51 197.0 87.0
63 19 193.0 187.0
85 14 172.0 198.0
69 12 63.0 146.0
16 81 189.0 156.0
48 42 135.0 142.0
23 55 109.0 181.0
54 25 87.0 108.0
90 66 32.0 36.0
27 49 81.0 177.0
58 23 91.0 53.0
17 60 71.0 106.0
18 57 55.0 60.0
48 30 151.0 142.0
9 69 126.0 60.0
42 40 69.0 13.0
42 79 171.0 101.0
3 1 137.0 4.0
66 17 153.0 180.0
56 24 98.0 176.0
26 54 66.0 105.0
41 38 12.0 169.0
54 27 53.0 139.0
80 2 122.0 122.0
70 85 83.0 45.0
62 20 68.0 20.0
6 70 170.0 173.0
81 48 94.0 68.0
78 36 80.0 112.0
45 35 98.0 45.0
58 46 163.0 103.0
34 55 146.0 37.0
44 71 111.0 29.0
56 25 93.0 131.0
39 41 147.0 15.0
91 15 95.0 41.0
48 69 184.0 127.0
34 47 48.0 34.0
11 66 149.0 163.0
53 69 21.0 95.0
71 12 71.0 84.0
58 34 186.0 116.0
77 67 30.0 85.0
82 1 130.0 125.0
52 28 169.0 114.0
75 7 85.0 169.0
33 70 105.0 186.0
56 27 73.0 126.0
19 62 142.0 96.0
57 78 3.0 80.0
49 93 64.0 33.0
34 68 178.0 194.0
63 10 91.0 99.0
36 79 102.0 177.0
55 77 190.0 7.0
61 22 60.0 63.0
75 29 178.0 154.0
33 46 172.0 181.0
43 92 98.0 188.0
64 60 190.0 28.0
46 37 60.0 82.0
60 23 52.0 162.0
51 31 124.0 194.0
59 26 5.0 136.0
27 75 195.0 183.0
59 24 181.0 167.0
70 15 158.0 31.0
2 81 190.0 149.0
43 37 191.0 50.0
16 66 168.0 195.0
42 86 91.0 44.0
54 28 118.0 97.0
73 15 101.0 65.0
78 2 79.0 34.0
15 66 136.0 38.0
51 34 169.0 78.0
13 68 164.0 160.0
42 39 131.0 84.0
86 14 46.0 22.0
59 22 86.0 164.0
65 48 53.0 139.0
8 73 60.0 84.0
84 90 70.0 148.0
23 59 135.0 191.0
67 32 105.0 51.0
35 47 108.0 36.0
57 92 31.0 154.0
47 93 138.0 69.0
35 48 20.0 143.0
79 2 78.0 80.0
69 15 67.0 100.0
64 19 114.0 3.0
51 26 159.0 171.0
77 6 111.0 19.0
23 52 99.0 142.0
5 69 50.0 189.0
81 77 10.0 22.0
2 70 14.0 89.0
5 80 88.0 81.0
5 84 133.0 154.0
83 80 185.0 93.0
16 62 150.0 49.0
18 54 35.0 1.0
69 14 31.0 37.0
67 16 35.0 41.0
62 22 147.0 49.0
4 80 9.0 36.0
69 79 114.0 95.0
58 25 0.0 52.0
28 51 91.0 102.0
30 73 151.0 78.0
29 43 122.0 134.0
72 21 193.0 158.0
53 54 186.0 140.0
45 39 66.0 148.0
24 55 187.0 132.0
50 33 83.0 139.0
85 34 34.0 126.0
18 56 145.0 137.0
29 78 152.0 67.0
24 60 114.0 97.0
32 50 131.0 101.0
60 61 189.0 149.0
79 7 27.0 128.0
8 77 8.0 62.0
75 9 8.0 194.0
34 50 171.0 153.0
53 32 59.0 75.0
78 25 87.0 174.0
55 28 185.0 18.0
56 29 24.0 127.0
73 14 172.0 3.0
86 5 137.0 132.0
40 41 104.0 145.0
14 68 69.0 75.0
56 28 173.0 129.0
55 31 95.0 60.0
69 30 14.0 80.0
47 36 152.0 38.0
74 6 194.0 125.0
5 76 65.0 132.0
11 75 98.0 121.0
28 58 7.0 167.0
13 71 80.0 132.0
40 39 137.0 175.0
76 9 173.0 103.0
39 56 86.0 77.0
59 28 145.0 32.0
72 15 148.0 10.0
41 63 130.0 46.0
70 14 84.0 137.0
11 72 117.0 164.0
40 45 187.0 7.0
50 36 18.0 112.0
65 17 90.0 56.0
7 78 156.0 35.0
68 17 103.0 56.0
80 44 113.0 33.0
27 60 82.0 198.0
49 35 156.0 151.0
78 8 105.0 143.0
3 84 177.0 75.0
82 3 190.0 67.0
16 69 128.0 99.0
48 93 85.0 31.0
41 44 78.0 151.0
5 79 81.0 112.0
82 42 21.0 37.0
75 13 147.0 78.0
12 75 139.0 124.0
44 82 8.0 81.0
42 44 155.0 88.0
73 13 146.0 192.0
33 52 179.0 176.0
59 29 60.0 60.0
17 69 181.0 81.0
42 46 76.0 128.0
76 34 102.0 15.0
49 33 50.0 62.0
59 20 117.0 5.0
59 25 63.0 15.0
50 37 138.0 42.0
47 87 38.0 150.0
76 51 143.0 20.0
63 23 161.0 19.0
64 56 5.0 15.0
57 31 16.0 7.0
64 20 106.0 133.0
57 75 8.0 169.0
30 55 74.0 98.0
5 81 178.0 112.0
51 35 79.0 121.0
67 69 90.0 192.0
66 21 66.0 47.0
55 50 120.0 34.0
89 54 38.0 26.0
3 80 158.0 47.0
50 35 31.0 32.0
62 24 82.0 161.0
81 72 166.0 161.0
45 78 159.0 56.0
40 46 54.0 178.0
39 49 185.0 126.0
30 84 199.0 24.0
91 83 113.0 158.0
43 41 18.0 96.0
14 74 69.0 52.0
54 67 21.0 187.0
85 1 137.0 132.0
29 62 65.0 143.0
61 24 7.0 3.0
71 16 176.0 6.0
82 7 122.0 89.0
69 18 146.0 93.0
20 67 41.0 15.0
26 60 135.0 62.0
41 48 2.0 25.0
27 59 84.0 20.0
40 47 115.0 91.0
31 54 52.0 92.0
10 78 73.0 126.0
47 39 19.0 19.0
37 51 180.0 12.0
81 12 93.0 116.0
21 65 30.0 95.0
72 53 3.0 66.0
56 30 140.0 71.0
46 50 172.0 144.0
91 1 72.0 197.0
20 66 111.0 43.0
61 28 98.0 44.0
92 29 55.0 191.0
57 32 66.0 37.0
92 42 44.0 22.0
79 93 171.0 137.0
49 71 8.0 143.0
34 53 51.0 32.0
23 64 66.0 114.0
57 28 166.0 116.0
40 91 75.0 174.0
2 83 3.0 94.0
59 66 79.0 0.0
65 40 121.0 50.0
10 76 27.0 81.0
25 62 101.0 30.0
73 17 26.0 119.0
81 58 77.0 192.0
77 10 191.0 105.0
70 18 197.0 147.0
28 77 180.0 28.0
50 31 6.0 53.0
29 60 16.0 185.0
81 3 190.0 117.0
80 7 119.0 16.0
31 56 69.0 148.0
68 80 161.0 60.0
37 52 23.0 110.0
79 9 142.0 155.0
51 38 99.0 149.0
57 43 143.0 115.0
83 72 118.0 134.0
32 54 147.0 189.0
9 72 47.0 16.0
74 5 147.0 8.0
86 53 94.0 171.0
63 25 132.0 37.0
78 39 30.0 31.0
79 66 182.0 125.0
27 61 158.0 100.0
3 87 81.0 57.0
19 66 170.0 80.0
2 86 193.0 69.0
43 46 74.0 88.0
25 52 6.0 158.0
45 44 143.0 188.0
22 63 25.0 126.0
71 77 191.0 135.0
16 74 199.0 24.0
63 27 22.0 121.0
15 74 58.0 16.0
1 87 102.0 84.0
61 26 100.0 108.0
53 36 174.0 195.0
21 67 86.0 199.0
59 18 72.0 29.0
93 20 95.0 71.0
54 29 57.0 117.0
75 84 117.0 67.0
86 31 74.0 171.0
76 14 128.0 126.0
57 34 41.0 102.0
45 31 47.0 79.0
66 22 113.0 119.0
29 84 26.0 8.0
34 48 173.0 83.0
16 72 152.0 42.0
83 9 198.0 179.0
30 60 125.0 126.0
71 62 175.0 166.0
76 84 116.0 174.0
15 76 173.0 181.0
19 68 75.0 151.0
44 46 29.0 48.0
31 58 141.0 134.0
39 51 102.0 91.0
28 63 150.0 27.0
58 68 78.0 77.0
56 78 153.0 146.0
47 41 86.0 126.0
50 40 39.0 113.0
35 54 105.0 68.0
90 30 60.0 46.0
8 83 86.0 162.0
48 91 9.0 188.0
71 20 132.0 87.0
77 7 166.0 85.0
28 68 86.0 52.0
66 24 10.0 125.0
14 78 33.0 115.0
31 52 167.0 93.0
3 89 63.0 5.0
52 40 138.0 72.0
78 77 79.0 71.0
89 61 115.0 45.0
35 64 66.0 1.0
62 28 44.0 29.0
25 64 76.0 77.0
60 31 62.0 195.0
71 21 183.0 78.0
4 85 109.0 73.0
20 76 64.0 188.0
61 30 29.0 132.0
30 36 48.0 48.0
11 81 140.0 44.0
89 4 32.0 16.0
83 7 31.0 46.0
91 13 63.0 166.0
58 33 145.0 124.0
58 29 45.0 162.0
56 35 179.0 26.0
61 31 143.0 179.0
52 87 77.0 83.0
51 42 45.0 61.0
47 43 131.0 28.0
72 18 163.0 146.0
39 52 25.0 108.0
67 63 79.0 22.0
69 24 96.0 58.0
29 63 131.0 39.0
53 39 61.0 8.0
50 41 141.0 106.0
40 51 112.0 73.0
82 93 17.0 75.0
51 41 24.0 195.0
26 65 75.0 104.0
44 47 94.0 171.0
49 41 164.0 25.0
6 86 164.0 25.0
79 13 134.0 105.0
51 71 153.0 47.0
60 33 192.0 171.0
77 37 65.0 16.0
34 37 106.0 92.0
77 17 139.0 0.0
9 80 15.0 55.0
43 48 168.0 179.0
21 70 38.0 102.0
54 33 117.0 191.0
87 4 130.0 109.0
91 2 72.0 147.0
77 14 137.0 178.0
37 11 32.0 76.0
68 23 117.0 47.0
82 85 33.0 85.0
71 17 29.0 23.0
75 18 161.0 98.0
36 56 65.0 43.0
65 29 139.0 89.0
61 33 189.0 76.0
79 14 152.0 173.0
20 72 152.0 21.0
70 20 12.0 137.0
26 67 135.0 42.0
55 33 7.0 96.0
68 25 89.0 25.0
10 81 121.0 28.0
43 45 179.0 110.0
49 44 99.0 84.0
67 28 5.0 51.0
46 53 10.0 17.0
43 49 75.0 145.0
86 8 4.0 34.0
10 80 71.0 45.0
81 46 108.0 192.0
72 55 193.0 87.0
81 34 96.0 92.0
37 56 41.0 101.0
48 45 137.0 51.0
59 35 186.0 164.0
51 43 25.0 190.0
36 83 184.0 48.0
35 83 93.0 92.0
20 74 135.0 38.0
13 77 132.0 31.0
76 18 15.0 125.0
38 56 37.0 152.0
53 56 17.0 23.0
5 88 76.0 194.0
27 64 164.0 60.0
54 37 82.0 9.0
86 88 91.0 169.0
78 16 108.0 175.0
58 35 144.0 123.0
91 3 56.0 133.0
9 85 161.0 73.0
89 5 177.0 38.0
70 24 50.0 93.0
42 66 191.0 132.0
14 80 183.0 34.0
69 26 196.0 91.0
50 44 41.0 92.0
81 15 88.0 97.0
9 81 160.0 1.0
42 77 4.0 89.0
37 55 197.0 54.0
86 7 91.0 188.0
42 52 150.0 74.0
91 50 196.0 146.0
88 3 28.0 37.0
62 33 151.0 68.0
4 90 45.0 111.0
64 24 151.0 49.0
15 80 125.0 148.0
27 65 185.0 16.0
22 72 149.0 135.0
57 38 194.0 145.0
12 77 88.0 174.0
11 84 172.0 191.0
4 86 124.0 169.0
26 68 142.0 27.0
26 64 20.0 67.0
57 36 181.0 157.0
72 41 188.0 130.0
90 5 148.0 134.0
47 45 77.0 188.0
83 10 117.0 1.0
43 53 40.0 194.0
67 27 168.0 182.0
49 46 68.0 140.0
47 50 65.0 2.0
38 61 18.0 5.0
37 60 121.0 167.0
40 55 5.0 199.0
9 86 72.0 122.0
36 59 65.0 64.0
6 82 95.0 186.0
21 74 35.0 115.0
44 79 117.0 100.0
45 79 114.0 136.0
76 52 99.0 35.0
25 71 153.0 104.0
21 75 158.0 26.0
13 82 41.0 176.0
77 18 88.0 136.0
39 57 168.0 76.0
63 32 123.0 86.0
39 84 134.0 37.0
61 34 143.0 34.0
70 19 46.0 97.0
35 60 69.0 5.0
31 64 6.0 62.0
51 48 87.0 47.0
76 40 76.0 56.0
88 10 189.0 0.0
44 52 49.0 124.0
62 65 26.0 144.0
76 80 22.0 72.0
19 75 138.0 91.0
22 74 9.0 96.0
79 80 59.0 49.0
36 55 22.0 136.0
65 31 171.0 163.0
44 51 44.0 20.0
77 89 102.0 70.0
57 41 130.0 124.0
84 12 86.0 68.0
31 66 129.0 96.0
57 40 31.0 188.0
75 67 153.0 5.0
75 43 146.0 76.0
10 85 157.0 190.0
55 39 26.0 59.0
36 61 30.0 157.0
24 73 127.0 117.0
28 69 107.0 8.0
38 72 112.0 90.0
84 13 141.0 17.0
40 58 23.0 87.0
42 56 105.0 181.0
27 92 52.0 132.0
4 92 134.0 34.0
45 53 65.0 13.0
25 85 178.0 124.0
78 18 195.0 90.0
44 53 124.0 88.0
89 8 93.0 148.0
37 59 151.0 151.0
77 19 105.0 3.0
64 55 46.0 192.0
80 16 9.0 63.0
32 64 149.0 188.0
76 22 62.0 96.0
88 9 42.0 139.0
27 69 70.0 136.0
76 21 97.0 173.0
17 78 150.0 3.0
23 73 58.0 148.0
9 78 131.0 20.0
36 62 105.0 80.0
47 51 32.0 119.0
33 53 25.0 75.0
42 55 121.0 47.0
83 16 124.0 19.0
80 18 18.0 26.0
40 60 73.0 28.0
79 19 146.0 157.0
76 23 103.0 3.0
27 71 31.0 87.0
92 22 86.0 8.0
32 65 127.0 160.0
79 84 129.0 3.0
67 33 26.0 147.0
73 27 150.0 51.0
39 60 88.0 96.0
46 48 116.0 143.0
66 32 11.0 147.0
47 52 71.0 97.0
45 52 192.0 150.0
46 54 45.0 73.0
14 82 195.0 23.0
48 49 75.0 98.0
73 28 185.0 164.0
29 67 124.0 101.0
16 82 36.0 135.0
6 90 71.0 59.0
26 70 182.0 15.0
15 85 3.0 28.0
50 84 160.0 198.0
60 38 114.0 35.0
58 41 193.0 99.0
93 60 53.0 117.0
80 20 61.0 41.0
61 35 30.0 133.0
73 25 81.0 13.0
54 17 49.0 84.0
50 51 75.0 9.0
31 67 126.0 141.0
93 6 63.0 119.0
71 28 51.0 69.0
92 2 29.0 112.0
48 47 81.0 11.0
66 80 87.0 162.0
32 68 118.0 88.0
9 90 13.0 193.0
80 19 99.0 92.0
49 50 176.0 115.0
93 5 144.0 27.0
63 36 113.0 125.0
46 55 187.0 146.0
34 65 35.0 74.0
66 61 142.0 153.0
70 29 163.0 155.0
72 61 62.0 63.0
57 42 115.0 38.0
44 56 112.0 11.0
41 68 198.0 178.0
11 88 139.0 185.0
71 87 45.0 174.0
75 26 42.0 187.0
30 68 161.0 5.0
32 90 57.0 176.0
27 72 64.0 124.0
71 26 45.0 177.0
63 37 99.0 43.0
61 74 17.0 38.0
65 56 20.0 14.0
79 17 174.0 62.0
47 53 143.0 135.0
76 24 191.0 153.0
16 84 118.0 55.0
82 63 190.0 163.0
82 64 123.0 41.0
17 84 81.0 92.0
44 69 193.0 101.0
55 47 109.0 167.0
71 29 176.0 5.0
78 24 52.0 119.0
78 21 153.0 170.0
59 42 3.0 143.0
66 36 29.0 126.0
56 43 166.0 62.0
71 32 89.0 159.0
74 27 168.0 150.0
17 83 4.0 96.0
66 40 101.0 57.0
30 70 6.0 54.0
54 42 4.0 161.0
68 78 151.0 186.0
7 92 38.0 117.0
41 60 196.0 127.0
20 78 194.0 116.0
46 78 98.0 198.0
85 11 28.0 199.0
81 20 148.0 186.0
88 13 137.0 104.0
87 85 197.0 41.0
53 49 55.0 35.0
33 89 199.0 52.0
23 75 80.0 193.0
17 80 18.0 131.0
87 13 186.0 46.0
11 92 91.0 134.0
77 25 120.0 180.0
81 43 124.0 69.0
38 46 175.0 180.0
71 30 66.0 175.0
92 10 190.0 146.0
89 13 16.0 160.0
54 48 48.0 2.0
43 58 77.0 91.0
88 16 113.0 149.0
79 18 129.0 38.0
66 29 46.0 104.0
86 81 10.0 64.0
32 70 120.0 152.0
71 22 152.0 136.0
33 69 168.0 152.0
55 48 60.0 45.0
16 86 111.0 173.0
63 65 41.0 192.0
78 80 39.0 39.0
65 53 136.0 50.0
91 12 57.0 57.0
78 22 91.0 9.0
24 77 64.0 59.0
71 33 23.0 76.0
39 72 120.0 86.0
39 64 51.0 161.0
23 77 112.0 90.0
56 68 73.0 1.0
45 59 114.0 82.0
60 42 40.0 6.0
10 93 114.0 56.0
87 14 29.0 89.0
15 89 4.0 149.0
32 88 38.0 55.0
81 24 23.0 151.0
69 34 85.0 96.0
59 44 69.0 152.0
77 22 132.0 61.0
26 79 153.0 46.0
85 18 42.0 134.0
90 12 21.0 198.0
76 27 114.0 59.0
92 12 142.0 137.0
49 68 132.0 180.0
82 21 90.0 2.0
26 76 169.0 22.0
82 18 40.0 75.0
76 29 122.0 34.0
23 72 144.0 143.0
61 43 191.0 59.0
47 46 87.0 85.0
51 53 50.0 20.0
48 57 191.0 140.0
32 73 75.0 113.0
90 42 43.0 115.0
41 90 43.0 165.0
37 65 126.0 139.0
82 56 83.0 69.0
56 49 33.0 171.0
54 79 121.0 83.0
74 32 154.0 65.0
38 63 74.0 181.0
79 25 19.0 69.0
36 68 86.0 14.0
11 93 108.0 164.0
78 19 51.0 144.0
51 58 111.0 36.0
31 74 175.0 185.0
41 65 185.0 81.0
83 67 154.0 11.0
74 24 63.0 173.0
36 27 160.0 101.0
93 14 198.0 21.0
92 84 37.0 2.0
84 22 42.0 101.0
34 72 5.0 169.0
43 60 124.0 190.0
63 42 177.0 78.0
52 51 101.0 192.0
93 3 37.0 13.0
73 34 8.0 36.0
57 86 87.0 198.0
76 31 138.0 81.0
77 30 129.0 143.0
70 17 22.0 53.0
54 50 26.0 152.0
68 37 78.0 79.0
7 93 100.0 115.0
76 32 135.0 61.0
33 72 122.0 174.0
47 56 151.0 60.0
13 90 167.0 80.0
44 70 34.0 142.0
29 72 150.0 60.0
68 38 180.0 28.0
82 24 16.0 81.0
57 50 93.0 103.0
14 89 167.0 15.0
56 90 0.0 118.0
89 16 25.0 120.0
81 25 99.0 59.0
40 68 98.0 49.0
59 60 197.0 79.0
66 34 125.0 165.0
62 46 111.0 18.0
81 60 89.0 78.0
83 24 44.0 89.0
79 27 181.0 22.0
35 72 131.0 80.0
83 55 69.0 182.0
40 62 37.0 18.0
92 15 131.0 115.0
55 52 152.0 42.0
66 38 132.0 41.0
80 29 118.0 128.0
61 46 19.0 99.0
13 92 193.0 103.0
89 91 172.0 63.0
87 20 23.0 9.0
80 26 70.0 106.0
67 38 81.0 174.0
56 48 192.0 165.0
19 83 46.0 110.0
63 43 84.0 17.0
74 34 48.0 77.0
23 82 7.0 20.0
87 19 143.0 182.0
25 74 172.0 14.0
75 32 112.0 53.0
45 20 110.0 104.0
82 22 12.0 108.0
85 24 163.0 48.0
41 62 107.0 164.0
91 16 48.0 67.0
86 21 81.0 191.0
92 16 134.0 53.0
28 75 158.0 47.0
30 78 93.0 68.0
14 88 45.0 57.0
82 29 3.0 9.0
79 29 105.0 63.0
93 13 132.0 153.0
60 46 77.0 165.0
64 46 152.0 164.0
15 90 107.0 62.0
49 58 184.0 152.0
31 77 111.0 30.0
45 60 2.0 115.0
73 33 129.0 107.0
68 33 95.0 13.0
79 21 163.0 125.0
54 43 26.0 67.0
22 85 118.0 133.0
22 86 69.0 103.0
18 88 67.0 132.0
23 86 144.0 22.0
41 66 141.0 25.0
87 22 3.0 189.0
84 87 166.0 118.0
19 82 111.0 145.0
52 57 77.0 29.0
24 80 68.0 98.0
81 29 149.0 88.0
70 41 63.0 93.0
82 28 37.0 157.0
62 37 79.0 40.0
10 84 71.0 46.0
17 91 113.0 182.0
79 32 42.0 190.0
20 91 169.0 110.0
64 44 157.0 119.0
82 31 156.0 172.0
37 88 145.0 145.0
79 30 39.0 25.0
60 50 144.0 62.0
64 85 187.0 57.0
17 93 56.0 29.0
62 48 15.0 177.0
48 53 7.0 124.0
29 77 96.0 115.0
28 60 54.0 42.0
24 86 47.0 45.0
29 83 8.0 191.0
85 26 64.0 195.0
84 86 193.0 72.0
40 69 15.0 8.0
92 18 159.0 174.0
66 43 8.0 56.0
69 37 52.0 14.0
65 51 111.0 99.0
47 60 24.0 119.0
78 33 43.0 41.0
33 79 16.0 188.0
52 53 62.0 32.0
45 64 16.0 21.0
63 47 54.0 176.0
72 79 148.0 106.0
76 36 123.0 59.0
32 81 43.0 99.0
92 17 40.0 39.0
81 22 121.0 57.0
65 44 162.0 183.0
87 24 103.0 130.0
91 22 66.0 157.0
37 70 5.0 14.0
50 64 126.0 80.0
92 20 49.0 122.0
48 64 30.0 90.0
27 85 21.0 151.0
46 52 43.0 135.0
31 79 30.0 147.0
30 82 79.0 96.0
39 75 46.0 84.0
54 58 189.0 125.0
90 21 71.0 191.0
37 74 52.0 53.0
86 26 24.0 73.0
27 84 88.0 67.0
91 23 104.0 118.0
62 53 143.0 183.0
66 47 15.0 142.0
76 39 182.0 156.0
69 93 74.0 54.0
63 49 64.0 126.0
86 72 108.0 88.0
86 20 140.0 196.0
58 91 145.0 44.0
23 89 64.0 89.0
32 82 85.0 79.0
44 63 116.0 67.0
65 43 19.0 190.0
30 22 197.0 84.0
70 83 181.0 58.0
60 53 107.0 73.0
54 57 107.0 4.0
83 92 198.0 123.0
90 24 78.0 83.0
59 53 181.0 194.0
17 90 109.0 0.0
59 49 25.0 59.0
87 25 97.0 159.0
64 80 197.0 156.0
24 89 102.0 56.0
75 40 35.0 53.0
93 21 28.0 113.0
64 51 168.0 9.0
73 39 153.0 29.0
86 29 63.0 131.0
48 61 81.0 113.0
62 45 176.0 30.0
93 22 37.0 79.0
35 78 105.0 72.0
80 33 12.0 85.0
69 47 98.0 132.0
81 52 111.0 51.0
53 58 159.0 127.0
47 74 99.0 192.0
62 42 140.0 75.0
54 61 31.0 129.0
70 46 163.0 88.0
38 74 88.0 127.0
45 66 182.0 186.0
87 33 126.0 93.0
67 48 148.0 38.0
19 88 122.0 199.0
73 41 66.0 14.0
63 51 76.0 49.0
76 35 34.0 191.0
68 46 85.0 74.0
30 86 53.0 19.0
92 19 78.0 132.0
66 49 49.0 178.0
81 35 5.0 123.0
40 72 90.0 23.0
34 82 80.0 118.0
71 45 27.0 67.0
65 50 60.0 64.0
91 6 60.0 66.0
79 34 184.0 138.0
93 23 72.0 186.0
26 88 3.0 30.0
87 6 135.0 46.0
60 56 41.0 16.0
55 60 157.0 68.0
68 45 34.0 170.0
67 50 67.0 94.0
32 83 58.0 3.0
92 21 99.0 130.0
61 53 2.0 55.0
79 37 44.0 137.0
30 87 195.0 38.0
58 56 117.0 105.0
59 57 62.0 103.0
50 85 153.0 129.0
77 39 139.0 11.0
23 90 125.0 191.0
88 28 20.0 127.0
79 39 116.0 64.0
35 84 111.0 64.0
71 46 56.0 180.0
49 67 163.0 118.0
26 91 72.0 68.0
39 80 159.0 163.0
75 44 74.0 37.0
84 32 51.0 46.0
36 81 104.0 120.0
67 51 30.0 167.0
88 30 157.0 86.0
25 91 168.0 72.0
66 48 194.0 192.0
33 77 191.0 105.0
74 92 14.0 18.0
85 33 144.0 18.0
86 28 45.0 0.0
67 87 35.0 27.0
34 78 49.0 192.0
26 90 132.0 169.0
70 93 175.0 126.0
10 91 82.0 118.0
87 29 89.0 49.0
53 66 80.0 185.0
57 62 135.0 77.0
48 71 124.0 170.0
74 45 146.0 173.0
44 60 86.0 30.0
42 69 27.0 13.0
46 69 169.0 62.0
66 51 173.0 10.0
86 92 39.0 5.0
89 28 191.0 174.0
54 24 167.0 115.0
81 37 92.0 65.0
62 60 93.0 130.0
52 66 46.0 73.0
39 83 198.0 168.0
32 86 128.0 123.0
85 29 60.0 119.0
74 35 112.0 4.0
50 66 55.0 79.0
72 47 94.0 99.0
83 34 146.0 140.0
82 38 54.0 192.0
48 70 98.0 5.0
53 63 121.0 178.0
74 43 181.0 182.0
62 56 35.0 93.0
75 36 17.0 42.0
78 44 59.0 112.0
48 73 198.0 5.0
89 30 69.0 4.0
75 42 57.0 119.0
92 28 3.0 179.0
55 65 40.0 185.0
86 34 108.0 27.0
73 47 23.0 126.0
81 39 36.0 35.0
41 77 163.0 34.0
54 65 157.0 32.0
92 30 90.0 14.0
93 28 98.0 45.0
93 30 61.0 90.0
49 72 168.0 122.0
72 45 4.0 191.0
41 82 136.0 40.0
90 31 161.0 51.0
87 35 16.0 118.0
38 86 90.0 58.0
41 75 41.0 188.0
50 68 99.0 54.0
91 19 93.0 67.0
75 48 166.0 97.0
64 58 160.0 54.0
74 48 83.0 122.0
88 34 78.0 52.0
93 27 60.0 168.0
47 78 5.0 53.0
49 76 141.0 104.0
92 32 12.0 186.0
57 66 76.0 131.0
84 37 191.0 37.0
49 69 135.0 27.0
43 80 85.0 166.0
88 31 108.0 97.0
47 68 37.0 113.0
46 67 197.0 131.0
65 59 132.0 10.0
53 70 29.0 161.0
55 63 121.0 21.0
62 58 68.0 57.0
36 86 172.0 153.0
38 79 56.0 80.0
81 45 114.0 46.0
74 42 112.0 63.0
78 42 151.0 197.0
58 52 45.0 181.0
59 63 121.0 118.0
51 72 185.0 189.0
71 41 164.0 157.0
40 81 50.0 172.0
87 36 106.0 116.0
38 80 146.0 19.0
48 78 171.0 97.0
61 62 34.0 168.0
48 82 42.0 107.0
76 46 69.0 27.0
33 91 89.0 33.0
85 41 118.0 91.0
37 89 75.0 25.0
51 73 95.0 21.0
67 57 90.0 19.0
56 93 190.0 76.0
62 63 145.0 32.0
86 40 23.0 166.0
87 39 180.0 112.0
61 81 36.0 98.0
81 44 52.0 112.0
89 81 35.0 100.0
42 84 162.0 125.0
73 55 189.0 104.0
46 75 168.0 86.0
87 41 1.0 191.0
58 63 15.0 133.0
41 83 172.0 52.0
42 81 131.0 176.0
67 56 62.0 118.0
26 87 62.0 176.0
53 76 86.0 51.0
68 57 69.0 54.0
74 50 0.0 22.0
37 82 110.0 15.0
47 77 103.0 34.0
61 49 41.0 186.0
77 44 194.0 55.0
69 51 2.0 56.0
45 80 183.0 40.0
33 93 41.0 4.0
77 46 143.0 193.0
73 50 131.0 5.0
41 84 68.0 34.0
59 64 49.0 61.0
64 62 83.0 43.0
88 40 66.0 85.0
57 71 108.0 49.0
37 86 64.0 101.0
43 83 72.0 159.0
91 36 36.0 3.0
55 71 14.0 104.0
84 36 40.0 15.0
43 84 84.0 123.0
38 89 22.0 102.0
87 38 11.0 82.0
91 31 95.0 27.0
74 56 39.0 167.0
51 75 164.0 27.0
63 54 122.0 179.0
55 91 187.0 114.0
62 66 20.0 23.0
66 60 142.0 195.0
75 53 140.0 153.0
38 77 100.0 35.0
57 56 24.0 91.0
76 69 187.0 188.0
60 69 156.0 61.0
83 42 175.0 95.0
51 77 173.0 148.0
88 42 27.0 115.0
91 43 42.0 119.0
50 80 121.0 94.0
64 54 136.0 97.0
58 69 164.0 123.0
36 82 23.0 72.0
53 77 31.0 151.0
58 66 36.0 4.0
43 86 22.0 15.0
65 86 93.0 16.0
75 54 148.0 166.0
70 58 58.0 84.0
56 70 107.0 22.0
88 23 57.0 83.0
92 38 101.0 40.0
86 44 135.0 89.0
60 67 159.0 157.0
47 85 78.0 4.0
81 47 38.0 178.0
51 78 136.0 96.0
87 40 118.0 196.0
92 36 179.0 176.0
86 45 6.0 32.0
61 68 32.0 141.0
58 72 17.0 191.0
73 57 13.0 95.0
46 79 104.0 3.0
49 82 14.0 193.0
59 71 86.0 85.0
89 44 141.0 65.0
60 71 194.0 99.0
90 44 150.0 27.0
68 63 19.0 167.0
39 91 188.0 32.0
83 33 33.0 92.0
56 75 9.0 47.0
57 74 102.0 95.0
78 53 127.0 195.0
75 38 133.0 73.0
68 62 177.0 35.0
70 73 93.0 196.0
35 73 161.0 81.0
28 91 8.0 194.0
71 54 93.0 17.0
80 52 23.0 148.0
71 65 89.0 102.0
89 42 124.0 174.0
86 49 155.0 53.0
44 83 84.0 0.0
92 39 102.0 45.0
68 93 26.0 110.0
84 53 62.0 71.0
48 86 71.0 38.0
93 38 1.0 161.0
83 84 1.0 125.0
60 73 60.0 108.0
85 49 114.0 144.0
55 76 5.0 17.0
44 88 117.0 31.0
50 77 102.0 179.0
82 53 37.0 126.0
29 57 130.0 190.0
47 90 23.0 83.0
53 74 179.0 36.0
81 54 99.0 46.0
82 51 6.0 105.0
54 74 53.0 123.0
66 69 18.0 108.0
42 85 134.0 55.0
88 45 151.0 65.0
44 92 113.0 127.0
43 93 49.0 44.0
69 61 121.0 101.0
59 67 0.0 80.0
41 91 190.0 53.0
61 75 35.0 160.0
73 63 172.0 169.0
45 89 79.0 124.0
70 50 83.0 192.0
74 62 13.0 85.0
90 40 89.0 135.0
57 76 190.0 41.0
79 52 133.0 132.0
70 60 107.0 168.0
51 84 73.0 80.0
71 64 67.0 153.0
90 55 77.0 150.0
64 75 70.0 90.0
52 83 117.0 111.0
57 79 115.0 60.0
87 49 6.0 0.0
70 68 145.0 66.0
88 50 37.0 170.0
66 71 165.0 104.0
80 41 11.0 42.0
61 77 120.0 33.0
59 73 54.0 189.0
72 67 95.0 121.0
73 62 79.0 53.0
73 65 51.0 176.0
87 46 175.0 40.0
74 65 195.0 140.0
47 91 2.0 6.0
60 74 81.0 74.0
55 81 33.0 87.0
60 75 107.0 80.0
77 54 76.0 138.0
93 46 126.0 79.0
77 32 83.0 102.0
68 72 24.0 30.0
69 59 100.0 179.0
91 46 117.0 181.0
89 46 135.0 102.0
79 68 16.0 42.0
56 79 176.0 92.0
80 60 108.0 103.0
45 91 11.0 143.0
81 59 32.0 187.0
85 59 142.0 132.0
56 81 193.0 59.0
85 44 67.0 128.0
49 77 19.0 83.0
74 66 103.0 195.0
74 63 141.0 12.0
56 80 111.0 104.0
49 89 43.0 143.0
67 73 86.0 137.0
57 82 27.0 79.0
62 69 62.0 47.0
83 58 139.0 81.0
90 50 156.0 42.0
65 75 38.0 97.0
84 71 147.0 101.0
50 87 111.0 142.0
74 64 166.0 149.0
68 71 43.0 146.0
88 48 23.0 57.0
86 60 133.0 162.0
69 68 149.0 90.0
90 48 29.0 140.0
73 69 42.0 176.0
74 71 63.0 105.0
40 85 130.0 182.0
52 93 175.0 125.0
88 51 100.0 198.0
61 79 143.0 34.0
72 71 185.0 44.0
79 64 60.0 167.0
70 52 16.0 102.0
49 90 68.0 80.0
89 35 48.0 198.0
62 83 71.0 23.0
89 74 187.0 171.0
76 61 60.0 130.0
85 62 1.0 46.0
64 89 137.0 61.0
75 66 178.0 105.0
92 50 89.0 46.0
65 72 197.0 137.0
89 60 35.0 20.0
67 71 124.0 22.0
79 60 87.0 184.0
69 74 142.0 40.0
78 69 160.0 31.0
85 58 197.0 90.0
73 72 25.0 38.0
44 84 159.0 175.0
72 66 124.0 146.0
59 78 193.0 0.0
88 59 8.0 32.0
52 90 19.0 150.0
58 87 47.0 131.0
84 58 144.0 44.0
67 70 44.0 121.0
66 73 0.0 155.0
66 81 183.0 76.0
72 70 152.0 128.0
64 42 133.0 113.0
49 88 110.0 152.0
71 76 19.0 109.0
92 52 15.0 163.0
70 62 100.0 12.0
57 88 177.0 100.0
83 66 100.0 160.0
64 84 19.0 5.0
76 72 186.0 105.0
78 71 34.0 48.0
65 81 102.0 53.0
70 71 153.0 69.0
62 90 138.0 53.0
79 70 78.0 115.0
72 64 39.0 131.0
92 66 70.0 10.0
54 90 43.0 8.0
64 73 74.0 78.0
85 69 27.0 128.0
58 90 9.0 132.0
88 54 88.0 147.0
68 81 75.0 166.0
82 66 62.0 66.0
84 57 143.0 84.0
36 93 77.0 139.0
82 62 113.0 103.0
92 55 8.0 92.0
81 64 116.0 17.0
89 63 3.0 156.0
51 92 76.0 30.0
75 77 109.0 90.0
81 74 30.0 5.0
52 89 166.0 108.0
70 82 69.0 79.0
78 54 80.0 78.0
77 66 108.0 196.0
61 91 150.0 63.0
65 83 150.0 26.0
85 65 76.0 12.0
78 64 60.0 107.0
65 89 130.0 178.0
86 68 77.0 151.0
45 75 127.0 157.0
73 77 97.0 187.0
88 55 188.0 199.0
53 92 142.0 90.0
72 84 89.0 19.0
75 81 88.0 101.0
93 62 127.0 170.0
86 64 70.0 5.0
56 92 36.0 149.0
66 63 181.0 133.0
42 91 35.0 169.0
86 66 157.0 178.0
86 67 138.0 198.0
86 62 24.0 26.0
68 82 21.0 151.0
93 59 126.0 43.0
91 65 195.0 163.0
81 70 21.0 176.0
76 74 196.0 57.0
92 58 24.0 106.0
32 93 115.0 162.0
74 75 40.0 91.0
71 85 113.0 62.0
86 56 126.0 191.0
66 85 84.0 73.0
71 83 40.0 106.0
74 67 57.0 37.0
91 69 190.0 82.0
77 79 108.0 105.0
77 64 179.0 100.0
63 85 45.0 44.0
89 67 174.0 123.0
65 90 97.0 11.0
77 85 97.0 138.0
89 56 38.0 107.0
53 90 173.0 28.0
86 63 27.0 81.0
87 72 175.0 158.0
76 83 20.0 173.0
87 66 133.0 147.0
41 14 195.0 183.0
86 70 163.0 92.0
65 84 22.0 153.0
86 71 30.0 195.0
76 89 51.0 9.0
84 74 11.0 178.0
82 75 113.0 184.0
76 82 149.0 47.0
93 65 20.0 144.0
79 81 55.0 135.0
68 90 32.0 29.0
83 73 191.0 62.0
72 92 120.0 194.0
91 59 113.0 84.0
87 69 180.0 27.0
64 93 144.0 129.0
90 75 63.0 116.0
69 86 105.0 118.0
88 73 16.0 138.0
74 82 81.0 7.0
75 85 167.0 153.0
89 71 153.0 80.0
87 73 112.0 85.0
62 91 45.0 56.0
72 88 5.0 108.0
88 82 122.0 110.0
68 85 1.0 138.0
67 81 177.0 34.0
69 88 176.0 144.0
90 72 186.0 81.0
87 79 25.0 99.0
91 76 125.0 23.0
89 78 111.0 130.0
90 80 139.0 34.0
91 78 194.0 140.0
88 66 120.0 171.0
58 88 91.0 48.0
68 88 183.0 77.0
89 93 134.0 161.0
90 87 68.0 59.0
77 91 81.0 179.0
77 72 127.0 21.0
85 74 160.0 121.0
78 88 2.0 32.0
89 72 106.0 93.0
82 89 116.0 42.0
93 73 87.0 50.0
62 92 6.0 107.0
84 91 89.0 88.0
81 84 94.0 16.0
78 86 62.0 6.0
92 60 196.0 64.0
76 90 186.0 55.0
61 86 35.0 54.0
73 90 191.0 74.0
79 78 74.0 149.0
83 27 23.0 164.0
79 24 73.0 117.0
93 90 107.0 135.0
88 84 137.0 104.0
16 17 197.0 76.0
78 66 164.0 184.0
75 89 58.0 155.0
82 90 59.0 133.0
76 88 144.0 34.0
91 88 3.0 17.0
83 87 45.0 111.0
1 4 22.0 183.0
80 69 190.0 172.0
84 62 33.0 106.0
76 70 6.0 91.0
76 87 11.0 65.0
85 35 55.0 108.0
68 92 135.0 58.0
78 84 39.0 181.0
86 85 118.0 14.0
70 69 172.0 60.0
75 92 61.0 5.0
47 82 97.0 68.0
93 80 99.0 60.0
1 2 93.0 154.0
76 48 76.0 29.0
62 88 174.0 68.0
79 51 5.0 93.0
89 83 114.0 177.0
93 86 99.0 176.0
83 88 161.0 196.0
83 78 19.0 60.0
81 73 71.0 64.0
84 80 17.0 100.0
83 79 181.0 143.0
66 44 22.0 138.0
86 87 14.0 136.0
81 92 139.0 113.0
79 91 190.0 100.0
88 70 48.0 161.0
73 53 162.0 72.0
68 83 126.0 131.0
48 77 46.0 60.0
68 89 5.0 68.0
61 84 21.0 171.0
80 77 129.0 112.0
88 46 122.0 119.0
67 90 109.0 170.0
92 91 177.0 24.0
49 55 162.0 55.0
90 92 46.0 8.0
88 89 132.0 3.0
91 57 6.0 106.0
82 80 63.0 135.0
87 92 165.0 137.0
93 84 145.0 27.0
87 89 124.0 74.0
90 81 141.0 87.0
88 36 111.0 139.0
87 93 61.0 44.0
73 89 185.0 67.0
74 79 8.0 0.0
54 87 97.0 173.0
22 21 3.0 194.0
80 51 114.0 127.0
86 79 196.0 7.0
83 86 138.0 60.0
93 54 166.0 199.0
90 89 30.0 151.0
88 81 30.0 38.0
47 61 190.0 127.0
88 85 120.0 193.0
0
