99 4851 29 44 743636
60 42 69.0 120.0
4 82 145.0 90.0
3 22 189.0 180.0
81 91 64.0 113.0
97 5 132.0 148.0
94 82 187.0 64.0
44 33 164.0 151.0
25 59 4.0 60.0
98 33 93.0 25.0
15 42 112.0 191.0
62 48 12.0 101.0
37 85 118.0 76.0
89 46 170.0 50.0
27 93 151.0 157.0
24 65 150.0 115.0
22 76 93.0 154.0
9 5 12.0 138.0
44 83 107.0 124.0
30 48 125.0 120.0
31 96 64.0 43.0
43 76 144.0 34.0
69 94 120.0 47.0
57 3 152.0 23.0
76 69 52.0 197.0
73 15 61.0 64.0
97 37 174.0 168.0
82 69 167.0 52.0
66 89 114.0 31.0
64 30 4.0 10.0
24 8 115.0 77.0
8 60 68.0 19.0
29 53 43.0 72.0
65 69 26.0 56.0
4 38 51.0 153.0
6 78 158.0 170.0
65 25 145.0 24.0
54 46 82.0 102.0
53 83 70.0 197.0
43 9 164.0 90.0
61 6 42.0 159.0
72 86 30.0 21.0
23 73 113.0 81.0
49 52 183.0 23.0
15 4 126.0 81.0
15 1 180.0 8.0
81 55 97.0 2.0
64 65 63.0 61.0
68 60 56.0 58.0
6 8 84.0 86.0
4 68 136.0 197.0
18 85 80.0 71.0
54 4 156.0 6.0
2 23 1.0 88.0
75 55 50.0 98.0
18 94 92.0 114.0
52 9 73.0 100.0
39 34 8.0 158.0
2 47 182.0 96.0
31 52 3.0 62.0
54 29 111.0 112.0
51 81 112.0 113.0
37 39 81.0 163.0
31 23 8.0 126.0
29 60 156.0 82.0
93 32 176.0 164.0
78 97 131.0 159.0
49 20 107.0 87.0
48 42 182.0 19.0
21 91 98.0 95.0
30 81 123.0 132.0
4 47 192.0 83.0
5 15 154.0 100.0
46 5 9.0 130.0
99 97 111.0 92.0
18 22 161.0 19.0
61 1 34.0 144.0
89 78 25.0 84.0
59 44 192.0 100.0
90 17 15.0 184.0
31 87 163.0 169.0
89 77 80.0 124.0
73 28 108.0 191.0
48 76 78.0 21.0
74 11 130.0 64.0
88 26 109.0 156.0
69 55 96.0 101.0
69 93 46.0 111.0
78 38 173.0 9.0
13 68 176.0 5.0
95 81 49.0 84.0
57 27 16.0 80.0
35 38 132.0 98.0
61 70 115.0 193.0
26 69 7.0 11.0
60 35 158.0 53.0
7 11 141.0 83.0
29 55 153.0 118.0
36 41 101.0 154.0
65 13 188.0 69.0
49 13 128.0 72.0
82 81 189.0 43.0
50 20 45.0 197.0
52 86 90.0 155.0
46 50 20.0 184.0
5 70 165.0 173.0
9 58 173.0 19.0
68 48 197.0 161.0
60 87 183.0 126.0
68 56 11.0 124.0
76 42 112.0 8.0
27 71 45.0 3.0
21 48 81.0 65.0
16 37 1.0 198.0
92 89 137.0 174.0
38 63 114.0 135.0
48 93 171.0 49.0
49 78 14.0 134.0
18 55 123.0 127.0
24 94 10.0 120.0
42 56 14.0 91.0
92 27 152.0 167.0
16 72 165.0 89.0
35 11 54.0 32.0
4 78 124.0 177.0
56 28 103.0 90.0
80 22 62.0 178.0
14 30 72.0 72.0
83 9 70.0 38.0
35 88 65.0 22.0
58 92 185.0 31.0
4 44 29.0 39.0
20 68 152.0 105.0
93 31 36.0 7.0
52 63 65.0 50.0
90 18 25.0 89.0
26 29 149.0 95.0
15 98 138.0 14.0
91 3 173.0 123.0
44 34 109.0 2.0
99 58 67.0 13.0
86 85 69.0 55.0
48 37 42.0 86.0
54 19 76.0 19.0
47 56 94.0 25.0
52 38 69.0 184.0
39 90 105.0 42.0
22 36 10.0 14.0
91 79 113.0 29.0
64 76 157.0 134.0
13 15 27.0 199.0
33 58 157.0 55.0
12 71 22.0 3.0
10 62 117.0 43.0
50 42 21.0 22.0
75 68 92.0 183.0
10 2 168.0 157.0
77 53 191.0 125.0
65 68 165.0 170.0
24 91 84.0 74.0
62 4 34.0 106.0
65 2 111.0 151.0
10 5 174.0 84.0
9 74 83.0 66.0
77 20 31.0 51.0
71 83 131.0 174.0
51 92 3.0 97.0
81 99 181.0 87.0
4 2 65.0 168.0
1 25 186.0 128.0
63 64 160.0 160.0
38 31 166.0 44.0
50 84 21.0 198.0
68 5 132.0 153.0
94 84 192.0 135.0
83 93 78.0 126.0
94 27 118.0 144.0
49 32 11.0 104.0
96 85 124.0 171.0
16 2 198.0 91.0
86 8 191.0 19.0
10 35 187.0 75.0
17 56 156.0 179.0
49 91 9.0 34.0
18 33 69.0 127.0
63 67 48.0 80.0
50 56 43.0 172.0
56 31 138.0 41.0
36 8 174.0 81.0
41 61 167.0 161.0
15 23 9.0 123.0
15 36 53.0 170.0
68 36 99.0 74.0
1 69 79.0 147.0
24 74 33.0 122.0
3 39 96.0 123.0
47 12 17.0 70.0
70 30 184.0 136.0
52 97 177.0 145.0
31 48 114.0 183.0
83 82 148.0 14.0
52 11 26.0 27.0
84 45 121.0 11.0
83 68 97.0 17.0
79 6 2.0 114.0
35 57 49.0 138.0
52 76 137.0 179.0
24 37 18.0 51.0
19 2 39.0 166.0
13 19 60.0 65.0
63 88 17.0 181.0
56 1 52.0 115.0
6 84 11.0 55.0
41 8 47.0 61.0
11 9 131.0 184.0
6 47 181.0 102.0
46 95 32.0 21.0
14 29 14.0 93.0
18 28 181.0 32.0
29 90 166.0 34.0
74 82 113.0 130.0
89 94 167.0 112.0
63 72 193.0 51.0
17 83 138.0 174.0
76 75 188.0 171.0
5 67 53.0 154.0
92 80 171.0 34.0
68 94 166.0 90.0
76 23 0.0 31.0
17 53 2.0 119.0
23 6 77.0 147.0
86 26 1.0 168.0
5 3 7.0 141.0
82 13 53.0 12.0
91 15 119.0 177.0
10 44 32.0 37.0
64 49 58.0 184.0
3 78 156.0 12.0
81 93 6.0 34.0
19 59 53.0 7.0
74 81 104.0 12.0
91 47 29.0 157.0
62 17 194.0 101.0
58 35 144.0 178.0
84 95 123.0 154.0
71 50 197.0 79.0
43 66 110.0 3.0
25 48 16.0 163.0
27 3 58.0 120.0
47 74 175.0 39.0
90 36 70.0 121.0
4 12 94.0 166.0
21 64 34.0 169.0
14 39 13.0 31.0
6 59 37.0 75.0
7 93 164.0 54.0
93 72 119.0 22.0
6 10 73.0 46.0
80 21 193.0 95.0
46 45 35.0 39.0
9 34 70.0 69.0
70 91 26.0 35.0
50 91 141.0 16.0
82 26 19.0 105.0
95 34 57.0 138.0
77 59 102.0 82.0
79 51 28.0 47.0
95 3 21.0 63.0
1 13 7.0 43.0
29 99 176.0 185.0
88 78 192.0 69.0
2 17 124.0 11.0
48 56 50.0 181.0
14 7 198.0 104.0
55 84 30.0 27.0
84 99 189.0 3.0
37 74 64.0 196.0
73 95 120.0 40.0
72 70 110.0 65.0
86 73 42.0 34.0
28 1 120.0 44.0
7 38 22.0 70.0
22 42 43.0 5.0
40 59 67.0 32.0
13 2 187.0 131.0
34 75 0.0 60.0
45 95 174.0 63.0
68 45 83.0 168.0
44 20 199.0 155.0
55 61 13.0 174.0
1 17 15.0 8.0
75 99 50.0 82.0
38 48 85.0 38.0
24 79 26.0 38.0
72 50 128.0 152.0
92 55 167.0 12.0
72 61 197.0 167.0
22 89 21.0 162.0
6 81 163.0 188.0
78 72 182.0 14.0
20 96 29.0 19.0
73 55 29.0 8.0
3 98 61.0 157.0
52 12 69.0 180.0
73 11 138.0 18.0
99 49 16.0 159.0
5 12 64.0 132.0
45 64 63.0 198.0
58 2 156.0 45.0
54 7 138.0 137.0
3 55 150.0 151.0
65 76 9.0 172.0
85 19 127.0 147.0
68 43 73.0 96.0
16 64 34.0 90.0
11 1 28.0 97.0
17 19 86.0 184.0
25 86 65.0 176.0
39 73 135.0 167.0
49 47 97.0 96.0
66 69 53.0 177.0
4 3 166.0 78.0
13 4 27.0 0.0
42 97 67.0 55.0
17 84 43.0 153.0
70 50 79.0 108.0
23 38 75.0 167.0
84 49 97.0 124.0
16 18 114.0 102.0
17 5 179.0 32.0
28 25 158.0 158.0
21 40 178.0 26.0
22 48 20.0 173.0
96 36 125.0 100.0
73 7 29.0 152.0
55 88 94.0 79.0
4 84 57.0 160.0
88 37 64.0 36.0
59 67 11.0 174.0
5 1 117.0 141.0
49 87 1.0 137.0
21 12 163.0 126.0
16 46 43.0 144.0
34 53 38.0 89.0
36 29 71.0 95.0
65 55 20.0 135.0
22 14 191.0 183.0
4 6 50.0 60.0
98 64 45.0 51.0
73 62 100.0 8.0
8 59 21.0 95.0
11 95 37.0 59.0
22 31 28.0 108.0
83 99 174.0 0.0
4 5 24.0 165.0
22 74 156.0 75.0
36 86 67.0 1.0
48 47 169.0 119.0
5 49 146.0 190.0
44 65 136.0 183.0
93 19 4.0 116.0
16 58 1.0 178.0
66 2 16.0 26.0
73 32 1.0 172.0
18 44 188.0 69.0
90 5 153.0 109.0
2 12 9.0 51.0
69 60 115.0 97.0
79 10 21.0 119.0
65 14 37.0 23.0
15 68 170.0 53.0
99 25 33.0 171.0
11 5 143.0 173.0
9 91 192.0 48.0
95 54 189.0 1.0
14 15 164.0 56.0
22 59 98.0 186.0
72 99 72.0 87.0
65 36 64.0 42.0
58 63 173.0 49.0
64 51 43.0 68.0
40 30 145.0 35.0
16 7 103.0 86.0
95 18 104.0 19.0
3 18 197.0 154.0
63 16 80.0 69.0
51 1 155.0 96.0
61 64 188.0 128.0
10 1 83.0 184.0
42 23 81.0 180.0
6 80 48.0 136.0
97 2 133.0 105.0
66 15 183.0 82.0
9 8 90.0 64.0
48 44 149.0 45.0
6 18 83.0 90.0
30 23 138.0 118.0
45 55 54.0 171.0
35 12 132.0 102.0
13 62 79.0 17.0
77 19 128.0 63.0
65 56 122.0 170.0
97 69 2.0 24.0
84 47 167.0 85.0
67 92 33.0 57.0
47 77 27.0 39.0
88 6 5.0 159.0
67 11 176.0 37.0
27 74 183.0 56.0
30 28 122.0 58.0
94 20 88.0 124.0
8 12 88.0 7.0
41 72 76.0 73.0
47 98 139.0 103.0
4 75 12.0 97.0
83 3 172.0 141.0
76 53 69.0 156.0
80 2 19.0 191.0
21 58 148.0 60.0
7 39 52.0 36.0
12 50 184.0 80.0
48 97 133.0 124.0
72 21 95.0 146.0
21 26 93.0 19.0
78 61 61.0 114.0
62 27 93.0 32.0
82 79 59.0 41.0
19 72 100.0 63.0
23 63 65.0 36.0
60 74 183.0 151.0
92 35 192.0 30.0
58 44 172.0 37.0
6 2 70.0 185.0
27 18 134.0 164.0
94 8 126.0 194.0
80 24 30.0 26.0
86 22 185.0 95.0
93 85 61.0 168.0
18 53 183.0 53.0
18 7 177.0 108.0
98 95 3.0 199.0
9 2 126.0 138.0
21 27 12.0 52.0
50 52 199.0 42.0
71 66 173.0 184.0
3 16 135.0 186.0
3 37 7.0 71.0
34 50 29.0 184.0
45 65 184.0 33.0
77 88 76.0 110.0
13 76 4.0 88.0
28 89 143.0 3.0
56 71 12.0 117.0
19 3 4.0 147.0
39 17 130.0 12.0
64 14 22.0 112.0
78 59 88.0 158.0
45 26 131.0 164.0
2 41 32.0 135.0
30 8 11.0 175.0
78 80 180.0 23.0
83 61 195.0 184.0
75 29 43.0 126.0
41 92 181.0 65.0
49 14 107.0 21.0
39 18 129.0 38.0
58 62 182.0 113.0
67 87 47.0 194.0
11 10 33.0 27.0
16 52 186.0 181.0
78 56 57.0 29.0
48 77 136.0 191.0
11 8 16.0 43.0
23 35 45.0 145.0
94 26 175.0 28.0
11 31 137.0 174.0
85 44 188.0 171.0
2 22 78.0 174.0
41 19 12.0 136.0
93 24 174.0 100.0
27 69 194.0 190.0
4 65 38.0 39.0
88 87 198.0 13.0
18 62 89.0 136.0
4 91 60.0 77.0
74 88 78.0 138.0
7 49 63.0 42.0
70 82 197.0 37.0
10 12 117.0 191.0
46 68 165.0 155.0
56 5 195.0 115.0
64 1 3.0 84.0
89 74 129.0 63.0
60 22 26.0 159.0
69 75 85.0 89.0
55 37 132.0 34.0
18 76 124.0 49.0
45 3 162.0 41.0
7 27 187.0 109.0
26 44 126.0 190.0
16 91 176.0 56.0
11 51 138.0 2.0
27 2 64.0 24.0
38 50 180.0 149.0
27 40 148.0 104.0
42 14 185.0 62.0
6 11 165.0 172.0
81 44 129.0 44.0
33 52 78.0 105.0
3 11 140.0 16.0
10 33 74.0 5.0
24 1 39.0 54.0
31 15 116.0 139.0
26 41 12.0 101.0
76 29 42.0 178.0
72 98 12.0 171.0
50 22 45.0 90.0
30 61 39.0 186.0
94 85 54.0 65.0
76 80 57.0 45.0
94 54 188.0 173.0
92 90 61.0 152.0
7 3 145.0 55.0
98 74 82.0 157.0
95 36 94.0 80.0
97 77 109.0 85.0
60 44 162.0 163.0
24 42 154.0 19.0
95 12 81.0 94.0
7 2 25.0 142.0
14 77 185.0 122.0
51 97 135.0 20.0
9 10 137.0 181.0
31 33 79.0 46.0
17 7 141.0 41.0
18 59 17.0 47.0
70 47 81.0 98.0
57 51 172.0 106.0
28 92 71.0 110.0
89 36 140.0 158.0
91 92 148.0 30.0
23 58 125.0 179.0
16 1 111.0 18.0
89 8 94.0 129.0
52 56 154.0 175.0
5 14 19.0 126.0
6 55 76.0 43.0
88 29 148.0 168.0
20 53 50.0 48.0
10 8 169.0 128.0
36 32 136.0 32.0
14 6 130.0 30.0
5 8 169.0 84.0
21 74 6.0 189.0
27 43 70.0 34.0
69 28 78.0 170.0
80 89 84.0 81.0
94 67 102.0 5.0
98 19 127.0 38.0
66 37 44.0 58.0
10 7 121.0 14.0
91 12 161.0 79.0
54 3 124.0 183.0
30 22 78.0 155.0
11 36 27.0 115.0
3 24 104.0 81.0
42 89 110.0 32.0
24 54 20.0 106.0
73 51 146.0 93.0
13 6 166.0 59.0
15 11 12.0 91.0
30 42 128.0 42.0
77 42 79.0 107.0
66 75 36.0 135.0
15 3 102.0 98.0
57 90 50.0 74.0
41 74 57.0 196.0
84 72 84.0 23.0
80 47 4.0 48.0
88 82 146.0 84.0
25 89 126.0 177.0
64 12 94.0 114.0
15 10 146.0 148.0
97 57 199.0 196.0
29 89 188.0 56.0
61 52 104.0 72.0
98 42 11.0 60.0
22 96 10.0 109.0
85 84 172.0 88.0
95 30 184.0 18.0
39 82 138.0 82.0
37 73 37.0 137.0
60 7 125.0 25.0
56 77 124.0 181.0
17 8 83.0 135.0
2 83 27.0 46.0
67 16 84.0 151.0
45 8 105.0 20.0
87 41 183.0 43.0
12 84 108.0 20.0
8 16 153.0 185.0
32 48 119.0 77.0
53 31 52.0 2.0
12 65 94.0 79.0
79 72 72.0 130.0
77 98 146.0 130.0
4 11 43.0 129.0
99 65 185.0 103.0
20 7 96.0 90.0
52 21 72.0 15.0
51 75 47.0 124.0
39 96 105.0 93.0
11 13 196.0 129.0
69 42 187.0 142.0
58 87 43.0 30.0
50 67 22.0 181.0
71 65 133.0 70.0
85 10 28.0 157.0
12 14 176.0 75.0
76 31 33.0 33.0
2 73 125.0 29.0
15 86 111.0 112.0
71 22 70.0 107.0
88 62 152.0 44.0
25 3 103.0 37.0
6 3 157.0 131.0
84 38 123.0 86.0
15 8 127.0 156.0
19 83 161.0 52.0
69 8 158.0 24.0
29 21 189.0 28.0
80 45 35.0 141.0
47 50 137.0 90.0
52 55 107.0 46.0
6 19 164.0 182.0
99 92 38.0 91.0
75 61 39.0 151.0
66 45 125.0 149.0
65 35 135.0 114.0
77 75 187.0 170.0
23 62 64.0 76.0
17 22 118.0 123.0
75 98 11.0 34.0
10 17 126.0 1.0
51 35 87.0 165.0
79 81 44.0 12.0
14 11 44.0 131.0
85 38 24.0 183.0
97 86 51.0 40.0
7 86 93.0 121.0
82 87 73.0 104.0
9 14 156.0 199.0
76 39 147.0 195.0
14 4 27.0 192.0
54 84 122.0 23.0
21 32 42.0 98.0
2 11 56.0 45.0
6 51 84.0 149.0
36 55 105.0 157.0
97 94 177.0 13.0
33 73 9.0 125.0
15 20 4.0 188.0
2 99 73.0 127.0
29 44 141.0 116.0
3 21 179.0 198.0
15 6 105.0 64.0
6 7 120.0 163.0
8 96 108.0 97.0
68 10 104.0 70.0
29 65 140.0 109.0
64 50 145.0 13.0
22 6 186.0 87.0
49 98 27.0 165.0
64 78 41.0 132.0
92 73 37.0 113.0
68 85 161.0 98.0
19 5 133.0 17.0
26 1 105.0 73.0
12 97 184.0 50.0
81 73 163.0 122.0
71 80 15.0 142.0
59 1 176.0 8.0
74 17 98.0 13.0
2 85 174.0 59.0
9 88 114.0 107.0
51 62 125.0 19.0
60 86 139.0 109.0
60 19 189.0 54.0
99 56 44.0 4.0
23 3 96.0 20.0
93 56 124.0 194.0
42 40 32.0 98.0
29 98 93.0 98.0
58 90 61.0 18.0
16 12 2.0 152.0
17 20 86.0 143.0
73 24 129.0 82.0
1 79 152.0 177.0
34 21 41.0 28.0
58 68 115.0 25.0
64 66 79.0 8.0
56 98 84.0 92.0
96 92 122.0 38.0
10 31 110.0 9.0
23 4 99.0 191.0
75 59 186.0 51.0
79 28 22.0 179.0
93 99 146.0 137.0
65 79 74.0 25.0
14 8 184.0 110.0
4 7 70.0 106.0
46 6 117.0 132.0
2 98 57.0 16.0
57 91 184.0 195.0
17 61 159.0 6.0
19 8 59.0 105.0
66 39 70.0 133.0
53 90 18.0 54.0
6 91 179.0 40.0
94 59 43.0 48.0
57 92 187.0 52.0
81 49 189.0 123.0
8 4 56.0 149.0
2 64 170.0 115.0
2 30 193.0 192.0
20 19 92.0 11.0
8 77 44.0 23.0
34 19 72.0 40.0
11 64 180.0 11.0
19 1 169.0 169.0
64 86 191.0 25.0
49 71 70.0 113.0
1 38 40.0 63.0
54 11 169.0 84.0
85 14 7.0 165.0
32 53 76.0 31.0
12 1 94.0 8.0
59 14 95.0 63.0
98 30 29.0 86.0
1 23 26.0 51.0
50 95 115.0 18.0
17 3 75.0 36.0
68 18 149.0 82.0
71 15 57.0 25.0
26 67 187.0 103.0
78 55 114.0 82.0
82 85 141.0 95.0
99 13 34.0 119.0
8 91 57.0 101.0
46 8 8.0 132.0
26 7 146.0 157.0
21 46 90.0 155.0
11 90 34.0 77.0
43 26 184.0 148.0
11 80 56.0 77.0
90 80 155.0 90.0
71 4 132.0 164.0
1 9 20.0 140.0
14 34 93.0 118.0
79 8 104.0 135.0
95 1 60.0 138.0
24 36 106.0 196.0
15 7 177.0 162.0
44 95 162.0 84.0
98 8 78.0 94.0
13 52 158.0 99.0
11 17 21.0 3.0
74 32 126.0 77.0
18 2 177.0 138.0
61 65 40.0 35.0
29 27 84.0 169.0
20 75 104.0 198.0
80 9 101.0 182.0
59 60 115.0 59.0
27 72 46.0 136.0
4 55 6.0 124.0
9 19 138.0 183.0
10 14 165.0 130.0
24 6 75.0 1.0
62 16 61.0 179.0
24 44 123.0 162.0
4 51 102.0 39.0
3 14 139.0 100.0
80 91 73.0 97.0
62 35 45.0 11.0
99 10 171.0 10.0
96 91 48.0 198.0
9 4 56.0 109.0
61 33 191.0 180.0
81 31 31.0 46.0
55 16 87.0 122.0
7 74 67.0 113.0
7 88 54.0 113.0
98 20 58.0 177.0
11 86 99.0 107.0
4 50 149.0 156.0
9 18 188.0 93.0
81 17 53.0 172.0
30 82 161.0 93.0
55 58 117.0 28.0
46 62 148.0 123.0
82 52 152.0 159.0
25 2 85.0 4.0
35 48 178.0 187.0
13 14 3.0 119.0
43 34 160.0 8.0
16 75 3.0 121.0
33 8 190.0 73.0
69 90 164.0 90.0
43 51 29.0 69.0
36 45 6.0 66.0
92 19 81.0 136.0
45 56 8.0 36.0
89 71 84.0 169.0
45 60 157.0 87.0
65 98 44.0 147.0
13 16 110.0 8.0
16 21 59.0 91.0
65 21 135.0 17.0
38 98 48.0 168.0
17 4 59.0 9.0
73 22 99.0 95.0
81 15 117.0 56.0
11 43 156.0 113.0
8 58 89.0 66.0
77 27 53.0 100.0
48 90 30.0 189.0
87 34 136.0 30.0
1 20 67.0 147.0
50 25 190.0 118.0
37 14 25.0 59.0
54 51 132.0 182.0
7 63 196.0 22.0
88 56 25.0 50.0
45 19 167.0 55.0
50 79 166.0 55.0
9 50 94.0 185.0
72 15 127.0 36.0
6 17 16.0 105.0
6 92 65.0 149.0
53 24 45.0 61.0
12 13 141.0 70.0
26 2 3.0 108.0
20 4 40.0 121.0
70 60 19.0 86.0
72 12 144.0 99.0
66 98 190.0 161.0
90 19 82.0 7.0
42 75 134.0 80.0
4 25 186.0 76.0
7 21 95.0 141.0
4 19 122.0 135.0
36 6 84.0 93.0
15 61 19.0 181.0
59 83 95.0 161.0
99 31 141.0 130.0
6 66 72.0 75.0
18 91 92.0 11.0
79 32 92.0 187.0
8 42 41.0 166.0
48 69 96.0 78.0
5 18 8.0 67.0
34 89 109.0 104.0
13 3 41.0 2.0
16 11 108.0 65.0
18 45 173.0 153.0
16 10 52.0 65.0
60 31 15.0 46.0
97 74 198.0 63.0
25 7 88.0 159.0
95 42 116.0 197.0
58 61 197.0 157.0
86 59 113.0 105.0
5 92 136.0 86.0
11 71 118.0 188.0
99 88 177.0 85.0
62 40 45.0 127.0
46 30 199.0 85.0
69 30 102.0 67.0
88 89 166.0 99.0
18 12 1.0 79.0
87 70 118.0 89.0
39 94 4.0 188.0
82 40 127.0 133.0
78 52 61.0 124.0
9 21 152.0 60.0
98 12 182.0 7.0
98 32 54.0 100.0
29 32 135.0 7.0
10 4 167.0 5.0
9 17 95.0 171.0
13 9 145.0 22.0
60 71 119.0 7.0
38 71 161.0 72.0
81 59 154.0 143.0
90 76 57.0 8.0
9 15 72.0 192.0
40 39 144.0 39.0
14 21 115.0 39.0
3 26 87.0 60.0
67 25 78.0 158.0
94 16 90.0 39.0
72 57 103.0 44.0
33 72 57.0 112.0
4 22 190.0 130.0
46 90 101.0 86.0
12 34 54.0 16.0
30 94 108.0 93.0
20 52 39.0 186.0
27 1 48.0 81.0
25 5 147.0 103.0
8 76 7.0 5.0
83 4 28.0 149.0
93 90 44.0 129.0
23 66 156.0 99.0
61 63 174.0 65.0
15 41 183.0 13.0
18 13 198.0 183.0
11 12 6.0 146.0
85 41 76.0 165.0
44 21 46.0 104.0
9 77 15.0 43.0
41 78 57.0 172.0
39 26 187.0 31.0
13 17 174.0 170.0
41 43 166.0 172.0
52 83 44.0 124.0
12 15 11.0 120.0
93 92 59.0 58.0
67 36 46.0 26.0
9 3 185.0 103.0
33 81 132.0 172.0
45 31 30.0 106.0
71 36 190.0 196.0
5 6 74.0 34.0
74 57 22.0 86.0
48 98 197.0 33.0
34 94 96.0 43.0
3 12 101.0 81.0
4 94 173.0 33.0
23 68 148.0 3.0
3 65 175.0 138.0
64 70 89.0 1.0
25 54 18.0 63.0
52 66 132.0 168.0
60 4 21.0 180.0
28 23 0.0 75.0
17 31 168.0 126.0
99 9 26.0 68.0
72 44 8.0 153.0
5 21 19.0 49.0
18 11 177.0 190.0
40 91 172.0 62.0
92 87 136.0 145.0
3 20 124.0 88.0
90 26 185.0 45.0
35 89 129.0 163.0
31 5 12.0 137.0
74 13 16.0 184.0
84 82 164.0 194.0
71 33 157.0 136.0
20 80 107.0 45.0
20 5 87.0 183.0
56 8 44.0 72.0
97 98 22.0 173.0
1 31 125.0 187.0
43 44 101.0 94.0
21 4 133.0 17.0
76 67 98.0 42.0
46 35 193.0 157.0
63 70 74.0 80.0
12 17 119.0 119.0
15 95 42.0 94.0
26 66 109.0 119.0
8 55 101.0 163.0
8 23 53.0 186.0
4 73 25.0 104.0
19 10 42.0 18.0
56 34 76.0 117.0
50 88 93.0 147.0
81 2 44.0 135.0
67 60 78.0 153.0
22 5 177.0 179.0
1 21 183.0 183.0
94 52 14.0 8.0
38 75 7.0 9.0
16 6 182.0 83.0
35 31 2.0 75.0
31 89 98.0 46.0
49 90 140.0 177.0
52 68 165.0 70.0
89 60 124.0 100.0
1 7 48.0 138.0
73 44 18.0 55.0
90 66 147.0 0.0
95 48 97.0 102.0
37 57 158.0 195.0
47 88 121.0 50.0
55 20 59.0 38.0
5 23 73.0 183.0
4 26 94.0 122.0
7 24 54.0 112.0
41 82 93.0 2.0
28 98 130.0 142.0
55 79 9.0 40.0
66 92 95.0 130.0
13 46 192.0 154.0
46 86 67.0 18.0
88 10 87.0 161.0
83 63 41.0 142.0
2 24 183.0 86.0
24 16 156.0 65.0
93 82 180.0 117.0
72 73 62.0 27.0
21 2 83.0 7.0
25 46 136.0 150.0
10 18 138.0 24.0
81 10 179.0 132.0
35 17 166.0 162.0
33 30 117.0 74.0
2 8 184.0 97.0
75 57 111.0 198.0
95 32 183.0 147.0
77 55 99.0 119.0
71 69 50.0 190.0
78 26 179.0 29.0
42 68 139.0 145.0
3 31 160.0 8.0
98 73 107.0 96.0
30 49 94.0 171.0
79 14 34.0 77.0
68 66 128.0 134.0
35 50 10.0 178.0
75 60 138.0 189.0
6 25 27.0 30.0
6 27 175.0 139.0
50 13 181.0 82.0
60 9 86.0 76.0
20 40 91.0 120.0
6 74 99.0 19.0
24 10 128.0 61.0
67 69 62.0 19.0
55 94 100.0 41.0
70 39 39.0 75.0
49 54 106.0 21.0
62 97 39.0 144.0
37 38 9.0 130.0
26 5 154.0 60.0
95 29 57.0 82.0
32 1 117.0 71.0
29 63 46.0 17.0
99 90 22.0 85.0
44 12 70.0 81.0
10 21 62.0 109.0
35 49 66.0 71.0
17 14 40.0 20.0
93 6 183.0 50.0
23 7 114.0 100.0
1 14 40.0 160.0
13 81 70.0 63.0
92 4 60.0 140.0
1 41 164.0 74.0
87 25 182.0 30.0
89 56 88.0 23.0
59 43 68.0 71.0
83 6 189.0 183.0
28 33 157.0 181.0
12 9 46.0 27.0
33 46 62.0 58.0
84 42 163.0 178.0
66 47 161.0 145.0
1 46 170.0 49.0
86 98 148.0 191.0
7 9 142.0 137.0
22 9 115.0 99.0
64 53 7.0 161.0
99 73 119.0 21.0
13 92 132.0 34.0
39 46 73.0 93.0
89 61 102.0 196.0
18 14 67.0 50.0
72 94 86.0 9.0
28 48 76.0 1.0
4 30 41.0 36.0
38 12 188.0 113.0
5 30 72.0 120.0
75 54 84.0 146.0
13 70 82.0 138.0
21 82 146.0 101.0
74 8 88.0 184.0
55 12 167.0 117.0
20 14 138.0 8.0
84 22 179.0 126.0
52 84 52.0 52.0
8 13 128.0 88.0
73 26 77.0 10.0
6 41 45.0 175.0
23 11 49.0 86.0
8 70 102.0 16.0
43 97 126.0 40.0
20 54 23.0 106.0
38 39 34.0 75.0
40 81 56.0 162.0
5 39 109.0 85.0
77 82 160.0 154.0
78 68 21.0 9.0
36 74 7.0 75.0
72 62 156.0 86.0
12 6 103.0 179.0
51 49 66.0 89.0
14 16 65.0 74.0
84 2 162.0 126.0
3 29 142.0 122.0
96 6 20.0 115.0
79 11 15.0 180.0
72 6 43.0 123.0
4 28 16.0 98.0
41 65 135.0 34.0
20 9 117.0 0.0
53 39 190.0 79.0
67 32 184.0 132.0
37 36 195.0 156.0
44 92 48.0 162.0
16 20 164.0 43.0
86 42 105.0 132.0
13 7 22.0 41.0
83 89 45.0 139.0
27 55 31.0 35.0
86 58 105.0 167.0
91 38 110.0 52.0
29 94 166.0 158.0
87 53 97.0 83.0
92 11 126.0 2.0
41 89 8.0 148.0
77 11 157.0 54.0
4 27 29.0 140.0
78 42 81.0 134.0
77 1 194.0 192.0
31 4 109.0 161.0
7 64 198.0 6.0
74 52 193.0 77.0
40 97 41.0 2.0
7 90 74.0 150.0
8 7 59.0 103.0
22 12 131.0 140.0
81 60 32.0 126.0
1 29 91.0 141.0
12 7 94.0 41.0
55 7 63.0 88.0
3 40 113.0 56.0
30 24 147.0 187.0
31 88 149.0 158.0
67 83 160.0 33.0
41 35 122.0 144.0
32 4 33.0 13.0
77 87 195.0 79.0
93 11 173.0 11.0
50 31 11.0 86.0
55 71 178.0 111.0
57 38 101.0 128.0
19 68 56.0 13.0
1 90 22.0 178.0
62 87 82.0 7.0
2 29 76.0 78.0
17 91 71.0 2.0
22 56 38.0 35.0
27 53 183.0 17.0
90 25 136.0 37.0
90 75 82.0 192.0
66 82 154.0 56.0
67 81 65.0 37.0
86 30 11.0 94.0
21 59 120.0 83.0
13 5 51.0 111.0
1 33 31.0 186.0
98 26 139.0 167.0
99 21 34.0 173.0
2 53 148.0 140.0
32 51 145.0 166.0
12 20 104.0 109.0
64 81 44.0 177.0
83 51 78.0 47.0
25 33 97.0 109.0
56 37 187.0 36.0
57 80 22.0 173.0
31 7 34.0 123.0
57 28 88.0 131.0
33 93 113.0 144.0
74 68 46.0 109.0
19 82 129.0 124.0
13 75 56.0 26.0
10 65 3.0 44.0
45 41 13.0 178.0
31 2 175.0 199.0
17 15 147.0 15.0
6 67 156.0 60.0
36 62 42.0 2.0
8 22 125.0 172.0
98 54 128.0 134.0
20 42 188.0 131.0
3 33 183.0 154.0
32 70 8.0 158.0
80 63 8.0 107.0
30 93 165.0 164.0
56 94 71.0 8.0
1 18 110.0 197.0
60 72 95.0 190.0
14 88 160.0 36.0
75 71 98.0 143.0
41 44 132.0 106.0
2 5 63.0 92.0
36 1 126.0 28.0
61 9 124.0 198.0
10 3 51.0 186.0
70 12 91.0 98.0
97 87 34.0 3.0
58 89 124.0 84.0
33 78 83.0 8.0
32 2 194.0 146.0
88 61 34.0 121.0
70 75 187.0 158.0
73 21 144.0 38.0
30 6 125.0 35.0
6 31 52.0 111.0
82 72 42.0 128.0
50 60 0.0 77.0
79 17 48.0 194.0
26 8 16.0 82.0
4 40 100.0 4.0
58 82 116.0 196.0
87 38 59.0 41.0
32 8 63.0 63.0
77 68 191.0 57.0
28 75 67.0 191.0
89 55 11.0 115.0
83 80 88.0 27.0
18 35 184.0 188.0
16 76 165.0 52.0
14 69 94.0 176.0
75 1 98.0 110.0
68 81 109.0 90.0
57 29 163.0 176.0
24 12 121.0 174.0
16 15 87.0 161.0
51 7 171.0 24.0
9 28 159.0 137.0
25 9 120.0 5.0
40 93 135.0 18.0
75 62 41.0 197.0
32 6 113.0 156.0
59 84 114.0 186.0
3 80 78.0 1.0
87 96 87.0 50.0
11 26 128.0 198.0
15 2 157.0 48.0
18 19 10.0 45.0
32 63 173.0 3.0
8 27 88.0 86.0
55 22 32.0 2.0
2 76 173.0 110.0
9 24 139.0 13.0
14 2 104.0 19.0
15 90 143.0 61.0
60 37 165.0 105.0
97 70 172.0 90.0
41 99 168.0 12.0
21 77 126.0 152.0
53 55 8.0 99.0
76 60 178.0 100.0
75 87 195.0 82.0
7 29 25.0 90.0
2 68 7.0 142.0
36 34 86.0 131.0
31 14 114.0 54.0
26 9 185.0 192.0
69 74 3.0 146.0
33 43 184.0 182.0
28 7 56.0 131.0
69 86 19.0 81.0
54 61 35.0 178.0
17 18 120.0 121.0
29 28 115.0 34.0
15 18 161.0 52.0
13 20 177.0 165.0
62 69 114.0 161.0
73 41 132.0 170.0
25 29 141.0 151.0
89 79 187.0 176.0
96 26 194.0 59.0
53 78 61.0 61.0
17 98 92.0 22.0
18 56 61.0 70.0
25 16 58.0 175.0
54 57 47.0 190.0
85 52 81.0 188.0
31 19 164.0 68.0
25 10 141.0 110.0
10 26 195.0 154.0
85 89 54.0 87.0
43 46 59.0 67.0
62 44 121.0 117.0
99 1 41.0 169.0
50 48 174.0 122.0
29 4 95.0 138.0
69 47 145.0 37.0
34 81 66.0 140.0
68 33 189.0 73.0
78 95 134.0 0.0
40 37 75.0 56.0
16 17 176.0 116.0
12 26 16.0 150.0
81 62 155.0 112.0
7 56 117.0 52.0
37 10 165.0 135.0
40 72 14.0 106.0
68 87 84.0 101.0
16 9 151.0 159.0
53 58 172.0 127.0
30 99 152.0 141.0
61 59 61.0 59.0
10 13 198.0 130.0
20 61 181.0 163.0
31 62 175.0 148.0
49 29 102.0 59.0
11 22 44.0 53.0
2 63 16.0 16.0
62 24 182.0 168.0
80 99 20.0 44.0
13 91 147.0 19.0
36 2 171.0 81.0
54 64 35.0 98.0
90 81 188.0 138.0
22 94 78.0 32.0
29 6 37.0 95.0
55 93 176.0 20.0
30 7 86.0 197.0
19 15 39.0 185.0
58 24 10.0 162.0
85 22 29.0 46.0
29 5 51.0 169.0
14 19 155.0 81.0
33 96 16.0 145.0
90 87 139.0 192.0
14 47 179.0 177.0
6 20 12.0 18.0
28 6 180.0 174.0
10 28 67.0 10.0
30 9 188.0 118.0
91 19 39.0 95.0
19 7 72.0 7.0
18 8 194.0 11.0
73 65 2.0 174.0
15 22 84.0 166.0
1 35 174.0 16.0
23 39 22.0 41.0
13 21 195.0 10.0
62 94 192.0 34.0
10 45 159.0 65.0
70 52 37.0 154.0
18 61 120.0 40.0
90 83 53.0 156.0
19 63 13.0 27.0
3 41 61.0 35.0
36 3 45.0 56.0
9 29 104.0 37.0
27 86 179.0 16.0
39 88 52.0 17.0
49 63 26.0 172.0
44 70 115.0 80.0
33 60 155.0 128.0
24 4 109.0 16.0
81 9 166.0 106.0
92 40 53.0 23.0
26 53 185.0 33.0
41 47 115.0 37.0
8 66 74.0 141.0
36 16 94.0 189.0
76 12 113.0 49.0
27 10 144.0 23.0
12 27 13.0 111.0
22 35 128.0 66.0
85 87 38.0 113.0
32 24 160.0 153.0
17 21 106.0 35.0
50 99 5.0 152.0
23 14 126.0 118.0
52 54 118.0 71.0
37 15 152.0 131.0
47 55 97.0 32.0
43 12 102.0 135.0
35 63 65.0 15.0
96 97 106.0 123.0
96 37 72.0 111.0
8 28 104.0 151.0
28 2 50.0 174.0
33 80 80.0 3.0
36 13 56.0 177.0
24 59 86.0 110.0
12 23 38.0 104.0
52 25 106.0 145.0
62 25 140.0 130.0
87 7 66.0 196.0
27 66 67.0 116.0
44 66 35.0 99.0
79 42 96.0 91.0
1 97 196.0 135.0
52 35 159.0 35.0
59 93 129.0 17.0
4 16 83.0 69.0
8 71 140.0 149.0
37 62 17.0 160.0
10 22 100.0 53.0
67 9 84.0 196.0
6 62 82.0 81.0
96 19 45.0 41.0
6 9 44.0 174.0
7 77 42.0 127.0
2 34 3.0 183.0
97 35 135.0 172.0
21 15 98.0 35.0
25 32 76.0 183.0
2 38 189.0 110.0
90 41 36.0 34.0
45 15 71.0 80.0
89 50 171.0 113.0
84 5 82.0 126.0
37 78 154.0 17.0
96 29 54.0 52.0
61 5 55.0 82.0
76 32 87.0 44.0
70 81 10.0 75.0
26 15 149.0 81.0
23 10 56.0 72.0
27 35 42.0 139.0
11 96 28.0 196.0
25 13 5.0 34.0
23 17 192.0 60.0
11 25 110.0 31.0
54 79 79.0 72.0
62 42 35.0 28.0
33 6 199.0 91.0
12 25 51.0 41.0
1 4 108.0 31.0
24 14 179.0 113.0
86 41 101.0 171.0
21 8 69.0 163.0
92 34 29.0 148.0
8 31 97.0 16.0
84 60 80.0 96.0
67 72 133.0 131.0
74 40 71.0 193.0
37 4 171.0 50.0
35 94 12.0 24.0
8 75 191.0 81.0
9 23 21.0 172.0
64 96 188.0 119.0
54 43 89.0 68.0
13 57 89.0 174.0
95 74 150.0 160.0
68 26 8.0 74.0
20 10 114.0 173.0
6 34 166.0 57.0
76 68 99.0 140.0
62 92 168.0 88.0
25 15 140.0 58.0
49 17 30.0 181.0
89 63 177.0 132.0
88 76 42.0 138.0
19 23 47.0 108.0
52 47 10.0 166.0
13 33 67.0 109.0
23 48 199.0 35.0
42 16 22.0 91.0
33 29 182.0 4.0
89 19 24.0 111.0
26 14 104.0 66.0
20 11 134.0 103.0
50 6 189.0 144.0
38 66 196.0 8.0
19 11 165.0 196.0
31 12 71.0 139.0
38 69 79.0 53.0
87 54 78.0 103.0
84 79 78.0 134.0
84 9 90.0 12.0
12 89 35.0 31.0
33 5 173.0 183.0
40 19 76.0 138.0
29 59 83.0 99.0
1 30 3.0 163.0
62 90 82.0 34.0
10 30 139.0 161.0
58 39 170.0 30.0
27 79 52.0 5.0
24 5 40.0 25.0
42 63 91.0 68.0
20 36 116.0 174.0
24 13 35.0 71.0
12 48 48.0 70.0
7 32 88.0 187.0
38 17 94.0 58.0
94 43 188.0 98.0
66 85 28.0 28.0
29 10 86.0 119.0
74 3 86.0 154.0
22 63 195.0 73.0
9 66 13.0 195.0
67 42 35.0 102.0
57 86 191.0 129.0
30 3 84.0 179.0
92 74 198.0 112.0
13 69 22.0 36.0
69 10 67.0 60.0
70 18 4.0 14.0
84 30 3.0 18.0
70 40 104.0 38.0
26 18 160.0 95.0
5 28 155.0 44.0
18 23 192.0 105.0
11 55 72.0 166.0
62 84 6.0 91.0
99 87 188.0 162.0
17 82 67.0 144.0
28 12 189.0 123.0
97 83 154.0 101.0
96 41 133.0 62.0
39 4 50.0 77.0
40 69 50.0 74.0
21 18 133.0 56.0
23 13 195.0 73.0
1 37 60.0 14.0
41 32 158.0 1.0
13 72 161.0 65.0
5 35 111.0 94.0
5 37 164.0 161.0
46 49 141.0 14.0
83 46 80.0 74.0
74 75 97.0 27.0
13 27 173.0 109.0
42 2 48.0 131.0
32 10 117.0 9.0
34 4 130.0 28.0
82 46 99.0 94.0
94 70 81.0 40.0
23 16 125.0 113.0
40 23 34.0 175.0
15 28 121.0 7.0
79 63 112.0 169.0
32 89 171.0 29.0
92 79 117.0 101.0
23 79 176.0 16.0
47 21 139.0 9.0
85 72 39.0 16.0
92 16 51.0 74.0
3 49 175.0 172.0
6 26 116.0 39.0
13 35 161.0 87.0
14 56 126.0 30.0
33 77 142.0 54.0
15 27 80.0 81.0
15 80 55.0 71.0
93 3 69.0 58.0
15 24 55.0 196.0
48 94 52.0 123.0
2 35 182.0 165.0
86 38 37.0 60.0
32 3 103.0 180.0
67 30 122.0 135.0
8 93 153.0 177.0
96 62 187.0 174.0
19 24 199.0 42.0
61 12 14.0 51.0
38 3 31.0 149.0
87 3 12.0 68.0
26 35 109.0 67.0
63 95 125.0 32.0
87 55 17.0 78.0
17 64 72.0 4.0
11 27 86.0 72.0
42 21 45.0 53.0
71 6 111.0 28.0
3 34 191.0 76.0
23 20 63.0 53.0
13 30 59.0 188.0
48 86 148.0 76.0
48 46 104.0 20.0
78 93 147.0 190.0
15 47 116.0 144.0
50 11 113.0 179.0
59 90 21.0 104.0
22 16 97.0 84.0
96 3 193.0 156.0
5 38 172.0 141.0
10 66 198.0 76.0
60 80 78.0 145.0
27 5 11.0 146.0
14 91 138.0 124.0
82 12 132.0 159.0
15 99 85.0 181.0
6 38 17.0 78.0
39 57 41.0 189.0
4 33 42.0 39.0
8 35 97.0 72.0
40 7 96.0 109.0
2 40 29.0 34.0
40 32 105.0 161.0
29 37 162.0 190.0
22 7 8.0 131.0
68 29 123.0 49.0
40 1 173.0 166.0
56 19 108.0 22.0
8 34 105.0 4.0
24 66 83.0 134.0
95 2 29.0 140.0
24 18 76.0 143.0
82 61 93.0 84.0
29 16 37.0 17.0
3 8 103.0 10.0
22 91 86.0 163.0
84 1 137.0 143.0
64 59 196.0 172.0
33 11 169.0 25.0
45 32 50.0 197.0
17 26 143.0 143.0
3 28 44.0 180.0
13 22 125.0 99.0
25 14 147.0 163.0
28 13 42.0 84.0
25 20 117.0 190.0
30 11 69.0 86.0
68 88 85.0 71.0
22 81 188.0 180.0
91 58 78.0 32.0
1 42 134.0 155.0
78 8 30.0 81.0
45 81 66.0 72.0
46 65 95.0 183.0
2 44 119.0 116.0
32 72 127.0 156.0
43 1 33.0 115.0
20 45 105.0 63.0
86 76 31.0 192.0
39 6 68.0 61.0
23 21 117.0 86.0
48 60 130.0 164.0
2 37 102.0 2.0
7 41 174.0 181.0
3 69 97.0 159.0
12 45 131.0 155.0
21 97 84.0 162.0
25 17 19.0 104.0
15 88 161.0 136.0
46 66 56.0 92.0
6 21 106.0 158.0
58 59 4.0 33.0
26 65 89.0 53.0
10 94 113.0 172.0
16 30 136.0 149.0
19 22 124.0 155.0
40 49 8.0 86.0
1 22 183.0 65.0
11 24 84.0 41.0
5 40 8.0 40.0
49 18 138.0 50.0
10 61 18.0 4.0
34 7 172.0 154.0
64 5 107.0 49.0
51 8 2.0 115.0
19 16 97.0 137.0
41 4 127.0 133.0
10 34 176.0 88.0
57 15 26.0 115.0
9 36 22.0 44.0
78 13 87.0 194.0
34 1 117.0 146.0
15 30 3.0 120.0
48 7 6.0 52.0
1 54 146.0 86.0
93 53 132.0 122.0
65 81 24.0 110.0
45 77 189.0 46.0
89 64 69.0 28.0
71 7 175.0 187.0
3 35 87.0 130.0
21 20 161.0 94.0
29 8 33.0 59.0
73 80 170.0 117.0
60 61 87.0 146.0
14 28 192.0 76.0
1 89 30.0 13.0
93 1 173.0 157.0
1 60 80.0 12.0
14 61 96.0 193.0
81 89 96.0 129.0
41 5 60.0 18.0
27 65 160.0 148.0
2 59 152.0 104.0
46 20 169.0 134.0
36 4 129.0 94.0
83 73 59.0 161.0
34 30 156.0 155.0
39 2 144.0 4.0
1 57 11.0 156.0
35 7 2.0 123.0
2 77 170.0 154.0
95 91 167.0 140.0
15 51 168.0 48.0
24 50 59.0 27.0
35 9 27.0 167.0
40 36 156.0 171.0
3 44 86.0 168.0
6 37 121.0 88.0
26 51 168.0 91.0
41 66 167.0 135.0
21 22 111.0 136.0
11 38 166.0 170.0
44 63 20.0 193.0
99 60 55.0 177.0
50 82 83.0 94.0
32 27 59.0 156.0
76 96 12.0 27.0
62 9 1.0 179.0
68 14 99.0 113.0
5 36 33.0 65.0
74 48 34.0 5.0
6 97 122.0 41.0
19 27 20.0 157.0
14 32 47.0 79.0
46 42 49.0 59.0
29 15 127.0 3.0
49 2 193.0 27.0
10 58 28.0 26.0
5 69 181.0 14.0
65 9 197.0 55.0
63 99 13.0 169.0
30 12 145.0 12.0
55 66 137.0 146.0
2 82 72.0 65.0
12 32 177.0 65.0
64 37 95.0 157.0
2 33 144.0 29.0
31 39 27.0 142.0
37 8 128.0 193.0
23 22 76.0 25.0
30 18 139.0 14.0
54 36 51.0 11.0
44 87 67.0 180.0
21 25 97.0 163.0
15 50 145.0 42.0
86 99 78.0 125.0
54 67 16.0 158.0
95 79 152.0 92.0
53 62 189.0 91.0
97 26 164.0 40.0
11 60 105.0 32.0
27 16 75.0 155.0
64 52 119.0 173.0
49 43 36.0 149.0
10 73 91.0 52.0
52 62 8.0 44.0
17 28 141.0 197.0
19 28 128.0 57.0
3 1 24.0 186.0
10 36 79.0 100.0
31 13 175.0 151.0
20 28 139.0 11.0
67 18 60.0 182.0
77 65 164.0 68.0
22 20 160.0 105.0
64 74 122.0 88.0
72 80 193.0 147.0
76 30 57.0 24.0
2 45 195.0 32.0
82 15 44.0 86.0
2 43 173.0 105.0
28 82 113.0 137.0
9 27 103.0 73.0
94 36 114.0 178.0
15 43 107.0 59.0
21 24 148.0 117.0
99 32 143.0 143.0
44 1 109.0 188.0
95 90 96.0 34.0
11 37 162.0 9.0
11 34 77.0 17.0
45 1 88.0 143.0
8 20 148.0 147.0
16 32 50.0 96.0
62 49 63.0 146.0
80 19 22.0 125.0
9 54 45.0 118.0
34 83 2.0 159.0
44 5 62.0 31.0
57 82 197.0 150.0
85 31 169.0 145.0
62 54 80.0 171.0
8 1 110.0 96.0
28 11 30.0 84.0
54 53 168.0 28.0
34 55 149.0 122.0
22 24 41.0 11.0
9 38 11.0 38.0
39 1 30.0 180.0
20 26 67.0 63.0
26 28 72.0 129.0
30 96 168.0 55.0
22 26 2.0 88.0
33 89 91.0 151.0
34 13 46.0 132.0
42 4 144.0 9.0
29 19 187.0 175.0
28 21 113.0 6.0
74 4 185.0 138.0
99 45 115.0 153.0
23 54 2.0 117.0
43 4 170.0 93.0
60 95 163.0 168.0
13 26 5.0 108.0
32 15 10.0 192.0
59 28 174.0 76.0
31 66 33.0 159.0
18 20 139.0 148.0
67 98 111.0 141.0
99 8 125.0 33.0
19 12 160.0 41.0
33 9 48.0 165.0
43 55 161.0 59.0
20 29 192.0 135.0
42 5 12.0 177.0
72 9 169.0 151.0
6 35 38.0 32.0
41 22 92.0 115.0
32 22 102.0 52.0
50 59 145.0 150.0
12 87 185.0 58.0
42 17 149.0 129.0
75 37 54.0 113.0
25 22 31.0 175.0
77 22 36.0 69.0
43 7 149.0 128.0
27 25 102.0 51.0
30 19 179.0 0.0
32 56 163.0 116.0
73 84 147.0 65.0
9 32 87.0 1.0
59 70 152.0 70.0
48 2 65.0 140.0
55 9 120.0 14.0
42 3 55.0 175.0
69 23 38.0 34.0
16 34 141.0 153.0
72 1 4.0 89.0
8 40 144.0 43.0
46 3 59.0 48.0
38 8 31.0 76.0
69 87 67.0 104.0
10 92 183.0 74.0
9 31 143.0 21.0
25 19 64.0 85.0
44 27 46.0 68.0
5 34 91.0 142.0
24 25 180.0 150.0
11 81 196.0 163.0
66 61 130.0 15.0
53 85 8.0 66.0
7 33 17.0 104.0
65 87 112.0 81.0
12 41 35.0 110.0
53 7 188.0 79.0
53 80 182.0 120.0
33 14 78.0 179.0
66 12 58.0 161.0
15 35 42.0 66.0
69 34 33.0 59.0
19 79 130.0 97.0
11 29 159.0 118.0
16 26 112.0 99.0
3 66 35.0 94.0
71 57 15.0 65.0
69 80 112.0 73.0
26 33 24.0 154.0
64 60 78.0 9.0
39 63 53.0 8.0
65 54 30.0 164.0
1 47 102.0 142.0
27 23 43.0 137.0
13 29 186.0 11.0
11 32 90.0 98.0
62 98 95.0 66.0
58 43 28.0 125.0
32 5 151.0 33.0
38 13 135.0 181.0
20 31 48.0 37.0
10 38 125.0 43.0
76 98 14.0 111.0
29 42 123.0 56.0
23 24 135.0 170.0
62 20 188.0 115.0
32 47 193.0 91.0
26 71 109.0 128.0
41 58 162.0 109.0
11 21 125.0 88.0
97 93 2.0 91.0
34 63 78.0 78.0
82 29 125.0 13.0
47 62 29.0 65.0
29 17 77.0 22.0
17 24 79.0 139.0
67 31 161.0 42.0
50 1 113.0 38.0
91 26 146.0 115.0
88 65 53.0 25.0
92 65 42.0 178.0
39 8 51.0 71.0
57 87 133.0 81.0
36 14 64.0 164.0
41 28 22.0 177.0
20 24 122.0 135.0
31 49 175.0 68.0
30 17 94.0 28.0
40 13 107.0 88.0
14 55 107.0 110.0
9 39 151.0 40.0
28 53 184.0 15.0
78 39 4.0 158.0
45 34 57.0 126.0
27 24 195.0 33.0
85 74 180.0 41.0
68 41 175.0 39.0
95 58 196.0 83.0
76 81 56.0 100.0
34 68 196.0 192.0
20 2 172.0 0.0
37 28 43.0 181.0
78 11 168.0 190.0
83 7 48.0 100.0
45 43 106.0 176.0
99 76 86.0 102.0
57 40 167.0 142.0
7 45 34.0 115.0
46 10 81.0 158.0
37 79 169.0 76.0
90 4 182.0 90.0
7 36 164.0 182.0
58 50 75.0 70.0
4 45 56.0 161.0
3 2 101.0 23.0
4 46 180.0 135.0
31 21 150.0 13.0
55 67 90.0 71.0
70 92 6.0 24.0
18 29 90.0 170.0
83 20 87.0 165.0
81 43 147.0 143.0
44 52 28.0 48.0
27 17 13.0 8.0
82 45 165.0 163.0
18 25 169.0 55.0
2 94 108.0 127.0
30 83 156.0 198.0
3 84 110.0 43.0
40 6 126.0 57.0
40 11 112.0 106.0
57 30 174.0 77.0
74 43 101.0 139.0
52 57 79.0 71.0
16 33 65.0 139.0
99 26 41.0 22.0
19 21 45.0 151.0
39 10 60.0 123.0
97 58 12.0 173.0
85 81 136.0 186.0
25 68 174.0 37.0
13 32 98.0 5.0
18 81 11.0 164.0
15 33 85.0 52.0
38 99 7.0 130.0
44 50 136.0 68.0
25 23 84.0 148.0
1 49 190.0 20.0
12 40 36.0 164.0
91 27 81.0 87.0
39 12 98.0 92.0
20 38 96.0 183.0
35 73 121.0 56.0
22 98 58.0 9.0
46 2 16.0 142.0
83 66 161.0 7.0
29 23 42.0 150.0
8 44 110.0 123.0
20 69 85.0 9.0
40 9 68.0 181.0
8 88 81.0 141.0
86 33 134.0 139.0
36 73 58.0 151.0
27 22 168.0 171.0
75 41 30.0 10.0
76 79 102.0 141.0
48 80 116.0 187.0
36 12 8.0 136.0
37 7 72.0 89.0
17 32 193.0 6.0
77 51 59.0 3.0
59 37 53.0 28.0
28 24 7.0 83.0
13 66 128.0 109.0
44 75 29.0 196.0
94 5 176.0 37.0
26 23 46.0 0.0
27 26 19.0 40.0
10 40 136.0 78.0
57 18 115.0 189.0
51 37 125.0 74.0
42 6 79.0 5.0
48 1 2.0 108.0
36 83 152.0 131.0
9 86 133.0 199.0
85 32 7.0 104.0
5 47 5.0 143.0
35 19 194.0 72.0
5 43 5.0 71.0
50 5 66.0 37.0
36 61 21.0 20.0
42 34 68.0 125.0
12 37 173.0 153.0
51 27 54.0 132.0
84 69 137.0 59.0
41 48 116.0 131.0
69 64 62.0 73.0
66 16 61.0 128.0
77 6 51.0 34.0
39 87 87.0 120.0
8 52 55.0 13.0
77 91 75.0 109.0
59 63 132.0 12.0
9 95 32.0 0.0
59 7 127.0 47.0
21 30 192.0 140.0
61 92 33.0 44.0
2 52 74.0 120.0
47 3 24.0 129.0
4 96 156.0 99.0
59 80 115.0 40.0
75 5 7.0 99.0
41 9 51.0 135.0
28 27 102.0 44.0
72 38 192.0 135.0
33 12 97.0 66.0
32 20 76.0 122.0
6 45 2.0 184.0
91 31 147.0 69.0
29 22 37.0 155.0
68 51 93.0 88.0
48 6 175.0 147.0
28 55 32.0 119.0
56 79 40.0 130.0
13 39 127.0 117.0
44 55 14.0 81.0
85 34 48.0 162.0
65 91 42.0 85.0
42 9 84.0 135.0
11 91 39.0 12.0
46 12 16.0 71.0
89 65 106.0 57.0
96 52 135.0 185.0
5 99 10.0 149.0
33 66 40.0 58.0
55 56 147.0 82.0
2 50 136.0 184.0
43 6 25.0 127.0
15 34 52.0 42.0
65 16 62.0 158.0
65 18 4.0 197.0
17 69 180.0 166.0
34 59 198.0 173.0
51 2 47.0 146.0
81 41 133.0 135.0
20 35 61.0 110.0
89 76 70.0 114.0
91 75 180.0 84.0
92 12 83.0 137.0
14 41 46.0 16.0
14 35 153.0 44.0
18 37 77.0 152.0
22 97 54.0 162.0
86 63 117.0 116.0
46 9 133.0 139.0
67 35 127.0 65.0
13 37 189.0 10.0
76 24 138.0 35.0
25 26 116.0 92.0
7 46 151.0 193.0
77 69 187.0 157.0
44 11 110.0 56.0
13 42 62.0 195.0
89 75 125.0 141.0
35 21 121.0 67.0
4 49 145.0 12.0
44 6 109.0 13.0
90 51 137.0 60.0
20 89 0.0 124.0
51 5 50.0 110.0
9 37 149.0 64.0
84 33 134.0 26.0
12 90 87.0 8.0
37 19 130.0 184.0
23 32 128.0 191.0
29 12 176.0 17.0
3 53 168.0 176.0
21 83 156.0 170.0
1 55 167.0 105.0
97 68 101.0 102.0
59 39 21.0 140.0
18 34 110.0 103.0
45 9 136.0 38.0
30 27 175.0 64.0
40 95 177.0 143.0
78 16 79.0 133.0
20 34 45.0 198.0
88 73 146.0 99.0
27 14 196.0 119.0
60 27 47.0 106.0
32 19 72.0 183.0
42 7 7.0 48.0
44 13 22.0 136.0
21 36 110.0 53.0
18 84 132.0 156.0
56 3 18.0 79.0
4 35 67.0 15.0
25 31 195.0 66.0
27 20 75.0 68.0
10 51 41.0 34.0
5 91 117.0 15.0
88 25 2.0 27.0
41 11 127.0 87.0
43 60 141.0 98.0
94 6 42.0 160.0
15 40 61.0 37.0
41 83 30.0 88.0
34 93 33.0 23.0
34 22 85.0 102.0
17 37 33.0 39.0
70 83 159.0 161.0
49 6 65.0 52.0
57 63 14.0 59.0
28 16 171.0 75.0
16 40 31.0 1.0
33 20 180.0 16.0
77 72 24.0 17.0
14 38 17.0 58.0
32 30 84.0 128.0
81 37 106.0 101.0
16 39 40.0 120.0
10 82 66.0 12.0
20 30 199.0 50.0
50 8 156.0 131.0
62 2 185.0 133.0
46 11 197.0 154.0
31 16 96.0 33.0
47 60 17.0 154.0
61 85 159.0 57.0
65 78 86.0 177.0
54 2 177.0 85.0
87 22 79.0 85.0
23 72 180.0 16.0
47 39 75.0 129.0
49 95 76.0 123.0
23 33 0.0 93.0
38 80 30.0 159.0
57 53 159.0 69.0
51 66 58.0 88.0
87 13 145.0 89.0
83 91 105.0 125.0
4 48 39.0 133.0
22 28 123.0 115.0
63 5 46.0 123.0
83 65 35.0 76.0
17 70 135.0 146.0
19 33 79.0 145.0
13 43 55.0 177.0
73 5 126.0 113.0
48 3 183.0 165.0
13 41 44.0 107.0
5 52 8.0 90.0
46 72 188.0 43.0
40 55 172.0 75.0
59 27 39.0 4.0
7 44 105.0 94.0
56 2 97.0 183.0
98 51 12.0 80.0
89 84 31.0 8.0
67 56 91.0 39.0
17 36 90.0 79.0
28 31 56.0 63.0
21 38 140.0 95.0
21 37 187.0 197.0
43 16 106.0 84.0
36 18 118.0 70.0
8 61 130.0 101.0
35 16 4.0 173.0
32 52 104.0 94.0
50 7 140.0 112.0
83 47 80.0 32.0
17 33 49.0 20.0
85 79 194.0 108.0
38 15 182.0 64.0
97 95 43.0 64.0
8 65 185.0 199.0
17 58 105.0 41.0
4 85 36.0 45.0
30 26 12.0 68.0
47 10 21.0 14.0
43 3 118.0 167.0
37 69 166.0 52.0
64 36 109.0 9.0
19 38 149.0 46.0
57 50 162.0 54.0
9 44 56.0 150.0
30 72 141.0 69.0
37 52 4.0 114.0
52 90 113.0 123.0
54 5 116.0 79.0
9 69 151.0 178.0
54 6 161.0 101.0
45 98 8.0 75.0
17 34 41.0 17.0
93 50 56.0 183.0
99 48 182.0 61.0
37 26 147.0 47.0
98 58 108.0 16.0
42 10 74.0 59.0
92 33 34.0 35.0
32 94 179.0 195.0
18 50 85.0 21.0
97 50 123.0 142.0
36 23 184.0 57.0
11 48 154.0 132.0
39 36 55.0 62.0
36 82 64.0 129.0
15 67 6.0 51.0
34 25 115.0 186.0
25 40 60.0 1.0
87 23 16.0 183.0
13 45 189.0 1.0
9 47 184.0 143.0
73 60 31.0 39.0
40 90 18.0 47.0
57 94 16.0 25.0
67 74 106.0 132.0
12 78 133.0 166.0
98 24 78.0 101.0
79 90 142.0 19.0
48 10 76.0 126.0
52 3 152.0 59.0
21 33 28.0 171.0
15 39 54.0 196.0
92 76 81.0 160.0
54 92 97.0 166.0
2 55 74.0 175.0
68 93 13.0 16.0
65 95 29.0 42.0
20 92 2.0 134.0
5 53 118.0 182.0
7 82 68.0 124.0
14 43 128.0 149.0
17 96 144.0 26.0
73 68 8.0 18.0
60 25 9.0 22.0
51 3 43.0 38.0
32 26 30.0 45.0
46 14 186.0 148.0
50 29 73.0 54.0
15 44 24.0 1.0
37 23 109.0 168.0
45 11 33.0 69.0
40 14 4.0 42.0
21 45 129.0 47.0
27 63 90.0 159.0
28 52 38.0 77.0
80 32 143.0 111.0
98 96 13.0 167.0
69 98 129.0 74.0
14 60 149.0 114.0
60 39 199.0 153.0
84 8 50.0 128.0
22 38 174.0 140.0
40 18 133.0 13.0
94 50 44.0 28.0
46 38 90.0 9.0
34 23 61.0 19.0
29 31 119.0 10.0
24 34 87.0 70.0
18 38 115.0 137.0
9 48 39.0 41.0
24 49 156.0 172.0
97 72 176.0 152.0
10 50 184.0 66.0
81 80 130.0 45.0
18 89 166.0 1.0
41 20 41.0 54.0
86 16 164.0 108.0
25 36 29.0 3.0
53 6 39.0 185.0
39 19 182.0 15.0
66 17 2.0 118.0
94 75 44.0 84.0
64 39 48.0 162.0
87 50 36.0 41.0
66 76 189.0 0.0
51 96 158.0 18.0
39 21 164.0 149.0
71 53 146.0 146.0
24 35 71.0 148.0
2 57 57.0 67.0
38 68 83.0 105.0
41 10 62.0 119.0
16 45 49.0 51.0
17 43 158.0 8.0
14 95 72.0 74.0
34 26 25.0 170.0
91 2 171.0 48.0
98 41 75.0 180.0
18 41 95.0 158.0
53 9 182.0 109.0
47 8 175.0 183.0
86 6 112.0 133.0
99 12 127.0 136.0
71 99 170.0 105.0
98 31 30.0 93.0
70 14 70.0 106.0
14 45 45.0 117.0
22 33 146.0 179.0
29 72 25.0 121.0
13 47 7.0 137.0
60 2 98.0 135.0
62 1 61.0 69.0
42 11 70.0 43.0
49 8 98.0 140.0
19 36 116.0 144.0
41 16 174.0 62.0
58 4 145.0 199.0
85 97 60.0 152.0
54 8 199.0 159.0
29 24 129.0 12.0
38 47 130.0 199.0
60 36 75.0 29.0
52 10 185.0 191.0
22 37 39.0 159.0
79 83 36.0 184.0
80 4 65.0 48.0
29 30 159.0 64.0
26 31 82.0 40.0
45 17 40.0 164.0
4 69 33.0 115.0
31 30 71.0 170.0
32 18 157.0 110.0
85 77 190.0 145.0
80 46 110.0 55.0
36 27 45.0 70.0
85 58 182.0 127.0
26 52 138.0 23.0
52 6 59.0 124.0
12 42 117.0 130.0
24 26 167.0 26.0
80 82 117.0 157.0
28 90 175.0 27.0
66 60 134.0 20.0
52 4 118.0 69.0
73 47 132.0 9.0
78 76 187.0 191.0
87 32 107.0 104.0
35 61 1.0 27.0
43 56 77.0 70.0
39 22 136.0 4.0
9 92 163.0 23.0
39 20 123.0 33.0
53 10 70.0 55.0
7 99 11.0 58.0
1 53 139.0 70.0
63 1 4.0 92.0
47 44 135.0 33.0
92 46 63.0 23.0
38 65 147.0 178.0
3 58 74.0 71.0
16 98 85.0 145.0
2 61 54.0 96.0
42 18 19.0 146.0
95 59 2.0 175.0
8 25 117.0 89.0
54 35 70.0 132.0
28 34 50.0 17.0
91 60 79.0 76.0
59 12 148.0 165.0
22 40 150.0 3.0
47 63 101.0 121.0
19 43 92.0 55.0
6 56 160.0 161.0
48 96 25.0 182.0
16 44 77.0 27.0
29 86 111.0 156.0
97 24 158.0 60.0
46 15 171.0 60.0
19 44 55.0 24.0
36 28 39.0 100.0
33 27 43.0 151.0
53 4 158.0 20.0
83 88 30.0 187.0
4 57 181.0 142.0
49 12 56.0 91.0
34 27 37.0 28.0
73 49 114.0 92.0
76 41 165.0 153.0
59 3 161.0 160.0
10 49 28.0 71.0
49 9 133.0 59.0
55 5 124.0 66.0
49 86 180.0 181.0
9 71 146.0 17.0
13 48 50.0 60.0
95 24 164.0 167.0
47 11 164.0 77.0
33 57 90.0 144.0
24 41 18.0 175.0
58 5 119.0 143.0
23 41 165.0 99.0
39 77 2.0 111.0
17 44 40.0 4.0
63 55 61.0 4.0
47 16 161.0 25.0
40 24 45.0 3.0
46 17 186.0 63.0
44 88 27.0 105.0
21 41 175.0 144.0
99 36 59.0 130.0
10 55 122.0 51.0
47 29 158.0 183.0
43 22 174.0 71.0
52 7 160.0 19.0
85 95 80.0 146.0
5 59 131.0 59.0
74 19 138.0 59.0
52 69 196.0 150.0
61 49 182.0 118.0
57 9 1.0 92.0
48 15 97.0 175.0
4 59 99.0 58.0
69 29 78.0 131.0
78 71 73.0 9.0
89 9 163.0 164.0
3 60 133.0 159.0
66 21 180.0 67.0
28 32 145.0 182.0
12 51 18.0 194.0
16 48 37.0 69.0
20 43 121.0 115.0
83 13 191.0 147.0
17 40 106.0 154.0
14 50 148.0 191.0
89 69 24.0 129.0
37 20 197.0 169.0
12 53 124.0 15.0
38 16 129.0 161.0
20 85 130.0 3.0
52 14 154.0 73.0
54 12 142.0 60.0
45 39 186.0 42.0
6 58 184.0 11.0
78 7 103.0 182.0
79 13 169.0 179.0
21 67 22.0 98.0
43 21 178.0 105.0
39 25 120.0 132.0
26 40 2.0 14.0
32 31 11.0 189.0
23 80 63.0 196.0
3 61 85.0 118.0
27 47 65.0 54.0
14 53 64.0 40.0
38 27 65.0 42.0
26 75 33.0 186.0
46 75 69.0 188.0
40 84 38.0 80.0
62 95 117.0 101.0
10 95 86.0 2.0
47 18 11.0 151.0
21 60 175.0 75.0
81 27 164.0 40.0
62 3 164.0 149.0
30 35 140.0 185.0
22 61 99.0 130.0
54 30 5.0 17.0
18 43 23.0 91.0
57 7 197.0 34.0
36 26 178.0 172.0
54 13 23.0 94.0
17 41 26.0 187.0
39 28 0.0 166.0
49 65 189.0 99.0
92 97 35.0 194.0
31 58 172.0 58.0
32 86 122.0 169.0
12 86 131.0 52.0
59 9 0.0 154.0
30 25 124.0 26.0
3 64 162.0 76.0
60 5 74.0 151.0
8 53 84.0 109.0
70 21 119.0 8.0
57 6 116.0 193.0
46 18 128.0 0.0
25 91 136.0 128.0
7 47 19.0 60.0
45 5 94.0 181.0
47 93 109.0 120.0
1 58 70.0 146.0
41 25 17.0 142.0
25 35 154.0 85.0
64 46 126.0 82.0
29 34 40.0 62.0
45 59 170.0 60.0
61 76 77.0 16.0
67 85 165.0 138.0
47 17 124.0 188.0
19 47 75.0 141.0
41 91 199.0 181.0
13 51 104.0 77.0
48 19 97.0 144.0
75 40 27.0 19.0
25 38 132.0 56.0
54 10 146.0 98.0
76 91 22.0 70.0
24 33 185.0 49.0
14 48 53.0 136.0
23 43 25.0 157.0
55 31 169.0 74.0
56 11 112.0 148.0
78 2 156.0 45.0
35 28 181.0 102.0
5 57 101.0 155.0
24 43 76.0 38.0
93 98 33.0 130.0
33 54 95.0 59.0
48 20 104.0 16.0
7 58 11.0 16.0
76 1 174.0 119.0
31 24 193.0 108.0
49 94 184.0 94.0
54 78 7.0 61.0
6 60 153.0 40.0
72 58 76.0 0.0
5 48 68.0 180.0
16 51 108.0 31.0
43 65 22.0 82.0
74 71 174.0 16.0
16 49 26.0 158.0
36 31 159.0 185.0
44 57 97.0 64.0
31 34 118.0 125.0
50 76 20.0 138.0
27 37 167.0 128.0
98 34 197.0 190.0
3 90 111.0 171.0
92 26 168.0 89.0
63 4 167.0 79.0
96 81 33.0 16.0
28 74 145.0 151.0
41 27 4.0 117.0
12 79 131.0 123.0
24 39 66.0 80.0
44 23 92.0 130.0
94 58 137.0 12.0
97 4 50.0 105.0
84 35 148.0 83.0
24 38 117.0 45.0
11 87 37.0 73.0
64 35 121.0 120.0
28 38 86.0 140.0
77 62 88.0 130.0
18 77 87.0 25.0
80 41 21.0 89.0
74 2 75.0 121.0
32 57 137.0 144.0
42 45 41.0 175.0
30 39 29.0 114.0
56 10 51.0 67.0
61 4 166.0 139.0
46 23 125.0 5.0
45 24 155.0 98.0
34 32 130.0 30.0
63 6 17.0 19.0
46 22 112.0 58.0
7 62 42.0 141.0
51 63 56.0 45.0
32 35 50.0 22.0
58 69 101.0 127.0
28 95 94.0 9.0
5 62 133.0 176.0
37 25 63.0 102.0
55 15 40.0 175.0
69 85 17.0 34.0
50 16 188.0 73.0
48 8 70.0 190.0
25 44 101.0 124.0
67 43 42.0 147.0
22 44 43.0 127.0
57 10 69.0 58.0
87 42 133.0 109.0
28 40 85.0 150.0
91 67 191.0 73.0
72 17 50.0 13.0
86 1 132.0 104.0
41 38 51.0 126.0
96 54 54.0 94.0
58 74 131.0 75.0
19 46 193.0 64.0
14 67 53.0 78.0
48 17 166.0 196.0
1 67 157.0 168.0
86 3 26.0 89.0
39 85 59.0 77.0
37 53 10.0 65.0
25 98 118.0 141.0
3 63 3.0 63.0
69 2 18.0 8.0
1 65 70.0 184.0
44 80 18.0 179.0
38 30 5.0 196.0
92 24 11.0 64.0
74 44 80.0 21.0
42 51 145.0 150.0
77 16 146.0 100.0
37 30 57.0 116.0
51 14 80.0 127.0
4 77 182.0 51.0
17 52 117.0 187.0
27 42 77.0 128.0
36 33 153.0 109.0
47 23 86.0 98.0
89 23 84.0 184.0
85 12 124.0 142.0
50 17 158.0 156.0
52 15 8.0 140.0
44 14 136.0 125.0
76 58 166.0 13.0
12 57 17.0 119.0
35 29 111.0 55.0
57 8 130.0 196.0
51 18 198.0 54.0
35 34 192.0 157.0
8 62 129.0 152.0
21 54 163.0 65.0
53 11 190.0 130.0
6 64 192.0 159.0
32 37 42.0 103.0
10 87 4.0 172.0
76 74 53.0 2.0
15 54 63.0 197.0
32 33 90.0 144.0
53 74 167.0 53.0
97 19 49.0 157.0
93 71 108.0 41.0
80 40 194.0 150.0
28 60 89.0 198.0
29 40 194.0 94.0
16 53 73.0 9.0
94 64 76.0 115.0
38 51 58.0 43.0
32 38 41.0 107.0
24 47 104.0 149.0
86 50 192.0 99.0
2 67 180.0 34.0
51 17 115.0 175.0
56 9 21.0 140.0
5 16 4.0 97.0
53 47 33.0 62.0
37 31 66.0 75.0
9 51 66.0 123.0
12 56 155.0 10.0
26 38 26.0 136.0
33 35 153.0 93.0
19 51 89.0 174.0
46 24 18.0 46.0
11 58 114.0 52.0
47 82 51.0 132.0
95 47 84.0 69.0
59 66 157.0 39.0
65 6 153.0 135.0
60 62 38.0 58.0
63 9 55.0 79.0
11 49 124.0 73.0
90 32 168.0 38.0
25 42 12.0 171.0
80 51 112.0 48.0
11 59 197.0 69.0
34 33 5.0 103.0
94 60 149.0 195.0
18 97 154.0 4.0
8 43 138.0 30.0
72 55 64.0 106.0
88 27 122.0 76.0
19 52 192.0 186.0
45 22 178.0 189.0
49 19 99.0 136.0
71 3 104.0 49.0
99 33 159.0 10.0
75 56 143.0 49.0
20 47 5.0 7.0
55 21 57.0 80.0
70 2 74.0 49.0
63 14 37.0 5.0
27 54 145.0 137.0
3 67 31.0 49.0
69 96 179.0 142.0
39 32 113.0 74.0
83 22 85.0 118.0
15 53 179.0 142.0
23 49 91.0 53.0
99 62 121.0 128.0
14 54 176.0 66.0
27 46 51.0 159.0
95 76 81.0 182.0
8 63 96.0 194.0
10 59 157.0 181.0
5 65 32.0 136.0
96 72 57.0 123.0
57 11 103.0 178.0
43 28 129.0 79.0
60 10 45.0 132.0
7 5 88.0 127.0
92 71 11.0 184.0
56 16 106.0 120.0
26 19 117.0 138.0
76 17 101.0 174.0
27 39 39.0 157.0
36 66 21.0 168.0
97 33 70.0 18.0
41 30 88.0 110.0
14 57 13.0 51.0
64 73 61.0 119.0
30 43 81.0 178.0
64 9 90.0 134.0
42 28 167.0 129.0
75 27 59.0 188.0
59 33 69.0 81.0
82 3 27.0 157.0
76 45 154.0 41.0
55 17 64.0 16.0
74 59 194.0 97.0
5 98 165.0 84.0
8 90 155.0 133.0
71 1 118.0 166.0
1 66 89.0 187.0
58 14 30.0 116.0
16 54 190.0 184.0
4 66 144.0 6.0
72 2 198.0 91.0
68 69 10.0 164.0
42 31 109.0 117.0
66 5 155.0 28.0
45 23 122.0 44.0
93 67 122.0 152.0
35 36 196.0 65.0
1 70 84.0 92.0
21 50 62.0 34.0
62 11 156.0 72.0
25 45 74.0 66.0
57 16 106.0 181.0
84 27 30.0 28.0
93 49 15.0 104.0
54 17 6.0 163.0
11 61 120.0 42.0
34 38 54.0 182.0
23 92 178.0 11.0
71 2 123.0 4.0
46 60 40.0 29.0
86 71 156.0 70.0
20 93 107.0 171.0
49 21 41.0 113.0
38 36 134.0 161.0
53 48 163.0 141.0
38 42 48.0 93.0
48 18 160.0 171.0
41 31 102.0 0.0
68 7 1.0 10.0
45 27 198.0 61.0
45 28 163.0 192.0
54 31 18.0 50.0
53 19 150.0 133.0
63 11 180.0 199.0
87 52 16.0 140.0
71 97 38.0 70.0
82 42 169.0 40.0
33 37 186.0 120.0
99 59 13.0 149.0
60 15 66.0 31.0
10 63 189.0 17.0
44 28 123.0 169.0
18 92 70.0 139.0
88 66 173.0 108.0
27 31 159.0 143.0
30 36 133.0 145.0
65 82 192.0 146.0
61 27 188.0 59.0
60 93 141.0 178.0
61 44 190.0 65.0
34 37 19.0 60.0
47 26 111.0 192.0
4 64 127.0 70.0
27 52 77.0 12.0
29 41 108.0 22.0
38 54 191.0 96.0
6 68 9.0 132.0
26 46 191.0 199.0
62 43 176.0 162.0
50 85 106.0 87.0
23 50 96.0 185.0
37 42 187.0 126.0
54 58 52.0 95.0
57 17 194.0 43.0
91 54 0.0 155.0
89 38 87.0 143.0
72 4 3.0 15.0
85 46 158.0 110.0
31 86 138.0 54.0
64 8 57.0 78.0
93 94 13.0 61.0
53 22 144.0 159.0
53 13 166.0 144.0
54 18 91.0 6.0
22 49 61.0 47.0
88 48 89.0 19.0
56 13 153.0 180.0
3 68 39.0 162.0
15 49 5.0 52.0
60 88 170.0 149.0
1 87 51.0 136.0
98 4 135.0 143.0
49 37 192.0 196.0
84 83 7.0 34.0
83 38 152.0 113.0
21 51 159.0 191.0
19 78 84.0 164.0
31 43 86.0 6.0
50 19 148.0 138.0
7 97 105.0 35.0
66 7 178.0 50.0
39 33 98.0 185.0
51 23 26.0 2.0
21 61 129.0 185.0
39 55 150.0 166.0
3 72 182.0 188.0
56 83 105.0 131.0
60 16 190.0 162.0
1 52 6.0 168.0
41 56 50.0 56.0
28 46 82.0 76.0
30 45 99.0 164.0
48 27 187.0 1.0
41 33 170.0 170.0
87 45 83.0 27.0
12 58 26.0 26.0
16 97 154.0 184.0
73 3 57.0 157.0
22 47 161.0 91.0
13 59 67.0 60.0
23 52 40.0 7.0
10 64 126.0 162.0
28 47 105.0 162.0
22 52 36.0 131.0
67 7 187.0 143.0
51 22 161.0 196.0
24 64 85.0 122.0
44 31 32.0 104.0
42 19 53.0 24.0
55 13 22.0 180.0
73 6 58.0 128.0
40 33 168.0 46.0
43 32 36.0 155.0
37 35 127.0 149.0
6 89 86.0 12.0
8 67 8.0 70.0
25 51 20.0 62.0
37 89 9.0 43.0
92 7 122.0 19.0
12 60 62.0 90.0
40 38 96.0 50.0
29 43 140.0 175.0
42 26 133.0 26.0
38 29 36.0 93.0
38 53 25.0 56.0
42 80 93.0 34.0
84 39 61.0 15.0
41 59 78.0 75.0
52 77 5.0 174.0
88 54 101.0 98.0
72 35 97.0 186.0
15 59 165.0 133.0
46 32 40.0 143.0
68 27 72.0 134.0
17 60 54.0 133.0
32 44 119.0 132.0
37 67 163.0 77.0
67 4 2.0 64.0
3 70 73.0 99.0
41 49 20.0 190.0
39 98 24.0 61.0
15 56 46.0 96.0
60 13 112.0 52.0
97 25 27.0 31.0
91 37 107.0 190.0
23 53 135.0 61.0
27 50 41.0 8.0
1 68 24.0 62.0
3 88 99.0 49.0
97 13 22.0 97.0
49 97 124.0 86.0
51 20 183.0 103.0
49 26 62.0 90.0
97 20 11.0 197.0
86 10 161.0 53.0
13 58 95.0 186.0
56 4 116.0 194.0
40 35 67.0 138.0
45 44 181.0 144.0
15 62 73.0 165.0
19 95 96.0 87.0
65 7 175.0 108.0
63 13 5.0 136.0
16 61 122.0 100.0
58 84 50.0 190.0
75 2 35.0 69.0
42 33 152.0 168.0
12 62 106.0 178.0
49 28 156.0 154.0
74 1 199.0 83.0
31 40 107.0 4.0
65 11 11.0 181.0
5 72 194.0 13.0
34 40 109.0 181.0
43 35 13.0 14.0
13 61 80.0 71.0
97 55 63.0 188.0
3 94 120.0 63.0
12 81 41.0 27.0
31 47 28.0 4.0
61 19 88.0 175.0
29 48 5.0 150.0
93 51 46.0 171.0
53 45 69.0 78.0
97 66 13.0 133.0
72 7 133.0 85.0
23 56 92.0 126.0
8 68 110.0 72.0
39 71 106.0 150.0
60 18 62.0 63.0
22 65 124.0 60.0
62 14 153.0 194.0
46 31 96.0 118.0
34 41 146.0 182.0
20 57 93.0 38.0
16 59 92.0 155.0
77 3 66.0 150.0
27 49 175.0 81.0
48 26 181.0 51.0
79 35 38.0 135.0
55 19 55.0 135.0
57 19 77.0 2.0
7 70 121.0 122.0
1 73 118.0 13.0
58 22 46.0 136.0
97 81 82.0 21.0
6 70 95.0 16.0
50 30 51.0 86.0
72 53 117.0 106.0
75 97 19.0 146.0
72 28 60.0 140.0
74 5 187.0 178.0
69 12 56.0 33.0
9 68 3.0 90.0
41 37 6.0 99.0
58 28 70.0 57.0
80 27 0.0 139.0
68 11 77.0 171.0
42 35 6.0 138.0
45 29 96.0 193.0
18 93 76.0 104.0
66 11 17.0 79.0
58 20 14.0 24.0
17 59 25.0 36.0
15 65 22.0 177.0
63 15 73.0 51.0
68 32 39.0 79.0
23 57 97.0 135.0
71 28 36.0 173.0
15 64 38.0 53.0
39 35 3.0 5.0
40 41 60.0 28.0
5 71 87.0 82.0
47 30 176.0 160.0
64 29 85.0 15.0
25 47 18.0 135.0
63 17 78.0 54.0
80 7 1.0 69.0
78 1 104.0 4.0
44 30 93.0 164.0
19 58 153.0 132.0
13 64 8.0 81.0
59 20 4.0 46.0
67 12 91.0 22.0
76 6 107.0 170.0
81 98 128.0 60.0
63 31 84.0 32.0
55 90 95.0 129.0
47 34 129.0 0.0
35 45 95.0 89.0
81 71 129.0 99.0
96 74 14.0 20.0
49 33 37.0 121.0
20 56 46.0 117.0
52 71 149.0 83.0
59 62 95.0 196.0
68 12 85.0 176.0
44 35 113.0 181.0
10 43 77.0 194.0
24 57 103.0 91.0
38 43 91.0 92.0
57 77 46.0 89.0
46 76 11.0 148.0
50 28 115.0 58.0
45 33 180.0 1.0
89 47 60.0 46.0
57 21 120.0 90.0
47 35 21.0 176.0
70 11 195.0 64.0
72 11 94.0 194.0
87 93 167.0 57.0
14 76 188.0 82.0
70 10 57.0 120.0
33 48 136.0 69.0
54 22 70.0 56.0
26 54 191.0 91.0
43 36 187.0 138.0
59 23 91.0 82.0
36 42 121.0 58.0
18 63 60.0 61.0
91 48 49.0 117.0
73 8 163.0 185.0
34 84 143.0 33.0
88 90 183.0 134.0
51 28 197.0 123.0
29 52 192.0 88.0
44 69 103.0 113.0
46 34 71.0 116.0
3 75 111.0 120.0
60 20 23.0 26.0
37 44 182.0 166.0
25 53 25.0 166.0
44 36 91.0 23.0
58 70 94.0 83.0
67 13 1.0 198.0
95 43 38.0 72.0
82 23 176.0 149.0
38 44 54.0 199.0
4 76 181.0 37.0
76 3 104.0 6.0
50 32 42.0 196.0
56 24 103.0 136.0
65 31 158.0 104.0
73 50 156.0 196.0
58 25 123.0 132.0
69 49 118.0 177.0
75 7 75.0 99.0
22 72 117.0 179.0
29 93 180.0 159.0
3 79 43.0 35.0
56 21 191.0 153.0
2 79 91.0 147.0
42 41 130.0 166.0
24 51 114.0 48.0
55 24 184.0 141.0
55 23 43.0 101.0
52 24 111.0 23.0
1 98 99.0 106.0
25 49 120.0 42.0
36 46 18.0 164.0
24 71 86.0 148.0
61 7 89.0 153.0
60 23 51.0 73.0
27 85 168.0 95.0
89 49 152.0 31.0
34 49 134.0 4.0
94 37 16.0 7.0
8 95 112.0 34.0
75 6 32.0 199.0
4 93 129.0 121.0
75 9 166.0 132.0
50 36 164.0 134.0
85 90 83.0 68.0
53 30 157.0 169.0
76 55 11.0 173.0
55 26 153.0 123.0
22 68 127.0 185.0
74 10 25.0 56.0
19 62 180.0 191.0
64 97 122.0 96.0
87 59 2.0 157.0
3 81 60.0 159.0
7 69 107.0 71.0
35 68 90.0 60.0
17 65 48.0 17.0
64 18 163.0 25.0
20 63 39.0 95.0
71 10 39.0 114.0
68 47 146.0 193.0
9 70 6.0 7.0
43 92 138.0 113.0
20 64 151.0 28.0
56 25 33.0 151.0
33 47 95.0 148.0
66 48 189.0 86.0
51 30 144.0 180.0
33 50 174.0 43.0
85 25 173.0 132.0
53 21 162.0 111.0
96 35 148.0 113.0
47 36 18.0 181.0
5 76 184.0 65.0
25 57 112.0 173.0
44 40 128.0 9.0
1 80 110.0 102.0
76 7 86.0 83.0
55 57 59.0 48.0
91 84 129.0 7.0
56 26 169.0 99.0
39 41 147.0 105.0
78 5 19.0 12.0
18 58 15.0 147.0
15 69 127.0 126.0
43 50 173.0 165.0
26 50 195.0 32.0
52 30 57.0 76.0
72 49 107.0 178.0
63 25 7.0 7.0
56 70 2.0 178.0
21 63 65.0 18.0
57 26 21.0 144.0
94 66 166.0 194.0
23 61 3.0 113.0
44 39 56.0 12.0
67 66 9.0 163.0
24 60 93.0 168.0
51 33 85.0 95.0
70 15 8.0 102.0
66 14 171.0 29.0
37 47 183.0 89.0
19 94 174.0 138.0
22 57 166.0 182.0
88 34 119.0 127.0
49 42 113.0 164.0
52 43 122.0 151.0
82 1 191.0 82.0
83 1 160.0 162.0
55 25 43.0 143.0
37 45 54.0 169.0
54 32 77.0 20.0
34 48 20.0 149.0
76 9 139.0 86.0
75 12 3.0 13.0
14 71 94.0 194.0
72 34 152.0 54.0
66 42 20.0 147.0
70 90 168.0 74.0
73 13 171.0 46.0
67 19 91.0 144.0
96 2 186.0 183.0
98 46 13.0 141.0
38 45 60.0 108.0
84 74 58.0 164.0
79 5 96.0 30.0
29 56 54.0 17.0
40 43 49.0 178.0
56 27 70.0 92.0
22 62 27.0 8.0
76 10 20.0 40.0
82 64 183.0 33.0
73 12 79.0 193.0
77 5 144.0 128.0
54 28 136.0 199.0
93 16 170.0 137.0
53 88 107.0 192.0
11 69 129.0 86.0
79 4 91.0 102.0
14 73 194.0 26.0
78 9 97.0 73.0
81 1 29.0 42.0
40 52 58.0 165.0
65 53 173.0 180.0
44 42 190.0 32.0
90 30 132.0 72.0
22 64 127.0 175.0
79 45 49.0 121.0
5 81 74.0 147.0
88 38 151.0 103.0
54 34 152.0 161.0
43 39 8.0 125.0
77 71 97.0 199.0
16 70 23.0 29.0
36 48 10.0 151.0
75 10 37.0 59.0
53 56 24.0 111.0
32 55 129.0 127.0
19 65 110.0 33.0
82 5 1.0 118.0
58 27 94.0 50.0
75 11 137.0 70.0
13 71 100.0 99.0
4 70 121.0 89.0
65 23 169.0 97.0
30 68 152.0 50.0
88 70 199.0 62.0
42 43 14.0 152.0
56 30 191.0 60.0
40 47 176.0 80.0
48 39 5.0 28.0
72 10 112.0 78.0
15 58 187.0 81.0
70 74 119.0 139.0
42 58 162.0 70.0
66 79 89.0 128.0
30 55 165.0 80.0
4 18 79.0 141.0
88 23 136.0 84.0
82 6 107.0 48.0
87 2 192.0 46.0
1 85 134.0 63.0
22 66 130.0 48.0
53 33 87.0 20.0
59 55 141.0 4.0
74 12 106.0 20.0
48 54 56.0 42.0
23 64 59.0 115.0
26 60 91.0 3.0
67 17 142.0 177.0
81 66 110.0 72.0
41 46 24.0 197.0
48 92 158.0 166.0
67 10 68.0 17.0
19 69 165.0 124.0
61 50 179.0 25.0
88 1 2.0 70.0
45 40 48.0 144.0
5 80 131.0 158.0
79 7 6.0 156.0
29 39 110.0 117.0
66 18 7.0 178.0
17 68 48.0 125.0
29 51 149.0 27.0
48 24 178.0 152.0
76 11 74.0 26.0
77 24 31.0 6.0
52 36 57.0 37.0
69 18 0.0 167.0
48 67 186.0 160.0
25 92 46.0 34.0
64 19 69.0 195.0
9 73 65.0 47.0
36 63 117.0 139.0
78 10 111.0 148.0
63 56 199.0 168.0
67 57 85.0 0.0
34 51 82.0 23.0
55 33 136.0 128.0
95 57 38.0 5.0
50 37 123.0 103.0
63 24 98.0 41.0
40 46 55.0 9.0
20 65 172.0 55.0
58 30 100.0 9.0
26 59 68.0 182.0
36 51 15.0 156.0
98 92 114.0 53.0
93 5 53.0 38.0
14 74 147.0 151.0
2 86 100.0 154.0
81 8 61.0 24.0
77 13 39.0 113.0
39 42 10.0 59.0
49 38 49.0 25.0
35 53 151.0 116.0
8 82 194.0 5.0
50 39 109.0 93.0
7 91 168.0 9.0
81 7 130.0 29.0
73 77 187.0 121.0
67 23 52.0 197.0
43 79 133.0 54.0
61 26 97.0 37.0
81 77 165.0 92.0
19 66 76.0 74.0
52 34 147.0 44.0
29 79 144.0 29.0
54 71 110.0 83.0
37 43 40.0 115.0
76 15 14.0 173.0
61 25 167.0 111.0
71 19 107.0 132.0
17 73 30.0 183.0
26 79 168.0 129.0
56 44 174.0 112.0
85 3 0.0 36.0
68 21 36.0 40.0
87 4 11.0 2.0
82 91 133.0 130.0
49 39 114.0 192.0
30 59 119.0 145.0
16 71 160.0 39.0
86 80 198.0 134.0
36 49 79.0 198.0
21 69 194.0 68.0
36 53 85.0 158.0
62 26 158.0 18.0
64 26 132.0 72.0
51 39 44.0 3.0
8 80 29.0 4.0
31 59 197.0 27.0
46 44 86.0 77.0
96 60 125.0 81.0
47 45 104.0 11.0
20 70 38.0 62.0
82 97 81.0 122.0
63 84 100.0 125.0
47 43 67.0 129.0
58 32 184.0 65.0
67 46 6.0 70.0
61 29 158.0 131.0
85 7 78.0 62.0
14 75 116.0 68.0
29 91 19.0 197.0
22 67 190.0 119.0
62 28 176.0 57.0
78 86 145.0 160.0
67 24 111.0 151.0
16 73 132.0 22.0
82 9 101.0 10.0
77 15 76.0 169.0
60 30 43.0 95.0
66 20 198.0 185.0
86 4 74.0 174.0
38 33 189.0 19.0
30 62 155.0 53.0
83 95 183.0 39.0
50 40 24.0 37.0
59 32 159.0 52.0
10 80 119.0 154.0
62 34 79.0 118.0
56 33 154.0 153.0
8 72 152.0 144.0
90 78 54.0 59.0
34 57 135.0 189.0
5 86 133.0 112.0
64 27 110.0 92.0
25 66 177.0 30.0
86 19 71.0 57.0
25 71 27.0 25.0
39 52 183.0 131.0
17 75 46.0 189.0
87 72 141.0 134.0
90 21 142.0 27.0
83 5 26.0 53.0
58 67 7.0 4.0
85 35 79.0 30.0
35 56 111.0 59.0
19 70 104.0 46.0
4 99 174.0 150.0
69 25 124.0 115.0
43 99 197.0 67.0
6 85 84.0 23.0
75 18 42.0 43.0
87 5 168.0 73.0
86 94 163.0 31.0
47 65 160.0 19.0
62 70 32.0 134.0
18 73 193.0 157.0
18 52 110.0 142.0
89 3 107.0 146.0
80 70 137.0 149.0
58 75 97.0 57.0
68 24 38.0 13.0
14 78 31.0 150.0
8 97 65.0 64.0
18 72 133.0 10.0
76 57 149.0 195.0
92 1 166.0 56.0
48 65 98.0 56.0
71 20 94.0 196.0
65 85 168.0 84.0
21 79 4.0 151.0
76 82 60.0 21.0
21 71 41.0 145.0
34 58 156.0 142.0
68 50 165.0 123.0
72 14 191.0 64.0
83 10 46.0 85.0
46 74 22.0 166.0
63 30 179.0 26.0
48 43 178.0 39.0
86 82 117.0 171.0
19 73 160.0 26.0
92 2 20.0 125.0
89 5 76.0 163.0
67 20 30.0 75.0
77 50 79.0 53.0
12 77 149.0 58.0
20 72 13.0 79.0
5 85 111.0 131.0
8 83 181.0 71.0
80 95 42.0 153.0
89 2 147.0 70.0
9 87 87.0 178.0
79 9 2.0 118.0
12 80 45.0 151.0
55 35 10.0 59.0
79 68 101.0 73.0
20 74 13.0 82.0
71 23 87.0 7.0
62 38 20.0 186.0
21 62 114.0 59.0
41 50 162.0 116.0
2 90 130.0 159.0
63 28 187.0 92.0
63 26 67.0 89.0
74 16 107.0 80.0
94 76 14.0 146.0
13 84 92.0 34.0
84 81 197.0 158.0
88 2 127.0 111.0
83 11 1.0 57.0
85 8 57.0 188.0
31 51 130.0 77.0
24 69 64.0 190.0
77 17 114.0 78.0
82 11 175.0 158.0
98 78 133.0 172.0
85 59 93.0 60.0
26 58 2.0 94.0
98 18 192.0 60.0
64 28 169.0 122.0
4 88 195.0 185.0
50 96 78.0 109.0
16 80 191.0 53.0
76 19 30.0 124.0
52 65 22.0 123.0
79 47 130.0 24.0
64 31 19.0 122.0
51 40 124.0 140.0
83 12 166.0 119.0
54 77 173.0 197.0
31 61 136.0 116.0
71 18 96.0 118.0
51 44 87.0 118.0
44 49 69.0 18.0
81 35 9.0 41.0
22 69 151.0 133.0
23 70 152.0 69.0
61 28 186.0 125.0
70 24 153.0 74.0
15 79 115.0 49.0
34 60 3.0 3.0
24 61 146.0 72.0
74 18 3.0 155.0
87 6 58.0 106.0
32 62 30.0 10.0
56 38 167.0 16.0
28 67 68.0 72.0
80 54 123.0 183.0
79 33 56.0 126.0
89 4 25.0 155.0
27 67 63.0 180.0
48 45 100.0 121.0
94 1 111.0 130.0
42 52 52.0 30.0
15 78 176.0 120.0
95 56 169.0 99.0
88 49 106.0 26.0
65 42 145.0 83.0
17 71 50.0 9.0
39 97 170.0 102.0
13 80 185.0 34.0
20 84 121.0 189.0
57 36 47.0 97.0
51 45 64.0 16.0
53 40 8.0 122.0
25 70 75.0 153.0
41 69 129.0 77.0
65 80 11.0 100.0
32 60 97.0 148.0
88 5 173.0 18.0
41 54 21.0 20.0
19 75 48.0 38.0
36 56 111.0 56.0
55 62 194.0 138.0
51 41 169.0 124.0
99 37 112.0 132.0
72 25 164.0 161.0
45 50 121.0 138.0
59 68 169.0 142.0
22 70 179.0 169.0
15 75 163.0 42.0
59 36 110.0 157.0
44 54 47.0 31.0
88 95 119.0 159.0
26 70 13.0 36.0
69 83 5.0 134.0
39 54 32.0 126.0
16 68 102.0 163.0
46 47 106.0 17.0
34 61 84.0 169.0
18 78 17.0 131.0
52 93 159.0 89.0
29 66 169.0 172.0
81 4 183.0 126.0
53 41 96.0 167.0
58 36 171.0 150.0
65 30 72.0 77.0
46 99 101.0 157.0
65 32 163.0 71.0
89 7 47.0 74.0
9 85 88.0 168.0
58 29 192.0 23.0
51 82 197.0 40.0
91 43 57.0 168.0
80 18 51.0 81.0
32 66 195.0 104.0
16 79 10.0 110.0
29 67 76.0 10.0
20 76 41.0 164.0
41 55 123.0 186.0
40 54 52.0 73.0
39 56 126.0 61.0
37 58 140.0 129.0
41 52 12.0 87.0
84 11 153.0 175.0
54 42 71.0 29.0
14 80 92.0 112.0
37 46 17.0 16.0
14 94 46.0 21.0
74 15 26.0 172.0
55 83 63.0 166.0
54 37 1.0 28.0
40 58 90.0 106.0
78 20 7.0 113.0
50 3 120.0 100.0
72 24 105.0 137.0
48 83 143.0 151.0
86 47 123.0 121.0
83 14 170.0 139.0
64 33 0.0 123.0
79 44 62.0 43.0
56 40 0.0 21.0
22 75 163.0 120.0
99 91 98.0 20.0
74 87 113.0 194.0
8 87 130.0 188.0
57 41 0.0 100.0
65 70 168.0 152.0
20 73 171.0 182.0
87 89 38.0 123.0
45 52 67.0 153.0
6 90 172.0 117.0
13 93 50.0 37.0
23 81 134.0 132.0
7 84 103.0 86.0
90 61 13.0 72.0
90 91 138.0 136.0
78 70 40.0 176.0
21 75 60.0 59.0
49 48 58.0 184.0
70 28 67.0 60.0
84 14 55.0 153.0
42 57 135.0 159.0
57 73 15.0 148.0
78 21 104.0 153.0
14 82 104.0 144.0
66 34 124.0 164.0
53 43 171.0 182.0
48 51 24.0 38.0
71 29 162.0 79.0
86 56 164.0 97.0
83 16 115.0 179.0
38 58 132.0 171.0
46 81 83.0 36.0
76 21 153.0 7.0
57 98 127.0 125.0
61 37 169.0 103.0
66 30 193.0 83.0
23 74 50.0 157.0
73 27 13.0 117.0
1 96 93.0 97.0
39 11 177.0 128.0
95 4 92.0 131.0
78 22 115.0 171.0
98 84 182.0 84.0
10 77 86.0 176.0
10 84 30.0 136.0
82 78 100.0 43.0
48 40 2.0 145.0
26 72 66.0 179.0
33 65 44.0 110.0
49 50 42.0 159.0
90 9 117.0 24.0
43 57 14.0 3.0
90 96 164.0 44.0
72 71 144.0 17.0
31 69 159.0 146.0
18 79 156.0 177.0
81 16 11.0 1.0
15 84 78.0 53.0
52 48 22.0 196.0
53 98 20.0 188.0
34 65 189.0 136.0
10 89 156.0 134.0
13 85 160.0 68.0
19 81 3.0 116.0
3 97 7.0 166.0
44 53 90.0 86.0
88 11 182.0 112.0
29 70 125.0 154.0
53 42 61.0 66.0
92 8 64.0 170.0
65 57 199.0 24.0
89 11 73.0 154.0
11 85 144.0 80.0
95 5 44.0 34.0
43 84 186.0 178.0
13 86 37.0 63.0
64 25 172.0 99.0
23 77 171.0 37.0
87 91 198.0 170.0
24 75 21.0 71.0
84 16 41.0 165.0
93 2 175.0 37.0
59 38 99.0 161.0
90 10 28.0 88.0
30 71 139.0 1.0
28 68 171.0 110.0
27 70 62.0 170.0
61 39 59.0 83.0
32 69 120.0 52.0
1 91 99.0 95.0
31 70 109.0 198.0
85 16 89.0 138.0
71 87 139.0 29.0
34 64 84.0 62.0
10 91 34.0 98.0
60 40 75.0 94.0
86 14 134.0 195.0
45 54 197.0 34.0
15 85 34.0 106.0
88 13 2.0 124.0
69 63 168.0 93.0
17 99 121.0 5.0
58 80 166.0 107.0
51 50 171.0 41.0
42 55 40.0 105.0
82 20 34.0 37.0
45 49 99.0 68.0
78 25 179.0 101.0
26 74 198.0 148.0
38 61 90.0 71.0
75 25 45.0 8.0
32 42 184.0 168.0
75 23 22.0 176.0
25 74 89.0 56.0
51 59 104.0 141.0
33 67 174.0 36.0
66 35 91.0 172.0
63 37 49.0 133.0
6 95 58.0 95.0
89 14 133.0 194.0
21 81 55.0 155.0
47 51 51.0 96.0
92 3 12.0 108.0
52 79 21.0 187.0
42 47 169.0 112.0
51 70 81.0 170.0
47 54 80.0 91.0
12 88 122.0 13.0
58 52 198.0 177.0
78 23 123.0 1.0
88 93 143.0 135.0
89 13 133.0 164.0
42 59 93.0 54.0
76 26 115.0 126.0
39 65 75.0 148.0
37 65 165.0 198.0
5 96 117.0 115.0
93 17 65.0 192.0
38 60 31.0 8.0
73 30 188.0 117.0
46 56 83.0 81.0
93 9 191.0 198.0
81 14 182.0 66.0
82 18 46.0 99.0
70 33 97.0 115.0
78 24 61.0 162.0
96 7 142.0 44.0
65 28 105.0 83.0
25 77 33.0 188.0
15 87 52.0 24.0
45 58 97.0 187.0
94 7 155.0 95.0
6 1 88.0 53.0
16 82 11.0 101.0
94 9 90.0 105.0
76 25 192.0 196.0
16 88 181.0 177.0
38 64 113.0 185.0
91 56 160.0 162.0
98 10 16.0 68.0
20 81 44.0 104.0
78 47 83.0 55.0
29 73 161.0 173.0
46 55 6.0 153.0
25 73 85.0 139.0
39 62 186.0 150.0
86 55 12.0 146.0
62 68 96.0 28.0
55 48 80.0 140.0
98 6 143.0 163.0
33 62 160.0 105.0
81 24 172.0 118.0
96 67 130.0 57.0
97 80 135.0 68.0
74 29 148.0 99.0
18 83 69.0 44.0
95 7 156.0 149.0
43 61 94.0 99.0
11 94 162.0 55.0
60 55 164.0 134.0
84 19 69.0 47.0
46 51 81.0 156.0
48 57 112.0 29.0
98 14 97.0 181.0
10 93 196.0 5.0
77 29 146.0 90.0
83 15 84.0 109.0
74 30 110.0 48.0
77 67 147.0 179.0
9 96 93.0 28.0
53 50 28.0 5.0
69 35 147.0 77.0
38 67 14.0 143.0
93 12 103.0 161.0
89 16 10.0 187.0
71 73 61.0 120.0
57 46 46.0 160.0
71 31 32.0 140.0
37 98 185.0 60.0
64 91 56.0 132.0
50 66 110.0 23.0
22 79 49.0 13.0
79 25 79.0 12.0
94 83 72.0 140.0
18 31 74.0 71.0
99 6 144.0 59.0
37 68 96.0 129.0
26 77 180.0 105.0
58 46 56.0 42.0
22 82 174.0 57.0
89 59 150.0 53.0
40 61 90.0 22.0
63 41 193.0 116.0
87 16 117.0 89.0
17 80 8.0 13.0
57 47 75.0 140.0
65 40 62.0 83.0
92 94 152.0 188.0
55 49 68.0 102.0
71 34 139.0 110.0
76 28 178.0 132.0
69 36 153.0 95.0
78 27 177.0 113.0
51 52 82.0 52.0
33 90 131.0 144.0
80 26 94.0 83.0
71 61 115.0 114.0
47 58 184.0 54.0
52 46 108.0 114.0
53 51 56.0 61.0
21 84 106.0 33.0
18 86 120.0 188.0
31 74 57.0 52.0
60 41 97.0 151.0
58 48 87.0 164.0
55 50 196.0 23.0
87 18 171.0 56.0
70 36 122.0 27.0
67 84 176.0 29.0
35 59 176.0 49.0
81 25 176.0 34.0
50 54 13.0 73.0
31 68 100.0 100.0
64 42 171.0 48.0
43 63 112.0 143.0
73 34 19.0 35.0
44 67 138.0 148.0
79 78 192.0 67.0
21 86 190.0 168.0
34 70 49.0 4.0
46 70 47.0 150.0
97 79 97.0 18.0
49 57 78.0 9.0
51 55 123.0 50.0
24 82 150.0 14.0
44 93 101.0 94.0
41 64 76.0 91.0
3 99 96.0 126.0
58 49 140.0 143.0
75 31 82.0 37.0
53 49 63.0 112.0
95 17 55.0 138.0
97 10 115.0 157.0
32 71 119.0 16.0
20 87 26.0 148.0
62 29 115.0 122.0
67 61 80.0 55.0
93 14 102.0 114.0
38 55 134.0 165.0
41 62 62.0 189.0
30 75 41.0 177.0
83 85 16.0 113.0
16 90 65.0 43.0
80 25 141.0 181.0
12 94 10.0 21.0
63 33 172.0 112.0
98 7 112.0 106.0
37 70 140.0 174.0
77 31 97.0 134.0
56 49 8.0 65.0
84 23 195.0 25.0
76 49 9.0 136.0
67 39 76.0 19.0
88 19 168.0 0.0
87 19 196.0 81.0
82 27 52.0 89.0
21 85 65.0 101.0
46 59 82.0 25.0
83 25 53.0 29.0
81 36 4.0 14.0
46 61 128.0 32.0
26 81 132.0 96.0
9 97 196.0 128.0
30 77 104.0 0.0
29 78 166.0 170.0
28 66 198.0 0.0
88 20 160.0 3.0
59 48 77.0 116.0
23 83 70.0 5.0
75 33 24.0 2.0
92 14 176.0 20.0
36 79 197.0 80.0
47 59 44.0 115.0
24 84 100.0 43.0
77 28 196.0 60.0
14 87 18.0 25.0
36 72 11.0 41.0
17 78 122.0 35.0
41 67 83.0 98.0
75 84 52.0 32.0
70 38 83.0 97.0
17 87 17.0 184.0
95 13 154.0 165.0
79 96 3.0 125.0
26 83 159.0 167.0
96 84 192.0 34.0
81 29 37.0 27.0
11 99 149.0 90.0
64 43 78.0 32.0
54 55 121.0 95.0
88 21 42.0 28.0
61 47 174.0 198.0
24 83 184.0 85.0
85 23 177.0 176.0
39 68 171.0 167.0
88 18 77.0 120.0
45 63 131.0 155.0
91 28 38.0 4.0
94 13 16.0 33.0
61 32 8.0 142.0
78 30 115.0 193.0
35 75 7.0 45.0
94 21 43.0 178.0
73 79 73.0 120.0
98 11 125.0 4.0
85 24 195.0 116.0
11 97 130.0 163.0
84 26 32.0 91.0
78 28 88.0 99.0
46 29 34.0 95.0
23 99 81.0 78.0
30 79 128.0 154.0
98 13 63.0 6.0
25 82 16.0 11.0
81 28 59.0 146.0
62 45 69.0 91.0
87 21 31.0 157.0
53 52 147.0 65.0
33 74 154.0 29.0
83 29 128.0 34.0
63 48 69.0 191.0
80 28 41.0 37.0
42 71 161.0 52.0
61 48 46.0 182.0
35 76 77.0 29.0
53 46 76.0 24.0
78 32 188.0 182.0
65 90 91.0 116.0
73 87 76.0 112.0
32 75 191.0 69.0
70 41 57.0 104.0
93 15 7.0 56.0
44 64 24.0 84.0
56 54 123.0 101.0
86 24 159.0 111.0
83 28 62.0 50.0
43 77 54.0 90.0
15 92 148.0 198.0
15 96 51.0 157.0
20 86 70.0 10.0
73 66 135.0 47.0
35 71 174.0 58.0
14 96 140.0 134.0
94 17 94.0 2.0
77 34 114.0 148.0
78 31 85.0 14.0
72 37 94.0 88.0
20 90 92.0 116.0
57 31 53.0 28.0
67 40 103.0 28.0
76 27 14.0 43.0
53 59 101.0 108.0
27 83 92.0 168.0
99 14 156.0 129.0
25 84 148.0 50.0
89 96 165.0 192.0
38 73 98.0 19.0
88 24 171.0 1.0
90 24 115.0 186.0
22 88 82.0 169.0
40 66 107.0 126.0
57 45 82.0 15.0
61 84 45.0 182.0
78 91 67.0 11.0
63 46 158.0 165.0
68 44 46.0 129.0
89 17 107.0 113.0
80 30 65.0 141.0
75 36 195.0 124.0
43 78 5.0 77.0
60 52 143.0 51.0
41 95 132.0 10.0
76 33 81.0 90.0
97 15 113.0 79.0
94 15 105.0 172.0
66 72 46.0 171.0
16 95 162.0 193.0
82 32 49.0 167.0
49 96 19.0 192.0
91 23 84.0 151.0
81 32 33.0 117.0
64 48 109.0 98.0
86 28 16.0 15.0
76 34 23.0 14.0
31 79 77.0 185.0
74 38 64.0 126.0
96 12 163.0 83.0
91 33 13.0 0.0
87 24 50.0 198.0
59 54 7.0 160.0
83 31 9.0 175.0
86 23 2.0 32.0
76 36 132.0 31.0
31 80 52.0 148.0
50 63 111.0 168.0
17 92 150.0 124.0
84 28 103.0 0.0
35 77 91.0 62.0
64 47 56.0 100.0
49 60 80.0 59.0
53 60 79.0 164.0
45 67 85.0 131.0
71 40 113.0 148.0
90 23 57.0 63.0
34 67 118.0 112.0
29 84 119.0 10.0
21 89 95.0 176.0
42 70 152.0 128.0
70 45 134.0 31.0
74 35 100.0 171.0
70 77 186.0 13.0
97 14 139.0 195.0
61 51 124.0 58.0
34 78 103.0 195.0
69 39 133.0 150.0
50 78 140.0 86.0
48 78 128.0 74.0
32 64 151.0 180.0
80 36 14.0 137.0
74 34 122.0 105.0
88 86 178.0 198.0
71 43 122.0 33.0
48 85 76.0 55.0
50 65 137.0 16.0
34 79 99.0 17.0
32 77 61.0 50.0
51 60 22.0 75.0
76 37 15.0 144.0
59 56 183.0 145.0
52 59 158.0 105.0
78 36 175.0 34.0
63 98 121.0 112.0
54 60 188.0 173.0
43 70 174.0 1.0
43 69 138.0 196.0
35 78 104.0 153.0
15 89 29.0 40.0
78 46 142.0 187.0
96 10 169.0 69.0
64 40 125.0 42.0
31 73 94.0 65.0
91 34 10.0 21.0
83 32 102.0 148.0
60 57 2.0 159.0
58 51 85.0 183.0
31 84 59.0 179.0
99 16 25.0 180.0
77 37 150.0 102.0
87 27 37.0 196.0
93 22 79.0 199.0
67 47 49.0 182.0
53 61 10.0 4.0
93 21 140.0 95.0
22 95 7.0 151.0
13 96 161.0 33.0
80 29 104.0 111.0
36 77 40.0 93.0
43 73 64.0 120.0
40 73 97.0 65.0
39 75 39.0 107.0
43 72 119.0 131.0
57 56 6.0 127.0
95 20 80.0 167.0
93 23 54.0 136.0
49 59 15.0 47.0
90 84 169.0 31.0
56 58 120.0 66.0
87 29 127.0 111.0
30 87 59.0 46.0
72 39 100.0 17.0
28 87 189.0 132.0
90 27 57.0 195.0
44 71 132.0 24.0
77 38 134.0 101.0
41 71 174.0 54.0
80 34 123.0 101.0
42 81 189.0 134.0
87 26 166.0 41.0
49 67 8.0 107.0
30 88 53.0 17.0
46 69 59.0 185.0
89 27 57.0 193.0
71 46 49.0 31.0
82 37 125.0 172.0
96 21 161.0 67.0
74 42 98.0 79.0
33 82 133.0 58.0
37 87 91.0 187.0
60 56 175.0 102.0
73 42 16.0 33.0
62 50 61.0 66.0
31 82 85.0 139.0
95 23 107.0 198.0
54 63 101.0 157.0
83 35 10.0 34.0
80 37 170.0 54.0
18 99 109.0 97.0
88 17 52.0 77.0
94 23 48.0 114.0
87 61 135.0 133.0
49 70 77.0 42.0
45 71 177.0 178.0
28 85 67.0 139.0
59 57 188.0 189.0
43 75 58.0 49.0
63 40 116.0 111.0
74 45 60.0 116.0
35 82 145.0 147.0
19 99 93.0 22.0
35 70 164.0 22.0
41 77 8.0 32.0
72 45 113.0 197.0
49 68 30.0 123.0
66 49 100.0 98.0
21 95 97.0 112.0
80 35 101.0 42.0
58 57 46.0 146.0
79 38 136.0 11.0
55 64 92.0 96.0
69 51 29.0 5.0
60 58 17.0 11.0
82 34 183.0 69.0
65 96 197.0 80.0
79 39 147.0 50.0
36 84 62.0 194.0
38 76 197.0 150.0
32 84 120.0 42.0
37 71 184.0 149.0
67 52 148.0 153.0
79 40 154.0 131.0
94 25 151.0 151.0
92 22 34.0 50.0
38 81 65.0 48.0
97 17 153.0 15.0
16 69 41.0 26.0
40 76 89.0 25.0
92 53 14.0 189.0
57 62 110.0 168.0
64 83 130.0 13.0
48 70 175.0 164.0
18 96 62.0 192.0
81 39 64.0 167.0
44 77 177.0 105.0
25 93 161.0 18.0
40 77 118.0 127.0
67 53 170.0 29.0
61 56 145.0 100.0
87 36 119.0 72.0
50 69 49.0 133.0
79 41 144.0 114.0
42 72 119.0 121.0
75 48 67.0 32.0
96 24 81.0 185.0
83 37 126.0 4.0
48 71 171.0 23.0
64 58 7.0 90.0
96 16 39.0 57.0
26 85 26.0 184.0
36 85 148.0 145.0
89 44 199.0 15.0
39 80 46.0 81.0
51 56 32.0 172.0
56 64 167.0 4.0
88 32 106.0 174.0
83 39 50.0 97.0
45 75 49.0 76.0
40 68 40.0 197.0
93 28 94.0 39.0
45 73 189.0 140.0
23 97 3.0 174.0
28 88 7.0 170.0
90 31 198.0 65.0
45 78 34.0 48.0
89 30 135.0 35.0
76 44 55.0 127.0
87 35 68.0 101.0
76 56 100.0 9.0
28 94 71.0 103.0
47 72 138.0 78.0
25 95 50.0 136.0
54 66 54.0 84.0
42 83 119.0 141.0
54 68 55.0 126.0
68 53 25.0 75.0
66 53 81.0 78.0
24 89 181.0 152.0
51 71 129.0 71.0
68 84 136.0 179.0
24 99 166.0 142.0
71 82 192.0 85.0
26 93 138.0 47.0
25 96 14.0 115.0
99 22 27.0 95.0
82 38 86.0 160.0
74 49 13.0 167.0
92 21 193.0 101.0
96 75 1.0 159.0
49 75 183.0 193.0
34 86 153.0 73.0
29 92 122.0 119.0
46 73 165.0 101.0
65 58 100.0 3.0
33 83 142.0 113.0
96 27 133.0 135.0
31 92 90.0 134.0
46 77 4.0 73.0
57 61 36.0 109.0
55 68 124.0 159.0
56 69 112.0 89.0
47 87 24.0 164.0
30 92 34.0 166.0
45 61 158.0 120.0
95 99 95.0 48.0
63 60 55.0 100.0
77 49 161.0 92.0
88 36 136.0 86.0
65 51 194.0 48.0
28 97 138.0 18.0
86 35 37.0 125.0
70 53 138.0 147.0
32 91 186.0 34.0
40 78 143.0 41.0
13 90 37.0 104.0
92 32 56.0 174.0
75 47 42.0 50.0
69 45 180.0 132.0
53 96 92.0 169.0
23 98 154.0 182.0
20 99 35.0 140.0
74 50 150.0 130.0
50 75 107.0 139.0
14 90 151.0 163.0
57 64 131.0 145.0
41 84 87.0 63.0
92 36 190.0 179.0
69 53 117.0 96.0
67 73 185.0 104.0
83 40 140.0 87.0
85 40 55.0 48.0
57 68 36.0 7.0
85 33 11.0 167.0
79 46 70.0 50.0
65 63 21.0 60.0
55 98 26.0 138.0
34 90 65.0 11.0
68 89 155.0 158.0
35 91 73.0 11.0
44 82 50.0 109.0
54 70 105.0 13.0
61 62 130.0 175.0
56 96 142.0 151.0
43 82 39.0 120.0
59 65 65.0 56.0
84 37 11.0 20.0
33 94 94.0 36.0
27 99 76.0 96.0
48 73 88.0 181.0
27 95 172.0 18.0
76 51 190.0 66.0
62 63 45.0 29.0
27 98 5.0 62.0
88 40 24.0 16.0
96 32 172.0 70.0
89 39 28.0 48.0
64 62 155.0 68.0
74 51 136.0 79.0
30 97 121.0 126.0
67 62 154.0 118.0
37 86 196.0 159.0
91 30 90.0 21.0
33 95 35.0 62.0
54 72 39.0 15.0
65 62 84.0 194.0
67 51 184.0 172.0
57 69 54.0 57.0
74 54 150.0 160.0
54 73 180.0 98.0
93 36 83.0 71.0
48 79 125.0 118.0
30 85 95.0 117.0
91 36 193.0 132.0
66 57 11.0 129.0
79 49 160.0 17.0
95 31 78.0 62.0
53 63 199.0 58.0
52 75 99.0 82.0
86 43 19.0 177.0
40 89 157.0 114.0
88 41 150.0 102.0
97 32 58.0 162.0
43 83 186.0 18.0
93 37 109.0 64.0
70 57 178.0 60.0
61 69 27.0 30.0
28 99 35.0 198.0
45 85 162.0 192.0
92 37 166.0 113.0
72 51 198.0 176.0
90 38 67.0 185.0
42 85 126.0 129.0
91 20 33.0 56.0
17 85 186.0 12.0
98 99 146.0 22.0
58 73 91.0 109.0
47 81 42.0 10.0
59 71 7.0 41.0
52 73 113.0 27.0
68 61 104.0 191.0
65 66 85.0 89.0
71 58 180.0 72.0
84 44 92.0 78.0
48 72 129.0 136.0
56 66 162.0 172.0
87 40 66.0 122.0
76 54 74.0 131.0
93 42 154.0 130.0
73 56 57.0 192.0
90 35 41.0 189.0
43 87 178.0 134.0
95 35 121.0 108.0
82 48 100.0 83.0
51 78 196.0 118.0
83 58 11.0 70.0
64 67 96.0 118.0
66 63 149.0 153.0
87 33 140.0 191.0
95 38 122.0 70.0
28 96 19.0 43.0
49 82 63.0 119.0
69 59 191.0 11.0
97 53 165.0 154.0
38 92 111.0 61.0
86 45 60.0 61.0
61 42 24.0 152.0
39 95 132.0 147.0
65 60 20.0 151.0
33 88 106.0 35.0
37 90 4.0 49.0
87 46 68.0 169.0
95 37 114.0 179.0
29 97 58.0 127.0
88 43 29.0 35.0
45 88 112.0 113.0
52 72 146.0 132.0
71 47 155.0 4.0
39 86 151.0 160.0
94 38 140.0 19.0
39 93 13.0 55.0
95 26 92.0 23.0
85 47 20.0 73.0
97 27 69.0 132.0
36 97 146.0 167.0
96 44 158.0 102.0
44 90 40.0 109.0
98 79 111.0 133.0
31 97 175.0 76.0
86 44 39.0 67.0
64 68 103.0 59.0
90 47 35.0 172.0
92 42 151.0 134.0
94 40 94.0 109.0
77 58 1.0 134.0
98 36 179.0 65.0
42 90 33.0 155.0
81 52 0.0 73.0
52 80 195.0 103.0
93 38 43.0 183.0
31 94 84.0 194.0
84 51 59.0 178.0
54 69 173.0 60.0
89 45 43.0 105.0
53 81 60.0 29.0
49 83 102.0 12.0
82 55 70.0 97.0
70 55 116.0 114.0
35 99 6.0 0.0
86 40 190.0 17.0
61 73 79.0 115.0
46 84 126.0 122.0
77 93 19.0 139.0
91 74 96.0 121.0
81 54 169.0 118.0
50 83 104.0 86.0
84 48 161.0 111.0
65 84 164.0 103.0
91 45 18.0 43.0
81 94 23.0 96.0
54 82 178.0 42.0
94 42 166.0 26.0
79 57 89.0 135.0
91 44 174.0 193.0
78 57 181.0 135.0
35 98 199.0 145.0
71 63 0.0 169.0
67 68 30.0 23.0
93 41 48.0 161.0
75 63 19.0 14.0
59 73 166.0 108.0
64 71 87.0 140.0
81 50 199.0 20.0
72 59 75.0 151.0
46 88 67.0 75.0
85 29 96.0 49.0
45 93 154.0 144.0
79 53 138.0 174.0
62 71 40.0 56.0
91 39 199.0 80.0
70 66 195.0 150.0
96 38 75.0 71.0
74 61 112.0 142.0
58 78 122.0 8.0
80 55 8.0 77.0
42 88 181.0 99.0
38 97 174.0 21.0
90 50 185.0 173.0
70 67 172.0 181.0
53 73 199.0 199.0
63 73 156.0 111.0
74 62 144.0 30.0
84 53 145.0 153.0
51 85 148.0 126.0
46 91 120.0 74.0
56 74 107.0 57.0
54 85 99.0 31.0
90 45 1.0 50.0
48 87 162.0 157.0
86 51 163.0 107.0
56 82 61.0 108.0
68 71 127.0 161.0
41 94 142.0 199.0
67 82 109.0 1.0
70 68 194.0 160.0
87 51 187.0 147.0
43 90 111.0 102.0
99 39 194.0 26.0
77 61 189.0 56.0
91 42 61.0 68.0
71 67 39.0 4.0
21 98 76.0 148.0
85 49 53.0 22.0
58 79 197.0 192.0
63 68 21.0 60.0
53 75 28.0 167.0
79 59 196.0 17.0
92 47 198.0 57.0
97 41 183.0 37.0
48 89 161.0 59.0
57 81 71.0 166.0
56 81 29.0 20.0
45 94 164.0 2.0
78 63 90.0 145.0
54 86 138.0 86.0
77 63 106.0 88.0
51 88 32.0 41.0
97 34 166.0 193.0
45 92 138.0 37.0
77 60 130.0 119.0
92 39 7.0 95.0
75 65 36.0 97.0
59 76 107.0 126.0
86 53 92.0 165.0
40 98 11.0 124.0
85 56 195.0 177.0
66 62 153.0 85.0
63 76 66.0 36.0
66 74 121.0 25.0
40 99 181.0 109.0
70 69 89.0 88.0
96 46 197.0 133.0
75 64 121.0 160.0
44 97 10.0 68.0
96 40 185.0 116.0
88 52 93.0 3.0
49 92 62.0 14.0
91 88 162.0 43.0
46 93 65.0 3.0
65 72 151.0 62.0
61 79 25.0 24.0
74 63 120.0 35.0
78 62 164.0 105.0
94 44 42.0 57.0
43 85 40.0 104.0
59 82 59.0 2.0
92 50 122.0 124.0
61 80 193.0 73.0
69 33 175.0 18.0
96 45 42.0 47.0
70 89 116.0 158.0
93 43 149.0 159.0
50 80 138.0 141.0
77 66 51.0 149.0
9 98 99.0 173.0
83 62 27.0 92.0
80 66 188.0 155.0
45 97 128.0 183.0
81 61 119.0 45.0
80 64 100.0 20.0
78 67 191.0 38.0
42 96 13.0 42.0
81 58 129.0 64.0
35 93 14.0 108.0
96 43 189.0 154.0
90 56 77.0 70.0
91 52 140.0 196.0
98 43 98.0 40.0
82 53 43.0 41.0
94 46 184.0 8.0
54 89 122.0 65.0
56 87 102.0 136.0
51 95 159.0 43.0
72 56 11.0 36.0
75 88 107.0 151.0
83 57 188.0 158.0
70 73 144.0 31.0
91 55 191.0 128.0
86 17 195.0 114.0
99 42 60.0 49.0
64 77 26.0 19.0
72 64 42.0 37.0
72 69 193.0 150.0
79 70 58.0 133.0
64 79 199.0 3.0
99 68 170.0 142.0
80 62 100.0 117.0
81 48 56.0 160.0
76 47 168.0 34.0
62 79 73.0 11.0
63 82 49.0 18.0
78 44 88.0 108.0
82 60 174.0 87.0
99 51 127.0 144.0
78 66 153.0 27.0
97 46 190.0 162.0
71 76 152.0 158.0
58 93 185.0 26.0
60 78 111.0 35.0
57 88 15.0 0.0
85 91 104.0 190.0
85 63 116.0 184.0
70 76 79.0 21.0
94 53 69.0 69.0
57 89 152.0 22.0
82 62 40.0 138.0
80 56 96.0 151.0
73 76 26.0 112.0
51 94 116.0 82.0
69 78 192.0 184.0
60 85 181.0 72.0
53 89 73.0 2.0
85 64 127.0 178.0
67 80 77.0 167.0
57 85 109.0 173.0
39 74 117.0 135.0
47 97 184.0 185.0
95 53 66.0 176.0
72 74 69.0 199.0
88 59 167.0 143.0
79 67 58.0 94.0
98 50 30.0 135.0
84 66 58.0 91.0
73 74 142.0 127.0
56 97 31.0 78.0
91 61 114.0 49.0
47 99 53.0 136.0
80 68 132.0 20.0
78 74 93.0 190.0
93 57 116.0 75.0
87 63 189.0 126.0
52 95 91.0 83.0
89 52 56.0 75.0
52 98 79.0 123.0
56 92 175.0 132.0
91 51 194.0 107.0
62 86 156.0 87.0
78 75 66.0 72.0
63 90 176.0 56.0
44 99 26.0 67.0
64 90 173.0 83.0
64 84 192.0 4.0
73 75 107.0 119.0
64 87 164.0 101.0
86 65 3.0 120.0
92 63 86.0 21.0
64 88 52.0 62.0
90 54 22.0 30.0
66 86 195.0 147.0
81 69 88.0 139.0
65 67 79.0 195.0
98 59 63.0 195.0
75 72 42.0 18.0
62 89 59.0 128.0
75 67 38.0 63.0
88 67 0.0 12.0
69 73 183.0 195.0
84 56 101.0 71.0
92 52 132.0 181.0
49 80 104.0 147.0
93 62 160.0 98.0
74 77 179.0 171.0
94 63 193.0 18.0
54 97 192.0 145.0
55 96 4.0 127.0
66 87 74.0 106.0
82 68 37.0 6.0
86 67 115.0 93.0
72 83 182.0 75.0
61 94 140.0 161.0
60 92 67.0 134.0
74 83 8.0 11.0
58 66 102.0 164.0
70 86 60.0 177.0
85 70 181.0 49.0
63 91 113.0 96.0
79 74 106.0 95.0
77 78 109.0 46.0
70 93 54.0 128.0
82 73 136.0 62.0
44 98 72.0 38.0
69 88 15.0 84.0
74 80 192.0 196.0
75 80 12.0 106.0
61 93 43.0 118.0
83 75 151.0 152.0
99 52 61.0 5.0
80 77 154.0 197.0
91 68 0.0 27.0
92 64 58.0 15.0
53 99 74.0 50.0
73 85 128.0 38.0
95 61 72.0 172.0
83 77 122.0 175.0
58 96 129.0 135.0
72 81 104.0 35.0
64 93 178.0 56.0
77 79 75.0 36.0
60 98 147.0 150.0
69 79 161.0 28.0
89 67 26.0 186.0
91 69 185.0 100.0
76 77 199.0 66.0
84 71 142.0 55.0
55 99 42.0 121.0
70 71 75.0 70.0
75 79 0.0 175.0
78 83 113.0 113.0
79 80 183.0 139.0
95 67 107.0 121.0
62 91 145.0 59.0
86 74 6.0 88.0
92 59 114.0 0.0
96 66 171.0 142.0
96 61 107.0 123.0
97 59 27.0 172.0
66 91 101.0 162.0
68 86 82.0 8.0
55 95 112.0 27.0
69 92 112.0 70.0
71 85 99.0 179.0
99 57 40.0 22.0
85 62 110.0 99.0
74 55 21.0 89.0
98 61 143.0 122.0
68 90 110.0 25.0
99 61 188.0 174.0
43 89 100.0 101.0
60 90 65.0 151.0
77 84 191.0 57.0
73 89 4.0 53.0
31 72 171.0 177.0
54 83 184.0 114.0
92 72 189.0 46.0
89 72 120.0 178.0
74 90 38.0 172.0
86 79 64.0 55.0
94 47 120.0 55.0
73 90 57.0 76.0
95 69 51.0 181.0
91 53 144.0 188.0
54 93 187.0 86.0
84 76 25.0 59.0
78 81 158.0 15.0
64 99 109.0 22.0
88 71 13.0 29.0
77 86 91.0 23.0
91 73 72.0 94.0
96 68 142.0 168.0
87 79 28.0 81.0
85 76 117.0 6.0
67 99 183.0 75.0
80 85 84.0 92.0
65 94 63.0 50.0
88 72 97.0 106.0
93 65 80.0 121.0
98 70 56.0 23.0
63 97 118.0 37.0
72 90 73.0 36.0
94 73 61.0 8.0
79 60 135.0 97.0
75 85 9.0 151.0
60 97 1.0 58.0
93 74 198.0 34.0
82 75 20.0 6.0
71 91 14.0 139.0
70 95 103.0 87.0
78 87 199.0 116.0
92 77 75.0 135.0
61 97 85.0 36.0
12 63 58.0 39.0
84 70 150.0 8.0
87 81 147.0 122.0
84 80 0.0 162.0
88 81 179.0 55.0
76 83 198.0 178.0
88 80 2.0 26.0
82 89 199.0 39.0
79 88 38.0 57.0
92 78 185.0 140.0
92 83 145.0 85.0
67 97 17.0 146.0
76 62 50.0 196.0
63 96 14.0 0.0
90 82 143.0 16.0
71 98 54.0 94.0
99 70 189.0 92.0
76 93 104.0 175.0
65 97 124.0 1.0
71 94 11.0 93.0
63 93 26.0 61.0
68 98 8.0 40.0
81 63 33.0 103.0
80 87 53.0 39.0
75 93 22.0 43.0
86 84 117.0 78.0
83 96 89.0 193.0
76 72 80.0 100.0
83 86 144.0 58.0
71 96 120.0 104.0
92 81 25.0 106.0
79 94 107.0 79.0
90 77 98.0 129.0
93 73 122.0 167.0
95 71 18.0 163.0
92 75 128.0 50.0
81 86 9.0 25.0
87 76 16.0 82.0
68 95 143.0 41.0
96 70 115.0 3.0
95 64 86.0 165.0
94 74 35.0 160.0
95 77 46.0 53.0
66 93 20.0 126.0
58 88 121.0 182.0
99 66 18.0 137.0
65 74 89.0 114.0
87 84 197.0 156.0
95 75 197.0 36.0
99 74 5.0 32.0
82 96 11.0 51.0
93 80 55.0 31.0
83 87 162.0 176.0
99 69 33.0 180.0
85 78 199.0 123.0
98 80 69.0 148.0
82 92 64.0 66.0
89 93 53.0 69.0
67 90 133.0 64.0
86 95 131.0 188.0
99 79 194.0 93.0
96 86 178.0 28.0
93 95 187.0 177.0
89 91 192.0 56.0
94 77 195.0 56.0
88 85 118.0 0.0
98 88 0.0 51.0
89 86 181.0 131.0
98 83 139.0 175.0
98 91 74.0 118.0
91 86 145.0 13.0
92 84 140.0 137.0
84 93 127.0 87.0
91 97 174.0 45.0
93 96 72.0 174.0
94 80 46.0 53.0
94 78 36.0 185.0
92 95 195.0 62.0
84 78 180.0 140.0
87 98 99.0 72.0
95 82 198.0 26.0
89 90 8.0 172.0
75 86 57.0 33.0
96 59 191.0 55.0
94 90 156.0 179.0
84 88 103.0 151.0
25 43 72.0 36.0
88 96 46.0 171.0
96 94 124.0 44.0
68 92 189.0 85.0
97 76 175.0 198.0
55 85 80.0 166.0
87 95 199.0 188.0
96 47 162.0 55.0
99 94 6.0 34.0
89 97 76.0 52.0
84 57 126.0 152.0
2 1 36.0 115.0
54 99 120.0 12.0
95 66 71.0 152.0
86 92 72.0 22.0
86 90 69.0 186.0
34 96 24.0 27.0
83 60 35.0 52.0
94 91 2.0 162.0
98 94 157.0 38.0
95 96 119.0 29.0
97 84 65.0 142.0
95 94 160.0 138.0
93 86 163.0 181.0
96 77 178.0 139.0
92 88 72.0 14.0
57 96 197.0 74.0
45 83 53.0 155.0
90 98 56.0 172.0
94 87 143.0 122.0
43 80 74.0 56.0
89 51 137.0 189.0
95 89 38.0 116.0
94 88 75.0 62.0
99 85 15.0 72.0
71 79 125.0 20.0
83 81 82.0 182.0
78 99 44.0 177.0
99 82 156.0 118.0
59 91 21.0 46.0
89 26 116.0 59.0
79 93 54.0 191.0
90 22 116.0 21.0
87 86 159.0 42.0
93 91 199.0 193.0
91 72 148.0 195.0
61 86 131.0 56.0
75 81 66.0 104.0
98 89 12.0 182.0
71 90 151.0 66.0
96 99 135.0 67.0
90 97 21.0 94.0
98 85 117.0 172.0
97 73 22.0 17.0
96 73 6.0 105.0
73 78 97.0 24.0
82 98 64.0 109.0
96 23 71.0 15.0
69 6 50.0 7.0
88 97 134.0 23.0
85 92 159.0 51.0
79 20 146.0 181.0
62 56 175.0 104.0
68 72 123.0 24.0
89 99 169.0 187.0
96 78 182.0 193.0
34 99 134.0 184.0
96 80 2.0 68.0
95 72 20.0 161.0
99 77 140.0 166.0
0
