91 4095 79 75 210939
71 61 92.0 29.0
32 78 25.0 20.0
31 54 77.0 55.0
46 37 105.0 80.0
34 5 28.0 93.0
26 79 61.0 14.0
44 30 199.0 0.0
30 65 196.0 47.0
34 37 32.0 88.0
77 91 11.0 57.0
53 70 106.0 40.0
69 32 153.0 11.0
37 4 58.0 133.0
82 60 37.0 71.0
90 67 121.0 188.0
3 50 183.0 117.0
49 87 100.0 167.0
86 20 155.0 112.0
90 79 191.0 61.0
74 60 130.0 97.0
63 4 5.0 140.0
27 41 84.0 194.0
70 46 10.0 5.0
58 69 186.0 145.0
64 8 3.0 86.0
81 41 81.0 158.0
29 11 80.0 25.0
33 21 78.0 162.0
24 51 186.0 35.0
91 70 150.0 22.0
78 69 135.0 112.0
46 85 40.0 121.0
55 88 113.0 43.0
91 86 165.0 195.0
59 66 123.0 45.0
86 9 102.0 1.0
60 77 176.0 41.0
55 47 184.0 78.0
24 67 50.0 71.0
23 69 72.0 42.0
28 30 15.0 186.0
24 4 118.0 181.0
32 35 55.0 41.0
7 46 48.0 157.0
85 70 154.0 24.0
26 67 9.0 90.0
5 7 149.0 60.0
38 18 12.0 173.0
47 2 84.0 179.0
5 51 53.0 2.0
86 66 173.0 108.0
75 10 77.0 173.0
79 41 134.0 32.0
70 38 2.0 144.0
7 31 47.0 103.0
11 20 151.0 11.0
22 68 184.0 35.0
27 76 90.0 38.0
50 28 127.0 15.0
37 29 37.0 5.0
33 51 142.0 171.0
88 41 4.0 96.0
34 75 130.0 51.0
58 61 16.0 81.0
91 26 157.0 152.0
64 71 92.0 0.0
8 10 157.0 19.0
2 44 94.0 146.0
3 48 29.0 188.0
88 18 57.0 33.0
55 46 16.0 187.0
69 65 57.0 184.0
53 1 147.0 167.0
71 29 72.0 39.0
1 8 90.0 182.0
15 41 0.0 136.0
88 5 32.0 181.0
76 52 102.0 89.0
7 41 102.0 71.0
68 84 88.0 112.0
47 71 176.0 187.0
62 44 132.0 48.0
15 77 176.0 23.0
27 24 157.0 128.0
28 41 102.0 141.0
55 90 127.0 5.0
2 36 162.0 182.0
82 22 180.0 3.0
55 40 123.0 156.0
47 19 158.0 55.0
59 21 98.0 134.0
45 5 130.0 55.0
8 83 1.0 33.0
81 77 94.0 128.0
75 2 101.0 8.0
77 83 185.0 33.0
86 17 123.0 108.0
90 76 85.0 33.0
59 24 40.0 183.0
28 62 106.0 123.0
53 19 71.0 107.0
58 1 116.0 117.0
57 73 62.0 169.0
28 5 195.0 48.0
75 88 42.0 70.0
72 88 123.0 127.0
20 30 155.0 115.0
1 23 40.0 13.0
4 68 44.0 63.0
32 17 166.0 112.0
90 4 51.0 28.0
8 25 133.0 198.0
22 34 161.0 176.0
84 44 97.0 36.0
37 18 67.0 4.0
40 9 137.0 59.0
76 73 6.0 133.0
89 40 169.0 124.0
6 47 21.0 172.0
6 11 118.0 154.0
43 63 113.0 32.0
16 60 152.0 162.0
40 10 163.0 171.0
18 11 131.0 52.0
83 24 65.0 90.0
26 80 167.0 34.0
7 11 53.0 188.0
49 26 120.0 171.0
88 51 163.0 185.0
74 61 148.0 67.0
33 39 156.0 63.0
13 58 78.0 39.0
6 14 140.0 143.0
71 66 15.0 108.0
68 15 18.0 20.0
3 57 169.0 138.0
16 77 75.0 132.0
46 71 43.0 176.0
72 46 115.0 151.0
67 46 112.0 194.0
37 77 120.0 52.0
51 7 108.0 87.0
76 71 0.0 127.0
36 39 151.0 169.0
24 31 69.0 179.0
10 48 100.0 64.0
2 50 53.0 16.0
5 13 30.0 165.0
89 48 71.0 150.0
54 81 91.0 179.0
60 52 149.0 92.0
91 81 169.0 53.0
20 83 25.0 191.0
39 52 37.0 78.0
11 89 29.0 43.0
64 83 155.0 59.0
39 53 13.0 26.0
5 73 144.0 104.0
33 43 92.0 45.0
33 65 29.0 14.0
56 89 21.0 7.0
49 59 35.0 11.0
19 56 187.0 64.0
47 70 145.0 94.0
85 49 83.0 158.0
30 14 199.0 179.0
20 19 173.0 44.0
84 37 5.0 154.0
88 52 179.0 179.0
73 53 129.0 167.0
71 82 10.0 68.0
3 14 143.0 107.0
69 86 171.0 26.0
63 3 43.0 170.0
76 13 57.0 168.0
12 50 191.0 14.0
65 34 186.0 123.0
49 45 83.0 68.0
35 15 132.0 46.0
35 53 39.0 76.0
48 52 155.0 10.0
18 66 98.0 150.0
78 30 20.0 107.0
79 35 28.0 163.0
69 75 106.0 15.0
28 86 50.0 142.0
9 87 23.0 134.0
48 29 120.0 62.0
81 53 133.0 75.0
27 10 153.0 31.0
39 56 88.0 125.0
90 88 182.0 116.0
71 81 104.0 41.0
75 35 138.0 106.0
16 1 72.0 161.0
16 70 172.0 193.0
31 82 6.0 105.0
55 52 93.0 112.0
16 40 141.0 133.0
36 12 6.0 76.0
4 2 52.0 62.0
42 89 79.0 190.0
75 46 163.0 151.0
24 79 127.0 87.0
33 10 163.0 85.0
24 49 10.0 8.0
52 5 169.0 104.0
70 59 181.0 175.0
29 30 53.0 185.0
81 10 166.0 132.0
55 10 109.0 81.0
89 63 97.0 188.0
35 21 146.0 60.0
33 1 162.0 108.0
59 75 10.0 131.0
5 33 193.0 144.0
25 49 6.0 46.0
59 2 191.0 124.0
12 84 98.0 100.0
1 12 192.0 147.0
31 5 89.0 90.0
59 42 94.0 3.0
80 76 107.0 56.0
71 4 146.0 53.0
53 16 43.0 104.0
72 77 52.0 34.0
69 47 16.0 150.0
56 34 193.0 8.0
1 30 187.0 34.0
34 17 11.0 81.0
56 37 173.0 71.0
5 8 124.0 71.0
35 74 61.0 119.0
22 21 45.0 113.0
67 39 72.0 61.0
35 5 72.0 18.0
10 6 119.0 60.0
76 30 70.0 131.0
66 83 26.0 43.0
11 76 157.0 102.0
21 86 150.0 19.0
69 82 73.0 147.0
84 53 116.0 97.0
57 59 52.0 141.0
64 61 66.0 123.0
90 5 182.0 136.0
50 32 190.0 160.0
2 13 41.0 148.0
10 36 68.0 143.0
80 9 7.0 141.0
61 47 183.0 76.0
14 12 82.0 187.0
72 48 120.0 148.0
16 45 77.0 102.0
40 27 118.0 68.0
43 10 65.0 111.0
8 38 194.0 86.0
46 11 98.0 154.0
20 55 181.0 81.0
66 60 73.0 63.0
8 9 48.0 193.0
2 10 72.0 125.0
3 17 91.0 143.0
64 1 152.0 109.0
39 91 109.0 99.0
64 60 145.0 8.0
23 44 138.0 78.0
13 78 41.0 11.0
35 45 10.0 41.0
54 7 19.0 82.0
25 7 177.0 110.0
62 91 45.0 82.0
90 23 189.0 154.0
82 5 173.0 86.0
49 60 18.0 111.0
9 84 115.0 59.0
91 17 139.0 77.0
23 28 82.0 158.0
89 50 121.0 12.0
13 91 54.0 166.0
22 64 117.0 195.0
69 16 143.0 90.0
75 29 7.0 161.0
21 26 161.0 122.0
42 4 194.0 100.0
31 30 199.0 29.0
43 6 119.0 120.0
5 58 170.0 125.0
31 27 50.0 87.0
42 57 56.0 145.0
85 7 61.0 63.0
86 87 6.0 22.0
90 12 150.0 152.0
41 24 164.0 102.0
6 5 165.0 83.0
69 91 76.0 135.0
26 37 92.0 126.0
2 81 185.0 148.0
50 15 111.0 198.0
10 1 140.0 117.0
12 83 133.0 91.0
5 14 129.0 98.0
63 69 132.0 95.0
31 40 80.0 160.0
40 58 108.0 125.0
10 83 190.0 94.0
7 3 41.0 53.0
3 86 65.0 134.0
41 20 147.0 199.0
72 89 41.0 76.0
29 44 77.0 126.0
47 18 159.0 157.0
13 4 138.0 67.0
44 13 49.0 129.0
16 6 175.0 90.0
1 85 1.0 193.0
13 77 75.0 148.0
74 9 23.0 117.0
16 44 54.0 100.0
24 91 158.0 13.0
14 16 104.0 97.0
29 88 104.0 153.0
2 77 121.0 31.0
33 18 126.0 122.0
3 26 161.0 1.0
2 14 99.0 137.0
59 62 195.0 105.0
24 38 44.0 105.0
53 34 96.0 148.0
84 52 45.0 152.0
37 20 22.0 166.0
91 18 129.0 148.0
43 4 14.0 42.0
56 70 86.0 65.0
4 34 168.0 81.0
71 84 191.0 164.0
81 47 73.0 39.0
7 35 169.0 70.0
17 80 88.0 143.0
60 23 93.0 169.0
26 76 118.0 60.0
17 65 112.0 4.0
8 61 136.0 33.0
54 36 117.0 127.0
82 75 181.0 190.0
72 17 39.0 102.0
59 39 80.0 79.0
13 6 140.0 125.0
85 13 156.0 58.0
41 31 159.0 21.0
91 2 76.0 95.0
37 87 66.0 193.0
33 8 5.0 199.0
78 6 47.0 196.0
44 37 94.0 79.0
46 33 89.0 34.0
9 24 5.0 46.0
54 4 160.0 116.0
5 55 76.0 36.0
13 16 32.0 142.0
23 89 163.0 189.0
3 82 0.0 162.0
82 49 89.0 46.0
15 2 91.0 179.0
67 86 184.0 48.0
89 84 21.0 96.0
11 40 66.0 97.0
55 16 32.0 51.0
13 50 34.0 147.0
41 80 191.0 186.0
91 43 4.0 80.0
19 3 140.0 95.0
60 10 136.0 76.0
2 61 140.0 157.0
64 6 123.0 159.0
21 82 85.0 156.0
2 3 180.0 71.0
83 32 123.0 171.0
37 28 57.0 127.0
2 35 4.0 197.0
44 70 83.0 92.0
39 45 7.0 24.0
50 34 8.0 131.0
78 47 147.0 45.0
49 74 163.0 128.0
15 7 118.0 87.0
13 8 119.0 175.0
4 22 12.0 123.0
54 69 149.0 96.0
22 37 178.0 108.0
33 83 152.0 186.0
38 39 125.0 51.0
75 72 176.0 40.0
28 25 86.0 94.0
86 85 139.0 5.0
70 73 144.0 152.0
51 25 65.0 45.0
61 79 127.0 196.0
70 6 176.0 31.0
45 23 169.0 53.0
4 60 149.0 98.0
85 30 123.0 35.0
78 14 112.0 62.0
86 63 121.0 8.0
87 63 38.0 187.0
50 37 57.0 117.0
42 36 187.0 185.0
22 15 149.0 109.0
75 27 113.0 98.0
19 74 69.0 36.0
87 36 0.0 181.0
8 36 183.0 73.0
4 3 108.0 174.0
2 21 17.0 117.0
57 70 23.0 156.0
84 77 81.0 124.0
66 8 128.0 194.0
44 40 34.0 197.0
76 75 2.0 186.0
73 44 69.0 185.0
10 86 19.0 129.0
16 51 43.0 188.0
83 18 99.0 18.0
57 48 187.0 180.0
18 57 23.0 67.0
5 39 142.0 57.0
22 55 172.0 144.0
62 8 31.0 41.0
2 12 196.0 2.0
26 24 174.0 191.0
8 4 50.0 73.0
81 52 19.0 189.0
71 41 90.0 43.0
43 39 124.0 33.0
57 40 159.0 97.0
47 36 5.0 190.0
11 2 134.0 153.0
15 79 23.0 108.0
21 53 162.0 26.0
67 57 169.0 133.0
7 64 1.0 11.0
66 35 133.0 125.0
75 30 137.0 92.0
29 5 126.0 94.0
87 32 114.0 60.0
73 88 3.0 89.0
12 31 194.0 165.0
88 26 59.0 115.0
89 4 112.0 12.0
1 68 97.0 197.0
7 38 25.0 187.0
42 34 54.0 151.0
65 72 26.0 120.0
31 1 42.0 30.0
86 2 112.0 36.0
27 4 178.0 123.0
2 5 154.0 42.0
70 69 184.0 52.0
15 38 109.0 9.0
71 34 2.0 115.0
68 30 63.0 180.0
84 80 73.0 105.0
45 58 4.0 185.0
24 57 76.0 134.0
59 34 68.0 31.0
65 61 2.0 4.0
7 75 98.0 111.0
17 43 106.0 52.0
72 9 10.0 169.0
88 30 1.0 35.0
50 8 165.0 158.0
64 4 29.0 41.0
91 28 190.0 49.0
88 70 133.0 193.0
16 38 98.0 184.0
81 35 48.0 4.0
6 8 65.0 10.0
89 65 70.0 66.0
72 80 4.0 35.0
47 4 42.0 185.0
85 69 161.0 185.0
11 50 59.0 46.0
87 52 21.0 157.0
50 63 40.0 22.0
31 59 37.0 105.0
32 63 153.0 108.0
51 12 73.0 110.0
69 19 26.0 68.0
88 50 122.0 187.0
62 79 121.0 133.0
3 16 35.0 95.0
12 7 91.0 75.0
71 72 36.0 128.0
6 82 109.0 141.0
57 21 104.0 183.0
40 56 85.0 82.0
68 91 191.0 159.0
42 53 71.0 64.0
68 61 188.0 58.0
73 72 130.0 79.0
15 59 123.0 118.0
50 83 80.0 33.0
13 80 66.0 184.0
7 33 179.0 151.0
86 71 143.0 170.0
86 39 90.0 166.0
63 8 174.0 78.0
43 3 176.0 56.0
61 28 16.0 52.0
74 78 1.0 96.0
29 24 176.0 67.0
19 38 92.0 155.0
71 16 186.0 188.0
17 16 9.0 76.0
78 4 41.0 184.0
60 70 36.0 169.0
61 87 153.0 4.0
36 78 63.0 154.0
10 62 138.0 39.0
62 40 175.0 30.0
55 31 39.0 161.0
47 67 8.0 48.0
5 17 64.0 49.0
12 34 144.0 52.0
30 58 50.0 49.0
44 76 147.0 114.0
9 7 119.0 37.0
10 9 179.0 94.0
1 20 67.0 18.0
61 46 46.0 75.0
12 3 132.0 62.0
63 88 191.0 76.0
17 4 88.0 41.0
1 28 56.0 35.0
89 28 169.0 127.0
90 22 139.0 100.0
17 57 178.0 159.0
11 16 93.0 24.0
8 45 62.0 26.0
41 26 179.0 53.0
43 23 164.0 67.0
14 48 71.0 21.0
8 7 180.0 192.0
40 66 55.0 72.0
85 63 101.0 185.0
78 46 32.0 147.0
90 49 105.0 46.0
37 21 63.0 84.0
7 69 156.0 28.0
79 25 141.0 27.0
42 63 175.0 73.0
37 39 27.0 182.0
10 12 146.0 80.0
57 51 82.0 130.0
62 33 84.0 187.0
16 62 30.0 147.0
8 12 188.0 186.0
21 1 30.0 81.0
4 55 152.0 157.0
57 11 28.0 131.0
22 84 142.0 126.0
7 86 95.0 24.0
81 78 166.0 179.0
48 13 66.0 149.0
34 84 183.0 54.0
80 16 141.0 13.0
33 78 93.0 45.0
88 45 26.0 74.0
1 14 131.0 120.0
62 42 195.0 26.0
28 38 48.0 114.0
13 62 91.0 114.0
54 34 107.0 74.0
12 35 97.0 1.0
22 45 128.0 142.0
53 31 115.0 155.0
13 1 178.0 198.0
19 2 33.0 126.0
58 64 19.0 82.0
34 63 109.0 111.0
60 1 172.0 169.0
36 51 91.0 21.0
58 83 95.0 171.0
1 11 149.0 162.0
14 55 78.0 80.0
9 14 71.0 112.0
78 22 157.0 91.0
47 42 59.0 18.0
42 69 20.0 32.0
82 72 182.0 63.0
63 76 150.0 77.0
53 10 19.0 51.0
27 8 89.0 98.0
9 13 39.0 161.0
74 16 98.0 148.0
19 4 1.0 158.0
90 1 168.0 174.0
35 48 117.0 150.0
21 4 42.0 67.0
39 18 124.0 61.0
80 83 195.0 165.0
44 17 77.0 35.0
32 24 192.0 128.0
82 24 161.0 146.0
24 10 79.0 129.0
57 33 190.0 196.0
62 60 134.0 32.0
78 63 40.0 10.0
55 39 126.0 35.0
56 72 40.0 4.0
5 67 12.0 185.0
90 10 54.0 173.0
19 87 168.0 133.0
82 86 0.0 158.0
54 76 31.0 86.0
48 25 89.0 23.0
20 4 133.0 15.0
49 83 143.0 174.0
58 66 129.0 156.0
75 28 101.0 183.0
78 8 125.0 69.0
2 17 192.0 125.0
6 3 6.0 176.0
40 34 187.0 95.0
11 72 196.0 120.0
4 7 194.0 91.0
31 28 103.0 123.0
56 68 169.0 156.0
20 3 23.0 46.0
13 10 128.0 167.0
25 22 147.0 135.0
19 61 57.0 86.0
5 1 184.0 5.0
5 69 66.0 178.0
5 12 129.0 122.0
79 6 136.0 50.0
2 8 14.0 111.0
1 24 108.0 143.0
66 13 21.0 7.0
36 32 162.0 31.0
34 69 9.0 146.0
9 16 182.0 75.0
81 63 194.0 63.0
32 26 84.0 130.0
33 82 184.0 51.0
35 90 47.0 92.0
11 26 140.0 21.0
57 20 197.0 102.0
88 25 126.0 6.0
2 7 110.0 60.0
39 34 11.0 104.0
22 42 0.0 48.0
86 75 53.0 136.0
73 23 173.0 53.0
48 19 122.0 65.0
38 48 166.0 72.0
17 7 149.0 44.0
57 54 0.0 11.0
8 11 169.0 11.0
20 65 34.0 122.0
11 79 59.0 87.0
9 1 16.0 184.0
78 17 196.0 91.0
27 61 90.0 163.0
13 56 58.0 191.0
19 16 44.0 10.0
85 90 75.0 13.0
64 46 199.0 109.0
34 33 33.0 59.0
10 11 159.0 50.0
24 58 15.0 108.0
27 12 49.0 58.0
67 6 46.0 59.0
22 70 177.0 42.0
69 74 180.0 52.0
82 18 89.0 179.0
51 85 55.0 123.0
2 18 31.0 166.0
75 13 26.0 47.0
24 20 80.0 27.0
25 45 14.0 78.0
10 16 103.0 144.0
17 51 72.0 35.0
32 23 124.0 114.0
70 3 143.0 131.0
20 43 84.0 127.0
19 42 21.0 110.0
15 4 41.0 53.0
9 51 37.0 56.0
31 26 134.0 140.0
39 48 10.0 158.0
33 26 52.0 86.0
28 27 127.0 148.0
33 66 191.0 11.0
12 13 184.0 164.0
23 2 139.0 25.0
18 14 155.0 176.0
39 15 134.0 41.0
62 52 140.0 96.0
78 59 85.0 144.0
48 91 171.0 165.0
23 3 168.0 114.0
35 57 165.0 104.0
78 56 151.0 104.0
69 35 149.0 58.0
49 13 99.0 35.0
64 55 122.0 39.0
76 84 123.0 8.0
84 30 195.0 46.0
7 77 55.0 116.0
18 3 41.0 20.0
87 16 66.0 144.0
50 41 12.0 167.0
53 80 199.0 111.0
8 14 104.0 122.0
18 9 17.0 179.0
73 60 108.0 165.0
8 17 130.0 116.0
48 67 156.0 123.0
82 66 27.0 174.0
11 12 122.0 191.0
28 13 180.0 122.0
91 55 146.0 36.0
7 62 37.0 115.0
31 67 131.0 97.0
46 74 167.0 62.0
50 68 19.0 75.0
6 42 74.0 47.0
81 68 189.0 197.0
44 67 1.0 121.0
15 13 49.0 99.0
22 61 118.0 86.0
90 68 161.0 50.0
51 82 3.0 80.0
58 18 6.0 22.0
22 33 2.0 81.0
5 20 57.0 143.0
87 1 72.0 10.0
52 23 52.0 73.0
46 79 76.0 170.0
55 29 147.0 37.0
19 6 38.0 150.0
77 67 84.0 44.0
62 73 62.0 86.0
39 60 160.0 71.0
24 87 20.0 184.0
72 23 125.0 24.0
10 34 167.0 1.0
25 29 108.0 114.0
88 6 37.0 146.0
15 12 192.0 121.0
1 22 79.0 55.0
62 67 187.0 192.0
25 36 56.0 160.0
22 14 106.0 133.0
10 25 51.0 25.0
53 79 90.0 159.0
84 49 51.0 127.0
30 17 171.0 195.0
56 86 102.0 51.0
25 27 41.0 42.0
25 14 109.0 98.0
13 14 70.0 168.0
87 77 148.0 73.0
27 37 42.0 39.0
48 70 40.0 45.0
17 10 32.0 164.0
50 7 124.0 87.0
87 75 85.0 166.0
51 28 21.0 195.0
90 31 22.0 43.0
16 89 194.0 170.0
88 27 141.0 188.0
6 86 151.0 134.0
50 42 174.0 184.0
48 68 27.0 51.0
14 19 35.0 112.0
9 90 136.0 8.0
29 68 35.0 158.0
28 77 21.0 181.0
11 13 74.0 114.0
10 18 38.0 178.0
27 63 67.0 13.0
2 37 137.0 46.0
18 67 170.0 124.0
65 15 97.0 58.0
82 30 105.0 84.0
15 3 92.0 78.0
37 90 46.0 119.0
76 19 195.0 84.0
81 26 196.0 63.0
25 89 50.0 133.0
3 11 143.0 172.0
76 59 78.0 192.0
88 9 98.0 135.0
47 16 31.0 142.0
14 38 54.0 29.0
56 52 169.0 50.0
40 73 85.0 165.0
33 73 99.0 135.0
43 42 1.0 194.0
9 5 91.0 79.0
13 67 11.0 189.0
45 10 136.0 194.0
48 31 55.0 143.0
45 44 109.0 25.0
79 88 136.0 194.0
33 15 4.0 187.0
56 27 185.0 5.0
13 7 37.0 76.0
59 79 181.0 48.0
88 3 197.0 70.0
87 14 61.0 53.0
20 18 168.0 122.0
68 69 69.0 56.0
19 8 45.0 74.0
2 20 1.0 182.0
87 83 70.0 38.0
70 29 127.0 4.0
85 61 53.0 125.0
74 71 45.0 66.0
88 39 84.0 165.0
16 50 112.0 154.0
43 65 147.0 109.0
84 31 31.0 148.0
76 77 128.0 102.0
68 33 163.0 56.0
56 44 19.0 16.0
9 4 23.0 16.0
41 63 184.0 107.0
75 26 172.0 49.0
18 5 5.0 71.0
15 36 103.0 36.0
21 54 39.0 32.0
4 18 80.0 154.0
67 33 36.0 51.0
34 68 84.0 59.0
2 60 107.0 21.0
49 44 77.0 79.0
27 26 182.0 34.0
61 14 182.0 38.0
30 18 62.0 173.0
41 25 83.0 94.0
57 30 160.0 71.0
6 45 70.0 197.0
13 54 36.0 177.0
6 58 20.0 114.0
83 51 183.0 3.0
27 38 85.0 117.0
18 8 173.0 99.0
86 60 78.0 8.0
25 1 161.0 190.0
10 4 65.0 31.0
63 20 45.0 102.0
40 50 182.0 66.0
63 24 88.0 117.0
25 3 125.0 125.0
35 24 56.0 50.0
83 5 61.0 134.0
1 26 154.0 22.0
63 37 22.0 19.0
19 57 37.0 67.0
15 16 158.0 171.0
39 21 120.0 46.0
48 56 8.0 197.0
42 17 164.0 16.0
75 25 2.0 25.0
78 48 44.0 156.0
84 50 73.0 18.0
15 37 43.0 110.0
9 3 30.0 1.0
81 34 100.0 150.0
52 35 69.0 60.0
14 65 157.0 185.0
89 36 159.0 159.0
83 75 119.0 156.0
87 4 149.0 192.0
6 2 88.0 144.0
7 14 114.0 118.0
84 57 170.0 14.0
54 47 116.0 39.0
74 59 34.0 25.0
1 4 54.0 145.0
21 6 104.0 173.0
34 7 144.0 6.0
66 62 61.0 32.0
22 66 96.0 127.0
32 5 91.0 67.0
14 45 174.0 159.0
5 10 175.0 160.0
70 11 29.0 30.0
78 19 43.0 134.0
79 57 46.0 139.0
81 14 42.0 60.0
79 5 197.0 91.0
64 79 0.0 41.0
86 70 4.0 174.0
84 66 58.0 131.0
11 14 7.0 39.0
12 16 142.0 2.0
19 5 60.0 141.0
72 30 92.0 54.0
9 17 21.0 41.0
81 50 72.0 174.0
9 15 20.0 28.0
19 81 131.0 30.0
88 48 46.0 90.0
11 53 12.0 188.0
4 25 51.0 72.0
17 53 23.0 143.0
55 80 128.0 196.0
19 1 102.0 152.0
88 53 58.0 74.0
42 74 68.0 141.0
84 26 120.0 114.0
78 73 60.0 133.0
60 11 171.0 111.0
26 28 61.0 146.0
71 14 10.0 189.0
58 59 88.0 64.0
11 4 20.0 98.0
20 8 71.0 41.0
53 46 49.0 192.0
22 9 51.0 109.0
91 50 71.0 174.0
40 30 170.0 132.0
43 82 31.0 132.0
12 42 143.0 119.0
43 35 184.0 115.0
62 41 134.0 56.0
50 51 178.0 183.0
3 68 111.0 29.0
6 15 45.0 134.0
20 58 42.0 16.0
20 7 9.0 25.0
30 39 87.0 104.0
73 32 75.0 72.0
19 10 192.0 161.0
4 23 5.0 171.0
23 7 8.0 68.0
53 48 183.0 5.0
68 16 113.0 177.0
15 1 123.0 122.0
21 78 166.0 162.0
18 36 127.0 193.0
26 6 194.0 72.0
21 8 194.0 199.0
26 63 55.0 2.0
2 22 196.0 191.0
64 44 159.0 109.0
3 22 175.0 34.0
85 91 114.0 142.0
36 35 97.0 193.0
88 86 46.0 92.0
5 21 160.0 40.0
90 40 38.0 15.0
1 27 39.0 35.0
53 27 154.0 150.0
8 22 195.0 82.0
38 60 163.0 61.0
3 5 58.0 13.0
53 6 133.0 104.0
5 22 164.0 93.0
85 37 197.0 154.0
9 56 50.0 188.0
46 43 70.0 156.0
44 5 55.0 66.0
64 11 78.0 170.0
15 62 7.0 88.0
30 38 141.0 92.0
83 54 85.0 105.0
90 47 120.0 34.0
66 75 39.0 170.0
80 3 188.0 109.0
7 55 132.0 195.0
66 65 93.0 162.0
90 91 141.0 52.0
37 23 140.0 82.0
39 35 183.0 177.0
82 39 152.0 103.0
76 91 100.0 191.0
3 21 22.0 40.0
79 45 139.0 106.0
72 12 53.0 184.0
65 40 169.0 147.0
12 9 167.0 61.0
57 49 120.0 150.0
87 33 188.0 72.0
12 18 184.0 40.0
51 30 151.0 159.0
37 78 171.0 42.0
53 20 108.0 25.0
22 73 149.0 29.0
3 54 74.0 116.0
65 44 130.0 146.0
40 75 55.0 70.0
11 28 157.0 192.0
2 29 9.0 108.0
70 24 102.0 180.0
6 17 146.0 163.0
28 18 187.0 95.0
72 53 115.0 13.0
5 63 158.0 197.0
46 88 68.0 166.0
17 12 119.0 25.0
59 68 125.0 128.0
91 42 166.0 180.0
28 4 100.0 112.0
67 66 170.0 87.0
27 49 58.0 38.0
16 2 143.0 169.0
7 10 80.0 163.0
87 54 2.0 0.0
30 43 62.0 79.0
84 46 8.0 180.0
17 13 194.0 108.0
19 11 81.0 116.0
22 40 60.0 91.0
51 18 93.0 3.0
38 43 88.0 125.0
59 87 131.0 42.0
39 65 147.0 145.0
27 5 144.0 107.0
64 67 80.0 138.0
40 4 10.0 161.0
44 15 199.0 22.0
33 61 60.0 44.0
66 73 49.0 101.0
69 40 5.0 132.0
13 52 7.0 104.0
18 13 79.0 103.0
75 32 142.0 111.0
35 10 56.0 104.0
78 76 141.0 55.0
8 28 46.0 2.0
6 18 20.0 47.0
82 76 120.0 177.0
36 81 117.0 79.0
35 11 177.0 148.0
42 32 70.0 119.0
3 10 160.0 127.0
16 18 4.0 101.0
22 77 7.0 2.0
82 17 109.0 179.0
1 52 142.0 29.0
41 16 187.0 11.0
80 14 65.0 164.0
7 22 55.0 87.0
13 3 111.0 15.0
13 64 135.0 67.0
12 4 130.0 94.0
29 4 50.0 39.0
74 39 122.0 144.0
17 70 170.0 61.0
46 60 39.0 187.0
46 28 174.0 94.0
46 65 190.0 37.0
18 1 150.0 125.0
15 14 195.0 80.0
65 53 129.0 46.0
54 59 21.0 52.0
37 36 118.0 143.0
24 3 7.0 158.0
79 70 199.0 182.0
7 82 92.0 142.0
72 87 1.0 42.0
39 87 187.0 197.0
11 68 87.0 69.0
35 34 188.0 60.0
69 61 133.0 106.0
75 48 148.0 141.0
27 33 183.0 148.0
77 54 122.0 75.0
49 20 52.0 76.0
15 43 90.0 192.0
73 46 109.0 129.0
42 76 24.0 97.0
8 55 135.0 158.0
11 66 193.0 83.0
61 90 124.0 176.0
52 33 87.0 199.0
15 24 168.0 91.0
29 83 72.0 10.0
14 20 134.0 181.0
54 55 176.0 111.0
72 40 111.0 63.0
14 31 150.0 57.0
29 76 108.0 26.0
72 19 13.0 147.0
20 12 56.0 133.0
4 16 26.0 80.0
36 30 66.0 161.0
12 19 184.0 195.0
2 90 117.0 47.0
29 3 40.0 19.0
63 58 79.0 148.0
77 42 131.0 44.0
78 41 63.0 188.0
6 7 60.0 90.0
2 54 127.0 78.0
21 7 120.0 111.0
19 9 41.0 189.0
40 24 105.0 81.0
81 57 132.0 136.0
7 16 114.0 64.0
19 41 88.0 177.0
13 47 107.0 148.0
9 33 49.0 186.0
36 62 136.0 169.0
10 22 176.0 130.0
16 25 28.0 82.0
82 15 173.0 160.0
84 69 166.0 39.0
18 86 157.0 55.0
41 65 11.0 16.0
8 26 187.0 60.0
18 7 165.0 75.0
17 15 163.0 94.0
30 3 66.0 191.0
14 17 2.0 39.0
60 88 60.0 168.0
17 11 36.0 169.0
73 3 65.0 47.0
89 22 192.0 4.0
40 67 134.0 110.0
28 68 110.0 97.0
60 53 30.0 128.0
44 34 24.0 32.0
84 38 151.0 36.0
45 84 59.0 187.0
14 21 131.0 77.0
54 37 41.0 76.0
6 24 55.0 175.0
24 5 74.0 117.0
71 23 9.0 56.0
56 8 69.0 185.0
45 48 170.0 20.0
12 6 171.0 182.0
88 16 145.0 55.0
15 30 158.0 138.0
91 11 11.0 165.0
12 21 156.0 37.0
9 38 198.0 118.0
2 9 128.0 67.0
54 46 9.0 99.0
21 13 145.0 133.0
68 75 136.0 43.0
67 50 140.0 94.0
60 42 186.0 103.0
66 69 174.0 95.0
34 2 120.0 173.0
1 46 50.0 48.0
55 66 127.0 59.0
27 14 176.0 72.0
51 87 3.0 113.0
23 6 144.0 95.0
10 21 65.0 83.0
58 29 76.0 191.0
23 31 115.0 148.0
40 74 189.0 165.0
12 39 180.0 116.0
27 3 54.0 109.0
2 68 105.0 9.0
74 17 152.0 1.0
6 30 98.0 169.0
58 75 13.0 174.0
68 8 138.0 129.0
33 3 70.0 79.0
69 64 97.0 3.0
16 22 96.0 103.0
89 37 67.0 153.0
16 65 177.0 20.0
23 5 61.0 75.0
24 12 84.0 75.0
79 4 97.0 174.0
34 16 130.0 168.0
79 50 41.0 179.0
34 41 169.0 89.0
77 61 172.0 188.0
89 54 196.0 149.0
6 87 156.0 57.0
30 16 156.0 40.0
73 48 147.0 5.0
63 21 174.0 29.0
2 24 83.0 16.0
5 16 196.0 4.0
38 86 1.0 168.0
48 55 7.0 197.0
50 38 126.0 164.0
17 22 35.0 34.0
32 48 96.0 134.0
68 19 14.0 71.0
82 48 173.0 97.0
10 14 196.0 170.0
34 3 152.0 149.0
34 18 5.0 160.0
25 11 100.0 84.0
73 34 60.0 87.0
81 62 76.0 108.0
43 48 117.0 90.0
4 67 67.0 90.0
20 15 40.0 15.0
32 18 111.0 145.0
6 25 120.0 116.0
29 32 69.0 20.0
13 23 29.0 81.0
15 19 171.0 105.0
66 30 44.0 40.0
6 52 32.0 111.0
13 73 46.0 25.0
90 26 107.0 157.0
57 16 112.0 179.0
9 21 49.0 133.0
30 5 142.0 79.0
4 56 78.0 65.0
86 47 123.0 74.0
31 3 36.0 155.0
1 35 59.0 35.0
9 59 129.0 118.0
1 29 101.0 193.0
64 21 110.0 150.0
5 11 51.0 4.0
67 82 2.0 81.0
37 13 20.0 125.0
7 78 109.0 9.0
26 7 115.0 121.0
24 11 15.0 45.0
1 7 187.0 116.0
27 72 59.0 49.0
9 25 118.0 62.0
1 43 154.0 72.0
32 2 145.0 127.0
52 30 194.0 7.0
42 72 128.0 62.0
16 78 9.0 143.0
47 5 15.0 148.0
77 73 182.0 26.0
45 34 78.0 100.0
76 40 37.0 185.0
14 50 6.0 182.0
11 23 188.0 1.0
45 67 93.0 116.0
8 16 19.0 102.0
13 25 5.0 34.0
6 38 4.0 187.0
15 18 87.0 34.0
32 4 188.0 124.0
10 20 139.0 195.0
23 12 21.0 127.0
31 6 37.0 66.0
7 19 31.0 56.0
54 43 123.0 37.0
43 72 158.0 79.0
76 2 83.0 45.0
29 91 73.0 24.0
76 38 27.0 12.0
34 1 82.0 1.0
34 11 144.0 119.0
3 84 111.0 127.0
28 7 26.0 186.0
88 38 61.0 136.0
2 79 169.0 96.0
78 15 130.0 194.0
4 30 10.0 109.0
18 44 187.0 44.0
24 7 70.0 83.0
77 89 165.0 181.0
14 57 20.0 144.0
3 46 69.0 33.0
34 13 116.0 39.0
22 13 93.0 46.0
70 68 43.0 56.0
74 5 100.0 30.0
35 89 163.0 170.0
87 90 3.0 128.0
56 24 160.0 175.0
26 10 23.0 30.0
90 38 43.0 139.0
19 17 151.0 137.0
86 34 112.0 194.0
1 57 13.0 13.0
54 29 118.0 176.0
28 36 14.0 73.0
59 91 90.0 174.0
27 9 98.0 113.0
53 76 136.0 141.0
3 37 37.0 87.0
33 30 21.0 101.0
21 16 5.0 34.0
49 11 193.0 75.0
46 6 101.0 7.0
20 6 158.0 144.0
91 57 19.0 8.0
41 18 109.0 107.0
2 26 59.0 146.0
16 20 142.0 80.0
11 77 20.0 147.0
50 53 98.0 13.0
58 15 177.0 151.0
90 62 100.0 135.0
29 7 23.0 71.0
78 82 33.0 133.0
59 55 105.0 44.0
46 62 50.0 48.0
47 60 174.0 70.0
6 22 198.0 24.0
78 57 66.0 176.0
82 80 32.0 166.0
32 7 12.0 55.0
12 25 142.0 197.0
82 70 3.0 0.0
19 13 14.0 5.0
69 59 118.0 140.0
6 28 120.0 68.0
60 13 171.0 187.0
18 19 123.0 155.0
11 21 112.0 135.0
47 27 75.0 7.0
22 11 196.0 30.0
9 29 2.0 162.0
74 89 176.0 120.0
37 91 167.0 96.0
21 19 101.0 90.0
30 9 36.0 176.0
83 68 63.0 149.0
3 69 25.0 90.0
13 27 170.0 21.0
21 20 172.0 172.0
47 10 162.0 100.0
63 35 27.0 81.0
27 68 77.0 81.0
9 26 129.0 114.0
65 38 20.0 144.0
34 6 86.0 45.0
9 68 167.0 8.0
27 82 144.0 140.0
54 39 67.0 58.0
73 79 126.0 47.0
18 54 185.0 155.0
50 30 10.0 115.0
30 41 55.0 183.0
16 52 105.0 141.0
25 5 105.0 72.0
89 76 163.0 49.0
78 27 98.0 31.0
68 63 64.0 176.0
25 20 47.0 49.0
26 4 38.0 58.0
64 75 126.0 93.0
35 76 124.0 31.0
40 1 122.0 29.0
18 42 25.0 86.0
31 77 139.0 75.0
12 26 9.0 3.0
37 65 89.0 56.0
51 2 153.0 127.0
39 9 185.0 79.0
84 17 0.0 109.0
49 51 185.0 75.0
24 16 109.0 162.0
9 28 33.0 48.0
37 53 130.0 194.0
26 14 80.0 171.0
70 81 32.0 33.0
9 31 184.0 17.0
29 61 196.0 136.0
74 30 140.0 133.0
25 2 58.0 1.0
21 18 32.0 43.0
2 33 11.0 114.0
32 10 61.0 44.0
1 36 8.0 45.0
16 86 124.0 144.0
55 89 64.0 72.0
81 8 169.0 156.0
1 37 44.0 27.0
73 6 114.0 28.0
67 43 52.0 125.0
42 15 164.0 65.0
72 63 101.0 124.0
36 3 172.0 177.0
2 49 146.0 188.0
56 71 62.0 67.0
61 67 163.0 58.0
72 39 82.0 77.0
44 27 7.0 135.0
5 15 83.0 123.0
28 12 141.0 184.0
41 52 123.0 113.0
63 23 171.0 21.0
9 6 154.0 185.0
28 14 6.0 69.0
10 29 61.0 40.0
10 51 185.0 21.0
67 32 143.0 68.0
31 65 13.0 37.0
1 38 81.0 88.0
12 29 105.0 52.0
23 8 87.0 12.0
71 49 115.0 45.0
69 88 137.0 128.0
11 51 141.0 122.0
17 24 190.0 36.0
58 39 63.0 156.0
28 56 84.0 96.0
10 15 105.0 141.0
87 71 172.0 144.0
8 32 167.0 39.0
80 60 40.0 56.0
19 79 163.0 133.0
72 55 18.0 106.0
8 30 123.0 81.0
48 12 165.0 7.0
38 2 18.0 70.0
7 65 41.0 190.0
21 15 183.0 8.0
63 28 19.0 23.0
41 1 66.0 135.0
77 82 73.0 84.0
20 56 113.0 148.0
30 27 174.0 78.0
4 35 61.0 192.0
15 80 176.0 102.0
40 3 19.0 160.0
40 2 24.0 38.0
83 39 122.0 90.0
83 27 21.0 147.0
5 37 187.0 135.0
33 4 161.0 162.0
44 32 134.0 175.0
74 58 62.0 111.0
42 2 122.0 81.0
30 12 50.0 147.0
68 89 164.0 124.0
25 63 104.0 185.0
39 1 72.0 43.0
3 8 152.0 186.0
33 6 9.0 87.0
30 10 186.0 72.0
83 74 27.0 109.0
21 17 127.0 30.0
31 10 9.0 91.0
12 43 48.0 65.0
30 11 139.0 73.0
28 72 130.0 91.0
21 41 66.0 92.0
13 20 197.0 53.0
4 39 199.0 177.0
14 23 167.0 126.0
88 2 147.0 129.0
44 63 50.0 196.0
28 17 74.0 189.0
51 66 4.0 156.0
69 45 140.0 22.0
54 23 34.0 89.0
65 27 111.0 33.0
75 57 195.0 79.0
22 20 77.0 142.0
30 62 114.0 80.0
13 30 143.0 140.0
2 27 114.0 99.0
58 2 109.0 54.0
26 17 139.0 95.0
49 56 91.0 50.0
75 90 71.0 38.0
31 8 100.0 101.0
23 16 87.0 166.0
15 34 105.0 182.0
27 15 99.0 19.0
61 78 105.0 161.0
28 10 34.0 196.0
21 61 128.0 78.0
59 25 122.0 0.0
4 75 177.0 22.0
18 17 36.0 16.0
27 16 0.0 141.0
10 23 140.0 52.0
86 22 58.0 198.0
13 29 6.0 92.0
8 34 122.0 135.0
2 39 40.0 44.0
71 8 126.0 169.0
39 49 156.0 162.0
15 29 120.0 156.0
86 57 106.0 61.0
78 49 43.0 116.0
79 66 199.0 49.0
83 21 122.0 121.0
26 18 163.0 162.0
78 35 93.0 89.0
83 14 157.0 49.0
91 8 180.0 78.0
28 78 139.0 38.0
35 6 107.0 182.0
20 52 198.0 106.0
35 88 144.0 120.0
67 42 79.0 107.0
35 8 140.0 172.0
6 36 165.0 49.0
26 19 145.0 97.0
26 5 72.0 36.0
38 3 109.0 132.0
9 49 27.0 107.0
46 58 114.0 171.0
9 47 84.0 194.0
4 31 85.0 176.0
20 60 119.0 2.0
13 32 124.0 16.0
64 51 30.0 148.0
62 87 130.0 139.0
8 44 41.0 158.0
10 58 144.0 155.0
13 26 44.0 29.0
17 67 160.0 81.0
89 43 89.0 79.0
88 11 74.0 13.0
9 32 27.0 56.0
31 11 65.0 157.0
73 11 125.0 106.0
22 18 165.0 70.0
19 24 135.0 162.0
13 24 192.0 47.0
49 52 70.0 81.0
23 20 176.0 144.0
91 89 153.0 3.0
81 15 96.0 18.0
79 54 33.0 21.0
89 3 5.0 199.0
32 1 151.0 92.0
19 67 91.0 95.0
27 57 142.0 161.0
1 67 133.0 70.0
27 32 160.0 87.0
9 85 71.0 56.0
48 17 176.0 57.0
74 3 15.0 133.0
70 20 29.0 118.0
49 55 85.0 121.0
74 26 115.0 179.0
29 6 103.0 49.0
7 30 14.0 63.0
60 44 31.0 86.0
7 27 22.0 7.0
71 2 24.0 37.0
2 30 185.0 53.0
64 88 15.0 70.0
23 65 53.0 130.0
68 45 126.0 157.0
20 54 13.0 141.0
7 52 145.0 44.0
32 3 177.0 119.0
23 9 166.0 1.0
28 80 90.0 151.0
77 55 142.0 105.0
6 32 74.0 147.0
16 28 82.0 153.0
12 22 73.0 47.0
42 54 99.0 18.0
60 91 96.0 76.0
72 21 14.0 62.0
63 7 16.0 104.0
61 35 115.0 110.0
18 25 11.0 142.0
7 39 143.0 46.0
75 63 166.0 16.0
79 65 137.0 65.0
29 8 73.0 186.0
79 60 157.0 87.0
29 41 58.0 174.0
38 4 100.0 126.0
31 83 9.0 64.0
39 85 8.0 152.0
27 11 197.0 174.0
80 65 183.0 86.0
32 55 158.0 8.0
78 55 191.0 115.0
9 20 46.0 50.0
8 24 172.0 146.0
49 18 63.0 181.0
15 25 84.0 71.0
44 42 66.0 81.0
15 31 24.0 49.0
32 49 17.0 134.0
23 15 46.0 8.0
3 42 169.0 92.0
44 36 182.0 141.0
36 4 82.0 45.0
41 4 120.0 166.0
13 31 53.0 186.0
17 20 62.0 29.0
67 78 54.0 79.0
27 18 8.0 52.0
73 37 85.0 177.0
37 9 145.0 19.0
36 7 10.0 27.0
47 74 151.0 130.0
44 1 15.0 156.0
29 18 54.0 77.0
9 34 66.0 60.0
62 84 95.0 74.0
83 11 154.0 132.0
48 20 123.0 51.0
21 40 6.0 134.0
22 56 73.0 157.0
32 84 142.0 40.0
36 11 105.0 197.0
24 14 127.0 124.0
22 24 140.0 23.0
27 21 132.0 46.0
14 66 180.0 7.0
14 32 57.0 139.0
88 24 43.0 82.0
23 24 118.0 186.0
54 63 74.0 24.0
65 32 123.0 2.0
12 33 4.0 63.0
25 21 144.0 136.0
27 71 89.0 76.0
65 12 147.0 98.0
90 69 178.0 191.0
19 23 103.0 97.0
31 16 160.0 178.0
5 36 71.0 35.0
56 73 41.0 28.0
3 39 169.0 137.0
44 26 2.0 10.0
18 24 197.0 149.0
17 31 153.0 176.0
42 5 37.0 8.0
28 81 23.0 150.0
41 5 27.0 46.0
23 25 197.0 21.0
66 41 107.0 166.0
66 48 10.0 109.0
52 19 134.0 7.0
1 48 77.0 39.0
75 16 162.0 66.0
59 29 57.0 137.0
37 64 142.0 84.0
21 23 57.0 140.0
14 33 44.0 165.0
20 28 128.0 54.0
68 52 141.0 62.0
51 78 62.0 170.0
9 11 40.0 176.0
15 8 111.0 97.0
19 30 164.0 53.0
32 54 159.0 174.0
87 60 191.0 156.0
72 58 155.0 119.0
31 2 126.0 48.0
41 8 41.0 140.0
71 36 11.0 82.0
7 40 184.0 122.0
57 32 57.0 101.0
85 18 173.0 16.0
41 3 83.0 164.0
43 2 111.0 190.0
87 17 156.0 37.0
43 5 15.0 150.0
8 40 180.0 26.0
19 27 77.0 117.0
53 55 198.0 134.0
21 24 163.0 172.0
4 14 162.0 198.0
18 31 93.0 25.0
29 16 188.0 1.0
22 23 190.0 3.0
70 64 147.0 123.0
85 33 7.0 176.0
50 66 7.0 158.0
46 2 191.0 170.0
5 38 94.0 105.0
22 81 89.0 187.0
3 35 90.0 77.0
29 17 28.0 33.0
27 6 144.0 175.0
33 11 158.0 103.0
29 80 129.0 165.0
27 20 114.0 121.0
19 28 117.0 160.0
91 73 55.0 6.0
88 87 133.0 146.0
30 21 80.0 161.0
31 47 35.0 24.0
28 15 156.0 193.0
43 7 85.0 86.0
25 87 52.0 151.0
60 61 143.0 121.0
8 39 52.0 150.0
15 32 133.0 186.0
10 38 66.0 166.0
19 33 179.0 101.0
11 32 164.0 136.0
22 29 153.0 49.0
41 57 166.0 158.0
26 68 75.0 61.0
46 20 25.0 127.0
80 2 40.0 111.0
19 29 153.0 106.0
17 25 194.0 84.0
85 10 115.0 158.0
55 71 175.0 20.0
36 66 126.0 142.0
45 4 121.0 153.0
62 11 28.0 98.0
66 47 63.0 68.0
63 80 162.0 168.0
27 23 45.0 156.0
38 58 20.0 160.0
37 11 88.0 195.0
11 71 25.0 166.0
23 38 60.0 98.0
6 37 51.0 88.0
32 51 100.0 67.0
32 12 169.0 62.0
7 71 66.0 14.0
45 1 61.0 38.0
3 44 74.0 101.0
84 54 168.0 99.0
91 65 141.0 28.0
49 47 55.0 144.0
8 43 60.0 156.0
7 37 191.0 182.0
49 3 25.0 9.0
80 51 86.0 87.0
27 58 108.0 160.0
74 20 196.0 76.0
27 22 105.0 89.0
45 56 55.0 113.0
31 19 100.0 67.0
49 1 132.0 92.0
17 27 25.0 158.0
45 87 38.0 111.0
23 26 194.0 146.0
37 8 146.0 142.0
41 11 60.0 3.0
43 71 119.0 115.0
42 9 81.0 20.0
41 9 134.0 165.0
34 14 122.0 159.0
44 50 58.0 160.0
3 47 183.0 4.0
11 42 63.0 129.0
10 41 52.0 123.0
80 48 90.0 172.0
39 24 108.0 123.0
58 51 77.0 42.0
1 51 37.0 0.0
12 62 172.0 95.0
36 57 51.0 155.0
56 38 184.0 66.0
84 41 18.0 36.0
88 28 56.0 60.0
6 39 112.0 164.0
16 32 189.0 190.0
21 29 88.0 26.0
83 78 25.0 60.0
33 16 178.0 77.0
64 26 21.0 162.0
14 36 168.0 191.0
54 72 15.0 176.0
28 24 13.0 128.0
36 13 164.0 154.0
37 12 18.0 52.0
26 20 35.0 44.0
58 26 37.0 13.0
39 14 5.0 59.0
10 37 188.0 126.0
22 28 194.0 156.0
42 10 47.0 159.0
42 79 70.0 164.0
6 44 157.0 88.0
25 19 66.0 192.0
48 79 174.0 104.0
75 36 162.0 131.0
48 2 124.0 102.0
31 56 107.0 70.0
22 26 0.0 107.0
70 43 95.0 70.0
23 74 25.0 52.0
33 17 1.0 91.0
56 90 39.0 127.0
34 72 132.0 153.0
82 50 132.0 8.0
13 38 8.0 191.0
68 71 156.0 9.0
9 44 113.0 3.0
1 47 138.0 138.0
9 43 159.0 139.0
86 13 143.0 150.0
84 51 144.0 75.0
64 10 25.0 76.0
50 45 174.0 33.0
40 14 40.0 131.0
41 87 120.0 153.0
5 54 99.0 58.0
52 2 153.0 11.0
17 1 140.0 49.0
20 29 80.0 36.0
35 14 26.0 105.0
29 23 3.0 0.0
83 89 111.0 43.0
85 87 16.0 31.0
10 39 16.0 68.0
6 55 55.0 121.0
12 38 113.0 147.0
42 1 159.0 145.0
46 48 133.0 185.0
35 18 178.0 137.0
40 28 191.0 41.0
78 88 176.0 159.0
42 8 58.0 144.0
15 70 3.0 113.0
34 20 35.0 68.0
8 88 148.0 146.0
39 13 61.0 33.0
79 78 42.0 39.0
54 1 40.0 185.0
72 31 123.0 16.0
83 73 30.0 181.0
19 34 119.0 185.0
56 15 158.0 107.0
49 4 140.0 58.0
83 2 158.0 154.0
43 59 173.0 0.0
43 60 35.0 13.0
55 1 5.0 158.0
69 25 25.0 188.0
9 45 149.0 145.0
21 32 55.0 59.0
68 41 146.0 148.0
5 48 126.0 104.0
25 24 177.0 99.0
17 23 27.0 12.0
62 14 44.0 32.0
41 2 57.0 70.0
3 51 77.0 158.0
75 15 180.0 133.0
18 45 199.0 127.0
39 11 134.0 125.0
14 41 185.0 112.0
45 2 191.0 12.0
52 4 118.0 36.0
21 52 115.0 176.0
50 39 148.0 145.0
23 30 142.0 128.0
13 33 198.0 141.0
59 14 183.0 84.0
37 55 189.0 168.0
36 17 176.0 181.0
26 42 51.0 95.0
37 14 4.0 167.0
52 75 13.0 152.0
20 32 5.0 156.0
38 17 31.0 155.0
22 38 112.0 14.0
56 12 13.0 102.0
39 73 101.0 141.0
77 8 183.0 153.0
16 37 121.0 187.0
47 8 78.0 134.0
33 23 11.0 35.0
12 41 8.0 194.0
22 32 121.0 121.0
18 72 114.0 86.0
35 17 118.0 168.0
59 27 180.0 53.0
7 48 81.0 101.0
21 28 54.0 159.0
33 20 122.0 66.0
17 56 21.0 130.0
16 36 68.0 95.0
42 14 92.0 134.0
47 7 82.0 162.0
77 23 72.0 62.0
46 5 138.0 105.0
24 30 180.0 193.0
43 69 50.0 102.0
33 79 196.0 72.0
40 15 119.0 16.0
27 50 166.0 11.0
22 30 85.0 48.0
52 3 197.0 157.0
36 77 175.0 87.0
65 54 42.0 156.0
6 40 19.0 44.0
13 41 136.0 167.0
41 17 40.0 55.0
6 48 44.0 6.0
53 90 182.0 129.0
44 10 189.0 131.0
49 6 85.0 164.0
38 68 198.0 79.0
31 20 182.0 169.0
54 12 132.0 70.0
10 91 112.0 124.0
46 12 136.0 108.0
75 31 52.0 70.0
1 65 35.0 193.0
21 34 127.0 72.0
76 79 121.0 125.0
28 2 124.0 103.0
73 1 9.0 8.0
10 46 195.0 121.0
54 27 102.0 132.0
57 61 152.0 106.0
19 37 80.0 187.0
48 4 95.0 7.0
25 26 144.0 16.0
5 40 163.0 68.0
69 77 49.0 124.0
54 28 128.0 196.0
20 36 150.0 30.0
78 80 39.0 55.0
53 4 149.0 71.0
65 11 122.0 196.0
35 19 94.0 18.0
63 9 185.0 57.0
85 44 29.0 34.0
71 79 110.0 157.0
4 59 194.0 13.0
10 73 169.0 185.0
29 72 21.0 71.0
13 40 1.0 95.0
62 53 20.0 95.0
61 59 21.0 5.0
11 86 170.0 2.0
36 52 86.0 32.0
22 35 33.0 33.0
38 72 32.0 2.0
5 49 17.0 5.0
7 45 125.0 18.0
80 64 119.0 97.0
32 43 56.0 140.0
12 45 21.0 178.0
14 73 163.0 60.0
50 5 178.0 196.0
62 70 146.0 10.0
29 45 69.0 164.0
12 40 82.0 194.0
82 59 114.0 1.0
64 63 192.0 122.0
19 32 100.0 13.0
56 43 24.0 63.0
33 70 134.0 2.0
48 16 137.0 80.0
38 11 47.0 6.0
86 32 75.0 81.0
90 41 141.0 141.0
66 85 21.0 133.0
16 39 180.0 73.0
50 1 90.0 5.0
49 10 61.0 176.0
69 14 103.0 150.0
36 21 184.0 102.0
56 1 105.0 59.0
51 4 2.0 46.0
75 54 132.0 176.0
46 4 1.0 113.0
6 50 37.0 92.0
40 78 1.0 50.0
59 1 83.0 105.0
22 36 19.0 67.0
59 86 65.0 76.0
21 31 95.0 19.0
84 36 35.0 28.0
54 9 135.0 188.0
87 74 40.0 172.0
37 17 130.0 42.0
4 65 86.0 165.0
6 56 105.0 57.0
50 86 95.0 122.0
25 40 14.0 143.0
75 17 182.0 1.0
42 16 179.0 69.0
53 3 75.0 171.0
18 65 145.0 157.0
38 87 75.0 183.0
35 16 76.0 132.0
16 26 183.0 123.0
2 53 86.0 149.0
90 70 157.0 21.0
7 49 65.0 88.0
46 9 101.0 140.0
55 2 42.0 198.0
26 29 185.0 69.0
37 51 148.0 61.0
22 31 157.0 83.0
48 8 144.0 44.0
25 82 130.0 54.0
19 36 40.0 195.0
28 29 132.0 93.0
69 39 63.0 126.0
87 15 151.0 48.0
28 69 109.0 100.0
25 32 0.0 18.0
29 27 6.0 145.0
17 40 35.0 88.0
67 89 0.0 75.0
22 75 14.0 84.0
22 80 190.0 77.0
3 60 9.0 93.0
37 24 135.0 70.0
60 58 1.0 136.0
47 89 31.0 159.0
11 47 77.0 66.0
40 88 8.0 29.0
71 42 178.0 174.0
30 70 136.0 120.0
25 30 170.0 98.0
26 30 40.0 105.0
34 23 113.0 193.0
73 63 162.0 96.0
42 13 36.0 192.0
14 43 20.0 196.0
23 36 114.0 150.0
4 50 5.0 51.0
44 14 195.0 175.0
91 16 31.0 187.0
91 9 157.0 144.0
15 46 37.0 119.0
7 44 113.0 25.0
39 19 172.0 85.0
70 36 70.0 86.0
40 84 46.0 75.0
13 45 12.0 193.0
3 45 14.0 43.0
9 50 45.0 171.0
26 34 37.0 82.0
59 64 39.0 102.0
74 68 178.0 163.0
12 64 138.0 48.0
38 20 34.0 184.0
75 61 66.0 46.0
64 42 71.0 33.0
88 65 111.0 116.0
14 85 106.0 100.0
57 28 139.0 97.0
3 58 21.0 69.0
34 25 106.0 159.0
90 43 127.0 140.0
12 75 88.0 193.0
26 35 7.0 159.0
35 20 86.0 70.0
17 39 186.0 144.0
28 73 18.0 77.0
27 46 70.0 191.0
50 10 112.0 128.0
24 50 127.0 39.0
87 11 35.0 15.0
12 44 50.0 194.0
36 34 82.0 88.0
34 61 64.0 68.0
5 61 186.0 34.0
9 35 60.0 56.0
8 49 76.0 124.0
36 50 13.0 3.0
23 83 14.0 0.0
13 89 49.0 16.0
85 27 151.0 131.0
20 40 21.0 15.0
71 50 142.0 7.0
57 83 105.0 154.0
69 57 157.0 181.0
69 12 93.0 170.0
57 76 4.0 107.0
36 64 80.0 53.0
28 33 175.0 183.0
2 57 139.0 148.0
11 15 177.0 33.0
36 26 73.0 82.0
65 73 12.0 30.0
39 23 12.0 105.0
65 51 143.0 16.0
23 50 125.0 175.0
71 75 199.0 52.0
88 77 11.0 90.0
78 39 181.0 140.0
7 53 34.0 7.0
84 39 94.0 46.0
83 67 168.0 58.0
81 59 12.0 63.0
71 83 158.0 138.0
12 49 8.0 109.0
29 42 2.0 171.0
80 23 92.0 184.0
34 67 27.0 126.0
68 79 122.0 73.0
6 41 0.0 43.0
3 55 156.0 13.0
23 84 45.0 114.0
35 23 188.0 6.0
27 84 52.0 191.0
19 40 126.0 96.0
54 8 98.0 153.0
43 16 80.0 173.0
48 9 18.0 32.0
57 34 19.0 175.0
46 14 146.0 65.0
66 57 193.0 134.0
34 24 89.0 45.0
14 47 122.0 168.0
57 6 167.0 173.0
56 3 113.0 199.0
30 79 36.0 84.0
21 89 82.0 8.0
20 39 70.0 180.0
37 25 48.0 63.0
62 65 148.0 90.0
46 13 22.0 71.0
36 9 135.0 142.0
51 8 56.0 49.0
71 80 107.0 44.0
77 59 148.0 189.0
76 5 77.0 170.0
59 3 131.0 78.0
27 69 153.0 80.0
16 46 109.0 176.0
68 5 41.0 197.0
88 10 89.0 49.0
89 66 179.0 148.0
43 19 31.0 79.0
1 61 45.0 109.0
45 33 83.0 177.0
64 16 85.0 188.0
5 57 11.0 194.0
13 43 150.0 4.0
4 44 72.0 191.0
72 24 100.0 3.0
43 79 86.0 132.0
70 50 169.0 83.0
17 46 39.0 4.0
29 31 133.0 124.0
56 42 47.0 96.0
40 18 155.0 149.0
9 52 156.0 180.0
75 74 107.0 8.0
53 9 151.0 145.0
51 6 169.0 72.0
86 5 15.0 160.0
45 19 34.0 148.0
28 35 73.0 81.0
88 68 155.0 180.0
25 31 3.0 63.0
78 31 162.0 110.0
45 91 153.0 114.0
61 89 78.0 75.0
57 60 140.0 93.0
38 44 131.0 174.0
38 21 40.0 4.0
9 55 114.0 147.0
79 84 193.0 69.0
36 27 54.0 155.0
17 45 176.0 159.0
63 74 127.0 55.0
47 12 94.0 19.0
63 1 189.0 177.0
53 8 95.0 182.0
8 73 166.0 161.0
66 16 30.0 111.0
87 76 101.0 36.0
86 53 152.0 77.0
40 23 52.0 31.0
50 25 135.0 98.0
52 70 100.0 125.0
41 23 29.0 195.0
38 53 184.0 196.0
31 43 51.0 166.0
62 1 119.0 104.0
15 67 180.0 23.0
42 23 107.0 184.0
5 56 53.0 43.0
22 39 69.0 153.0
22 79 119.0 98.0
57 4 146.0 56.0
35 27 184.0 149.0
58 19 175.0 55.0
48 51 110.0 155.0
27 62 191.0 170.0
85 2 34.0 196.0
58 28 16.0 55.0
59 6 105.0 87.0
11 43 10.0 3.0
53 12 143.0 146.0
48 41 51.0 70.0
58 8 167.0 161.0
25 35 89.0 110.0
44 21 133.0 75.0
59 7 58.0 149.0
47 75 139.0 115.0
42 30 50.0 149.0
59 80 135.0 145.0
30 32 83.0 186.0
67 91 108.0 2.0
41 64 79.0 149.0
49 14 132.0 165.0
17 47 142.0 190.0
10 52 188.0 81.0
2 56 152.0 38.0
21 43 33.0 39.0
51 13 96.0 116.0
2 63 60.0 156.0
89 51 106.0 91.0
35 30 189.0 190.0
29 33 26.0 131.0
91 21 166.0 14.0
82 84 82.0 70.0
60 85 196.0 115.0
34 30 116.0 44.0
15 47 188.0 128.0
60 5 93.0 46.0
34 66 199.0 82.0
29 60 5.0 178.0
18 43 181.0 123.0
90 77 194.0 64.0
10 54 95.0 191.0
20 44 120.0 12.0
42 7 199.0 108.0
79 13 141.0 93.0
60 6 62.0 140.0
61 3 175.0 68.0
65 78 116.0 108.0
8 57 193.0 111.0
61 6 123.0 89.0
9 57 30.0 43.0
46 18 10.0 181.0
62 5 105.0 151.0
41 22 199.0 167.0
91 66 81.0 126.0
16 76 68.0 197.0
25 39 167.0 62.0
19 22 156.0 90.0
46 83 53.0 138.0
59 23 152.0 15.0
23 18 100.0 9.0
6 63 76.0 51.0
35 13 199.0 157.0
53 45 122.0 19.0
52 80 129.0 41.0
59 8 44.0 85.0
52 14 158.0 50.0
59 5 193.0 62.0
52 11 146.0 93.0
20 75 68.0 174.0
89 57 36.0 19.0
25 33 156.0 111.0
5 53 160.0 38.0
76 43 5.0 157.0
29 35 146.0 115.0
90 80 8.0 139.0
36 85 1.0 154.0
56 10 105.0 21.0
44 24 105.0 93.0
67 88 55.0 61.0
46 8 97.0 167.0
28 3 178.0 54.0
63 45 60.0 76.0
4 62 149.0 68.0
61 7 183.0 150.0
6 54 171.0 40.0
52 12 147.0 76.0
27 34 151.0 2.0
46 22 68.0 0.0
78 5 82.0 46.0
49 54 123.0 142.0
47 22 192.0 72.0
34 32 145.0 127.0
32 31 15.0 116.0
3 62 94.0 114.0
40 26 22.0 45.0
18 50 189.0 90.0
79 74 27.0 71.0
55 11 51.0 102.0
46 21 17.0 195.0
40 68 151.0 162.0
14 29 46.0 118.0
58 17 56.0 92.0
8 52 92.0 30.0
21 42 139.0 82.0
38 67 172.0 118.0
23 85 151.0 175.0
38 47 198.0 168.0
36 29 39.0 149.0
54 11 136.0 37.0
69 76 153.0 192.0
44 22 107.0 198.0
4 6 57.0 198.0
72 52 160.0 181.0
48 18 34.0 111.0
75 23 29.0 32.0
20 42 124.0 20.0
56 32 157.0 12.0
70 41 110.0 63.0
13 53 26.0 17.0
39 29 182.0 35.0
43 24 171.0 143.0
20 47 60.0 5.0
26 39 153.0 89.0
51 15 29.0 78.0
7 81 9.0 186.0
20 45 178.0 119.0
35 31 155.0 156.0
31 71 138.0 90.0
22 43 141.0 109.0
42 27 182.0 2.0
52 17 131.0 135.0
42 24 23.0 160.0
9 60 7.0 32.0
2 67 162.0 137.0
38 78 94.0 70.0
37 30 102.0 184.0
55 45 40.0 43.0
43 84 167.0 22.0
17 49 194.0 98.0
78 72 83.0 169.0
19 83 160.0 90.0
45 32 145.0 75.0
3 64 62.0 191.0
32 37 106.0 164.0
42 39 133.0 146.0
85 84 150.0 52.0
54 16 154.0 96.0
14 51 68.0 38.0
2 66 125.0 181.0
54 15 133.0 22.0
21 45 162.0 147.0
10 59 67.0 20.0
33 32 85.0 152.0
33 35 118.0 36.0
49 15 114.0 73.0
30 56 170.0 135.0
64 52 155.0 48.0
53 14 77.0 40.0
80 73 82.0 191.0
69 60 76.0 150.0
50 20 17.0 113.0
39 31 13.0 135.0
12 57 136.0 80.0
51 19 71.0 59.0
48 11 159.0 26.0
15 52 70.0 36.0
53 15 59.0 152.0
71 28 119.0 87.0
58 81 168.0 136.0
46 19 88.0 133.0
65 2 160.0 24.0
89 88 167.0 183.0
15 45 176.0 126.0
46 23 187.0 46.0
3 65 35.0 46.0
31 38 114.0 155.0
29 47 188.0 82.0
64 2 4.0 76.0
7 57 65.0 116.0
61 9 134.0 33.0
33 36 145.0 110.0
50 19 23.0 132.0
74 28 112.0 11.0
48 23 54.0 26.0
4 82 133.0 42.0
32 38 160.0 89.0
17 50 163.0 26.0
33 37 20.0 97.0
57 44 4.0 165.0
4 61 175.0 180.0
28 39 149.0 39.0
34 31 174.0 4.0
80 33 105.0 107.0
82 87 144.0 65.0
62 22 161.0 107.0
49 19 129.0 134.0
5 4 185.0 133.0
61 11 34.0 112.0
10 57 117.0 136.0
49 75 47.0 44.0
24 45 111.0 152.0
65 52 53.0 55.0
66 1 115.0 167.0
59 13 139.0 44.0
68 13 54.0 124.0
62 34 52.0 40.0
47 43 110.0 121.0
22 48 159.0 157.0
25 42 169.0 70.0
42 28 92.0 174.0
13 57 15.0 159.0
65 6 147.0 155.0
85 11 81.0 153.0
11 45 161.0 85.0
31 36 190.0 72.0
63 60 41.0 101.0
15 55 26.0 10.0
37 31 146.0 70.0
46 25 121.0 162.0
52 82 23.0 68.0
21 48 121.0 105.0
39 57 40.0 82.0
3 79 122.0 183.0
11 81 35.0 163.0
14 54 66.0 13.0
18 53 37.0 13.0
41 59 50.0 110.0
45 26 96.0 73.0
60 12 22.0 169.0
51 21 70.0 14.0
58 7 102.0 192.0
59 12 98.0 89.0
46 26 193.0 165.0
54 17 50.0 30.0
22 88 53.0 100.0
1 69 127.0 101.0
29 38 177.0 101.0
50 46 185.0 199.0
56 11 51.0 40.0
38 51 182.0 101.0
50 22 17.0 127.0
21 47 5.0 19.0
35 38 26.0 58.0
56 14 53.0 105.0
39 32 58.0 182.0
42 81 138.0 195.0
69 11 177.0 141.0
51 22 149.0 159.0
67 3 10.0 118.0
33 38 198.0 15.0
82 58 6.0 176.0
62 2 73.0 11.0
23 47 161.0 83.0
46 24 52.0 51.0
51 20 183.0 30.0
19 64 1.0 84.0
11 59 128.0 163.0
38 71 102.0 78.0
91 31 47.0 108.0
26 43 24.0 120.0
25 38 192.0 137.0
60 14 3.0 45.0
74 80 177.0 138.0
15 48 148.0 179.0
8 60 117.0 76.0
6 66 30.0 19.0
65 25 98.0 77.0
58 4 17.0 74.0
22 59 42.0 10.0
73 64 141.0 197.0
44 25 50.0 119.0
27 45 87.0 151.0
63 10 18.0 157.0
26 48 48.0 0.0
71 3 112.0 147.0
74 32 36.0 130.0
91 72 41.0 30.0
50 21 181.0 134.0
56 33 178.0 183.0
1 84 48.0 17.0
2 70 152.0 18.0
67 7 63.0 153.0
31 42 132.0 128.0
16 58 162.0 120.0
11 58 49.0 155.0
49 62 197.0 30.0
15 26 199.0 175.0
55 19 118.0 199.0
24 47 22.0 22.0
50 69 188.0 37.0
40 29 157.0 72.0
73 85 77.0 119.0
58 12 23.0 126.0
91 80 60.0 20.0
61 13 78.0 59.0
65 9 59.0 148.0
53 22 15.0 33.0
73 2 181.0 155.0
71 65 115.0 138.0
2 69 113.0 193.0
7 60 50.0 88.0
76 34 6.0 62.0
74 41 44.0 84.0
77 58 160.0 55.0
19 54 156.0 127.0
9 71 99.0 138.0
57 15 32.0 166.0
8 65 123.0 97.0
34 55 11.0 125.0
18 55 151.0 17.0
56 29 194.0 147.0
5 66 191.0 154.0
73 59 2.0 100.0
38 26 128.0 53.0
81 87 105.0 112.0
49 22 10.0 28.0
33 40 89.0 173.0
55 13 156.0 192.0
84 5 128.0 150.0
73 71 186.0 72.0
41 33 158.0 141.0
47 26 180.0 38.0
66 3 146.0 37.0
9 58 155.0 108.0
25 43 18.0 197.0
66 23 68.0 174.0
6 68 176.0 148.0
1 88 176.0 115.0
63 13 58.0 134.0
84 10 169.0 39.0
27 43 36.0 115.0
31 33 170.0 143.0
34 38 82.0 140.0
45 28 115.0 102.0
23 49 28.0 44.0
32 28 119.0 156.0
1 75 169.0 178.0
86 54 42.0 138.0
8 67 196.0 30.0
69 6 38.0 166.0
72 3 100.0 72.0
24 36 20.0 168.0
36 38 152.0 49.0
5 65 138.0 71.0
32 40 167.0 107.0
64 48 72.0 9.0
61 15 32.0 68.0
72 2 184.0 23.0
85 21 171.0 85.0
61 12 199.0 191.0
7 68 140.0 151.0
50 48 198.0 78.0
50 26 50.0 117.0
9 66 139.0 74.0
7 66 36.0 123.0
84 13 174.0 21.0
31 44 64.0 145.0
4 69 80.0 63.0
55 21 79.0 20.0
28 43 20.0 29.0
48 27 27.0 23.0
80 47 95.0 166.0
47 28 169.0 132.0
31 45 30.0 143.0
38 41 178.0 94.0
13 65 59.0 58.0
18 56 167.0 91.0
41 40 171.0 188.0
7 70 148.0 198.0
10 66 100.0 43.0
66 4 194.0 69.0
37 38 147.0 24.0
78 1 136.0 77.0
17 59 54.0 147.0
39 27 149.0 21.0
28 48 34.0 73.0
4 70 81.0 182.0
41 32 98.0 181.0
16 56 41.0 44.0
77 51 126.0 141.0
1 74 69.0 62.0
74 15 23.0 123.0
29 46 63.0 125.0
75 3 126.0 97.0
15 60 65.0 159.0
14 64 65.0 163.0
1 70 64.0 59.0
63 12 69.0 190.0
29 43 76.0 138.0
43 34 165.0 52.0
72 37 112.0 28.0
35 42 4.0 190.0
60 19 69.0 70.0
82 19 187.0 86.0
60 17 124.0 3.0
44 53 20.0 146.0
77 86 162.0 48.0
64 40 104.0 128.0
39 76 12.0 16.0
73 49 46.0 17.0
67 59 199.0 115.0
30 45 73.0 138.0
59 18 149.0 198.0
11 63 35.0 169.0
9 67 126.0 198.0
10 77 3.0 30.0
24 64 76.0 16.0
76 22 113.0 123.0
26 51 152.0 113.0
90 34 196.0 26.0
44 28 183.0 97.0
52 25 52.0 19.0
45 37 9.0 179.0
76 61 137.0 13.0
16 59 165.0 166.0
1 72 142.0 78.0
1 76 128.0 94.0
24 77 44.0 76.0
12 87 120.0 179.0
44 33 130.0 173.0
46 31 118.0 140.0
3 85 25.0 8.0
5 70 52.0 190.0
40 36 198.0 146.0
40 37 111.0 78.0
41 36 65.0 107.0
56 23 22.0 186.0
64 9 109.0 153.0
59 19 32.0 179.0
57 29 36.0 58.0
60 18 80.0 40.0
46 41 186.0 31.0
73 74 147.0 97.0
71 6 143.0 13.0
74 2 33.0 166.0
67 12 181.0 94.0
54 22 66.0 165.0
4 73 127.0 102.0
51 27 45.0 159.0
37 35 162.0 31.0
24 52 116.0 110.0
63 14 186.0 11.0
69 8 192.0 171.0
89 79 68.0 125.0
86 84 153.0 86.0
7 76 42.0 32.0
50 60 114.0 39.0
46 36 186.0 29.0
90 89 46.0 54.0
23 51 144.0 32.0
9 62 52.0 88.0
10 67 161.0 120.0
25 66 73.0 67.0
17 55 182.0 115.0
85 40 178.0 48.0
38 54 186.0 116.0
23 55 134.0 32.0
35 73 40.0 30.0
87 26 193.0 92.0
36 43 195.0 106.0
9 89 71.0 68.0
65 10 116.0 53.0
20 61 173.0 46.0
1 71 148.0 159.0
21 49 179.0 34.0
34 28 130.0 171.0
76 3 27.0 75.0
25 53 105.0 22.0
68 10 180.0 128.0
48 30 21.0 97.0
53 24 167.0 146.0
38 42 96.0 67.0
18 52 159.0 75.0
35 41 110.0 90.0
5 72 148.0 137.0
24 74 55.0 5.0
38 40 132.0 35.0
52 27 55.0 154.0
87 23 38.0 175.0
73 7 158.0 135.0
67 20 119.0 118.0
43 49 176.0 30.0
32 91 177.0 76.0
40 39 185.0 32.0
30 46 186.0 117.0
24 54 84.0 194.0
29 79 186.0 122.0
43 81 60.0 144.0
10 89 29.0 179.0
30 49 4.0 158.0
67 11 112.0 181.0
84 64 187.0 49.0
56 21 88.0 173.0
30 47 18.0 172.0
42 82 100.0 156.0
71 19 172.0 112.0
71 57 193.0 154.0
52 26 134.0 197.0
69 9 166.0 198.0
23 57 80.0 153.0
74 6 107.0 168.0
61 10 87.0 77.0
58 55 92.0 139.0
59 20 105.0 65.0
55 26 147.0 98.0
58 21 133.0 81.0
24 55 74.0 52.0
48 87 44.0 154.0
62 17 187.0 103.0
44 19 155.0 26.0
60 36 4.0 48.0
55 25 62.0 109.0
15 63 23.0 10.0
62 18 138.0 108.0
75 6 153.0 164.0
70 9 106.0 149.0
46 34 112.0 45.0
62 57 104.0 20.0
1 6 156.0 109.0
67 14 25.0 19.0
2 78 138.0 48.0
71 5 51.0 77.0
36 45 139.0 157.0
53 26 9.0 197.0
77 29 1.0 73.0
85 78 103.0 58.0
46 91 102.0 59.0
58 22 20.0 127.0
80 24 140.0 158.0
42 37 57.0 191.0
29 52 45.0 148.0
25 54 70.0 6.0
53 23 7.0 24.0
68 36 142.0 110.0
89 18 42.0 45.0
73 50 67.0 14.0
37 80 192.0 7.0
15 64 45.0 49.0
88 83 58.0 42.0
60 67 187.0 81.0
63 19 109.0 146.0
87 55 92.0 51.0
4 76 185.0 86.0
40 43 129.0 53.0
85 15 90.0 121.0
31 89 63.0 88.0
80 18 117.0 121.0
28 52 163.0 56.0
16 63 150.0 72.0
12 68 92.0 42.0
51 46 1.0 77.0
49 31 112.0 130.0
34 29 106.0 154.0
42 33 196.0 121.0
72 6 56.0 65.0
43 37 57.0 171.0
35 46 39.0 7.0
7 56 146.0 83.0
13 71 169.0 99.0
61 88 90.0 81.0
54 30 157.0 148.0
54 26 155.0 153.0
42 75 62.0 11.0
77 1 121.0 71.0
4 74 199.0 112.0
47 33 20.0 98.0
61 18 103.0 189.0
77 3 11.0 193.0
10 69 39.0 169.0
14 58 28.0 194.0
76 32 90.0 91.0
21 60 20.0 164.0
56 25 82.0 20.0
72 13 132.0 102.0
80 1 198.0 35.0
66 46 27.0 10.0
66 12 37.0 66.0
10 70 3.0 17.0
15 66 62.0 93.0
29 51 72.0 82.0
73 9 110.0 155.0
78 3 96.0 42.0
50 33 70.0 94.0
84 65 186.0 49.0
41 39 193.0 23.0
53 59 51.0 196.0
8 70 28.0 113.0
29 53 137.0 101.0
35 40 79.0 199.0
25 47 22.0 175.0
72 8 135.0 45.0
77 5 65.0 121.0
7 72 43.0 58.0
74 8 191.0 95.0
88 14 51.0 172.0
14 86 63.0 140.0
87 40 98.0 94.0
77 4 106.0 121.0
7 74 120.0 41.0
61 23 175.0 186.0
62 48 101.0 18.0
18 64 155.0 45.0
34 48 182.0 6.0
53 30 123.0 197.0
71 10 169.0 173.0
64 20 155.0 75.0
60 24 177.0 75.0
84 7 194.0 152.0
42 41 165.0 95.0
63 22 62.0 72.0
33 48 199.0 196.0
62 19 165.0 74.0
28 55 150.0 134.0
1 81 59.0 57.0
14 70 11.0 188.0
57 25 60.0 5.0
62 58 2.0 177.0
5 75 103.0 16.0
74 10 7.0 54.0
60 22 148.0 124.0
34 49 23.0 98.0
39 47 0.0 34.0
50 31 90.0 163.0
25 58 33.0 150.0
72 10 15.0 187.0
35 67 159.0 118.0
63 18 32.0 118.0
23 58 183.0 180.0
19 86 175.0 158.0
52 31 130.0 127.0
1 83 186.0 172.0
12 71 81.0 19.0
69 89 81.0 97.0
47 35 83.0 40.0
44 39 146.0 115.0
61 53 156.0 81.0
42 40 121.0 83.0
79 1 104.0 4.0
27 55 64.0 42.0
80 43 52.0 146.0
38 45 182.0 86.0
70 13 55.0 18.0
61 24 141.0 1.0
66 19 164.0 50.0
8 75 12.0 38.0
17 63 149.0 68.0
41 44 69.0 13.0
53 28 96.0 74.0
52 32 69.0 31.0
49 33 179.0 124.0
21 65 68.0 121.0
66 87 187.0 184.0
37 48 104.0 151.0
80 42 35.0 53.0
33 74 159.0 56.0
46 38 189.0 56.0
61 16 33.0 10.0
47 37 22.0 12.0
87 44 76.0 90.0
62 21 65.0 15.0
17 68 18.0 169.0
46 39 22.0 5.0
85 35 28.0 133.0
72 66 34.0 169.0
74 13 68.0 67.0
90 11 29.0 91.0
17 81 126.0 105.0
12 91 114.0 143.0
69 13 178.0 132.0
82 1 137.0 152.0
6 91 142.0 166.0
35 51 8.0 129.0
80 5 84.0 28.0
85 80 98.0 113.0
70 37 165.0 24.0
81 6 82.0 79.0
57 26 23.0 13.0
49 35 3.0 112.0
24 48 183.0 97.0
80 86 137.0 143.0
84 2 155.0 21.0
17 69 96.0 53.0
6 80 100.0 61.0
22 57 180.0 135.0
26 60 61.0 155.0
70 67 69.0 64.0
74 50 168.0 52.0
32 53 115.0 105.0
51 34 9.0 70.0
4 72 71.0 105.0
59 33 102.0 123.0
24 62 20.0 34.0
31 51 176.0 81.0
12 73 58.0 197.0
26 56 199.0 26.0
36 48 66.0 114.0
30 55 175.0 28.0
66 81 70.0 46.0
32 47 16.0 124.0
10 76 195.0 37.0
74 53 59.0 123.0
35 64 75.0 118.0
74 34 21.0 74.0
11 75 142.0 39.0
89 64 41.0 117.0
14 68 157.0 111.0
7 80 74.0 174.0
52 22 44.0 21.0
72 16 49.0 103.0
15 72 41.0 124.0
6 76 50.0 14.0
20 66 119.0 144.0
83 3 26.0 160.0
78 20 15.0 184.0
15 73 3.0 42.0
4 80 154.0 199.0
39 75 176.0 156.0
67 52 50.0 18.0
28 83 73.0 52.0
86 1 112.0 144.0
71 17 35.0 90.0
8 85 137.0 2.0
61 26 57.0 92.0
71 22 116.0 164.0
38 49 126.0 44.0
68 20 135.0 128.0
79 9 37.0 161.0
75 9 33.0 101.0
45 78 89.0 68.0
49 37 155.0 179.0
76 62 175.0 164.0
47 91 13.0 91.0
62 23 105.0 91.0
4 81 101.0 40.0
74 14 127.0 91.0
43 78 173.0 160.0
27 89 107.0 14.0
40 46 71.0 14.0
36 49 132.0 47.0
57 63 59.0 97.0
43 41 81.0 164.0
8 76 158.0 134.0
45 40 121.0 85.0
17 64 10.0 46.0
28 59 134.0 69.0
65 24 175.0 6.0
76 9 121.0 107.0
67 29 74.0 180.0
80 8 103.0 107.0
9 77 116.0 61.0
87 65 93.0 190.0
79 63 26.0 103.0
60 89 8.0 161.0
84 4 70.0 183.0
12 70 67.0 143.0
84 6 144.0 141.0
42 45 179.0 47.0
68 18 13.0 95.0
22 65 7.0 106.0
60 27 75.0 34.0
8 84 95.0 83.0
64 23 38.0 117.0
54 33 61.0 57.0
81 5 62.0 5.0
42 46 193.0 41.0
50 29 177.0 158.0
85 54 0.0 185.0
11 74 16.0 75.0
19 65 136.0 111.0
83 7 144.0 126.0
46 32 131.0 157.0
54 56 86.0 145.0
37 79 138.0 31.0
21 66 152.0 115.0
78 11 88.0 152.0
70 18 141.0 105.0
12 55 173.0 77.0
89 1 143.0 69.0
74 12 25.0 26.0
61 43 13.0 111.0
8 82 88.0 151.0
29 49 147.0 40.0
21 70 95.0 36.0
52 37 120.0 188.0
45 43 115.0 45.0
58 31 112.0 10.0
83 6 186.0 138.0
88 58 174.0 151.0
7 79 85.0 62.0
71 18 145.0 33.0
48 40 76.0 40.0
35 54 79.0 148.0
26 59 172.0 194.0
16 73 152.0 37.0
19 70 58.0 138.0
26 77 129.0 32.0
4 83 170.0 14.0
67 22 52.0 116.0
46 59 38.0 81.0
4 85 88.0 118.0
25 62 82.0 13.0
12 76 167.0 34.0
15 71 57.0 26.0
25 61 110.0 186.0
77 85 158.0 33.0
65 58 77.0 10.0
85 6 51.0 115.0
53 36 96.0 91.0
38 62 71.0 178.0
83 72 83.0 39.0
72 14 55.0 93.0
55 35 132.0 166.0
58 87 89.0 90.0
41 45 61.0 118.0
82 56 17.0 112.0
42 49 69.0 65.0
28 49 119.0 92.0
77 63 98.0 154.0
71 20 24.0 106.0
11 44 15.0 108.0
50 52 75.0 56.0
43 68 100.0 88.0
41 49 131.0 118.0
17 66 121.0 152.0
20 69 140.0 40.0
20 81 124.0 191.0
26 62 25.0 100.0
37 41 96.0 193.0
66 24 116.0 171.0
31 57 88.0 16.0
67 25 73.0 19.0
68 21 153.0 195.0
86 49 143.0 46.0
30 59 81.0 20.0
80 11 159.0 106.0
62 20 145.0 55.0
22 69 181.0 61.0
64 25 154.0 21.0
87 3 186.0 27.0
40 47 82.0 92.0
63 82 48.0 26.0
87 2 13.0 129.0
65 26 56.0 172.0
77 44 44.0 1.0
49 40 146.0 177.0
50 61 9.0 100.0
63 29 57.0 148.0
41 47 168.0 140.0
34 52 105.0 17.0
58 86 138.0 70.0
38 52 126.0 146.0
79 12 130.0 122.0
9 78 8.0 76.0
62 43 193.0 17.0
40 52 167.0 2.0
67 23 183.0 88.0
72 33 128.0 40.0
27 87 42.0 19.0
63 53 77.0 120.0
5 85 28.0 159.0
89 38 145.0 36.0
55 36 30.0 90.0
60 32 177.0 197.0
15 76 199.0 112.0
17 61 50.0 80.0
46 44 72.0 44.0
9 83 130.0 101.0
27 64 53.0 110.0
89 2 118.0 150.0
64 49 76.0 148.0
42 48 175.0 53.0
18 73 29.0 127.0
35 56 38.0 31.0
87 5 122.0 110.0
9 81 150.0 4.0
82 46 74.0 155.0
79 10 23.0 192.0
71 21 85.0 99.0
12 77 172.0 61.0
67 21 94.0 154.0
40 51 5.0 132.0
64 28 4.0 127.0
60 25 184.0 106.0
44 48 69.0 10.0
12 80 167.0 44.0
91 1 35.0 5.0
73 20 71.0 160.0
59 32 105.0 165.0
61 31 64.0 110.0
44 47 4.0 69.0
36 56 128.0 140.0
9 82 59.0 149.0
23 68 54.0 179.0
73 19 89.0 89.0
60 31 112.0 161.0
82 10 119.0 169.0
88 49 125.0 183.0
55 38 198.0 81.0
72 20 73.0 126.0
10 80 83.0 132.0
16 49 110.0 137.0
47 34 153.0 0.0
6 77 48.0 17.0
91 44 24.0 167.0
45 47 142.0 101.0
68 24 39.0 92.0
68 31 136.0 112.0
70 23 68.0 19.0
66 27 11.0 178.0
77 14 20.0 165.0
3 81 187.0 68.0
56 81 42.0 11.0
62 31 149.0 136.0
77 17 60.0 188.0
18 69 45.0 196.0
28 60 12.0 113.0
61 54 164.0 24.0
81 12 114.0 137.0
46 47 148.0 101.0
41 51 187.0 191.0
61 32 128.0 136.0
89 5 107.0 140.0
25 68 80.0 152.0
16 67 84.0 93.0
82 13 180.0 0.0
42 51 133.0 46.0
12 78 40.0 82.0
51 39 92.0 27.0
18 76 164.0 172.0
26 66 23.0 71.0
51 43 7.0 103.0
59 35 152.0 91.0
4 88 75.0 84.0
58 37 76.0 161.0
14 75 146.0 116.0
66 56 28.0 190.0
32 58 105.0 193.0
48 69 130.0 80.0
46 45 34.0 89.0
3 90 102.0 186.0
14 79 158.0 129.0
11 82 136.0 35.0
74 86 161.0 82.0
75 18 113.0 190.0
6 89 164.0 19.0
42 90 192.0 94.0
82 32 72.0 26.0
30 61 46.0 174.0
88 62 190.0 4.0
73 29 87.0 126.0
64 29 94.0 1.0
74 18 20.0 7.0
80 67 77.0 136.0
19 75 17.0 21.0
87 7 36.0 89.0
78 23 1.0 82.0
38 57 121.0 143.0
8 86 125.0 8.0
56 57 16.0 171.0
35 86 30.0 188.0
62 29 91.0 60.0
69 24 26.0 108.0
90 6 46.0 62.0
22 72 36.0 47.0
4 86 117.0 157.0
36 73 146.0 42.0
82 12 184.0 114.0
75 21 156.0 166.0
79 17 86.0 199.0
36 86 141.0 113.0
7 89 175.0 140.0
71 24 111.0 164.0
52 44 94.0 180.0
33 55 71.0 40.0
91 5 186.0 55.0
58 35 188.0 143.0
41 54 12.0 27.0
65 28 116.0 105.0
27 67 195.0 92.0
60 34 115.0 106.0
8 87 73.0 9.0
7 88 151.0 144.0
37 59 166.0 138.0
43 53 76.0 106.0
30 64 34.0 88.0
79 16 45.0 150.0
13 81 24.0 40.0
67 28 84.0 91.0
26 69 150.0 109.0
67 30 10.0 101.0
71 69 32.0 128.0
58 36 104.0 109.0
89 34 194.0 90.0
10 78 135.0 39.0
45 51 93.0 111.0
47 51 68.0 129.0
74 29 109.0 18.0
55 42 199.0 72.0
15 83 191.0 32.0
48 47 4.0 47.0
46 49 186.0 198.0
70 25 21.0 73.0
25 71 151.0 114.0
53 40 147.0 19.0
78 18 126.0 56.0
63 33 27.0 77.0
48 83 68.0 19.0
43 77 149.0 72.0
73 25 38.0 87.0
3 91 184.0 59.0
44 82 188.0 135.0
86 33 4.0 135.0
21 73 107.0 82.0
69 51 57.0 135.0
76 14 79.0 125.0
40 54 128.0 28.0
83 13 88.0 166.0
56 41 76.0 72.0
41 85 24.0 64.0
55 41 8.0 180.0
14 84 70.0 67.0
33 58 99.0 79.0
74 21 129.0 178.0
87 10 79.0 57.0
32 62 54.0 167.0
77 21 160.0 82.0
37 86 63.0 185.0
89 52 95.0 23.0
41 53 106.0 118.0
66 32 2.0 157.0
57 37 109.0 83.0
14 82 73.0 189.0
56 61 174.0 79.0
51 90 98.0 134.0
59 40 60.0 114.0
32 79 73.0 107.0
78 58 26.0 131.0
42 52 129.0 28.0
84 81 70.0 39.0
64 33 24.0 95.0
46 87 188.0 150.0
8 89 98.0 39.0
79 18 49.0 158.0
84 11 23.0 122.0
48 86 18.0 1.0
16 82 116.0 147.0
80 75 47.0 138.0
47 50 159.0 71.0
85 12 46.0 147.0
38 59 118.0 144.0
63 36 134.0 119.0
52 45 115.0 109.0
72 25 91.0 85.0
77 20 135.0 159.0
76 21 41.0 182.0
52 47 195.0 0.0
18 77 189.0 193.0
86 12 130.0 59.0
53 47 16.0 64.0
74 22 169.0 83.0
60 40 78.0 60.0
76 20 76.0 13.0
24 73 57.0 69.0
73 26 85.0 52.0
7 91 160.0 74.0
50 35 184.0 42.0
66 52 188.0 153.0
32 64 170.0 109.0
77 19 62.0 0.0
30 77 164.0 90.0
79 38 66.0 173.0
61 37 55.0 151.0
44 54 16.0 168.0
70 27 176.0 152.0
72 61 4.0 116.0
74 56 3.0 127.0
61 39 90.0 17.0
46 89 54.0 6.0
71 30 152.0 120.0
36 59 85.0 159.0
38 63 114.0 101.0
25 74 111.0 42.0
16 83 109.0 67.0
66 29 133.0 64.0
49 50 15.0 175.0
13 87 159.0 21.0
70 26 22.0 111.0
16 84 119.0 59.0
69 21 192.0 185.0
51 44 182.0 103.0
90 8 124.0 92.0
26 72 191.0 9.0
17 83 130.0 158.0
50 64 181.0 89.0
56 46 142.0 155.0
31 64 125.0 13.0
58 43 199.0 117.0
64 38 118.0 181.0
63 55 163.0 42.0
33 69 124.0 154.0
42 58 56.0 6.0
61 70 68.0 189.0
58 85 127.0 10.0
55 44 192.0 4.0
16 85 153.0 143.0
25 76 92.0 71.0
81 18 36.0 55.0
37 60 7.0 160.0
80 19 118.0 15.0
73 27 167.0 138.0
61 41 118.0 46.0
62 39 50.0 62.0
57 77 122.0 3.0
24 75 183.0 14.0
57 43 9.0 19.0
46 52 58.0 168.0
82 38 16.0 128.0
17 76 195.0 183.0
76 67 41.0 65.0
51 61 157.0 43.0
29 65 165.0 31.0
70 32 14.0 149.0
68 62 2.0 175.0
8 79 150.0 60.0
80 21 21.0 118.0
4 91 76.0 16.0
34 64 69.0 118.0
24 78 196.0 178.0
60 41 34.0 161.0
63 65 26.0 49.0
17 85 35.0 29.0
38 61 48.0 137.0
20 82 92.0 21.0
26 71 145.0 169.0
77 25 134.0 14.0
90 7 113.0 130.0
52 43 114.0 147.0
77 27 41.0 141.0
70 34 93.0 76.0
31 63 49.0 94.0
43 55 130.0 94.0
51 52 79.0 76.0
76 23 6.0 14.0
30 63 94.0 119.0
65 36 199.0 9.0
70 28 140.0 40.0
39 63 91.0 186.0
81 24 55.0 141.0
86 41 156.0 186.0
59 44 104.0 36.0
20 79 148.0 110.0
73 30 143.0 42.0
29 69 168.0 94.0
53 49 177.0 61.0
72 67 190.0 69.0
89 14 130.0 197.0
74 31 151.0 39.0
57 46 110.0 55.0
84 19 31.0 58.0
52 58 100.0 174.0
48 49 105.0 21.0
15 89 62.0 35.0
81 23 16.0 4.0
36 67 71.0 146.0
64 39 39.0 22.0
36 74 193.0 101.0
63 40 46.0 177.0
32 68 163.0 98.0
44 79 31.0 69.0
51 63 90.0 45.0
20 80 82.0 106.0
60 30 45.0 153.0
31 69 107.0 84.0
78 26 102.0 52.0
58 44 156.0 100.0
33 71 57.0 119.0
50 55 80.0 40.0
14 90 108.0 170.0
54 48 195.0 142.0
90 13 176.0 193.0
41 58 130.0 83.0
90 16 63.0 185.0
59 45 50.0 19.0
37 66 163.0 59.0
55 86 132.0 43.0
45 60 80.0 192.0
84 20 28.0 28.0
35 62 157.0 5.0
50 54 17.0 87.0
81 73 198.0 81.0
48 71 98.0 48.0
58 84 127.0 61.0
37 68 152.0 11.0
13 88 64.0 185.0
58 54 121.0 93.0
48 58 84.0 78.0
47 59 171.0 102.0
23 79 100.0 169.0
83 22 131.0 198.0
38 80 45.0 10.0
73 68 90.0 149.0
16 81 115.0 107.0
85 19 133.0 36.0
54 52 44.0 170.0
42 61 173.0 167.0
35 68 146.0 73.0
72 32 39.0 77.0
31 70 56.0 84.0
34 58 37.0 99.0
71 62 68.0 152.0
45 61 64.0 153.0
44 35 141.0 60.0
91 14 106.0 115.0
56 51 22.0 53.0
30 69 104.0 14.0
87 18 134.0 113.0
88 15 157.0 171.0
76 64 32.0 177.0
51 53 173.0 48.0
58 49 153.0 115.0
89 17 53.0 60.0
64 43 143.0 27.0
53 52 21.0 199.0
69 36 176.0 108.0
76 24 150.0 85.0
75 53 74.0 134.0
58 47 47.0 0.0
45 57 179.0 152.0
22 85 75.0 184.0
76 65 129.0 170.0
15 84 145.0 102.0
51 55 63.0 74.0
73 55 53.0 165.0
76 28 167.0 79.0
61 40 29.0 166.0
29 78 99.0 161.0
59 48 112.0 127.0
23 82 115.0 41.0
25 80 54.0 60.0
84 21 52.0 69.0
44 68 172.0 57.0
25 78 73.0 139.0
67 58 115.0 54.0
82 26 106.0 14.0
50 76 174.0 19.0
74 27 10.0 89.0
32 77 119.0 64.0
35 65 138.0 123.0
56 88 6.0 110.0
65 42 86.0 31.0
83 25 178.0 153.0
53 54 70.0 36.0
20 87 4.0 45.0
33 60 80.0 15.0
79 28 129.0 199.0
19 88 37.0 67.0
58 50 174.0 195.0
70 35 134.0 12.0
31 76 70.0 64.0
85 25 51.0 141.0
79 31 128.0 56.0
21 81 13.0 160.0
71 32 123.0 142.0
50 56 91.0 160.0
56 67 119.0 17.0
88 17 0.0 53.0
50 59 185.0 22.0
44 61 29.0 189.0
38 69 78.0 109.0
60 35 26.0 91.0
47 57 17.0 102.0
60 48 134.0 60.0
85 20 105.0 53.0
71 35 6.0 57.0
89 20 48.0 143.0
2 82 1.0 78.0
66 42 101.0 31.0
67 41 191.0 80.0
51 54 101.0 160.0
83 26 119.0 35.0
44 43 60.0 176.0
38 66 25.0 66.0
84 25 117.0 74.0
24 84 175.0 118.0
27 80 53.0 29.0
15 90 130.0 44.0
28 66 39.0 32.0
63 46 131.0 110.0
19 91 158.0 191.0
88 23 43.0 184.0
90 21 168.0 160.0
18 90 5.0 96.0
81 30 156.0 58.0
79 81 29.0 38.0
52 57 93.0 20.0
83 40 102.0 176.0
61 49 43.0 60.0
17 90 51.0 86.0
91 15 168.0 171.0
61 36 10.0 174.0
49 79 130.0 118.0
68 85 51.0 159.0
80 30 21.0 97.0
27 81 33.0 75.0
45 64 121.0 76.0
24 85 186.0 124.0
22 87 190.0 107.0
61 63 60.0 0.0
87 21 105.0 190.0
50 57 157.0 108.0
45 65 145.0 130.0
86 23 24.0 178.0
87 30 25.0 97.0
58 80 80.0 163.0
63 47 33.0 22.0
77 41 169.0 93.0
61 48 23.0 74.0
63 49 20.0 180.0
20 90 171.0 117.0
41 69 113.0 195.0
38 74 173.0 138.0
66 43 136.0 5.0
35 77 180.0 122.0
84 29 47.0 149.0
88 21 189.0 22.0
31 66 1.0 161.0
34 77 38.0 172.0
19 90 178.0 103.0
82 28 30.0 103.0
47 64 124.0 119.0
91 22 195.0 56.0
88 20 12.0 194.0
78 34 194.0 1.0
45 66 140.0 147.0
68 67 119.0 130.0
76 33 107.0 49.0
76 36 28.0 90.0
67 37 159.0 104.0
51 59 58.0 154.0
40 71 3.0 70.0
37 74 88.0 149.0
82 91 84.0 29.0
60 51 160.0 3.0
62 45 125.0 19.0
56 55 28.0 105.0
85 26 120.0 187.0
81 32 41.0 131.0
73 31 160.0 44.0
63 48 68.0 48.0
62 47 10.0 153.0
82 29 86.0 122.0
70 42 175.0 12.0
38 73 122.0 155.0
80 34 2.0 42.0
86 24 30.0 196.0
65 47 8.0 190.0
67 49 180.0 29.0
87 28 161.0 190.0
75 37 108.0 48.0
73 41 58.0 35.0
65 68 161.0 180.0
54 45 73.0 115.0
75 38 179.0 56.0
80 35 194.0 140.0
50 62 10.0 174.0
20 91 145.0 171.0
30 83 188.0 5.0
31 80 65.0 199.0
65 70 21.0 178.0
37 76 7.0 95.0
62 51 165.0 138.0
64 65 91.0 159.0
29 81 150.0 53.0
60 54 135.0 48.0
39 70 131.0 75.0
72 36 182.0 148.0
79 36 112.0 156.0
65 49 185.0 119.0
79 34 7.0 150.0
81 31 136.0 98.0
52 61 51.0 38.0
32 80 28.0 138.0
29 85 42.0 111.0
79 27 46.0 177.0
41 82 166.0 159.0
69 46 42.0 151.0
58 57 129.0 49.0
45 70 12.0 65.0
24 89 131.0 16.0
76 51 186.0 159.0
53 56 9.0 180.0
5 64 125.0 7.0
81 33 178.0 92.0
47 56 37.0 20.0
70 40 115.0 166.0
25 90 125.0 128.0
73 43 181.0 57.0
55 57 171.0 119.0
65 48 26.0 132.0
77 39 51.0 152.0
47 68 55.0 182.0
85 28 40.0 44.0
72 41 98.0 156.0
83 56 33.0 24.0
71 39 134.0 166.0
68 39 145.0 105.0
91 23 98.0 171.0
56 59 139.0 101.0
33 53 63.0 146.0
71 44 166.0 103.0
56 60 100.0 65.0
18 84 27.0 85.0
90 29 179.0 162.0
85 32 178.0 76.0
66 49 42.0 76.0
54 62 147.0 181.0
86 31 3.0 10.0
27 90 175.0 170.0
37 71 20.0 75.0
86 25 54.0 0.0
68 42 158.0 33.0
27 86 46.0 88.0
84 33 137.0 88.0
61 83 60.0 84.0
55 62 122.0 64.0
77 38 85.0 97.0
59 52 49.0 57.0
64 53 105.0 55.0
36 80 57.0 15.0
54 82 12.0 103.0
30 86 19.0 150.0
45 71 18.0 32.0
90 28 145.0 140.0
54 64 55.0 182.0
73 45 101.0 56.0
84 35 20.0 6.0
40 77 54.0 29.0
12 88 1.0 66.0
34 82 146.0 173.0
74 43 188.0 116.0
56 63 39.0 85.0
29 89 110.0 46.0
65 55 107.0 12.0
55 61 68.0 128.0
75 41 125.0 74.0
66 54 23.0 78.0
88 31 16.0 170.0
91 25 165.0 156.0
82 36 92.0 4.0
79 58 119.0 155.0
91 27 21.0 26.0
75 43 137.0 42.0
72 45 58.0 62.0
70 51 71.0 82.0
87 29 57.0 39.0
53 66 137.0 22.0
65 56 2.0 182.0
67 51 86.0 121.0
69 49 49.0 59.0
50 43 22.0 187.0
44 74 131.0 32.0
58 53 191.0 154.0
91 30 113.0 0.0
89 53 83.0 2.0
39 79 135.0 85.0
67 53 185.0 21.0
26 86 112.0 35.0
56 62 56.0 86.0
82 37 22.0 139.0
60 59 55.0 13.0
49 70 182.0 168.0
30 90 93.0 17.0
81 39 85.0 28.0
50 72 119.0 22.0
89 32 119.0 183.0
90 24 159.0 127.0
44 69 173.0 181.0
81 37 153.0 180.0
65 50 2.0 87.0
75 33 83.0 95.0
47 85 173.0 120.0
69 52 110.0 92.0
64 57 136.0 29.0
73 47 85.0 47.0
63 52 193.0 10.0
44 78 141.0 146.0
41 76 116.0 143.0
28 84 49.0 151.0
32 90 39.0 22.0
45 75 71.0 149.0
80 57 192.0 159.0
79 40 71.0 29.0
36 83 168.0 64.0
63 59 75.0 61.0
72 49 85.0 143.0
87 31 62.0 134.0
33 88 37.0 53.0
33 91 21.0 109.0
57 87 28.0 165.0
40 82 117.0 100.0
85 38 121.0 86.0
71 51 74.0 148.0
65 59 52.0 159.0
72 47 8.0 115.0
54 71 80.0 46.0
69 56 160.0 101.0
89 19 154.0 140.0
70 55 103.0 72.0
80 45 188.0 24.0
57 65 162.0 62.0
81 38 58.0 14.0
37 69 173.0 67.0
81 25 173.0 5.0
85 31 51.0 85.0
88 34 88.0 158.0
60 65 127.0 191.0
53 69 149.0 115.0
33 90 13.0 63.0
53 71 171.0 72.0
75 50 161.0 96.0
68 54 32.0 86.0
67 55 35.0 83.0
35 83 167.0 75.0
84 42 115.0 94.0
87 34 32.0 17.0
56 58 42.0 45.0
75 44 70.0 165.0
77 48 68.0 31.0
83 34 177.0 100.0
67 85 190.0 12.0
55 60 105.0 109.0
47 79 197.0 172.0
74 45 7.0 181.0
83 41 132.0 1.0
89 33 9.0 2.0
77 46 197.0 29.0
53 57 49.0 126.0
68 58 99.0 192.0
45 82 140.0 156.0
55 68 125.0 89.0
88 36 44.0 84.0
76 49 50.0 177.0
68 53 86.0 11.0
51 72 125.0 35.0
68 57 45.0 127.0
51 74 133.0 96.0
30 89 181.0 73.0
74 52 108.0 59.0
51 73 187.0 153.0
88 37 136.0 38.0
36 91 131.0 23.0
86 29 69.0 56.0
76 48 175.0 114.0
54 67 179.0 108.0
57 72 54.0 112.0
39 90 33.0 162.0
90 36 48.0 21.0
45 83 11.0 136.0
44 80 159.0 142.0
70 58 46.0 28.0
49 77 92.0 173.0
86 43 178.0 71.0
83 43 63.0 32.0
80 46 126.0 97.0
47 77 115.0 126.0
75 51 197.0 126.0
54 74 48.0 156.0
77 52 57.0 46.0
38 83 194.0 149.0
66 61 21.0 172.0
89 26 168.0 85.0
34 91 68.0 47.0
74 57 189.0 184.0
42 85 115.0 186.0
83 42 54.0 115.0
35 91 16.0 111.0
71 58 188.0 10.0
44 83 94.0 9.0
40 86 192.0 63.0
42 86 88.0 61.0
39 80 24.0 77.0
89 39 94.0 91.0
15 86 191.0 148.0
42 78 54.0 7.0
86 45 57.0 194.0
48 74 41.0 152.0
64 62 135.0 33.0
86 46 112.0 175.0
46 81 7.0 88.0
63 66 180.0 101.0
59 71 58.0 171.0
38 91 85.0 65.0
81 45 2.0 143.0
63 67 18.0 195.0
75 55 91.0 105.0
47 83 22.0 155.0
78 50 154.0 29.0
42 87 113.0 134.0
50 77 146.0 124.0
48 81 38.0 32.0
87 43 16.0 192.0
85 53 140.0 34.0
84 48 195.0 31.0
85 45 57.0 17.0
88 32 158.0 11.0
86 44 15.0 23.0
44 81 143.0 161.0
81 40 89.0 133.0
47 76 46.0 105.0
24 33 185.0 186.0
40 91 105.0 180.0
47 84 42.0 162.0
80 49 31.0 152.0
77 45 27.0 46.0
62 61 164.0 122.0
62 63 177.0 5.0
64 68 151.0 24.0
47 88 87.0 89.0
72 44 144.0 192.0
53 78 72.0 138.0
76 55 153.0 103.0
47 87 46.0 132.0
74 55 166.0 162.0
80 50 149.0 143.0
78 52 86.0 52.0
83 53 70.0 125.0
81 49 134.0 14.0
54 78 58.0 7.0
75 56 118.0 163.0
87 35 177.0 117.0
54 73 165.0 143.0
77 56 132.0 114.0
60 72 144.0 171.0
56 80 23.0 14.0
79 55 143.0 158.0
55 82 32.0 1.0
49 68 95.0 102.0
79 51 114.0 72.0
45 90 106.0 80.0
63 70 116.0 190.0
88 44 126.0 60.0
79 56 176.0 149.0
82 53 90.0 120.0
90 50 156.0 74.0
75 60 154.0 51.0
52 79 55.0 20.0
76 58 49.0 113.0
89 41 64.0 165.0
66 70 179.0 142.0
87 50 57.0 156.0
68 72 128.0 100.0
73 61 43.0 36.0
69 67 108.0 197.0
88 43 159.0 115.0
45 89 173.0 8.0
87 53 6.0 190.0
77 62 155.0 186.0
75 62 128.0 164.0
63 71 23.0 8.0
51 86 150.0 19.0
67 65 103.0 10.0
72 64 113.0 62.0
77 64 48.0 38.0
56 84 100.0 6.0
42 73 89.0 7.0
46 90 160.0 169.0
65 74 131.0 136.0
83 52 161.0 33.0
60 78 14.0 64.0
86 52 133.0 127.0
55 83 1.0 181.0
49 91 59.0 53.0
44 89 122.0 100.0
66 74 171.0 35.0
48 90 173.0 102.0
82 57 153.0 134.0
56 76 6.0 167.0
64 66 80.0 91.0
60 71 158.0 33.0
90 54 95.0 169.0
85 50 82.0 18.0
64 74 187.0 53.0
85 56 6.0 160.0
62 72 80.0 111.0
44 66 176.0 86.0
78 64 89.0 8.0
51 81 164.0 199.0
55 85 179.0 12.0
84 55 177.0 61.0
35 72 115.0 116.0
48 85 170.0 73.0
87 56 70.0 2.0
89 49 45.0 198.0
61 80 122.0 134.0
77 33 81.0 87.0
91 41 92.0 60.0
66 78 20.0 22.0
68 60 114.0 135.0
62 78 41.0 37.0
74 62 64.0 64.0
81 61 49.0 109.0
91 51 22.0 172.0
69 55 136.0 104.0
85 59 95.0 180.0
88 42 82.0 115.0
59 72 60.0 148.0
52 91 58.0 101.0
76 60 57.0 122.0
67 74 153.0 58.0
76 45 60.0 176.0
91 54 7.0 148.0
65 81 90.0 54.0
77 65 176.0 124.0
82 64 37.0 36.0
59 84 35.0 48.0
73 52 139.0 44.0
64 81 85.0 45.0
62 86 87.0 97.0
52 71 105.0 46.0
72 76 162.0 196.0
71 67 98.0 139.0
70 71 4.0 135.0
80 70 177.0 191.0
73 58 164.0 68.0
53 77 184.0 49.0
84 61 43.0 71.0
52 90 71.0 149.0
75 73 145.0 34.0
69 72 163.0 43.0
82 35 22.0 119.0
85 62 124.0 199.0
83 59 45.0 88.0
67 79 171.0 182.0
84 63 180.0 167.0
90 57 46.0 4.0
83 65 30.0 192.0
85 52 119.0 145.0
76 68 137.0 93.0
61 86 177.0 13.0
68 78 149.0 23.0
79 21 179.0 120.0
85 65 38.0 112.0
85 72 168.0 84.0
69 62 125.0 151.0
78 70 86.0 196.0
68 80 40.0 175.0
53 91 198.0 169.0
15 69 138.0 147.0
66 39 64.0 70.0
85 57 15.0 102.0
81 67 60.0 183.0
66 76 87.0 185.0
79 75 48.0 125.0
79 69 158.0 40.0
82 47 85.0 156.0
57 88 7.0 175.0
84 60 135.0 23.0
68 77 29.0 150.0
75 78 87.0 89.0
83 69 107.0 174.0
91 58 183.0 107.0
72 70 194.0 93.0
69 81 167.0 31.0
54 80 86.0 126.0
60 90 32.0 21.0
63 83 195.0 13.0
71 78 134.0 82.0
72 74 193.0 194.0
65 90 164.0 129.0
70 74 166.0 111.0
90 58 34.0 85.0
61 91 106.0 120.0
72 84 141.0 90.0
62 80 132.0 88.0
71 85 144.0 66.0
66 90 95.0 89.0
64 86 123.0 60.0
84 73 169.0 89.0
86 65 119.0 156.0
82 73 3.0 25.0
87 68 92.0 96.0
86 68 33.0 176.0
64 87 143.0 129.0
87 67 25.0 190.0
76 81 182.0 148.0
71 77 191.0 103.0
75 65 157.0 62.0
59 88 114.0 112.0
90 59 76.0 159.0
84 75 156.0 109.0
84 67 138.0 51.0
83 70 198.0 115.0
74 88 169.0 132.0
76 83 25.0 112.0
90 64 87.0 134.0
89 70 119.0 153.0
87 69 102.0 196.0
83 62 130.0 10.0
77 79 9.0 68.0
66 88 99.0 7.0
73 90 61.0 68.0
91 64 125.0 86.0
82 83 121.0 164.0
76 46 24.0 40.0
76 70 30.0 79.0
77 70 198.0 161.0
89 59 158.0 7.0
63 91 173.0 57.0
80 77 183.0 187.0
84 78 118.0 109.0
87 73 16.0 39.0
91 75 126.0 193.0
80 81 170.0 108.0
76 86 168.0 168.0
79 85 24.0 126.0
77 78 198.0 150.0
74 84 23.0 181.0
70 84 160.0 93.0
37 62 163.0 177.0
84 83 88.0 41.0
63 90 59.0 10.0
56 64 30.0 28.0
77 66 46.0 55.0
73 69 7.0 196.0
82 61 8.0 182.0
89 71 192.0 169.0
62 82 180.0 107.0
81 83 14.0 20.0
71 90 126.0 25.0
87 80 65.0 109.0
74 85 106.0 111.0
74 82 167.0 65.0
90 82 161.0 127.0
74 81 92.0 153.0
72 90 166.0 24.0
89 75 164.0 132.0
83 79 36.0 43.0
85 83 27.0 101.0
74 90 93.0 85.0
76 85 61.0 12.0
82 88 33.0 22.0
70 75 182.0 125.0
85 81 53.0 101.0
83 37 22.0 170.0
79 91 59.0 58.0
86 72 89.0 86.0
80 40 101.0 182.0
85 82 80.0 163.0
89 81 121.0 114.0
78 89 157.0 104.0
87 78 88.0 10.0
17 73 134.0 111.0
86 90 14.0 193.0
87 79 62.0 103.0
12 89 182.0 164.0
86 78 165.0 62.0
68 66 185.0 86.0
85 88 109.0 94.0
81 72 90.0 198.0
91 84 135.0 176.0
81 86 120.0 149.0
76 88 156.0 182.0
81 82 26.0 90.0
90 78 50.0 191.0
85 43 97.0 187.0
60 81 71.0 6.0
86 83 176.0 113.0
89 58 104.0 111.0
82 89 163.0 176.0
75 67 164.0 71.0
54 70 90.0 190.0
84 90 194.0 92.0
91 88 183.0 91.0
90 44 101.0 6.0
79 86 128.0 29.0
80 69 172.0 32.0
74 91 76.0 87.0
80 88 79.0 40.0
82 79 184.0 122.0
75 77 175.0 179.0
87 89 8.0 110.0
89 62 31.0 61.0
46 68 150.0 159.0
88 71 138.0 74.0
88 84 21.0 14.0
6 62 142.0 53.0
83 60 2.0 79.0
82 65 36.0 177.0
77 74 105.0 44.0
81 90 98.0 136.0
74 76 181.0 48.0
34 85 93.0 119.0
3 1 12.0 66.0
83 90 129.0 154.0
81 75 36.0 131.0
78 91 28.0 24.0
56 91 57.0 85.0
89 80 27.0 155.0
87 84 10.0 8.0
75 85 171.0 55.0
91 87 56.0 183.0
2 1 87.0 185.0
85 64 71.0 75.0
67 73 77.0 99.0
51 68 198.0 134.0
80 79 177.0 26.0
55 81 181.0 139.0
70 87 182.0 152.0
79 72 156.0 38.0
80 66 53.0 196.0
88 54 172.0 124.0
82 68 43.0 49.0
73 86 116.0 41.0
85 89 127.0 45.0
89 86 24.0 108.0
91 83 46.0 6.0
88 81 79.0 154.0
73 89 168.0 84.0
91 71 193.0 140.0
0
