98 4753 16 89 70569
52 75 108.0 198.0
79 96 109.0 171.0
43 62 70.0 121.0
21 75 150.0 92.0
58 44 128.0 8.0
96 2 7.0 198.0
43 69 4.0 6.0
44 75 50.0 51.0
7 82 28.0 110.0
35 57 118.0 137.0
20 74 151.0 140.0
6 59 49.0 101.0
58 52 180.0 129.0
54 3 163.0 139.0
71 81 71.0 119.0
57 7 97.0 73.0
44 94 139.0 125.0
8 32 74.0 9.0
61 46 143.0 177.0
6 73 120.0 144.0
81 9 15.0 52.0
65 21 154.0 178.0
3 20 192.0 177.0
80 83 142.0 89.0
78 94 51.0 33.0
27 79 160.0 77.0
26 46 76.0 103.0
74 7 129.0 148.0
15 77 76.0 144.0
97 45 82.0 182.0
64 34 46.0 27.0
72 5 146.0 188.0
98 38 17.0 149.0
4 6 110.0 177.0
19 88 71.0 138.0
94 87 3.0 1.0
66 62 31.0 79.0
63 70 95.0 66.0
59 46 85.0 94.0
50 9 45.0 183.0
47 42 175.0 62.0
15 11 98.0 38.0
1 11 154.0 169.0
90 51 102.0 157.0
15 67 192.0 133.0
38 8 77.0 39.0
53 98 54.0 114.0
9 32 24.0 99.0
73 50 142.0 199.0
16 48 178.0 40.0
7 67 29.0 132.0
19 96 104.0 131.0
64 95 30.0 96.0
5 37 60.0 59.0
36 4 37.0 114.0
9 5 53.0 13.0
42 50 32.0 148.0
97 39 120.0 11.0
7 22 139.0 149.0
20 21 14.0 43.0
18 45 17.0 197.0
37 17 49.0 77.0
75 61 5.0 39.0
52 91 36.0 58.0
42 93 172.0 69.0
34 55 153.0 92.0
76 67 64.0 92.0
87 1 27.0 31.0
1 97 112.0 196.0
69 81 18.0 113.0
97 91 127.0 23.0
40 97 174.0 164.0
91 72 91.0 98.0
82 44 48.0 197.0
12 52 115.0 113.0
8 67 61.0 143.0
21 62 112.0 125.0
98 20 87.0 83.0
66 3 52.0 15.0
55 68 85.0 179.0
95 32 37.0 128.0
75 6 109.0 85.0
14 15 48.0 25.0
81 13 122.0 62.0
74 92 81.0 187.0
13 39 26.0 168.0
95 40 21.0 30.0
63 84 134.0 58.0
18 83 11.0 171.0
45 86 183.0 73.0
2 33 158.0 31.0
45 82 133.0 80.0
76 44 115.0 14.0
82 42 18.0 93.0
81 65 137.0 191.0
6 42 124.0 71.0
80 54 3.0 88.0
41 8 115.0 186.0
94 39 133.0 73.0
22 33 152.0 18.0
76 30 167.0 20.0
71 22 190.0 137.0
86 37 123.0 127.0
34 26 116.0 199.0
19 2 102.0 72.0
59 45 115.0 17.0
39 64 148.0 0.0
52 20 178.0 100.0
49 67 76.0 145.0
45 5 23.0 66.0
41 93 43.0 98.0
20 7 43.0 112.0
4 51 42.0 145.0
95 57 175.0 157.0
22 67 58.0 123.0
42 32 85.0 189.0
55 13 34.0 161.0
18 6 83.0 9.0
54 67 70.0 127.0
29 98 199.0 113.0
50 67 169.0 41.0
26 68 82.0 144.0
36 54 190.0 93.0
86 89 43.0 75.0
57 1 89.0 29.0
6 83 189.0 125.0
7 97 8.0 59.0
96 28 170.0 8.0
94 18 60.0 139.0
85 95 13.0 95.0
50 55 50.0 3.0
1 43 142.0 45.0
43 31 82.0 184.0
16 96 163.0 71.0
94 19 60.0 172.0
2 35 143.0 182.0
52 96 38.0 3.0
48 7 165.0 3.0
17 90 12.0 15.0
34 70 56.0 155.0
56 38 0.0 138.0
35 56 65.0 164.0
74 17 51.0 77.0
51 36 153.0 146.0
33 12 90.0 143.0
19 78 38.0 7.0
69 27 95.0 51.0
52 3 75.0 103.0
40 72 1.0 27.0
29 40 150.0 18.0
10 7 51.0 153.0
91 74 86.0 157.0
85 19 48.0 128.0
2 14 105.0 87.0
79 67 97.0 153.0
25 17 1.0 172.0
89 77 4.0 2.0
72 73 127.0 106.0
30 24 21.0 130.0
53 58 111.0 59.0
33 73 139.0 159.0
80 59 185.0 197.0
81 43 40.0 35.0
59 44 8.0 41.0
14 3 7.0 165.0
4 12 34.0 134.0
90 71 193.0 7.0
85 22 44.0 104.0
94 49 82.0 135.0
9 75 7.0 20.0
73 40 145.0 47.0
83 34 78.0 153.0
63 71 156.0 85.0
39 46 25.0 142.0
18 75 139.0 18.0
96 68 80.0 183.0
18 90 57.0 114.0
22 69 94.0 16.0
64 35 108.0 39.0
24 77 45.0 186.0
6 86 5.0 1.0
87 31 77.0 30.0
7 3 119.0 17.0
26 51 70.0 199.0
4 14 131.0 80.0
9 17 93.0 177.0
7 1 169.0 153.0
33 8 23.0 167.0
93 91 156.0 28.0
23 11 14.0 34.0
68 18 190.0 133.0
68 91 179.0 61.0
75 28 102.0 62.0
98 2 102.0 147.0
56 98 119.0 23.0
7 19 59.0 143.0
66 20 175.0 15.0
31 46 49.0 190.0
63 16 8.0 39.0
63 95 14.0 139.0
24 94 183.0 68.0
51 44 151.0 37.0
97 75 165.0 70.0
4 15 162.0 24.0
64 10 175.0 89.0
56 34 197.0 24.0
6 8 171.0 5.0
5 71 61.0 185.0
22 94 41.0 196.0
93 46 41.0 192.0
23 52 49.0 158.0
95 69 21.0 163.0
78 49 70.0 196.0
83 25 47.0 68.0
33 82 56.0 18.0
55 30 19.0 69.0
79 81 180.0 61.0
28 6 49.0 173.0
13 74 153.0 50.0
98 66 143.0 174.0
17 46 6.0 165.0
70 88 35.0 53.0
72 66 181.0 91.0
95 70 138.0 0.0
52 30 86.0 70.0
90 81 143.0 88.0
12 19 97.0 96.0
41 92 74.0 192.0
39 68 41.0 32.0
58 76 2.0 29.0
43 19 190.0 183.0
44 38 68.0 80.0
68 83 120.0 155.0
65 28 178.0 63.0
2 31 37.0 27.0
24 88 81.0 111.0
57 32 119.0 74.0
5 8 192.0 121.0
25 79 113.0 134.0
19 25 141.0 182.0
10 62 167.0 13.0
89 19 65.0 97.0
49 7 27.0 103.0
94 97 72.0 108.0
31 72 194.0 143.0
77 90 118.0 139.0
70 46 65.0 32.0
71 57 157.0 158.0
20 86 83.0 124.0
7 29 92.0 148.0
89 54 42.0 120.0
53 83 184.0 66.0
56 82 58.0 178.0
29 24 100.0 176.0
70 29 31.0 165.0
41 85 77.0 140.0
72 53 47.0 112.0
37 2 137.0 140.0
55 83 138.0 131.0
67 72 108.0 122.0
55 36 185.0 166.0
59 71 113.0 85.0
56 93 29.0 96.0
2 15 174.0 59.0
34 4 43.0 173.0
5 42 153.0 180.0
80 76 118.0 91.0
49 37 171.0 178.0
72 9 141.0 108.0
35 40 45.0 7.0
9 8 26.0 27.0
45 13 145.0 152.0
70 30 146.0 188.0
28 14 116.0 99.0
45 79 149.0 186.0
71 7 79.0 72.0
15 55 51.0 21.0
94 59 176.0 96.0
17 5 175.0 154.0
62 41 123.0 72.0
71 18 23.0 69.0
31 65 70.0 91.0
1 31 75.0 171.0
37 80 103.0 154.0
90 4 4.0 154.0
18 63 143.0 133.0
59 34 191.0 118.0
75 34 26.0 66.0
7 30 90.0 1.0
94 63 22.0 112.0
22 1 13.0 49.0
30 94 7.0 68.0
98 7 142.0 163.0
25 87 54.0 85.0
77 55 130.0 198.0
44 27 55.0 108.0
57 56 111.0 145.0
74 10 124.0 85.0
58 27 77.0 89.0
23 50 125.0 36.0
12 82 107.0 19.0
27 28 184.0 114.0
82 91 160.0 114.0
19 67 184.0 15.0
24 19 36.0 48.0
9 10 119.0 112.0
69 34 62.0 196.0
39 61 193.0 139.0
44 81 183.0 53.0
10 72 76.0 167.0
64 42 15.0 188.0
10 60 42.0 0.0
34 53 93.0 31.0
94 20 57.0 164.0
54 55 111.0 119.0
17 1 79.0 57.0
82 41 184.0 15.0
14 71 164.0 61.0
69 78 127.0 179.0
4 11 176.0 122.0
92 20 17.0 21.0
93 60 49.0 74.0
16 31 193.0 113.0
31 95 77.0 25.0
91 89 13.0 62.0
17 12 142.0 177.0
45 63 33.0 22.0
59 53 171.0 162.0
28 60 49.0 140.0
76 60 170.0 99.0
46 23 21.0 164.0
73 82 118.0 99.0
28 18 107.0 83.0
83 73 64.0 2.0
91 17 8.0 50.0
69 83 169.0 132.0
98 55 68.0 18.0
16 44 104.0 191.0
22 14 71.0 78.0
95 94 181.0 141.0
67 95 182.0 40.0
25 63 5.0 46.0
79 49 90.0 165.0
87 82 8.0 11.0
93 75 113.0 28.0
74 96 189.0 170.0
11 75 126.0 12.0
26 63 123.0 107.0
59 63 15.0 105.0
27 78 65.0 172.0
29 36 12.0 107.0
20 68 61.0 20.0
44 34 56.0 174.0
31 15 99.0 197.0
6 12 73.0 25.0
81 98 94.0 148.0
8 3 31.0 61.0
96 48 61.0 48.0
84 73 14.0 73.0
42 67 32.0 75.0
2 60 19.0 40.0
75 31 138.0 118.0
49 97 164.0 164.0
96 65 118.0 58.0
3 18 179.0 101.0
22 75 132.0 192.0
49 24 141.0 146.0
46 92 110.0 125.0
10 46 17.0 130.0
32 73 155.0 107.0
71 8 29.0 119.0
73 59 54.0 99.0
33 62 59.0 33.0
38 74 17.0 144.0
97 81 106.0 158.0
31 74 87.0 168.0
75 81 156.0 56.0
56 40 147.0 63.0
48 76 171.0 177.0
13 4 19.0 25.0
18 91 36.0 30.0
22 49 181.0 53.0
86 40 33.0 39.0
15 23 47.0 120.0
5 47 109.0 155.0
86 53 78.0 9.0
30 17 170.0 49.0
71 11 148.0 189.0
57 33 127.0 184.0
14 9 115.0 61.0
38 29 152.0 148.0
51 9 23.0 199.0
11 9 40.0 84.0
17 36 182.0 118.0
52 11 198.0 152.0
75 23 87.0 98.0
4 5 164.0 166.0
9 12 178.0 80.0
61 67 196.0 130.0
32 68 149.0 171.0
32 61 15.0 189.0
52 83 85.0 149.0
49 83 30.0 35.0
61 10 118.0 69.0
78 37 192.0 82.0
14 35 151.0 122.0
58 23 48.0 100.0
46 22 24.0 197.0
82 28 181.0 191.0
12 42 131.0 66.0
26 90 47.0 161.0
1 54 153.0 165.0
90 76 138.0 145.0
67 88 113.0 42.0
66 77 108.0 113.0
98 3 93.0 84.0
30 81 48.0 74.0
78 35 68.0 131.0
26 96 179.0 115.0
51 5 199.0 132.0
1 15 49.0 137.0
94 80 121.0 114.0
14 54 87.0 29.0
57 85 139.0 132.0
67 89 63.0 140.0
25 94 195.0 83.0
91 51 96.0 126.0
55 11 117.0 95.0
17 42 42.0 167.0
77 88 190.0 115.0
98 15 103.0 29.0
1 66 104.0 42.0
56 91 121.0 119.0
43 29 74.0 68.0
79 37 38.0 171.0
3 29 149.0 156.0
26 42 120.0 191.0
31 61 121.0 110.0
75 56 165.0 176.0
77 50 123.0 21.0
96 24 159.0 44.0
52 21 152.0 34.0
12 5 14.0 142.0
5 3 179.0 163.0
56 65 34.0 99.0
27 84 15.0 107.0
95 25 152.0 180.0
30 88 8.0 75.0
13 42 46.0 168.0
62 53 41.0 198.0
28 31 86.0 7.0
2 78 116.0 65.0
12 7 138.0 102.0
98 39 25.0 105.0
19 74 101.0 129.0
19 41 37.0 61.0
82 52 10.0 83.0
6 60 198.0 3.0
46 74 68.0 85.0
53 1 11.0 185.0
60 26 144.0 149.0
20 19 47.0 122.0
48 88 82.0 100.0
31 27 187.0 71.0
78 61 79.0 198.0
6 14 16.0 77.0
19 3 2.0 85.0
4 95 36.0 14.0
2 9 111.0 180.0
33 97 13.0 158.0
43 86 66.0 47.0
68 67 116.0 53.0
29 66 19.0 147.0
66 16 177.0 36.0
18 64 60.0 180.0
16 47 108.0 96.0
60 82 31.0 19.0
36 35 189.0 197.0
22 53 114.0 7.0
22 60 195.0 30.0
27 35 173.0 15.0
50 6 150.0 151.0
69 56 75.0 11.0
4 48 138.0 183.0
31 22 172.0 122.0
12 18 74.0 113.0
70 64 134.0 140.0
4 9 198.0 130.0
59 20 159.0 124.0
25 44 128.0 110.0
1 86 139.0 3.0
35 21 69.0 29.0
96 54 26.0 193.0
71 89 90.0 52.0
10 29 113.0 176.0
10 43 15.0 112.0
62 7 55.0 175.0
50 22 125.0 183.0
10 8 138.0 16.0
2 94 66.0 159.0
1 13 171.0 45.0
54 58 142.0 13.0
87 65 157.0 56.0
9 59 4.0 172.0
65 10 75.0 59.0
85 50 46.0 152.0
30 39 58.0 185.0
34 77 162.0 77.0
86 47 12.0 134.0
6 90 61.0 154.0
12 77 138.0 18.0
37 76 142.0 94.0
41 60 131.0 17.0
3 4 34.0 177.0
96 89 103.0 92.0
68 56 12.0 65.0
4 42 63.0 24.0
5 15 140.0 124.0
10 14 79.0 78.0
45 23 32.0 22.0
83 42 130.0 115.0
2 56 2.0 164.0
46 62 122.0 57.0
73 12 174.0 134.0
53 41 77.0 37.0
13 5 38.0 18.0
77 19 94.0 117.0
42 96 3.0 79.0
94 33 100.0 85.0
88 11 199.0 54.0
28 89 141.0 73.0
56 41 165.0 115.0
37 31 63.0 43.0
95 50 74.0 53.0
24 84 186.0 121.0
6 17 1.0 141.0
59 22 186.0 101.0
14 8 40.0 137.0
16 3 111.0 133.0
95 6 41.0 76.0
90 60 171.0 56.0
11 45 98.0 198.0
84 34 151.0 36.0
60 3 17.0 153.0
78 91 186.0 155.0
35 63 86.0 178.0
20 6 25.0 197.0
65 75 18.0 18.0
3 9 134.0 141.0
12 1 122.0 184.0
25 3 81.0 25.0
59 19 59.0 51.0
66 83 51.0 197.0
14 1 106.0 90.0
10 2 103.0 131.0
76 43 115.0 73.0
2 52 66.0 1.0
87 72 117.0 140.0
74 66 164.0 150.0
41 68 33.0 23.0
9 42 11.0 84.0
89 43 91.0 117.0
45 27 183.0 147.0
69 71 79.0 50.0
78 80 94.0 145.0
53 42 2.0 11.0
10 98 99.0 166.0
24 56 75.0 84.0
53 21 167.0 86.0
20 32 165.0 10.0
58 28 58.0 148.0
55 52 69.0 137.0
33 50 95.0 163.0
91 57 27.0 49.0
57 54 155.0 78.0
65 73 127.0 30.0
50 65 130.0 46.0
96 17 130.0 95.0
1 40 48.0 188.0
91 59 101.0 117.0
10 12 137.0 148.0
68 48 47.0 117.0
3 30 176.0 2.0
59 39 193.0 103.0
5 60 27.0 75.0
4 20 76.0 110.0
18 2 64.0 124.0
31 42 193.0 117.0
1 8 34.0 83.0
23 1 82.0 81.0
60 85 57.0 10.0
25 29 25.0 50.0
88 18 77.0 4.0
16 6 117.0 153.0
90 96 45.0 133.0
1 21 145.0 39.0
38 79 185.0 179.0
55 6 69.0 19.0
3 17 21.0 79.0
32 74 63.0 46.0
92 8 158.0 92.0
26 53 34.0 27.0
6 35 146.0 80.0
15 76 133.0 44.0
56 50 67.0 70.0
11 24 189.0 88.0
15 7 166.0 11.0
58 82 160.0 181.0
4 22 82.0 70.0
97 51 147.0 68.0
41 3 125.0 46.0
78 73 116.0 10.0
78 70 110.0 183.0
14 7 193.0 99.0
32 19 144.0 112.0
57 48 188.0 104.0
92 36 143.0 70.0
42 28 35.0 43.0
30 64 163.0 112.0
38 58 52.0 79.0
83 12 78.0 162.0
60 53 182.0 24.0
27 77 52.0 79.0
26 78 5.0 193.0
69 16 135.0 100.0
97 16 98.0 123.0
79 44 19.0 61.0
3 91 114.0 72.0
5 10 98.0 145.0
5 94 181.0 81.0
13 6 142.0 33.0
82 13 158.0 147.0
83 93 148.0 93.0
10 25 80.0 198.0
69 58 162.0 99.0
51 62 163.0 29.0
15 87 62.0 62.0
38 94 104.0 43.0
98 86 54.0 46.0
54 47 1.0 12.0
41 21 41.0 102.0
45 95 30.0 121.0
55 24 168.0 145.0
85 55 158.0 131.0
97 98 147.0 21.0
49 45 47.0 51.0
4 18 5.0 102.0
19 4 141.0 6.0
7 65 103.0 183.0
62 29 73.0 85.0
52 19 126.0 41.0
29 59 8.0 84.0
15 78 110.0 155.0
3 12 71.0 158.0
8 15 51.0 28.0
39 44 155.0 193.0
10 77 104.0 58.0
61 84 14.0 129.0
59 43 82.0 140.0
1 4 117.0 91.0
37 43 12.0 27.0
28 48 61.0 35.0
2 91 28.0 112.0
36 32 194.0 183.0
64 6 170.0 51.0
45 37 14.0 184.0
36 49 102.0 49.0
51 73 190.0 171.0
71 47 95.0 2.0
95 43 37.0 108.0
13 9 153.0 17.0
95 89 64.0 99.0
8 18 186.0 34.0
56 83 138.0 152.0
33 4 50.0 192.0
32 96 136.0 41.0
44 42 153.0 183.0
40 55 87.0 191.0
20 41 95.0 40.0
32 91 10.0 111.0
1 19 125.0 196.0
14 34 65.0 15.0
91 44 148.0 116.0
95 24 188.0 36.0
21 96 138.0 141.0
52 39 32.0 25.0
80 57 158.0 80.0
49 40 104.0 168.0
26 28 60.0 182.0
1 24 168.0 126.0
84 91 79.0 116.0
16 17 55.0 67.0
15 24 91.0 145.0
14 5 90.0 124.0
22 47 3.0 0.0
42 60 140.0 59.0
87 66 56.0 1.0
8 68 148.0 24.0
5 21 176.0 179.0
62 60 25.0 31.0
83 84 5.0 69.0
49 48 193.0 48.0
50 11 48.0 196.0
11 8 63.0 141.0
14 87 40.0 119.0
56 85 94.0 140.0
32 94 90.0 22.0
4 16 30.0 116.0
6 19 34.0 188.0
19 95 31.0 27.0
17 7 14.0 31.0
46 85 184.0 77.0
29 30 39.0 176.0
70 57 186.0 85.0
2 8 106.0 76.0
92 23 95.0 88.0
92 9 11.0 82.0
5 28 5.0 194.0
2 20 124.0 19.0
47 11 17.0 108.0
8 20 90.0 8.0
1 83 139.0 28.0
96 20 114.0 197.0
42 39 131.0 162.0
47 81 179.0 94.0
64 4 46.0 184.0
64 28 17.0 170.0
92 83 49.0 186.0
27 16 18.0 91.0
98 87 42.0 158.0
62 16 178.0 157.0
54 98 108.0 109.0
36 63 124.0 87.0
22 38 112.0 171.0
21 34 29.0 81.0
18 7 190.0 78.0
66 33 56.0 161.0
21 18 171.0 98.0
33 68 124.0 149.0
23 4 97.0 32.0
22 64 12.0 22.0
57 62 120.0 124.0
95 36 114.0 101.0
86 69 192.0 57.0
57 97 48.0 0.0
16 56 67.0 19.0
79 23 41.0 191.0
13 7 98.0 138.0
21 2 140.0 62.0
2 16 96.0 60.0
65 67 73.0 162.0
91 30 148.0 18.0
12 14 78.0 196.0
6 1 32.0 98.0
30 48 171.0 73.0
11 13 15.0 21.0
23 59 133.0 156.0
87 5 118.0 181.0
27 65 24.0 144.0
15 6 105.0 124.0
13 10 106.0 183.0
22 88 31.0 138.0
38 46 44.0 2.0
47 32 2.0 59.0
2 27 82.0 136.0
57 46 114.0 0.0
66 5 129.0 91.0
81 36 95.0 34.0
51 38 183.0 1.0
28 90 30.0 14.0
37 53 132.0 74.0
85 66 51.0 87.0
64 60 37.0 133.0
61 11 58.0 151.0
15 73 193.0 187.0
65 8 106.0 88.0
15 12 97.0 89.0
77 25 138.0 127.0
16 8 168.0 22.0
78 82 92.0 20.0
97 72 177.0 129.0
82 89 174.0 35.0
64 1 141.0 119.0
62 8 193.0 199.0
93 45 84.0 91.0
69 93 73.0 174.0
61 15 67.0 41.0
97 28 190.0 159.0
2 23 62.0 119.0
4 7 51.0 188.0
65 42 131.0 144.0
49 18 18.0 125.0
63 37 32.0 54.0
85 31 166.0 57.0
46 24 83.0 33.0
51 89 135.0 25.0
13 62 57.0 198.0
28 39 36.0 60.0
37 30 64.0 119.0
3 23 36.0 35.0
59 74 7.0 69.0
7 55 95.0 173.0
78 46 194.0 178.0
36 56 88.0 129.0
73 94 56.0 97.0
89 42 16.0 44.0
27 82 15.0 80.0
7 5 76.0 51.0
92 15 75.0 83.0
70 26 128.0 170.0
27 23 23.0 122.0
34 39 108.0 63.0
88 95 5.0 164.0
93 27 184.0 21.0
10 39 83.0 151.0
8 4 126.0 112.0
26 24 178.0 1.0
5 30 28.0 107.0
15 3 79.0 52.0
94 16 173.0 187.0
13 70 50.0 130.0
52 89 34.0 186.0
18 5 175.0 70.0
6 22 72.0 102.0
68 24 190.0 51.0
54 43 2.0 18.0
21 8 29.0 81.0
69 97 70.0 154.0
24 9 34.0 120.0
53 89 194.0 69.0
87 36 41.0 170.0
80 87 106.0 66.0
12 20 106.0 96.0
18 38 118.0 61.0
90 75 131.0 99.0
74 56 38.0 153.0
21 60 30.0 25.0
51 77 32.0 25.0
68 44 10.0 26.0
13 16 98.0 116.0
88 86 36.0 157.0
3 10 73.0 106.0
77 45 179.0 157.0
56 49 5.0 18.0
11 36 172.0 36.0
16 9 178.0 4.0
17 47 179.0 188.0
17 93 35.0 77.0
36 85 5.0 71.0
13 12 69.0 31.0
1 29 51.0 48.0
33 89 138.0 57.0
80 40 54.0 110.0
21 4 170.0 32.0
18 27 124.0 149.0
22 43 2.0 159.0
30 72 121.0 160.0
72 16 1.0 190.0
44 78 133.0 4.0
14 11 23.0 72.0
12 8 68.0 77.0
70 85 147.0 38.0
13 40 63.0 23.0
9 21 35.0 18.0
12 75 30.0 108.0
22 9 4.0 183.0
18 10 51.0 89.0
9 15 12.0 26.0
53 97 145.0 80.0
39 70 0.0 44.0
11 56 80.0 16.0
24 3 119.0 115.0
83 15 37.0 150.0
60 58 69.0 193.0
10 51 27.0 120.0
59 32 140.0 191.0
84 32 121.0 85.0
57 69 105.0 121.0
26 36 199.0 137.0
44 90 87.0 119.0
11 18 56.0 124.0
89 32 84.0 125.0
83 4 196.0 63.0
89 5 51.0 136.0
90 66 172.0 172.0
3 22 53.0 29.0
84 45 59.0 4.0
90 78 152.0 146.0
55 26 107.0 160.0
13 8 44.0 143.0
12 45 83.0 40.0
49 69 41.0 135.0
91 50 157.0 165.0
98 71 41.0 162.0
72 94 84.0 100.0
29 37 43.0 37.0
6 7 114.0 150.0
15 13 22.0 110.0
2 24 15.0 57.0
12 79 85.0 8.0
9 20 157.0 195.0
23 42 33.0 150.0
91 49 23.0 70.0
42 84 70.0 66.0
47 3 43.0 136.0
54 82 64.0 17.0
25 48 133.0 79.0
82 48 23.0 171.0
23 7 86.0 181.0
34 24 56.0 119.0
29 32 183.0 31.0
71 64 57.0 5.0
17 2 126.0 100.0
68 3 43.0 142.0
50 34 116.0 176.0
4 25 26.0 140.0
36 12 45.0 112.0
89 22 90.0 53.0
10 55 173.0 73.0
28 3 198.0 30.0
60 4 114.0 76.0
6 9 50.0 157.0
42 70 3.0 166.0
16 11 2.0 181.0
22 10 88.0 199.0
86 83 106.0 178.0
39 75 173.0 31.0
50 87 8.0 123.0
6 21 2.0 122.0
10 26 112.0 52.0
30 2 101.0 116.0
80 90 112.0 56.0
56 94 28.0 0.0
79 2 100.0 86.0
76 26 18.0 74.0
68 62 28.0 26.0
6 25 118.0 182.0
2 22 199.0 31.0
18 66 138.0 101.0
13 58 99.0 2.0
53 36 176.0 79.0
91 16 69.0 29.0
9 19 166.0 39.0
77 8 153.0 147.0
58 12 48.0 24.0
59 8 25.0 47.0
29 91 158.0 115.0
10 11 126.0 58.0
41 42 6.0 54.0
58 20 138.0 75.0
35 71 143.0 56.0
34 12 48.0 96.0
11 21 1.0 48.0
54 35 185.0 178.0
27 64 110.0 144.0
69 11 83.0 188.0
52 49 146.0 41.0
25 22 168.0 36.0
48 8 67.0 111.0
73 5 85.0 115.0
95 13 160.0 86.0
47 15 112.0 145.0
15 10 120.0 174.0
98 9 191.0 155.0
7 11 187.0 137.0
2 7 1.0 155.0
19 13 123.0 68.0
50 38 59.0 9.0
21 7 167.0 171.0
53 8 21.0 80.0
41 43 10.0 93.0
8 27 30.0 1.0
18 31 14.0 17.0
35 31 91.0 167.0
76 52 122.0 15.0
46 89 126.0 134.0
28 36 135.0 94.0
43 85 37.0 109.0
29 79 5.0 47.0
8 93 56.0 35.0
25 89 59.0 70.0
22 63 72.0 150.0
16 68 100.0 147.0
12 2 165.0 27.0
1 72 113.0 100.0
58 66 131.0 102.0
47 30 23.0 137.0
5 22 191.0 31.0
46 8 10.0 50.0
70 90 69.0 34.0
59 56 12.0 121.0
28 1 1.0 177.0
26 1 20.0 66.0
1 30 59.0 104.0
44 98 26.0 34.0
10 90 198.0 169.0
97 89 162.0 8.0
36 10 43.0 183.0
21 69 191.0 55.0
52 5 178.0 144.0
19 83 157.0 199.0
43 94 7.0 16.0
49 39 13.0 33.0
30 89 137.0 164.0
23 6 99.0 99.0
22 19 96.0 95.0
44 1 48.0 87.0
6 58 53.0 26.0
12 16 179.0 10.0
91 69 176.0 186.0
2 5 47.0 142.0
90 79 100.0 184.0
91 83 150.0 199.0
57 29 113.0 198.0
30 62 188.0 161.0
18 1 165.0 41.0
62 2 46.0 144.0
26 93 9.0 174.0
94 61 178.0 56.0
3 27 109.0 78.0
51 31 3.0 11.0
59 90 25.0 116.0
7 8 66.0 165.0
39 3 87.0 31.0
4 58 38.0 85.0
52 73 62.0 47.0
35 10 159.0 40.0
23 66 28.0 68.0
96 98 177.0 31.0
19 11 86.0 155.0
23 89 4.0 152.0
92 38 136.0 43.0
51 94 119.0 175.0
68 9 173.0 181.0
10 4 78.0 132.0
25 31 193.0 58.0
19 14 23.0 171.0
10 16 176.0 61.0
89 74 125.0 132.0
1 32 10.0 14.0
83 26 197.0 129.0
88 91 193.0 171.0
51 66 176.0 71.0
29 4 143.0 170.0
47 96 66.0 119.0
96 61 169.0 194.0
91 21 46.0 95.0
13 3 158.0 57.0
10 17 13.0 107.0
68 77 133.0 159.0
2 4 198.0 61.0
45 4 36.0 141.0
55 25 47.0 54.0
24 5 91.0 17.0
51 65 180.0 137.0
80 91 127.0 90.0
14 32 134.0 140.0
65 54 66.0 67.0
11 5 146.0 64.0
65 30 140.0 135.0
27 4 115.0 188.0
11 22 68.0 158.0
19 16 98.0 0.0
81 21 79.0 25.0
26 2 20.0 13.0
18 97 51.0 86.0
10 20 24.0 149.0
52 79 29.0 165.0
71 84 168.0 144.0
9 1 83.0 36.0
89 68 48.0 181.0
44 23 23.0 79.0
84 19 92.0 195.0
17 20 36.0 95.0
42 62 91.0 13.0
9 18 155.0 120.0
52 28 49.0 123.0
17 11 125.0 84.0
54 88 36.0 125.0
5 29 50.0 12.0
59 76 172.0 143.0
23 10 72.0 161.0
38 19 117.0 115.0
85 67 195.0 24.0
94 13 28.0 44.0
97 65 169.0 106.0
54 16 72.0 157.0
1 10 36.0 74.0
44 2 18.0 161.0
23 55 147.0 42.0
73 45 160.0 16.0
13 2 55.0 155.0
68 6 9.0 35.0
70 2 80.0 130.0
7 25 65.0 104.0
56 37 138.0 53.0
24 7 108.0 108.0
93 85 192.0 7.0
85 73 110.0 152.0
30 44 14.0 117.0
49 12 193.0 175.0
67 48 171.0 25.0
91 64 153.0 188.0
3 61 8.0 91.0
1 25 153.0 116.0
85 88 114.0 145.0
18 65 20.0 177.0
64 41 24.0 34.0
8 64 46.0 17.0
67 10 11.0 169.0
73 31 184.0 164.0
23 12 64.0 192.0
56 39 109.0 17.0
29 26 187.0 24.0
46 94 178.0 160.0
90 93 199.0 2.0
15 79 22.0 45.0
88 89 43.0 185.0
75 7 28.0 28.0
19 31 165.0 93.0
70 23 121.0 75.0
4 86 46.0 60.0
8 17 155.0 177.0
54 94 123.0 154.0
30 56 70.0 97.0
1 5 194.0 66.0
34 2 95.0 23.0
27 81 3.0 12.0
59 84 12.0 76.0
2 25 46.0 58.0
76 28 28.0 154.0
78 29 70.0 103.0
85 16 82.0 93.0
73 74 173.0 76.0
70 86 175.0 68.0
68 97 2.0 179.0
39 22 162.0 166.0
27 6 6.0 161.0
7 27 131.0 34.0
16 23 139.0 1.0
38 23 79.0 21.0
52 31 114.0 52.0
8 22 173.0 90.0
43 90 24.0 127.0
13 72 125.0 139.0
18 17 33.0 83.0
40 46 142.0 164.0
68 47 50.0 82.0
5 23 122.0 129.0
52 86 159.0 188.0
32 41 110.0 132.0
86 48 80.0 86.0
75 36 125.0 157.0
22 15 140.0 159.0
31 3 69.0 83.0
12 62 158.0 71.0
83 2 30.0 80.0
43 79 44.0 189.0
76 40 150.0 106.0
87 83 140.0 182.0
21 80 143.0 17.0
5 25 193.0 36.0
49 88 45.0 62.0
7 68 112.0 155.0
25 32 29.0 142.0
67 98 107.0 25.0
20 16 40.0 9.0
98 37 93.0 180.0
72 81 167.0 189.0
11 34 82.0 160.0
77 31 140.0 128.0
54 38 2.0 52.0
70 12 31.0 183.0
65 3 187.0 90.0
18 54 166.0 27.0
15 20 31.0 12.0
14 16 188.0 150.0
65 15 82.0 71.0
45 36 47.0 22.0
29 11 161.0 1.0
22 37 156.0 144.0
93 29 187.0 143.0
14 18 33.0 154.0
97 31 96.0 64.0
62 73 153.0 37.0
23 14 64.0 35.0
20 62 149.0 64.0
22 12 161.0 63.0
69 94 98.0 117.0
11 12 80.0 86.0
61 69 121.0 113.0
4 24 181.0 169.0
5 19 125.0 86.0
1 80 29.0 141.0
97 36 165.0 131.0
14 81 81.0 126.0
76 34 195.0 131.0
3 32 94.0 75.0
12 68 23.0 167.0
1 16 167.0 156.0
82 83 161.0 44.0
64 37 93.0 191.0
72 37 22.0 11.0
26 8 69.0 103.0
64 36 92.0 17.0
77 81 118.0 138.0
18 15 56.0 141.0
1 95 41.0 176.0
79 87 104.0 2.0
79 78 6.0 149.0
16 7 135.0 180.0
37 83 135.0 157.0
74 57 179.0 179.0
93 77 4.0 97.0
19 8 73.0 60.0
13 14 181.0 114.0
60 16 119.0 37.0
93 14 34.0 77.0
74 97 149.0 169.0
13 17 21.0 36.0
61 29 23.0 0.0
7 81 165.0 27.0
2 28 82.0 191.0
1 88 85.0 63.0
1 27 93.0 4.0
41 49 91.0 127.0
26 3 138.0 193.0
34 6 131.0 159.0
88 34 35.0 154.0
9 25 154.0 1.0
56 63 97.0 36.0
7 26 128.0 182.0
48 17 97.0 21.0
8 24 112.0 188.0
69 8 27.0 2.0
6 24 160.0 159.0
56 70 186.0 148.0
98 32 68.0 141.0
13 22 94.0 117.0
18 82 86.0 174.0
54 90 10.0 183.0
32 79 196.0 122.0
24 14 172.0 23.0
47 25 63.0 85.0
51 22 95.0 2.0
9 40 27.0 115.0
37 27 54.0 73.0
18 20 72.0 140.0
86 85 91.0 34.0
21 14 161.0 87.0
39 47 24.0 134.0
28 32 93.0 40.0
9 95 138.0 140.0
90 98 9.0 117.0
4 30 26.0 15.0
95 15 34.0 98.0
1 34 88.0 77.0
3 1 28.0 49.0
9 7 71.0 4.0
43 47 110.0 116.0
97 3 175.0 48.0
9 23 158.0 137.0
16 5 146.0 184.0
25 66 196.0 132.0
16 18 162.0 84.0
1 33 104.0 142.0
60 1 128.0 127.0
21 10 181.0 38.0
85 44 20.0 157.0
31 8 64.0 178.0
29 18 59.0 11.0
34 3 70.0 55.0
29 9 182.0 32.0
93 59 199.0 86.0
59 7 15.0 79.0
89 35 14.0 149.0
78 65 113.0 186.0
83 98 102.0 178.0
10 19 182.0 161.0
81 2 45.0 52.0
2 89 39.0 28.0
27 11 186.0 190.0
13 26 42.0 154.0
2 11 97.0 57.0
66 80 17.0 162.0
19 18 96.0 119.0
36 84 174.0 30.0
41 45 111.0 19.0
89 78 184.0 102.0
59 95 146.0 171.0
69 40 102.0 141.0
95 93 93.0 151.0
12 26 10.0 110.0
83 40 96.0 58.0
79 24 64.0 70.0
8 29 194.0 127.0
68 64 107.0 178.0
61 22 84.0 5.0
17 15 158.0 139.0
9 49 146.0 51.0
6 11 115.0 108.0
26 5 109.0 11.0
98 70 131.0 174.0
59 42 67.0 77.0
8 56 157.0 126.0
34 49 39.0 193.0
63 29 31.0 198.0
78 48 179.0 177.0
11 25 162.0 94.0
90 8 11.0 71.0
13 21 165.0 94.0
5 31 86.0 184.0
29 96 143.0 43.0
33 5 177.0 183.0
88 32 144.0 160.0
79 4 1.0 123.0
73 49 82.0 115.0
20 11 166.0 45.0
89 36 187.0 83.0
2 29 96.0 25.0
21 85 125.0 40.0
2 68 26.0 103.0
18 13 42.0 170.0
28 30 31.0 196.0
78 86 91.0 65.0
55 43 187.0 9.0
34 93 15.0 126.0
72 47 194.0 64.0
33 35 29.0 119.0
58 57 139.0 7.0
81 46 95.0 133.0
76 20 190.0 78.0
21 17 195.0 33.0
41 13 8.0 134.0
21 12 102.0 23.0
76 8 89.0 96.0
18 22 126.0 71.0
13 33 132.0 65.0
35 8 87.0 179.0
81 78 73.0 77.0
27 12 112.0 69.0
56 90 96.0 120.0
75 66 133.0 150.0
74 81 30.0 175.0
32 7 59.0 109.0
30 11 188.0 191.0
58 11 6.0 75.0
29 6 189.0 31.0
47 13 25.0 53.0
10 28 176.0 73.0
19 21 60.0 62.0
12 80 139.0 42.0
23 8 63.0 198.0
6 5 3.0 52.0
69 28 100.0 161.0
85 52 0.0 42.0
35 4 157.0 178.0
13 28 146.0 134.0
54 33 48.0 6.0
68 71 124.0 139.0
77 75 78.0 187.0
79 40 0.0 81.0
24 62 55.0 53.0
69 66 185.0 8.0
26 4 115.0 95.0
88 4 112.0 61.0
90 52 66.0 113.0
11 28 68.0 190.0
63 38 78.0 146.0
78 42 192.0 79.0
5 77 162.0 199.0
98 30 73.0 100.0
40 52 31.0 189.0
55 61 105.0 95.0
9 27 90.0 171.0
36 16 59.0 110.0
53 87 115.0 138.0
84 56 162.0 59.0
34 66 32.0 76.0
95 47 60.0 105.0
98 63 147.0 43.0
80 49 23.0 52.0
52 26 16.0 65.0
41 40 83.0 75.0
82 40 26.0 198.0
95 81 187.0 140.0
9 31 135.0 19.0
34 78 117.0 147.0
96 13 76.0 64.0
5 32 132.0 51.0
89 17 85.0 100.0
12 98 82.0 168.0
94 29 27.0 109.0
11 74 45.0 167.0
17 59 12.0 133.0
38 59 91.0 81.0
72 92 104.0 119.0
57 96 11.0 36.0
68 27 35.0 96.0
80 27 156.0 117.0
11 91 63.0 136.0
23 54 198.0 60.0
5 27 9.0 162.0
35 5 145.0 52.0
88 66 155.0 1.0
1 36 182.0 166.0
32 6 140.0 17.0
21 43 165.0 49.0
90 32 197.0 28.0
41 9 81.0 147.0
23 53 156.0 42.0
48 15 46.0 53.0
7 33 8.0 154.0
58 43 120.0 190.0
22 16 117.0 12.0
37 6 63.0 82.0
83 63 190.0 12.0
28 56 33.0 72.0
64 51 79.0 141.0
66 53 27.0 77.0
51 98 147.0 35.0
39 2 191.0 67.0
28 62 135.0 108.0
16 50 195.0 198.0
14 57 156.0 186.0
15 26 95.0 141.0
75 3 85.0 126.0
55 19 132.0 112.0
14 17 91.0 79.0
85 1 15.0 34.0
63 46 127.0 151.0
36 6 43.0 122.0
20 14 90.0 0.0
47 18 43.0 137.0
21 25 4.0 80.0
43 32 55.0 89.0
36 73 123.0 147.0
74 82 149.0 90.0
83 32 66.0 76.0
28 15 63.0 110.0
38 27 177.0 153.0
44 35 27.0 172.0
15 94 174.0 184.0
81 54 195.0 182.0
82 16 12.0 70.0
53 39 43.0 161.0
71 86 153.0 109.0
3 92 47.0 16.0
10 24 133.0 24.0
4 17 118.0 112.0
5 55 104.0 44.0
64 59 67.0 51.0
30 8 74.0 79.0
25 8 91.0 117.0
37 1 122.0 196.0
35 1 79.0 121.0
94 7 97.0 12.0
16 52 1.0 15.0
8 58 199.0 105.0
73 29 49.0 18.0
12 31 166.0 123.0
26 9 177.0 10.0
78 57 169.0 99.0
40 14 56.0 48.0
20 82 70.0 153.0
38 3 167.0 71.0
31 7 122.0 118.0
28 4 65.0 123.0
91 6 180.0 183.0
24 86 162.0 157.0
45 78 123.0 131.0
91 25 53.0 179.0
8 74 83.0 123.0
2 75 137.0 2.0
4 31 110.0 11.0
33 3 195.0 127.0
26 6 77.0 176.0
91 62 56.0 40.0
26 18 124.0 179.0
74 61 96.0 177.0
90 21 49.0 131.0
95 73 24.0 138.0
92 27 64.0 134.0
36 38 75.0 12.0
43 17 180.0 152.0
5 34 168.0 188.0
35 68 19.0 92.0
84 93 73.0 68.0
4 32 73.0 74.0
98 59 140.0 97.0
38 1 55.0 157.0
12 60 25.0 130.0
32 70 134.0 5.0
21 16 47.0 102.0
59 36 142.0 19.0
30 66 43.0 15.0
91 66 124.0 116.0
80 39 72.0 16.0
13 20 51.0 127.0
35 81 3.0 77.0
8 87 128.0 138.0
79 93 92.0 176.0
84 90 156.0 186.0
39 4 176.0 0.0
47 35 0.0 52.0
29 56 88.0 72.0
31 6 89.0 92.0
86 10 158.0 44.0
96 75 135.0 87.0
26 92 114.0 180.0
39 65 52.0 71.0
3 36 66.0 180.0
24 18 30.0 66.0
29 83 0.0 118.0
8 36 3.0 89.0
6 69 39.0 114.0
1 48 43.0 126.0
95 61 186.0 110.0
32 12 49.0 38.0
11 32 199.0 115.0
24 67 57.0 29.0
25 14 66.0 58.0
2 6 98.0 22.0
28 55 54.0 137.0
16 26 113.0 49.0
17 56 51.0 99.0
93 40 48.0 52.0
90 72 111.0 48.0
94 68 78.0 120.0
28 45 192.0 96.0
2 38 167.0 90.0
27 10 151.0 21.0
19 26 20.0 16.0
81 92 27.0 23.0
33 28 16.0 75.0
56 20 48.0 79.0
44 28 34.0 78.0
73 96 64.0 178.0
28 8 156.0 183.0
25 12 98.0 59.0
51 41 162.0 118.0
34 63 4.0 189.0
46 98 68.0 20.0
36 5 149.0 69.0
79 18 84.0 184.0
69 1 72.0 100.0
6 10 86.0 180.0
86 46 69.0 184.0
42 1 67.0 183.0
42 2 22.0 71.0
55 56 186.0 91.0
9 65 144.0 136.0
29 16 86.0 181.0
91 48 73.0 110.0
40 3 6.0 160.0
58 19 53.0 27.0
96 70 4.0 120.0
27 76 30.0 179.0
33 83 80.0 16.0
49 57 193.0 176.0
3 11 163.0 31.0
50 52 156.0 36.0
64 15 17.0 115.0
88 45 100.0 70.0
10 30 145.0 105.0
78 9 23.0 175.0
7 38 40.0 103.0
3 2 25.0 185.0
58 78 180.0 188.0
25 13 46.0 136.0
74 34 74.0 63.0
79 98 155.0 174.0
11 26 16.0 53.0
38 71 173.0 191.0
61 53 173.0 165.0
41 1 66.0 198.0
40 2 134.0 46.0
89 64 143.0 180.0
97 10 188.0 17.0
63 33 11.0 144.0
62 76 43.0 179.0
48 45 54.0 168.0
53 77 142.0 27.0
36 7 61.0 8.0
31 10 133.0 147.0
31 14 80.0 77.0
24 25 60.0 69.0
21 15 118.0 23.0
83 8 195.0 113.0
8 82 142.0 49.0
27 13 156.0 36.0
28 21 72.0 169.0
7 37 145.0 6.0
46 88 176.0 178.0
9 35 176.0 188.0
27 21 182.0 46.0
82 98 92.0 177.0
81 6 160.0 34.0
32 31 165.0 116.0
17 22 22.0 189.0
16 32 8.0 120.0
21 37 168.0 136.0
56 54 117.0 144.0
33 9 56.0 99.0
38 11 141.0 100.0
16 64 167.0 53.0
50 49 128.0 132.0
6 33 67.0 151.0
36 20 3.0 27.0
23 19 122.0 171.0
15 82 129.0 39.0
76 63 158.0 137.0
25 16 78.0 100.0
88 28 186.0 197.0
32 22 187.0 115.0
79 21 71.0 6.0
40 42 114.0 27.0
4 93 37.0 188.0
33 34 75.0 167.0
96 39 91.0 34.0
63 79 19.0 121.0
62 83 19.0 6.0
28 7 50.0 6.0
30 92 84.0 73.0
35 93 195.0 198.0
20 25 21.0 33.0
38 39 186.0 48.0
33 21 151.0 29.0
1 52 64.0 170.0
23 18 117.0 83.0
80 38 44.0 119.0
34 13 53.0 128.0
88 65 152.0 48.0
69 90 133.0 125.0
84 94 42.0 71.0
17 68 80.0 193.0
21 84 73.0 144.0
11 31 149.0 190.0
33 11 75.0 146.0
26 21 3.0 128.0
60 94 73.0 107.0
85 71 148.0 7.0
66 45 165.0 190.0
21 22 87.0 198.0
1 55 46.0 161.0
25 64 95.0 148.0
6 38 171.0 170.0
27 17 177.0 126.0
45 34 94.0 51.0
60 97 22.0 42.0
23 21 76.0 140.0
18 85 122.0 163.0
95 23 106.0 120.0
87 37 145.0 153.0
91 33 35.0 68.0
38 67 107.0 12.0
56 66 148.0 1.0
64 81 18.0 122.0
46 1 52.0 46.0
15 96 137.0 174.0
75 17 18.0 195.0
10 94 29.0 115.0
29 17 152.0 64.0
30 14 164.0 11.0
37 81 70.0 64.0
63 7 93.0 40.0
80 7 105.0 145.0
58 90 85.0 194.0
62 5 80.0 103.0
54 15 20.0 110.0
40 5 138.0 172.0
39 1 0.0 102.0
8 97 60.0 22.0
60 23 58.0 153.0
29 35 147.0 115.0
80 63 86.0 33.0
67 73 199.0 167.0
9 37 164.0 19.0
46 36 15.0 103.0
61 16 177.0 167.0
69 12 181.0 189.0
88 25 103.0 191.0
15 27 113.0 50.0
89 90 124.0 0.0
16 24 31.0 75.0
29 67 7.0 195.0
15 16 19.0 22.0
77 92 36.0 149.0
27 20 133.0 169.0
28 12 129.0 188.0
22 26 139.0 195.0
37 34 46.0 63.0
53 52 118.0 77.0
10 33 79.0 125.0
20 51 187.0 50.0
44 96 20.0 175.0
91 85 27.0 105.0
45 2 27.0 108.0
30 40 159.0 166.0
27 19 20.0 6.0
47 2 162.0 138.0
59 41 40.0 41.0
91 54 157.0 27.0
8 86 85.0 129.0
72 58 60.0 112.0
30 18 166.0 39.0
15 29 30.0 125.0
35 12 163.0 51.0
74 22 131.0 125.0
62 93 73.0 171.0
23 13 52.0 183.0
7 40 109.0 137.0
64 40 180.0 169.0
45 3 2.0 98.0
54 37 56.0 32.0
64 2 178.0 19.0
26 20 134.0 62.0
45 62 23.0 160.0
11 37 194.0 28.0
4 78 107.0 104.0
74 60 93.0 39.0
97 29 151.0 47.0
14 29 173.0 159.0
54 87 92.0 152.0
47 1 40.0 178.0
26 69 88.0 64.0
20 23 193.0 82.0
80 35 80.0 52.0
95 34 150.0 125.0
62 55 143.0 53.0
9 86 119.0 117.0
74 48 122.0 163.0
20 24 138.0 162.0
46 3 169.0 178.0
23 74 184.0 114.0
10 45 67.0 64.0
79 71 39.0 17.0
34 7 118.0 135.0
22 24 83.0 37.0
8 57 164.0 5.0
81 41 78.0 54.0
26 14 121.0 199.0
87 43 101.0 105.0
2 43 90.0 169.0
84 23 130.0 130.0
34 8 149.0 48.0
70 21 198.0 33.0
33 67 84.0 162.0
63 27 105.0 114.0
40 47 103.0 178.0
32 15 60.0 5.0
17 31 172.0 103.0
35 11 26.0 102.0
87 63 23.0 175.0
39 73 131.0 21.0
42 8 157.0 15.0
88 87 9.0 14.0
6 40 80.0 64.0
56 4 184.0 140.0
5 39 60.0 156.0
41 2 182.0 38.0
73 98 53.0 5.0
23 17 77.0 184.0
45 1 169.0 186.0
70 28 133.0 178.0
54 7 125.0 13.0
11 97 11.0 61.0
66 26 82.0 23.0
80 14 91.0 16.0
68 23 153.0 96.0
79 9 114.0 30.0
29 13 17.0 83.0
90 38 67.0 103.0
44 9 23.0 144.0
28 19 28.0 187.0
3 35 105.0 62.0
69 17 51.0 148.0
39 92 53.0 156.0
56 67 109.0 167.0
38 5 76.0 79.0
7 39 22.0 95.0
87 2 129.0 198.0
1 58 170.0 109.0
14 84 171.0 27.0
56 64 54.0 22.0
57 65 98.0 107.0
27 14 175.0 159.0
19 73 43.0 3.0
15 25 79.0 17.0
76 16 85.0 160.0
37 8 100.0 55.0
27 22 145.0 71.0
3 37 182.0 199.0
41 6 197.0 32.0
30 13 112.0 172.0
55 18 162.0 155.0
38 72 66.0 41.0
43 18 93.0 151.0
53 67 166.0 193.0
29 95 153.0 112.0
97 64 191.0 135.0
3 44 158.0 188.0
38 97 149.0 71.0
16 81 64.0 63.0
43 4 44.0 82.0
16 30 33.0 89.0
56 95 87.0 151.0
47 10 113.0 40.0
74 53 1.0 56.0
24 21 62.0 159.0
53 75 195.0 163.0
58 18 64.0 11.0
45 20 94.0 60.0
9 56 21.0 79.0
43 5 186.0 60.0
47 9 173.0 99.0
17 34 28.0 126.0
34 10 107.0 42.0
91 1 133.0 54.0
18 52 69.0 150.0
12 29 188.0 163.0
17 52 47.0 161.0
89 14 72.0 33.0
76 1 54.0 198.0
10 32 142.0 34.0
75 25 135.0 1.0
25 30 67.0 68.0
81 57 182.0 136.0
62 77 45.0 122.0
84 52 73.0 92.0
21 3 130.0 97.0
32 18 154.0 184.0
41 23 86.0 48.0
3 79 81.0 173.0
10 69 34.0 148.0
27 50 97.0 168.0
82 10 88.0 142.0
34 15 183.0 113.0
48 19 75.0 65.0
26 17 182.0 181.0
16 67 17.0 20.0
47 63 193.0 98.0
33 36 56.0 27.0
41 25 181.0 154.0
33 14 117.0 21.0
82 97 148.0 52.0
71 88 58.0 176.0
16 35 41.0 40.0
39 8 123.0 11.0
7 35 51.0 117.0
17 49 0.0 107.0
73 26 35.0 133.0
19 91 145.0 105.0
45 22 89.0 46.0
66 89 49.0 147.0
37 10 71.0 91.0
24 27 16.0 194.0
52 80 80.0 67.0
20 28 156.0 80.0
33 29 154.0 144.0
2 36 161.0 51.0
38 10 185.0 2.0
94 82 3.0 35.0
24 23 146.0 74.0
14 36 199.0 162.0
77 56 44.0 79.0
63 1 0.0 0.0
22 20 150.0 154.0
56 10 152.0 63.0
12 38 126.0 89.0
48 81 8.0 129.0
38 13 38.0 155.0
30 12 60.0 38.0
38 9 159.0 104.0
28 81 11.0 159.0
46 5 146.0 162.0
57 42 29.0 50.0
6 30 58.0 156.0
42 10 123.0 66.0
36 76 169.0 113.0
96 14 190.0 29.0
28 23 154.0 149.0
26 79 94.0 118.0
82 9 51.0 193.0
12 37 100.0 33.0
94 52 8.0 158.0
85 8 123.0 83.0
83 75 193.0 44.0
45 16 73.0 135.0
16 34 4.0 179.0
37 13 77.0 98.0
76 18 187.0 129.0
6 45 78.0 87.0
22 29 33.0 86.0
13 35 29.0 157.0
17 28 18.0 23.0
18 95 89.0 43.0
50 63 195.0 93.0
33 77 1.0 73.0
94 41 178.0 140.0
41 97 123.0 57.0
37 62 105.0 156.0
86 66 87.0 86.0
14 98 198.0 57.0
95 83 71.0 87.0
41 4 146.0 66.0
68 58 168.0 100.0
21 29 65.0 147.0
30 15 198.0 188.0
4 40 20.0 55.0
7 53 181.0 107.0
52 29 127.0 179.0
13 78 91.0 198.0
15 44 133.0 37.0
57 60 10.0 101.0
23 22 150.0 27.0
71 61 8.0 101.0
56 31 27.0 28.0
34 18 158.0 9.0
91 53 117.0 37.0
32 45 63.0 8.0
44 36 169.0 196.0
96 95 17.0 179.0
27 42 103.0 119.0
58 25 40.0 111.0
26 23 83.0 19.0
44 4 128.0 193.0
8 44 80.0 45.0
20 30 128.0 144.0
53 51 137.0 49.0
2 32 137.0 154.0
2 48 163.0 192.0
69 24 79.0 155.0
39 63 70.0 163.0
88 73 76.0 150.0
56 22 14.0 108.0
83 45 98.0 142.0
40 11 135.0 36.0
3 48 161.0 24.0
43 3 15.0 76.0
20 29 66.0 94.0
72 2 112.0 88.0
75 5 161.0 188.0
80 72 33.0 176.0
12 39 198.0 83.0
41 54 187.0 86.0
19 29 182.0 100.0
62 89 54.0 149.0
98 31 165.0 72.0
32 39 75.0 77.0
97 83 135.0 37.0
56 32 120.0 120.0
22 28 50.0 71.0
64 98 193.0 189.0
28 85 154.0 176.0
75 80 178.0 9.0
12 44 31.0 95.0
9 39 144.0 106.0
95 66 161.0 32.0
19 34 48.0 34.0
79 56 88.0 50.0
55 70 89.0 81.0
56 58 4.0 196.0
40 58 112.0 134.0
57 86 184.0 143.0
18 35 48.0 81.0
88 16 110.0 161.0
40 60 78.0 158.0
71 19 122.0 166.0
45 7 185.0 164.0
28 59 48.0 141.0
72 18 107.0 160.0
59 35 161.0 92.0
3 49 3.0 161.0
51 88 7.0 113.0
49 64 179.0 85.0
38 52 135.0 53.0
22 78 164.0 72.0
15 37 198.0 12.0
6 43 48.0 58.0
2 50 134.0 161.0
47 6 113.0 138.0
47 92 172.0 120.0
14 53 162.0 151.0
13 32 116.0 49.0
11 82 8.0 80.0
21 67 30.0 158.0
24 31 45.0 30.0
19 33 193.0 180.0
1 51 113.0 58.0
25 26 4.0 85.0
2 49 50.0 119.0
3 50 24.0 167.0
71 6 32.0 184.0
73 16 13.0 15.0
36 9 182.0 10.0
28 47 152.0 127.0
77 85 190.0 17.0
10 40 54.0 194.0
73 92 94.0 56.0
81 86 180.0 70.0
92 6 171.0 164.0
75 78 165.0 184.0
14 49 62.0 99.0
52 56 101.0 167.0
42 11 130.0 91.0
43 9 187.0 136.0
2 51 41.0 81.0
47 87 47.0 21.0
48 75 61.0 18.0
30 19 142.0 178.0
49 19 37.0 5.0
74 95 70.0 91.0
30 22 52.0 152.0
31 69 28.0 191.0
2 46 104.0 21.0
14 37 88.0 151.0
54 86 98.0 149.0
86 44 176.0 193.0
18 61 62.0 165.0
40 12 134.0 84.0
30 95 67.0 138.0
65 43 61.0 47.0
46 7 132.0 117.0
38 15 45.0 20.0
39 88 66.0 95.0
32 23 158.0 194.0
5 44 112.0 172.0
3 72 111.0 199.0
4 47 122.0 178.0
60 89 22.0 135.0
80 65 159.0 106.0
28 16 64.0 156.0
36 15 0.0 82.0
11 57 130.0 110.0
9 34 155.0 195.0
76 45 185.0 18.0
47 7 103.0 107.0
40 8 22.0 77.0
51 79 120.0 133.0
44 10 166.0 184.0
17 24 136.0 166.0
33 45 33.0 19.0
45 8 50.0 189.0
89 94 147.0 187.0
42 7 83.0 2.0
49 5 86.0 105.0
87 13 182.0 6.0
42 61 76.0 148.0
37 23 6.0 12.0
67 40 157.0 40.0
20 33 61.0 159.0
33 17 97.0 161.0
65 34 32.0 132.0
42 19 163.0 118.0
31 80 164.0 98.0
96 49 180.0 40.0
72 89 111.0 186.0
4 50 137.0 68.0
42 3 100.0 199.0
9 30 69.0 149.0
5 48 71.0 101.0
13 36 4.0 186.0
50 41 68.0 168.0
90 67 100.0 48.0
13 52 152.0 163.0
92 37 125.0 90.0
14 46 89.0 25.0
32 17 28.0 110.0
38 31 135.0 51.0
1 65 137.0 139.0
13 31 61.0 5.0
84 1 183.0 113.0
8 84 6.0 88.0
76 41 176.0 131.0
37 16 172.0 17.0
69 89 146.0 0.0
75 1 180.0 81.0
49 1 68.0 117.0
15 40 154.0 130.0
97 6 169.0 89.0
12 43 85.0 128.0
30 21 174.0 14.0
65 40 154.0 146.0
30 26 3.0 52.0
80 46 145.0 183.0
60 27 40.0 13.0
10 41 103.0 194.0
88 53 115.0 25.0
92 2 169.0 1.0
27 34 132.0 143.0
73 13 110.0 39.0
34 20 92.0 113.0
48 12 186.0 189.0
36 21 124.0 179.0
44 7 93.0 28.0
42 14 23.0 8.0
38 16 122.0 144.0
39 58 79.0 7.0
70 61 22.0 189.0
62 47 66.0 66.0
14 76 101.0 53.0
55 95 12.0 25.0
90 24 119.0 105.0
7 60 120.0 94.0
66 9 107.0 195.0
66 35 111.0 186.0
51 56 137.0 133.0
59 49 181.0 4.0
80 64 17.0 34.0
60 61 198.0 29.0
19 36 28.0 69.0
35 92 131.0 100.0
49 4 31.0 38.0
4 46 49.0 142.0
57 28 182.0 139.0
19 37 187.0 116.0
41 14 145.0 4.0
37 20 180.0 95.0
85 90 176.0 160.0
83 85 82.0 59.0
55 49 109.0 65.0
50 36 179.0 111.0
11 44 14.0 162.0
60 79 1.0 153.0
59 14 143.0 98.0
26 64 72.0 75.0
55 86 191.0 48.0
72 75 155.0 25.0
79 11 185.0 65.0
21 32 35.0 116.0
8 43 27.0 49.0
61 79 41.0 28.0
49 95 159.0 136.0
60 80 86.0 31.0
67 41 93.0 29.0
25 23 154.0 49.0
54 2 145.0 91.0
3 51 124.0 180.0
65 69 98.0 151.0
5 96 0.0 139.0
48 36 136.0 160.0
7 50 36.0 22.0
86 56 171.0 130.0
46 9 153.0 125.0
54 45 143.0 50.0
29 34 62.0 19.0
4 75 101.0 160.0
72 25 166.0 102.0
16 65 22.0 102.0
46 11 85.0 10.0
6 51 138.0 8.0
41 15 172.0 91.0
13 24 126.0 67.0
90 9 90.0 140.0
83 22 13.0 191.0
46 82 88.0 179.0
48 27 17.0 110.0
22 35 39.0 54.0
58 17 189.0 177.0
83 30 99.0 113.0
86 14 88.0 25.0
76 93 180.0 178.0
25 27 76.0 145.0
76 70 74.0 116.0
52 48 70.0 43.0
38 17 65.0 109.0
29 23 60.0 6.0
9 61 71.0 111.0
24 32 24.0 111.0
26 54 178.0 4.0
47 61 177.0 54.0
4 53 138.0 52.0
28 9 153.0 8.0
50 1 9.0 171.0
40 16 64.0 21.0
70 40 54.0 135.0
17 81 29.0 79.0
90 50 50.0 7.0
66 6 116.0 179.0
60 86 189.0 54.0
96 59 128.0 142.0
16 39 136.0 137.0
20 83 44.0 1.0
24 33 65.0 99.0
2 53 126.0 46.0
24 74 55.0 128.0
35 73 154.0 171.0
27 30 122.0 143.0
17 82 20.0 2.0
42 16 146.0 157.0
31 57 45.0 190.0
45 14 37.0 63.0
48 11 137.0 116.0
18 77 133.0 192.0
16 33 100.0 87.0
13 43 182.0 174.0
3 64 123.0 2.0
11 78 70.0 69.0
36 30 124.0 68.0
49 8 72.0 161.0
43 74 107.0 9.0
9 74 34.0 41.0
23 31 162.0 134.0
36 72 35.0 144.0
37 38 106.0 158.0
11 39 184.0 177.0
39 14 91.0 60.0
51 52 120.0 164.0
7 43 181.0 28.0
43 11 52.0 167.0
40 43 116.0 166.0
70 10 1.0 151.0
37 18 124.0 107.0
91 63 183.0 60.0
34 23 113.0 26.0
35 87 49.0 34.0
6 49 99.0 182.0
48 14 136.0 151.0
28 25 166.0 5.0
47 97 94.0 119.0
75 64 162.0 171.0
82 6 49.0 97.0
43 63 198.0 162.0
7 85 134.0 47.0
5 50 149.0 33.0
71 55 86.0 38.0
49 32 138.0 52.0
52 6 121.0 185.0
26 32 118.0 36.0
84 98 91.0 167.0
35 20 76.0 41.0
87 11 145.0 10.0
54 5 152.0 46.0
53 5 90.0 190.0
38 20 79.0 181.0
31 89 69.0 152.0
3 56 109.0 188.0
51 34 35.0 153.0
49 10 124.0 111.0
18 39 8.0 21.0
35 24 154.0 112.0
41 18 31.0 197.0
74 87 15.0 62.0
33 38 18.0 85.0
40 19 133.0 79.0
53 6 26.0 169.0
4 57 166.0 150.0
83 74 128.0 126.0
75 84 94.0 83.0
6 48 190.0 126.0
41 7 106.0 6.0
24 28 15.0 76.0
31 20 152.0 148.0
4 38 71.0 178.0
65 29 160.0 189.0
25 33 42.0 89.0
36 25 0.0 88.0
13 77 118.0 190.0
34 22 14.0 176.0
84 51 59.0 29.0
16 41 51.0 12.0
76 61 53.0 74.0
90 82 122.0 166.0
35 26 37.0 116.0
4 55 87.0 189.0
18 36 78.0 157.0
9 48 120.0 93.0
50 13 48.0 179.0
81 26 4.0 52.0
16 43 5.0 9.0
12 41 121.0 127.0
51 8 113.0 110.0
37 24 172.0 152.0
23 30 64.0 51.0
38 14 83.0 136.0
77 83 23.0 84.0
46 13 145.0 27.0
75 51 52.0 150.0
75 79 146.0 125.0
67 35 27.0 12.0
22 36 176.0 199.0
85 59 20.0 40.0
25 52 117.0 56.0
90 39 56.0 92.0
77 58 138.0 154.0
4 37 175.0 143.0
47 12 112.0 122.0
49 71 0.0 91.0
50 8 76.0 128.0
98 94 144.0 97.0
3 80 143.0 13.0
20 40 121.0 151.0
15 66 187.0 11.0
71 65 0.0 163.0
46 15 135.0 65.0
36 65 173.0 88.0
43 14 197.0 2.0
48 94 83.0 93.0
4 52 1.0 178.0
26 27 91.0 122.0
47 8 149.0 30.0
26 33 15.0 150.0
29 27 105.0 102.0
44 29 75.0 79.0
82 84 192.0 72.0
35 60 40.0 28.0
38 35 138.0 41.0
16 46 76.0 181.0
44 14 40.0 177.0
78 28 139.0 55.0
45 9 170.0 45.0
57 5 107.0 45.0
2 58 193.0 52.0
15 42 161.0 33.0
53 15 79.0 51.0
96 85 189.0 107.0
55 2 104.0 182.0
67 70 10.0 44.0
98 62 0.0 132.0
23 39 26.0 107.0
23 78 136.0 171.0
96 87 134.0 49.0
57 89 19.0 13.0
23 35 184.0 160.0
73 63 72.0 40.0
35 75 31.0 35.0
17 39 146.0 183.0
52 98 199.0 172.0
77 14 50.0 88.0
56 78 129.0 184.0
25 98 26.0 100.0
44 17 129.0 162.0
11 41 39.0 2.0
6 84 117.0 23.0
45 29 157.0 63.0
28 29 156.0 157.0
96 18 183.0 6.0
51 29 76.0 112.0
53 9 64.0 55.0
31 90 133.0 193.0
2 59 12.0 173.0
3 59 93.0 81.0
93 39 4.0 50.0
34 28 120.0 160.0
41 31 91.0 103.0
48 13 151.0 119.0
10 48 110.0 15.0
67 13 116.0 44.0
61 56 44.0 128.0
46 6 119.0 89.0
44 18 142.0 123.0
48 42 8.0 62.0
31 29 61.0 51.0
70 71 169.0 12.0
92 18 193.0 32.0
31 71 48.0 109.0
28 83 114.0 92.0
57 3 57.0 185.0
54 4 77.0 152.0
75 55 50.0 37.0
29 55 121.0 111.0
28 95 12.0 42.0
68 65 195.0 5.0
57 6 51.0 43.0
56 7 56.0 117.0
87 10 96.0 113.0
1 59 60.0 125.0
11 92 68.0 110.0
20 39 166.0 189.0
33 23 57.0 130.0
37 96 64.0 53.0
46 12 154.0 116.0
53 28 6.0 162.0
61 1 52.0 54.0
54 8 77.0 65.0
27 32 98.0 97.0
44 13 103.0 17.0
43 72 32.0 161.0
4 59 85.0 48.0
7 51 151.0 191.0
95 41 38.0 157.0
41 5 75.0 43.0
49 87 39.0 105.0
74 35 137.0 137.0
20 42 15.0 192.0
6 54 137.0 199.0
7 52 86.0 22.0
27 70 66.0 37.0
12 93 149.0 104.0
40 24 158.0 177.0
9 54 43.0 197.0
45 26 181.0 132.0
18 33 199.0 148.0
56 5 53.0 136.0
32 37 111.0 91.0
49 11 43.0 177.0
25 18 41.0 145.0
12 91 140.0 152.0
1 56 96.0 183.0
3 58 134.0 30.0
53 43 174.0 133.0
44 6 73.0 179.0
33 27 8.0 184.0
12 50 82.0 4.0
13 51 79.0 76.0
2 57 131.0 20.0
58 98 70.0 179.0
22 41 167.0 156.0
93 86 18.0 93.0
18 46 148.0 43.0
34 40 151.0 156.0
30 31 38.0 185.0
44 46 84.0 118.0
24 38 171.0 167.0
20 44 20.0 193.0
33 74 48.0 187.0
17 51 6.0 18.0
22 42 104.0 106.0
9 55 132.0 55.0
12 51 188.0 171.0
35 28 96.0 25.0
80 61 128.0 19.0
33 32 0.0 149.0
82 31 55.0 0.0
38 62 130.0 13.0
33 96 121.0 34.0
19 44 13.0 53.0
54 31 137.0 153.0
56 15 148.0 185.0
36 24 14.0 29.0
22 40 81.0 166.0
87 34 91.0 137.0
51 71 170.0 21.0
25 39 60.0 43.0
38 25 85.0 25.0
43 15 43.0 174.0
10 53 32.0 143.0
49 15 133.0 198.0
89 40 73.0 14.0
47 14 174.0 164.0
53 11 180.0 144.0
37 67 100.0 40.0
19 45 14.0 185.0
32 30 56.0 57.0
49 16 140.0 88.0
46 30 132.0 25.0
69 4 40.0 5.0
90 40 101.0 14.0
54 10 109.0 81.0
26 39 87.0 9.0
61 83 85.0 102.0
24 41 33.0 142.0
91 5 94.0 125.0
11 51 177.0 26.0
97 12 37.0 17.0
51 54 116.0 138.0
58 7 96.0 25.0
42 21 134.0 184.0
18 48 143.0 171.0
35 17 118.0 129.0
53 3 69.0 164.0
15 50 147.0 47.0
86 35 181.0 136.0
63 3 198.0 97.0
62 4 193.0 94.0
45 15 195.0 79.0
21 40 122.0 91.0
67 3 12.0 192.0
61 5 31.0 81.0
28 37 127.0 130.0
12 87 49.0 108.0
30 33 193.0 47.0
51 15 95.0 186.0
55 16 144.0 90.0
67 74 184.0 66.0
76 91 180.0 148.0
51 40 168.0 163.0
31 21 159.0 95.0
45 87 157.0 8.0
95 22 195.0 102.0
23 43 24.0 90.0
39 24 126.0 169.0
32 34 171.0 62.0
34 31 164.0 151.0
55 8 102.0 133.0
64 57 25.0 13.0
9 52 98.0 134.0
19 47 32.0 45.0
58 9 136.0 57.0
50 17 86.0 15.0
17 45 163.0 57.0
35 32 184.0 80.0
15 39 93.0 86.0
20 48 82.0 70.0
55 32 4.0 132.0
58 5 24.0 36.0
72 84 85.0 112.0
72 42 141.0 123.0
30 34 101.0 104.0
23 40 26.0 85.0
68 52 95.0 119.0
39 27 150.0 129.0
63 4 92.0 154.0
66 57 57.0 68.0
97 96 115.0 142.0
39 79 73.0 56.0
86 26 197.0 126.0
14 51 199.0 23.0
10 50 164.0 46.0
26 37 182.0 114.0
35 30 180.0 26.0
57 9 55.0 37.0
47 44 192.0 170.0
24 48 52.0 18.0
29 89 141.0 49.0
26 43 98.0 140.0
87 27 2.0 63.0
56 6 6.0 184.0
13 53 65.0 186.0
70 8 37.0 72.0
25 40 56.0 182.0
74 29 113.0 108.0
23 36 4.0 55.0
69 46 101.0 103.0
52 8 55.0 55.0
64 20 197.0 61.0
31 33 11.0 14.0
83 31 129.0 0.0
12 24 102.0 137.0
91 28 79.0 16.0
38 26 194.0 35.0
17 41 160.0 95.0
20 47 56.0 168.0
35 19 46.0 53.0
90 13 3.0 9.0
43 49 187.0 84.0
12 53 79.0 90.0
36 27 30.0 110.0
62 1 155.0 24.0
9 60 196.0 68.0
76 29 18.0 52.0
27 41 46.0 65.0
95 87 136.0 50.0
63 6 133.0 124.0
35 25 31.0 12.0
45 24 105.0 13.0
52 93 159.0 60.0
13 54 187.0 156.0
41 79 134.0 5.0
21 48 48.0 180.0
39 21 133.0 185.0
11 54 129.0 18.0
14 55 99.0 112.0
21 46 28.0 4.0
66 2 177.0 187.0
76 22 13.0 164.0
31 26 26.0 147.0
60 8 89.0 27.0
20 43 131.0 174.0
65 2 100.0 12.0
43 24 184.0 199.0
22 44 165.0 12.0
36 68 20.0 142.0
46 29 55.0 186.0
5 59 172.0 33.0
2 63 28.0 13.0
69 30 97.0 111.0
93 71 12.0 149.0
77 1 50.0 196.0
72 29 131.0 16.0
43 25 62.0 151.0
58 10 101.0 69.0
62 3 140.0 73.0
61 7 188.0 168.0
16 51 62.0 37.0
73 86 156.0 74.0
42 79 95.0 7.0
63 58 45.0 26.0
96 66 6.0 108.0
84 16 194.0 107.0
48 23 148.0 134.0
25 34 148.0 136.0
36 52 195.0 10.0
93 7 104.0 151.0
26 40 40.0 199.0
62 9 123.0 85.0
64 5 173.0 81.0
6 98 155.0 119.0
80 11 44.0 103.0
98 50 100.0 144.0
38 30 133.0 47.0
85 25 0.0 37.0
92 7 98.0 40.0
21 45 168.0 21.0
40 96 194.0 93.0
95 84 21.0 101.0
71 1 184.0 65.0
45 52 65.0 36.0
32 38 161.0 199.0
63 5 46.0 113.0
62 84 38.0 145.0
25 46 54.0 158.0
78 25 121.0 48.0
44 21 140.0 143.0
81 55 103.0 76.0
9 91 141.0 120.0
84 96 132.0 103.0
34 36 37.0 179.0
63 9 105.0 75.0
69 3 168.0 159.0
69 80 7.0 41.0
67 71 167.0 147.0
52 10 19.0 22.0
6 61 186.0 112.0
19 51 26.0 118.0
43 68 10.0 63.0
39 29 168.0 115.0
66 4 66.0 88.0
31 39 197.0 73.0
39 91 11.0 116.0
48 61 34.0 182.0
42 24 199.0 20.0
11 60 150.0 177.0
28 38 114.0 160.0
33 58 111.0 82.0
78 31 142.0 177.0
96 30 117.0 139.0
22 97 123.0 128.0
16 53 131.0 109.0
44 61 171.0 82.0
46 54 113.0 73.0
20 50 190.0 179.0
28 40 17.0 101.0
54 83 187.0 159.0
68 37 161.0 104.0
12 54 5.0 36.0
34 35 156.0 88.0
23 47 152.0 79.0
23 71 90.0 66.0
70 1 149.0 80.0
84 4 146.0 166.0
2 67 101.0 85.0
87 89 34.0 14.0
18 51 174.0 191.0
49 21 127.0 131.0
67 6 89.0 31.0
12 59 52.0 179.0
48 38 58.0 2.0
57 15 60.0 4.0
97 73 174.0 161.0
63 62 159.0 160.0
90 47 28.0 85.0
32 40 91.0 107.0
42 29 46.0 180.0
65 5 187.0 50.0
62 6 68.0 45.0
78 17 123.0 128.0
89 70 28.0 49.0
33 46 49.0 139.0
92 59 1.0 77.0
31 40 76.0 92.0
55 12 16.0 74.0
66 7 60.0 4.0
62 56 158.0 128.0
1 68 199.0 81.0
46 19 17.0 27.0
12 63 109.0 66.0
24 85 136.0 110.0
22 80 109.0 12.0
54 19 117.0 125.0
6 39 43.0 129.0
2 61 134.0 1.0
51 21 68.0 134.0
61 50 160.0 37.0
25 37 23.0 69.0
55 72 137.0 159.0
26 44 66.0 46.0
41 30 171.0 135.0
90 30 136.0 167.0
18 42 45.0 22.0
18 50 71.0 65.0
75 14 102.0 183.0
52 15 167.0 77.0
81 5 22.0 104.0
67 5 72.0 89.0
58 81 30.0 195.0
55 17 68.0 166.0
25 42 38.0 114.0
69 2 71.0 61.0
55 20 49.0 125.0
11 59 185.0 16.0
61 89 53.0 8.0
28 43 0.0 125.0
16 58 115.0 30.0
58 96 118.0 135.0
43 27 187.0 156.0
10 63 119.0 59.0
33 37 64.0 121.0
24 78 81.0 2.0
50 14 32.0 135.0
42 30 84.0 184.0
25 49 169.0 151.0
87 52 54.0 87.0
29 41 21.0 193.0
11 63 133.0 141.0
42 85 80.0 197.0
43 30 161.0 161.0
58 15 172.0 146.0
10 59 42.0 9.0
56 18 61.0 163.0
22 48 136.0 67.0
70 20 117.0 157.0
94 71 6.0 2.0
57 40 168.0 38.0
40 33 64.0 129.0
75 50 61.0 189.0
91 27 55.0 56.0
81 94 6.0 69.0
20 54 173.0 94.0
38 21 15.0 42.0
31 36 70.0 173.0
50 25 99.0 38.0
30 45 68.0 115.0
63 8 105.0 82.0
13 91 165.0 113.0
50 21 84.0 123.0
44 24 68.0 9.0
57 17 74.0 83.0
65 4 196.0 145.0
23 49 40.0 47.0
72 32 3.0 61.0
40 27 26.0 108.0
19 53 94.0 191.0
21 47 74.0 130.0
42 97 103.0 142.0
46 20 48.0 178.0
6 78 158.0 197.0
24 47 18.0 198.0
88 56 179.0 21.0
61 12 187.0 157.0
90 83 106.0 34.0
15 97 145.0 132.0
51 39 8.0 48.0
4 67 189.0 57.0
51 23 168.0 147.0
25 56 10.0 186.0
68 42 111.0 141.0
68 5 191.0 51.0
10 57 60.0 50.0
8 66 114.0 157.0
40 78 12.0 122.0
87 24 93.0 1.0
52 22 188.0 61.0
69 82 3.0 198.0
71 3 199.0 114.0
15 59 187.0 190.0
19 56 108.0 199.0
41 35 136.0 174.0
60 55 1.0 100.0
3 70 69.0 95.0
18 53 48.0 57.0
71 92 18.0 3.0
11 77 39.0 17.0
50 35 142.0 178.0
16 57 79.0 2.0
2 74 103.0 167.0
54 17 156.0 104.0
19 60 124.0 26.0
33 43 72.0 125.0
52 24 93.0 90.0
63 69 138.0 133.0
4 68 172.0 32.0
41 28 30.0 4.0
11 64 138.0 133.0
72 11 65.0 47.0
59 16 153.0 190.0
13 57 103.0 25.0
62 14 146.0 197.0
34 38 148.0 84.0
62 15 138.0 72.0
57 87 64.0 121.0
57 37 95.0 2.0
33 39 186.0 113.0
37 36 135.0 91.0
57 12 165.0 190.0
61 14 65.0 111.0
78 88 71.0 13.0
34 60 117.0 9.0
32 44 18.0 181.0
25 45 133.0 65.0
51 24 60.0 71.0
13 56 3.0 147.0
93 38 169.0 169.0
38 95 154.0 34.0
72 4 147.0 25.0
91 96 150.0 65.0
94 35 6.0 168.0
59 13 120.0 92.0
20 53 46.0 132.0
41 34 110.0 1.0
71 91 149.0 79.0
88 38 39.0 56.0
69 88 149.0 186.0
85 80 138.0 99.0
17 71 136.0 96.0
31 47 170.0 56.0
83 65 182.0 168.0
54 53 140.0 93.0
45 65 199.0 41.0
5 92 6.0 38.0
42 34 199.0 155.0
26 41 134.0 89.0
63 13 185.0 23.0
31 64 182.0 107.0
58 14 191.0 165.0
54 21 90.0 131.0
85 78 76.0 90.0
71 87 153.0 83.0
60 13 142.0 105.0
56 12 128.0 76.0
1 74 115.0 113.0
65 12 103.0 97.0
76 39 47.0 46.0
15 35 111.0 137.0
37 35 29.0 139.0
73 75 69.0 135.0
96 93 162.0 11.0
97 17 23.0 91.0
82 21 174.0 138.0
49 28 130.0 77.0
55 89 130.0 177.0
25 84 61.0 193.0
67 9 106.0 42.0
69 7 120.0 176.0
86 22 156.0 35.0
5 69 71.0 131.0
11 98 68.0 45.0
15 68 162.0 198.0
58 29 109.0 45.0
68 21 89.0 122.0
48 63 31.0 148.0
14 63 63.0 151.0
72 61 195.0 171.0
66 12 155.0 66.0
62 11 132.0 23.0
91 24 41.0 46.0
29 47 96.0 102.0
35 39 5.0 138.0
45 31 83.0 36.0
42 35 177.0 146.0
4 70 47.0 172.0
49 20 96.0 2.0
3 55 96.0 180.0
41 36 4.0 138.0
89 59 152.0 52.0
44 87 6.0 109.0
93 13 142.0 41.0
15 63 164.0 120.0
26 48 134.0 163.0
15 60 193.0 182.0
69 79 197.0 89.0
60 17 162.0 153.0
26 47 189.0 66.0
31 44 80.0 147.0
61 45 8.0 23.0
90 68 41.0 124.0
40 36 30.0 127.0
55 22 4.0 23.0
40 38 163.0 153.0
49 27 168.0 78.0
72 69 67.0 109.0
19 15 146.0 148.0
59 50 28.0 106.0
2 73 61.0 21.0
70 6 180.0 92.0
54 68 32.0 136.0
14 56 81.0 147.0
58 64 115.0 1.0
64 12 146.0 182.0
49 26 68.0 45.0
27 51 23.0 96.0
25 53 157.0 37.0
84 76 130.0 90.0
45 89 185.0 114.0
43 34 15.0 66.0
8 96 65.0 130.0
33 98 2.0 163.0
20 57 153.0 70.0
73 41 94.0 128.0
66 13 108.0 4.0
39 37 147.0 190.0
5 70 36.0 132.0
24 81 156.0 4.0
51 28 52.0 173.0
74 78 99.0 54.0
62 17 57.0 52.0
42 36 133.0 104.0
63 53 96.0 41.0
43 35 122.0 43.0
64 46 52.0 111.0
28 74 47.0 161.0
50 57 57.0 99.0
90 46 121.0 156.0
58 21 175.0 178.0
69 37 142.0 108.0
45 68 144.0 39.0
51 37 171.0 67.0
13 61 135.0 23.0
88 97 150.0 134.0
70 7 198.0 7.0
1 73 23.0 119.0
32 46 72.0 150.0
89 15 27.0 14.0
36 39 195.0 171.0
55 33 146.0 166.0
66 11 69.0 33.0
81 1 53.0 172.0
53 17 148.0 52.0
46 34 26.0 171.0
70 9 58.0 98.0
49 30 196.0 85.0
22 58 54.0 191.0
3 74 119.0 0.0
18 60 34.0 189.0
64 9 11.0 40.0
71 77 91.0 159.0
23 56 141.0 118.0
11 65 89.0 199.0
33 44 48.0 85.0
5 90 91.0 102.0
52 14 95.0 163.0
74 6 147.0 81.0
21 56 61.0 158.0
18 59 37.0 105.0
38 42 158.0 178.0
66 14 73.0 199.0
78 98 9.0 73.0
24 53 157.0 53.0
73 4 23.0 4.0
68 11 41.0 170.0
72 6 180.0 102.0
50 54 56.0 17.0
70 11 126.0 14.0
48 29 193.0 199.0
59 21 68.0 155.0
61 17 182.0 177.0
26 50 0.0 157.0
88 37 34.0 41.0
92 68 64.0 14.0
24 65 37.0 120.0
67 12 8.0 163.0
4 91 54.0 153.0
67 11 138.0 122.0
39 41 196.0 72.0
29 49 156.0 148.0
66 68 22.0 190.0
57 21 140.0 86.0
7 72 120.0 129.0
1 78 48.0 128.0
1 67 146.0 102.0
60 14 163.0 36.0
49 33 62.0 159.0
62 81 151.0 18.0
6 80 86.0 173.0
17 67 107.0 178.0
71 2 167.0 27.0
77 3 160.0 167.0
68 10 36.0 106.0
28 61 74.0 199.0
3 73 44.0 88.0
44 57 68.0 195.0
39 40 137.0 107.0
19 72 103.0 44.0
14 67 194.0 70.0
4 71 178.0 155.0
53 29 55.0 14.0
57 22 110.0 81.0
50 28 96.0 154.0
97 84 151.0 164.0
69 13 50.0 89.0
48 92 102.0 153.0
4 74 145.0 49.0
50 24 174.0 123.0
76 5 77.0 182.0
52 27 181.0 140.0
10 66 21.0 77.0
43 92 18.0 172.0
48 31 174.0 68.0
40 37 160.0 76.0
10 71 18.0 58.0
37 41 3.0 144.0
92 63 175.0 80.0
53 27 135.0 156.0
54 24 167.0 108.0
82 67 44.0 185.0
17 98 145.0 170.0
38 41 185.0 57.0
51 25 157.0 155.0
24 58 120.0 112.0
2 76 128.0 96.0
25 54 88.0 15.0
34 47 17.0 55.0
52 61 1.0 13.0
13 64 81.0 146.0
61 19 57.0 18.0
54 27 120.0 167.0
82 1 59.0 41.0
79 6 94.0 139.0
48 32 83.0 134.0
33 48 184.0 52.0
35 45 84.0 186.0
97 27 134.0 118.0
32 50 64.0 191.0
59 27 191.0 184.0
59 62 118.0 50.0
67 94 112.0 164.0
24 57 124.0 195.0
94 3 175.0 60.0
37 44 170.0 12.0
1 79 75.0 104.0
37 42 32.0 91.0
80 2 100.0 23.0
60 20 24.0 170.0
61 21 109.0 136.0
63 20 27.0 33.0
70 91 53.0 154.0
34 48 127.0 23.0
8 73 67.0 155.0
20 61 132.0 51.0
19 57 32.0 184.0
97 66 67.0 56.0
51 81 180.0 176.0
6 89 111.0 159.0
43 39 52.0 164.0
77 44 80.0 132.0
75 46 40.0 99.0
27 56 64.0 125.0
50 30 78.0 96.0
87 33 162.0 97.0
69 85 75.0 94.0
31 60 148.0 138.0
8 72 151.0 0.0
59 25 59.0 183.0
92 64 113.0 52.0
47 33 12.0 177.0
43 52 111.0 42.0
84 41 177.0 25.0
35 49 106.0 52.0
13 65 196.0 54.0
30 53 191.0 147.0
60 24 118.0 50.0
87 75 152.0 31.0
46 37 174.0 116.0
46 35 114.0 85.0
54 30 168.0 91.0
19 50 108.0 26.0
96 35 36.0 104.0
21 55 130.0 27.0
62 75 5.0 48.0
14 65 116.0 157.0
77 96 178.0 42.0
70 14 138.0 92.0
13 49 124.0 58.0
64 14 71.0 32.0
19 62 52.0 59.0
18 40 83.0 134.0
17 63 49.0 88.0
68 82 159.0 117.0
59 24 158.0 137.0
71 37 180.0 48.0
76 7 150.0 104.0
12 71 157.0 173.0
51 30 173.0 161.0
46 28 188.0 56.0
80 28 150.0 190.0
65 72 69.0 109.0
96 4 161.0 179.0
94 6 147.0 93.0
58 30 125.0 97.0
23 57 118.0 34.0
62 18 78.0 91.0
62 40 26.0 66.0
4 77 195.0 128.0
43 38 39.0 64.0
56 26 66.0 152.0
25 57 107.0 13.0
74 47 137.0 184.0
72 12 42.0 55.0
35 79 161.0 72.0
78 3 98.0 140.0
34 97 167.0 93.0
52 32 95.0 158.0
45 56 78.0 113.0
76 3 104.0 137.0
26 57 128.0 41.0
71 9 162.0 123.0
40 44 96.0 76.0
69 14 186.0 194.0
65 58 199.0 105.0
65 19 52.0 46.0
78 53 36.0 130.0
9 76 83.0 92.0
9 69 90.0 11.0
61 23 81.0 4.0
43 51 168.0 129.0
73 76 141.0 106.0
33 53 158.0 140.0
50 29 155.0 162.0
69 23 137.0 191.0
27 57 109.0 172.0
33 41 104.0 199.0
93 94 104.0 137.0
54 22 188.0 24.0
60 48 103.0 129.0
60 25 75.0 13.0
55 44 154.0 30.0
77 2 82.0 43.0
51 32 178.0 191.0
19 63 173.0 34.0
87 4 86.0 29.0
37 48 130.0 74.0
78 8 183.0 185.0
40 81 33.0 58.0
64 21 144.0 140.0
58 26 174.0 26.0
76 57 54.0 104.0
15 70 10.0 179.0
42 33 2.0 96.0
63 21 102.0 132.0
16 98 56.0 85.0
80 51 192.0 42.0
37 47 54.0 136.0
47 38 172.0 180.0
55 57 197.0 26.0
5 78 35.0 159.0
98 69 179.0 189.0
77 7 162.0 81.0
22 62 9.0 18.0
40 45 55.0 1.0
17 66 16.0 109.0
64 96 88.0 140.0
55 27 99.0 37.0
57 18 42.0 86.0
81 42 87.0 21.0
32 53 138.0 49.0
74 12 187.0 99.0
51 45 131.0 194.0
12 94 144.0 99.0
47 52 69.0 32.0
91 22 83.0 120.0
85 2 174.0 125.0
11 73 29.0 62.0
6 76 124.0 119.0
14 72 20.0 63.0
45 42 163.0 151.0
38 45 56.0 107.0
26 61 48.0 77.0
55 31 131.0 83.0
23 62 36.0 58.0
14 68 10.0 65.0
35 51 171.0 134.0
16 70 176.0 191.0
4 80 120.0 139.0
25 61 185.0 176.0
45 39 156.0 185.0
33 52 159.0 88.0
44 41 86.0 195.0
75 8 105.0 96.0
82 4 104.0 76.0
82 3 140.0 32.0
72 15 9.0 12.0
7 73 166.0 147.0
66 81 102.0 122.0
75 10 133.0 61.0
83 3 30.0 20.0
26 59 171.0 136.0
96 67 136.0 75.0
33 71 97.0 29.0
69 32 107.0 107.0
41 91 81.0 73.0
73 14 43.0 184.0
48 40 170.0 177.0
45 46 28.0 1.0
61 24 21.0 0.0
68 60 133.0 109.0
15 69 71.0 31.0
47 27 114.0 130.0
91 40 186.0 148.0
10 85 61.0 30.0
74 88 136.0 31.0
89 73 173.0 116.0
74 21 71.0 146.0
41 46 183.0 156.0
31 53 78.0 55.0
32 76 77.0 145.0
5 80 44.0 16.0
2 82 106.0 105.0
47 41 161.0 194.0
20 80 194.0 86.0
84 2 123.0 65.0
23 63 187.0 107.0
77 9 95.0 66.0
36 47 144.0 124.0
32 54 81.0 140.0
7 79 143.0 139.0
87 93 159.0 104.0
74 42 24.0 153.0
73 60 169.0 148.0
35 52 10.0 108.0
9 73 76.0 105.0
24 64 193.0 173.0
50 37 109.0 26.0
43 42 197.0 4.0
77 22 97.0 108.0
78 7 132.0 73.0
69 19 81.0 53.0
49 98 5.0 92.0
79 5 177.0 82.0
62 74 54.0 123.0
64 23 31.0 115.0
98 80 71.0 28.0
57 75 184.0 120.0
21 77 86.0 68.0
51 33 100.0 168.0
70 45 123.0 57.0
21 66 45.0 52.0
76 11 19.0 99.0
94 37 96.0 50.0
30 57 18.0 168.0
92 21 21.0 154.0
53 84 154.0 108.0
80 9 131.0 54.0
31 50 153.0 6.0
78 10 53.0 150.0
45 43 63.0 72.0
77 6 5.0 160.0
65 17 25.0 23.0
25 62 155.0 47.0
80 8 1.0 109.0
76 10 127.0 132.0
74 14 133.0 80.0
69 18 136.0 187.0
67 23 152.0 0.0
34 52 192.0 157.0
50 39 160.0 18.0
62 27 118.0 115.0
19 68 59.0 119.0
68 34 118.0 186.0
54 29 44.0 3.0
64 19 186.0 181.0
16 74 88.0 90.0
13 71 85.0 81.0
56 48 96.0 197.0
48 39 192.0 14.0
88 72 181.0 3.0
16 71 183.0 51.0
88 29 65.0 180.0
5 82 199.0 3.0
38 49 91.0 39.0
47 55 175.0 128.0
20 67 191.0 71.0
83 7 32.0 135.0
31 58 12.0 13.0
52 95 143.0 148.0
79 33 67.0 8.0
72 86 39.0 66.0
86 3 148.0 130.0
35 48 54.0 75.0
61 27 78.0 197.0
43 78 108.0 110.0
68 13 7.0 120.0
88 3 161.0 150.0
65 25 141.0 29.0
72 17 129.0 180.0
16 87 84.0 29.0
81 10 8.0 90.0
89 50 187.0 86.0
87 3 148.0 95.0
42 46 114.0 155.0
69 20 136.0 27.0
3 81 192.0 78.0
19 79 9.0 73.0
6 85 145.0 45.0
47 64 160.0 105.0
65 6 147.0 147.0
26 62 66.0 47.0
74 5 102.0 132.0
37 52 130.0 190.0
20 71 24.0 74.0
66 22 104.0 34.0
74 18 159.0 49.0
48 41 46.0 72.0
23 65 94.0 145.0
25 96 32.0 160.0
46 43 159.0 86.0
96 45 173.0 89.0
49 31 128.0 198.0
28 63 65.0 32.0
98 34 134.0 176.0
22 68 143.0 132.0
22 65 90.0 37.0
3 85 18.0 74.0
76 17 47.0 177.0
41 52 189.0 21.0
22 82 46.0 69.0
90 12 170.0 63.0
83 5 131.0 57.0
59 31 164.0 74.0
64 7 138.0 6.0
56 33 55.0 109.0
42 49 37.0 103.0
74 79 40.0 26.0
18 87 50.0 87.0
71 21 140.0 172.0
45 64 87.0 72.0
58 91 86.0 3.0
55 91 175.0 177.0
35 53 139.0 30.0
5 85 182.0 128.0
81 11 8.0 174.0
63 82 56.0 10.0
84 5 10.0 196.0
44 43 31.0 49.0
90 1 81.0 70.0
8 79 57.0 56.0
24 66 161.0 148.0
15 85 85.0 95.0
14 78 137.0 46.0
58 32 151.0 145.0
40 50 156.0 162.0
10 79 33.0 139.0
30 63 79.0 114.0
7 86 45.0 137.0
49 44 85.0 159.0
76 4 97.0 170.0
75 13 160.0 186.0
26 65 168.0 111.0
53 40 92.0 124.0
13 76 5.0 126.0
6 3 34.0 85.0
44 45 28.0 31.0
79 14 125.0 113.0
17 73 121.0 174.0
30 61 29.0 33.0
80 13 71.0 197.0
12 78 63.0 163.0
77 78 115.0 21.0
85 4 53.0 101.0
71 36 43.0 81.0
66 27 120.0 121.0
60 30 33.0 194.0
43 48 101.0 14.0
53 57 55.0 124.0
77 61 128.0 118.0
81 8 19.0 43.0
92 1 181.0 24.0
63 24 105.0 177.0
18 81 33.0 178.0
55 38 154.0 18.0
60 33 36.0 7.0
8 61 35.0 91.0
10 80 157.0 115.0
3 90 2.0 177.0
18 84 189.0 136.0
86 5 14.0 47.0
67 25 60.0 199.0
40 61 108.0 166.0
47 45 0.0 144.0
32 60 134.0 35.0
68 25 50.0 91.0
44 48 20.0 4.0
70 18 185.0 9.0
76 49 168.0 199.0
9 84 86.0 181.0
90 16 172.0 195.0
17 77 83.0 172.0
70 36 76.0 17.0
96 88 73.0 126.0
12 81 103.0 93.0
75 15 28.0 88.0
62 32 49.0 197.0
83 10 160.0 135.0
77 16 103.0 132.0
59 33 53.0 186.0
40 87 124.0 129.0
32 80 146.0 197.0
42 51 112.0 50.0
57 47 161.0 141.0
18 67 121.0 10.0
3 89 49.0 81.0
21 72 58.0 152.0
57 36 132.0 63.0
46 47 112.0 56.0
4 61 193.0 58.0
85 9 147.0 57.0
26 67 129.0 60.0
83 9 12.0 3.0
70 22 53.0 62.0
31 63 167.0 112.0
94 1 152.0 52.0
19 66 23.0 64.0
67 28 163.0 168.0
88 8 134.0 62.0
87 38 169.0 16.0
17 84 67.0 181.0
57 38 105.0 72.0
33 61 19.0 73.0
93 22 184.0 172.0
48 51 52.0 159.0
42 52 151.0 15.0
21 97 82.0 37.0
90 20 99.0 51.0
23 72 80.0 166.0
49 47 94.0 185.0
4 81 39.0 114.0
29 64 25.0 175.0
55 37 42.0 77.0
72 20 120.0 193.0
10 84 27.0 3.0
27 95 12.0 78.0
90 97 124.0 44.0
52 65 162.0 18.0
55 35 184.0 1.0
89 41 149.0 9.0
47 89 29.0 143.0
58 34 61.0 149.0
58 37 106.0 40.0
5 88 102.0 71.0
22 72 150.0 178.0
66 28 194.0 112.0
64 17 4.0 178.0
50 60 8.0 105.0
61 34 163.0 37.0
71 25 6.0 24.0
50 86 154.0 65.0
6 88 51.0 8.0
46 48 53.0 154.0
79 17 169.0 47.0
11 85 77.0 125.0
75 20 45.0 85.0
50 43 118.0 8.0
40 54 8.0 77.0
58 35 90.0 114.0
13 79 33.0 141.0
70 38 149.0 38.0
58 36 198.0 71.0
32 63 130.0 75.0
4 92 161.0 175.0
86 29 152.0 32.0
84 11 75.0 112.0
72 39 33.0 117.0
59 30 114.0 18.0
7 84 172.0 64.0
76 12 109.0 170.0
59 37 14.0 39.0
87 26 146.0 128.0
54 77 24.0 50.0
72 24 24.0 51.0
24 70 42.0 9.0
73 58 36.0 157.0
87 7 83.0 8.0
93 2 95.0 192.0
27 46 134.0 110.0
89 39 101.0 32.0
50 45 171.0 125.0
43 36 139.0 147.0
68 29 27.0 182.0
88 9 76.0 63.0
89 4 76.0 159.0
15 74 130.0 171.0
31 62 133.0 65.0
90 2 21.0 34.0
57 34 82.0 144.0
95 60 41.0 22.0
96 83 87.0 20.0
84 44 63.0 163.0
77 20 14.0 139.0
64 61 63.0 144.0
77 84 167.0 148.0
62 34 95.0 141.0
24 71 191.0 178.0
95 2 128.0 184.0
31 91 59.0 15.0
91 81 99.0 74.0
80 16 133.0 113.0
34 79 123.0 197.0
20 88 30.0 91.0
55 41 31.0 126.0
16 75 46.0 175.0
89 7 20.0 175.0
19 75 4.0 31.0
93 3 29.0 103.0
36 60 1.0 115.0
68 28 198.0 125.0
7 88 146.0 181.0
71 76 21.0 129.0
60 71 75.0 20.0
35 70 180.0 47.0
16 78 114.0 136.0
61 35 61.0 96.0
54 34 139.0 62.0
47 50 36.0 90.0
76 19 11.0 134.0
65 89 45.0 185.0
39 57 184.0 72.0
95 68 41.0 116.0
50 48 188.0 108.0
87 19 156.0 49.0
76 21 42.0 96.0
68 81 14.0 30.0
73 22 139.0 178.0
36 90 149.0 136.0
67 27 72.0 134.0
90 7 132.0 65.0
14 83 51.0 72.0
68 30 144.0 7.0
27 98 43.0 138.0
17 80 154.0 10.0
84 13 115.0 93.0
98 48 23.0 64.0
80 33 172.0 95.0
35 62 160.0 56.0
53 49 63.0 163.0
21 73 90.0 160.0
54 28 123.0 133.0
6 96 105.0 78.0
50 76 138.0 172.0
80 62 198.0 161.0
32 65 44.0 123.0
73 24 55.0 156.0
83 58 61.0 118.0
71 26 20.0 103.0
94 86 100.0 95.0
9 87 120.0 158.0
88 10 58.0 58.0
42 69 11.0 56.0
37 74 197.0 7.0
44 53 19.0 4.0
46 68 125.0 32.0
55 42 186.0 97.0
82 14 161.0 39.0
83 11 23.0 81.0
50 44 151.0 81.0
80 15 92.0 114.0
25 70 180.0 42.0
66 31 73.0 199.0
47 51 27.0 150.0
7 95 197.0 165.0
69 25 167.0 158.0
3 95 185.0 191.0
28 71 148.0 136.0
71 45 32.0 192.0
52 97 113.0 12.0
82 49 106.0 186.0
54 39 20.0 85.0
46 51 33.0 169.0
67 31 113.0 1.0
61 37 107.0 98.0
13 83 131.0 7.0
33 64 63.0 163.0
65 82 123.0 128.0
86 95 143.0 182.0
33 65 91.0 115.0
91 7 30.0 125.0
69 29 139.0 95.0
80 18 38.0 47.0
89 8 71.0 169.0
45 53 145.0 86.0
81 15 7.0 20.0
88 31 84.0 103.0
96 1 92.0 176.0
39 55 19.0 74.0
32 66 153.0 110.0
87 68 149.0 143.0
79 28 122.0 172.0
44 54 113.0 19.0
25 93 59.0 73.0
60 37 64.0 96.0
73 23 49.0 109.0
44 52 160.0 20.0
85 13 75.0 113.0
81 85 156.0 177.0
86 13 71.0 79.0
48 47 90.0 136.0
40 59 85.0 150.0
82 43 84.0 101.0
24 75 51.0 133.0
27 71 59.0 11.0
20 78 29.0 134.0
23 76 54.0 186.0
26 72 77.0 77.0
61 38 110.0 120.0
3 96 64.0 147.0
71 29 194.0 148.0
25 73 165.0 45.0
77 49 129.0 24.0
36 61 16.0 158.0
43 56 91.0 22.0
67 30 133.0 120.0
84 35 144.0 43.0
25 74 34.0 160.0
89 48 9.0 180.0
38 53 187.0 126.0
97 2 21.0 68.0
85 12 139.0 190.0
49 46 188.0 182.0
28 72 33.0 121.0
51 49 109.0 177.0
54 42 105.0 96.0
43 57 45.0 66.0
77 82 143.0 184.0
88 2 108.0 165.0
90 11 106.0 47.0
46 53 87.0 46.0
73 18 179.0 72.0
93 6 47.0 40.0
31 68 41.0 152.0
86 91 123.0 39.0
67 32 107.0 18.0
87 6 163.0 15.0
70 31 66.0 69.0
19 80 80.0 105.0
20 79 24.0 59.0
48 53 174.0 71.0
39 60 9.0 168.0
78 21 157.0 84.0
59 48 114.0 64.0
27 72 33.0 77.0
98 1 43.0 51.0
53 55 153.0 123.0
89 11 170.0 177.0
47 53 31.0 144.0
50 46 169.0 41.0
22 79 6.0 126.0
70 19 123.0 120.0
29 60 172.0 156.0
55 45 14.0 15.0
26 74 106.0 120.0
86 15 116.0 76.0
98 5 25.0 148.0
82 19 108.0 194.0
87 23 199.0 66.0
4 94 188.0 122.0
89 10 137.0 160.0
83 17 8.0 104.0
96 31 195.0 114.0
77 23 75.0 111.0
92 62 152.0 101.0
83 16 171.0 12.0
75 27 30.0 170.0
73 10 59.0 170.0
30 71 167.0 148.0
19 81 27.0 127.0
93 1 54.0 22.0
5 93 99.0 129.0
58 45 49.0 3.0
85 27 46.0 20.0
85 14 17.0 28.0
12 89 164.0 28.0
32 97 139.0 83.0
68 98 9.0 166.0
34 67 189.0 63.0
86 12 74.0 89.0
55 46 53.0 124.0
41 61 107.0 99.0
69 33 129.0 76.0
52 46 8.0 94.0
33 70 14.0 147.0
10 92 145.0 175.0
10 91 31.0 135.0
69 87 111.0 105.0
65 37 33.0 165.0
63 40 69.0 92.0
86 17 119.0 198.0
88 75 10.0 128.0
75 98 66.0 176.0
93 9 98.0 12.0
25 76 79.0 81.0
26 77 199.0 190.0
86 16 150.0 184.0
38 60 164.0 19.0
66 36 127.0 84.0
36 67 140.0 90.0
27 74 84.0 7.0
85 17 17.0 183.0
42 56 1.0 48.0
12 96 76.0 0.0
9 89 118.0 26.0
55 63 68.0 35.0
36 62 182.0 195.0
94 11 26.0 123.0
94 8 130.0 63.0
73 30 75.0 148.0
87 77 18.0 76.0
8 91 86.0 94.0
15 84 83.0 4.0
9 94 38.0 151.0
22 81 97.0 173.0
26 75 96.0 124.0
48 55 183.0 27.0
96 76 199.0 58.0
38 66 159.0 169.0
71 32 184.0 197.0
61 58 158.0 67.0
14 88 7.0 149.0
25 81 110.0 105.0
54 49 100.0 7.0
96 9 105.0 83.0
56 47 84.0 104.0
20 73 197.0 195.0
51 50 129.0 181.0
69 60 91.0 40.0
92 12 194.0 98.0
93 10 33.0 56.0
48 54 104.0 133.0
3 84 162.0 161.0
28 77 192.0 47.0
89 16 133.0 189.0
86 42 133.0 63.0
80 24 96.0 24.0
63 41 155.0 90.0
65 35 166.0 188.0
91 15 115.0 23.0
20 84 102.0 30.0
61 43 94.0 46.0
76 24 58.0 180.0
43 60 82.0 191.0
90 14 142.0 178.0
91 14 120.0 49.0
81 23 185.0 38.0
52 54 103.0 52.0
95 10 48.0 157.0
18 86 183.0 95.0
60 45 101.0 41.0
41 65 120.0 135.0
38 65 90.0 62.0
7 96 157.0 162.0
68 38 114.0 94.0
87 20 60.0 169.0
11 86 141.0 61.0
69 35 23.0 124.0
15 88 5.0 76.0
74 30 151.0 77.0
39 62 68.0 41.0
80 26 54.0 178.0
43 64 171.0 120.0
66 37 1.0 184.0
24 82 152.0 94.0
49 58 192.0 175.0
36 69 190.0 149.0
89 1 150.0 141.0
24 83 119.0 18.0
38 64 47.0 125.0
60 47 192.0 171.0
46 56 157.0 145.0
5 95 161.0 61.0
72 85 1.0 105.0
17 87 112.0 191.0
58 47 149.0 62.0
62 44 157.0 20.0
35 72 50.0 4.0
39 66 84.0 43.0
72 34 138.0 193.0
21 83 93.0 51.0
83 23 187.0 94.0
51 55 194.0 99.0
84 22 36.0 95.0
60 44 24.0 193.0
42 63 58.0 27.0
44 63 111.0 142.0
48 58 94.0 50.0
96 22 136.0 140.0
96 10 124.0 123.0
39 19 193.0 71.0
29 75 83.0 181.0
94 14 198.0 60.0
59 86 153.0 9.0
40 92 71.0 64.0
84 81 132.0 118.0
92 13 34.0 20.0
12 84 116.0 158.0
56 44 6.0 62.0
4 97 134.0 42.0
70 17 150.0 84.0
73 34 98.0 103.0
82 26 188.0 121.0
97 5 10.0 72.0
32 64 142.0 44.0
73 57 58.0 10.0
84 26 36.0 17.0
28 73 142.0 122.0
41 66 150.0 44.0
40 66 49.0 0.0
90 19 108.0 189.0
92 17 114.0 118.0
43 93 95.0 56.0
47 59 5.0 105.0
79 31 15.0 193.0
23 80 142.0 109.0
51 57 77.0 44.0
61 97 23.0 126.0
67 86 87.0 131.0
58 51 187.0 1.0
44 64 137.0 82.0
98 41 24.0 142.0
97 9 44.0 192.0
30 78 180.0 138.0
46 60 59.0 57.0
33 75 153.0 34.0
74 69 84.0 40.0
20 85 188.0 72.0
32 75 33.0 126.0
58 42 109.0 9.0
70 37 62.0 105.0
32 78 62.0 42.0
93 15 110.0 73.0
23 82 191.0 63.0
42 66 98.0 76.0
39 69 150.0 86.0
38 69 101.0 183.0
73 27 93.0 162.0
15 33 1.0 107.0
38 73 89.0 15.0
98 8 142.0 151.0
39 67 174.0 85.0
91 36 168.0 24.0
95 16 68.0 70.0
35 76 12.0 121.0
79 30 96.0 105.0
59 52 12.0 49.0
16 79 173.0 53.0
57 45 53.0 67.0
60 49 193.0 179.0
30 77 79.0 114.0
86 25 94.0 147.0
48 62 92.0 107.0
20 89 5.0 140.0
97 13 148.0 170.0
51 60 109.0 73.0
71 34 103.0 162.0
76 33 63.0 48.0
71 15 165.0 142.0
44 65 41.0 59.0
46 58 166.0 85.0
89 21 164.0 171.0
57 88 123.0 113.0
80 29 49.0 184.0
90 22 28.0 152.0
68 40 91.0 43.0
71 40 14.0 56.0
66 44 42.0 7.0
92 19 69.0 160.0
98 4 91.0 33.0
60 87 142.0 166.0
41 58 172.0 191.0
33 72 42.0 0.0
46 65 162.0 133.0
53 56 64.0 176.0
83 27 147.0 58.0
88 23 152.0 168.0
81 29 78.0 195.0
47 66 41.0 20.0
82 30 113.0 13.0
59 51 106.0 108.0
61 51 196.0 68.0
50 53 144.0 60.0
62 49 64.0 43.0
89 24 94.0 168.0
12 95 16.0 172.0
85 23 93.0 9.0
19 17 167.0 159.0
84 28 51.0 25.0
65 48 195.0 48.0
35 77 127.0 91.0
18 78 75.0 143.0
30 84 62.0 169.0
11 96 9.0 78.0
68 75 147.0 102.0
25 82 154.0 66.0
13 88 141.0 157.0
36 78 179.0 88.0
63 89 53.0 58.0
48 64 116.0 128.0
67 43 44.0 178.0
26 88 135.0 53.0
94 17 15.0 82.0
80 30 2.0 169.0
71 39 81.0 143.0
32 81 54.0 13.0
42 76 134.0 59.0
54 60 90.0 2.0
80 25 85.0 86.0
49 61 141.0 20.0
36 74 121.0 156.0
49 74 52.0 123.0
75 37 191.0 134.0
59 60 69.0 197.0
50 64 99.0 3.0
50 58 137.0 141.0
70 59 30.0 175.0
44 67 24.0 123.0
91 20 110.0 145.0
76 38 15.0 115.0
95 17 193.0 159.0
77 37 174.0 63.0
52 60 113.0 74.0
84 29 65.0 2.0
33 78 67.0 95.0
29 82 31.0 91.0
23 90 61.0 94.0
81 31 1.0 77.0
85 45 62.0 147.0
81 33 61.0 36.0
41 69 108.0 126.0
58 55 73.0 174.0
44 71 39.0 93.0
26 85 145.0 71.0
44 70 87.0 159.0
95 11 136.0 89.0
62 52 120.0 150.0
65 47 82.0 134.0
23 86 79.0 191.0
41 70 104.0 104.0
65 66 34.0 143.0
73 37 11.0 180.0
93 21 9.0 99.0
91 23 55.0 97.0
47 88 78.0 127.0
85 38 35.0 160.0
19 93 15.0 66.0
85 29 63.0 71.0
20 95 6.0 97.0
69 45 17.0 17.0
69 44 199.0 26.0
82 32 136.0 54.0
39 74 109.0 14.0
52 70 69.0 96.0
30 75 3.0 37.0
71 42 5.0 66.0
93 18 9.0 11.0
34 80 65.0 26.0
61 54 9.0 17.0
21 95 156.0 146.0
97 14 153.0 65.0
59 57 174.0 174.0
63 66 9.0 129.0
31 84 51.0 166.0
50 62 7.0 12.0
75 43 159.0 25.0
55 59 27.0 120.0
70 43 71.0 183.0
25 90 74.0 176.0
30 85 39.0 0.0
41 74 42.0 1.0
71 74 139.0 45.0
27 88 7.0 98.0
81 50 195.0 118.0
66 48 31.0 175.0
75 38 92.0 54.0
65 49 74.0 118.0
97 20 102.0 66.0
2 86 29.0 96.0
87 28 187.0 120.0
49 66 152.0 194.0
20 5 59.0 100.0
94 21 16.0 42.0
72 44 145.0 60.0
92 16 115.0 171.0
77 39 154.0 169.0
42 73 195.0 183.0
47 67 112.0 134.0
94 64 15.0 64.0
66 79 104.0 27.0
21 86 129.0 120.0
93 24 100.0 26.0
54 62 16.0 167.0
66 52 43.0 170.0
43 66 115.0 190.0
87 30 130.0 27.0
87 22 103.0 97.0
36 82 103.0 8.0
93 20 64.0 32.0
26 89 28.0 164.0
16 93 43.0 44.0
90 88 176.0 38.0
77 41 177.0 91.0
43 71 112.0 59.0
23 93 73.0 167.0
34 96 179.0 129.0
56 60 173.0 43.0
80 36 28.0 153.0
50 66 16.0 23.0
95 62 37.0 192.0
18 89 148.0 166.0
98 19 171.0 12.0
77 40 14.0 196.0
40 75 67.0 193.0
27 86 59.0 40.0
90 27 95.0 39.0
72 71 59.0 112.0
59 58 166.0 96.0
68 49 101.0 66.0
48 69 173.0 72.0
31 86 70.0 139.0
88 17 185.0 138.0
24 92 125.0 44.0
44 73 171.0 21.0
87 21 173.0 182.0
92 22 89.0 139.0
90 29 37.0 191.0
38 78 47.0 10.0
47 70 135.0 70.0
69 59 60.0 120.0
36 77 118.0 185.0
98 22 50.0 89.0
50 97 41.0 23.0
18 98 52.0 130.0
84 33 60.0 89.0
65 53 77.0 107.0
52 63 187.0 12.0
68 50 28.0 199.0
79 36 154.0 98.0
73 47 43.0 156.0
64 54 171.0 84.0
34 82 69.0 175.0
91 94 129.0 129.0
86 32 173.0 158.0
46 66 55.0 161.0
52 57 10.0 35.0
66 55 97.0 116.0
42 75 190.0 92.0
26 94 154.0 113.0
54 63 134.0 175.0
85 32 126.0 15.0
65 55 114.0 99.0
89 27 105.0 122.0
25 92 126.0 67.0
38 77 21.0 175.0
77 42 117.0 11.0
53 64 42.0 23.0
60 83 22.0 128.0
35 83 2.0 100.0
48 70 71.0 69.0
67 52 41.0 128.0
49 70 96.0 120.0
33 85 91.0 69.0
35 85 62.0 160.0
67 51 74.0 104.0
62 58 43.0 49.0
46 71 103.0 197.0
41 72 66.0 126.0
86 19 62.0 59.0
82 76 131.0 158.0
97 23 142.0 174.0
27 94 170.0 4.0
29 87 58.0 196.0
64 52 127.0 53.0
90 34 96.0 182.0
86 30 183.0 114.0
25 97 115.0 45.0
87 32 180.0 198.0
51 69 195.0 122.0
61 57 33.0 117.0
45 74 186.0 43.0
63 51 58.0 65.0
72 49 25.0 106.0
23 96 173.0 8.0
95 26 100.0 88.0
98 23 143.0 81.0
97 19 23.0 138.0
83 36 174.0 8.0
70 50 135.0 112.0
86 34 104.0 145.0
82 39 35.0 82.0
76 77 172.0 160.0
41 78 104.0 72.0
71 48 50.0 47.0
48 72 47.0 73.0
55 64 169.0 174.0
24 97 185.0 56.0
45 67 192.0 42.0
72 45 31.0 180.0
75 45 110.0 155.0
57 63 28.0 167.0
92 29 98.0 78.0
97 26 48.0 97.0
85 34 70.0 169.0
53 68 174.0 8.0
93 28 138.0 118.0
68 51 92.0 121.0
48 97 132.0 155.0
85 37 92.0 160.0
70 54 192.0 142.0
84 39 32.0 193.0
77 43 21.0 54.0
33 90 24.0 147.0
38 81 142.0 162.0
47 69 107.0 187.0
38 83 167.0 39.0
59 61 56.0 59.0
38 84 36.0 49.0
98 24 105.0 20.0
59 54 1.0 79.0
76 47 106.0 25.0
26 91 113.0 0.0
62 61 135.0 20.0
41 75 49.0 102.0
60 92 153.0 58.0
88 33 109.0 142.0
72 46 161.0 15.0
46 77 79.0 114.0
73 48 21.0 137.0
71 53 7.0 86.0
78 47 110.0 94.0
46 73 82.0 112.0
84 40 177.0 187.0
92 34 82.0 87.0
92 31 33.0 195.0
69 54 76.0 112.0
27 96 186.0 49.0
98 26 16.0 145.0
76 46 64.0 78.0
81 34 50.0 146.0
36 86 189.0 28.0
54 66 59.0 23.0
72 51 173.0 93.0
41 80 35.0 49.0
73 43 50.0 173.0
95 75 132.0 66.0
68 57 99.0 197.0
92 28 47.0 101.0
68 78 45.0 37.0
82 37 21.0 104.0
63 60 112.0 194.0
51 70 18.0 147.0
45 81 137.0 68.0
39 78 53.0 22.0
65 59 69.0 104.0
80 42 96.0 69.0
37 84 188.0 141.0
81 39 150.0 9.0
31 76 54.0 62.0
85 39 151.0 24.0
83 41 129.0 40.0
39 83 16.0 183.0
43 80 100.0 86.0
47 77 85.0 196.0
79 46 83.0 25.0
94 31 81.0 33.0
61 81 46.0 87.0
82 35 196.0 149.0
58 67 189.0 78.0
45 92 38.0 6.0
93 32 98.0 138.0
72 52 116.0 183.0
69 55 109.0 199.0
55 67 89.0 143.0
28 94 195.0 87.0
33 92 1.0 143.0
71 50 183.0 143.0
45 80 135.0 173.0
98 21 48.0 33.0
89 37 76.0 164.0
90 37 26.0 186.0
23 94 133.0 115.0
63 65 157.0 128.0
63 61 123.0 159.0
30 93 128.0 106.0
52 74 52.0 15.0
93 33 197.0 100.0
35 88 0.0 73.0
73 54 32.0 26.0
67 60 156.0 117.0
50 93 193.0 113.0
95 33 115.0 116.0
35 90 185.0 195.0
79 47 102.0 37.0
41 86 34.0 99.0
91 35 189.0 34.0
79 48 28.0 173.0
71 52 156.0 184.0
79 85 158.0 149.0
77 72 105.0 74.0
74 54 198.0 90.0
62 65 146.0 100.0
80 44 75.0 133.0
74 51 11.0 64.0
63 72 39.0 192.0
49 75 168.0 195.0
67 46 5.0 126.0
87 39 105.0 62.0
29 77 158.0 103.0
53 94 154.0 56.0
56 71 133.0 181.0
94 34 41.0 97.0
43 84 113.0 81.0
72 54 148.0 81.0
67 57 38.0 153.0
30 97 38.0 95.0
53 69 104.0 196.0
89 34 11.0 10.0
67 59 103.0 97.0
97 59 22.0 145.0
70 58 52.0 87.0
50 74 83.0 0.0
39 86 97.0 74.0
62 67 192.0 136.0
50 72 73.0 48.0
92 32 84.0 85.0
82 47 37.0 139.0
88 41 11.0 11.0
83 67 173.0 15.0
34 91 156.0 56.0
63 64 146.0 6.0
71 58 20.0 138.0
36 88 116.0 45.0
51 76 197.0 152.0
73 55 144.0 186.0
76 53 142.0 107.0
74 40 75.0 115.0
64 65 116.0 31.0
53 73 58.0 62.0
78 51 110.0 30.0
73 71 86.0 178.0
53 79 127.0 83.0
71 41 101.0 71.0
94 36 18.0 44.0
83 43 145.0 93.0
50 80 146.0 61.0
63 67 149.0 4.0
72 57 167.0 59.0
75 54 77.0 5.0
42 90 93.0 4.0
68 61 129.0 194.0
38 82 61.0 99.0
70 60 41.0 158.0
37 91 190.0 187.0
48 85 124.0 140.0
75 47 50.0 43.0
64 62 60.0 127.0
84 67 152.0 153.0
66 61 71.0 81.0
88 40 144.0 132.0
87 41 48.0 186.0
82 88 109.0 39.0
59 72 152.0 185.0
95 37 23.0 2.0
78 54 22.0 36.0
68 59 78.0 174.0
76 56 84.0 149.0
46 84 63.0 28.0
90 63 88.0 63.0
98 35 161.0 149.0
83 47 68.0 66.0
59 66 47.0 43.0
47 84 68.0 69.0
78 52 166.0 98.0
42 88 37.0 50.0
68 63 59.0 52.0
74 55 89.0 100.0
67 64 155.0 3.0
76 54 2.0 23.0
70 62 144.0 1.0
50 82 23.0 12.0
64 66 115.0 190.0
81 49 47.0 104.0
38 89 69.0 106.0
38 91 146.0 110.0
50 84 96.0 53.0
48 84 128.0 50.0
72 62 98.0 72.0
83 50 140.0 122.0
62 69 162.0 7.0
72 56 176.0 9.0
61 98 148.0 197.0
77 48 34.0 94.0
28 98 59.0 82.0
41 90 25.0 187.0
58 74 59.0 75.0
65 70 99.0 151.0
35 95 14.0 13.0
97 35 195.0 142.0
89 44 68.0 143.0
88 43 123.0 54.0
74 63 19.0 135.0
90 15 157.0 196.0
48 80 86.0 16.0
60 72 130.0 185.0
84 49 52.0 96.0
36 96 167.0 47.0
50 78 80.0 35.0
69 50 174.0 3.0
81 52 150.0 193.0
60 77 51.0 59.0
91 45 82.0 137.0
56 73 23.0 12.0
40 17 199.0 75.0
38 96 29.0 166.0
54 79 53.0 109.0
65 61 77.0 180.0
51 83 168.0 179.0
73 61 80.0 19.0
70 66 11.0 162.0
44 92 56.0 34.0
36 93 135.0 55.0
36 98 57.0 116.0
87 42 75.0 63.0
85 53 196.0 152.0
69 92 35.0 164.0
78 55 186.0 115.0
57 79 26.0 197.0
28 86 191.0 34.0
80 55 134.0 78.0
97 37 142.0 143.0
71 54 13.0 169.0
51 85 170.0 9.0
77 59 77.0 157.0
94 42 9.0 15.0
66 67 162.0 187.0
96 43 145.0 106.0
53 82 28.0 31.0
78 83 102.0 122.0
85 49 134.0 67.0
87 46 120.0 104.0
78 60 72.0 197.0
53 81 93.0 81.0
92 42 76.0 56.0
14 95 55.0 173.0
69 52 29.0 36.0
68 69 15.0 84.0
75 59 118.0 150.0
77 52 191.0 39.0
48 87 107.0 64.0
48 90 81.0 153.0
80 47 111.0 109.0
53 80 21.0 167.0
40 98 73.0 3.0
84 54 19.0 40.0
90 45 27.0 138.0
80 58 17.0 170.0
95 42 22.0 77.0
83 44 154.0 56.0
93 31 66.0 65.0
40 94 142.0 39.0
91 43 157.0 167.0
80 79 176.0 176.0
51 87 51.0 3.0
44 93 113.0 21.0
78 59 148.0 135.0
91 46 23.0 102.0
68 72 61.0 89.0
56 81 147.0 155.0
75 63 156.0 104.0
93 47 137.0 132.0
43 97 191.0 189.0
74 65 77.0 56.0
55 82 140.0 25.0
62 71 44.0 115.0
86 49 6.0 57.0
67 75 111.0 154.0
82 59 122.0 68.0
44 95 39.0 60.0
56 80 5.0 182.0
92 95 23.0 34.0
80 68 164.0 115.0
74 64 40.0 160.0
37 93 174.0 199.0
75 58 69.0 86.0
57 83 55.0 144.0
85 40 50.0 46.0
50 88 120.0 7.0
13 98 47.0 143.0
51 86 142.0 164.0
49 89 26.0 135.0
65 91 76.0 152.0
77 65 154.0 97.0
81 60 107.0 9.0
92 14 106.0 157.0
92 50 101.0 26.0
79 55 163.0 149.0
67 69 19.0 57.0
42 98 35.0 197.0
55 84 21.0 111.0
54 85 37.0 176.0
38 86 152.0 96.0
62 86 180.0 10.0
44 88 33.0 82.0
81 59 42.0 196.0
64 72 189.0 61.0
72 70 180.0 25.0
45 98 53.0 2.0
92 93 52.0 42.0
60 75 12.0 156.0
85 58 66.0 193.0
49 90 18.0 51.0
93 98 10.0 12.0
96 46 3.0 151.0
59 83 197.0 183.0
59 79 114.0 3.0
78 63 183.0 166.0
76 69 128.0 147.0
92 97 100.0 146.0
64 77 81.0 70.0
46 95 50.0 43.0
66 73 144.0 5.0
73 64 36.0 94.0
70 74 194.0 151.0
95 58 78.0 129.0
55 87 137.0 158.0
97 46 88.0 189.0
92 53 4.0 122.0
77 57 2.0 55.0
67 91 84.0 147.0
87 56 32.0 72.0
61 85 184.0 178.0
51 92 141.0 15.0
58 79 56.0 30.0
55 88 37.0 97.0
76 92 126.0 42.0
69 70 1.0 128.0
73 70 167.0 37.0
79 64 110.0 199.0
57 84 34.0 95.0
58 87 27.0 127.0
53 90 18.0 36.0
43 98 64.0 7.0
75 69 144.0 142.0
84 60 16.0 97.0
95 8 118.0 183.0
67 80 33.0 181.0
68 73 3.0 67.0
93 49 125.0 30.0
88 59 87.0 95.0
49 92 159.0 151.0
56 89 59.0 56.0
66 76 166.0 75.0
62 78 84.0 36.0
71 75 159.0 117.0
93 54 87.0 114.0
96 50 89.0 165.0
48 83 18.0 176.0
53 70 172.0 178.0
94 47 41.0 31.0
44 97 27.0 7.0
91 47 12.0 111.0
82 75 11.0 171.0
64 84 150.0 98.0
62 79 48.0 191.0
95 51 143.0 67.0
77 70 173.0 115.0
76 65 170.0 15.0
68 76 72.0 198.0
58 88 136.0 36.0
73 69 110.0 99.0
81 63 82.0 13.0
96 51 193.0 130.0
93 51 172.0 136.0
66 60 129.0 98.0
90 55 59.0 52.0
77 63 114.0 83.0
48 93 57.0 50.0
57 82 28.0 168.0
68 70 167.0 110.0
78 64 14.0 112.0
57 93 192.0 138.0
74 72 155.0 74.0
90 61 45.0 14.0
60 88 143.0 111.0
82 62 49.0 1.0
71 78 16.0 77.0
96 55 95.0 136.0
67 78 26.0 109.0
68 79 102.0 170.0
86 58 42.0 58.0
87 59 50.0 39.0
64 88 140.0 194.0
88 61 29.0 190.0
81 70 122.0 197.0
86 33 91.0 169.0
50 94 183.0 69.0
95 48 67.0 86.0
54 95 158.0 61.0
73 77 187.0 9.0
87 62 65.0 127.0
90 57 170.0 46.0
76 72 48.0 44.0
76 75 111.0 91.0
95 53 123.0 95.0
69 84 139.0 191.0
58 84 93.0 98.0
82 64 107.0 32.0
65 84 116.0 125.0
61 92 70.0 86.0
66 78 193.0 70.0
97 54 36.0 56.0
58 89 177.0 159.0
92 57 113.0 116.0
76 64 60.0 7.0
56 92 39.0 119.0
94 55 85.0 155.0
87 61 31.0 107.0
47 85 115.0 176.0
91 60 165.0 103.0
93 53 125.0 142.0
73 80 24.0 38.0
94 57 154.0 36.0
85 64 92.0 146.0
88 63 16.0 177.0
74 75 18.0 47.0
79 73 106.0 85.0
55 93 97.0 71.0
56 96 24.0 22.0
82 71 105.0 48.0
96 53 47.0 59.0
92 54 191.0 92.0
71 80 58.0 7.0
76 74 73.0 28.0
74 77 192.0 180.0
58 93 113.0 41.0
72 79 193.0 137.0
58 94 39.0 98.0
88 52 165.0 39.0
81 67 78.0 108.0
70 80 59.0 88.0
47 98 10.0 84.0
77 69 189.0 154.0
62 85 85.0 54.0
79 70 40.0 78.0
67 77 7.0 80.0
68 84 152.0 124.0
68 88 2.0 182.0
61 86 127.0 13.0
97 58 121.0 137.0
81 73 182.0 110.0
68 86 2.0 67.0
77 79 142.0 43.0
93 64 111.0 101.0
79 76 196.0 63.0
96 60 158.0 150.0
83 71 7.0 38.0
57 98 32.0 81.0
63 93 58.0 167.0
93 65 121.0 12.0
82 66 109.0 16.0
80 74 28.0 20.0
90 64 1.0 176.0
93 66 54.0 111.0
57 41 113.0 14.0
91 73 96.0 97.0
92 52 51.0 106.0
73 87 87.0 172.0
74 84 8.0 148.0
96 62 1.0 189.0
97 62 191.0 2.0
62 90 191.0 197.0
97 55 44.0 104.0
65 86 1.0 92.0
67 93 21.0 52.0
74 85 146.0 60.0
92 65 23.0 107.0
97 67 135.0 24.0
80 82 106.0 78.0
95 39 10.0 97.0
78 72 153.0 6.0
65 94 126.0 106.0
84 78 69.0 100.0
49 63 52.0 15.0
63 97 99.0 75.0
80 81 32.0 186.0
83 72 24.0 90.0
93 70 139.0 35.0
85 63 153.0 44.0
76 87 140.0 32.0
80 84 148.0 161.0
13 89 166.0 152.0
91 61 174.0 17.0
93 68 59.0 158.0
64 83 120.0 84.0
97 56 185.0 59.0
67 87 156.0 90.0
61 82 68.0 49.0
87 70 3.0 169.0
92 55 143.0 121.0
69 96 131.0 69.0
68 74 123.0 191.0
76 85 166.0 43.0
88 76 10.0 151.0
45 94 166.0 119.0
75 85 75.0 186.0
66 84 22.0 30.0
98 60 130.0 117.0
83 70 40.0 61.0
83 81 40.0 115.0
78 87 25.0 6.0
68 85 172.0 36.0
70 94 172.0 138.0
92 70 5.0 47.0
90 73 61.0 27.0
91 75 22.0 191.0
64 86 95.0 14.0
79 88 137.0 135.0
95 78 53.0 162.0
82 72 108.0 177.0
76 78 132.0 32.0
63 96 177.0 138.0
95 76 90.0 191.0
85 65 96.0 64.0
83 76 149.0 144.0
87 64 150.0 38.0
72 95 129.0 155.0
77 80 160.0 189.0
70 97 98.0 93.0
85 82 163.0 27.0
86 63 66.0 53.0
80 88 44.0 115.0
96 71 58.0 145.0
72 93 16.0 161.0
93 81 39.0 97.0
93 74 154.0 199.0
85 84 67.0 52.0
86 79 128.0 182.0
97 71 155.0 194.0
86 75 157.0 152.0
86 77 11.0 167.0
94 79 169.0 27.0
74 90 198.0 8.0
98 72 128.0 153.0
76 81 127.0 147.0
84 88 40.0 55.0
82 79 175.0 195.0
94 75 32.0 84.0
76 98 30.0 43.0
87 84 129.0 199.0
65 98 14.0 80.0
41 96 170.0 94.0
93 61 132.0 50.0
93 82 90.0 172.0
78 92 171.0 17.0
65 79 168.0 3.0
78 93 38.0 198.0
80 89 118.0 168.0
32 77 178.0 132.0
94 77 127.0 149.0
91 77 193.0 59.0
88 94 116.0 35.0
79 89 122.0 87.0
95 82 164.0 90.0
66 94 156.0 155.0
79 91 1.0 26.0
94 83 108.0 179.0
92 80 111.0 35.0
98 77 88.0 56.0
89 81 181.0 4.0
85 87 58.0 55.0
89 76 69.0 174.0
82 86 126.0 177.0
96 80 79.0 127.0
91 92 4.0 139.0
84 86 19.0 67.0
88 92 4.0 59.0
70 75 118.0 186.0
93 80 135.0 128.0
80 97 76.0 156.0
92 89 140.0 3.0
91 87 155.0 20.0
62 88 33.0 159.0
79 95 164.0 52.0
88 98 125.0 169.0
89 93 80.0 195.0
96 86 39.0 167.0
98 89 113.0 116.0
93 73 48.0 54.0
74 98 199.0 3.0
94 85 128.0 32.0
79 83 100.0 92.0
92 94 25.0 177.0
83 46 21.0 57.0
87 90 25.0 12.0
92 86 59.0 90.0
86 90 9.0 59.0
82 92 12.0 8.0
51 82 128.0 140.0
90 94 127.0 180.0
76 55 118.0 104.0
88 93 178.0 139.0
67 92 36.0 155.0
70 84 136.0 95.0
95 91 64.0 145.0
96 81 155.0 76.0
85 92 125.0 83.0
12 88 151.0 4.0
83 88 56.0 21.0
95 77 6.0 186.0
98 91 1.0 42.0
74 86 81.0 137.0
58 92 69.0 145.0
76 94 188.0 176.0
84 89 47.0 65.0
85 89 154.0 150.0
81 88 198.0 162.0
92 66 54.0 4.0
94 62 181.0 7.0
2 1 187.0 14.0
94 74 23.0 56.0
90 92 180.0 163.0
83 89 24.0 180.0
81 20 28.0 130.0
44 74 43.0 178.0
76 97 188.0 97.0
92 79 173.0 122.0
80 86 37.0 160.0
80 95 38.0 12.0
98 92 149.0 171.0
88 21 55.0 125.0
78 97 40.0 35.0
1 20 47.0 83.0
97 93 34.0 35.0
97 86 144.0 159.0
66 71 46.0 181.0
50 79 144.0 85.0
98 95 127.0 93.0
77 97 192.0 134.0
65 60 79.0 32.0
98 85 85.0 126.0
11 93 191.0 119.0
91 90 69.0 135.0
95 71 142.0 116.0
75 92 136.0 86.0
91 42 120.0 15.0
87 97 32.0 112.0
70 82 8.0 111.0
95 97 14.0 93.0
84 92 127.0 5.0
64 69 98.0 197.0
87 92 175.0 192.0
84 79 179.0 111.0
95 90 14.0 51.0
82 81 101.0 46.0
90 65 177.0 109.0
96 72 156.0 143.0
97 79 18.0 83.0
96 92 153.0 116.0
65 95 67.0 128.0
86 87 51.0 198.0
82 96 147.0 65.0
78 96 129.0 48.0
85 97 26.0 107.0
94 96 134.0 182.0
65 20 143.0 152.0
87 81 51.0 96.0
89 75 170.0 71.0
76 86 86.0 21.0
0
