93 4278 11 68 202079
67 27 95.0 68.0
9 71 108.0 53.0
7 62 9.0 55.0
84 21 12.0 92.0
38 79 52.0 61.0
72 57 10.0 154.0
18 29 67.0 55.0
89 33 9.0 113.0
59 56 44.0 56.0
33 37 42.0 104.0
5 26 138.0 51.0
44 53 115.0 151.0
37 55 152.0 167.0
19 74 119.0 114.0
9 22 9.0 186.0
55 13 185.0 170.0
67 9 48.0 29.0
45 10 16.0 90.0
33 17 65.0 155.0
70 5 171.0 180.0
59 18 150.0 123.0
92 25 171.0 22.0
46 2 103.0 180.0
13 65 45.0 89.0
73 12 15.0 93.0
22 32 48.0 184.0
48 15 170.0 113.0
17 6 123.0 141.0
22 55 70.0 26.0
77 66 118.0 193.0
4 11 116.0 22.0
91 58 157.0 161.0
69 53 89.0 124.0
82 65 76.0 90.0
79 81 100.0 199.0
87 83 98.0 24.0
42 32 20.0 120.0
4 51 154.0 139.0
77 87 172.0 23.0
49 22 61.0 129.0
72 46 190.0 103.0
16 63 169.0 19.0
48 52 101.0 70.0
41 71 172.0 151.0
7 82 194.0 192.0
40 65 32.0 100.0
58 35 124.0 4.0
57 47 59.0 138.0
91 49 61.0 2.0
16 89 38.0 30.0
45 9 101.0 92.0
77 59 42.0 25.0
48 84 60.0 188.0
55 74 2.0 44.0
13 10 128.0 78.0
54 60 129.0 140.0
15 4 99.0 142.0
92 72 154.0 90.0
78 6 172.0 7.0
64 9 148.0 166.0
92 46 160.0 160.0
24 15 112.0 114.0
22 1 92.0 193.0
60 16 123.0 174.0
17 91 190.0 174.0
67 6 67.0 96.0
11 84 176.0 39.0
92 68 147.0 76.0
18 91 108.0 108.0
10 18 0.0 21.0
16 84 129.0 44.0
6 40 78.0 4.0
36 63 128.0 68.0
67 86 41.0 195.0
74 77 164.0 169.0
50 47 56.0 111.0
42 17 29.0 165.0
35 89 113.0 29.0
77 90 107.0 42.0
35 84 131.0 185.0
52 37 172.0 59.0
29 43 44.0 165.0
26 60 137.0 160.0
11 51 168.0 194.0
67 61 141.0 197.0
54 87 57.0 55.0
81 83 47.0 164.0
72 26 73.0 178.0
62 74 179.0 197.0
23 57 190.0 175.0
23 80 182.0 80.0
37 74 107.0 102.0
41 86 90.0 49.0
79 65 185.0 99.0
54 55 1.0 32.0
78 82 22.0 26.0
62 15 102.0 1.0
72 40 35.0 44.0
26 61 24.0 18.0
41 14 87.0 132.0
7 79 153.0 129.0
50 16 94.0 138.0
68 47 159.0 96.0
33 92 143.0 181.0
5 7 36.0 45.0
81 20 175.0 71.0
81 15 164.0 152.0
11 3 38.0 4.0
26 88 158.0 143.0
11 78 157.0 52.0
29 24 147.0 69.0
23 38 25.0 90.0
77 45 48.0 61.0
62 8 190.0 175.0
23 47 192.0 107.0
87 86 132.0 182.0
78 9 14.0 90.0
84 80 172.0 124.0
5 3 170.0 119.0
45 42 84.0 147.0
86 85 25.0 132.0
93 70 171.0 167.0
21 80 151.0 115.0
70 51 142.0 83.0
59 33 190.0 108.0
19 22 16.0 162.0
29 52 77.0 139.0
93 25 44.0 161.0
6 2 140.0 69.0
73 48 93.0 63.0
33 1 104.0 44.0
51 45 105.0 46.0
75 11 75.0 95.0
30 38 69.0 43.0
87 76 143.0 146.0
8 44 68.0 187.0
47 21 11.0 8.0
69 61 60.0 105.0
61 33 132.0 116.0
75 69 83.0 37.0
77 3 161.0 110.0
38 72 195.0 182.0
54 10 157.0 138.0
54 93 45.0 25.0
20 15 131.0 57.0
73 50 65.0 143.0
82 6 45.0 197.0
72 86 45.0 128.0
86 73 23.0 158.0
51 37 33.0 18.0
46 74 113.0 143.0
14 4 169.0 159.0
61 39 18.0 52.0
88 75 97.0 36.0
80 37 183.0 142.0
27 64 196.0 180.0
41 79 63.0 171.0
22 6 53.0 96.0
80 67 180.0 166.0
20 77 122.0 101.0
20 38 31.0 92.0
19 6 62.0 129.0
41 32 86.0 45.0
93 76 164.0 35.0
61 34 147.0 27.0
40 37 94.0 0.0
8 26 83.0 74.0
10 37 193.0 157.0
74 33 88.0 25.0
38 31 196.0 102.0
60 62 80.0 83.0
42 38 191.0 196.0
69 37 24.0 138.0
71 46 175.0 70.0
72 23 157.0 11.0
57 18 59.0 102.0
50 52 53.0 99.0
80 33 19.0 49.0
92 22 176.0 51.0
59 12 183.0 167.0
46 42 131.0 159.0
85 83 109.0 107.0
10 11 104.0 18.0
26 58 9.0 163.0
14 39 186.0 14.0
71 40 163.0 5.0
62 53 54.0 139.0
12 6 183.0 189.0
6 9 169.0 114.0
91 34 10.0 78.0
42 11 82.0 114.0
68 72 170.0 43.0
17 20 106.0 108.0
57 28 172.0 21.0
78 70 129.0 27.0
36 9 39.0 64.0
17 89 152.0 8.0
28 3 147.0 162.0
13 81 57.0 181.0
57 88 52.0 180.0
12 51 106.0 158.0
79 26 27.0 78.0
2 43 14.0 108.0
52 70 95.0 5.0
64 20 7.0 48.0
20 93 43.0 106.0
79 12 152.0 52.0
6 80 98.0 5.0
36 81 27.0 4.0
10 6 138.0 6.0
29 93 70.0 152.0
69 27 94.0 165.0
44 36 78.0 101.0
36 5 23.0 121.0
14 13 160.0 175.0
91 79 31.0 10.0
65 22 143.0 10.0
8 36 93.0 81.0
8 6 27.0 163.0
59 67 170.0 121.0
8 79 78.0 48.0
81 67 183.0 101.0
77 25 4.0 95.0
9 47 57.0 187.0
68 57 121.0 0.0
93 39 105.0 166.0
71 26 67.0 132.0
93 85 160.0 37.0
68 19 164.0 38.0
83 10 52.0 147.0
34 65 128.0 57.0
18 51 21.0 185.0
15 67 64.0 94.0
11 72 142.0 169.0
4 83 56.0 9.0
72 65 137.0 168.0
81 49 41.0 53.0
58 53 17.0 94.0
22 81 95.0 145.0
36 53 45.0 116.0
24 88 191.0 109.0
66 7 166.0 134.0
87 43 193.0 22.0
15 73 129.0 82.0
28 17 199.0 123.0
2 13 33.0 168.0
2 24 123.0 128.0
76 57 169.0 169.0
50 46 78.0 160.0
52 59 146.0 196.0
9 5 140.0 91.0
41 28 159.0 69.0
42 87 99.0 110.0
8 46 137.0 133.0
70 35 44.0 13.0
90 29 65.0 13.0
74 1 74.0 95.0
57 59 18.0 172.0
27 89 73.0 158.0
23 6 50.0 184.0
90 2 142.0 149.0
45 80 69.0 31.0
20 46 154.0 66.0
74 29 191.0 19.0
27 30 34.0 17.0
88 64 21.0 4.0
59 37 43.0 94.0
40 27 123.0 45.0
26 28 51.0 17.0
13 43 125.0 73.0
2 18 72.0 31.0
90 12 32.0 63.0
41 15 27.0 18.0
76 62 75.0 48.0
3 40 88.0 70.0
64 70 4.0 164.0
4 16 42.0 55.0
58 56 76.0 167.0
24 89 94.0 148.0
5 49 69.0 126.0
61 53 64.0 48.0
19 31 160.0 91.0
70 12 21.0 48.0
81 41 194.0 25.0
55 92 176.0 36.0
54 46 37.0 52.0
39 92 107.0 131.0
45 44 6.0 128.0
3 66 175.0 23.0
3 41 120.0 87.0
51 6 160.0 93.0
4 12 198.0 154.0
40 30 169.0 127.0
73 90 5.0 6.0
87 73 95.0 64.0
23 50 155.0 54.0
20 5 145.0 83.0
43 81 75.0 17.0
84 10 63.0 36.0
51 62 85.0 13.0
89 58 184.0 7.0
55 65 4.0 190.0
43 51 153.0 51.0
6 33 119.0 61.0
37 34 182.0 16.0
19 42 77.0 57.0
50 21 77.0 92.0
81 78 25.0 115.0
5 14 118.0 162.0
56 39 142.0 122.0
87 34 109.0 48.0
67 60 69.0 181.0
91 66 71.0 51.0
13 71 31.0 100.0
89 64 150.0 108.0
47 65 48.0 128.0
56 10 89.0 166.0
48 39 104.0 31.0
70 86 148.0 166.0
52 57 97.0 18.0
12 2 31.0 169.0
15 85 45.0 14.0
54 67 16.0 195.0
38 43 52.0 64.0
52 83 159.0 141.0
28 33 139.0 16.0
26 78 48.0 88.0
41 89 81.0 146.0
10 9 66.0 65.0
15 2 54.0 111.0
77 42 157.0 70.0
85 37 147.0 161.0
26 32 90.0 59.0
64 83 134.0 30.0
67 93 146.0 135.0
88 2 111.0 179.0
88 84 188.0 177.0
2 32 134.0 43.0
72 54 33.0 43.0
91 21 116.0 132.0
3 14 37.0 7.0
39 31 131.0 171.0
30 78 187.0 77.0
77 2 39.0 98.0
85 23 33.0 180.0
52 60 71.0 168.0
20 74 88.0 56.0
93 5 26.0 157.0
52 12 103.0 63.0
40 77 12.0 186.0
59 22 185.0 151.0
23 36 30.0 176.0
58 63 2.0 64.0
29 75 124.0 25.0
53 39 115.0 164.0
41 92 107.0 94.0
10 72 190.0 10.0
53 86 142.0 2.0
14 12 190.0 79.0
48 76 136.0 172.0
46 53 199.0 90.0
34 64 120.0 123.0
9 82 173.0 35.0
80 48 199.0 80.0
25 33 87.0 189.0
25 59 157.0 29.0
68 58 4.0 99.0
39 24 32.0 93.0
75 51 32.0 183.0
21 83 49.0 152.0
69 45 60.0 174.0
90 21 12.0 11.0
51 86 42.0 100.0
51 91 146.0 151.0
54 85 58.0 103.0
13 74 85.0 42.0
29 42 183.0 118.0
29 8 183.0 184.0
15 3 184.0 196.0
68 10 16.0 196.0
2 65 9.0 10.0
63 18 72.0 108.0
9 24 140.0 82.0
2 3 90.0 178.0
5 8 186.0 73.0
24 54 33.0 121.0
10 35 135.0 169.0
43 93 189.0 103.0
65 9 96.0 199.0
16 2 93.0 168.0
92 74 29.0 185.0
14 7 27.0 71.0
9 8 82.0 13.0
64 69 76.0 67.0
10 17 81.0 163.0
16 57 119.0 23.0
63 90 109.0 167.0
65 73 103.0 2.0
51 73 15.0 132.0
40 86 114.0 43.0
1 47 7.0 196.0
22 18 52.0 35.0
34 88 157.0 85.0
49 77 147.0 28.0
7 13 163.0 56.0
27 31 173.0 66.0
9 66 53.0 188.0
57 61 6.0 167.0
13 8 87.0 166.0
25 60 135.0 139.0
53 49 168.0 92.0
7 8 16.0 68.0
89 31 152.0 131.0
62 56 189.0 125.0
28 13 158.0 42.0
74 90 89.0 117.0
4 67 161.0 128.0
31 85 188.0 96.0
38 91 82.0 109.0
37 19 81.0 50.0
49 30 92.0 185.0
83 55 136.0 81.0
67 10 176.0 95.0
7 47 114.0 17.0
7 9 83.0 75.0
48 21 115.0 24.0
16 31 28.0 197.0
47 37 115.0 61.0
64 40 18.0 160.0
1 3 187.0 154.0
11 68 154.0 116.0
21 51 60.0 68.0
16 54 149.0 96.0
72 24 187.0 64.0
54 15 19.0 15.0
49 34 100.0 86.0
73 18 86.0 70.0
21 42 5.0 25.0
15 60 143.0 159.0
16 64 106.0 4.0
24 59 47.0 8.0
82 48 81.0 34.0
60 41 4.0 100.0
74 47 55.0 56.0
65 6 121.0 93.0
5 15 81.0 78.0
38 64 191.0 24.0
32 67 44.0 97.0
32 75 108.0 43.0
28 50 120.0 189.0
90 5 11.0 77.0
13 5 13.0 18.0
43 54 163.0 86.0
31 29 145.0 196.0
90 50 121.0 136.0
1 9 185.0 117.0
4 17 77.0 46.0
90 30 171.0 198.0
35 13 9.0 134.0
49 82 172.0 22.0
42 18 197.0 87.0
46 39 129.0 94.0
87 62 9.0 2.0
68 51 116.0 146.0
93 40 174.0 194.0
70 76 161.0 97.0
88 45 83.0 170.0
33 9 0.0 8.0
24 22 28.0 149.0
61 86 187.0 109.0
52 75 51.0 196.0
32 37 120.0 120.0
75 55 67.0 94.0
3 9 133.0 180.0
52 55 64.0 16.0
61 6 98.0 64.0
28 14 3.0 78.0
4 69 43.0 190.0
48 16 138.0 94.0
50 64 167.0 58.0
23 39 42.0 186.0
7 11 127.0 175.0
3 55 162.0 191.0
60 53 144.0 60.0
64 14 36.0 147.0
80 25 80.0 79.0
40 15 108.0 170.0
78 34 125.0 75.0
70 9 83.0 119.0
48 50 1.0 10.0
9 17 15.0 163.0
69 67 84.0 160.0
78 39 192.0 121.0
64 39 176.0 24.0
53 22 123.0 84.0
53 25 58.0 0.0
33 7 10.0 93.0
56 74 13.0 11.0
90 49 170.0 29.0
20 90 65.0 54.0
35 19 149.0 9.0
56 67 62.0 126.0
88 12 105.0 185.0
36 86 152.0 115.0
93 26 79.0 163.0
1 17 74.0 93.0
38 54 52.0 44.0
50 68 15.0 118.0
86 31 10.0 117.0
5 4 44.0 25.0
15 13 184.0 102.0
1 8 61.0 136.0
6 15 43.0 140.0
59 72 127.0 70.0
32 6 74.0 180.0
73 21 96.0 42.0
49 61 42.0 58.0
64 74 63.0 39.0
2 22 146.0 199.0
6 52 41.0 7.0
27 45 165.0 36.0
10 4 96.0 93.0
35 46 138.0 123.0
64 15 52.0 34.0
73 89 134.0 47.0
67 18 126.0 149.0
7 56 89.0 24.0
12 42 24.0 82.0
87 44 120.0 190.0
72 18 198.0 16.0
61 12 183.0 137.0
10 1 84.0 187.0
88 15 1.0 170.0
32 68 51.0 127.0
28 74 58.0 93.0
22 5 170.0 82.0
48 8 72.0 90.0
23 1 119.0 70.0
12 55 7.0 54.0
55 57 155.0 43.0
71 77 149.0 156.0
49 41 107.0 152.0
21 86 27.0 165.0
91 1 67.0 150.0
9 83 35.0 139.0
81 7 2.0 155.0
61 30 108.0 9.0
86 64 80.0 64.0
45 83 104.0 181.0
30 12 100.0 163.0
5 91 104.0 80.0
92 49 56.0 171.0
36 14 74.0 43.0
20 47 98.0 76.0
75 49 163.0 159.0
19 71 60.0 195.0
58 4 108.0 116.0
16 39 145.0 8.0
36 34 192.0 49.0
82 56 93.0 0.0
69 65 12.0 167.0
16 66 154.0 63.0
21 71 121.0 118.0
11 12 144.0 133.0
1 62 56.0 52.0
7 42 42.0 1.0
73 45 172.0 187.0
7 10 10.0 65.0
72 34 178.0 174.0
4 41 59.0 132.0
18 50 56.0 132.0
49 59 158.0 153.0
25 72 150.0 166.0
19 3 120.0 192.0
41 42 95.0 92.0
52 45 102.0 105.0
11 14 168.0 32.0
38 13 81.0 179.0
5 17 35.0 89.0
23 91 197.0 145.0
70 27 66.0 99.0
11 6 151.0 186.0
89 47 94.0 47.0
91 35 176.0 149.0
32 92 6.0 96.0
11 60 18.0 87.0
25 50 20.0 5.0
46 49 19.0 18.0
75 71 197.0 85.0
6 5 137.0 148.0
50 67 138.0 183.0
3 10 188.0 66.0
35 81 68.0 146.0
45 43 81.0 38.0
91 8 133.0 102.0
56 17 113.0 104.0
85 76 103.0 62.0
79 90 68.0 192.0
63 85 114.0 6.0
26 10 30.0 55.0
88 27 82.0 98.0
68 25 101.0 163.0
32 29 32.0 186.0
43 71 127.0 97.0
51 55 45.0 182.0
51 71 137.0 113.0
60 55 113.0 52.0
8 10 187.0 143.0
31 58 47.0 69.0
19 2 168.0 148.0
38 76 187.0 152.0
53 28 8.0 66.0
82 63 188.0 53.0
40 19 76.0 126.0
71 50 188.0 189.0
54 45 97.0 127.0
9 91 114.0 97.0
7 60 183.0 82.0
41 18 108.0 170.0
45 49 149.0 116.0
12 5 12.0 89.0
66 33 132.0 88.0
80 53 134.0 73.0
2 75 193.0 32.0
73 20 186.0 107.0
79 13 10.0 169.0
30 54 163.0 119.0
7 27 70.0 64.0
75 78 148.0 82.0
16 38 170.0 33.0
88 68 114.0 105.0
49 64 111.0 59.0
83 8 48.0 97.0
20 33 36.0 59.0
85 18 94.0 151.0
42 33 122.0 164.0
8 14 145.0 23.0
33 56 168.0 116.0
28 67 172.0 82.0
37 25 32.0 84.0
30 15 121.0 32.0
48 85 14.0 109.0
10 2 35.0 108.0
54 48 51.0 109.0
43 41 40.0 149.0
1 38 6.0 8.0
11 25 52.0 131.0
47 15 196.0 36.0
29 63 4.0 69.0
55 28 181.0 18.0
9 13 17.0 168.0
5 85 127.0 20.0
32 84 7.0 167.0
13 3 176.0 165.0
52 66 57.0 28.0
80 52 164.0 53.0
1 11 45.0 168.0
40 13 42.0 26.0
61 55 26.0 59.0
46 80 91.0 153.0
16 7 139.0 50.0
64 72 122.0 116.0
44 17 128.0 179.0
67 8 198.0 44.0
20 35 110.0 43.0
47 11 25.0 152.0
15 9 97.0 51.0
5 19 99.0 141.0
29 10 182.0 39.0
79 47 24.0 56.0
63 38 116.0 152.0
12 3 181.0 114.0
36 91 16.0 91.0
9 75 51.0 193.0
36 71 105.0 101.0
61 80 88.0 4.0
87 7 145.0 70.0
53 3 106.0 121.0
38 58 38.0 174.0
59 82 85.0 19.0
79 70 33.0 53.0
51 80 169.0 37.0
9 14 102.0 74.0
37 58 165.0 190.0
3 16 80.0 62.0
1 7 158.0 138.0
68 5 133.0 148.0
86 71 56.0 19.0
47 17 41.0 90.0
4 8 19.0 162.0
76 59 197.0 121.0
21 88 196.0 114.0
88 53 119.0 77.0
7 17 121.0 29.0
24 1 186.0 6.0
39 2 31.0 43.0
19 81 73.0 24.0
13 80 29.0 45.0
43 52 145.0 178.0
47 56 10.0 141.0
13 60 134.0 81.0
20 71 18.0 7.0
38 77 41.0 5.0
79 44 41.0 25.0
29 59 97.0 66.0
44 89 162.0 78.0
48 41 164.0 107.0
3 4 122.0 126.0
69 70 109.0 8.0
47 5 167.0 128.0
81 88 19.0 160.0
36 35 66.0 12.0
92 79 175.0 163.0
74 39 172.0 89.0
77 84 149.0 88.0
93 60 121.0 23.0
37 79 148.0 183.0
81 30 179.0 115.0
24 40 129.0 150.0
72 3 0.0 195.0
21 4 88.0 127.0
17 8 0.0 13.0
36 17 20.0 101.0
75 28 42.0 93.0
11 63 59.0 190.0
92 73 183.0 190.0
2 8 99.0 112.0
2 7 1.0 52.0
41 76 120.0 42.0
28 43 170.0 72.0
59 9 128.0 190.0
34 5 63.0 170.0
67 58 100.0 74.0
35 9 9.0 83.0
11 64 12.0 60.0
10 12 25.0 166.0
86 56 96.0 97.0
2 5 27.0 19.0
11 76 99.0 156.0
80 58 158.0 114.0
20 32 66.0 58.0
40 9 10.0 27.0
72 52 49.0 175.0
61 68 148.0 26.0
28 1 172.0 197.0
3 54 93.0 151.0
36 2 175.0 144.0
58 44 81.0 85.0
75 91 53.0 148.0
6 44 182.0 16.0
2 35 120.0 31.0
7 92 193.0 68.0
90 88 130.0 117.0
48 59 115.0 175.0
59 60 66.0 42.0
8 82 131.0 147.0
22 4 162.0 184.0
85 69 142.0 144.0
10 92 35.0 62.0
90 69 21.0 28.0
61 16 38.0 103.0
17 11 94.0 105.0
55 14 81.0 160.0
93 63 0.0 12.0
9 51 34.0 162.0
24 35 101.0 128.0
9 12 75.0 136.0
12 92 78.0 96.0
12 7 28.0 68.0
21 3 84.0 74.0
6 83 98.0 117.0
53 67 105.0 98.0
20 2 36.0 91.0
81 45 58.0 137.0
81 28 140.0 133.0
8 15 5.0 19.0
5 21 18.0 34.0
53 47 37.0 102.0
37 42 93.0 136.0
15 45 188.0 150.0
93 18 71.0 25.0
6 20 127.0 82.0
86 45 131.0 67.0
9 4 33.0 137.0
73 68 43.0 51.0
21 61 182.0 80.0
10 50 82.0 75.0
6 3 106.0 71.0
23 41 183.0 130.0
4 79 103.0 62.0
3 22 128.0 34.0
89 52 46.0 162.0
26 51 182.0 89.0
19 86 100.0 164.0
12 13 197.0 182.0
61 9 92.0 103.0
16 6 64.0 27.0
9 2 129.0 167.0
81 50 186.0 57.0
4 20 123.0 184.0
36 49 160.0 57.0
40 82 189.0 60.0
42 30 135.0 138.0
37 65 101.0 27.0
86 63 128.0 117.0
70 80 114.0 57.0
35 1 67.0 52.0
76 82 127.0 142.0
37 57 113.0 87.0
43 48 188.0 54.0
76 89 142.0 75.0
61 81 117.0 195.0
48 40 157.0 45.0
26 73 139.0 71.0
71 18 8.0 6.0
6 81 31.0 88.0
42 40 75.0 96.0
86 83 121.0 15.0
76 64 33.0 63.0
51 89 159.0 150.0
33 44 73.0 116.0
21 12 21.0 12.0
29 28 79.0 181.0
13 21 173.0 110.0
59 93 24.0 48.0
80 18 5.0 145.0
19 7 155.0 38.0
8 3 94.0 66.0
49 69 140.0 167.0
78 24 135.0 161.0
20 3 70.0 14.0
37 20 161.0 43.0
20 58 192.0 185.0
75 74 68.0 149.0
88 74 12.0 175.0
79 45 170.0 106.0
20 43 96.0 110.0
67 68 155.0 31.0
83 53 81.0 178.0
72 6 109.0 42.0
2 26 75.0 102.0
54 65 55.0 143.0
45 11 24.0 68.0
55 87 86.0 194.0
35 63 109.0 182.0
35 83 45.0 16.0
40 14 190.0 126.0
2 23 185.0 100.0
51 13 114.0 12.0
77 34 101.0 169.0
44 7 90.0 77.0
4 23 124.0 176.0
84 55 160.0 33.0
42 62 145.0 157.0
74 2 116.0 87.0
70 16 9.0 53.0
26 6 3.0 123.0
39 87 104.0 104.0
92 89 6.0 194.0
17 67 38.0 130.0
9 16 14.0 198.0
26 80 16.0 111.0
79 55 147.0 84.0
68 74 32.0 108.0
78 18 128.0 35.0
11 41 165.0 184.0
36 93 182.0 123.0
65 23 38.0 20.0
80 90 189.0 5.0
3 23 67.0 157.0
74 17 54.0 166.0
88 4 86.0 38.0
21 54 37.0 167.0
19 8 140.0 154.0
5 33 135.0 74.0
53 48 156.0 125.0
44 29 45.0 97.0
49 63 66.0 113.0
77 4 180.0 72.0
2 14 67.0 18.0
77 47 3.0 56.0
52 85 171.0 144.0
14 1 124.0 58.0
50 91 185.0 32.0
27 63 17.0 31.0
8 11 32.0 35.0
8 75 137.0 164.0
5 40 10.0 5.0
1 29 57.0 13.0
26 4 113.0 28.0
24 4 49.0 190.0
30 91 40.0 34.0
61 42 88.0 9.0
46 32 89.0 120.0
12 1 131.0 178.0
42 3 188.0 141.0
88 58 69.0 198.0
35 79 48.0 135.0
14 10 191.0 97.0
45 58 3.0 31.0
14 6 158.0 43.0
64 18 197.0 199.0
20 72 173.0 128.0
72 89 110.0 113.0
53 72 143.0 132.0
58 13 11.0 143.0
60 37 147.0 2.0
19 10 121.0 103.0
58 27 117.0 31.0
44 63 167.0 66.0
39 1 26.0 92.0
87 25 95.0 137.0
5 10 15.0 190.0
34 40 136.0 26.0
3 26 50.0 83.0
1 27 94.0 171.0
53 38 99.0 12.0
7 71 3.0 67.0
72 85 192.0 29.0
16 44 139.0 39.0
13 16 179.0 154.0
91 12 42.0 67.0
18 8 31.0 93.0
31 33 126.0 125.0
14 16 61.0 26.0
46 48 97.0 16.0
11 18 26.0 41.0
28 7 8.0 117.0
60 43 27.0 139.0
54 89 22.0 21.0
92 82 151.0 53.0
20 79 6.0 78.0
52 1 140.0 20.0
46 86 161.0 37.0
70 13 103.0 187.0
19 12 174.0 63.0
55 86 188.0 153.0
79 69 23.0 162.0
55 20 124.0 127.0
13 4 118.0 131.0
21 40 66.0 58.0
21 8 174.0 179.0
90 93 141.0 29.0
3 7 7.0 115.0
21 9 160.0 148.0
15 1 37.0 135.0
5 23 24.0 162.0
84 13 32.0 142.0
52 47 135.0 50.0
29 33 180.0 61.0
17 13 124.0 121.0
1 32 181.0 132.0
62 77 54.0 93.0
88 29 68.0 43.0
91 71 62.0 44.0
21 10 198.0 95.0
4 70 41.0 86.0
1 16 76.0 22.0
15 14 124.0 1.0
5 24 142.0 57.0
60 68 59.0 148.0
2 87 174.0 80.0
62 44 152.0 188.0
2 73 105.0 150.0
50 17 60.0 147.0
6 24 30.0 89.0
83 74 101.0 154.0
57 49 196.0 43.0
23 61 197.0 7.0
52 58 85.0 123.0
9 93 131.0 37.0
72 62 184.0 188.0
76 46 168.0 45.0
41 82 177.0 150.0
62 4 7.0 78.0
52 46 87.0 155.0
20 1 1.0 85.0
81 16 70.0 87.0
15 55 124.0 153.0
23 14 49.0 108.0
1 25 189.0 17.0
15 17 119.0 166.0
67 74 198.0 78.0
25 29 183.0 85.0
16 8 102.0 137.0
17 81 107.0 124.0
42 34 21.0 183.0
45 39 151.0 70.0
17 14 93.0 93.0
49 44 88.0 164.0
23 76 126.0 86.0
18 7 24.0 61.0
45 78 81.0 78.0
27 3 179.0 189.0
69 16 2.0 152.0
54 42 70.0 153.0
25 38 125.0 163.0
80 38 66.0 13.0
20 42 199.0 192.0
86 32 174.0 175.0
8 22 82.0 56.0
33 88 40.0 61.0
10 64 42.0 42.0
12 49 105.0 112.0
87 12 4.0 182.0
47 12 77.0 70.0
51 32 79.0 28.0
63 83 175.0 54.0
80 76 170.0 58.0
68 53 132.0 10.0
22 48 128.0 174.0
4 7 49.0 185.0
21 79 20.0 53.0
91 43 170.0 49.0
74 34 109.0 50.0
23 69 194.0 36.0
49 85 177.0 164.0
2 27 107.0 109.0
4 43 185.0 187.0
54 68 140.0 35.0
53 57 111.0 160.0
7 85 5.0 34.0
27 4 70.0 66.0
58 51 106.0 64.0
40 80 67.0 83.0
36 32 140.0 174.0
74 53 55.0 78.0
25 36 131.0 195.0
90 62 69.0 195.0
21 7 106.0 27.0
2 17 5.0 176.0
10 22 146.0 63.0
60 19 184.0 165.0
50 42 175.0 76.0
28 6 93.0 30.0
19 76 125.0 176.0
3 24 104.0 194.0
52 90 17.0 10.0
4 92 63.0 22.0
72 30 9.0 161.0
48 55 178.0 145.0
25 4 177.0 153.0
61 93 147.0 22.0
73 22 100.0 24.0
49 9 74.0 4.0
5 87 11.0 44.0
83 19 140.0 27.0
49 35 191.0 101.0
89 43 190.0 121.0
25 2 147.0 119.0
32 14 177.0 47.0
36 62 166.0 77.0
70 47 139.0 192.0
40 63 8.0 150.0
80 50 15.0 100.0
85 91 137.0 158.0
8 20 18.0 80.0
26 7 124.0 118.0
83 22 89.0 101.0
83 46 87.0 7.0
92 1 116.0 26.0
62 21 195.0 124.0
69 57 24.0 162.0
52 17 176.0 113.0
52 24 11.0 146.0
20 11 46.0 135.0
27 49 178.0 135.0
13 1 84.0 65.0
3 17 81.0 152.0
33 4 125.0 28.0
58 10 29.0 101.0
27 14 15.0 157.0
35 62 113.0 26.0
68 43 157.0 159.0
24 8 173.0 135.0
13 19 186.0 9.0
5 16 15.0 67.0
28 47 41.0 92.0
54 11 53.0 22.0
24 13 177.0 69.0
73 69 107.0 43.0
9 11 167.0 64.0
28 60 93.0 92.0
50 92 52.0 79.0
23 27 157.0 67.0
73 31 89.0 150.0
41 45 122.0 143.0
15 18 139.0 52.0
51 19 172.0 46.0
9 18 2.0 91.0
89 84 23.0 48.0
82 16 157.0 75.0
42 83 77.0 114.0
21 6 63.0 167.0
48 63 94.0 186.0
28 4 85.0 34.0
30 2 86.0 58.0
58 50 14.0 41.0
38 61 75.0 38.0
17 18 99.0 33.0
83 89 166.0 128.0
92 86 106.0 29.0
55 2 183.0 153.0
53 2 194.0 69.0
28 70 67.0 81.0
24 75 66.0 81.0
40 41 83.0 93.0
39 20 145.0 134.0
16 79 94.0 111.0
71 5 20.0 153.0
19 1 121.0 155.0
1 26 64.0 116.0
15 7 188.0 83.0
24 11 138.0 6.0
17 85 173.0 21.0
12 86 108.0 118.0
71 15 33.0 154.0
22 11 38.0 5.0
14 19 10.0 159.0
55 62 97.0 27.0
72 7 151.0 85.0
76 13 64.0 41.0
4 44 120.0 37.0
34 35 94.0 180.0
49 71 115.0 79.0
68 37 160.0 153.0
4 29 87.0 122.0
36 84 173.0 184.0
89 91 39.0 124.0
8 71 103.0 55.0
19 27 104.0 175.0
10 23 42.0 150.0
25 3 37.0 158.0
56 73 64.0 149.0
19 9 21.0 152.0
86 14 137.0 146.0
10 70 70.0 129.0
45 31 121.0 125.0
55 46 30.0 177.0
7 76 4.0 73.0
8 12 175.0 193.0
92 31 23.0 40.0
35 93 44.0 196.0
11 26 190.0 134.0
2 69 105.0 13.0
6 58 77.0 178.0
10 31 56.0 59.0
13 20 48.0 12.0
39 90 114.0 176.0
25 42 172.0 137.0
39 12 144.0 168.0
37 2 143.0 87.0
70 6 165.0 0.0
63 92 38.0 42.0
17 12 178.0 94.0
45 40 157.0 27.0
34 25 118.0 71.0
64 6 35.0 42.0
18 4 24.0 179.0
15 10 182.0 120.0
31 71 165.0 147.0
67 2 42.0 3.0
27 59 85.0 21.0
3 90 21.0 42.0
19 77 78.0 91.0
25 8 72.0 113.0
24 45 113.0 48.0
71 45 85.0 95.0
3 29 44.0 50.0
4 31 131.0 39.0
23 8 59.0 168.0
28 34 119.0 33.0
17 69 55.0 197.0
23 11 10.0 79.0
64 60 169.0 75.0
9 56 41.0 7.0
33 48 54.0 86.0
25 12 166.0 137.0
43 85 53.0 177.0
23 73 98.0 172.0
47 45 1.0 153.0
66 45 89.0 11.0
9 88 161.0 11.0
48 24 78.0 3.0
71 62 90.0 84.0
73 8 159.0 56.0
90 59 100.0 12.0
38 9 35.0 150.0
53 92 40.0 36.0
41 65 2.0 129.0
57 35 198.0 115.0
13 18 186.0 28.0
72 84 181.0 76.0
91 92 69.0 140.0
55 59 19.0 121.0
67 64 97.0 55.0
60 5 17.0 137.0
20 12 32.0 171.0
43 22 118.0 182.0
33 36 68.0 104.0
30 4 64.0 2.0
24 10 88.0 85.0
91 24 87.0 108.0
85 8 158.0 137.0
23 7 153.0 127.0
50 14 53.0 138.0
36 54 142.0 123.0
88 43 157.0 162.0
11 19 129.0 173.0
10 25 58.0 17.0
74 43 47.0 97.0
50 27 103.0 6.0
67 77 106.0 8.0
89 55 169.0 159.0
16 22 102.0 63.0
20 16 125.0 11.0
21 64 105.0 6.0
22 93 12.0 115.0
30 6 197.0 60.0
21 87 12.0 52.0
68 4 87.0 118.0
58 32 130.0 8.0
14 22 78.0 32.0
74 12 47.0 155.0
75 84 80.0 104.0
81 47 141.0 93.0
42 67 182.0 91.0
58 78 178.0 194.0
81 63 116.0 18.0
92 88 7.0 46.0
86 6 155.0 85.0
15 77 64.0 2.0
67 52 42.0 144.0
31 3 108.0 135.0
27 5 121.0 91.0
89 61 78.0 52.0
28 49 93.0 194.0
6 27 2.0 101.0
15 19 107.0 157.0
33 64 36.0 171.0
25 6 46.0 30.0
36 45 55.0 107.0
55 72 66.0 177.0
39 69 138.0 97.0
24 50 155.0 31.0
92 69 164.0 158.0
2 21 58.0 71.0
70 56 52.0 94.0
21 1 119.0 51.0
61 77 139.0 174.0
9 26 95.0 158.0
11 13 39.0 33.0
1 34 87.0 195.0
30 1 28.0 51.0
11 15 55.0 86.0
56 65 179.0 108.0
21 14 53.0 98.0
7 29 177.0 192.0
28 9 165.0 24.0
43 9 56.0 4.0
30 8 128.0 143.0
9 42 181.0 109.0
33 3 139.0 36.0
11 21 138.0 118.0
41 62 124.0 191.0
12 16 74.0 53.0
78 20 44.0 191.0
2 33 115.0 52.0
58 70 156.0 195.0
18 43 163.0 89.0
11 44 180.0 54.0
76 28 29.0 71.0
87 29 191.0 106.0
66 29 37.0 18.0
46 85 77.0 33.0
1 31 9.0 192.0
68 56 173.0 117.0
1 5 96.0 88.0
43 15 105.0 29.0
23 9 16.0 87.0
42 93 113.0 8.0
28 12 142.0 102.0
22 7 97.0 171.0
14 18 4.0 106.0
74 80 52.0 129.0
29 9 112.0 149.0
57 46 187.0 170.0
57 3 144.0 4.0
22 17 154.0 57.0
72 71 129.0 48.0
22 12 122.0 26.0
70 30 96.0 126.0
14 48 88.0 148.0
92 23 194.0 1.0
66 79 9.0 182.0
79 1 134.0 154.0
27 10 196.0 40.0
20 14 25.0 125.0
63 54 101.0 148.0
81 31 96.0 149.0
8 28 164.0 184.0
41 26 30.0 111.0
9 92 144.0 40.0
7 32 37.0 78.0
19 80 136.0 33.0
91 16 173.0 114.0
69 46 155.0 26.0
76 86 27.0 3.0
10 53 75.0 191.0
77 72 41.0 106.0
68 3 82.0 186.0
71 52 105.0 119.0
38 26 47.0 42.0
10 20 29.0 172.0
48 92 114.0 136.0
82 27 102.0 93.0
78 28 108.0 177.0
6 7 39.0 149.0
9 31 177.0 121.0
18 21 39.0 83.0
86 9 112.0 39.0
9 52 11.0 94.0
22 13 87.0 77.0
45 70 1.0 189.0
23 13 99.0 109.0
81 39 88.0 90.0
68 23 98.0 17.0
25 14 54.0 89.0
58 41 66.0 167.0
37 3 102.0 29.0
73 10 165.0 189.0
79 22 38.0 166.0
3 39 4.0 89.0
78 67 80.0 92.0
89 59 149.0 130.0
15 89 44.0 3.0
1 36 144.0 110.0
32 65 179.0 46.0
11 28 29.0 144.0
2 38 120.0 19.0
26 31 72.0 125.0
4 63 32.0 152.0
26 69 42.0 133.0
65 36 58.0 86.0
12 58 147.0 2.0
27 20 191.0 126.0
84 85 10.0 172.0
72 8 72.0 130.0
31 6 140.0 96.0
4 32 56.0 173.0
17 16 193.0 50.0
48 6 111.0 51.0
62 48 181.0 58.0
65 60 49.0 173.0
49 62 196.0 11.0
21 15 141.0 68.0
34 4 126.0 81.0
6 84 153.0 134.0
15 12 164.0 146.0
29 64 14.0 75.0
18 12 17.0 196.0
30 11 132.0 66.0
20 19 107.0 128.0
80 83 23.0 48.0
22 82 182.0 101.0
72 73 105.0 135.0
20 7 198.0 70.0
88 41 91.0 13.0
59 19 52.0 108.0
15 16 100.0 136.0
5 28 77.0 8.0
23 18 29.0 101.0
35 3 131.0 11.0
58 43 163.0 36.0
67 83 115.0 114.0
29 23 35.0 158.0
39 65 170.0 87.0
13 6 99.0 22.0
47 82 5.0 128.0
30 5 33.0 34.0
30 88 126.0 116.0
37 45 26.0 90.0
32 47 167.0 141.0
67 45 123.0 2.0
7 31 13.0 93.0
2 58 58.0 112.0
34 3 41.0 15.0
23 16 158.0 26.0
34 48 45.0 85.0
10 30 59.0 72.0
34 7 118.0 27.0
5 41 86.0 41.0
31 21 41.0 100.0
78 51 51.0 52.0
71 6 132.0 44.0
44 42 171.0 42.0
32 8 62.0 17.0
60 32 41.0 73.0
18 20 127.0 111.0
48 67 57.0 14.0
87 38 192.0 51.0
2 40 140.0 195.0
2 80 143.0 72.0
26 44 29.0 67.0
66 74 152.0 91.0
29 2 35.0 146.0
31 79 3.0 163.0
53 90 0.0 12.0
32 74 177.0 192.0
70 21 193.0 117.0
6 4 195.0 88.0
12 26 50.0 24.0
23 55 116.0 154.0
78 25 104.0 104.0
11 16 168.0 59.0
10 55 191.0 120.0
32 5 158.0 168.0
49 56 137.0 151.0
12 24 35.0 132.0
45 34 186.0 37.0
88 65 110.0 55.0
40 1 2.0 15.0
44 77 174.0 122.0
36 75 186.0 117.0
10 59 113.0 96.0
21 57 103.0 50.0
58 3 33.0 90.0
29 6 17.0 20.0
71 73 116.0 127.0
8 86 12.0 119.0
68 38 19.0 138.0
17 92 144.0 157.0
55 56 168.0 57.0
19 4 139.0 23.0
6 42 35.0 172.0
50 59 113.0 4.0
36 72 5.0 30.0
64 63 99.0 169.0
29 11 131.0 119.0
88 28 7.0 27.0
84 33 134.0 175.0
36 82 90.0 73.0
30 67 105.0 77.0
30 55 162.0 170.0
25 9 96.0 119.0
66 5 100.0 196.0
92 84 63.0 183.0
18 39 129.0 70.0
69 66 96.0 64.0
52 91 58.0 138.0
23 17 182.0 163.0
36 7 167.0 96.0
16 26 92.0 64.0
74 63 5.0 144.0
37 1 78.0 68.0
21 16 89.0 8.0
72 82 82.0 137.0
77 82 105.0 140.0
21 76 148.0 87.0
25 13 28.0 115.0
81 64 7.0 72.0
36 6 126.0 12.0
18 6 185.0 5.0
17 32 57.0 26.0
16 18 54.0 139.0
32 3 40.0 159.0
29 12 125.0 188.0
3 76 84.0 154.0
31 11 35.0 91.0
71 90 90.0 161.0
7 24 9.0 27.0
51 27 72.0 66.0
42 28 14.0 127.0
59 17 172.0 55.0
20 9 122.0 49.0
18 24 191.0 6.0
15 50 129.0 26.0
46 79 191.0 171.0
5 25 189.0 0.0
40 76 77.0 62.0
10 91 164.0 91.0
18 5 120.0 136.0
25 16 49.0 43.0
22 29 27.0 40.0
79 54 107.0 108.0
38 92 16.0 99.0
26 13 187.0 5.0
32 25 197.0 16.0
22 62 92.0 161.0
66 55 156.0 164.0
42 1 80.0 5.0
9 27 12.0 59.0
75 26 174.0 71.0
8 27 181.0 190.0
60 58 196.0 120.0
82 19 80.0 145.0
27 16 105.0 124.0
9 90 95.0 61.0
76 17 9.0 127.0
38 14 81.0 21.0
37 21 56.0 8.0
30 92 141.0 189.0
28 15 18.0 89.0
8 34 144.0 98.0
71 88 2.0 50.0
84 59 110.0 97.0
75 48 147.0 119.0
41 2 173.0 181.0
9 34 104.0 181.0
65 53 142.0 197.0
30 80 180.0 112.0
12 23 14.0 124.0
15 31 198.0 16.0
90 6 72.0 61.0
15 26 110.0 20.0
90 26 114.0 35.0
6 38 185.0 18.0
38 73 73.0 79.0
57 56 173.0 53.0
76 92 89.0 139.0
30 22 198.0 40.0
26 68 119.0 70.0
9 84 10.0 181.0
17 19 137.0 124.0
2 49 26.0 123.0
6 35 114.0 99.0
16 19 99.0 40.0
18 3 194.0 141.0
18 25 164.0 192.0
65 52 67.0 83.0
43 36 148.0 78.0
7 35 170.0 86.0
4 39 110.0 148.0
5 11 61.0 25.0
38 4 42.0 113.0
32 11 187.0 36.0
5 31 69.0 151.0
14 26 196.0 88.0
40 39 37.0 144.0
87 26 122.0 159.0
20 23 59.0 32.0
50 38 116.0 72.0
27 11 175.0 159.0
21 20 26.0 162.0
28 69 67.0 47.0
37 6 57.0 63.0
21 22 175.0 46.0
69 63 133.0 49.0
3 38 78.0 144.0
4 2 22.0 194.0
19 18 146.0 197.0
27 12 125.0 172.0
76 83 78.0 192.0
31 8 162.0 87.0
73 85 4.0 90.0
54 50 158.0 138.0
28 16 169.0 36.0
90 55 6.0 191.0
59 35 37.0 152.0
17 24 77.0 162.0
5 86 108.0 107.0
21 55 127.0 71.0
46 78 21.0 132.0
32 39 178.0 131.0
34 92 156.0 99.0
20 25 37.0 114.0
32 30 33.0 74.0
42 2 95.0 110.0
44 81 7.0 3.0
25 17 94.0 87.0
7 30 144.0 67.0
17 27 145.0 74.0
13 31 18.0 53.0
52 64 149.0 8.0
91 31 80.0 182.0
83 66 69.0 175.0
51 44 180.0 29.0
71 61 96.0 26.0
76 69 176.0 192.0
37 4 160.0 73.0
76 43 110.0 130.0
36 3 32.0 59.0
54 83 148.0 64.0
32 12 102.0 17.0
80 72 78.0 82.0
37 78 49.0 175.0
24 21 196.0 177.0
3 43 81.0 156.0
20 67 176.0 192.0
27 18 54.0 160.0
21 23 132.0 154.0
25 67 137.0 186.0
44 72 36.0 15.0
31 12 33.0 86.0
25 21 0.0 29.0
32 64 148.0 81.0
38 67 57.0 125.0
29 5 122.0 63.0
5 38 77.0 7.0
46 61 14.0 14.0
40 16 94.0 51.0
32 79 138.0 128.0
38 7 171.0 90.0
71 67 23.0 119.0
38 8 26.0 32.0
41 1 48.0 149.0
5 35 108.0 125.0
3 30 115.0 123.0
24 25 102.0 10.0
26 17 119.0 41.0
60 85 94.0 42.0
56 44 157.0 69.0
49 86 48.0 183.0
16 29 164.0 96.0
35 72 94.0 73.0
82 18 44.0 161.0
29 15 41.0 146.0
90 44 61.0 112.0
34 21 78.0 155.0
64 41 83.0 187.0
31 32 27.0 132.0
25 7 0.0 143.0
78 38 20.0 46.0
32 15 142.0 64.0
34 10 192.0 135.0
83 47 173.0 53.0
67 76 24.0 52.0
4 35 16.0 107.0
39 47 122.0 195.0
18 28 22.0 74.0
4 36 128.0 195.0
25 75 10.0 22.0
23 15 125.0 155.0
40 7 161.0 98.0
50 45 59.0 137.0
53 21 56.0 28.0
66 28 8.0 130.0
93 82 126.0 182.0
14 30 156.0 54.0
41 37 163.0 118.0
49 83 192.0 88.0
58 7 107.0 105.0
51 15 135.0 167.0
34 12 27.0 144.0
39 62 37.0 35.0
49 79 107.0 163.0
13 30 136.0 63.0
24 20 184.0 51.0
30 9 41.0 176.0
30 66 72.0 149.0
80 57 115.0 160.0
66 93 137.0 142.0
59 45 161.0 126.0
42 5 46.0 69.0
29 17 8.0 182.0
21 17 74.0 192.0
21 26 108.0 67.0
63 43 31.0 133.0
13 29 155.0 146.0
42 88 127.0 45.0
39 29 69.0 41.0
25 15 23.0 115.0
92 8 13.0 31.0
44 2 64.0 87.0
26 22 98.0 125.0
33 69 15.0 81.0
18 49 100.0 171.0
41 87 143.0 179.0
10 36 152.0 13.0
82 1 77.0 128.0
32 13 165.0 90.0
5 37 31.0 181.0
89 2 62.0 81.0
35 11 67.0 78.0
62 67 116.0 119.0
60 14 156.0 59.0
90 40 154.0 61.0
33 15 83.0 31.0
64 51 139.0 0.0
28 19 189.0 122.0
1 45 4.0 52.0
57 40 14.0 24.0
23 22 52.0 130.0
4 42 66.0 8.0
58 77 167.0 20.0
75 17 15.0 50.0
67 19 30.0 106.0
27 21 23.0 19.0
11 57 8.0 180.0
3 59 140.0 174.0
25 26 142.0 192.0
43 42 59.0 160.0
25 23 137.0 178.0
9 37 163.0 104.0
69 7 166.0 145.0
16 30 80.0 141.0
73 13 45.0 88.0
39 9 25.0 186.0
44 5 116.0 119.0
22 68 58.0 127.0
90 25 98.0 147.0
75 7 69.0 13.0
11 74 157.0 187.0
33 16 14.0 189.0
26 20 127.0 12.0
50 40 163.0 152.0
39 6 164.0 79.0
19 49 65.0 174.0
73 43 103.0 163.0
7 41 89.0 124.0
60 3 65.0 198.0
61 90 193.0 79.0
4 73 110.0 121.0
39 5 26.0 25.0
24 23 199.0 190.0
48 1 31.0 65.0
17 62 113.0 134.0
27 22 51.0 2.0
1 57 17.0 116.0
51 92 159.0 10.0
71 84 185.0 21.0
24 82 158.0 11.0
90 15 70.0 109.0
82 33 58.0 102.0
2 78 120.0 123.0
48 2 24.0 171.0
43 33 19.0 41.0
14 31 179.0 178.0
6 41 100.0 164.0
50 32 54.0 58.0
44 78 53.0 125.0
17 87 105.0 111.0
71 92 118.0 177.0
79 28 142.0 143.0
58 74 177.0 162.0
20 76 180.0 156.0
44 91 43.0 80.0
27 73 185.0 98.0
55 44 57.0 190.0
35 37 73.0 115.0
33 52 152.0 144.0
79 2 182.0 95.0
73 67 164.0 111.0
47 27 146.0 144.0
24 55 197.0 189.0
34 38 78.0 134.0
30 18 72.0 136.0
11 37 67.0 98.0
11 91 89.0 172.0
90 56 56.0 71.0
13 34 177.0 172.0
90 17 48.0 75.0
72 63 112.0 197.0
7 88 175.0 191.0
22 66 36.0 47.0
23 37 177.0 55.0
9 32 172.0 66.0
46 3 74.0 181.0
30 63 180.0 4.0
80 31 19.0 180.0
93 14 105.0 131.0
33 13 118.0 80.0
19 23 83.0 106.0
10 32 20.0 13.0
34 6 140.0 145.0
80 93 98.0 14.0
26 24 5.0 78.0
39 10 98.0 24.0
8 42 1.0 155.0
42 22 184.0 120.0
24 41 148.0 19.0
42 36 34.0 168.0
59 32 185.0 174.0
29 37 23.0 84.0
37 93 113.0 28.0
79 43 65.0 163.0
40 4 143.0 66.0
48 12 125.0 79.0
47 3 9.0 73.0
38 10 195.0 195.0
35 8 99.0 181.0
4 46 125.0 74.0
83 59 56.0 190.0
3 44 172.0 73.0
15 27 179.0 68.0
40 28 99.0 56.0
14 58 178.0 109.0
11 34 183.0 125.0
65 45 192.0 34.0
26 23 55.0 117.0
40 32 174.0 111.0
18 26 37.0 147.0
65 58 59.0 168.0
83 84 161.0 159.0
37 8 30.0 91.0
28 54 6.0 14.0
4 55 198.0 198.0
34 89 24.0 5.0
45 3 91.0 198.0
81 91 35.0 80.0
53 8 27.0 46.0
89 65 179.0 140.0
63 80 158.0 161.0
33 14 74.0 164.0
76 33 85.0 25.0
30 17 61.0 61.0
77 12 57.0 104.0
33 11 69.0 44.0
34 16 8.0 96.0
51 52 178.0 139.0
10 40 171.0 136.0
8 33 156.0 197.0
45 6 102.0 41.0
24 19 8.0 163.0
20 22 119.0 18.0
47 93 139.0 188.0
40 12 154.0 147.0
32 19 197.0 84.0
91 70 168.0 168.0
78 74 192.0 125.0
11 38 97.0 46.0
30 26 87.0 57.0
43 8 135.0 158.0
28 23 195.0 74.0
46 90 113.0 149.0
86 59 0.0 110.0
33 40 182.0 169.0
10 33 39.0 126.0
29 20 89.0 88.0
68 8 113.0 176.0
92 80 63.0 0.0
39 75 72.0 59.0
27 24 108.0 137.0
30 62 103.0 60.0
8 49 129.0 37.0
18 31 192.0 168.0
68 9 68.0 81.0
14 92 128.0 133.0
78 57 81.0 192.0
38 57 7.0 106.0
27 91 61.0 67.0
60 24 72.0 117.0
71 4 136.0 153.0
26 19 53.0 128.0
7 39 86.0 74.0
13 27 20.0 166.0
61 37 100.0 54.0
11 40 29.0 59.0
36 15 46.0 42.0
34 2 163.0 71.0
5 61 184.0 99.0
68 71 181.0 189.0
2 76 18.0 19.0
51 1 116.0 38.0
27 25 162.0 168.0
93 57 8.0 191.0
45 90 8.0 6.0
93 6 11.0 123.0
48 4 104.0 147.0
44 67 1.0 38.0
43 7 79.0 19.0
39 11 44.0 195.0
57 27 58.0 6.0
28 25 50.0 18.0
82 31 31.0 10.0
35 14 12.0 194.0
7 37 168.0 69.0
86 66 86.0 169.0
8 70 112.0 165.0
46 6 155.0 108.0
81 55 123.0 166.0
45 7 101.0 173.0
24 14 168.0 85.0
12 35 130.0 180.0
29 14 155.0 98.0
65 10 25.0 193.0
77 32 13.0 89.0
86 57 153.0 120.0
16 74 182.0 76.0
60 57 184.0 83.0
12 37 6.0 104.0
14 81 125.0 89.0
82 53 147.0 32.0
63 3 70.0 172.0
1 46 61.0 83.0
61 85 177.0 166.0
37 15 65.0 159.0
14 34 133.0 2.0
5 45 67.0 92.0
17 31 182.0 144.0
77 46 31.0 81.0
48 90 144.0 102.0
3 92 180.0 5.0
83 13 88.0 109.0
63 84 115.0 105.0
28 91 129.0 48.0
33 27 13.0 148.0
31 20 146.0 147.0
2 50 77.0 177.0
14 37 3.0 21.0
69 36 14.0 135.0
50 1 20.0 102.0
45 2 127.0 135.0
91 47 185.0 8.0
71 79 102.0 151.0
27 56 126.0 0.0
34 19 112.0 155.0
34 18 82.0 116.0
29 50 161.0 96.0
89 57 160.0 134.0
57 81 178.0 39.0
32 16 34.0 116.0
18 36 110.0 88.0
36 11 44.0 36.0
39 15 130.0 157.0
24 16 132.0 12.0
2 51 124.0 46.0
8 41 123.0 85.0
91 54 7.0 53.0
44 9 81.0 41.0
36 16 58.0 144.0
70 41 138.0 102.0
5 46 149.0 69.0
43 11 65.0 34.0
31 22 106.0 141.0
32 38 61.0 29.0
50 3 179.0 68.0
56 88 97.0 61.0
42 10 63.0 155.0
65 20 14.0 2.0
54 20 161.0 115.0
18 35 199.0 178.0
14 67 193.0 57.0
33 12 153.0 7.0
29 26 30.0 133.0
19 25 183.0 127.0
28 20 40.0 47.0
27 75 17.0 6.0
16 10 80.0 178.0
1 89 157.0 31.0
62 24 127.0 150.0
41 29 2.0 33.0
55 41 26.0 184.0
34 17 63.0 9.0
35 87 142.0 103.0
68 78 81.0 159.0
84 34 159.0 114.0
39 13 180.0 116.0
75 56 114.0 59.0
84 39 161.0 68.0
79 50 170.0 187.0
78 83 15.0 33.0
52 3 15.0 158.0
43 31 87.0 48.0
28 24 110.0 198.0
32 21 94.0 42.0
77 51 14.0 9.0
17 38 53.0 176.0
28 22 199.0 175.0
29 19 22.0 15.0
47 4 153.0 189.0
41 13 58.0 192.0
5 50 60.0 168.0
46 10 95.0 106.0
21 28 59.0 110.0
68 45 27.0 64.0
80 14 122.0 27.0
8 39 51.0 96.0
27 26 65.0 156.0
35 17 26.0 123.0
75 45 100.0 86.0
29 51 24.0 147.0
23 31 157.0 83.0
91 4 105.0 185.0
36 12 141.0 179.0
43 6 29.0 144.0
79 86 34.0 46.0
32 18 90.0 61.0
76 9 77.0 190.0
59 68 57.0 101.0
53 1 51.0 166.0
68 62 176.0 156.0
72 87 177.0 69.0
8 40 74.0 6.0
30 19 65.0 108.0
35 16 45.0 156.0
9 63 169.0 122.0
35 15 192.0 178.0
25 30 196.0 43.0
5 48 116.0 124.0
55 1 0.0 45.0
34 20 25.0 74.0
24 69 136.0 90.0
69 35 181.0 181.0
41 10 189.0 150.0
47 8 141.0 181.0
12 44 26.0 89.0
33 21 13.0 94.0
81 21 167.0 13.0
51 3 1.0 192.0
27 77 182.0 89.0
48 3 34.0 115.0
12 43 107.0 24.0
38 18 76.0 48.0
18 37 109.0 103.0
3 49 112.0 123.0
4 50 33.0 31.0
57 12 6.0 34.0
9 48 148.0 140.0
9 62 174.0 183.0
89 78 123.0 81.0
20 30 50.0 199.0
75 3 76.0 160.0
29 27 141.0 140.0
63 19 3.0 175.0
33 23 110.0 9.0
56 92 182.0 59.0
24 32 181.0 157.0
37 75 21.0 104.0
80 9 196.0 72.0
10 85 10.0 24.0
37 16 142.0 151.0
38 15 35.0 146.0
12 50 125.0 146.0
47 14 165.0 59.0
64 84 8.0 146.0
66 75 183.0 29.0
82 15 64.0 132.0
4 59 104.0 74.0
45 12 9.0 199.0
23 32 192.0 196.0
55 45 165.0 69.0
10 43 106.0 131.0
23 35 8.0 114.0
37 17 138.0 143.0
24 30 35.0 2.0
87 4 57.0 91.0
56 41 61.0 18.0
46 30 144.0 53.0
24 31 64.0 61.0
13 36 100.0 171.0
4 52 54.0 60.0
8 65 179.0 144.0
93 51 15.0 166.0
52 34 83.0 24.0
75 21 191.0 97.0
50 86 21.0 87.0
4 53 180.0 86.0
67 35 67.0 32.0
33 49 76.0 73.0
18 55 78.0 55.0
21 29 145.0 93.0
21 36 34.0 181.0
78 31 24.0 178.0
5 43 157.0 197.0
44 35 60.0 89.0
69 12 139.0 127.0
52 5 13.0 15.0
93 19 86.0 91.0
30 23 129.0 31.0
61 51 22.0 116.0
46 11 23.0 198.0
27 28 78.0 180.0
53 5 27.0 90.0
40 18 61.0 118.0
13 37 141.0 74.0
30 85 54.0 179.0
90 7 13.0 184.0
56 35 169.0 187.0
13 45 57.0 192.0
36 73 67.0 87.0
49 4 42.0 95.0
6 47 117.0 103.0
54 73 6.0 58.0
51 8 53.0 13.0
86 47 79.0 18.0
16 41 195.0 0.0
49 6 27.0 4.0
19 54 169.0 46.0
78 49 168.0 163.0
56 4 6.0 38.0
8 50 147.0 164.0
42 13 142.0 153.0
46 14 175.0 21.0
17 41 175.0 170.0
56 2 140.0 154.0
36 77 192.0 61.0
30 82 1.0 113.0
70 29 96.0 159.0
28 10 141.0 196.0
22 34 180.0 35.0
73 1 105.0 155.0
83 61 100.0 33.0
56 3 128.0 41.0
51 7 35.0 120.0
19 33 75.0 36.0
38 21 144.0 124.0
22 25 125.0 85.0
72 5 45.0 57.0
5 74 63.0 103.0
35 22 0.0 164.0
28 71 16.0 128.0
18 66 139.0 3.0
33 24 178.0 166.0
5 88 11.0 122.0
7 59 31.0 89.0
44 13 114.0 29.0
87 8 106.0 178.0
50 69 95.0 106.0
33 26 110.0 63.0
4 54 125.0 1.0
64 61 197.0 55.0
55 17 69.0 161.0
75 14 123.0 52.0
22 36 60.0 37.0
80 73 137.0 118.0
48 65 112.0 185.0
50 84 150.0 175.0
46 66 77.0 27.0
30 29 155.0 26.0
17 39 151.0 176.0
72 2 138.0 26.0
77 43 83.0 150.0
23 71 44.0 173.0
40 17 57.0 109.0
9 41 129.0 159.0
90 37 61.0 158.0
29 49 35.0 168.0
16 73 66.0 138.0
74 52 42.0 4.0
44 1 10.0 126.0
89 22 20.0 7.0
14 44 71.0 29.0
79 27 68.0 153.0
59 1 101.0 81.0
33 22 77.0 136.0
9 55 174.0 95.0
33 18 18.0 168.0
35 60 131.0 180.0
44 15 58.0 103.0
75 90 111.0 82.0
24 65 104.0 132.0
42 16 3.0 6.0
76 18 112.0 32.0
7 50 159.0 86.0
7 46 135.0 129.0
73 25 103.0 18.0
31 28 161.0 161.0
14 45 183.0 72.0
31 25 185.0 88.0
32 28 185.0 140.0
63 89 109.0 97.0
47 13 29.0 21.0
36 20 148.0 116.0
42 66 166.0 51.0
24 56 167.0 79.0
34 15 95.0 150.0
49 7 78.0 80.0
60 12 177.0 63.0
30 21 195.0 86.0
55 6 143.0 176.0
43 1 174.0 92.0
57 4 35.0 92.0
18 60 69.0 2.0
64 25 183.0 164.0
38 71 83.0 13.0
80 87 112.0 12.0
19 21 141.0 59.0
49 11 120.0 84.0
54 2 105.0 95.0
76 6 180.0 92.0
64 59 138.0 1.0
84 7 150.0 73.0
48 13 33.0 33.0
42 58 158.0 97.0
56 38 7.0 51.0
51 49 22.0 128.0
46 13 136.0 80.0
48 10 129.0 69.0
5 54 122.0 67.0
81 48 157.0 72.0
34 23 148.0 143.0
55 5 152.0 59.0
36 19 196.0 112.0
64 66 63.0 19.0
73 93 33.0 151.0
7 52 42.0 163.0
20 40 39.0 116.0
45 16 157.0 148.0
24 37 53.0 58.0
69 77 89.0 6.0
92 28 26.0 85.0
93 2 77.0 89.0
1 85 131.0 62.0
28 35 112.0 125.0
23 53 35.0 103.0
21 35 180.0 192.0
7 73 35.0 34.0
54 13 147.0 124.0
43 16 124.0 173.0
14 43 173.0 153.0
34 26 123.0 56.0
15 75 1.0 187.0
57 2 110.0 36.0
39 85 93.0 91.0
65 25 102.0 128.0
53 9 131.0 49.0
19 92 79.0 7.0
56 1 99.0 5.0
6 54 168.0 22.0
33 46 123.0 169.0
74 48 98.0 34.0
60 1 169.0 143.0
70 82 23.0 71.0
73 11 41.0 106.0
31 2 188.0 72.0
24 34 0.0 87.0
78 19 38.0 169.0
64 8 28.0 114.0
54 9 82.0 78.0
54 27 131.0 3.0
39 19 25.0 106.0
39 21 99.0 66.0
22 37 150.0 87.0
56 32 163.0 150.0
30 31 163.0 1.0
47 33 106.0 143.0
1 58 192.0 140.0
48 7 193.0 75.0
45 17 21.0 18.0
55 8 70.0 120.0
72 21 46.0 20.0
50 63 176.0 9.0
6 50 4.0 91.0
37 26 198.0 110.0
7 61 3.0 190.0
67 24 19.0 196.0
60 4 145.0 192.0
43 17 129.0 15.0
60 76 60.0 127.0
48 11 105.0 36.0
54 7 82.0 110.0
54 8 122.0 80.0
44 19 24.0 78.0
1 49 192.0 43.0
75 23 195.0 89.0
62 86 122.0 76.0
56 6 108.0 182.0
57 5 145.0 13.0
5 78 165.0 179.0
55 42 175.0 88.0
46 15 76.0 199.0
19 41 137.0 68.0
35 27 130.0 85.0
10 47 12.0 4.0
22 84 162.0 72.0
44 20 9.0 59.0
73 47 161.0 174.0
27 36 86.0 88.0
62 32 125.0 162.0
56 34 65.0 62.0
76 34 59.0 147.0
7 55 130.0 23.0
18 44 48.0 45.0
10 49 46.0 57.0
13 49 50.0 159.0
64 77 179.0 136.0
34 27 121.0 104.0
18 46 125.0 186.0
87 92 79.0 185.0
59 14 79.0 9.0
62 3 189.0 127.0
40 22 62.0 35.0
26 36 119.0 113.0
51 85 79.0 98.0
61 2 85.0 0.0
38 12 139.0 10.0
16 47 12.0 18.0
46 9 164.0 91.0
4 45 1.0 105.0
30 35 180.0 63.0
61 92 31.0 100.0
82 68 134.0 110.0
28 30 26.0 19.0
57 7 177.0 165.0
73 34 37.0 189.0
56 5 100.0 153.0
42 15 62.0 101.0
45 18 188.0 42.0
33 30 79.0 19.0
65 1 150.0 13.0
33 32 98.0 128.0
57 6 95.0 75.0
77 85 94.0 132.0
39 26 50.0 195.0
76 75 45.0 112.0
45 32 11.0 33.0
52 13 46.0 42.0
49 43 30.0 148.0
92 5 6.0 80.0
48 47 101.0 101.0
21 41 19.0 196.0
83 57 69.0 69.0
1 63 5.0 114.0
10 51 42.0 168.0
17 51 189.0 89.0
18 48 59.0 171.0
49 15 187.0 65.0
41 63 129.0 41.0
7 53 79.0 148.0
38 19 19.0 148.0
51 5 192.0 24.0
58 23 18.0 187.0
72 28 21.0 159.0
27 61 83.0 80.0
60 6 187.0 23.0
28 37 121.0 116.0
25 39 185.0 0.0
11 2 89.0 4.0
2 52 30.0 33.0
10 52 80.0 0.0
63 5 66.0 54.0
51 14 22.0 101.0
2 59 1.0 161.0
45 19 193.0 123.0
79 6 183.0 178.0
28 2 92.0 72.0
22 38 145.0 75.0
57 9 78.0 26.0
25 41 28.0 96.0
37 56 103.0 3.0
39 27 15.0 56.0
29 36 191.0 160.0
40 75 31.0 174.0
8 57 46.0 76.0
77 68 86.0 191.0
16 46 117.0 164.0
26 35 24.0 146.0
12 54 37.0 127.0
49 14 11.0 4.0
48 17 122.0 3.0
34 29 186.0 105.0
35 32 136.0 184.0
64 80 63.0 174.0
8 93 2.0 132.0
27 32 114.0 178.0
2 62 197.0 104.0
43 21 108.0 8.0
53 6 33.0 30.0
40 26 125.0 171.0
63 17 105.0 61.0
4 81 36.0 120.0
78 14 29.0 38.0
52 8 15.0 95.0
18 54 19.0 12.0
5 58 85.0 127.0
69 32 181.0 71.0
3 65 18.0 106.0
82 26 137.0 123.0
43 19 183.0 173.0
3 61 132.0 12.0
60 2 159.0 147.0
38 28 71.0 178.0
20 45 68.0 109.0
1 54 164.0 1.0
64 46 124.0 182.0
14 53 84.0 13.0
59 5 151.0 19.0
61 66 34.0 83.0
64 3 55.0 193.0
34 30 74.0 79.0
12 53 149.0 94.0
39 28 142.0 66.0
19 46 84.0 19.0
13 50 112.0 120.0
19 47 25.0 15.0
24 36 120.0 59.0
55 68 24.0 175.0
51 16 63.0 99.0
39 49 162.0 164.0
31 64 99.0 57.0
21 74 193.0 136.0
31 36 135.0 58.0
84 91 24.0 112.0
44 21 54.0 144.0
23 40 10.0 31.0
2 81 121.0 73.0
22 41 172.0 35.0
67 37 155.0 24.0
15 76 189.0 100.0
38 27 117.0 76.0
41 80 108.0 141.0
34 31 42.0 115.0
52 11 36.0 52.0
1 66 7.0 157.0
28 89 38.0 132.0
23 42 166.0 145.0
27 37 84.0 155.0
50 19 44.0 153.0
69 41 133.0 105.0
11 56 91.0 175.0
2 64 98.0 127.0
33 34 123.0 57.0
1 64 75.0 161.0
36 61 13.0 41.0
22 44 13.0 98.0
64 90 152.0 58.0
21 46 31.0 86.0
23 45 5.0 74.0
61 58 49.0 55.0
18 65 77.0 172.0
16 52 151.0 152.0
17 77 98.0 165.0
48 19 74.0 63.0
22 91 165.0 179.0
57 20 75.0 148.0
62 5 175.0 80.0
71 37 72.0 25.0
50 11 158.0 149.0
66 14 180.0 109.0
29 40 94.0 78.0
50 20 108.0 120.0
88 46 156.0 25.0
65 17 99.0 183.0
29 35 77.0 74.0
18 47 7.0 149.0
18 58 140.0 165.0
72 39 103.0 121.0
1 70 95.0 149.0
59 8 13.0 155.0
24 44 142.0 121.0
65 4 54.0 41.0
44 23 176.0 83.0
53 11 24.0 183.0
70 3 139.0 164.0
41 93 181.0 195.0
68 44 82.0 28.0
52 22 192.0 47.0
43 25 21.0 86.0
65 5 145.0 27.0
66 2 65.0 121.0
88 91 35.0 41.0
93 1 86.0 126.0
39 30 80.0 19.0
77 10 40.0 115.0
59 6 51.0 184.0
27 41 156.0 72.0
60 40 144.0 53.0
30 37 161.0 161.0
52 73 142.0 196.0
71 93 4.0 180.0
33 70 166.0 85.0
79 48 87.0 6.0
45 25 45.0 90.0
11 55 11.0 153.0
45 21 78.0 155.0
64 7 70.0 39.0
79 60 32.0 164.0
22 47 58.0 189.0
34 68 151.0 176.0
15 52 140.0 190.0
48 57 91.0 186.0
57 50 159.0 102.0
49 20 184.0 37.0
68 1 101.0 6.0
39 22 78.0 85.0
58 11 18.0 136.0
33 38 126.0 121.0
33 62 76.0 19.0
37 31 89.0 167.0
57 10 99.0 0.0
42 24 60.0 83.0
61 10 35.0 113.0
40 31 183.0 113.0
22 45 125.0 153.0
67 3 65.0 52.0
61 8 184.0 94.0
63 8 28.0 73.0
89 49 65.0 127.0
4 1 129.0 125.0
26 43 121.0 164.0
13 57 14.0 104.0
30 36 98.0 139.0
43 23 172.0 115.0
66 4 146.0 156.0
83 31 58.0 127.0
18 53 69.0 123.0
66 27 174.0 150.0
73 79 180.0 96.0
56 12 79.0 146.0
27 76 197.0 177.0
43 24 100.0 122.0
16 53 29.0 198.0
27 93 18.0 87.0
46 24 101.0 39.0
65 66 155.0 76.0
16 55 103.0 87.0
85 55 190.0 134.0
35 61 5.0 140.0
16 90 113.0 57.0
83 29 56.0 142.0
26 64 65.0 27.0
25 35 107.0 167.0
77 80 167.0 14.0
28 44 99.0 22.0
47 63 64.0 42.0
28 45 127.0 69.0
22 46 40.0 192.0
45 26 68.0 49.0
63 7 12.0 86.0
75 12 6.0 120.0
89 37 23.0 126.0
8 60 180.0 74.0
61 1 28.0 44.0
39 33 198.0 107.0
33 35 32.0 191.0
4 64 55.0 52.0
32 52 66.0 68.0
19 53 47.0 25.0
22 61 167.0 70.0
20 48 60.0 147.0
65 92 16.0 89.0
85 35 107.0 166.0
74 45 35.0 139.0
69 1 169.0 43.0
23 74 177.0 188.0
27 43 77.0 25.0
89 70 71.0 44.0
31 67 110.0 84.0
65 70 50.0 78.0
53 15 122.0 157.0
91 62 103.0 109.0
23 48 25.0 73.0
42 27 66.0 3.0
16 56 46.0 144.0
30 41 172.0 117.0
46 23 124.0 34.0
67 1 152.0 174.0
5 64 14.0 26.0
25 44 75.0 70.0
76 36 55.0 52.0
47 26 86.0 122.0
82 52 63.0 132.0
89 75 43.0 187.0
39 42 33.0 167.0
64 17 49.0 137.0
59 11 13.0 16.0
53 79 91.0 40.0
58 9 89.0 146.0
42 26 135.0 175.0
76 8 197.0 198.0
80 16 15.0 192.0
15 57 99.0 1.0
73 19 135.0 101.0
42 31 153.0 148.0
49 58 184.0 196.0
88 35 180.0 73.0
53 17 1.0 116.0
46 17 119.0 198.0
26 85 18.0 87.0
49 23 59.0 70.0
41 68 80.0 146.0
53 13 43.0 185.0
56 8 19.0 27.0
31 35 39.0 151.0
36 28 63.0 192.0
70 2 194.0 134.0
43 39 139.0 12.0
58 15 88.0 151.0
51 20 93.0 120.0
44 60 82.0 136.0
19 52 115.0 53.0
8 58 123.0 106.0
53 20 14.0 186.0
2 68 127.0 8.0
85 78 156.0 19.0
33 73 109.0 196.0
5 67 115.0 2.0
37 64 14.0 150.0
72 27 78.0 81.0
7 65 89.0 1.0
27 46 81.0 103.0
72 37 107.0 160.0
61 4 140.0 63.0
12 62 121.0 1.0
52 23 54.0 188.0
86 44 5.0 20.0
71 17 6.0 83.0
20 52 81.0 47.0
11 62 190.0 162.0
80 86 52.0 49.0
16 49 3.0 192.0
25 46 4.0 124.0
80 60 149.0 11.0
8 45 49.0 106.0
7 67 175.0 56.0
24 64 156.0 56.0
14 79 21.0 98.0
72 41 147.0 73.0
67 51 89.0 102.0
57 14 66.0 45.0
7 78 47.0 15.0
14 54 173.0 97.0
86 10 42.0 149.0
33 41 167.0 150.0
36 39 125.0 140.0
80 82 160.0 72.0
13 59 100.0 49.0
63 12 197.0 166.0
71 1 39.0 197.0
20 87 22.0 13.0
3 74 159.0 16.0
66 6 103.0 78.0
67 49 115.0 28.0
68 6 73.0 76.0
9 60 84.0 125.0
10 62 124.0 34.0
27 48 134.0 115.0
14 61 76.0 108.0
36 38 18.0 187.0
52 21 11.0 121.0
55 53 126.0 79.0
24 38 85.0 151.0
37 91 5.0 170.0
65 76 47.0 129.0
11 61 64.0 133.0
14 68 119.0 92.0
49 17 163.0 89.0
21 66 134.0 126.0
6 63 171.0 12.0
47 25 193.0 57.0
35 71 110.0 150.0
53 78 74.0 109.0
91 13 0.0 90.0
78 91 108.0 72.0
26 48 111.0 71.0
64 12 141.0 197.0
66 8 67.0 113.0
24 92 117.0 60.0
69 56 36.0 179.0
71 2 117.0 62.0
59 15 25.0 69.0
45 29 51.0 133.0
38 75 179.0 162.0
38 35 60.0 121.0
3 71 199.0 128.0
51 22 161.0 116.0
10 60 144.0 149.0
45 30 173.0 13.0
7 68 153.0 150.0
25 49 79.0 4.0
93 86 96.0 11.0
35 42 57.0 157.0
62 6 130.0 56.0
59 54 80.0 91.0
90 34 110.0 177.0
58 19 70.0 35.0
1 72 154.0 23.0
69 21 11.0 185.0
9 50 33.0 107.0
55 19 102.0 42.0
77 60 31.0 184.0
62 13 149.0 63.0
34 32 22.0 59.0
25 40 64.0 92.0
62 78 51.0 18.0
41 20 97.0 62.0
69 5 33.0 83.0
11 88 39.0 135.0
65 12 152.0 22.0
61 45 167.0 101.0
54 22 117.0 189.0
28 46 37.0 182.0
90 14 148.0 88.0
26 49 109.0 198.0
3 69 10.0 142.0
47 24 135.0 1.0
30 43 49.0 39.0
76 1 92.0 168.0
77 1 12.0 10.0
69 8 45.0 1.0
32 43 53.0 193.0
10 44 16.0 114.0
38 83 135.0 178.0
29 48 139.0 22.0
6 88 66.0 140.0
56 15 112.0 158.0
78 92 113.0 76.0
23 51 161.0 158.0
55 63 64.0 166.0
62 16 175.0 32.0
65 11 125.0 62.0
62 14 147.0 16.0
48 25 108.0 165.0
58 17 138.0 20.0
36 37 12.0 51.0
26 50 197.0 173.0
56 18 111.0 13.0
41 31 11.0 39.0
47 92 104.0 89.0
56 13 188.0 51.0
4 72 134.0 48.0
26 46 39.0 72.0
33 60 147.0 52.0
15 61 149.0 145.0
83 15 192.0 12.0
69 9 117.0 156.0
36 40 43.0 21.0
41 12 68.0 183.0
73 3 36.0 3.0
1 75 122.0 27.0
16 59 187.0 69.0
43 34 30.0 136.0
19 57 33.0 22.0
17 60 57.0 151.0
42 53 78.0 52.0
60 72 141.0 146.0
75 70 119.0 177.0
36 50 128.0 193.0
61 19 197.0 115.0
85 28 154.0 27.0
39 37 9.0 140.0
14 63 108.0 19.0
43 55 164.0 186.0
34 80 126.0 106.0
55 67 11.0 197.0
7 70 29.0 91.0
28 51 35.0 178.0
3 86 19.0 142.0
41 35 92.0 181.0
8 81 188.0 0.0
29 47 130.0 153.0
49 21 153.0 8.0
53 24 87.0 116.0
86 26 3.0 68.0
2 47 80.0 38.0
91 14 164.0 99.0
29 76 187.0 57.0
61 48 56.0 128.0
78 43 67.0 186.0
4 74 90.0 20.0
74 38 150.0 177.0
63 20 12.0 105.0
26 81 152.0 44.0
59 21 138.0 69.0
46 93 161.0 78.0
56 22 83.0 17.0
52 26 83.0 150.0
56 21 55.0 125.0
39 80 57.0 157.0
48 28 0.0 22.0
48 31 82.0 153.0
63 10 91.0 172.0
66 10 139.0 52.0
30 50 199.0 23.0
54 25 79.0 34.0
34 86 10.0 86.0
61 18 67.0 68.0
29 46 64.0 20.0
6 73 71.0 98.0
74 73 199.0 114.0
15 92 34.0 138.0
76 72 115.0 185.0
14 56 39.0 146.0
63 13 147.0 49.0
90 91 87.0 166.0
44 50 20.0 104.0
20 56 58.0 91.0
25 52 51.0 9.0
33 45 62.0 37.0
46 31 156.0 129.0
54 23 126.0 195.0
66 12 42.0 73.0
78 3 26.0 129.0
39 35 90.0 198.0
72 69 13.0 100.0
11 82 121.0 16.0
40 35 127.0 135.0
30 48 174.0 84.0
56 84 153.0 53.0
83 36 143.0 195.0
38 39 97.0 121.0
49 32 98.0 187.0
21 58 158.0 64.0
44 31 63.0 79.0
19 69 18.0 143.0
32 44 123.0 144.0
25 57 87.0 28.0
93 92 194.0 182.0
67 12 115.0 91.0
11 66 134.0 166.0
83 50 171.0 92.0
34 46 100.0 187.0
44 30 119.0 118.0
40 78 167.0 42.0
47 31 136.0 6.0
15 70 52.0 131.0
70 11 17.0 167.0
74 6 179.0 103.0
69 10 178.0 150.0
70 62 159.0 78.0
67 46 128.0 79.0
20 59 176.0 48.0
69 55 191.0 113.0
41 38 38.0 43.0
87 65 79.0 56.0
57 22 12.0 58.0
23 59 177.0 190.0
56 23 22.0 89.0
90 41 133.0 150.0
29 53 186.0 110.0
64 13 0.0 129.0
11 67 45.0 38.0
82 32 136.0 125.0
36 90 65.0 148.0
14 65 51.0 194.0
74 7 128.0 73.0
11 71 93.0 62.0
74 72 131.0 31.0
74 26 70.0 131.0
41 36 125.0 115.0
38 86 174.0 14.0
81 58 128.0 39.0
38 44 60.0 179.0
19 56 120.0 188.0
86 84 106.0 165.0
66 13 121.0 37.0
26 92 98.0 191.0
69 6 57.0 176.0
15 65 179.0 31.0
28 52 5.0 108.0
72 9 125.0 65.0
78 4 176.0 197.0
56 25 183.0 34.0
67 13 172.0 56.0
73 5 32.0 71.0
57 41 158.0 42.0
68 13 189.0 90.0
53 26 104.0 195.0
87 52 33.0 181.0
75 6 179.0 161.0
1 78 5.0 114.0
56 26 161.0 177.0
50 31 181.0 146.0
40 55 84.0 92.0
58 22 61.0 26.0
45 35 121.0 117.0
65 84 108.0 107.0
11 69 74.0 39.0
62 89 82.0 79.0
5 75 102.0 44.0
14 88 9.0 83.0
47 87 95.0 93.0
49 31 41.0 109.0
57 26 134.0 163.0
58 24 10.0 194.0
37 43 154.0 84.0
66 15 21.0 37.0
93 48 86.0 123.0
40 88 105.0 95.0
79 80 196.0 152.0
27 52 9.0 37.0
61 13 69.0 95.0
81 1 65.0 79.0
31 51 20.0 19.0
40 91 108.0 41.0
5 77 168.0 195.0
61 20 10.0 25.0
93 49 148.0 6.0
74 36 31.0 109.0
73 9 75.0 100.0
39 34 23.0 140.0
79 57 78.0 43.0
47 35 113.0 187.0
25 51 77.0 82.0
1 80 112.0 88.0
67 16 77.0 60.0
35 76 191.0 108.0
77 6 74.0 66.0
42 14 91.0 97.0
55 26 141.0 170.0
23 60 82.0 55.0
83 12 123.0 159.0
75 22 34.0 35.0
53 30 136.0 111.0
71 78 45.0 79.0
10 71 177.0 119.0
39 41 77.0 68.0
44 59 93.0 170.0
26 54 46.0 175.0
48 35 15.0 122.0
4 80 132.0 49.0
30 51 125.0 20.0
82 14 120.0 123.0
9 74 157.0 97.0
46 36 175.0 186.0
60 22 159.0 68.0
81 71 152.0 158.0
37 44 168.0 167.0
75 4 98.0 52.0
51 38 68.0 176.0
14 69 26.0 188.0
25 55 104.0 183.0
62 20 62.0 80.0
45 38 11.0 174.0
38 40 178.0 164.0
55 27 57.0 98.0
61 60 84.0 156.0
17 61 51.0 152.0
76 5 124.0 77.0
20 60 84.0 181.0
77 7 10.0 98.0
54 29 9.0 22.0
53 31 176.0 187.0
30 69 73.0 34.0
47 36 162.0 110.0
86 69 9.0 165.0
4 76 36.0 133.0
43 35 139.0 72.0
93 87 145.0 149.0
15 69 8.0 154.0
82 17 35.0 136.0
83 28 119.0 60.0
68 16 90.0 33.0
92 42 92.0 99.0
50 34 150.0 80.0
46 38 83.0 41.0
61 87 175.0 180.0
60 89 79.0 135.0
31 52 112.0 66.0
37 46 11.0 183.0
43 40 138.0 53.0
44 34 62.0 182.0
60 21 93.0 12.0
71 64 148.0 128.0
61 24 13.0 75.0
3 80 175.0 45.0
90 33 181.0 87.0
12 84 96.0 144.0
29 55 108.0 186.0
82 2 145.0 122.0
29 82 104.0 190.0
19 62 39.0 4.0
65 21 174.0 52.0
77 8 77.0 102.0
32 70 55.0 11.0
59 81 154.0 103.0
51 33 160.0 15.0
5 81 99.0 105.0
77 55 67.0 155.0
41 44 146.0 106.0
31 54 81.0 73.0
22 63 121.0 158.0
34 71 80.0 129.0
8 74 134.0 35.0
67 36 189.0 95.0
12 68 115.0 88.0
3 81 167.0 135.0
82 79 41.0 114.0
65 19 9.0 74.0
83 77 78.0 82.0
17 68 135.0 111.0
62 45 22.0 21.0
5 80 191.0 12.0
29 57 173.0 59.0
40 44 50.0 141.0
63 21 188.0 43.0
10 75 108.0 149.0
1 83 8.0 138.0
12 81 191.0 95.0
62 18 47.0 13.0
33 50 62.0 191.0
58 25 78.0 35.0
57 17 31.0 128.0
48 87 129.0 19.0
50 75 143.0 189.0
48 32 147.0 151.0
93 10 29.0 138.0
27 53 108.0 76.0
37 62 63.0 170.0
15 63 65.0 141.0
5 79 69.0 97.0
68 15 35.0 151.0
44 39 93.0 178.0
52 56 102.0 192.0
63 77 51.0 131.0
51 24 66.0 159.0
86 30 0.0 129.0
53 76 125.0 66.0
10 89 37.0 194.0
68 18 76.0 72.0
14 71 162.0 121.0
48 36 117.0 16.0
41 34 29.0 169.0
72 13 142.0 47.0
37 49 1.0 94.0
48 37 91.0 126.0
70 17 115.0 81.0
72 61 112.0 143.0
1 84 41.0 26.0
63 23 174.0 159.0
30 47 105.0 155.0
44 71 122.0 199.0
22 90 131.0 123.0
34 51 186.0 174.0
78 8 196.0 53.0
69 13 117.0 108.0
38 49 144.0 159.0
69 38 176.0 118.0
46 41 110.0 33.0
83 2 111.0 33.0
54 33 85.0 42.0
72 14 88.0 23.0
85 2 33.0 84.0
14 73 38.0 150.0
55 31 112.0 182.0
63 24 81.0 88.0
61 25 57.0 144.0
40 46 185.0 120.0
62 82 99.0 71.0
32 54 2.0 187.0
64 19 100.0 187.0
66 20 150.0 138.0
91 15 83.0 62.0
56 30 3.0 116.0
29 56 178.0 12.0
64 22 179.0 163.0
3 82 176.0 78.0
10 76 60.0 131.0
53 35 113.0 160.0
80 7 112.0 63.0
84 15 97.0 147.0
53 33 50.0 52.0
48 38 65.0 180.0
84 4 146.0 44.0
18 52 19.0 74.0
52 93 38.0 79.0
57 30 188.0 103.0
29 80 13.0 52.0
92 18 70.0 110.0
71 16 91.0 73.0
47 38 182.0 108.0
71 65 184.0 80.0
72 15 177.0 3.0
77 11 140.0 167.0
60 27 164.0 129.0
84 28 33.0 178.0
26 62 100.0 55.0
79 3 189.0 143.0
12 71 83.0 172.0
66 50 40.0 67.0
35 51 24.0 169.0
14 70 180.0 164.0
43 44 101.0 145.0
47 41 64.0 134.0
58 16 70.0 164.0
23 64 4.0 60.0
61 41 19.0 88.0
90 60 100.0 59.0
14 74 84.0 124.0
68 81 30.0 65.0
83 3 169.0 131.0
30 87 0.0 185.0
13 75 182.0 23.0
66 23 118.0 187.0
46 43 159.0 89.0
25 62 113.0 11.0
4 82 152.0 197.0
23 84 70.0 134.0
88 73 13.0 39.0
35 54 147.0 14.0
23 62 85.0 130.0
81 9 195.0 155.0
82 5 30.0 106.0
89 20 132.0 143.0
78 10 37.0 84.0
34 54 36.0 107.0
84 5 23.0 49.0
26 59 151.0 170.0
45 72 28.0 188.0
32 57 169.0 175.0
56 28 143.0 0.0
37 66 61.0 75.0
93 31 0.0 51.0
32 53 116.0 36.0
78 12 35.0 139.0
66 24 57.0 139.0
18 70 36.0 38.0
61 28 20.0 5.0
12 72 103.0 163.0
86 77 145.0 117.0
35 50 78.0 97.0
56 36 39.0 195.0
8 80 176.0 75.0
85 65 111.0 33.0
59 28 21.0 99.0
67 22 36.0 41.0
68 21 171.0 140.0
29 58 145.0 68.0
85 68 55.0 175.0
86 1 174.0 47.0
26 63 157.0 150.0
30 59 133.0 68.0
86 2 196.0 106.0
34 53 142.0 185.0
61 32 52.0 113.0
89 40 111.0 197.0
17 66 151.0 118.0
58 28 8.0 125.0
27 44 127.0 166.0
85 4 123.0 13.0
31 59 82.0 72.0
74 15 28.0 176.0
76 12 68.0 81.0
74 10 74.0 179.0
79 9 155.0 177.0
73 17 54.0 163.0
60 30 46.0 134.0
18 69 126.0 170.0
81 90 94.0 160.0
3 87 33.0 122.0
16 72 103.0 53.0
1 88 141.0 129.0
77 14 48.0 48.0
83 7 91.0 55.0
27 62 113.0 138.0
39 50 162.0 39.0
37 50 105.0 56.0
70 20 16.0 90.0
5 83 120.0 120.0
55 34 112.0 62.0
85 3 117.0 113.0
49 40 72.0 160.0
20 69 101.0 137.0
66 25 164.0 63.0
19 70 168.0 69.0
39 89 137.0 136.0
37 38 181.0 10.0
9 77 166.0 46.0
14 76 113.0 35.0
58 33 140.0 185.0
82 55 108.0 41.0
43 47 132.0 73.0
55 32 131.0 52.0
2 84 60.0 21.0
10 79 55.0 194.0
44 47 93.0 173.0
47 40 30.0 6.0
85 6 1.0 170.0
75 18 69.0 110.0
37 53 148.0 153.0
19 66 187.0 31.0
35 52 143.0 0.0
40 53 42.0 150.0
13 78 137.0 88.0
65 26 86.0 119.0
62 28 104.0 40.0
67 23 23.0 125.0
52 38 18.0 123.0
43 67 182.0 158.0
31 60 147.0 77.0
40 52 90.0 141.0
61 31 185.0 27.0
69 22 114.0 24.0
52 39 143.0 170.0
77 13 155.0 166.0
42 47 163.0 173.0
84 24 156.0 97.0
57 36 193.0 55.0
70 22 9.0 35.0
60 36 102.0 146.0
28 63 51.0 16.0
68 24 104.0 194.0
67 21 160.0 59.0
80 12 152.0 123.0
63 2 110.0 60.0
47 46 54.0 55.0
66 26 91.0 15.0
90 1 18.0 146.0
57 33 175.0 69.0
2 91 135.0 31.0
89 5 36.0 95.0
51 40 48.0 140.0
24 57 92.0 158.0
89 3 85.0 146.0
25 70 162.0 129.0
78 15 16.0 132.0
39 82 42.0 143.0
50 43 3.0 129.0
1 87 198.0 191.0
25 79 92.0 46.0
34 60 56.0 184.0
55 35 180.0 93.0
54 40 128.0 94.0
49 42 191.0 145.0
37 54 103.0 185.0
76 16 137.0 106.0
52 68 192.0 87.0
51 41 15.0 84.0
28 65 166.0 23.0
19 72 51.0 146.0
36 55 93.0 179.0
46 63 0.0 84.0
88 3 84.0 103.0
87 6 180.0 174.0
72 17 38.0 172.0
81 24 190.0 54.0
50 41 131.0 108.0
86 4 190.0 182.0
10 82 18.0 83.0
81 11 59.0 171.0
86 65 77.0 95.0
92 83 94.0 57.0
23 70 30.0 133.0
30 58 115.0 173.0
89 26 67.0 198.0
46 51 39.0 57.0
11 83 187.0 57.0
67 26 199.0 198.0
58 34 91.0 76.0
42 51 198.0 185.0
82 12 154.0 181.0
51 36 178.0 69.0
25 69 27.0 45.0
29 61 197.0 66.0
82 13 5.0 136.0
89 4 111.0 4.0
59 34 96.0 154.0
28 64 83.0 47.0
79 58 172.0 37.0
73 76 73.0 102.0
92 2 30.0 53.0
52 42 147.0 27.0
83 23 156.0 152.0
75 19 31.0 67.0
39 51 108.0 80.0
33 55 28.0 191.0
3 91 193.0 152.0
14 87 118.0 18.0
20 75 58.0 148.0
65 31 42.0 5.0
30 52 45.0 198.0
46 45 159.0 77.0
34 57 10.0 68.0
41 52 143.0 190.0
42 48 80.0 88.0
33 63 7.0 199.0
86 7 73.0 65.0
71 22 22.0 67.0
74 22 102.0 67.0
79 18 180.0 62.0
84 8 41.0 190.0
29 60 134.0 184.0
15 79 177.0 14.0
31 62 109.0 184.0
48 44 92.0 134.0
31 63 109.0 66.0
16 75 55.0 11.0
77 18 35.0 187.0
63 34 1.0 77.0
41 53 185.0 87.0
45 48 169.0 162.0
72 22 36.0 78.0
37 73 124.0 80.0
14 83 185.0 185.0
55 38 61.0 192.0
91 72 82.0 97.0
88 8 19.0 35.0
63 32 73.0 5.0
10 81 146.0 42.0
79 11 70.0 182.0
28 68 154.0 146.0
70 24 192.0 139.0
79 75 55.0 53.0
54 41 173.0 89.0
24 71 112.0 192.0
39 55 174.0 137.0
48 56 191.0 120.0
6 91 145.0 13.0
1 18 30.0 99.0
49 47 28.0 22.0
85 9 137.0 84.0
38 59 102.0 110.0
53 43 48.0 166.0
59 36 25.0 22.0
89 7 144.0 168.0
70 26 171.0 89.0
85 11 40.0 153.0
29 65 4.0 68.0
16 78 181.0 141.0
17 80 32.0 83.0
59 79 61.0 80.0
57 42 94.0 86.0
90 19 4.0 38.0
4 90 32.0 175.0
87 9 103.0 24.0
83 71 11.0 107.0
89 9 179.0 192.0
68 29 60.0 11.0
57 31 136.0 122.0
17 54 48.0 182.0
66 31 106.0 4.0
36 58 25.0 90.0
79 17 69.0 128.0
87 10 156.0 81.0
78 88 142.0 87.0
30 65 83.0 2.0
69 51 88.0 171.0
50 62 108.0 88.0
54 44 130.0 166.0
22 77 190.0 107.0
54 39 34.0 59.0
38 60 161.0 142.0
24 73 123.0 55.0
13 86 69.0 159.0
29 69 27.0 109.0
6 89 66.0 87.0
83 68 19.0 148.0
49 70 90.0 161.0
31 68 18.0 77.0
64 30 135.0 131.0
8 90 80.0 59.0
39 58 35.0 101.0
93 83 40.0 15.0
77 16 154.0 106.0
62 34 75.0 126.0
57 39 106.0 166.0
32 66 126.0 124.0
80 10 119.0 13.0
25 74 192.0 152.0
56 43 47.0 179.0
80 15 128.0 39.0
85 13 109.0 34.0
30 68 168.0 185.0
54 56 12.0 74.0
77 21 16.0 90.0
50 49 2.0 136.0
49 48 123.0 146.0
77 50 61.0 122.0
90 10 73.0 189.0
83 75 164.0 182.0
83 18 88.0 84.0
78 17 120.0 101.0
62 38 21.0 89.0
71 30 176.0 23.0
76 24 110.0 99.0
19 79 70.0 172.0
45 53 194.0 95.0
59 40 74.0 110.0
6 92 20.0 114.0
20 68 120.0 92.0
71 25 6.0 141.0
66 34 175.0 182.0
22 78 35.0 86.0
17 84 141.0 58.0
74 24 61.0 87.0
85 14 181.0 87.0
60 39 2.0 1.0
57 44 128.0 122.0
89 87 89.0 134.0
89 11 168.0 65.0
72 31 61.0 4.0
64 35 36.0 2.0
70 31 199.0 97.0
35 65 135.0 180.0
12 85 59.0 89.0
41 59 109.0 187.0
86 15 111.0 199.0
8 89 197.0 79.0
18 81 32.0 58.0
93 7 65.0 68.0
83 17 43.0 64.0
68 27 96.0 130.0
43 59 59.0 155.0
62 40 115.0 121.0
85 16 14.0 26.0
31 56 7.0 11.0
66 68 191.0 39.0
30 79 86.0 56.0
76 25 184.0 82.0
64 78 197.0 80.0
66 82 72.0 8.0
47 51 154.0 140.0
84 14 89.0 169.0
56 78 70.0 96.0
69 31 187.0 61.0
65 27 124.0 26.0
66 35 105.0 108.0
87 11 161.0 102.0
18 90 163.0 33.0
39 59 145.0 118.0
56 40 20.0 35.0
74 27 173.0 42.0
14 52 118.0 113.0
34 67 9.0 42.0
11 80 23.0 114.0
79 24 173.0 136.0
85 47 23.0 136.0
89 12 91.0 120.0
93 3 65.0 64.0
88 49 114.0 190.0
13 88 182.0 32.0
45 56 145.0 192.0
86 16 173.0 121.0
83 16 162.0 146.0
36 64 179.0 137.0
45 57 135.0 70.0
71 33 156.0 0.0
40 61 155.0 70.0
52 49 144.0 89.0
55 47 162.0 42.0
54 82 23.0 87.0
21 78 104.0 185.0
39 63 110.0 83.0
87 51 96.0 197.0
90 11 137.0 52.0
7 91 90.0 44.0
4 93 161.0 186.0
62 65 11.0 75.0
47 54 68.0 186.0
33 67 169.0 172.0
77 26 128.0 32.0
33 65 56.0 177.0
58 83 71.0 193.0
56 46 136.0 113.0
57 90 90.0 49.0
62 59 175.0 53.0
81 23 187.0 43.0
79 23 111.0 157.0
69 34 87.0 191.0
22 76 149.0 143.0
3 84 158.0 172.0
78 23 1.0 94.0
51 50 169.0 43.0
84 19 107.0 144.0
12 93 1.0 95.0
33 72 130.0 112.0
32 71 115.0 17.0
59 65 174.0 17.0
82 20 128.0 132.0
28 73 116.0 81.0
43 57 191.0 85.0
38 65 61.0 51.0
69 48 77.0 62.0
14 89 199.0 7.0
58 40 7.0 66.0
91 48 138.0 182.0
88 17 52.0 18.0
28 86 16.0 120.0
55 49 198.0 160.0
82 23 12.0 11.0
59 42 115.0 89.0
50 53 135.0 114.0
20 80 112.0 143.0
58 46 193.0 2.0
46 59 37.0 197.0
58 47 48.0 5.0
21 82 164.0 198.0
72 32 141.0 176.0
32 81 187.0 56.0
70 34 193.0 75.0
49 54 23.0 58.0
30 74 190.0 16.0
78 27 9.0 179.0
87 22 108.0 57.0
36 68 135.0 24.0
11 93 52.0 76.0
24 77 140.0 192.0
61 76 14.0 85.0
90 67 36.0 37.0
77 28 93.0 26.0
43 61 4.0 102.0
38 66 197.0 112.0
52 36 185.0 132.0
43 69 164.0 189.0
29 67 5.0 56.0
10 88 189.0 20.0
86 18 145.0 177.0
46 60 137.0 38.0
77 23 57.0 142.0
30 76 123.0 54.0
47 60 137.0 60.0
24 80 98.0 54.0
87 19 136.0 55.0
18 74 42.0 77.0
11 92 4.0 139.0
64 44 125.0 141.0
60 45 178.0 182.0
36 66 137.0 102.0
48 51 131.0 75.0
57 70 52.0 181.0
19 85 196.0 188.0
17 86 101.0 190.0
92 16 35.0 57.0
54 52 34.0 160.0
47 34 76.0 12.0
40 66 114.0 14.0
60 42 49.0 46.0
13 92 113.0 53.0
50 55 81.0 61.0
53 52 83.0 134.0
31 74 192.0 71.0
20 84 177.0 178.0
43 62 161.0 54.0
49 60 94.0 75.0
84 60 31.0 96.0
56 50 117.0 144.0
85 21 154.0 198.0
61 44 142.0 189.0
86 20 68.0 87.0
76 42 122.0 45.0
13 87 122.0 83.0
65 42 180.0 16.0
82 67 37.0 163.0
29 77 5.0 154.0
30 77 27.0 111.0
83 24 115.0 122.0
80 47 109.0 183.0
18 88 139.0 31.0
26 76 103.0 61.0
70 37 160.0 36.0
93 15 156.0 149.0
42 63 77.0 113.0
77 31 95.0 57.0
29 72 141.0 162.0
67 39 22.0 50.0
86 11 61.0 161.0
13 89 124.0 117.0
90 76 98.0 36.0
88 19 164.0 54.0
58 48 99.0 193.0
82 25 19.0 146.0
18 89 25.0 113.0
79 29 34.0 48.0
40 67 144.0 96.0
13 90 44.0 20.0
81 25 70.0 142.0
51 57 189.0 186.0
78 77 10.0 40.0
48 60 116.0 181.0
68 39 155.0 93.0
75 31 7.0 189.0
90 24 95.0 103.0
61 75 16.0 139.0
51 56 32.0 39.0
85 20 48.0 173.0
80 22 92.0 10.0
22 86 53.0 8.0
53 54 96.0 8.0
65 44 106.0 103.0
34 75 133.0 153.0
41 67 167.0 102.0
37 88 10.0 151.0
48 68 76.0 10.0
76 31 96.0 168.0
83 25 49.0 149.0
53 51 80.0 145.0
32 76 94.0 138.0
89 21 41.0 179.0
44 66 164.0 161.0
74 76 141.0 126.0
51 54 182.0 17.0
16 93 72.0 79.0
27 71 46.0 121.0
28 82 149.0 79.0
84 25 130.0 43.0
62 29 148.0 124.0
88 22 78.0 113.0
18 84 90.0 171.0
20 88 188.0 25.0
25 85 38.0 60.0
27 84 78.0 85.0
85 24 76.0 27.0
73 35 194.0 7.0
43 65 53.0 95.0
44 80 69.0 83.0
39 66 79.0 112.0
53 93 169.0 68.0
59 63 133.0 159.0
78 32 119.0 12.0
70 40 46.0 196.0
29 78 163.0 192.0
61 47 158.0 168.0
85 82 199.0 179.0
91 19 150.0 78.0
66 43 77.0 71.0
50 61 89.0 11.0
47 59 139.0 9.0
91 29 84.0 137.0
25 86 150.0 199.0
64 42 121.0 60.0
43 64 125.0 120.0
75 30 63.0 27.0
53 63 172.0 93.0
23 87 108.0 13.0
81 29 149.0 199.0
61 52 195.0 34.0
45 63 44.0 97.0
75 86 172.0 117.0
15 87 32.0 49.0
40 68 85.0 47.0
39 71 8.0 57.0
73 29 27.0 68.0
84 29 80.0 129.0
80 27 32.0 76.0
42 84 53.0 28.0
75 35 32.0 177.0
41 66 123.0 64.0
18 87 31.0 160.0
91 20 48.0 192.0
46 65 141.0 28.0
27 83 141.0 21.0
83 79 76.0 173.0
26 83 58.0 130.0
27 85 187.0 90.0
85 67 190.0 63.0
89 85 69.0 174.0
73 32 137.0 70.0
47 62 11.0 78.0
93 21 135.0 152.0
69 42 76.0 11.0
42 70 84.0 86.0
53 56 39.0 23.0
79 56 51.0 182.0
79 33 7.0 121.0
87 24 4.0 96.0
28 80 56.0 15.0
67 84 78.0 143.0
35 74 78.0 154.0
88 87 153.0 162.0
38 70 2.0 144.0
36 70 190.0 54.0
83 82 108.0 149.0
33 68 167.0 113.0
75 33 196.0 175.0
37 63 142.0 75.0
47 64 24.0 172.0
20 83 94.0 129.0
34 79 0.0 49.0
53 59 35.0 190.0
81 33 156.0 143.0
61 74 59.0 75.0
27 81 185.0 7.0
44 70 144.0 80.0
47 66 142.0 169.0
71 42 163.0 188.0
48 64 125.0 163.0
73 40 130.0 160.0
57 91 36.0 38.0
70 83 153.0 95.0
27 86 187.0 138.0
74 40 105.0 132.0
30 73 114.0 199.0
33 77 76.0 77.0
26 84 77.0 1.0
70 43 45.0 8.0
54 58 80.0 81.0
13 93 83.0 33.0
23 90 119.0 23.0
63 25 21.0 176.0
42 68 111.0 87.0
81 34 148.0 139.0
84 31 5.0 25.0
68 46 22.0 2.0
86 23 152.0 54.0
52 62 194.0 187.0
29 86 162.0 65.0
66 49 77.0 184.0
39 73 140.0 141.0
76 37 48.0 40.0
48 66 178.0 54.0
63 51 91.0 152.0
59 58 55.0 43.0
29 85 163.0 1.0
54 62 159.0 125.0
83 32 86.0 36.0
59 51 73.0 27.0
60 50 135.0 121.0
58 57 41.0 65.0
17 93 180.0 132.0
85 44 176.0 187.0
22 85 152.0 139.0
80 35 125.0 111.0
40 69 11.0 163.0
30 83 39.0 36.0
71 29 47.0 126.0
36 79 125.0 88.0
58 82 139.0 57.0
89 25 12.0 115.0
54 61 49.0 164.0
49 68 148.0 174.0
33 78 109.0 111.0
48 86 42.0 101.0
23 89 198.0 42.0
74 50 181.0 123.0
35 78 108.0 72.0
69 47 114.0 120.0
21 92 64.0 163.0
47 67 145.0 164.0
91 25 12.0 6.0
65 50 136.0 7.0
23 93 58.0 134.0
39 76 139.0 192.0
52 63 118.0 47.0
69 71 45.0 184.0
69 44 70.0 109.0
83 34 121.0 167.0
36 80 181.0 86.0
41 75 120.0 70.0
38 81 177.0 178.0
88 25 107.0 116.0
87 31 191.0 177.0
41 77 41.0 36.0
45 64 2.0 63.0
37 81 178.0 76.0
82 34 36.0 159.0
24 86 101.0 156.0
65 51 104.0 30.0
86 37 148.0 163.0
29 38 99.0 139.0
46 73 67.0 92.0
86 33 150.0 22.0
23 88 188.0 128.0
41 74 171.0 177.0
74 42 159.0 24.0
62 46 134.0 63.0
33 85 16.0 82.0
53 64 126.0 67.0
41 73 176.0 145.0
85 74 51.0 126.0
77 37 181.0 192.0
73 44 18.0 104.0
16 65 179.0 129.0
85 32 136.0 65.0
61 56 194.0 105.0
77 48 23.0 72.0
82 37 150.0 199.0
79 40 59.0 2.0
48 70 33.0 192.0
93 24 169.0 3.0
66 51 160.0 100.0
44 76 152.0 49.0
48 71 138.0 147.0
66 80 114.0 162.0
89 36 183.0 17.0
90 27 178.0 42.0
75 43 80.0 11.0
66 53 13.0 1.0
27 92 129.0 125.0
89 29 36.0 82.0
77 35 63.0 127.0
80 71 94.0 129.0
68 35 97.0 77.0
91 26 82.0 76.0
58 69 197.0 162.0
74 44 106.0 162.0
66 54 189.0 188.0
50 70 198.0 178.0
78 41 155.0 61.0
38 82 100.0 1.0
83 39 7.0 198.0
75 47 63.0 89.0
87 33 72.0 60.0
44 46 138.0 178.0
47 72 27.0 127.0
79 42 143.0 178.0
89 32 108.0 99.0
71 74 24.0 161.0
32 88 136.0 183.0
90 31 2.0 199.0
71 47 148.0 26.0
58 55 199.0 38.0
56 60 16.0 26.0
72 49 138.0 159.0
92 29 82.0 198.0
46 70 146.0 106.0
83 33 111.0 82.0
87 27 46.0 66.0
64 56 183.0 147.0
57 65 125.0 182.0
16 88 79.0 93.0
69 52 65.0 17.0
46 75 78.0 147.0
44 75 101.0 24.0
62 57 17.0 165.0
85 34 90.0 64.0
32 91 125.0 73.0
56 66 4.0 2.0
76 47 36.0 83.0
63 57 114.0 101.0
30 89 98.0 144.0
72 51 158.0 152.0
39 77 119.0 176.0
82 35 127.0 9.0
62 61 55.0 52.0
42 78 9.0 11.0
72 43 105.0 45.0
48 72 70.0 171.0
59 66 59.0 168.0
54 57 111.0 169.0
87 28 193.0 31.0
57 64 196.0 121.0
87 37 116.0 4.0
28 93 137.0 125.0
84 40 160.0 194.0
93 30 122.0 30.0
70 53 118.0 133.0
90 86 69.0 182.0
85 36 89.0 14.0
90 32 32.0 86.0
60 66 49.0 101.0
74 51 167.0 138.0
63 60 171.0 128.0
84 37 85.0 93.0
57 66 37.0 155.0
81 40 129.0 58.0
66 58 12.0 170.0
44 82 125.0 196.0
37 83 52.0 174.0
43 83 25.0 171.0
31 88 96.0 149.0
92 35 175.0 133.0
65 49 54.0 164.0
36 87 33.0 135.0
86 39 55.0 197.0
73 53 60.0 180.0
70 54 119.0 64.0
36 88 64.0 96.0
48 78 1.0 112.0
82 45 13.0 177.0
74 49 65.0 19.0
75 42 59.0 50.0
64 54 173.0 66.0
93 33 36.0 186.0
64 58 170.0 107.0
92 20 126.0 186.0
66 62 41.0 79.0
41 84 184.0 6.0
89 69 114.0 49.0
70 55 142.0 125.0
58 71 92.0 68.0
63 61 93.0 128.0
83 40 95.0 15.0
45 84 192.0 173.0
54 74 102.0 185.0
88 38 59.0 86.0
76 50 51.0 125.0
86 35 39.0 145.0
60 51 134.0 83.0
38 90 28.0 179.0
88 39 142.0 123.0
89 38 105.0 86.0
78 47 161.0 7.0
82 46 134.0 172.0
83 44 176.0 185.0
71 55 44.0 15.0
55 73 20.0 178.0
79 51 166.0 0.0
81 42 108.0 61.0
76 52 23.0 14.0
42 85 33.0 137.0
76 77 8.0 168.0
40 87 58.0 184.0
89 42 189.0 103.0
93 34 18.0 161.0
52 78 151.0 184.0
91 33 159.0 11.0
42 73 164.0 134.0
53 75 74.0 149.0
68 80 44.0 82.0
85 38 115.0 102.0
84 38 173.0 104.0
92 36 86.0 191.0
54 71 14.0 189.0
32 93 118.0 125.0
81 56 81.0 34.0
46 84 120.0 107.0
77 52 180.0 164.0
85 45 130.0 96.0
56 71 167.0 55.0
16 87 148.0 5.0
58 62 52.0 163.0
41 83 125.0 171.0
39 91 40.0 158.0
67 57 147.0 160.0
65 61 69.0 79.0
93 38 72.0 151.0
42 72 50.0 192.0
86 43 133.0 150.0
48 83 91.0 185.0
75 54 110.0 16.0
75 58 111.0 150.0
85 41 101.0 58.0
43 82 84.0 170.0
62 69 97.0 156.0
70 87 39.0 147.0
58 73 194.0 172.0
35 90 21.0 85.0
61 70 188.0 132.0
69 54 122.0 99.0
60 71 133.0 175.0
68 64 17.0 17.0
63 62 4.0 115.0
64 62 76.0 43.0
53 77 28.0 70.0
42 80 199.0 1.0
60 70 91.0 139.0
65 63 161.0 165.0
90 42 52.0 47.0
69 59 113.0 70.0
63 67 121.0 70.0
75 57 16.0 149.0
65 90 110.0 196.0
74 57 192.0 61.0
78 54 99.0 35.0
64 55 43.0 12.0
57 73 35.0 95.0
81 46 18.0 101.0
91 42 6.0 91.0
84 49 117.0 22.0
91 41 44.0 179.0
73 77 50.0 188.0
47 84 183.0 101.0
81 52 22.0 26.0
81 53 1.0 10.0
51 76 45.0 172.0
56 72 70.0 3.0
76 49 173.0 140.0
45 87 67.0 170.0
77 54 152.0 69.0
42 86 111.0 87.0
81 51 114.0 86.0
75 59 178.0 68.0
65 64 193.0 175.0
73 64 16.0 15.0
63 70 104.0 141.0
59 74 139.0 171.0
73 63 108.0 43.0
68 63 152.0 172.0
75 60 183.0 67.0
55 78 65.0 113.0
93 44 86.0 10.0
62 73 24.0 54.0
43 90 160.0 80.0
49 80 81.0 51.0
63 56 159.0 190.0
45 76 174.0 112.0
66 67 78.0 157.0
58 72 97.0 143.0
84 43 180.0 135.0
60 69 63.0 156.0
44 88 197.0 175.0
54 80 36.0 31.0
44 84 50.0 196.0
48 88 59.0 24.0
89 50 9.0 89.0
71 57 69.0 106.0
44 92 19.0 1.0
72 66 121.0 83.0
76 56 187.0 71.0
51 84 62.0 23.0
60 83 114.0 64.0
80 62 70.0 125.0
89 45 84.0 79.0
46 89 135.0 153.0
83 56 114.0 106.0
56 77 10.0 36.0
60 74 141.0 149.0
82 50 188.0 155.0
37 92 127.0 102.0
43 92 139.0 150.0
89 48 39.0 175.0
87 49 50.0 126.0
66 71 50.0 116.0
86 52 78.0 12.0
56 80 124.0 171.0
76 91 133.0 112.0
59 71 62.0 13.0
92 40 34.0 153.0
60 78 167.0 25.0
82 51 148.0 169.0
87 50 62.0 150.0
84 52 154.0 140.0
47 88 112.0 78.0
59 78 38.0 46.0
53 84 151.0 52.0
88 77 22.0 137.0
58 76 152.0 142.0
79 62 106.0 100.0
68 69 140.0 168.0
88 52 39.0 46.0
85 57 64.0 152.0
52 79 177.0 55.0
85 53 87.0 80.0
76 66 8.0 61.0
77 57 103.0 161.0
66 70 16.0 9.0
80 59 132.0 108.0
71 53 66.0 172.0
73 61 50.0 130.0
51 88 35.0 27.0
68 75 14.0 74.0
74 69 17.0 175.0
76 55 62.0 120.0
71 70 21.0 30.0
67 65 106.0 154.0
87 53 124.0 124.0
51 83 76.0 175.0
62 75 141.0 63.0
67 72 147.0 108.0
85 40 171.0 164.0
73 60 24.0 185.0
85 59 187.0 46.0
90 51 0.0 93.0
65 75 80.0 125.0
65 77 169.0 108.0
50 88 124.0 63.0
32 87 188.0 23.0
50 78 177.0 112.0
68 70 152.0 153.0
53 89 20.0 139.0
89 56 133.0 173.0
68 76 27.0 165.0
28 90 60.0 149.0
88 55 8.0 137.0
92 52 141.0 149.0
63 75 181.0 118.0
67 79 176.0 133.0
67 75 78.0 148.0
74 65 11.0 164.0
76 63 73.0 39.0
54 88 151.0 86.0
75 64 39.0 112.0
65 68 188.0 180.0
62 84 136.0 169.0
54 84 48.0 112.0
88 79 88.0 127.0
42 82 106.0 100.0
56 85 127.0 131.0
80 65 87.0 31.0
76 54 80.0 78.0
71 63 182.0 68.0
61 59 133.0 118.0
72 50 76.0 134.0
82 60 130.0 164.0
58 90 28.0 188.0
87 57 90.0 108.0
54 86 186.0 177.0
92 54 94.0 66.0
64 82 29.0 76.0
72 70 72.0 115.0
68 79 125.0 100.0
88 59 118.0 8.0
70 74 188.0 146.0
79 64 14.0 31.0
86 60 131.0 152.0
58 86 185.0 25.0
56 93 83.0 15.0
58 85 81.0 155.0
81 66 145.0 159.0
52 44 105.0 15.0
65 81 88.0 45.0
77 70 65.0 102.0
53 91 5.0 149.0
78 72 32.0 190.0
57 84 132.0 115.0
85 79 74.0 165.0
58 84 54.0 19.0
78 65 159.0 111.0
84 61 68.0 199.0
75 73 174.0 133.0
87 60 35.0 179.0
55 91 141.0 67.0
69 84 175.0 25.0
81 62 140.0 49.0
78 36 158.0 194.0
88 60 107.0 69.0
82 61 104.0 175.0
91 46 132.0 79.0
81 60 56.0 119.0
76 71 68.0 197.0
91 61 30.0 43.0
66 85 80.0 170.0
80 69 25.0 38.0
62 83 94.0 132.0
63 78 154.0 150.0
92 70 16.0 86.0
84 66 28.0 73.0
84 68 17.0 48.0
60 92 162.0 0.0
56 91 153.0 42.0
77 75 118.0 178.0
65 83 125.0 12.0
54 81 44.0 79.0
59 91 40.0 12.0
78 76 172.0 69.0
72 81 57.0 189.0
58 87 49.0 19.0
66 73 55.0 154.0
59 92 90.0 174.0
76 81 119.0 167.0
66 87 150.0 115.0
82 71 191.0 142.0
64 87 73.0 163.0
63 66 146.0 82.0
54 90 110.0 195.0
72 75 111.0 165.0
93 62 182.0 153.0
67 87 35.0 53.0
75 80 34.0 185.0
64 92 61.0 177.0
92 58 76.0 86.0
64 85 42.0 22.0
81 74 87.0 104.0
55 93 57.0 198.0
75 81 95.0 40.0
62 88 95.0 131.0
73 59 62.0 81.0
85 71 192.0 123.0
74 79 146.0 68.0
87 71 150.0 141.0
70 84 83.0 189.0
66 90 85.0 141.0
79 76 20.0 132.0
69 87 192.0 67.0
90 72 32.0 6.0
78 80 156.0 176.0
56 87 171.0 54.0
60 91 52.0 121.0
68 87 164.0 88.0
70 67 45.0 49.0
93 64 44.0 65.0
81 73 33.0 189.0
82 57 190.0 18.0
69 78 167.0 98.0
62 92 31.0 139.0
66 89 93.0 36.0
68 89 125.0 58.0
78 87 171.0 122.0
89 71 143.0 167.0
91 67 9.0 176.0
68 91 29.0 199.0
93 69 132.0 196.0
77 91 103.0 116.0
83 72 175.0 149.0
73 70 85.0 52.0
55 80 12.0 8.0
87 75 91.0 107.0
88 67 36.0 100.0
50 93 123.0 65.0
84 74 56.0 7.0
82 73 1.0 160.0
91 65 55.0 176.0
77 81 38.0 92.0
85 81 69.0 50.0
84 78 8.0 160.0
86 81 79.0 44.0
45 91 165.0 2.0
82 75 175.0 173.0
79 87 64.0 176.0
63 88 14.0 72.0
45 93 135.0 53.0
89 67 93.0 4.0
82 74 62.0 53.0
81 82 191.0 141.0
87 81 184.0 108.0
61 88 93.0 112.0
77 92 114.0 158.0
68 86 125.0 128.0
88 70 11.0 60.0
65 93 154.0 56.0
73 49 60.0 168.0
91 74 68.0 4.0
88 83 116.0 5.0
84 73 114.0 10.0
73 83 150.0 28.0
84 79 48.0 28.0
92 57 79.0 12.0
75 85 189.0 185.0
74 89 136.0 2.0
82 86 26.0 157.0
73 91 65.0 142.0
80 85 188.0 179.0
86 78 78.0 91.0
84 30 157.0 127.0
78 79 16.0 36.0
91 63 89.0 158.0
90 68 44.0 26.0
93 79 36.0 70.0
83 90 128.0 53.0
84 87 46.0 68.0
70 90 11.0 124.0
82 84 38.0 168.0
83 69 54.0 54.0
22 50 57.0 143.0
72 93 42.0 53.0
74 93 105.0 31.0
80 81 110.0 185.0
88 76 68.0 156.0
88 66 196.0 79.0
77 93 131.0 34.0
81 92 87.0 137.0
85 88 81.0 144.0
73 78 162.0 76.0
72 88 115.0 20.0
93 89 20.0 25.0
12 46 129.0 89.0
91 93 3.0 125.0
89 86 77.0 134.0
81 89 60.0 165.0
93 78 10.0 142.0
93 75 37.0 124.0
91 86 76.0 152.0
78 90 65.0 49.0
1 2 31.0 194.0
75 92 27.0 34.0
77 79 134.0 56.0
91 87 0.0 194.0
1 6 46.0 10.0
88 89 191.0 84.0
92 66 85.0 20.0
80 91 182.0 151.0
88 86 65.0 165.0
84 93 199.0 44.0
90 87 17.0 133.0
80 88 61.0 18.0
61 79 131.0 60.0
82 89 51.0 74.0
69 91 3.0 88.0
89 77 170.0 137.0
72 79 106.0 188.0
80 32 80.0 105.0
68 93 112.0 97.0
58 93 143.0 173.0
90 92 67.0 26.0
69 81 14.0 118.0
79 89 159.0 169.0
92 85 87.0 81.0
64 91 72.0 145.0
91 82 139.0 152.0
86 74 65.0 51.0
56 42 69.0 160.0
59 87 140.0 137.0
84 90 83.0 106.0
89 80 117.0 194.0
46 87 151.0 156.0
49 24 55.0 23.0
66 78 147.0 147.0
81 93 151.0 12.0
93 88 138.0 21.0
47 90 199.0 30.0
22 15 132.0 35.0
87 63 0.0 1.0
87 74 11.0 103.0
80 43 12.0 18.0
79 39 137.0 111.0
19 89 43.0 88.0
70 85 111.0 181.0
84 81 185.0 111.0
88 82 14.0 69.0
81 70 41.0 167.0
59 70 39.0 4.0
91 83 4.0 51.0
90 89 104.0 141.0
90 82 190.0 99.0
70 39 111.0 102.0
79 63 96.0 48.0
61 78 94.0 62.0
45 92 118.0 87.0
87 82 1.0 157.0
92 67 6.0 158.0
85 62 66.0 62.0
85 50 125.0 9.0
76 84 39.0 36.0
69 88 43.0 87.0
90 85 44.0 137.0
87 85 135.0 114.0
82 69 86.0 88.0
0
