90 4005 74 17 257649
53 87 51.0 151.0
63 28 149.0 21.0
66 33 180.0 163.0
24 25 141.0 9.0
43 66 165.0 94.0
40 9 53.0 9.0
37 55 151.0 90.0
26 67 47.0 139.0
63 51 126.0 50.0
40 24 94.0 75.0
57 59 121.0 75.0
46 57 97.0 14.0
32 80 43.0 14.0
88 47 85.0 96.0
11 67 167.0 188.0
43 78 157.0 167.0
38 68 7.0 83.0
2 52 99.0 53.0
20 41 186.0 20.0
7 45 68.0 36.0
86 41 24.0 111.0
49 90 20.0 109.0
66 60 147.0 188.0
47 56 146.0 56.0
33 21 165.0 105.0
72 49 152.0 64.0
52 37 107.0 139.0
44 66 118.0 127.0
68 1 108.0 143.0
90 85 94.0 128.0
55 27 182.0 194.0
44 1 148.0 80.0
73 66 193.0 113.0
77 11 87.0 98.0
47 20 141.0 146.0
47 25 93.0 60.0
25 46 166.0 153.0
2 73 165.0 60.0
61 57 174.0 100.0
20 61 151.0 122.0
37 48 14.0 97.0
58 86 36.0 101.0
15 40 100.0 177.0
64 80 90.0 145.0
35 20 56.0 56.0
54 49 83.0 173.0
68 44 36.0 9.0
67 14 172.0 187.0
24 67 92.0 138.0
62 70 167.0 128.0
19 9 64.0 19.0
88 68 192.0 106.0
87 55 101.0 0.0
13 46 161.0 136.0
5 13 5.0 197.0
62 88 156.0 129.0
64 88 157.0 49.0
29 18 48.0 76.0
26 57 35.0 64.0
34 71 181.0 179.0
35 10 19.0 34.0
55 51 55.0 180.0
9 51 2.0 12.0
48 44 192.0 158.0
41 40 170.0 101.0
20 81 124.0 171.0
9 68 143.0 159.0
49 9 194.0 124.0
70 11 126.0 165.0
61 67 101.0 181.0
79 55 47.0 55.0
8 66 0.0 191.0
16 64 14.0 122.0
54 56 153.0 90.0
34 33 143.0 96.0
3 73 114.0 89.0
83 66 114.0 40.0
4 42 181.0 167.0
58 33 7.0 28.0
3 11 65.0 159.0
45 2 39.0 31.0
20 74 64.0 192.0
16 19 120.0 7.0
1 17 142.0 34.0
44 45 56.0 57.0
48 15 167.0 37.0
10 26 139.0 174.0
8 56 101.0 156.0
19 50 197.0 93.0
12 4 40.0 61.0
85 71 34.0 112.0
88 57 20.0 129.0
63 9 171.0 77.0
75 87 65.0 138.0
75 15 121.0 4.0
70 3 68.0 174.0
52 78 16.0 65.0
16 88 79.0 8.0
68 61 16.0 65.0
27 57 190.0 189.0
65 79 151.0 161.0
75 81 120.0 16.0
5 44 114.0 193.0
46 31 89.0 182.0
18 70 44.0 57.0
67 86 26.0 123.0
56 22 3.0 194.0
8 5 124.0 193.0
64 35 190.0 27.0
77 44 171.0 110.0
87 5 54.0 37.0
5 6 163.0 95.0
41 3 97.0 8.0
50 64 154.0 75.0
47 32 16.0 157.0
18 23 110.0 92.0
12 2 15.0 100.0
3 32 131.0 138.0
88 76 91.0 137.0
47 43 116.0 6.0
7 67 105.0 165.0
41 13 178.0 59.0
45 89 171.0 194.0
73 17 30.0 33.0
66 15 120.0 45.0
8 16 164.0 3.0
1 61 8.0 7.0
13 56 60.0 125.0
2 11 134.0 165.0
46 15 1.0 112.0
65 38 166.0 124.0
12 5 151.0 148.0
64 67 140.0 23.0
82 27 192.0 56.0
87 86 90.0 152.0
52 20 113.0 150.0
53 76 59.0 199.0
52 72 187.0 12.0
71 19 116.0 105.0
16 4 41.0 67.0
70 23 81.0 181.0
49 21 186.0 25.0
16 68 186.0 28.0
50 31 183.0 51.0
16 11 88.0 42.0
83 67 132.0 27.0
85 63 91.0 48.0
14 1 137.0 132.0
30 87 129.0 18.0
17 46 61.0 115.0
75 36 83.0 0.0
66 82 22.0 66.0
3 1 16.0 110.0
67 10 112.0 148.0
72 40 7.0 4.0
9 7 78.0 144.0
55 85 10.0 159.0
40 86 185.0 24.0
83 35 148.0 69.0
26 78 129.0 170.0
79 44 166.0 145.0
53 17 144.0 79.0
56 86 163.0 103.0
54 60 78.0 193.0
54 14 174.0 88.0
61 25 102.0 111.0
59 21 116.0 2.0
61 84 168.0 197.0
89 34 80.0 86.0
12 28 136.0 176.0
23 90 28.0 51.0
21 28 95.0 106.0
3 17 34.0 69.0
42 2 51.0 88.0
74 22 133.0 167.0
67 16 174.0 53.0
11 43 1.0 54.0
70 34 114.0 89.0
33 13 93.0 142.0
2 59 143.0 140.0
37 51 157.0 177.0
4 11 8.0 9.0
88 29 173.0 94.0
6 70 57.0 99.0
22 76 153.0 10.0
19 62 103.0 19.0
75 72 137.0 148.0
2 79 59.0 81.0
1 31 193.0 17.0
7 89 185.0 154.0
79 41 56.0 110.0
20 80 43.0 113.0
66 37 155.0 148.0
8 88 23.0 58.0
31 87 193.0 161.0
76 33 145.0 52.0
63 32 81.0 91.0
82 76 162.0 18.0
78 2 48.0 18.0
43 64 109.0 91.0
10 42 87.0 65.0
1 84 190.0 110.0
81 52 177.0 135.0
7 8 70.0 122.0
24 64 65.0 103.0
11 22 7.0 27.0
75 88 197.0 56.0
61 80 40.0 58.0
21 1 153.0 127.0
40 20 81.0 96.0
72 62 78.0 58.0
54 83 37.0 148.0
19 32 108.0 54.0
15 1 31.0 68.0
61 7 110.0 180.0
48 10 170.0 102.0
55 60 113.0 124.0
42 21 32.0 146.0
44 27 127.0 110.0
20 32 139.0 164.0
25 11 91.0 47.0
74 68 185.0 123.0
74 4 23.0 95.0
13 61 57.0 193.0
82 68 102.0 122.0
88 42 93.0 134.0
68 28 18.0 20.0
21 57 174.0 157.0
67 38 109.0 66.0
15 10 120.0 94.0
65 52 187.0 143.0
22 39 23.0 196.0
17 11 95.0 77.0
52 63 21.0 188.0
52 79 121.0 191.0
45 12 2.0 47.0
49 34 34.0 63.0
5 48 99.0 106.0
62 42 94.0 38.0
81 35 96.0 69.0
7 28 100.0 143.0
52 13 24.0 73.0
53 65 189.0 145.0
76 85 175.0 191.0
81 36 64.0 162.0
45 19 167.0 115.0
61 44 160.0 62.0
40 4 148.0 8.0
31 52 93.0 48.0
26 54 128.0 117.0
28 25 55.0 69.0
20 13 169.0 182.0
10 5 184.0 185.0
24 44 83.0 103.0
49 68 98.0 195.0
72 24 183.0 198.0
75 49 190.0 77.0
12 35 160.0 70.0
10 9 120.0 15.0
72 51 171.0 41.0
55 67 59.0 107.0
20 53 190.0 94.0
31 90 33.0 88.0
23 49 199.0 16.0
7 54 107.0 189.0
51 82 49.0 67.0
51 46 53.0 121.0
6 33 31.0 176.0
61 6 20.0 91.0
59 56 30.0 10.0
56 11 119.0 63.0
21 60 76.0 118.0
76 40 165.0 183.0
31 23 172.0 166.0
30 38 174.0 26.0
70 35 189.0 158.0
41 80 140.0 161.0
45 64 61.0 170.0
36 44 165.0 133.0
65 72 189.0 193.0
74 49 133.0 106.0
72 63 120.0 106.0
62 55 112.0 47.0
89 26 180.0 54.0
67 48 192.0 120.0
74 43 168.0 54.0
48 18 92.0 86.0
51 42 53.0 33.0
1 81 91.0 139.0
10 6 76.0 163.0
82 13 119.0 188.0
38 45 125.0 52.0
3 13 5.0 118.0
18 55 194.0 125.0
72 54 53.0 38.0
6 83 155.0 107.0
35 37 128.0 198.0
64 82 76.0 156.0
57 38 43.0 195.0
82 10 5.0 169.0
75 80 91.0 10.0
44 49 26.0 37.0
12 77 198.0 79.0
31 59 64.0 153.0
57 74 131.0 144.0
28 72 93.0 7.0
71 66 193.0 136.0
75 28 78.0 199.0
17 62 11.0 169.0
20 88 101.0 37.0
36 78 135.0 99.0
8 46 144.0 199.0
29 76 125.0 27.0
15 2 98.0 18.0
1 8 144.0 92.0
87 2 165.0 175.0
63 27 54.0 176.0
76 5 90.0 107.0
44 9 42.0 25.0
54 87 24.0 138.0
73 57 20.0 101.0
82 73 191.0 119.0
80 22 47.0 87.0
75 33 58.0 12.0
60 10 14.0 112.0
66 90 190.0 105.0
9 23 93.0 32.0
2 10 131.0 69.0
88 2 138.0 151.0
74 53 174.0 81.0
36 59 39.0 21.0
2 75 190.0 50.0
46 43 130.0 156.0
5 42 64.0 72.0
27 45 155.0 157.0
38 80 164.0 38.0
81 62 145.0 54.0
25 68 149.0 119.0
37 21 39.0 141.0
5 32 101.0 181.0
74 88 39.0 31.0
2 46 47.0 103.0
1 64 139.0 2.0
53 43 94.0 56.0
14 33 49.0 39.0
11 79 6.0 151.0
3 12 25.0 45.0
4 29 188.0 126.0
26 71 66.0 28.0
10 7 77.0 113.0
79 88 40.0 17.0
40 74 145.0 86.0
16 36 37.0 194.0
24 36 134.0 43.0
60 41 72.0 111.0
69 8 86.0 13.0
40 14 65.0 152.0
29 9 77.0 94.0
58 54 97.0 69.0
37 27 24.0 194.0
62 51 117.0 61.0
49 88 27.0 3.0
90 25 20.0 52.0
84 16 155.0 106.0
81 79 38.0 172.0
49 37 66.0 115.0
1 56 18.0 115.0
44 60 126.0 42.0
72 67 39.0 43.0
26 79 114.0 19.0
14 6 168.0 134.0
29 51 98.0 75.0
2 38 31.0 136.0
74 35 43.0 97.0
5 9 34.0 14.0
34 9 27.0 160.0
75 57 129.0 66.0
7 16 171.0 196.0
6 11 196.0 91.0
64 17 126.0 46.0
54 36 126.0 157.0
70 66 32.0 122.0
40 69 45.0 66.0
77 29 161.0 24.0
47 33 193.0 42.0
11 29 188.0 164.0
42 36 44.0 137.0
52 4 186.0 122.0
39 40 9.0 64.0
67 47 58.0 41.0
77 58 123.0 55.0
49 40 124.0 36.0
72 29 1.0 117.0
20 54 142.0 190.0
89 88 61.0 186.0
53 39 181.0 47.0
40 53 26.0 190.0
61 43 29.0 84.0
62 22 129.0 152.0
61 69 91.0 6.0
59 44 39.0 93.0
8 26 197.0 181.0
75 60 176.0 11.0
60 19 119.0 157.0
33 19 125.0 97.0
23 34 23.0 154.0
55 9 194.0 105.0
77 52 16.0 85.0
7 13 143.0 56.0
13 2 31.0 93.0
78 25 136.0 8.0
5 68 189.0 7.0
10 3 149.0 66.0
38 81 61.0 125.0
51 1 76.0 55.0
5 11 79.0 92.0
76 51 93.0 175.0
69 89 47.0 124.0
75 5 38.0 135.0
73 44 19.0 27.0
48 4 85.0 121.0
46 87 95.0 146.0
10 11 121.0 123.0
38 9 22.0 152.0
59 8 158.0 115.0
58 83 71.0 5.0
87 42 30.0 62.0
85 32 131.0 50.0
88 84 104.0 168.0
80 86 149.0 152.0
16 6 68.0 70.0
36 63 64.0 42.0
33 71 49.0 22.0
63 71 130.0 73.0
22 48 157.0 161.0
79 74 167.0 40.0
67 70 7.0 72.0
65 67 145.0 156.0
42 77 199.0 165.0
11 88 54.0 63.0
68 8 19.0 56.0
40 60 90.0 102.0
69 74 48.0 199.0
16 3 64.0 16.0
50 61 125.0 23.0
37 80 19.0 22.0
28 78 109.0 18.0
75 84 112.0 164.0
54 61 192.0 83.0
9 14 69.0 35.0
59 25 178.0 117.0
5 2 75.0 194.0
28 58 93.0 152.0
47 5 105.0 65.0
44 16 108.0 15.0
3 4 92.0 20.0
62 44 4.0 36.0
82 52 41.0 73.0
77 23 132.0 20.0
81 45 57.0 160.0
13 73 180.0 103.0
40 19 152.0 86.0
34 54 24.0 60.0
55 63 87.0 68.0
69 56 129.0 91.0
17 37 34.0 170.0
21 83 190.0 167.0
38 28 141.0 0.0
62 34 30.0 121.0
14 50 178.0 135.0
9 11 148.0 3.0
63 4 20.0 35.0
59 17 105.0 101.0
15 4 5.0 139.0
87 9 75.0 195.0
24 1 129.0 16.0
83 90 25.0 111.0
12 49 165.0 156.0
12 10 78.0 114.0
45 82 63.0 50.0
61 32 174.0 120.0
87 90 44.0 179.0
61 28 7.0 119.0
25 8 77.0 88.0
8 21 178.0 54.0
69 51 96.0 143.0
54 70 8.0 174.0
7 11 43.0 23.0
48 34 6.0 17.0
85 50 24.0 50.0
77 53 102.0 32.0
60 11 186.0 131.0
83 79 23.0 116.0
1 13 174.0 119.0
82 7 84.0 182.0
23 46 102.0 127.0
41 38 54.0 60.0
87 51 74.0 79.0
13 74 42.0 176.0
46 11 160.0 180.0
89 20 50.0 183.0
32 35 34.0 24.0
3 39 27.0 119.0
46 59 15.0 81.0
6 72 141.0 22.0
32 44 36.0 15.0
27 5 3.0 30.0
67 51 106.0 163.0
32 57 72.0 156.0
54 2 157.0 107.0
2 9 7.0 184.0
67 76 24.0 174.0
57 87 10.0 117.0
40 34 117.0 46.0
90 7 137.0 121.0
19 5 50.0 43.0
8 9 88.0 74.0
3 84 24.0 45.0
19 3 192.0 183.0
8 18 54.0 16.0
15 24 155.0 16.0
9 1 199.0 73.0
63 15 32.0 136.0
71 60 165.0 82.0
62 40 63.0 53.0
85 60 58.0 39.0
82 43 128.0 50.0
23 67 38.0 134.0
15 7 170.0 193.0
67 57 158.0 169.0
33 57 195.0 191.0
78 46 168.0 160.0
47 87 81.0 32.0
18 14 98.0 139.0
57 40 130.0 178.0
16 46 158.0 168.0
18 52 84.0 128.0
71 21 144.0 194.0
77 76 193.0 139.0
32 33 97.0 162.0
29 7 35.0 130.0
14 7 167.0 85.0
29 74 65.0 97.0
29 26 48.0 24.0
40 5 159.0 132.0
25 49 110.0 55.0
35 86 27.0 56.0
80 21 17.0 76.0
79 58 37.0 4.0
47 40 87.0 157.0
23 47 33.0 152.0
73 39 3.0 81.0
44 76 187.0 114.0
34 10 59.0 50.0
57 77 115.0 38.0
59 86 96.0 84.0
15 49 150.0 85.0
50 23 34.0 189.0
70 65 73.0 67.0
13 31 7.0 28.0
68 13 12.0 195.0
17 8 180.0 24.0
36 73 83.0 47.0
68 73 51.0 131.0
83 27 102.0 154.0
12 36 60.0 136.0
10 86 164.0 85.0
78 14 176.0 171.0
26 49 118.0 140.0
46 5 170.0 50.0
78 59 4.0 5.0
3 57 106.0 8.0
20 5 164.0 8.0
20 37 151.0 176.0
84 12 162.0 115.0
77 67 133.0 138.0
26 90 72.0 3.0
56 45 22.0 43.0
65 31 86.0 179.0
88 30 42.0 192.0
14 74 14.0 6.0
72 55 5.0 165.0
28 51 73.0 119.0
80 19 76.0 158.0
70 72 36.0 148.0
26 84 71.0 59.0
19 1 33.0 109.0
90 13 182.0 75.0
6 13 8.0 148.0
50 45 66.0 165.0
1 18 65.0 91.0
6 90 136.0 93.0
71 45 178.0 124.0
38 34 33.0 49.0
4 10 54.0 18.0
74 84 172.0 188.0
22 4 197.0 132.0
4 1 149.0 15.0
78 37 182.0 167.0
88 51 70.0 70.0
5 37 144.0 48.0
71 70 55.0 129.0
41 49 125.0 62.0
4 81 72.0 97.0
78 13 142.0 21.0
8 12 119.0 44.0
66 42 3.0 53.0
54 86 30.0 25.0
32 16 103.0 126.0
85 66 187.0 111.0
76 24 149.0 64.0
14 65 163.0 173.0
77 25 128.0 105.0
2 21 31.0 199.0
5 14 136.0 34.0
50 20 100.0 118.0
35 5 110.0 4.0
70 26 7.0 49.0
21 3 63.0 156.0
49 2 76.0 26.0
78 45 163.0 156.0
76 6 50.0 194.0
60 49 38.0 138.0
30 37 75.0 138.0
41 25 151.0 137.0
50 70 49.0 158.0
54 57 33.0 113.0
14 2 127.0 61.0
19 4 113.0 90.0
73 5 131.0 115.0
4 8 55.0 169.0
60 30 161.0 82.0
1 22 163.0 112.0
39 4 163.0 165.0
22 81 141.0 148.0
22 10 49.0 68.0
77 21 150.0 114.0
25 50 58.0 33.0
35 45 143.0 65.0
3 23 168.0 104.0
19 69 29.0 83.0
72 11 185.0 192.0
4 6 152.0 126.0
85 17 33.0 153.0
37 50 50.0 183.0
61 40 34.0 60.0
84 28 89.0 129.0
25 34 142.0 9.0
64 6 145.0 171.0
7 3 76.0 82.0
30 69 15.0 180.0
85 6 162.0 48.0
17 5 8.0 12.0
74 75 76.0 194.0
12 64 77.0 166.0
2 20 61.0 19.0
41 64 18.0 158.0
32 11 172.0 94.0
41 87 154.0 187.0
54 27 119.0 68.0
61 3 173.0 79.0
77 74 109.0 49.0
47 78 104.0 138.0
76 11 67.0 165.0
74 85 64.0 85.0
57 2 117.0 36.0
50 44 172.0 23.0
32 83 31.0 43.0
85 23 133.0 4.0
6 27 191.0 194.0
18 2 20.0 47.0
64 36 96.0 88.0
82 6 157.0 112.0
5 16 118.0 74.0
26 21 87.0 43.0
13 37 66.0 70.0
12 13 156.0 151.0
2 47 6.0 100.0
10 68 122.0 179.0
13 28 153.0 170.0
85 65 153.0 63.0
85 30 161.0 72.0
50 66 81.0 48.0
64 60 162.0 100.0
87 32 179.0 71.0
23 1 28.0 137.0
39 67 183.0 102.0
56 73 80.0 88.0
47 82 192.0 185.0
7 5 132.0 154.0
37 75 30.0 166.0
6 87 171.0 144.0
80 26 171.0 102.0
87 1 57.0 199.0
67 33 44.0 40.0
67 79 33.0 76.0
33 72 25.0 177.0
13 11 99.0 157.0
47 14 63.0 81.0
62 57 163.0 35.0
44 28 180.0 134.0
80 6 38.0 189.0
38 10 66.0 82.0
19 2 141.0 99.0
17 9 194.0 118.0
11 69 198.0 46.0
44 8 197.0 61.0
26 9 99.0 160.0
37 47 67.0 31.0
14 71 23.0 105.0
42 18 110.0 89.0
24 4 21.0 4.0
27 65 176.0 167.0
43 24 6.0 126.0
84 49 198.0 3.0
57 16 174.0 97.0
24 31 196.0 42.0
11 48 101.0 19.0
28 39 184.0 164.0
79 21 17.0 157.0
14 13 97.0 145.0
51 83 183.0 103.0
41 59 48.0 182.0
5 18 86.0 23.0
53 66 164.0 34.0
75 55 3.0 18.0
55 53 163.0 140.0
73 48 96.0 132.0
23 48 113.0 145.0
1 16 9.0 48.0
13 9 31.0 58.0
35 34 78.0 69.0
61 75 166.0 194.0
1 73 176.0 170.0
25 1 0.0 91.0
78 4 182.0 49.0
52 35 50.0 95.0
6 86 53.0 12.0
47 53 92.0 37.0
86 39 57.0 170.0
75 35 176.0 23.0
70 4 75.0 153.0
34 75 63.0 28.0
41 28 121.0 45.0
62 53 18.0 123.0
48 6 65.0 24.0
10 8 116.0 157.0
70 60 186.0 173.0
57 70 77.0 162.0
35 16 150.0 152.0
53 31 132.0 13.0
20 59 33.0 5.0
73 19 89.0 51.0
77 6 125.0 107.0
89 55 160.0 194.0
77 28 44.0 146.0
59 61 163.0 121.0
77 26 40.0 113.0
19 47 167.0 172.0
67 58 38.0 0.0
38 25 73.0 79.0
21 5 120.0 199.0
14 64 51.0 80.0
53 29 133.0 95.0
89 57 166.0 96.0
82 20 151.0 6.0
28 1 175.0 119.0
20 90 117.0 165.0
1 12 155.0 190.0
64 72 186.0 27.0
7 40 199.0 37.0
68 55 27.0 132.0
73 81 45.0 146.0
62 25 180.0 197.0
26 7 94.0 155.0
58 81 63.0 163.0
57 55 99.0 170.0
24 2 182.0 37.0
27 67 45.0 133.0
31 68 162.0 24.0
20 71 90.0 8.0
6 36 62.0 22.0
15 5 60.0 108.0
60 63 117.0 123.0
27 34 73.0 17.0
21 47 98.0 7.0
24 53 143.0 143.0
82 19 10.0 58.0
11 15 165.0 52.0
64 55 96.0 179.0
13 4 4.0 156.0
71 13 138.0 122.0
46 22 168.0 163.0
68 34 130.0 66.0
86 63 29.0 26.0
43 7 172.0 191.0
73 27 77.0 90.0
43 30 26.0 173.0
38 20 69.0 30.0
84 45 39.0 7.0
20 6 45.0 159.0
77 66 61.0 175.0
90 74 21.0 42.0
80 85 43.0 194.0
21 65 52.0 120.0
4 14 63.0 30.0
86 14 88.0 132.0
58 73 65.0 79.0
26 19 61.0 110.0
47 58 155.0 74.0
4 28 132.0 177.0
74 42 85.0 128.0
11 12 112.0 137.0
75 1 21.0 127.0
14 10 2.0 61.0
21 6 119.0 67.0
42 80 147.0 180.0
48 57 110.0 103.0
6 18 178.0 194.0
6 73 114.0 63.0
44 22 17.0 26.0
74 65 6.0 190.0
7 2 70.0 160.0
25 19 28.0 189.0
60 72 76.0 127.0
38 83 3.0 138.0
85 86 169.0 181.0
4 20 82.0 83.0
37 63 119.0 51.0
89 82 134.0 77.0
46 58 141.0 156.0
38 46 127.0 169.0
27 48 145.0 155.0
40 67 94.0 148.0
62 41 90.0 15.0
56 82 173.0 173.0
54 45 33.0 44.0
89 12 63.0 167.0
69 4 128.0 4.0
11 45 38.0 55.0
54 23 102.0 183.0
89 5 91.0 148.0
45 85 189.0 134.0
13 8 32.0 162.0
64 7 53.0 65.0
70 45 189.0 116.0
7 4 79.0 117.0
20 25 22.0 69.0
10 55 199.0 124.0
59 74 102.0 43.0
30 28 156.0 43.0
47 8 71.0 188.0
66 4 146.0 125.0
3 15 48.0 136.0
20 7 65.0 79.0
43 69 121.0 87.0
19 11 193.0 72.0
68 26 26.0 47.0
53 64 128.0 134.0
2 26 68.0 0.0
28 48 116.0 14.0
81 83 89.0 164.0
49 16 190.0 154.0
28 2 199.0 63.0
69 86 147.0 192.0
22 83 143.0 125.0
56 10 187.0 24.0
34 87 60.0 55.0
25 3 75.0 128.0
65 23 184.0 164.0
90 22 134.0 126.0
6 12 23.0 133.0
8 87 80.0 170.0
79 56 105.0 175.0
27 32 39.0 92.0
2 23 132.0 99.0
5 88 198.0 160.0
6 23 62.0 135.0
58 14 12.0 196.0
24 3 184.0 187.0
16 12 125.0 64.0
67 62 62.0 30.0
4 76 22.0 53.0
4 18 49.0 155.0
11 14 154.0 199.0
52 57 139.0 168.0
71 25 55.0 103.0
3 6 149.0 191.0
63 88 61.0 27.0
59 30 141.0 75.0
15 80 11.0 164.0
20 1 117.0 60.0
19 23 81.0 23.0
79 23 150.0 20.0
47 57 50.0 157.0
70 39 23.0 152.0
36 40 106.0 36.0
14 8 25.0 47.0
12 44 26.0 36.0
85 10 124.0 143.0
5 23 111.0 6.0
12 19 19.0 14.0
75 42 125.0 22.0
43 25 27.0 101.0
26 38 45.0 133.0
60 34 42.0 22.0
16 10 35.0 69.0
3 9 73.0 159.0
16 9 146.0 184.0
85 39 150.0 118.0
43 81 194.0 28.0
67 80 123.0 173.0
79 40 20.0 120.0
14 15 192.0 62.0
45 14 14.0 27.0
29 38 83.0 87.0
65 4 0.0 182.0
5 33 96.0 103.0
23 22 10.0 42.0
15 13 30.0 133.0
18 13 18.0 50.0
89 66 102.0 11.0
79 69 148.0 68.0
27 1 82.0 184.0
82 9 105.0 34.0
25 2 114.0 153.0
59 6 80.0 124.0
3 88 37.0 63.0
16 13 11.0 7.0
27 2 31.0 65.0
90 15 186.0 179.0
9 12 172.0 20.0
54 6 3.0 29.0
8 19 13.0 69.0
10 64 92.0 45.0
9 6 17.0 81.0
37 19 56.0 28.0
22 8 68.0 87.0
52 90 173.0 6.0
45 10 120.0 97.0
21 4 178.0 75.0
52 16 143.0 191.0
79 48 93.0 35.0
18 49 23.0 110.0
67 31 15.0 80.0
16 70 67.0 35.0
31 45 177.0 192.0
54 90 7.0 97.0
9 33 182.0 137.0
48 40 8.0 125.0
49 81 15.0 101.0
39 24 136.0 39.0
54 32 188.0 104.0
63 22 33.0 7.0
30 2 58.0 10.0
90 10 9.0 17.0
10 1 101.0 191.0
24 5 2.0 61.0
79 35 8.0 17.0
58 69 130.0 97.0
10 62 22.0 70.0
83 59 130.0 7.0
58 40 118.0 188.0
49 17 11.0 128.0
6 19 197.0 64.0
31 38 120.0 151.0
72 61 68.0 129.0
1 26 160.0 198.0
10 20 23.0 134.0
40 82 176.0 153.0
31 85 90.0 47.0
11 28 13.0 54.0
59 81 90.0 10.0
29 34 139.0 11.0
4 2 162.0 8.0
39 69 49.0 123.0
50 8 78.0 24.0
52 61 13.0 7.0
55 45 76.0 104.0
6 22 131.0 89.0
1 42 128.0 22.0
31 2 197.0 68.0
46 49 195.0 112.0
79 46 70.0 196.0
15 41 195.0 148.0
22 5 126.0 161.0
62 28 142.0 2.0
38 82 107.0 26.0
85 59 58.0 188.0
14 29 158.0 8.0
39 11 126.0 153.0
18 30 103.0 196.0
32 78 24.0 51.0
5 3 166.0 150.0
30 46 156.0 60.0
89 77 43.0 15.0
1 7 119.0 53.0
32 4 151.0 77.0
14 53 192.0 78.0
44 47 5.0 96.0
34 8 128.0 181.0
10 13 140.0 46.0
79 9 137.0 96.0
86 4 183.0 132.0
16 2 30.0 103.0
17 7 84.0 182.0
38 53 150.0 29.0
9 66 114.0 107.0
73 31 183.0 194.0
65 33 64.0 123.0
41 72 147.0 153.0
75 86 53.0 131.0
66 87 126.0 36.0
71 1 137.0 162.0
53 72 172.0 40.0
20 12 140.0 86.0
29 83 64.0 75.0
17 2 75.0 128.0
27 4 108.0 22.0
80 76 94.0 161.0
72 68 162.0 20.0
30 44 101.0 99.0
77 2 195.0 74.0
90 3 179.0 135.0
29 1 121.0 195.0
34 74 187.0 148.0
16 72 125.0 95.0
11 20 120.0 19.0
87 73 77.0 82.0
16 15 53.0 179.0
86 46 16.0 48.0
1 11 166.0 147.0
40 3 12.0 88.0
38 47 23.0 199.0
80 7 188.0 100.0
26 42 13.0 108.0
24 23 190.0 90.0
68 40 4.0 44.0
13 17 96.0 172.0
11 30 79.0 62.0
5 28 31.0 44.0
9 20 98.0 6.0
13 67 49.0 38.0
18 89 41.0 62.0
73 43 20.0 183.0
45 88 0.0 176.0
11 18 52.0 96.0
61 42 186.0 132.0
6 15 152.0 17.0
76 56 69.0 3.0
84 2 10.0 118.0
9 21 84.0 3.0
36 80 59.0 104.0
77 32 38.0 11.0
4 25 2.0 43.0
12 78 32.0 188.0
6 58 82.0 137.0
12 7 165.0 152.0
54 51 25.0 128.0
82 54 136.0 110.0
17 10 141.0 147.0
90 19 181.0 131.0
79 85 189.0 136.0
25 9 108.0 174.0
7 19 118.0 191.0
64 84 136.0 36.0
44 37 16.0 114.0
90 17 174.0 104.0
23 52 142.0 115.0
71 79 180.0 75.0
74 12 26.0 170.0
79 5 74.0 135.0
5 25 10.0 192.0
2 51 186.0 98.0
87 33 48.0 155.0
11 40 83.0 174.0
54 62 25.0 177.0
50 63 12.0 5.0
37 36 56.0 191.0
2 67 30.0 130.0
75 25 177.0 40.0
38 62 103.0 115.0
56 61 196.0 103.0
11 58 193.0 79.0
29 79 158.0 18.0
13 36 180.0 122.0
72 84 174.0 36.0
22 19 147.0 5.0
6 8 152.0 76.0
69 63 96.0 55.0
85 82 144.0 92.0
22 9 107.0 89.0
22 50 95.0 17.0
86 62 138.0 76.0
18 3 100.0 64.0
18 15 128.0 48.0
60 77 59.0 80.0
9 24 83.0 155.0
59 58 187.0 179.0
1 2 53.0 46.0
15 17 67.0 149.0
17 76 15.0 157.0
40 23 72.0 116.0
74 55 62.0 0.0
9 18 61.0 74.0
10 23 166.0 96.0
2 29 199.0 105.0
29 22 81.0 5.0
67 35 25.0 100.0
3 31 20.0 40.0
83 37 27.0 45.0
53 16 17.0 42.0
57 37 46.0 30.0
36 87 174.0 164.0
76 41 106.0 174.0
14 16 92.0 139.0
8 23 168.0 117.0
17 4 185.0 188.0
9 4 42.0 13.0
72 78 109.0 59.0
24 70 20.0 155.0
28 20 25.0 195.0
8 20 115.0 131.0
61 73 137.0 7.0
19 14 15.0 105.0
38 86 107.0 152.0
52 46 62.0 150.0
25 6 47.0 171.0
64 29 122.0 68.0
10 24 91.0 147.0
25 7 36.0 158.0
65 46 18.0 125.0
74 31 130.0 185.0
78 48 58.0 190.0
56 21 27.0 72.0
19 13 56.0 75.0
54 16 23.0 131.0
39 29 94.0 114.0
22 43 65.0 82.0
50 68 134.0 35.0
18 16 16.0 16.0
51 57 165.0 27.0
39 80 152.0 144.0
16 42 168.0 160.0
6 24 176.0 143.0
83 60 135.0 70.0
7 23 22.0 0.0
22 14 4.0 108.0
19 46 70.0 173.0
12 61 182.0 35.0
12 73 146.0 134.0
24 27 170.0 67.0
81 61 164.0 98.0
31 20 53.0 99.0
26 32 41.0 28.0
10 57 0.0 45.0
12 79 145.0 22.0
21 7 22.0 127.0
63 24 45.0 120.0
12 68 101.0 167.0
1 47 170.0 65.0
12 14 164.0 175.0
1 74 159.0 5.0
3 52 105.0 111.0
40 35 192.0 50.0
25 10 86.0 14.0
85 7 58.0 83.0
75 82 176.0 159.0
90 58 56.0 98.0
26 24 165.0 20.0
60 27 121.0 77.0
12 18 50.0 26.0
7 50 170.0 42.0
6 26 157.0 8.0
56 85 121.0 15.0
6 28 116.0 97.0
76 66 101.0 124.0
51 27 49.0 18.0
15 86 103.0 122.0
19 15 62.0 154.0
20 3 192.0 185.0
68 46 52.0 149.0
12 22 36.0 125.0
26 4 98.0 104.0
60 9 189.0 151.0
88 61 151.0 39.0
36 1 53.0 55.0
3 29 144.0 68.0
50 56 18.0 137.0
31 4 92.0 70.0
21 10 198.0 80.0
10 88 138.0 48.0
58 71 194.0 128.0
41 90 187.0 146.0
1 33 95.0 193.0
87 4 175.0 39.0
59 47 72.0 194.0
36 17 170.0 164.0
85 18 133.0 168.0
15 37 51.0 24.0
17 33 138.0 198.0
32 65 103.0 126.0
30 82 115.0 198.0
8 28 54.0 42.0
47 29 181.0 126.0
46 64 121.0 151.0
29 8 126.0 54.0
51 39 8.0 129.0
33 88 5.0 147.0
24 86 24.0 109.0
77 30 180.0 91.0
68 35 64.0 34.0
63 53 79.0 197.0
26 40 147.0 0.0
22 13 12.0 25.0
2 34 20.0 21.0
45 51 10.0 177.0
46 29 193.0 186.0
59 9 147.0 173.0
43 20 86.0 163.0
35 2 179.0 166.0
53 27 186.0 126.0
26 33 163.0 199.0
80 83 45.0 135.0
5 63 141.0 7.0
2 85 1.0 134.0
3 30 84.0 148.0
7 6 193.0 122.0
16 29 39.0 172.0
23 4 132.0 25.0
12 23 14.0 47.0
6 30 144.0 59.0
4 30 150.0 85.0
31 5 85.0 151.0
11 62 0.0 121.0
26 14 92.0 194.0
43 39 91.0 131.0
50 38 172.0 23.0
84 42 34.0 138.0
76 39 4.0 130.0
68 67 30.0 154.0
48 58 18.0 115.0
19 17 176.0 170.0
32 67 115.0 69.0
3 22 4.0 6.0
12 83 195.0 129.0
86 78 10.0 181.0
26 12 34.0 15.0
40 2 67.0 64.0
60 42 192.0 37.0
60 20 103.0 168.0
87 10 111.0 18.0
3 27 155.0 67.0
6 31 116.0 150.0
55 14 129.0 78.0
78 24 26.0 116.0
78 61 98.0 45.0
13 55 183.0 90.0
11 26 22.0 86.0
21 48 94.0 85.0
27 43 97.0 49.0
33 2 13.0 165.0
28 14 134.0 94.0
7 27 56.0 113.0
11 24 55.0 154.0
44 15 139.0 190.0
14 17 6.0 161.0
29 27 24.0 100.0
22 16 99.0 73.0
20 17 193.0 112.0
4 58 170.0 128.0
50 32 112.0 178.0
72 73 144.0 119.0
87 11 183.0 35.0
3 34 177.0 189.0
15 20 145.0 153.0
17 18 150.0 44.0
77 8 49.0 143.0
27 14 37.0 172.0
7 33 168.0 150.0
16 90 163.0 64.0
10 41 70.0 146.0
89 37 43.0 199.0
89 3 122.0 188.0
13 25 50.0 24.0
32 18 9.0 52.0
84 85 159.0 47.0
79 70 113.0 127.0
69 53 150.0 77.0
55 24 92.0 20.0
5 26 89.0 135.0
25 86 7.0 163.0
21 88 153.0 57.0
68 90 50.0 115.0
46 53 116.0 161.0
84 62 81.0 29.0
12 25 29.0 31.0
53 15 145.0 121.0
37 38 52.0 35.0
26 13 144.0 11.0
19 72 45.0 50.0
36 2 120.0 47.0
38 39 190.0 36.0
19 18 186.0 23.0
27 28 110.0 15.0
4 88 91.0 55.0
3 35 30.0 95.0
62 8 179.0 127.0
41 48 114.0 24.0
33 54 21.0 34.0
54 73 185.0 163.0
71 39 68.0 171.0
22 15 60.0 178.0
65 84 22.0 151.0
35 18 117.0 4.0
28 10 138.0 96.0
41 83 154.0 52.0
46 60 78.0 127.0
42 13 53.0 15.0
52 68 78.0 121.0
29 5 50.0 139.0
15 8 161.0 72.0
82 29 99.0 78.0
29 10 172.0 37.0
37 1 45.0 127.0
9 28 142.0 75.0
10 32 182.0 148.0
9 52 4.0 60.0
36 4 110.0 54.0
57 49 187.0 71.0
20 19 18.0 87.0
17 12 177.0 191.0
7 41 47.0 22.0
13 21 77.0 142.0
51 53 170.0 59.0
66 3 88.0 174.0
84 81 169.0 150.0
39 62 117.0 109.0
19 10 101.0 135.0
13 29 191.0 78.0
69 81 177.0 38.0
31 8 194.0 6.0
15 67 190.0 165.0
69 2 113.0 30.0
11 27 82.0 35.0
45 5 77.0 199.0
21 11 116.0 130.0
27 9 66.0 59.0
14 23 163.0 195.0
83 62 109.0 158.0
34 7 157.0 99.0
20 16 190.0 23.0
75 89 169.0 25.0
38 1 46.0 198.0
72 9 29.0 114.0
2 32 151.0 95.0
24 14 158.0 114.0
44 25 63.0 67.0
90 89 18.0 172.0
53 36 166.0 8.0
34 24 7.0 135.0
31 34 73.0 5.0
43 41 151.0 102.0
14 21 22.0 102.0
40 70 83.0 180.0
28 3 45.0 146.0
29 71 70.0 63.0
15 9 71.0 37.0
80 55 19.0 79.0
89 87 72.0 44.0
7 32 154.0 175.0
89 39 40.0 128.0
22 18 144.0 123.0
42 82 179.0 189.0
62 45 109.0 2.0
15 21 37.0 181.0
66 23 125.0 8.0
19 63 157.0 197.0
42 14 152.0 63.0
14 73 2.0 192.0
84 86 66.0 146.0
39 79 131.0 197.0
33 50 72.0 193.0
23 25 10.0 61.0
47 60 186.0 135.0
8 33 177.0 95.0
12 24 165.0 129.0
35 1 108.0 167.0
49 86 28.0 174.0
36 32 198.0 112.0
44 46 65.0 70.0
70 63 17.0 27.0
4 37 27.0 3.0
2 22 10.0 157.0
17 16 113.0 175.0
26 3 148.0 173.0
34 6 17.0 129.0
4 33 193.0 167.0
39 2 25.0 11.0
27 12 27.0 194.0
34 1 105.0 54.0
29 6 58.0 115.0
13 27 162.0 123.0
30 1 152.0 110.0
88 50 18.0 121.0
53 79 178.0 163.0
18 7 151.0 155.0
48 90 70.0 178.0
80 25 147.0 176.0
20 14 102.0 158.0
32 6 78.0 64.0
53 37 29.0 30.0
37 3 150.0 199.0
28 15 173.0 129.0
42 45 158.0 124.0
12 21 37.0 29.0
22 17 90.0 136.0
32 9 190.0 192.0
71 77 162.0 21.0
24 84 53.0 143.0
28 74 50.0 3.0
23 11 99.0 23.0
25 15 107.0 58.0
46 80 96.0 144.0
9 41 100.0 138.0
68 42 7.0 43.0
80 87 74.0 121.0
32 12 126.0 127.0
30 52 17.0 129.0
26 15 136.0 69.0
75 90 61.0 43.0
16 23 18.0 157.0
69 59 147.0 70.0
62 56 22.0 154.0
52 6 101.0 97.0
52 47 3.0 179.0
60 61 27.0 172.0
76 32 121.0 163.0
31 48 190.0 182.0
37 23 166.0 160.0
9 31 23.0 113.0
59 38 82.0 45.0
17 6 138.0 183.0
8 24 130.0 141.0
66 24 92.0 109.0
20 22 27.0 13.0
63 8 178.0 170.0
30 33 131.0 145.0
36 21 114.0 154.0
8 32 124.0 148.0
85 62 117.0 62.0
10 27 124.0 0.0
30 9 24.0 16.0
73 62 14.0 3.0
23 20 120.0 145.0
49 1 73.0 4.0
21 51 130.0 139.0
26 17 157.0 7.0
21 70 120.0 26.0
46 77 94.0 44.0
2 8 70.0 70.0
65 34 75.0 85.0
36 7 159.0 196.0
25 33 76.0 32.0
83 65 125.0 159.0
62 37 134.0 34.0
68 71 164.0 54.0
58 29 175.0 58.0
84 51 58.0 45.0
17 23 105.0 85.0
5 36 88.0 64.0
34 79 48.0 117.0
24 20 136.0 173.0
33 28 29.0 70.0
15 29 106.0 194.0
5 39 190.0 33.0
22 21 191.0 48.0
41 1 130.0 48.0
78 75 152.0 170.0
63 78 37.0 152.0
74 36 5.0 173.0
25 56 104.0 187.0
12 34 197.0 162.0
18 87 174.0 187.0
29 12 140.0 165.0
24 16 192.0 22.0
90 84 94.0 144.0
7 37 44.0 83.0
65 89 59.0 1.0
54 19 74.0 115.0
30 8 11.0 23.0
76 62 4.0 137.0
20 21 71.0 97.0
81 40 2.0 63.0
33 11 145.0 48.0
23 15 135.0 189.0
2 41 94.0 146.0
4 72 156.0 120.0
62 24 68.0 119.0
19 24 105.0 73.0
83 3 132.0 128.0
42 15 106.0 86.0
77 15 17.0 51.0
10 18 156.0 152.0
25 42 169.0 50.0
5 34 155.0 126.0
24 13 172.0 176.0
7 38 166.0 77.0
64 39 164.0 51.0
1 32 110.0 22.0
18 21 89.0 127.0
12 30 104.0 198.0
43 19 147.0 73.0
12 60 189.0 102.0
38 51 51.0 161.0
22 42 154.0 170.0
80 2 3.0 71.0
9 74 30.0 65.0
8 43 136.0 72.0
23 13 58.0 40.0
15 27 193.0 157.0
38 5 14.0 182.0
33 15 73.0 66.0
56 17 36.0 28.0
18 20 167.0 191.0
16 21 111.0 150.0
31 63 175.0 48.0
83 1 114.0 185.0
75 83 20.0 108.0
65 71 148.0 34.0
47 83 73.0 21.0
28 16 49.0 109.0
51 41 45.0 17.0
36 3 108.0 108.0
31 10 185.0 36.0
21 17 55.0 99.0
33 12 22.0 75.0
81 3 36.0 122.0
85 34 107.0 62.0
28 17 197.0 156.0
37 9 84.0 194.0
53 56 33.0 193.0
6 38 64.0 170.0
85 61 70.0 120.0
70 28 79.0 44.0
30 17 76.0 68.0
13 83 159.0 183.0
86 60 29.0 156.0
25 17 109.0 66.0
25 16 73.0 95.0
2 37 146.0 90.0
76 81 117.0 169.0
18 34 119.0 148.0
13 59 194.0 195.0
21 24 56.0 153.0
12 31 86.0 37.0
57 84 74.0 196.0
85 12 106.0 100.0
31 15 44.0 53.0
83 63 109.0 113.0
58 82 71.0 180.0
26 18 80.0 65.0
78 81 127.0 88.0
5 67 52.0 165.0
22 82 96.0 127.0
55 30 113.0 154.0
15 30 121.0 109.0
52 75 121.0 182.0
10 36 17.0 192.0
35 4 100.0 98.0
73 69 116.0 179.0
45 15 46.0 169.0
25 21 62.0 94.0
50 39 148.0 127.0
29 59 141.0 21.0
36 9 150.0 62.0
11 31 113.0 167.0
66 18 149.0 13.0
87 63 172.0 66.0
39 58 146.0 170.0
4 43 166.0 9.0
76 19 25.0 66.0
40 78 143.0 166.0
14 25 65.0 93.0
42 3 53.0 178.0
61 14 186.0 2.0
36 8 175.0 111.0
50 52 146.0 122.0
89 74 115.0 64.0
14 32 104.0 140.0
10 79 164.0 48.0
80 84 27.0 29.0
35 8 137.0 80.0
46 3 93.0 75.0
36 11 119.0 20.0
9 75 118.0 65.0
2 43 53.0 33.0
27 17 134.0 157.0
8 3 71.0 98.0
2 50 157.0 98.0
69 82 44.0 94.0
39 33 77.0 137.0
19 28 128.0 196.0
7 39 181.0 46.0
1 39 60.0 186.0
85 35 36.0 194.0
4 75 104.0 59.0
8 38 113.0 62.0
37 8 110.0 109.0
81 67 91.0 188.0
77 35 160.0 19.0
19 59 46.0 141.0
10 37 54.0 107.0
45 4 29.0 42.0
21 32 125.0 134.0
63 89 155.0 39.0
14 3 39.0 17.0
68 66 55.0 82.0
63 34 92.0 15.0
44 2 73.0 91.0
69 31 164.0 127.0
14 82 5.0 194.0
30 7 136.0 131.0
89 53 188.0 91.0
53 60 121.0 179.0
87 12 160.0 176.0
46 54 138.0 5.0
31 14 192.0 163.0
57 11 1.0 109.0
2 6 185.0 7.0
6 1 115.0 74.0
11 35 34.0 103.0
57 44 45.0 108.0
17 65 163.0 5.0
81 23 184.0 54.0
49 58 56.0 176.0
31 66 71.0 58.0
27 21 27.0 9.0
20 29 71.0 94.0
61 41 179.0 57.0
46 1 81.0 176.0
40 6 182.0 197.0
19 29 154.0 166.0
9 85 128.0 11.0
23 72 24.0 152.0
69 64 97.0 4.0
89 19 100.0 168.0
27 16 185.0 79.0
72 66 193.0 19.0
30 47 85.0 127.0
88 44 87.0 191.0
34 16 71.0 16.0
14 30 165.0 96.0
42 6 181.0 62.0
21 61 151.0 81.0
17 32 199.0 88.0
81 68 61.0 144.0
35 13 142.0 98.0
37 61 55.0 30.0
45 9 172.0 127.0
27 8 151.0 137.0
8 81 177.0 84.0
13 86 38.0 80.0
26 20 151.0 189.0
39 44 56.0 12.0
75 32 72.0 198.0
3 45 149.0 128.0
69 38 48.0 121.0
43 52 9.0 199.0
3 43 145.0 138.0
34 32 183.0 136.0
3 76 120.0 86.0
30 42 15.0 176.0
35 48 67.0 88.0
70 29 190.0 168.0
66 51 109.0 38.0
64 31 16.0 118.0
25 18 178.0 161.0
60 68 71.0 114.0
38 11 34.0 144.0
12 53 165.0 1.0
62 30 11.0 184.0
30 13 184.0 1.0
43 1 48.0 93.0
13 32 7.0 64.0
83 28 151.0 137.0
44 4 50.0 175.0
53 50 103.0 36.0
7 31 143.0 21.0
90 76 88.0 154.0
9 35 153.0 25.0
9 39 80.0 153.0
3 50 6.0 87.0
78 55 174.0 157.0
9 83 80.0 176.0
4 53 195.0 135.0
22 67 80.0 90.0
6 39 24.0 121.0
74 67 1.0 130.0
4 34 98.0 33.0
54 43 152.0 104.0
2 48 77.0 126.0
39 35 102.0 157.0
87 85 67.0 49.0
42 7 67.0 100.0
68 2 190.0 43.0
68 64 183.0 143.0
68 58 62.0 82.0
21 19 98.0 166.0
10 39 3.0 127.0
8 42 164.0 57.0
35 7 34.0 183.0
58 64 84.0 101.0
37 6 175.0 26.0
71 12 79.0 159.0
31 84 100.0 93.0
24 7 188.0 150.0
1 48 1.0 191.0
85 81 195.0 117.0
17 43 55.0 181.0
69 5 144.0 139.0
31 18 1.0 120.0
89 32 89.0 80.0
25 54 107.0 141.0
25 64 87.0 95.0
14 79 140.0 40.0
69 90 96.0 87.0
42 90 49.0 151.0
26 16 186.0 146.0
38 3 198.0 187.0
22 25 73.0 39.0
4 46 128.0 132.0
56 71 1.0 167.0
44 6 9.0 141.0
32 15 30.0 105.0
70 38 105.0 31.0
60 8 59.0 91.0
22 27 196.0 9.0
44 3 195.0 21.0
83 55 59.0 123.0
35 72 104.0 60.0
71 42 119.0 113.0
34 11 183.0 149.0
47 3 127.0 88.0
6 35 57.0 138.0
27 20 13.0 6.0
40 1 183.0 8.0
62 65 67.0 43.0
46 14 177.0 172.0
18 76 39.0 96.0
35 15 84.0 22.0
41 54 192.0 12.0
26 41 158.0 1.0
4 41 101.0 171.0
35 14 168.0 85.0
43 6 191.0 188.0
12 39 88.0 168.0
38 15 6.0 79.0
65 45 144.0 90.0
5 30 64.0 88.0
8 41 159.0 22.0
24 22 36.0 60.0
54 78 189.0 5.0
36 86 9.0 180.0
40 10 6.0 49.0
87 52 132.0 12.0
6 66 4.0 77.0
28 23 66.0 68.0
28 81 57.0 25.0
56 9 161.0 93.0
86 71 113.0 150.0
38 13 52.0 74.0
45 24 102.0 59.0
46 6 91.0 34.0
61 24 140.0 95.0
50 36 188.0 158.0
26 47 41.0 45.0
17 50 61.0 2.0
82 35 137.0 126.0
11 41 123.0 141.0
22 28 80.0 25.0
69 1 158.0 172.0
76 60 104.0 50.0
17 29 92.0 45.0
36 14 23.0 133.0
31 17 123.0 36.0
43 84 131.0 12.0
64 4 39.0 55.0
39 63 186.0 120.0
26 22 120.0 144.0
8 40 150.0 176.0
34 19 53.0 43.0
13 39 45.0 28.0
29 25 160.0 120.0
68 85 143.0 43.0
50 1 48.0 182.0
49 5 127.0 186.0
51 31 66.0 199.0
88 87 185.0 168.0
30 22 13.0 190.0
51 89 108.0 59.0
74 52 62.0 20.0
9 84 110.0 157.0
27 18 149.0 158.0
17 34 149.0 28.0
19 31 56.0 15.0
25 74 153.0 41.0
8 85 87.0 167.0
83 39 37.0 147.0
52 88 29.0 52.0
43 70 48.0 139.0
14 38 48.0 197.0
6 41 124.0 197.0
17 55 10.0 132.0
23 29 46.0 163.0
36 19 112.0 85.0
11 37 122.0 101.0
40 12 86.0 103.0
29 24 64.0 134.0
45 8 142.0 64.0
11 44 116.0 18.0
38 16 29.0 78.0
38 54 137.0 27.0
47 16 88.0 1.0
82 63 105.0 10.0
24 17 171.0 191.0
62 16 57.0 187.0
52 73 23.0 199.0
78 30 147.0 91.0
39 14 99.0 128.0
56 58 191.0 188.0
73 90 126.0 79.0
37 14 51.0 31.0
11 63 121.0 174.0
40 83 61.0 130.0
18 28 183.0 84.0
32 37 123.0 82.0
76 1 12.0 174.0
59 73 42.0 3.0
72 26 146.0 168.0
30 20 41.0 198.0
47 4 73.0 162.0
39 8 4.0 134.0
27 71 178.0 140.0
17 45 44.0 53.0
46 88 55.0 56.0
21 30 44.0 49.0
34 15 28.0 190.0
22 32 95.0 21.0
6 84 103.0 168.0
70 85 106.0 108.0
65 81 123.0 36.0
35 50 111.0 119.0
13 34 9.0 118.0
16 30 138.0 5.0
5 43 59.0 118.0
87 60 153.0 154.0
20 33 54.0 56.0
69 47 105.0 112.0
89 79 43.0 180.0
90 70 9.0 106.0
3 49 166.0 170.0
6 45 83.0 56.0
41 88 58.0 142.0
57 80 93.0 11.0
28 26 4.0 147.0
49 42 157.0 109.0
42 9 100.0 152.0
51 79 166.0 109.0
56 20 28.0 84.0
10 33 176.0 63.0
1 59 38.0 187.0
23 30 130.0 131.0
33 41 11.0 134.0
82 86 152.0 168.0
67 43 128.0 52.0
10 44 166.0 95.0
55 22 150.0 146.0
16 39 196.0 79.0
16 33 127.0 187.0
31 16 91.0 9.0
22 37 142.0 54.0
5 51 80.0 47.0
37 72 176.0 8.0
56 16 61.0 94.0
90 24 115.0 12.0
76 14 75.0 64.0
9 47 29.0 154.0
62 46 22.0 72.0
82 87 55.0 117.0
81 15 146.0 87.0
43 10 84.0 75.0
86 42 194.0 146.0
65 61 21.0 61.0
74 56 14.0 96.0
45 1 50.0 43.0
34 20 81.0 24.0
77 82 47.0 88.0
23 32 177.0 145.0
74 73 78.0 61.0
11 42 160.0 24.0
4 49 22.0 182.0
74 41 43.0 188.0
54 55 103.0 93.0
83 11 198.0 184.0
54 44 173.0 197.0
61 26 175.0 150.0
22 7 161.0 53.0
14 60 192.0 122.0
33 23 30.0 167.0
12 37 119.0 73.0
31 25 143.0 22.0
62 50 104.0 94.0
3 72 32.0 77.0
7 58 6.0 8.0
48 3 66.0 167.0
36 52 62.0 58.0
68 78 184.0 44.0
66 58 176.0 103.0
33 18 129.0 72.0
68 77 21.0 34.0
41 14 148.0 5.0
49 6 186.0 106.0
54 1 126.0 52.0
21 31 164.0 140.0
51 35 125.0 148.0
54 65 194.0 53.0
83 16 71.0 123.0
43 14 5.0 44.0
36 70 168.0 105.0
38 12 98.0 154.0
77 7 103.0 176.0
34 22 108.0 20.0
43 49 57.0 185.0
75 20 6.0 51.0
35 78 160.0 29.0
2 53 113.0 165.0
7 44 42.0 81.0
25 27 21.0 140.0
14 49 14.0 125.0
57 6 188.0 122.0
16 89 142.0 197.0
70 30 15.0 100.0
69 41 116.0 175.0
33 24 30.0 182.0
15 36 99.0 72.0
27 26 148.0 121.0
53 49 168.0 162.0
34 14 112.0 108.0
5 41 196.0 54.0
31 22 35.0 11.0
76 38 40.0 151.0
55 1 98.0 23.0
30 24 104.0 197.0
30 19 44.0 52.0
59 48 163.0 13.0
55 84 101.0 28.0
10 73 86.0 97.0
18 69 74.0 73.0
68 18 79.0 67.0
33 61 163.0 129.0
35 19 197.0 67.0
38 73 17.0 194.0
30 68 43.0 133.0
32 24 12.0 96.0
53 1 33.0 98.0
64 13 101.0 59.0
51 6 11.0 132.0
47 22 154.0 127.0
27 23 88.0 103.0
49 8 9.0 106.0
22 33 89.0 4.0
63 61 147.0 101.0
18 24 147.0 132.0
35 17 24.0 0.0
41 85 87.0 188.0
68 56 36.0 193.0
32 69 32.0 125.0
25 30 154.0 41.0
17 77 30.0 195.0
47 7 192.0 177.0
51 4 123.0 91.0
87 74 76.0 100.0
22 36 24.0 115.0
36 29 168.0 60.0
60 78 159.0 0.0
63 25 198.0 65.0
21 29 138.0 28.0
3 53 157.0 82.0
32 25 178.0 33.0
48 7 95.0 54.0
4 38 80.0 119.0
23 36 91.0 0.0
58 1 94.0 50.0
54 3 187.0 44.0
88 36 86.0 77.0
66 41 107.0 44.0
45 13 54.0 85.0
75 62 87.0 149.0
62 60 44.0 119.0
52 60 22.0 135.0
33 3 19.0 68.0
83 4 31.0 158.0
43 12 25.0 117.0
87 44 33.0 132.0
33 70 56.0 87.0
41 68 74.0 95.0
47 13 11.0 70.0
19 66 110.0 185.0
37 18 197.0 82.0
70 41 9.0 28.0
16 41 24.0 34.0
52 19 106.0 58.0
50 46 51.0 114.0
52 1 40.0 77.0
87 28 166.0 3.0
44 14 0.0 77.0
64 40 114.0 198.0
80 29 28.0 75.0
15 43 88.0 52.0
60 31 18.0 146.0
77 31 190.0 69.0
31 58 199.0 183.0
30 27 151.0 165.0
51 7 170.0 152.0
16 63 105.0 84.0
9 43 157.0 133.0
17 38 151.0 197.0
29 56 104.0 121.0
86 44 178.0 94.0
12 42 88.0 129.0
27 47 191.0 40.0
53 6 98.0 114.0
27 81 78.0 3.0
13 49 34.0 187.0
47 75 74.0 186.0
40 80 187.0 130.0
49 10 44.0 165.0
55 3 22.0 133.0
3 51 133.0 165.0
25 35 67.0 32.0
41 18 44.0 97.0
5 54 6.0 78.0
40 16 53.0 32.0
59 53 30.0 40.0
16 37 96.0 75.0
47 12 143.0 118.0
36 20 154.0 29.0
42 17 97.0 173.0
53 11 180.0 141.0
58 63 129.0 138.0
41 31 168.0 182.0
45 25 175.0 199.0
23 26 182.0 71.0
5 61 119.0 77.0
27 79 141.0 73.0
27 31 24.0 39.0
54 4 128.0 156.0
18 40 45.0 57.0
88 72 54.0 13.0
46 7 96.0 29.0
29 73 24.0 30.0
13 40 20.0 143.0
7 49 189.0 114.0
7 74 187.0 165.0
10 46 190.0 115.0
18 39 138.0 187.0
39 17 80.0 192.0
18 84 107.0 176.0
39 19 20.0 132.0
56 3 31.0 193.0
55 48 162.0 173.0
38 22 97.0 149.0
33 27 133.0 39.0
81 9 55.0 72.0
8 51 48.0 135.0
81 74 16.0 155.0
12 48 87.0 188.0
6 62 111.0 70.0
50 10 52.0 73.0
4 50 146.0 102.0
82 34 132.0 80.0
43 85 3.0 187.0
5 55 62.0 3.0
19 79 160.0 78.0
50 12 65.0 47.0
21 68 41.0 176.0
64 20 47.0 93.0
75 48 16.0 193.0
60 2 113.0 148.0
44 13 154.0 68.0
28 29 53.0 16.0
10 47 179.0 13.0
51 10 66.0 44.0
30 51 194.0 107.0
33 74 198.0 41.0
34 26 93.0 14.0
4 56 94.0 158.0
29 31 116.0 48.0
28 85 79.0 169.0
55 7 177.0 10.0
47 46 28.0 44.0
50 11 1.0 22.0
89 17 13.0 0.0
12 46 15.0 106.0
15 12 35.0 61.0
23 35 141.0 103.0
79 76 189.0 20.0
28 32 58.0 119.0
7 52 17.0 38.0
31 43 131.0 170.0
55 6 31.0 144.0
78 23 170.0 47.0
39 21 111.0 157.0
43 13 0.0 52.0
6 47 197.0 141.0
8 48 196.0 7.0
78 76 98.0 165.0
53 5 38.0 181.0
21 35 147.0 69.0
28 69 147.0 69.0
40 17 3.0 58.0
17 41 76.0 3.0
35 26 196.0 73.0
42 19 36.0 192.0
24 37 134.0 134.0
20 39 55.0 124.0
53 25 72.0 2.0
55 2 95.0 19.0
25 37 87.0 98.0
64 52 81.0 163.0
28 24 107.0 77.0
89 83 145.0 143.0
5 52 128.0 32.0
68 47 42.0 135.0
33 68 117.0 114.0
31 56 9.0 164.0
50 13 109.0 49.0
87 23 114.0 190.0
82 60 69.0 173.0
52 28 125.0 167.0
48 50 44.0 53.0
62 1 10.0 38.0
48 9 191.0 79.0
30 64 55.0 152.0
36 25 175.0 164.0
5 57 167.0 41.0
27 56 119.0 188.0
53 9 31.0 44.0
43 16 14.0 75.0
12 57 21.0 176.0
69 6 8.0 164.0
48 14 109.0 15.0
49 51 84.0 36.0
69 68 164.0 51.0
59 3 24.0 84.0
20 42 54.0 7.0
11 66 121.0 68.0
50 9 119.0 95.0
45 18 101.0 79.0
37 56 47.0 162.0
68 19 17.0 131.0
36 27 120.0 134.0
56 19 122.0 97.0
61 55 181.0 176.0
15 47 40.0 54.0
23 38 43.0 112.0
28 31 185.0 97.0
18 44 17.0 184.0
53 8 38.0 35.0
52 40 178.0 110.0
11 49 189.0 52.0
25 26 155.0 122.0
58 78 170.0 148.0
61 2 87.0 13.0
13 48 194.0 25.0
45 90 84.0 11.0
38 18 128.0 74.0
2 58 10.0 58.0
3 60 112.0 152.0
21 40 69.0 67.0
31 26 82.0 39.0
63 1 31.0 169.0
58 3 141.0 25.0
37 26 33.0 177.0
29 30 10.0 114.0
47 11 140.0 21.0
54 76 127.0 52.0
40 42 155.0 197.0
70 69 18.0 37.0
76 69 165.0 1.0
26 69 13.0 58.0
38 89 58.0 198.0
64 63 35.0 68.0
38 72 72.0 175.0
57 60 118.0 0.0
5 58 42.0 73.0
80 53 35.0 12.0
83 15 77.0 152.0
44 20 111.0 42.0
1 72 94.0 169.0
36 18 142.0 129.0
82 88 150.0 167.0
19 48 191.0 68.0
59 4 157.0 185.0
38 21 79.0 144.0
32 29 4.0 109.0
50 6 161.0 116.0
73 88 50.0 55.0
38 19 11.0 144.0
67 12 134.0 161.0
5 50 98.0 126.0
5 72 133.0 8.0
41 22 73.0 12.0
12 52 164.0 30.0
16 48 17.0 77.0
59 5 115.0 67.0
31 30 168.0 126.0
25 39 106.0 54.0
5 4 46.0 156.0
37 45 57.0 179.0
42 32 174.0 83.0
10 53 138.0 90.0
57 7 98.0 107.0
50 15 26.0 13.0
41 21 166.0 146.0
19 41 150.0 24.0
55 4 81.0 196.0
28 36 118.0 91.0
68 45 184.0 44.0
10 52 2.0 74.0
40 22 10.0 52.0
51 17 151.0 37.0
30 32 40.0 70.0
56 7 126.0 190.0
36 68 173.0 159.0
35 29 33.0 91.0
27 39 15.0 17.0
75 22 180.0 169.0
64 3 85.0 143.0
71 41 149.0 37.0
28 34 108.0 189.0
74 63 29.0 34.0
4 57 33.0 154.0
77 48 172.0 67.0
86 77 12.0 188.0
9 58 153.0 192.0
47 17 171.0 38.0
58 76 87.0 121.0
45 73 88.0 195.0
45 72 65.0 69.0
75 54 170.0 99.0
44 21 58.0 143.0
18 43 34.0 70.0
28 37 76.0 187.0
29 33 121.0 47.0
54 11 188.0 8.0
51 15 129.0 76.0
26 39 63.0 195.0
30 34 44.0 185.0
27 19 22.0 54.0
37 29 108.0 57.0
59 7 193.0 184.0
51 16 124.0 114.0
45 66 39.0 112.0
61 51 167.0 168.0
60 6 61.0 30.0
2 86 29.0 105.0
62 5 11.0 52.0
35 30 79.0 71.0
46 18 176.0 72.0
32 31 95.0 52.0
55 8 196.0 134.0
67 75 197.0 115.0
51 18 83.0 58.0
66 34 113.0 65.0
4 62 64.0 124.0
29 87 83.0 143.0
54 8 194.0 11.0
2 65 73.0 89.0
21 34 139.0 21.0
44 23 152.0 136.0
60 1 99.0 35.0
35 28 137.0 12.0
55 12 147.0 1.0
28 66 40.0 183.0
40 25 172.0 35.0
63 2 45.0 197.0
23 59 82.0 185.0
46 20 142.0 34.0
3 62 130.0 193.0
85 29 43.0 67.0
15 52 36.0 143.0
30 36 31.0 28.0
57 56 90.0 3.0
16 45 144.0 136.0
6 56 78.0 178.0
8 58 14.0 172.0
11 52 107.0 96.0
51 13 74.0 103.0
51 12 55.0 62.0
46 21 52.0 86.0
69 72 102.0 143.0
64 5 163.0 198.0
57 1 98.0 41.0
47 18 174.0 65.0
22 54 6.0 33.0
42 24 166.0 33.0
33 31 10.0 21.0
59 40 149.0 63.0
55 11 93.0 51.0
45 20 189.0 57.0
59 11 119.0 39.0
34 36 147.0 93.0
51 19 199.0 105.0
26 81 101.0 118.0
89 10 28.0 112.0
56 2 51.0 177.0
41 23 122.0 97.0
23 45 161.0 63.0
16 50 172.0 80.0
66 1 33.0 71.0
17 80 123.0 32.0
14 52 157.0 24.0
73 9 193.0 186.0
29 40 52.0 196.0
6 63 79.0 126.0
70 82 156.0 193.0
47 54 59.0 80.0
52 83 59.0 92.0
72 7 52.0 182.0
70 27 173.0 162.0
88 1 14.0 118.0
27 41 112.0 19.0
61 36 159.0 143.0
28 47 35.0 67.0
11 51 113.0 46.0
43 51 85.0 172.0
35 33 97.0 89.0
23 39 111.0 70.0
27 35 167.0 78.0
38 88 167.0 31.0
58 13 33.0 78.0
42 69 73.0 20.0
54 12 50.0 138.0
87 13 75.0 87.0
59 67 32.0 124.0
31 76 131.0 96.0
24 38 142.0 50.0
54 10 169.0 61.0
27 38 71.0 3.0
44 19 188.0 144.0
39 30 198.0 38.0
64 2 16.0 25.0
76 61 185.0 0.0
48 20 184.0 69.0
31 36 197.0 79.0
66 2 113.0 167.0
57 9 22.0 136.0
5 56 139.0 10.0
31 35 162.0 138.0
23 42 35.0 130.0
86 31 114.0 20.0
5 60 1.0 99.0
65 5 66.0 151.0
62 2 55.0 131.0
53 28 89.0 77.0
80 11 165.0 29.0
73 70 22.0 79.0
5 90 52.0 57.0
30 80 118.0 166.0
72 56 184.0 72.0
39 31 66.0 2.0
64 54 37.0 121.0
3 63 51.0 78.0
21 45 135.0 168.0
23 43 165.0 157.0
31 37 99.0 169.0
16 58 18.0 18.0
24 81 100.0 2.0
54 13 110.0 118.0
60 22 41.0 99.0
24 41 84.0 44.0
38 85 167.0 19.0
56 15 123.0 84.0
25 76 90.0 23.0
44 64 198.0 60.0
54 9 100.0 98.0
20 58 109.0 162.0
41 82 54.0 102.0
9 61 27.0 139.0
14 81 179.0 147.0
13 53 85.0 102.0
18 53 130.0 127.0
41 29 105.0 128.0
4 89 22.0 157.0
18 50 108.0 83.0
43 26 171.0 162.0
3 65 100.0 198.0
49 22 107.0 79.0
28 40 166.0 192.0
7 53 82.0 48.0
52 17 15.0 139.0
48 17 54.0 37.0
4 60 149.0 114.0
69 3 96.0 120.0
8 61 198.0 196.0
57 14 145.0 105.0
43 40 173.0 63.0
52 34 133.0 7.0
52 48 49.0 148.0
27 49 164.0 55.0
50 80 118.0 65.0
1 65 80.0 166.0
38 32 24.0 30.0
64 8 56.0 121.0
30 40 10.0 182.0
10 70 142.0 95.0
79 57 36.0 191.0
15 78 193.0 1.0
31 40 118.0 63.0
27 40 164.0 150.0
86 1 38.0 140.0
42 27 156.0 94.0
68 3 148.0 118.0
89 44 58.0 42.0
62 14 95.0 95.0
56 14 153.0 40.0
48 24 22.0 71.0
57 43 132.0 138.0
20 49 174.0 170.0
42 47 40.0 82.0
63 10 15.0 140.0
21 43 79.0 25.0
70 1 0.0 174.0
57 13 139.0 105.0
21 52 107.0 113.0
82 83 57.0 39.0
12 56 174.0 31.0
46 24 126.0 14.0
34 37 135.0 93.0
55 16 9.0 14.0
26 44 64.0 162.0
54 28 26.0 3.0
24 49 99.0 85.0
13 60 3.0 157.0
78 49 118.0 177.0
61 11 23.0 45.0
33 38 44.0 158.0
30 73 153.0 5.0
44 90 116.0 17.0
7 62 135.0 94.0
6 65 161.0 35.0
46 27 44.0 116.0
63 54 138.0 115.0
7 73 39.0 162.0
21 50 12.0 35.0
7 66 158.0 165.0
6 67 99.0 26.0
87 14 146.0 186.0
61 10 60.0 59.0
29 45 98.0 56.0
4 61 9.0 188.0
58 10 86.0 0.0
36 33 172.0 50.0
47 24 187.0 82.0
82 61 7.0 86.0
74 46 138.0 105.0
17 58 164.0 198.0
15 54 65.0 62.0
58 12 165.0 74.0
36 65 32.0 3.0
52 54 136.0 4.0
15 59 121.0 76.0
12 59 32.0 128.0
55 19 138.0 170.0
26 46 99.0 102.0
19 53 8.0 164.0
89 21 175.0 174.0
7 65 77.0 7.0
36 26 3.0 166.0
64 11 148.0 125.0
69 16 48.0 132.0
54 18 46.0 186.0
9 65 100.0 146.0
36 35 74.0 109.0
76 34 21.0 2.0
54 17 195.0 51.0
40 32 126.0 199.0
62 12 119.0 74.0
68 4 73.0 119.0
3 67 82.0 71.0
14 51 53.0 135.0
28 45 189.0 80.0
15 39 91.0 162.0
42 31 16.0 87.0
15 60 193.0 143.0
6 68 43.0 113.0
48 25 140.0 68.0
63 7 91.0 175.0
61 15 197.0 145.0
67 8 185.0 186.0
28 46 102.0 28.0
43 68 145.0 119.0
56 18 67.0 138.0
70 2 15.0 63.0
8 57 182.0 156.0
23 21 189.0 25.0
44 81 99.0 186.0
42 29 6.0 36.0
23 51 140.0 61.0
40 33 189.0 37.0
13 62 33.0 9.0
9 64 71.0 49.0
37 33 83.0 5.0
44 29 81.0 72.0
74 61 53.0 132.0
43 33 113.0 11.0
67 1 68.0 6.0
43 28 102.0 58.0
39 36 103.0 136.0
39 34 46.0 126.0
73 65 182.0 81.0
15 58 172.0 15.0
22 52 3.0 25.0
3 71 99.0 69.0
65 12 18.0 168.0
81 29 42.0 120.0
76 37 136.0 97.0
25 51 87.0 134.0
60 17 126.0 21.0
72 17 189.0 51.0
64 37 50.0 193.0
76 15 79.0 150.0
62 31 111.0 97.0
59 60 45.0 153.0
8 65 123.0 181.0
89 28 189.0 11.0
26 48 109.0 68.0
11 65 156.0 98.0
14 59 13.0 7.0
38 60 50.0 44.0
74 3 179.0 162.0
24 51 192.0 24.0
28 49 0.0 116.0
16 60 12.0 189.0
36 41 84.0 73.0
67 82 124.0 41.0
16 61 24.0 137.0
30 54 40.0 75.0
7 60 40.0 171.0
47 86 126.0 33.0
32 41 80.0 78.0
29 43 91.0 44.0
76 28 54.0 176.0
63 12 56.0 178.0
72 2 78.0 32.0
17 57 26.0 70.0
69 22 105.0 66.0
54 21 92.0 183.0
55 21 28.0 124.0
71 30 7.0 120.0
55 15 79.0 61.0
22 53 34.0 87.0
30 41 106.0 64.0
63 13 28.0 84.0
70 7 163.0 85.0
55 20 155.0 7.0
21 53 164.0 183.0
71 5 91.0 172.0
44 34 120.0 170.0
42 34 83.0 106.0
5 70 109.0 190.0
77 55 183.0 89.0
48 45 132.0 146.0
26 66 77.0 87.0
50 28 89.0 42.0
59 10 133.0 180.0
63 14 176.0 6.0
31 44 91.0 60.0
4 73 43.0 152.0
35 41 6.0 27.0
18 57 163.0 90.0
64 28 20.0 193.0
52 8 181.0 109.0
4 67 104.0 115.0
38 35 58.0 81.0
37 41 124.0 101.0
48 74 75.0 168.0
58 18 168.0 33.0
45 26 7.0 83.0
26 50 4.0 179.0
32 45 16.0 185.0
42 35 28.0 121.0
26 55 63.0 86.0
23 53 198.0 187.0
83 18 192.0 73.0
77 40 31.0 160.0
4 71 187.0 190.0
39 37 87.0 143.0
19 49 94.0 104.0
14 68 10.0 74.0
84 63 34.0 73.0
34 45 195.0 32.0
63 38 79.0 187.0
68 11 51.0 62.0
56 23 167.0 190.0
85 36 185.0 54.0
56 41 50.0 31.0
70 8 122.0 61.0
88 17 68.0 108.0
76 2 124.0 16.0
52 25 66.0 3.0
26 86 150.0 117.0
5 74 196.0 69.0
87 26 62.0 181.0
67 36 25.0 64.0
61 38 40.0 100.0
50 27 15.0 108.0
2 74 99.0 139.0
22 51 87.0 165.0
15 64 133.0 37.0
33 45 143.0 129.0
49 29 119.0 157.0
19 57 50.0 145.0
24 52 15.0 90.0
26 51 106.0 30.0
68 23 59.0 157.0
89 84 80.0 146.0
35 43 156.0 165.0
33 46 174.0 99.0
52 26 136.0 94.0
71 72 81.0 186.0
71 6 97.0 96.0
46 32 5.0 4.0
24 35 73.0 64.0
57 15 146.0 105.0
30 48 138.0 55.0
36 38 24.0 113.0
22 57 97.0 160.0
41 39 42.0 178.0
78 1 57.0 139.0
49 32 161.0 62.0
10 30 45.0 34.0
31 49 139.0 144.0
62 82 77.0 29.0
65 16 172.0 101.0
42 33 155.0 69.0
57 20 191.0 149.0
56 24 34.0 48.0
75 13 193.0 195.0
42 70 135.0 191.0
23 55 81.0 26.0
50 30 95.0 158.0
71 50 155.0 20.0
44 33 138.0 63.0
1 79 66.0 129.0
62 48 38.0 100.0
13 66 133.0 31.0
77 63 196.0 20.0
12 66 99.0 77.0
54 68 155.0 147.0
80 78 72.0 63.0
27 77 97.0 10.0
46 34 192.0 164.0
69 87 60.0 30.0
30 49 188.0 193.0
79 54 49.0 137.0
22 77 16.0 101.0
17 61 105.0 124.0
9 62 175.0 177.0
60 18 3.0 73.0
46 35 100.0 147.0
9 71 117.0 160.0
62 20 131.0 58.0
31 47 33.0 180.0
29 50 171.0 49.0
12 76 48.0 76.0
3 87 177.0 24.0
57 30 177.0 181.0
32 48 195.0 29.0
89 2 153.0 65.0
75 6 68.0 84.0
68 7 87.0 53.0
53 26 131.0 11.0
81 18 93.0 132.0
34 43 39.0 70.0
69 10 147.0 169.0
9 70 94.0 142.0
37 40 90.0 47.0
59 22 56.0 159.0
78 53 197.0 96.0
3 78 0.0 81.0
57 36 40.0 93.0
74 16 182.0 31.0
43 36 3.0 81.0
74 44 195.0 49.0
19 58 17.0 85.0
71 10 78.0 74.0
7 69 180.0 28.0
67 9 127.0 180.0
10 66 99.0 119.0
50 54 60.0 33.0
8 71 158.0 15.0
43 32 72.0 105.0
41 42 91.0 90.0
75 3 148.0 169.0
74 6 19.0 129.0
69 80 84.0 146.0
76 87 76.0 135.0
50 79 24.0 88.0
72 8 172.0 135.0
48 81 79.0 44.0
84 37 171.0 170.0
53 90 40.0 71.0
60 23 147.0 59.0
65 39 149.0 184.0
71 7 145.0 177.0
89 86 122.0 121.0
71 2 87.0 94.0
50 82 32.0 166.0
37 42 180.0 155.0
80 90 68.0 172.0
24 50 145.0 168.0
17 63 118.0 46.0
21 58 111.0 63.0
18 64 160.0 34.0
35 44 42.0 47.0
65 10 149.0 26.0
34 41 185.0 129.0
77 1 92.0 53.0
66 5 131.0 190.0
86 7 197.0 49.0
73 53 4.0 60.0
80 5 42.0 165.0
76 75 146.0 36.0
13 69 87.0 95.0
78 6 157.0 24.0
18 59 67.0 2.0
30 53 129.0 199.0
16 66 144.0 78.0
14 69 114.0 149.0
76 7 160.0 108.0
63 18 64.0 58.0
7 75 51.0 104.0
14 66 112.0 160.0
80 1 162.0 180.0
47 36 39.0 43.0
12 70 196.0 183.0
1 82 196.0 62.0
71 61 133.0 108.0
65 13 121.0 149.0
24 58 155.0 124.0
69 9 196.0 68.0
70 81 57.0 110.0
27 52 166.0 96.0
79 3 86.0 163.0
17 78 19.0 34.0
18 62 62.0 104.0
83 46 135.0 135.0
82 90 97.0 42.0
26 56 47.0 93.0
19 64 97.0 104.0
50 74 136.0 64.0
77 5 101.0 174.0
47 49 104.0 120.0
47 35 165.0 119.0
34 47 193.0 52.0
17 44 114.0 42.0
30 26 76.0 161.0
17 66 105.0 125.0
37 43 155.0 41.0
37 46 29.0 9.0
68 15 31.0 85.0
69 17 40.0 148.0
62 52 29.0 185.0
38 42 61.0 95.0
27 89 62.0 137.0
79 4 148.0 167.0
25 57 29.0 55.0
55 29 102.0 58.0
12 69 156.0 85.0
58 23 15.0 148.0
81 2 187.0 44.0
18 65 130.0 48.0
80 4 124.0 144.0
32 51 61.0 24.0
55 28 198.0 90.0
52 33 42.0 53.0
24 59 0.0 150.0
44 40 159.0 15.0
4 90 47.0 146.0
10 74 49.0 130.0
48 65 142.0 125.0
33 49 9.0 3.0
54 29 126.0 8.0
24 54 46.0 121.0
5 78 124.0 46.0
33 48 105.0 35.0
63 75 174.0 105.0
42 39 70.0 175.0
58 27 199.0 12.0
62 21 185.0 161.0
49 36 112.0 63.0
73 11 85.0 158.0
73 8 130.0 161.0
59 26 91.0 187.0
56 28 116.0 65.0
90 62 93.0 186.0
72 14 97.0 44.0
76 46 131.0 34.0
27 90 60.0 43.0
44 41 194.0 98.0
45 30 129.0 76.0
15 69 91.0 172.0
58 25 187.0 7.0
22 45 172.0 32.0
44 58 109.0 21.0
65 78 113.0 40.0
48 36 43.0 125.0
23 57 51.0 189.0
34 56 43.0 132.0
10 72 188.0 135.0
2 3 172.0 128.0
74 11 31.0 96.0
39 45 24.0 92.0
3 80 134.0 137.0
70 13 12.0 129.0
3 82 73.0 63.0
51 34 16.0 116.0
71 15 144.0 4.0
38 44 186.0 116.0
36 45 34.0 169.0
76 13 112.0 10.0
69 50 170.0 199.0
74 8 152.0 182.0
48 38 134.0 25.0
48 29 147.0 102.0
56 60 43.0 91.0
54 81 188.0 29.0
66 20 160.0 175.0
18 67 111.0 24.0
20 63 151.0 33.0
55 31 103.0 103.0
21 64 156.0 189.0
32 52 70.0 103.0
24 87 46.0 65.0
63 21 183.0 187.0
49 35 161.0 95.0
58 51 184.0 24.0
84 8 47.0 135.0
28 57 84.0 150.0
71 11 196.0 192.0
18 61 87.0 18.0
78 7 52.0 133.0
71 51 127.0 188.0
17 68 182.0 41.0
36 46 51.0 118.0
54 85 195.0 98.0
13 72 67.0 32.0
15 70 77.0 15.0
23 61 170.0 164.0
31 54 0.0 174.0
33 53 156.0 79.0
77 3 105.0 90.0
67 60 61.0 108.0
32 53 11.0 56.0
41 46 53.0 30.0
51 36 41.0 130.0
61 22 100.0 11.0
23 62 17.0 52.0
53 85 2.0 126.0
78 8 142.0 59.0
88 39 192.0 3.0
20 65 39.0 156.0
83 17 21.0 44.0
85 57 167.0 62.0
73 46 19.0 19.0
5 82 167.0 37.0
9 78 112.0 169.0
76 10 109.0 7.0
82 2 27.0 53.0
30 56 179.0 18.0
79 73 132.0 0.0
4 77 112.0 51.0
39 49 155.0 132.0
48 39 154.0 74.0
57 64 119.0 67.0
16 71 124.0 180.0
67 45 11.0 152.0
9 76 143.0 190.0
28 59 77.0 27.0
60 26 150.0 190.0
4 85 99.0 57.0
59 27 183.0 54.0
58 30 151.0 54.0
81 6 135.0 76.0
60 24 168.0 98.0
53 71 39.0 64.0
75 8 92.0 69.0
57 29 175.0 42.0
8 79 32.0 74.0
6 79 159.0 167.0
76 8 52.0 111.0
71 88 133.0 188.0
88 69 69.0 102.0
75 12 14.0 61.0
43 45 131.0 58.0
41 45 178.0 58.0
21 67 185.0 162.0
16 82 119.0 144.0
78 10 15.0 123.0
75 11 161.0 148.0
77 10 133.0 183.0
69 25 178.0 99.0
57 78 19.0 61.0
41 53 11.0 149.0
47 39 74.0 148.0
5 81 46.0 145.0
82 8 47.0 13.0
26 62 34.0 160.0
53 34 181.0 119.0
84 4 17.0 111.0
59 63 138.0 36.0
46 39 153.0 102.0
80 9 192.0 180.0
17 71 100.0 191.0
52 38 79.0 147.0
47 80 131.0 65.0
84 36 94.0 64.0
16 86 83.0 112.0
47 41 144.0 22.0
68 22 38.0 49.0
46 40 174.0 183.0
75 10 101.0 74.0
26 58 49.0 132.0
34 50 187.0 132.0
54 35 138.0 82.0
22 66 70.0 22.0
77 87 84.0 166.0
20 68 46.0 123.0
25 65 152.0 20.0
42 46 114.0 54.0
69 21 52.0 115.0
15 74 119.0 191.0
42 44 166.0 10.0
83 5 18.0 189.0
31 57 52.0 54.0
29 52 121.0 50.0
18 72 19.0 73.0
56 32 89.0 86.0
79 82 154.0 93.0
24 65 196.0 26.0
38 43 33.0 115.0
9 77 104.0 3.0
84 11 39.0 156.0
53 35 79.0 160.0
48 43 99.0 50.0
73 15 35.0 140.0
66 21 91.0 189.0
83 7 83.0 87.0
86 83 127.0 69.0
79 7 174.0 31.0
55 32 126.0 13.0
8 80 175.0 5.0
61 86 127.0 26.0
73 18 34.0 162.0
82 65 173.0 125.0
52 85 27.0 56.0
45 46 177.0 106.0
89 1 184.0 103.0
78 77 175.0 62.0
24 68 104.0 151.0
18 71 67.0 183.0
27 87 47.0 101.0
22 65 73.0 20.0
84 5 61.0 100.0
51 40 56.0 39.0
34 55 126.0 193.0
23 64 4.0 102.0
42 48 198.0 60.0
85 5 30.0 65.0
33 59 144.0 30.0
85 3 190.0 17.0
82 31 138.0 52.0
67 19 126.0 194.0
86 3 100.0 52.0
62 29 118.0 57.0
19 70 198.0 116.0
90 1 55.0 180.0
17 74 51.0 199.0
64 27 148.0 41.0
80 24 68.0 86.0
63 23 26.0 146.0
64 22 15.0 78.0
88 6 120.0 133.0
14 75 118.0 70.0
49 38 137.0 174.0
85 1 130.0 140.0
16 73 37.0 79.0
43 44 116.0 105.0
50 40 123.0 94.0
25 60 163.0 138.0
20 69 113.0 83.0
75 16 160.0 31.0
36 55 122.0 49.0
26 65 81.0 53.0
83 8 151.0 71.0
58 32 152.0 19.0
81 66 86.0 75.0
71 46 50.0 49.0
70 55 15.0 163.0
56 35 147.0 127.0
87 37 43.0 22.0
52 39 42.0 76.0
33 55 64.0 146.0
35 66 56.0 16.0
62 15 173.0 94.0
56 33 150.0 23.0
57 34 18.0 165.0
14 70 92.0 117.0
66 25 91.0 135.0
61 29 29.0 134.0
77 14 187.0 94.0
70 83 132.0 43.0
10 81 19.0 105.0
61 31 60.0 169.0
77 18 103.0 78.0
50 42 152.0 147.0
54 37 5.0 44.0
88 81 158.0 35.0
33 60 63.0 146.0
59 16 1.0 196.0
82 12 63.0 20.0
27 61 0.0 75.0
55 35 160.0 55.0
26 64 140.0 113.0
89 80 37.0 145.0
32 71 105.0 147.0
72 12 5.0 168.0
80 45 170.0 158.0
2 83 0.0 185.0
32 64 150.0 152.0
76 16 171.0 110.0
28 60 1.0 111.0
41 50 27.0 38.0
35 57 3.0 132.0
32 74 170.0 160.0
28 79 187.0 92.0
58 34 170.0 187.0
40 38 113.0 72.0
81 11 63.0 84.0
36 56 99.0 64.0
18 75 146.0 78.0
80 54 22.0 101.0
2 90 33.0 144.0
38 55 181.0 21.0
28 65 12.0 152.0
22 70 104.0 125.0
20 70 126.0 119.0
51 64 67.0 177.0
7 84 29.0 165.0
69 78 34.0 3.0
66 27 60.0 20.0
21 73 10.0 42.0
25 67 110.0 175.0
47 45 138.0 166.0
30 61 124.0 16.0
84 10 59.0 143.0
12 81 171.0 40.0
86 8 56.0 157.0
22 71 136.0 69.0
4 82 180.0 98.0
74 19 35.0 90.0
62 33 92.0 125.0
65 42 116.0 169.0
67 53 39.0 175.0
54 39 149.0 10.0
17 67 10.0 158.0
13 81 171.0 98.0
81 77 51.0 151.0
60 29 148.0 38.0
41 55 96.0 40.0
26 63 144.0 12.0
55 90 95.0 183.0
58 35 21.0 197.0
80 16 161.0 183.0
35 62 176.0 85.0
20 67 51.0 179.0
72 22 32.0 151.0
72 15 39.0 128.0
59 34 179.0 183.0
61 49 187.0 27.0
40 54 79.0 160.0
16 78 17.0 41.0
69 24 5.0 193.0
86 5 144.0 9.0
32 62 123.0 176.0
69 23 162.0 162.0
19 78 78.0 93.0
67 28 30.0 17.0
27 68 179.0 109.0
60 32 0.0 196.0
70 25 95.0 6.0
71 23 7.0 191.0
11 78 136.0 82.0
58 37 175.0 50.0
83 10 60.0 5.0
77 19 16.0 90.0
17 70 129.0 196.0
25 73 34.0 129.0
73 23 151.0 81.0
16 77 86.0 158.0
56 38 74.0 174.0
18 74 81.0 1.0
49 45 39.0 141.0
84 44 38.0 56.0
52 41 189.0 119.0
27 69 82.0 23.0
37 88 142.0 186.0
63 67 27.0 28.0
88 9 77.0 53.0
59 55 50.0 111.0
16 79 194.0 41.0
72 21 75.0 184.0
57 39 2.0 64.0
13 80 39.0 36.0
66 29 178.0 134.0
39 32 8.0 157.0
48 51 95.0 37.0
65 19 77.0 97.0
56 42 45.0 23.0
72 25 194.0 120.0
20 73 165.0 196.0
43 42 120.0 157.0
51 44 174.0 50.0
35 61 170.0 134.0
61 34 187.0 18.0
75 19 177.0 64.0
74 23 99.0 22.0
65 30 108.0 93.0
65 29 101.0 73.0
33 51 80.0 173.0
73 24 127.0 6.0
66 30 106.0 49.0
42 52 136.0 93.0
35 59 93.0 113.0
67 78 42.0 192.0
11 86 59.0 102.0
55 40 152.0 112.0
58 22 32.0 32.0
51 47 198.0 111.0
17 75 195.0 56.0
78 18 115.0 131.0
14 83 8.0 160.0
53 44 64.0 50.0
37 60 69.0 75.0
32 79 191.0 21.0
58 36 88.0 175.0
17 79 176.0 38.0
79 13 179.0 171.0
77 20 160.0 46.0
88 7 87.0 168.0
80 51 102.0 103.0
52 44 108.0 171.0
6 89 145.0 100.0
30 63 194.0 185.0
10 80 113.0 122.0
20 76 122.0 44.0
47 48 104.0 82.0
79 18 8.0 143.0
20 78 0.0 110.0
78 64 96.0 108.0
8 89 78.0 193.0
90 8 102.0 24.0
84 67 127.0 167.0
55 44 196.0 49.0
81 16 149.0 100.0
57 41 9.0 109.0
80 14 171.0 9.0
40 56 133.0 20.0
7 81 18.0 12.0
83 87 97.0 120.0
37 59 79.0 24.0
12 41 103.0 75.0
77 39 193.0 5.0
44 85 117.0 3.0
49 50 42.0 89.0
39 55 65.0 128.0
33 63 114.0 83.0
24 74 15.0 12.0
82 15 46.0 46.0
76 23 170.0 149.0
89 9 77.0 164.0
48 46 11.0 195.0
29 69 118.0 53.0
47 50 67.0 183.0
36 89 106.0 134.0
84 15 170.0 73.0
17 81 100.0 16.0
54 42 196.0 23.0
53 45 197.0 73.0
42 55 93.0 8.0
35 84 49.0 11.0
20 87 124.0 69.0
44 56 139.0 182.0
67 30 91.0 61.0
66 32 170.0 144.0
19 61 171.0 118.0
14 84 20.0 120.0
59 32 68.0 113.0
21 76 192.0 70.0
73 26 140.0 69.0
47 72 51.0 32.0
85 11 35.0 94.0
34 81 70.0 157.0
90 36 119.0 41.0
62 36 135.0 139.0
43 55 86.0 155.0
12 80 57.0 31.0
13 85 114.0 150.0
13 84 163.0 165.0
79 20 150.0 198.0
58 42 112.0 20.0
21 74 154.0 183.0
89 13 119.0 89.0
85 14 114.0 6.0
77 24 91.0 171.0
50 72 192.0 157.0
36 76 83.0 155.0
78 27 89.0 33.0
42 53 197.0 153.0
34 64 146.0 104.0
21 78 196.0 17.0
61 64 165.0 110.0
83 42 53.0 8.0
34 67 10.0 46.0
19 81 127.0 45.0
90 12 73.0 169.0
52 49 8.0 23.0
33 64 175.0 106.0
45 40 15.0 123.0
30 74 112.0 180.0
73 22 22.0 117.0
24 71 146.0 184.0
39 61 80.0 25.0
74 26 50.0 106.0
70 80 80.0 58.0
89 76 32.0 8.0
85 15 140.0 47.0
26 75 32.0 52.0
60 81 25.0 6.0
56 81 106.0 123.0
88 14 33.0 187.0
66 86 164.0 35.0
45 52 134.0 196.0
74 27 52.0 166.0
49 67 5.0 192.0
66 38 65.0 189.0
65 37 4.0 90.0
88 54 110.0 63.0
32 68 8.0 143.0
32 70 173.0 124.0
36 72 36.0 59.0
63 40 165.0 40.0
18 82 89.0 122.0
87 15 100.0 154.0
84 19 196.0 57.0
41 58 74.0 106.0
83 20 169.0 35.0
33 69 5.0 94.0
16 85 110.0 193.0
23 84 26.0 75.0
27 75 199.0 67.0
35 22 120.0 100.0
21 81 82.0 116.0
68 53 151.0 156.0
73 28 4.0 120.0
60 35 87.0 161.0
52 56 153.0 197.0
31 70 158.0 179.0
88 13 188.0 158.0
20 72 140.0 108.0
88 27 196.0 22.0
43 58 22.0 147.0
58 38 81.0 178.0
45 57 56.0 169.0
60 36 139.0 9.0
29 75 22.0 49.0
83 19 111.0 11.0
90 9 136.0 3.0
76 26 46.0 84.0
90 11 87.0 20.0
60 43 187.0 121.0
72 30 40.0 43.0
38 64 8.0 179.0
51 50 37.0 30.0
43 59 158.0 100.0
11 89 113.0 46.0
65 64 47.0 111.0
56 43 117.0 134.0
12 86 76.0 104.0
67 37 162.0 117.0
42 59 155.0 170.0
31 72 18.0 144.0
50 43 11.0 128.0
49 55 87.0 76.0
55 46 124.0 134.0
57 42 58.0 41.0
21 82 77.0 134.0
63 35 54.0 39.0
79 15 129.0 161.0
17 86 60.0 147.0
80 18 4.0 23.0
24 57 163.0 91.0
53 52 14.0 87.0
48 53 177.0 72.0
90 14 79.0 55.0
52 51 62.0 134.0
27 72 122.0 143.0
63 29 56.0 134.0
59 45 24.0 60.0
59 39 150.0 188.0
39 66 182.0 164.0
65 40 190.0 159.0
85 19 109.0 69.0
79 24 21.0 123.0
45 61 156.0 143.0
41 63 180.0 13.0
20 86 98.0 4.0
50 55 113.0 48.0
73 32 32.0 95.0
84 78 100.0 22.0
86 19 34.0 161.0
58 75 50.0 55.0
15 89 12.0 158.0
24 75 165.0 144.0
65 41 182.0 63.0
86 65 17.0 47.0
35 69 134.0 49.0
62 43 123.0 187.0
60 45 114.0 110.0
74 38 136.0 116.0
88 18 47.0 148.0
69 37 51.0 13.0
21 84 191.0 33.0
23 80 121.0 161.0
21 75 77.0 8.0
37 68 101.0 1.0
46 84 128.0 15.0
86 18 48.0 16.0
48 66 107.0 96.0
7 87 156.0 158.0
87 19 30.0 147.0
81 25 199.0 151.0
56 48 9.0 77.0
51 20 2.0 110.0
84 38 73.0 82.0
82 24 69.0 74.0
85 21 26.0 129.0
40 66 168.0 134.0
87 16 7.0 150.0
25 85 117.0 158.0
23 83 72.0 126.0
31 75 62.0 26.0
59 49 129.0 88.0
80 73 175.0 198.0
43 63 115.0 153.0
38 78 150.0 35.0
42 63 167.0 109.0
57 50 5.0 84.0
35 71 176.0 29.0
55 47 119.0 191.0
25 82 75.0 48.0
83 24 29.0 3.0
89 14 45.0 96.0
46 56 69.0 195.0
39 68 61.0 188.0
74 45 82.0 19.0
47 61 40.0 11.0
87 22 172.0 159.0
86 70 130.0 199.0
53 54 35.0 111.0
36 66 59.0 80.0
72 34 112.0 80.0
79 22 159.0 125.0
27 80 182.0 41.0
56 51 105.0 22.0
61 48 191.0 77.0
32 72 49.0 73.0
41 67 94.0 85.0
69 34 34.0 153.0
85 22 180.0 146.0
88 15 97.0 139.0
52 55 169.0 79.0
65 35 144.0 74.0
64 42 174.0 87.0
77 34 114.0 175.0
67 42 137.0 8.0
80 28 27.0 123.0
76 30 199.0 7.0
70 37 116.0 96.0
17 84 169.0 85.0
78 31 62.0 113.0
85 24 194.0 188.0
39 56 59.0 108.0
78 33 58.0 148.0
29 68 129.0 85.0
87 21 89.0 80.0
49 56 176.0 5.0
17 87 85.0 97.0
77 33 65.0 99.0
48 63 30.0 11.0
60 50 132.0 89.0
45 58 75.0 191.0
42 79 106.0 4.0
47 63 17.0 195.0
23 88 174.0 145.0
52 58 46.0 11.0
77 51 122.0 111.0
33 73 106.0 152.0
86 23 38.0 39.0
54 48 45.0 113.0
82 26 84.0 103.0
82 23 23.0 53.0
61 70 94.0 149.0
82 11 0.0 140.0
63 46 125.0 122.0
71 28 22.0 31.0
85 27 3.0 12.0
80 31 15.0 0.0
29 78 52.0 51.0
76 35 3.0 27.0
36 69 49.0 49.0
89 40 110.0 1.0
20 84 21.0 187.0
84 22 121.0 196.0
84 27 198.0 76.0
54 59 80.0 13.0
46 66 36.0 84.0
30 79 128.0 191.0
30 75 175.0 177.0
71 36 175.0 38.0
27 86 108.0 196.0
48 64 190.0 181.0
74 58 87.0 188.0
49 62 168.0 119.0
55 56 41.0 156.0
66 88 155.0 169.0
89 70 171.0 82.0
71 81 36.0 98.0
39 75 94.0 96.0
71 40 192.0 84.0
83 25 123.0 31.0
86 22 146.0 43.0
34 73 174.0 140.0
71 37 87.0 81.0
47 65 142.0 10.0
50 58 134.0 131.0
85 26 194.0 28.0
46 67 95.0 186.0
22 89 19.0 19.0
64 47 130.0 117.0
61 46 113.0 104.0
47 66 31.0 152.0
43 65 184.0 126.0
53 57 178.0 70.0
37 82 45.0 172.0
63 49 157.0 93.0
25 84 103.0 176.0
84 29 92.0 33.0
28 82 174.0 157.0
55 81 174.0 158.0
31 83 48.0 111.0
79 25 81.0 27.0
60 39 100.0 127.0
32 81 93.0 58.0
51 59 114.0 148.0
55 58 136.0 159.0
77 36 144.0 62.0
39 81 3.0 71.0
39 72 149.0 4.0
47 62 148.0 31.0
5 1 148.0 48.0
73 47 118.0 194.0
81 31 77.0 32.0
57 58 194.0 165.0
75 38 38.0 91.0
44 67 105.0 194.0
82 32 59.0 54.0
72 42 115.0 7.0
45 69 29.0 16.0
83 30 159.0 147.0
83 33 76.0 189.0
37 73 135.0 23.0
85 75 183.0 174.0
44 69 172.0 40.0
78 34 51.0 31.0
18 90 31.0 118.0
58 53 113.0 61.0
41 73 97.0 25.0
30 81 16.0 125.0
34 83 55.0 103.0
88 25 194.0 190.0
50 73 19.0 166.0
77 37 112.0 70.0
33 80 140.0 144.0
89 25 20.0 53.0
21 90 58.0 69.0
89 24 117.0 26.0
33 79 13.0 172.0
44 63 60.0 8.0
31 79 124.0 32.0
50 65 121.0 189.0
33 82 119.0 61.0
66 49 7.0 91.0
79 37 94.0 17.0
75 43 105.0 11.0
89 23 188.0 71.0
45 63 145.0 48.0
81 33 186.0 21.0
31 71 130.0 107.0
28 86 89.0 1.0
88 12 37.0 97.0
38 77 15.0 131.0
30 84 139.0 72.0
46 70 126.0 127.0
82 36 84.0 23.0
73 40 47.0 70.0
44 70 7.0 177.0
80 34 142.0 96.0
72 46 180.0 180.0
83 84 26.0 195.0
81 37 187.0 165.0
22 78 137.0 66.0
35 80 131.0 21.0
61 53 198.0 130.0
43 72 175.0 157.0
50 67 14.0 70.0
27 76 67.0 194.0
88 26 23.0 93.0
89 29 172.0 11.0
79 36 73.0 61.0
41 84 109.0 157.0
86 21 51.0 59.0
29 67 90.0 179.0
43 77 76.0 105.0
68 51 116.0 143.0
64 49 154.0 92.0
51 65 100.0 126.0
52 59 154.0 174.0
75 41 101.0 63.0
71 47 174.0 104.0
84 34 16.0 64.0
29 90 135.0 44.0
33 86 118.0 4.0
84 32 23.0 24.0
19 88 139.0 123.0
83 36 64.0 93.0
56 65 159.0 165.0
38 71 26.0 133.0
45 75 141.0 194.0
86 30 196.0 77.0
61 58 155.0 66.0
9 46 184.0 130.0
30 89 81.0 123.0
43 76 91.0 97.0
42 78 13.0 2.0
58 60 141.0 191.0
88 34 108.0 82.0
76 42 106.0 56.0
49 71 177.0 61.0
86 34 4.0 113.0
69 48 3.0 37.0
90 32 186.0 47.0
88 32 137.0 151.0
86 32 174.0 30.0
90 30 159.0 34.0
82 17 73.0 65.0
75 44 128.0 2.0
48 68 169.0 84.0
51 70 13.0 125.0
88 28 14.0 152.0
89 31 110.0 103.0
58 62 133.0 36.0
80 43 127.0 44.0
28 90 28.0 152.0
54 67 112.0 108.0
48 71 127.0 34.0
76 45 178.0 141.0
70 49 8.0 192.0
66 55 50.0 71.0
55 65 133.0 136.0
85 33 146.0 60.0
70 53 85.0 175.0
33 84 143.0 150.0
69 75 94.0 70.0
74 39 130.0 24.0
66 54 109.0 138.0
73 42 199.0 111.0
44 78 151.0 132.0
86 37 126.0 97.0
75 46 29.0 163.0
71 52 88.0 172.0
56 63 144.0 134.0
65 58 15.0 74.0
45 77 144.0 124.0
75 66 43.0 143.0
59 62 167.0 146.0
41 81 129.0 93.0
77 41 32.0 159.0
69 54 171.0 120.0
63 57 133.0 116.0
87 38 44.0 100.0
43 71 130.0 141.0
64 56 198.0 125.0
70 48 36.0 117.0
70 47 40.0 117.0
72 87 93.0 25.0
50 59 38.0 16.0
67 52 69.0 171.0
86 29 182.0 65.0
72 77 115.0 112.0
66 69 59.0 65.0
39 82 82.0 47.0
85 40 68.0 74.0
88 24 105.0 113.0
61 62 101.0 143.0
35 88 41.0 122.0
62 64 194.0 24.0
39 87 93.0 109.0
72 44 140.0 104.0
89 33 7.0 22.0
65 49 12.0 27.0
13 77 97.0 69.0
75 50 37.0 198.0
52 69 74.0 31.0
78 41 110.0 20.0
71 55 22.0 155.0
84 39 69.0 162.0
81 42 181.0 28.0
68 57 134.0 194.0
44 80 20.0 32.0
76 50 12.0 9.0
59 65 19.0 39.0
47 76 191.0 129.0
47 79 149.0 13.0
54 71 57.0 170.0
88 40 98.0 38.0
57 65 4.0 33.0
79 45 180.0 24.0
90 33 54.0 145.0
35 89 73.0 73.0
35 73 88.0 16.0
37 90 85.0 189.0
38 90 21.0 94.0
62 63 166.0 120.0
87 40 21.0 170.0
56 66 121.0 154.0
74 54 109.0 176.0
46 82 182.0 135.0
76 48 98.0 23.0
49 80 90.0 136.0
87 81 187.0 63.0
87 35 137.0 153.0
23 75 10.0 110.0
70 58 105.0 132.0
73 51 150.0 166.0
47 81 121.0 85.0
69 57 138.0 172.0
85 69 101.0 180.0
75 51 158.0 88.0
70 56 67.0 47.0
49 76 43.0 30.0
63 65 89.0 148.0
53 75 187.0 192.0
89 50 173.0 109.0
70 52 113.0 63.0
81 46 183.0 166.0
78 50 17.0 93.0
59 66 70.0 85.0
49 77 128.0 113.0
74 37 3.0 169.0
37 85 48.0 190.0
55 73 31.0 173.0
51 74 25.0 97.0
90 35 117.0 9.0
83 49 23.0 87.0
43 87 101.0 46.0
85 42 20.0 29.0
38 79 157.0 23.0
87 45 54.0 157.0
80 48 101.0 38.0
59 70 149.0 127.0
82 48 77.0 18.0
77 50 41.0 52.0
43 83 68.0 142.0
58 72 39.0 40.0
65 44 34.0 148.0
57 71 150.0 88.0
68 63 105.0 51.0
45 86 68.0 54.0
79 43 65.0 97.0
50 81 7.0 106.0
66 67 162.0 28.0
69 49 46.0 153.0
40 90 17.0 80.0
57 90 145.0 167.0
39 90 165.0 50.0
71 59 71.0 33.0
72 57 106.0 136.0
80 52 31.0 114.0
73 49 120.0 193.0
83 44 198.0 167.0
59 72 157.0 15.0
85 20 120.0 102.0
84 47 54.0 85.0
66 64 185.0 125.0
84 50 183.0 43.0
61 66 5.0 15.0
48 84 118.0 77.0
46 85 58.0 68.0
75 40 68.0 16.0
66 52 123.0 188.0
76 52 31.0 129.0
69 67 95.0 168.0
82 49 30.0 31.0
76 59 29.0 187.0
56 75 65.0 147.0
69 60 161.0 76.0
64 83 174.0 181.0
60 48 137.0 97.0
66 78 139.0 121.0
71 64 7.0 186.0
90 47 79.0 37.0
48 83 22.0 108.0
50 83 157.0 39.0
83 53 178.0 70.0
48 85 122.0 152.0
59 64 169.0 11.0
89 46 14.0 60.0
66 65 179.0 21.0
89 43 32.0 58.0
60 74 131.0 6.0
90 46 100.0 40.0
71 62 120.0 30.0
62 69 193.0 194.0
73 64 116.0 162.0
56 67 64.0 82.0
72 48 190.0 44.0
77 85 5.0 174.0
43 90 98.0 88.0
66 63 187.0 150.0
51 85 10.0 107.0
89 47 2.0 155.0
66 62 150.0 118.0
42 89 19.0 167.0
78 56 123.0 9.0
60 73 142.0 128.0
71 69 142.0 41.0
48 87 40.0 81.0
48 86 190.0 2.0
83 56 7.0 192.0
77 61 73.0 157.0
84 52 119.0 92.0
77 62 57.0 194.0
59 75 58.0 199.0
62 74 139.0 0.0
53 81 12.0 131.0
80 58 122.0 2.0
49 48 23.0 129.0
78 89 72.0 96.0
79 49 154.0 192.0
77 47 87.0 163.0
90 51 103.0 145.0
67 71 147.0 42.0
68 70 59.0 159.0
76 57 54.0 181.0
50 86 70.0 78.0
51 78 15.0 143.0
40 84 165.0 122.0
88 48 86.0 52.0
83 57 164.0 142.0
90 50 180.0 111.0
22 88 121.0 191.0
80 56 198.0 127.0
64 76 86.0 68.0
63 76 103.0 54.0
57 82 172.0 68.0
62 79 70.0 10.0
70 74 22.0 186.0
82 53 151.0 154.0
77 54 9.0 24.0
86 43 55.0 7.0
44 82 41.0 142.0
90 79 138.0 144.0
64 70 41.0 62.0
65 68 163.0 63.0
82 55 18.0 185.0
53 86 171.0 169.0
62 68 107.0 181.0
66 57 53.0 114.0
59 82 8.0 46.0
81 64 32.0 98.0
57 86 47.0 74.0
65 75 65.0 10.0
50 87 38.0 35.0
59 68 77.0 9.0
90 63 46.0 136.0
56 87 51.0 51.0
61 79 15.0 11.0
86 52 51.0 48.0
53 84 14.0 50.0
84 54 150.0 79.0
64 74 199.0 188.0
60 65 173.0 76.0
73 75 127.0 171.0
75 64 25.0 131.0
53 88 17.0 193.0
87 62 33.0 20.0
68 79 78.0 47.0
44 71 41.0 181.0
84 59 17.0 40.0
39 78 116.0 190.0
69 55 199.0 195.0
84 56 160.0 176.0
80 65 81.0 129.0
70 78 29.0 114.0
69 77 53.0 60.0
65 77 187.0 95.0
79 60 186.0 4.0
70 76 92.0 102.0
75 68 196.0 43.0
63 80 101.0 157.0
68 76 104.0 182.0
71 76 7.0 85.0
45 83 3.0 13.0
60 89 149.0 190.0
79 59 7.0 135.0
63 73 2.0 100.0
59 89 166.0 151.0
86 81 57.0 19.0
71 74 134.0 113.0
64 79 164.0 94.0
80 66 82.0 168.0
88 31 66.0 183.0
56 90 151.0 74.0
66 79 50.0 154.0
84 58 137.0 168.0
56 88 15.0 146.0
85 58 95.0 102.0
68 80 57.0 12.0
49 85 126.0 140.0
87 58 148.0 192.0
76 72 5.0 51.0
64 86 166.0 7.0
61 87 131.0 55.0
60 84 161.0 147.0
74 76 77.0 9.0
74 78 156.0 135.0
87 64 195.0 82.0
73 76 96.0 95.0
84 69 189.0 102.0
70 77 119.0 107.0
68 84 9.0 2.0
63 79 183.0 123.0
62 78 51.0 61.0
67 73 10.0 7.0
77 75 125.0 157.0
56 89 9.0 22.0
80 59 8.0 150.0
81 72 79.0 79.0
79 72 192.0 40.0
70 84 38.0 127.0
46 69 104.0 89.0
64 77 63.0 66.0
84 66 54.0 189.0
90 64 133.0 15.0
84 71 128.0 141.0
74 66 100.0 159.0
89 62 190.0 44.0
58 88 163.0 28.0
78 71 1.0 67.0
71 80 57.0 64.0
52 89 91.0 112.0
62 80 55.0 24.0
89 48 21.0 136.0
89 72 193.0 122.0
58 89 11.0 136.0
80 74 3.0 174.0
61 83 105.0 156.0
64 89 141.0 163.0
68 87 194.0 32.0
83 71 0.0 2.0
87 59 160.0 21.0
65 76 129.0 106.0
83 72 104.0 92.0
90 59 97.0 107.0
68 89 43.0 154.0
64 85 166.0 184.0
83 76 51.0 160.0
65 88 47.0 3.0
83 85 86.0 160.0
67 88 134.0 167.0
78 85 122.0 38.0
70 75 40.0 171.0
80 77 101.0 83.0
71 89 44.0 67.0
79 78 14.0 47.0
90 67 99.0 14.0
67 87 146.0 185.0
72 85 108.0 32.0
80 82 96.0 30.0
83 73 186.0 136.0
55 76 179.0 40.0
80 79 133.0 175.0
89 61 86.0 147.0
82 78 51.0 185.0
56 77 183.0 149.0
60 51 45.0 91.0
77 73 30.0 141.0
82 72 60.0 168.0
84 87 97.0 39.0
71 82 11.0 30.0
72 86 14.0 49.0
89 73 179.0 17.0
75 79 38.0 162.0
90 65 161.0 83.0
89 85 108.0 191.0
79 77 111.0 168.0
87 71 140.0 161.0
71 90 164.0 104.0
90 77 165.0 130.0
77 59 48.0 144.0
55 25 70.0 87.0
90 88 144.0 31.0
81 82 9.0 52.0
28 42 7.0 72.0
73 86 106.0 100.0
79 84 50.0 22.0
85 67 97.0 15.0
83 74 21.0 98.0
49 89 186.0 43.0
15 65 62.0 83.0
80 72 40.0 23.0
81 63 40.0 0.0
78 90 10.0 98.0
82 84 13.0 13.0
83 69 181.0 63.0
84 73 14.0 154.0
87 78 109.0 0.0
89 54 81.0 172.0
74 82 31.0 121.0
87 65 29.0 71.0
88 78 29.0 191.0
76 84 20.0 195.0
68 86 29.0 1.0
81 57 69.0 43.0
83 77 31.0 130.0
85 88 154.0 112.0
85 47 197.0 185.0
70 88 33.0 26.0
86 88 124.0 62.0
25 87 111.0 144.0
88 80 86.0 140.0
86 79 108.0 107.0
71 73 162.0 139.0
87 70 46.0 116.0
47 74 97.0 44.0
61 90 190.0 130.0
51 81 167.0 114.0
83 68 118.0 78.0
62 27 159.0 156.0
90 34 133.0 19.0
77 84 2.0 95.0
88 77 1.0 49.0
67 89 77.0 98.0
89 81 60.0 20.0
86 51 176.0 27.0
90 81 156.0 46.0
49 87 31.0 68.0
88 83 129.0 164.0
83 78 9.0 83.0
74 86 144.0 162.0
80 60 149.0 173.0
73 85 168.0 161.0
90 60 33.0 144.0
89 41 74.0 189.0
72 90 21.0 105.0
72 74 143.0 102.0
78 73 113.0 105.0
76 86 199.0 57.0
86 9 74.0 100.0
55 86 112.0 194.0
75 71 199.0 145.0
11 8 84.0 73.0
88 60 41.0 57.0
88 55 137.0 136.0
26 83 166.0 50.0
90 86 93.0 118.0
79 87 169.0 120.0
69 65 81.0 81.0
59 88 143.0 32.0
81 80 9.0 27.0
43 88 139.0 50.0
0
