92 4186 12 47 806735
12 83 8.0 184.0
15 11 98.0 159.0
7 88 50.0 92.0
70 87 190.0 179.0
81 45 63.0 69.0
23 27 48.0 8.0
76 38 74.0 96.0
77 15 60.0 100.0
45 74 154.0 68.0
84 36 149.0 5.0
31 70 111.0 152.0
64 60 51.0 54.0
52 56 121.0 67.0
82 44 8.0 170.0
81 31 57.0 34.0
46 60 85.0 117.0
41 2 155.0 192.0
37 18 163.0 57.0
35 34 90.0 74.0
1 53 115.0 93.0
16 73 129.0 37.0
64 44 104.0 89.0
74 33 10.0 161.0
92 11 87.0 96.0
52 57 35.0 194.0
22 36 35.0 198.0
69 22 56.0 77.0
74 16 157.0 124.0
36 26 23.0 86.0
69 48 1.0 127.0
28 9 62.0 164.0
59 65 141.0 101.0
69 21 89.0 176.0
4 64 112.0 76.0
85 11 57.0 120.0
66 1 160.0 14.0
26 81 181.0 135.0
77 51 31.0 135.0
59 92 76.0 46.0
64 40 115.0 17.0
60 3 143.0 156.0
14 25 25.0 7.0
75 68 167.0 34.0
17 58 185.0 80.0
46 48 185.0 167.0
7 19 132.0 17.0
58 16 16.0 9.0
3 15 158.0 131.0
57 28 197.0 53.0
52 13 162.0 174.0
80 82 119.0 129.0
47 22 15.0 105.0
18 13 7.0 1.0
71 47 31.0 139.0
10 9 51.0 199.0
24 15 3.0 161.0
42 43 192.0 153.0
55 28 22.0 106.0
57 81 50.0 141.0
50 15 126.0 66.0
27 56 100.0 133.0
50 62 78.0 131.0
70 91 156.0 129.0
53 40 133.0 160.0
82 74 140.0 78.0
9 41 81.0 162.0
29 56 74.0 131.0
71 62 76.0 0.0
65 39 61.0 129.0
8 89 36.0 139.0
36 6 107.0 145.0
45 42 25.0 193.0
23 4 114.0 165.0
44 88 84.0 147.0
52 16 141.0 110.0
77 7 101.0 169.0
45 71 59.0 114.0
16 7 6.0 48.0
52 50 43.0 113.0
91 7 172.0 68.0
50 39 193.0 38.0
34 83 152.0 29.0
6 28 101.0 93.0
74 32 102.0 154.0
10 46 72.0 161.0
92 10 102.0 78.0
59 5 156.0 97.0
51 14 188.0 80.0
52 12 169.0 133.0
2 71 178.0 121.0
46 76 6.0 31.0
6 3 143.0 60.0
13 2 82.0 168.0
36 59 42.0 136.0
11 42 49.0 198.0
55 60 54.0 37.0
71 67 111.0 175.0
85 21 89.0 41.0
4 9 45.0 95.0
59 53 65.0 141.0
79 66 17.0 99.0
72 64 50.0 59.0
13 59 171.0 51.0
26 57 143.0 25.0
71 77 46.0 6.0
5 48 16.0 135.0
4 47 82.0 61.0
7 43 172.0 99.0
16 4 171.0 190.0
67 26 55.0 173.0
84 65 4.0 26.0
69 20 26.0 99.0
44 70 155.0 72.0
25 92 128.0 171.0
86 58 32.0 10.0
8 18 3.0 4.0
61 47 47.0 126.0
21 84 111.0 54.0
4 53 91.0 68.0
20 64 190.0 117.0
42 18 33.0 145.0
57 10 89.0 161.0
67 68 193.0 121.0
5 12 149.0 196.0
7 11 76.0 196.0
42 87 0.0 140.0
87 73 69.0 91.0
44 25 56.0 59.0
82 42 97.0 90.0
91 76 128.0 139.0
52 41 16.0 121.0
31 27 67.0 165.0
19 1 70.0 143.0
13 76 151.0 70.0
4 19 123.0 20.0
83 45 24.0 179.0
34 22 63.0 73.0
6 57 104.0 143.0
6 25 67.0 120.0
2 18 31.0 86.0
88 59 68.0 53.0
82 56 13.0 19.0
22 24 64.0 136.0
68 4 12.0 40.0
66 6 66.0 75.0
63 71 7.0 122.0
4 7 73.0 26.0
24 90 183.0 104.0
4 22 16.0 51.0
26 71 22.0 29.0
2 42 85.0 86.0
86 39 178.0 49.0
45 14 22.0 196.0
84 7 34.0 29.0
53 68 95.0 108.0
13 9 167.0 78.0
71 58 107.0 136.0
76 62 13.0 129.0
1 6 20.0 50.0
43 28 190.0 150.0
41 87 24.0 164.0
41 14 80.0 58.0
30 51 121.0 175.0
8 67 5.0 41.0
72 2 39.0 112.0
11 14 129.0 52.0
18 83 160.0 101.0
18 24 82.0 102.0
18 28 13.0 106.0
41 53 13.0 93.0
52 82 118.0 135.0
4 13 66.0 123.0
54 8 151.0 105.0
21 26 142.0 81.0
16 47 117.0 54.0
71 25 183.0 199.0
52 26 36.0 197.0
26 7 160.0 49.0
36 65 194.0 78.0
77 22 121.0 13.0
69 7 169.0 25.0
73 83 143.0 63.0
37 6 74.0 12.0
30 56 97.0 58.0
29 40 98.0 85.0
86 35 17.0 58.0
8 70 87.0 163.0
39 25 31.0 161.0
32 67 179.0 0.0
57 64 132.0 122.0
69 64 5.0 159.0
27 82 175.0 54.0
29 52 177.0 73.0
87 44 49.0 146.0
21 55 15.0 88.0
79 38 189.0 198.0
12 23 79.0 168.0
86 12 97.0 164.0
75 48 132.0 54.0
37 90 20.0 107.0
49 17 178.0 149.0
9 73 188.0 179.0
75 53 100.0 155.0
38 58 57.0 42.0
80 83 68.0 136.0
2 17 183.0 117.0
6 2 67.0 116.0
2 32 137.0 39.0
89 82 124.0 68.0
62 20 147.0 112.0
20 17 137.0 199.0
74 66 29.0 194.0
57 15 57.0 97.0
72 20 110.0 193.0
64 10 124.0 130.0
41 86 144.0 13.0
75 90 195.0 68.0
18 22 148.0 142.0
38 23 78.0 85.0
7 12 139.0 107.0
59 6 49.0 197.0
25 75 15.0 111.0
84 54 39.0 91.0
88 17 121.0 136.0
15 5 67.0 69.0
26 32 194.0 15.0
54 46 193.0 73.0
89 45 150.0 84.0
50 2 13.0 199.0
76 56 178.0 28.0
17 64 19.0 170.0
81 11 114.0 93.0
55 79 56.0 181.0
58 25 135.0 50.0
70 56 86.0 80.0
49 53 97.0 36.0
3 57 125.0 111.0
20 32 107.0 104.0
4 35 91.0 127.0
85 13 146.0 5.0
39 43 11.0 154.0
67 10 40.0 98.0
65 27 40.0 126.0
80 75 197.0 90.0
79 82 105.0 122.0
11 4 7.0 165.0
37 65 136.0 98.0
25 24 198.0 35.0
14 86 184.0 161.0
3 77 131.0 24.0
11 27 37.0 171.0
49 50 23.0 186.0
79 42 59.0 80.0
44 18 140.0 66.0
30 62 105.0 76.0
33 28 70.0 103.0
62 78 199.0 54.0
10 43 67.0 130.0
17 63 52.0 57.0
60 84 34.0 27.0
33 37 40.0 93.0
2 60 147.0 132.0
69 17 153.0 52.0
15 7 77.0 175.0
18 26 2.0 28.0
68 52 95.0 21.0
62 91 184.0 99.0
83 52 178.0 18.0
36 12 92.0 170.0
20 7 51.0 191.0
64 37 39.0 156.0
6 12 29.0 116.0
73 81 123.0 183.0
80 53 172.0 170.0
52 31 61.0 157.0
82 36 136.0 191.0
88 87 62.0 180.0
41 65 31.0 65.0
49 43 72.0 22.0
90 31 18.0 53.0
60 25 90.0 93.0
25 1 179.0 63.0
31 57 139.0 192.0
5 11 138.0 75.0
47 40 114.0 152.0
52 87 99.0 98.0
37 9 49.0 123.0
40 77 46.0 19.0
49 66 109.0 136.0
66 84 71.0 40.0
48 6 175.0 10.0
58 42 115.0 113.0
29 67 128.0 181.0
6 5 132.0 179.0
37 56 11.0 181.0
40 78 100.0 57.0
51 18 51.0 161.0
5 13 124.0 74.0
15 65 3.0 99.0
54 58 21.0 70.0
72 13 19.0 149.0
80 2 35.0 103.0
57 5 71.0 46.0
82 12 159.0 123.0
70 5 154.0 10.0
15 53 24.0 78.0
65 7 145.0 28.0
12 27 126.0 167.0
39 21 186.0 145.0
62 89 37.0 173.0
41 73 26.0 61.0
84 5 132.0 185.0
10 17 107.0 86.0
69 2 57.0 131.0
48 8 38.0 154.0
35 18 16.0 164.0
79 54 195.0 154.0
90 33 97.0 185.0
13 39 79.0 75.0
83 74 3.0 164.0
90 23 97.0 62.0
64 11 14.0 106.0
18 58 171.0 4.0
75 61 132.0 140.0
22 3 194.0 128.0
75 78 26.0 44.0
3 16 45.0 58.0
41 27 93.0 49.0
49 52 96.0 143.0
62 2 67.0 110.0
59 12 101.0 190.0
72 35 169.0 33.0
78 2 55.0 115.0
27 52 89.0 34.0
20 81 11.0 135.0
15 81 194.0 57.0
40 85 57.0 90.0
34 18 16.0 124.0
29 51 7.0 69.0
34 67 126.0 128.0
69 57 146.0 133.0
56 28 34.0 188.0
56 80 77.0 198.0
68 76 10.0 72.0
68 59 112.0 67.0
76 88 87.0 80.0
87 78 7.0 47.0
1 16 124.0 85.0
20 59 127.0 22.0
87 7 149.0 113.0
86 88 0.0 179.0
71 4 77.0 11.0
10 75 185.0 142.0
19 51 32.0 24.0
77 12 80.0 39.0
68 61 122.0 156.0
67 19 32.0 1.0
66 64 130.0 182.0
7 22 49.0 83.0
65 79 81.0 126.0
9 21 98.0 18.0
72 60 167.0 130.0
19 54 17.0 47.0
62 80 140.0 92.0
46 74 178.0 172.0
85 51 139.0 61.0
72 41 79.0 188.0
67 43 66.0 113.0
64 80 130.0 165.0
87 24 193.0 49.0
26 33 62.0 162.0
20 11 88.0 154.0
33 24 60.0 19.0
22 57 149.0 199.0
45 88 166.0 180.0
39 58 45.0 32.0
86 78 103.0 127.0
10 85 62.0 96.0
25 36 179.0 76.0
15 2 117.0 19.0
19 35 143.0 178.0
91 22 46.0 44.0
18 74 75.0 12.0
79 90 47.0 72.0
75 92 143.0 151.0
84 8 151.0 5.0
43 83 28.0 130.0
78 90 127.0 145.0
33 60 10.0 70.0
82 32 74.0 57.0
53 18 114.0 101.0
15 62 117.0 162.0
61 26 99.0 60.0
14 8 27.0 50.0
73 49 69.0 55.0
86 17 125.0 148.0
77 91 33.0 88.0
30 14 129.0 59.0
71 29 137.0 44.0
13 6 57.0 54.0
48 7 87.0 156.0
37 7 136.0 114.0
3 86 27.0 157.0
11 30 54.0 105.0
69 14 113.0 39.0
14 7 8.0 195.0
3 40 143.0 97.0
62 56 172.0 152.0
11 37 54.0 59.0
83 71 12.0 143.0
64 33 121.0 191.0
2 10 186.0 175.0
50 11 83.0 51.0
77 55 122.0 92.0
5 7 138.0 17.0
6 46 15.0 110.0
82 59 151.0 69.0
77 73 143.0 115.0
54 80 23.0 65.0
24 21 101.0 161.0
32 69 71.0 136.0
32 89 152.0 146.0
39 84 167.0 43.0
38 70 18.0 182.0
19 3 123.0 122.0
49 58 81.0 67.0
18 1 156.0 56.0
41 58 83.0 9.0
5 8 96.0 107.0
15 54 48.0 1.0
85 37 157.0 15.0
14 10 177.0 176.0
11 10 120.0 100.0
16 48 136.0 1.0
16 50 128.0 44.0
1 13 64.0 163.0
67 87 124.0 112.0
88 2 196.0 124.0
38 84 163.0 105.0
41 22 193.0 140.0
20 29 171.0 65.0
25 76 163.0 59.0
33 4 159.0 43.0
53 56 58.0 23.0
90 92 57.0 135.0
2 84 14.0 53.0
76 79 191.0 177.0
49 62 27.0 136.0
91 83 174.0 198.0
66 82 1.0 89.0
85 42 124.0 112.0
45 72 73.0 135.0
3 7 176.0 130.0
2 44 80.0 190.0
71 73 190.0 72.0
42 33 51.0 17.0
63 81 183.0 177.0
18 60 146.0 137.0
9 18 148.0 70.0
38 50 160.0 173.0
11 6 157.0 88.0
16 59 37.0 37.0
39 30 140.0 179.0
11 90 32.0 143.0
26 78 46.0 168.0
85 34 196.0 192.0
51 84 43.0 96.0
41 42 48.0 155.0
14 12 69.0 5.0
71 91 128.0 106.0
69 19 174.0 20.0
56 61 104.0 158.0
86 11 129.0 150.0
44 72 42.0 77.0
63 66 82.0 37.0
15 78 72.0 130.0
37 12 118.0 141.0
51 56 186.0 199.0
74 12 24.0 112.0
8 2 172.0 80.0
18 4 188.0 53.0
75 63 188.0 182.0
36 89 2.0 70.0
22 50 9.0 26.0
9 60 122.0 80.0
63 80 108.0 60.0
91 33 186.0 132.0
40 42 0.0 110.0
45 17 74.0 188.0
27 64 54.0 62.0
8 49 12.0 56.0
46 63 78.0 21.0
70 2 71.0 152.0
81 2 87.0 179.0
74 9 188.0 73.0
50 24 177.0 188.0
40 26 146.0 3.0
37 62 147.0 0.0
18 73 139.0 159.0
43 41 195.0 17.0
43 86 22.0 18.0
35 79 24.0 109.0
87 91 195.0 12.0
19 2 17.0 124.0
63 36 86.0 115.0
5 88 45.0 185.0
68 5 117.0 184.0
45 58 14.0 64.0
92 32 9.0 189.0
58 7 151.0 185.0
6 23 55.0 146.0
60 63 41.0 72.0
6 49 93.0 79.0
84 61 131.0 138.0
65 12 36.0 48.0
69 90 55.0 3.0
69 41 85.0 65.0
47 87 179.0 36.0
57 63 111.0 34.0
73 52 153.0 152.0
48 64 54.0 46.0
32 1 55.0 185.0
14 2 192.0 44.0
4 36 151.0 47.0
76 41 137.0 36.0
76 73 123.0 69.0
83 56 10.0 187.0
15 92 113.0 115.0
12 58 170.0 168.0
17 3 13.0 178.0
48 31 94.0 5.0
14 37 116.0 45.0
78 70 88.0 5.0
50 3 159.0 163.0
7 47 44.0 121.0
47 33 117.0 158.0
90 67 103.0 87.0
12 10 179.0 116.0
48 14 12.0 73.0
50 40 98.0 80.0
57 71 106.0 138.0
21 79 42.0 17.0
33 92 150.0 39.0
32 14 181.0 67.0
28 68 162.0 36.0
45 1 164.0 141.0
54 12 6.0 176.0
7 8 190.0 105.0
32 64 159.0 96.0
50 19 158.0 154.0
18 10 188.0 108.0
63 37 169.0 121.0
12 46 159.0 83.0
86 30 38.0 123.0
81 53 30.0 45.0
14 79 156.0 172.0
50 18 147.0 115.0
76 58 196.0 57.0
15 42 156.0 184.0
78 11 80.0 77.0
4 50 77.0 40.0
27 84 82.0 115.0
84 89 124.0 64.0
75 41 112.0 80.0
6 81 96.0 11.0
86 65 184.0 92.0
4 6 79.0 140.0
64 3 102.0 111.0
52 64 21.0 179.0
8 13 130.0 55.0
52 80 174.0 7.0
68 88 165.0 86.0
24 2 5.0 61.0
66 27 150.0 189.0
80 86 70.0 181.0
88 38 134.0 124.0
9 25 111.0 107.0
28 47 110.0 194.0
34 46 141.0 84.0
81 23 180.0 106.0
21 3 136.0 185.0
14 71 160.0 39.0
10 7 163.0 182.0
50 12 62.0 97.0
76 10 114.0 125.0
4 12 1.0 24.0
57 46 17.0 142.0
16 65 51.0 197.0
92 63 97.0 139.0
16 8 171.0 9.0
76 1 16.0 134.0
12 89 14.0 30.0
46 45 60.0 80.0
56 81 4.0 61.0
74 68 149.0 21.0
80 19 179.0 0.0
29 76 116.0 28.0
47 42 173.0 87.0
42 63 136.0 141.0
6 7 147.0 102.0
29 79 59.0 7.0
16 70 4.0 63.0
20 1 188.0 153.0
71 6 110.0 119.0
30 88 19.0 26.0
77 27 22.0 144.0
37 50 46.0 110.0
86 10 89.0 145.0
5 10 186.0 149.0
42 1 158.0 143.0
54 69 103.0 146.0
23 50 55.0 14.0
85 89 52.0 26.0
23 75 98.0 26.0
32 18 65.0 96.0
27 78 49.0 154.0
11 36 127.0 36.0
77 4 117.0 85.0
72 76 85.0 172.0
73 43 12.0 92.0
40 75 141.0 65.0
13 7 96.0 40.0
49 65 82.0 113.0
51 32 132.0 132.0
5 3 143.0 59.0
4 82 30.0 12.0
3 4 177.0 116.0
84 25 158.0 189.0
48 47 119.0 99.0
79 4 30.0 167.0
69 85 62.0 113.0
25 90 175.0 194.0
38 42 64.0 70.0
11 13 79.0 94.0
11 35 45.0 56.0
8 82 2.0 3.0
37 8 54.0 73.0
20 2 174.0 36.0
16 5 173.0 188.0
7 35 111.0 100.0
25 67 90.0 127.0
11 8 127.0 169.0
77 18 59.0 172.0
2 5 131.0 13.0
12 48 25.0 185.0
18 5 1.0 152.0
68 49 21.0 127.0
84 64 15.0 133.0
79 57 10.0 105.0
7 52 123.0 137.0
17 83 131.0 182.0
35 17 117.0 62.0
12 68 163.0 94.0
34 51 48.0 116.0
5 4 14.0 21.0
20 55 181.0 181.0
60 59 153.0 191.0
10 4 22.0 76.0
8 10 181.0 105.0
32 61 194.0 50.0
36 81 44.0 157.0
40 70 82.0 44.0
78 3 148.0 96.0
5 34 139.0 81.0
40 65 133.0 45.0
86 70 0.0 107.0
2 25 91.0 133.0
53 12 4.0 85.0
41 47 175.0 0.0
65 26 145.0 57.0
28 54 83.0 45.0
35 91 1.0 175.0
63 69 8.0 86.0
86 66 178.0 8.0
59 23 194.0 21.0
74 92 109.0 150.0
86 16 177.0 84.0
81 30 59.0 122.0
31 84 84.0 94.0
82 38 148.0 86.0
54 73 135.0 156.0
47 1 180.0 65.0
63 59 136.0 126.0
6 34 199.0 197.0
89 63 128.0 128.0
92 48 78.0 139.0
39 34 168.0 114.0
20 37 48.0 116.0
6 16 147.0 135.0
21 37 47.0 79.0
4 2 32.0 135.0
75 89 14.0 31.0
59 1 46.0 94.0
48 82 85.0 76.0
21 2 178.0 5.0
64 26 172.0 26.0
46 67 86.0 119.0
11 23 49.0 85.0
64 29 190.0 82.0
65 70 23.0 156.0
70 68 92.0 69.0
5 62 159.0 130.0
6 8 182.0 137.0
70 57 106.0 154.0
31 74 40.0 192.0
44 30 179.0 90.0
6 65 154.0 121.0
42 74 119.0 177.0
25 3 69.0 11.0
84 78 182.0 28.0
30 75 38.0 117.0
3 18 160.0 144.0
26 54 120.0 0.0
31 47 16.0 51.0
19 41 156.0 122.0
23 52 130.0 75.0
34 7 96.0 151.0
14 6 9.0 30.0
16 9 132.0 199.0
13 14 116.0 92.0
85 1 151.0 36.0
17 9 101.0 167.0
6 17 14.0 57.0
61 37 93.0 97.0
84 81 103.0 189.0
65 52 78.0 112.0
20 48 138.0 10.0
79 19 191.0 54.0
20 39 82.0 142.0
83 38 47.0 135.0
47 78 146.0 13.0
62 47 48.0 39.0
36 57 91.0 103.0
56 4 70.0 170.0
91 49 37.0 8.0
68 27 86.0 28.0
14 35 43.0 120.0
72 12 85.0 90.0
89 1 78.0 31.0
87 71 77.0 78.0
75 71 57.0 169.0
22 52 28.0 128.0
8 9 162.0 17.0
17 8 64.0 48.0
3 8 150.0 107.0
13 55 176.0 35.0
3 79 172.0 54.0
11 9 146.0 50.0
80 92 16.0 155.0
91 60 85.0 44.0
22 2 131.0 0.0
7 73 25.0 195.0
74 75 97.0 175.0
77 23 162.0 25.0
49 85 124.0 87.0
54 90 184.0 22.0
37 91 170.0 0.0
58 66 89.0 7.0
87 4 69.0 20.0
77 16 33.0 46.0
39 27 130.0 82.0
49 28 69.0 45.0
20 73 56.0 145.0
18 85 81.0 40.0
83 6 111.0 51.0
11 16 48.0 1.0
4 24 82.0 69.0
54 17 67.0 115.0
10 13 178.0 149.0
23 1 196.0 199.0
39 90 99.0 52.0
82 14 11.0 180.0
19 40 76.0 74.0
11 12 68.0 76.0
17 12 94.0 150.0
55 66 104.0 113.0
23 5 70.0 82.0
6 35 87.0 66.0
3 13 92.0 139.0
33 12 154.0 55.0
92 82 1.0 182.0
21 7 158.0 69.0
17 32 170.0 4.0
45 86 2.0 74.0
20 66 92.0 72.0
8 92 170.0 132.0
4 17 78.0 14.0
63 22 149.0 32.0
11 71 107.0 102.0
89 28 181.0 65.0
59 22 82.0 103.0
10 3 174.0 84.0
28 42 182.0 66.0
26 3 162.0 152.0
74 3 68.0 192.0
20 5 137.0 169.0
47 21 166.0 197.0
15 10 42.0 99.0
29 36 174.0 76.0
90 70 172.0 148.0
19 20 174.0 154.0
30 15 43.0 136.0
57 85 67.0 63.0
61 5 198.0 156.0
15 12 156.0 116.0
5 9 52.0 198.0
84 35 104.0 178.0
52 76 161.0 28.0
43 59 115.0 135.0
21 64 120.0 110.0
4 34 159.0 187.0
79 60 118.0 157.0
58 83 65.0 74.0
39 41 13.0 117.0
24 92 38.0 69.0
23 18 20.0 152.0
24 64 175.0 88.0
36 23 118.0 95.0
5 27 34.0 78.0
34 76 26.0 152.0
14 60 55.0 43.0
48 77 102.0 20.0
77 86 134.0 93.0
11 82 169.0 107.0
53 52 51.0 144.0
74 80 69.0 170.0
14 21 155.0 103.0
1 5 1.0 133.0
12 42 190.0 8.0
26 46 49.0 45.0
79 15 9.0 136.0
44 12 75.0 178.0
63 84 183.0 127.0
20 3 92.0 5.0
18 21 188.0 199.0
25 21 7.0 141.0
1 17 103.0 198.0
36 56 153.0 104.0
18 25 20.0 162.0
36 78 73.0 95.0
17 39 82.0 9.0
36 43 176.0 126.0
14 5 95.0 117.0
11 47 23.0 54.0
89 49 147.0 126.0
16 12 180.0 101.0
88 60 59.0 152.0
2 26 124.0 84.0
75 50 150.0 7.0
40 46 86.0 78.0
36 40 125.0 133.0
35 92 70.0 148.0
89 44 39.0 170.0
15 52 33.0 20.0
59 49 43.0 44.0
85 2 51.0 167.0
91 39 34.0 1.0
24 5 127.0 72.0
80 18 137.0 52.0
17 61 136.0 159.0
5 17 189.0 128.0
18 7 87.0 175.0
29 12 149.0 82.0
13 74 123.0 0.0
61 18 92.0 109.0
57 74 115.0 19.0
24 7 186.0 52.0
44 65 155.0 123.0
14 3 94.0 96.0
10 1 127.0 181.0
23 3 143.0 28.0
41 77 192.0 18.0
42 72 22.0 84.0
53 24 102.0 89.0
7 63 6.0 89.0
35 69 47.0 161.0
92 30 70.0 141.0
42 67 76.0 149.0
34 75 154.0 19.0
7 59 196.0 98.0
78 80 178.0 170.0
19 9 21.0 32.0
62 38 107.0 27.0
14 57 52.0 107.0
17 11 182.0 122.0
1 30 116.0 58.0
15 1 112.0 70.0
25 26 185.0 60.0
13 23 198.0 115.0
63 73 195.0 171.0
18 71 107.0 103.0
35 59 40.0 159.0
75 47 189.0 174.0
83 86 60.0 106.0
28 2 131.0 124.0
7 1 57.0 68.0
5 22 9.0 8.0
49 44 105.0 5.0
6 22 20.0 12.0
43 25 136.0 12.0
71 84 16.0 78.0
25 13 35.0 76.0
33 49 66.0 118.0
23 9 105.0 123.0
15 60 158.0 114.0
3 11 145.0 64.0
40 57 153.0 117.0
81 19 110.0 42.0
50 29 41.0 78.0
81 43 120.0 28.0
40 51 196.0 186.0
14 16 111.0 101.0
58 89 160.0 69.0
52 74 171.0 105.0
39 24 66.0 124.0
42 31 126.0 129.0
59 8 94.0 119.0
91 12 173.0 15.0
62 22 33.0 169.0
60 56 65.0 96.0
52 55 30.0 25.0
76 28 117.0 1.0
51 39 115.0 136.0
69 70 187.0 193.0
25 85 90.0 81.0
4 45 160.0 63.0
15 18 121.0 193.0
73 11 199.0 186.0
65 77 11.0 181.0
52 40 9.0 81.0
16 10 161.0 124.0
31 22 162.0 100.0
54 55 144.0 5.0
7 33 184.0 104.0
90 74 13.0 58.0
84 37 51.0 164.0
20 9 111.0 15.0
26 17 198.0 120.0
28 3 3.0 111.0
34 25 46.0 165.0
27 35 128.0 190.0
4 8 196.0 65.0
1 28 139.0 162.0
28 27 32.0 143.0
24 6 113.0 143.0
75 85 71.0 63.0
5 64 126.0 74.0
88 4 37.0 172.0
39 8 105.0 165.0
50 31 161.0 53.0
62 32 129.0 53.0
9 1 126.0 161.0
21 11 160.0 192.0
1 26 133.0 183.0
27 3 73.0 11.0
29 80 114.0 110.0
35 21 164.0 19.0
12 13 20.0 77.0
49 51 142.0 149.0
55 39 32.0 69.0
75 42 191.0 144.0
5 36 51.0 76.0
61 52 137.0 76.0
79 72 73.0 51.0
40 68 129.0 189.0
85 67 192.0 149.0
66 11 27.0 135.0
21 8 31.0 60.0
15 16 37.0 22.0
4 27 172.0 40.0
22 66 159.0 61.0
26 5 175.0 184.0
49 70 88.0 104.0
85 63 93.0 32.0
73 60 17.0 72.0
60 61 44.0 48.0
4 21 77.0 82.0
77 67 161.0 1.0
80 88 199.0 120.0
17 15 120.0 126.0
87 16 78.0 8.0
13 17 93.0 123.0
29 2 35.0 62.0
27 1 73.0 80.0
61 55 108.0 150.0
69 25 84.0 69.0
9 15 47.0 35.0
56 75 85.0 167.0
38 32 134.0 116.0
60 68 31.0 179.0
80 79 20.0 19.0
73 72 93.0 93.0
34 13 57.0 1.0
17 7 19.0 141.0
6 90 116.0 18.0
20 6 36.0 1.0
77 2 87.0 170.0
18 82 48.0 71.0
20 10 152.0 68.0
6 55 58.0 45.0
15 59 114.0 115.0
26 50 34.0 85.0
87 80 77.0 150.0
33 57 8.0 65.0
6 84 82.0 95.0
73 15 184.0 131.0
41 28 101.0 136.0
30 70 31.0 159.0
4 28 49.0 145.0
53 71 22.0 35.0
58 27 29.0 51.0
31 65 167.0 37.0
25 7 143.0 50.0
76 74 164.0 127.0
49 24 6.0 65.0
1 78 176.0 37.0
41 48 40.0 177.0
10 19 155.0 14.0
35 42 96.0 184.0
11 18 140.0 64.0
80 15 14.0 83.0
27 6 187.0 178.0
15 41 23.0 193.0
19 6 177.0 199.0
83 61 35.0 169.0
69 8 43.0 190.0
49 12 37.0 139.0
20 12 112.0 177.0
46 37 172.0 78.0
28 62 2.0 160.0
10 38 178.0 25.0
73 33 54.0 107.0
1 61 44.0 42.0
12 3 11.0 87.0
20 52 12.0 0.0
31 6 108.0 124.0
18 6 117.0 32.0
21 33 169.0 119.0
71 13 138.0 99.0
45 59 176.0 145.0
67 64 45.0 172.0
72 77 131.0 8.0
76 21 77.0 143.0
12 18 126.0 137.0
20 91 139.0 43.0
31 39 116.0 108.0
51 80 34.0 7.0
86 5 199.0 162.0
68 32 110.0 44.0
56 49 90.0 41.0
4 29 197.0 119.0
38 78 84.0 75.0
76 36 197.0 23.0
22 20 148.0 66.0
47 58 7.0 134.0
62 86 116.0 6.0
65 3 83.0 26.0
91 53 66.0 173.0
30 41 66.0 15.0
14 4 32.0 150.0
82 62 147.0 182.0
29 61 98.0 95.0
26 42 146.0 105.0
11 22 14.0 14.0
6 89 119.0 49.0
49 63 169.0 185.0
52 9 120.0 35.0
15 58 4.0 105.0
8 23 118.0 151.0
92 87 8.0 16.0
36 74 58.0 106.0
77 25 49.0 72.0
21 63 173.0 168.0
73 78 115.0 142.0
22 13 52.0 188.0
88 78 178.0 56.0
57 16 171.0 96.0
10 26 136.0 179.0
47 74 171.0 146.0
6 92 117.0 172.0
19 12 141.0 90.0
55 34 160.0 9.0
3 30 30.0 12.0
91 45 30.0 160.0
29 1 88.0 153.0
30 5 108.0 176.0
2 48 174.0 31.0
47 25 139.0 91.0
2 11 199.0 32.0
44 54 82.0 159.0
67 4 88.0 64.0
48 66 122.0 70.0
83 72 156.0 10.0
52 28 124.0 64.0
75 73 156.0 50.0
45 27 101.0 95.0
37 24 147.0 100.0
26 9 63.0 29.0
12 38 127.0 104.0
11 79 104.0 49.0
7 41 105.0 60.0
16 66 109.0 182.0
86 13 129.0 17.0
39 45 106.0 30.0
16 79 64.0 53.0
87 39 30.0 80.0
14 19 102.0 157.0
67 23 60.0 159.0
11 32 17.0 118.0
5 85 173.0 78.0
5 76 115.0 102.0
8 25 151.0 173.0
80 24 165.0 167.0
62 48 45.0 195.0
36 69 46.0 100.0
40 92 81.0 58.0
17 14 31.0 99.0
89 46 169.0 4.0
30 4 184.0 84.0
56 6 14.0 135.0
4 15 2.0 180.0
51 28 38.0 199.0
2 9 95.0 84.0
47 63 93.0 176.0
68 24 3.0 124.0
18 29 182.0 172.0
72 85 187.0 166.0
91 23 6.0 1.0
24 9 163.0 160.0
3 24 93.0 1.0
6 30 74.0 140.0
61 89 3.0 119.0
21 68 53.0 6.0
3 31 119.0 35.0
80 70 157.0 106.0
92 72 116.0 116.0
25 5 102.0 80.0
23 7 104.0 195.0
52 72 51.0 130.0
16 30 51.0 6.0
45 25 23.0 56.0
19 11 35.0 142.0
70 25 52.0 144.0
45 33 101.0 169.0
6 78 133.0 3.0
79 27 153.0 189.0
46 36 192.0 156.0
13 75 116.0 196.0
8 65 174.0 92.0
65 19 93.0 161.0
84 55 95.0 145.0
26 4 111.0 196.0
60 76 150.0 197.0
33 2 90.0 55.0
34 1 130.0 34.0
47 55 53.0 199.0
31 2 83.0 28.0
42 90 112.0 176.0
92 22 118.0 7.0
57 76 159.0 181.0
7 71 111.0 61.0
2 38 175.0 153.0
6 10 55.0 105.0
12 8 5.0 109.0
72 74 73.0 88.0
19 89 126.0 137.0
19 46 182.0 196.0
20 13 63.0 141.0
12 21 25.0 126.0
21 16 1.0 152.0
49 34 190.0 56.0
83 54 61.0 148.0
75 29 133.0 86.0
1 24 47.0 11.0
66 60 77.0 29.0
81 47 44.0 92.0
6 52 197.0 69.0
44 66 119.0 198.0
48 44 97.0 61.0
21 10 27.0 110.0
39 26 59.0 160.0
86 36 198.0 106.0
3 56 66.0 27.0
10 61 135.0 111.0
20 65 142.0 84.0
39 92 137.0 13.0
43 11 110.0 34.0
73 53 90.0 137.0
26 90 170.0 149.0
33 32 54.0 120.0
35 73 103.0 121.0
41 61 63.0 190.0
2 23 70.0 5.0
51 67 48.0 159.0
20 14 184.0 110.0
71 5 87.0 74.0
42 92 126.0 10.0
30 7 76.0 180.0
67 58 50.0 180.0
26 11 154.0 113.0
22 27 107.0 176.0
41 37 37.0 107.0
54 3 75.0 21.0
33 1 123.0 115.0
40 86 6.0 49.0
11 25 86.0 82.0
28 35 73.0 88.0
46 15 86.0 179.0
41 44 65.0 194.0
21 15 125.0 54.0
4 72 97.0 0.0
20 84 99.0 173.0
25 51 48.0 105.0
7 9 144.0 86.0
39 59 91.0 169.0
73 57 105.0 177.0
8 40 147.0 122.0
5 21 56.0 72.0
20 33 79.0 154.0
31 4 84.0 178.0
34 20 10.0 84.0
14 9 128.0 106.0
18 88 25.0 171.0
52 46 78.0 82.0
33 5 105.0 25.0
5 66 136.0 162.0
47 5 166.0 15.0
80 46 0.0 2.0
22 10 2.0 10.0
62 73 58.0 131.0
16 31 166.0 36.0
24 71 180.0 45.0
76 63 55.0 85.0
77 80 146.0 191.0
3 33 14.0 64.0
4 91 179.0 15.0
2 30 19.0 182.0
43 30 189.0 77.0
8 58 171.0 108.0
37 2 107.0 103.0
64 9 199.0 162.0
37 35 159.0 97.0
85 22 64.0 174.0
21 86 37.0 43.0
55 38 116.0 8.0
15 71 58.0 58.0
36 31 31.0 181.0
32 77 102.0 138.0
10 25 164.0 54.0
16 64 71.0 76.0
23 10 197.0 87.0
72 32 13.0 186.0
9 6 151.0 82.0
74 37 80.0 161.0
29 7 185.0 64.0
32 3 154.0 87.0
21 6 166.0 71.0
46 16 110.0 190.0
8 1 92.0 107.0
25 4 173.0 57.0
49 80 121.0 76.0
24 74 193.0 154.0
24 31 13.0 130.0
53 79 132.0 119.0
18 16 108.0 50.0
30 77 190.0 170.0
83 14 86.0 34.0
20 53 115.0 59.0
80 8 119.0 37.0
81 40 111.0 64.0
9 27 133.0 76.0
66 81 28.0 17.0
3 85 132.0 137.0
17 18 34.0 122.0
34 90 12.0 121.0
24 12 88.0 127.0
57 9 48.0 7.0
48 45 68.0 112.0
32 29 184.0 154.0
15 8 131.0 12.0
4 58 52.0 63.0
23 14 98.0 86.0
35 8 199.0 62.0
5 29 112.0 88.0
19 16 165.0 160.0
44 85 90.0 34.0
22 81 5.0 26.0
92 52 151.0 136.0
9 22 53.0 3.0
18 38 39.0 103.0
2 34 141.0 39.0
9 30 13.0 53.0
22 17 150.0 178.0
20 8 155.0 192.0
13 88 64.0 160.0
87 10 54.0 167.0
4 32 193.0 60.0
52 48 12.0 33.0
50 77 188.0 153.0
16 13 133.0 1.0
37 60 162.0 83.0
13 24 0.0 69.0
2 36 9.0 16.0
39 88 135.0 15.0
50 48 69.0 128.0
44 78 24.0 81.0
10 44 144.0 12.0
10 54 69.0 78.0
21 42 144.0 183.0
12 9 140.0 97.0
43 90 168.0 149.0
86 18 154.0 103.0
65 89 39.0 23.0
35 5 139.0 63.0
73 36 141.0 83.0
16 20 89.0 11.0
31 9 120.0 185.0
24 11 185.0 61.0
9 71 45.0 153.0
36 70 128.0 199.0
15 13 42.0 167.0
18 20 180.0 181.0
1 35 51.0 121.0
83 1 157.0 92.0
27 8 78.0 30.0
29 9 108.0 63.0
14 61 189.0 153.0
78 45 18.0 117.0
2 12 15.0 13.0
20 47 78.0 195.0
7 32 190.0 81.0
2 54 32.0 99.0
59 62 114.0 110.0
1 4 130.0 22.0
11 72 71.0 71.0
65 9 15.0 42.0
13 56 44.0 31.0
10 79 61.0 74.0
40 12 1.0 3.0
65 91 186.0 185.0
61 49 108.0 53.0
90 20 67.0 190.0
40 34 91.0 139.0
7 28 178.0 106.0
29 38 37.0 174.0
65 73 115.0 98.0
84 26 91.0 116.0
25 55 92.0 29.0
51 35 75.0 152.0
4 20 121.0 95.0
57 87 62.0 164.0
60 87 155.0 192.0
16 24 28.0 144.0
31 7 177.0 95.0
29 57 156.0 68.0
59 54 168.0 0.0
37 66 50.0 195.0
89 43 60.0 123.0
77 28 195.0 74.0
22 83 69.0 102.0
2 16 102.0 97.0
51 90 42.0 79.0
21 1 175.0 151.0
19 18 137.0 95.0
73 51 56.0 187.0
2 27 9.0 69.0
14 1 58.0 157.0
3 44 194.0 128.0
91 46 52.0 49.0
32 6 31.0 47.0
26 6 129.0 158.0
31 5 6.0 66.0
89 34 181.0 14.0
8 72 16.0 142.0
84 80 141.0 74.0
32 83 121.0 87.0
77 49 54.0 174.0
50 10 45.0 86.0
8 30 120.0 174.0
71 81 50.0 78.0
22 78 16.0 183.0
57 34 59.0 32.0
8 22 40.0 152.0
34 21 145.0 161.0
69 44 193.0 199.0
1 38 31.0 190.0
19 21 188.0 104.0
31 1 57.0 38.0
25 17 108.0 73.0
55 30 27.0 119.0
39 3 129.0 19.0
49 82 40.0 74.0
33 62 81.0 186.0
48 65 1.0 64.0
86 33 153.0 189.0
88 72 130.0 11.0
15 6 50.0 190.0
5 37 10.0 30.0
11 29 198.0 139.0
27 14 155.0 190.0
23 85 5.0 188.0
6 29 150.0 158.0
62 52 28.0 55.0
40 1 30.0 158.0
60 38 149.0 33.0
36 8 49.0 111.0
45 43 151.0 47.0
36 1 5.0 106.0
13 27 175.0 163.0
43 34 127.0 77.0
34 3 99.0 155.0
68 3 110.0 130.0
17 23 130.0 11.0
19 39 194.0 179.0
81 87 139.0 145.0
44 56 37.0 144.0
70 48 4.0 164.0
82 22 2.0 131.0
10 28 181.0 53.0
38 64 72.0 91.0
75 19 76.0 2.0
57 90 148.0 71.0
32 81 182.0 87.0
45 28 173.0 20.0
76 85 176.0 177.0
55 62 56.0 178.0
5 56 53.0 37.0
12 26 17.0 125.0
67 60 54.0 94.0
1 22 27.0 154.0
38 86 9.0 9.0
21 62 67.0 135.0
3 41 48.0 195.0
10 90 25.0 104.0
2 58 76.0 78.0
54 56 51.0 45.0
26 16 198.0 57.0
33 68 46.0 25.0
61 16 28.0 7.0
27 7 38.0 48.0
48 36 84.0 38.0
74 27 78.0 62.0
32 9 56.0 106.0
37 3 82.0 59.0
1 37 51.0 81.0
32 8 131.0 49.0
62 14 166.0 112.0
13 19 14.0 156.0
12 31 124.0 51.0
14 78 77.0 2.0
34 41 53.0 133.0
25 46 55.0 136.0
58 14 141.0 58.0
30 10 73.0 24.0
78 65 76.0 191.0
12 22 4.0 91.0
15 19 88.0 128.0
12 56 164.0 165.0
25 15 107.0 18.0
8 26 57.0 114.0
56 14 150.0 198.0
38 31 158.0 23.0
20 21 7.0 34.0
19 22 112.0 11.0
48 37 178.0 0.0
39 4 70.0 95.0
38 6 163.0 130.0
80 13 142.0 20.0
26 79 106.0 92.0
14 15 152.0 64.0
91 88 100.0 111.0
28 14 100.0 13.0
16 22 94.0 30.0
56 18 3.0 116.0
28 8 57.0 166.0
44 32 12.0 199.0
10 31 150.0 119.0
21 13 194.0 102.0
43 71 163.0 95.0
70 53 8.0 15.0
29 13 12.0 102.0
44 7 113.0 167.0
40 2 108.0 171.0
27 16 182.0 120.0
15 20 126.0 133.0
28 24 161.0 73.0
42 61 42.0 76.0
21 32 157.0 50.0
58 53 12.0 170.0
60 34 140.0 77.0
12 30 48.0 0.0
8 19 41.0 183.0
15 26 39.0 120.0
72 70 9.0 152.0
38 90 141.0 3.0
25 12 9.0 98.0
59 9 185.0 173.0
43 84 133.0 125.0
4 78 126.0 134.0
91 18 14.0 168.0
66 41 192.0 5.0
18 62 194.0 153.0
59 42 59.0 87.0
48 42 25.0 20.0
91 19 68.0 11.0
50 85 0.0 1.0
71 56 68.0 127.0
21 56 189.0 82.0
22 15 16.0 134.0
1 80 135.0 10.0
3 35 159.0 194.0
24 10 192.0 137.0
77 53 109.0 60.0
45 47 154.0 110.0
21 17 154.0 22.0
14 29 67.0 95.0
12 90 44.0 35.0
38 5 113.0 179.0
71 50 80.0 25.0
16 51 52.0 73.0
11 62 98.0 113.0
8 24 1.0 5.0
33 40 96.0 107.0
24 14 131.0 163.0
53 39 101.0 127.0
92 91 41.0 166.0
29 15 75.0 122.0
22 72 15.0 79.0
25 19 84.0 66.0
77 36 28.0 85.0
75 21 38.0 125.0
35 65 130.0 122.0
16 25 138.0 31.0
24 20 139.0 132.0
70 71 47.0 14.0
3 38 137.0 14.0
9 33 6.0 21.0
24 19 106.0 34.0
39 44 45.0 144.0
57 19 95.0 175.0
40 4 176.0 185.0
82 2 154.0 115.0
72 75 180.0 153.0
40 25 117.0 118.0
38 4 56.0 123.0
13 26 96.0 162.0
14 67 125.0 93.0
34 86 145.0 172.0
17 59 41.0 121.0
60 89 55.0 195.0
19 70 102.0 35.0
42 70 69.0 19.0
34 28 43.0 77.0
90 16 74.0 91.0
8 29 127.0 152.0
33 8 138.0 72.0
27 46 166.0 179.0
43 2 108.0 173.0
27 18 144.0 10.0
2 39 63.0 166.0
23 16 177.0 58.0
41 5 85.0 4.0
29 3 44.0 12.0
28 17 19.0 182.0
42 86 66.0 137.0
17 19 115.0 126.0
17 29 88.0 12.0
41 4 42.0 151.0
5 32 8.0 172.0
27 10 149.0 45.0
53 82 68.0 194.0
78 49 130.0 39.0
38 8 130.0 149.0
1 11 61.0 45.0
30 13 130.0 149.0
8 66 161.0 124.0
33 11 77.0 121.0
20 25 108.0 27.0
16 28 126.0 177.0
10 49 39.0 56.0
42 46 183.0 169.0
50 64 45.0 44.0
44 1 12.0 175.0
84 88 165.0 125.0
53 35 20.0 43.0
74 79 94.0 129.0
40 23 192.0 20.0
36 7 171.0 184.0
35 74 115.0 107.0
45 56 49.0 160.0
74 56 0.0 61.0
51 7 134.0 166.0
81 42 150.0 107.0
31 15 178.0 44.0
19 61 24.0 122.0
49 47 126.0 148.0
27 19 36.0 41.0
23 21 160.0 37.0
7 38 179.0 112.0
29 55 173.0 65.0
4 89 126.0 123.0
34 14 110.0 104.0
84 32 75.0 87.0
20 23 49.0 2.0
35 52 104.0 38.0
26 92 141.0 16.0
23 30 114.0 72.0
84 3 151.0 87.0
35 9 127.0 77.0
54 35 112.0 37.0
66 77 198.0 140.0
64 63 105.0 48.0
22 51 38.0 10.0
37 10 191.0 132.0
15 23 67.0 106.0
55 22 109.0 170.0
1 92 37.0 36.0
34 10 46.0 102.0
46 1 61.0 45.0
49 74 73.0 119.0
32 50 196.0 64.0
32 37 119.0 188.0
89 67 199.0 186.0
88 73 99.0 60.0
72 61 193.0 89.0
21 22 23.0 39.0
12 32 169.0 37.0
29 10 164.0 194.0
2 83 0.0 113.0
27 90 63.0 119.0
16 17 90.0 14.0
3 42 73.0 142.0
71 40 195.0 18.0
13 33 7.0 19.0
10 35 127.0 176.0
33 23 105.0 44.0
14 66 43.0 105.0
28 13 109.0 58.0
31 21 0.0 151.0
31 18 124.0 25.0
42 4 98.0 120.0
41 68 50.0 105.0
4 86 15.0 178.0
17 51 41.0 120.0
24 58 141.0 36.0
31 56 189.0 2.0
76 18 170.0 189.0
36 35 75.0 46.0
62 3 61.0 174.0
18 36 108.0 112.0
30 67 173.0 75.0
25 48 99.0 14.0
3 36 79.0 192.0
20 28 169.0 68.0
88 26 50.0 91.0
19 26 80.0 126.0
22 14 65.0 94.0
36 67 148.0 126.0
81 46 16.0 73.0
35 2 26.0 115.0
31 76 91.0 57.0
2 47 104.0 12.0
11 34 111.0 155.0
5 43 1.0 191.0
35 12 168.0 66.0
84 13 43.0 69.0
30 17 47.0 11.0
40 7 176.0 25.0
30 18 190.0 67.0
10 36 48.0 95.0
3 43 128.0 159.0
25 22 72.0 81.0
31 17 135.0 192.0
45 6 190.0 131.0
14 33 90.0 189.0
5 28 158.0 66.0
26 22 161.0 149.0
18 69 53.0 161.0
27 57 33.0 133.0
23 22 67.0 105.0
15 32 159.0 2.0
3 45 19.0 102.0
77 52 49.0 61.0
15 28 59.0 7.0
17 24 82.0 20.0
33 59 102.0 135.0
63 45 181.0 135.0
2 3 150.0 0.0
47 84 105.0 110.0
53 65 68.0 124.0
64 46 65.0 69.0
21 58 28.0 76.0
22 74 90.0 62.0
40 66 189.0 192.0
19 73 101.0 171.0
46 3 66.0 52.0
5 39 119.0 171.0
38 13 133.0 139.0
26 23 0.0 199.0
91 8 23.0 181.0
29 84 59.0 113.0
58 19 59.0 49.0
91 17 162.0 112.0
52 37 126.0 181.0
6 39 156.0 45.0
37 4 88.0 90.0
15 33 183.0 89.0
85 27 145.0 7.0
58 73 58.0 4.0
39 22 172.0 117.0
38 27 25.0 135.0
40 5 177.0 151.0
41 8 124.0 133.0
49 64 30.0 165.0
9 51 85.0 13.0
25 29 93.0 182.0
50 59 79.0 152.0
81 86 121.0 52.0
60 24 198.0 146.0
27 15 179.0 127.0
46 53 82.0 56.0
65 74 4.0 112.0
14 36 103.0 41.0
28 22 199.0 196.0
91 73 106.0 30.0
67 63 21.0 27.0
86 51 180.0 171.0
72 87 173.0 112.0
88 49 99.0 55.0
30 84 16.0 55.0
13 50 102.0 71.0
41 32 186.0 101.0
26 14 42.0 92.0
40 10 92.0 15.0
11 60 173.0 24.0
2 45 100.0 146.0
41 82 197.0 199.0
39 7 125.0 165.0
81 25 80.0 27.0
5 50 80.0 19.0
42 6 83.0 122.0
68 38 133.0 127.0
45 9 66.0 107.0
1 70 49.0 166.0
1 43 87.0 46.0
14 31 133.0 12.0
13 32 160.0 165.0
90 21 38.0 40.0
77 43 183.0 121.0
81 34 32.0 117.0
20 30 49.0 50.0
6 58 196.0 98.0
40 38 116.0 84.0
19 30 13.0 1.0
13 37 9.0 174.0
80 71 103.0 47.0
27 21 37.0 86.0
42 8 131.0 21.0
6 44 17.0 180.0
27 24 32.0 13.0
29 19 141.0 100.0
83 50 34.0 106.0
1 41 26.0 44.0
38 14 80.0 129.0
73 13 190.0 117.0
88 43 7.0 121.0
47 39 155.0 24.0
66 2 165.0 139.0
19 23 81.0 106.0
69 65 168.0 115.0
29 22 44.0 194.0
76 77 23.0 124.0
89 42 119.0 14.0
43 6 46.0 126.0
30 63 26.0 153.0
65 14 75.0 191.0
73 14 81.0 108.0
79 84 11.0 49.0
20 27 146.0 55.0
36 68 67.0 169.0
57 44 159.0 139.0
88 50 116.0 157.0
13 36 156.0 143.0
16 29 192.0 31.0
9 34 150.0 73.0
87 83 153.0 161.0
43 17 45.0 99.0
41 10 175.0 65.0
73 69 83.0 86.0
66 53 37.0 0.0
24 56 111.0 145.0
8 43 13.0 103.0
68 54 86.0 163.0
49 2 129.0 191.0
24 23 143.0 127.0
11 41 172.0 70.0
41 12 121.0 56.0
46 73 108.0 159.0
76 9 180.0 171.0
74 11 4.0 194.0
64 2 63.0 90.0
27 67 30.0 192.0
74 84 141.0 174.0
20 26 163.0 65.0
30 26 106.0 85.0
46 69 80.0 166.0
77 90 189.0 61.0
27 17 71.0 194.0
25 73 54.0 86.0
87 48 195.0 85.0
79 88 166.0 136.0
72 67 65.0 81.0
40 83 5.0 123.0
39 10 119.0 37.0
35 15 143.0 108.0
62 51 126.0 167.0
72 82 9.0 132.0
36 17 187.0 5.0
29 62 140.0 105.0
26 27 171.0 157.0
82 25 171.0 128.0
31 66 150.0 90.0
34 12 177.0 45.0
40 9 96.0 55.0
31 77 54.0 106.0
18 84 90.0 193.0
1 3 52.0 182.0
3 47 142.0 175.0
42 10 190.0 65.0
51 1 92.0 92.0
41 6 64.0 70.0
55 50 72.0 161.0
74 88 23.0 78.0
27 89 38.0 65.0
39 76 111.0 90.0
31 86 5.0 5.0
85 32 93.0 147.0
84 92 38.0 185.0
54 76 183.0 54.0
19 34 150.0 7.0
75 18 68.0 125.0
25 23 136.0 107.0
19 28 175.0 47.0
34 8 87.0 181.0
48 1 103.0 180.0
13 43 1.0 93.0
26 24 162.0 136.0
45 5 53.0 113.0
69 51 194.0 74.0
52 2 170.0 82.0
35 70 97.0 146.0
23 92 10.0 185.0
19 31 31.0 65.0
5 46 113.0 184.0
63 41 125.0 75.0
9 43 148.0 178.0
36 45 64.0 142.0
32 19 68.0 186.0
36 16 192.0 117.0
46 4 75.0 154.0
9 81 7.0 58.0
9 36 140.0 72.0
28 26 83.0 65.0
49 21 171.0 31.0
16 32 34.0 35.0
10 32 158.0 54.0
83 16 22.0 150.0
19 62 198.0 49.0
90 88 159.0 5.0
91 67 122.0 100.0
24 30 170.0 157.0
35 13 10.0 142.0
74 62 118.0 196.0
84 83 162.0 76.0
31 11 47.0 136.0
25 38 65.0 45.0
7 45 3.0 24.0
9 42 163.0 77.0
55 19 3.0 133.0
16 33 143.0 165.0
34 54 60.0 13.0
44 38 185.0 174.0
1 67 8.0 32.0
28 12 148.0 73.0
74 67 66.0 103.0
12 39 168.0 29.0
79 47 44.0 124.0
19 42 99.0 139.0
44 77 166.0 111.0
22 71 166.0 151.0
7 42 100.0 126.0
47 29 47.0 48.0
14 18 128.0 113.0
44 11 1.0 49.0
29 74 102.0 45.0
63 61 17.0 1.0
45 18 33.0 184.0
36 28 3.0 151.0
68 19 37.0 103.0
48 4 136.0 36.0
75 22 137.0 16.0
4 62 156.0 90.0
43 20 5.0 10.0
28 61 63.0 174.0
21 29 132.0 97.0
91 57 21.0 135.0
75 28 164.0 11.0
3 72 197.0 52.0
35 16 96.0 86.0
23 34 181.0 4.0
15 37 88.0 186.0
88 41 8.0 151.0
15 34 21.0 92.0
86 24 183.0 42.0
41 13 161.0 100.0
38 85 2.0 110.0
46 49 116.0 50.0
52 3 142.0 97.0
2 46 153.0 30.0
8 45 170.0 113.0
31 62 87.0 143.0
33 87 155.0 22.0
52 59 44.0 68.0
52 47 56.0 198.0
43 54 4.0 172.0
5 90 30.0 146.0
1 69 52.0 135.0
70 81 99.0 174.0
90 59 141.0 138.0
1 12 47.0 96.0
30 25 118.0 44.0
26 29 173.0 175.0
55 1 3.0 129.0
74 4 73.0 185.0
37 16 120.0 77.0
39 15 77.0 20.0
67 75 178.0 19.0
46 7 11.0 177.0
69 62 78.0 129.0
17 37 163.0 3.0
9 85 173.0 167.0
36 49 18.0 198.0
42 5 145.0 139.0
47 6 2.0 175.0
78 79 93.0 132.0
38 22 197.0 56.0
84 62 51.0 28.0
87 40 150.0 14.0
33 58 179.0 123.0
21 28 63.0 198.0
49 3 181.0 160.0
33 44 69.0 183.0
30 40 47.0 114.0
52 4 164.0 196.0
41 17 54.0 167.0
40 14 28.0 4.0
92 44 153.0 7.0
61 30 54.0 168.0
59 85 190.0 35.0
37 68 97.0 12.0
17 33 119.0 144.0
28 23 157.0 83.0
62 83 29.0 11.0
25 27 51.0 9.0
79 62 150.0 156.0
91 9 117.0 156.0
31 13 68.0 59.0
84 48 153.0 166.0
20 36 47.0 73.0
20 41 177.0 156.0
3 48 95.0 158.0
33 10 84.0 146.0
74 51 159.0 34.0
11 28 134.0 76.0
60 17 50.0 3.0
64 70 109.0 155.0
48 9 91.0 108.0
8 44 48.0 20.0
64 83 69.0 143.0
3 58 131.0 153.0
56 65 177.0 43.0
16 68 170.0 63.0
32 87 71.0 20.0
24 29 75.0 180.0
21 82 45.0 118.0
14 42 89.0 45.0
51 3 15.0 158.0
4 44 180.0 98.0
33 50 39.0 109.0
26 69 172.0 9.0
22 30 130.0 43.0
89 81 16.0 5.0
33 19 170.0 13.0
70 27 82.0 59.0
39 18 83.0 49.0
3 80 190.0 63.0
32 22 102.0 181.0
46 47 88.0 74.0
22 35 183.0 18.0
26 31 159.0 152.0
41 16 17.0 81.0
81 18 78.0 51.0
92 77 49.0 114.0
19 36 88.0 39.0
3 53 151.0 190.0
7 74 189.0 39.0
52 5 29.0 172.0
38 45 189.0 140.0
46 8 122.0 158.0
23 62 129.0 152.0
51 2 60.0 178.0
69 86 50.0 101.0
46 20 55.0 1.0
27 29 43.0 44.0
4 49 187.0 72.0
6 40 191.0 176.0
10 45 4.0 65.0
40 15 60.0 134.0
37 73 32.0 72.0
67 86 127.0 82.0
52 1 173.0 183.0
9 47 77.0 169.0
38 9 50.0 16.0
28 25 48.0 41.0
38 11 77.0 52.0
14 43 113.0 89.0
42 13 189.0 146.0
5 51 152.0 116.0
81 52 195.0 77.0
56 39 35.0 24.0
15 38 150.0 85.0
37 80 14.0 198.0
91 43 63.0 43.0
50 8 96.0 176.0
16 40 181.0 85.0
16 43 23.0 133.0
50 7 140.0 170.0
86 64 49.0 127.0
68 86 172.0 151.0
73 6 30.0 138.0
43 15 44.0 45.0
30 28 112.0 140.0
9 46 55.0 45.0
49 7 88.0 30.0
5 44 150.0 180.0
64 76 135.0 151.0
20 31 116.0 107.0
20 82 10.0 146.0
16 39 198.0 55.0
58 52 117.0 62.0
28 29 8.0 124.0
75 7 131.0 96.0
47 65 158.0 33.0
88 29 8.0 93.0
83 85 97.0 124.0
9 49 129.0 60.0
11 56 35.0 79.0
30 21 91.0 104.0
26 73 192.0 99.0
11 46 49.0 123.0
80 34 111.0 159.0
33 22 140.0 71.0
77 84 153.0 189.0
43 22 137.0 34.0
54 5 83.0 172.0
43 4 8.0 174.0
16 42 0.0 0.0
23 31 101.0 1.0
18 33 134.0 164.0
55 2 120.0 74.0
48 11 1.0 25.0
38 37 182.0 138.0
34 59 132.0 17.0
60 36 53.0 141.0
40 18 95.0 5.0
13 45 106.0 148.0
11 40 82.0 193.0
68 44 81.0 2.0
44 15 101.0 34.0
92 5 117.0 35.0
38 16 78.0 49.0
41 18 165.0 83.0
77 33 157.0 60.0
87 61 116.0 64.0
69 66 75.0 198.0
57 45 112.0 156.0
23 29 123.0 13.0
14 44 102.0 40.0
11 45 95.0 133.0
57 49 172.0 60.0
82 77 7.0 130.0
46 14 8.0 124.0
4 55 31.0 83.0
56 57 159.0 95.0
47 13 50.0 82.0
37 88 160.0 153.0
90 19 53.0 56.0
67 13 15.0 26.0
38 53 77.0 23.0
36 15 9.0 86.0
45 16 48.0 40.0
54 37 48.0 159.0
49 1 57.0 99.0
10 89 138.0 17.0
24 32 48.0 191.0
91 38 187.0 16.0
38 72 179.0 64.0
83 11 111.0 188.0
1 50 137.0 112.0
50 84 17.0 186.0
51 4 86.0 74.0
13 46 83.0 24.0
57 2 163.0 83.0
19 5 63.0 102.0
23 80 180.0 42.0
90 40 93.0 44.0
53 9 185.0 31.0
40 62 149.0 2.0
21 38 47.0 35.0
35 24 142.0 82.0
33 38 117.0 58.0
42 53 155.0 132.0
40 32 149.0 88.0
40 21 26.0 194.0
33 6 171.0 11.0
15 74 152.0 120.0
26 34 67.0 199.0
16 44 4.0 162.0
5 53 64.0 121.0
69 59 12.0 171.0
20 42 43.0 113.0
31 28 183.0 69.0
51 6 31.0 155.0
2 56 192.0 184.0
25 33 7.0 59.0
22 42 16.0 11.0
58 70 30.0 32.0
36 21 24.0 42.0
50 6 158.0 19.0
9 50 147.0 142.0
61 62 69.0 179.0
20 40 12.0 61.0
27 62 19.0 19.0
35 20 144.0 187.0
89 72 7.0 174.0
88 77 142.0 183.0
40 13 137.0 100.0
87 15 18.0 37.0
32 30 120.0 39.0
49 5 133.0 132.0
30 29 124.0 153.0
2 53 2.0 68.0
81 83 39.0 161.0
67 49 85.0 181.0
3 9 196.0 175.0
3 55 175.0 166.0
45 12 63.0 95.0
58 1 137.0 148.0
10 47 169.0 61.0
11 59 10.0 172.0
49 18 39.0 49.0
60 1 80.0 76.0
80 28 147.0 29.0
32 52 147.0 123.0
10 55 164.0 162.0
34 24 137.0 101.0
9 80 62.0 106.0
45 15 73.0 72.0
85 66 194.0 112.0
59 3 71.0 26.0
89 24 112.0 170.0
55 7 156.0 59.0
4 57 118.0 121.0
19 43 49.0 55.0
90 30 86.0 112.0
32 25 156.0 160.0
4 54 113.0 102.0
14 53 62.0 136.0
25 52 91.0 174.0
34 27 168.0 199.0
51 10 140.0 86.0
48 22 136.0 142.0
55 9 47.0 23.0
15 68 152.0 155.0
60 30 77.0 66.0
82 47 177.0 139.0
53 6 166.0 20.0
51 37 106.0 134.0
21 78 139.0 198.0
54 9 121.0 28.0
63 44 193.0 168.0
59 76 97.0 145.0
53 8 78.0 174.0
55 26 131.0 55.0
59 2 29.0 49.0
89 37 140.0 87.0
31 32 23.0 32.0
51 8 28.0 145.0
84 86 153.0 173.0
17 42 129.0 50.0
47 70 0.0 7.0
17 34 21.0 84.0
64 54 91.0 50.0
56 7 26.0 183.0
34 16 104.0 2.0
44 60 194.0 85.0
53 83 105.0 99.0
20 38 12.0 187.0
1 62 169.0 164.0
21 41 4.0 142.0
39 1 155.0 95.0
10 48 56.0 182.0
11 51 178.0 112.0
48 34 47.0 124.0
44 20 137.0 153.0
28 32 5.0 149.0
23 47 48.0 126.0
31 54 0.0 52.0
54 13 95.0 156.0
12 47 129.0 151.0
39 14 109.0 59.0
57 7 173.0 108.0
73 74 190.0 62.0
59 4 192.0 195.0
47 86 144.0 40.0
47 69 4.0 97.0
11 49 75.0 99.0
48 83 121.0 157.0
86 53 134.0 182.0
6 54 168.0 59.0
73 55 9.0 158.0
53 7 116.0 153.0
64 30 169.0 12.0
51 13 182.0 125.0
11 77 161.0 10.0
29 34 148.0 34.0
88 61 192.0 82.0
35 26 67.0 160.0
44 17 102.0 28.0
85 43 3.0 170.0
23 39 117.0 125.0
10 53 62.0 52.0
27 30 157.0 24.0
58 63 116.0 105.0
1 57 142.0 60.0
87 14 2.0 9.0
23 35 20.0 104.0
44 21 3.0 176.0
34 31 156.0 120.0
38 19 130.0 19.0
48 13 15.0 88.0
26 62 184.0 84.0
22 37 71.0 126.0
34 92 65.0 73.0
46 78 152.0 86.0
15 48 68.0 155.0
56 10 18.0 176.0
47 14 187.0 149.0
12 51 196.0 2.0
23 83 172.0 132.0
12 64 156.0 195.0
36 24 127.0 22.0
5 58 10.0 80.0
60 5 189.0 78.0
68 11 16.0 159.0
8 56 192.0 3.0
27 36 184.0 140.0
57 58 83.0 156.0
63 2 182.0 191.0
73 10 75.0 110.0
30 87 99.0 85.0
46 17 145.0 40.0
53 11 75.0 113.0
41 89 110.0 20.0
62 13 173.0 94.0
18 63 69.0 8.0
55 8 78.0 4.0
23 32 191.0 105.0
54 7 89.0 42.0
4 61 130.0 186.0
25 35 199.0 158.0
1 64 193.0 109.0
27 48 76.0 118.0
49 14 63.0 97.0
14 50 44.0 93.0
17 47 127.0 187.0
47 15 149.0 169.0
86 52 52.0 79.0
32 27 126.0 3.0
25 31 58.0 71.0
89 11 130.0 86.0
54 24 196.0 193.0
55 11 4.0 40.0
23 42 176.0 84.0
38 24 27.0 125.0
43 18 119.0 31.0
28 39 113.0 46.0
40 22 120.0 123.0
46 18 176.0 2.0
37 23 182.0 172.0
21 43 21.0 138.0
61 3 155.0 149.0
64 47 140.0 134.0
25 41 80.0 59.0
11 52 51.0 146.0
36 30 34.0 123.0
64 14 128.0 11.0
29 44 57.0 110.0
57 77 93.0 30.0
16 49 2.0 0.0
31 33 139.0 94.0
64 55 51.0 172.0
80 67 138.0 54.0
88 70 170.0 173.0
83 37 126.0 50.0
80 45 20.0 135.0
24 42 88.0 65.0
33 51 53.0 42.0
77 62 52.0 144.0
64 41 6.0 55.0
55 70 126.0 145.0
87 75 140.0 48.0
19 88 125.0 18.0
46 22 124.0 97.0
27 40 118.0 164.0
61 2 181.0 171.0
60 4 139.0 33.0
13 69 122.0 145.0
86 7 139.0 48.0
18 48 118.0 79.0
1 56 159.0 196.0
87 90 72.0 36.0
65 45 85.0 190.0
44 13 55.0 67.0
74 41 69.0 146.0
8 57 146.0 143.0
31 73 199.0 86.0
26 38 93.0 69.0
11 54 169.0 4.0
24 41 15.0 194.0
45 21 152.0 53.0
91 29 135.0 160.0
33 30 121.0 156.0
32 36 189.0 68.0
19 45 188.0 140.0
68 62 190.0 81.0
49 15 186.0 112.0
59 31 71.0 153.0
3 63 148.0 176.0
50 17 59.0 35.0
75 88 145.0 180.0
28 38 190.0 86.0
33 36 82.0 131.0
4 69 166.0 24.0
79 5 33.0 104.0
58 11 45.0 104.0
69 9 151.0 145.0
41 23 163.0 162.0
37 39 23.0 108.0
17 40 105.0 166.0
1 82 63.0 187.0
18 47 168.0 182.0
61 35 103.0 1.0
30 38 169.0 148.0
9 58 58.0 72.0
39 11 7.0 21.0
20 45 175.0 30.0
6 61 103.0 81.0
63 4 11.0 119.0
57 38 189.0 179.0
57 11 140.0 92.0
14 89 31.0 109.0
86 50 16.0 42.0
60 12 95.0 175.0
62 66 76.0 71.0
44 24 199.0 132.0
89 76 61.0 162.0
25 37 147.0 2.0
22 44 167.0 87.0
63 1 179.0 198.0
22 89 144.0 147.0
49 31 153.0 192.0
27 33 82.0 181.0
44 19 195.0 33.0
32 34 172.0 8.0
28 37 67.0 120.0
45 44 150.0 34.0
27 37 37.0 130.0
62 42 81.0 134.0
73 59 80.0 34.0
78 24 60.0 114.0
82 24 197.0 55.0
32 65 89.0 122.0
49 19 139.0 156.0
10 63 61.0 89.0
9 56 199.0 51.0
54 78 1.0 80.0
60 6 52.0 81.0
33 34 115.0 112.0
26 37 142.0 112.0
35 32 114.0 31.0
60 8 86.0 53.0
46 55 55.0 99.0
57 12 115.0 7.0
28 92 46.0 116.0
14 52 140.0 50.0
55 5 190.0 55.0
23 43 17.0 132.0
67 76 38.0 83.0
10 58 87.0 76.0
88 9 97.0 95.0
51 71 166.0 164.0
70 85 199.0 164.0
31 37 77.0 139.0
14 55 163.0 67.0
91 41 124.0 133.0
45 24 26.0 162.0
34 30 136.0 113.0
48 21 149.0 185.0
1 54 156.0 67.0
42 37 66.0 155.0
24 40 128.0 95.0
21 46 107.0 44.0
15 51 38.0 31.0
42 25 98.0 64.0
58 30 160.0 186.0
2 65 104.0 109.0
52 17 109.0 60.0
58 81 112.0 127.0
28 71 104.0 192.0
60 10 107.0 12.0
48 23 159.0 97.0
48 17 182.0 57.0
67 2 85.0 142.0
17 53 96.0 189.0
70 7 46.0 157.0
87 86 129.0 110.0
64 59 100.0 185.0
48 38 56.0 160.0
10 82 38.0 167.0
4 70 166.0 173.0
24 43 92.0 51.0
92 53 156.0 140.0
65 1 12.0 154.0
20 61 194.0 141.0
68 8 162.0 47.0
45 76 173.0 170.0
65 67 187.0 164.0
29 42 88.0 153.0
6 62 28.0 132.0
38 17 95.0 136.0
76 32 58.0 108.0
37 30 178.0 52.0
65 5 109.0 92.0
23 76 75.0 34.0
50 63 20.0 14.0
41 26 44.0 108.0
50 20 129.0 24.0
19 37 140.0 25.0
6 63 63.0 198.0
14 54 119.0 193.0
91 15 65.0 28.0
90 47 6.0 140.0
66 3 100.0 26.0
62 7 103.0 96.0
19 47 48.0 32.0
22 49 140.0 188.0
91 72 181.0 155.0
31 82 148.0 52.0
8 52 192.0 13.0
7 82 107.0 198.0
33 69 38.0 160.0
22 45 44.0 141.0
42 71 18.0 92.0
31 41 30.0 158.0
24 48 66.0 163.0
33 35 106.0 14.0
44 23 141.0 98.0
34 53 49.0 1.0
13 57 38.0 88.0
74 30 2.0 82.0
16 54 195.0 20.0
21 88 36.0 177.0
4 66 164.0 102.0
8 61 58.0 70.0
28 44 38.0 199.0
49 20 192.0 87.0
68 1 35.0 182.0
74 81 168.0 37.0
68 35 55.0 115.0
55 15 90.0 91.0
81 50 147.0 54.0
39 29 166.0 5.0
39 33 164.0 4.0
78 57 175.0 108.0
39 32 80.0 162.0
35 44 2.0 1.0
43 29 54.0 9.0
45 26 49.0 144.0
59 55 116.0 197.0
83 31 174.0 83.0
73 1 21.0 90.0
24 46 103.0 196.0
65 43 99.0 135.0
86 73 23.0 53.0
52 18 70.0 77.0
21 50 18.0 71.0
9 89 103.0 134.0
68 2 134.0 77.0
51 20 140.0 107.0
31 35 111.0 195.0
66 72 75.0 10.0
92 20 128.0 50.0
58 48 97.0 150.0
46 23 178.0 115.0
11 61 17.0 81.0
23 45 180.0 104.0
36 38 101.0 72.0
55 12 32.0 164.0
52 21 122.0 59.0
34 36 170.0 3.0
24 47 90.0 67.0
60 13 122.0 68.0
69 38 59.0 91.0
30 42 194.0 191.0
84 12 26.0 95.0
72 48 34.0 10.0
64 8 78.0 109.0
43 27 120.0 49.0
61 9 145.0 11.0
17 57 91.0 19.0
18 59 97.0 102.0
23 58 65.0 91.0
5 63 144.0 43.0
43 31 88.0 178.0
3 70 159.0 118.0
53 13 169.0 79.0
8 63 39.0 66.0
91 50 111.0 82.0
56 33 53.0 160.0
10 59 137.0 70.0
14 59 45.0 33.0
52 19 50.0 85.0
18 54 3.0 161.0
68 6 159.0 124.0
49 13 13.0 198.0
8 85 174.0 76.0
25 61 45.0 180.0
17 75 182.0 134.0
62 10 43.0 179.0
11 63 183.0 45.0
22 53 191.0 138.0
71 3 187.0 150.0
71 1 183.0 1.0
8 62 100.0 110.0
65 11 106.0 97.0
73 68 16.0 40.0
24 77 35.0 59.0
56 15 56.0 171.0
42 27 64.0 47.0
85 58 32.0 51.0
38 61 85.0 168.0
87 23 100.0 185.0
61 7 68.0 158.0
16 55 169.0 85.0
69 3 159.0 5.0
78 81 17.0 15.0
7 67 65.0 81.0
3 67 118.0 98.0
66 75 123.0 3.0
62 9 72.0 175.0
54 22 193.0 140.0
46 28 158.0 163.0
17 55 179.0 69.0
17 66 189.0 197.0
23 49 120.0 55.0
60 90 5.0 38.0
72 19 123.0 80.0
8 77 62.0 195.0
13 58 129.0 56.0
82 84 43.0 40.0
49 25 43.0 22.0
1 72 150.0 32.0
43 56 165.0 71.0
40 35 19.0 122.0
63 13 142.0 94.0
43 32 104.0 157.0
34 70 146.0 186.0
9 87 83.0 141.0
63 12 34.0 126.0
6 69 89.0 136.0
63 20 198.0 54.0
90 2 76.0 18.0
35 39 143.0 171.0
71 33 83.0 199.0
20 54 181.0 181.0
28 48 51.0 16.0
66 19 124.0 37.0
57 18 106.0 13.0
66 10 154.0 105.0
69 5 81.0 30.0
80 10 93.0 176.0
54 21 126.0 128.0
34 38 124.0 59.0
16 76 173.0 175.0
42 73 174.0 97.0
21 51 71.0 32.0
67 5 32.0 25.0
26 43 56.0 65.0
78 50 194.0 101.0
21 59 129.0 121.0
56 17 27.0 6.0
41 46 25.0 0.0
16 60 188.0 151.0
29 53 195.0 59.0
14 85 94.0 179.0
60 57 108.0 102.0
54 60 6.0 103.0
21 53 29.0 87.0
65 54 12.0 8.0
56 16 29.0 190.0
26 86 122.0 17.0
46 77 7.0 117.0
20 56 11.0 53.0
37 40 83.0 120.0
55 24 96.0 89.0
50 27 155.0 125.0
48 19 105.0 120.0
9 63 102.0 134.0
92 88 137.0 24.0
72 39 147.0 96.0
52 30 36.0 110.0
65 87 166.0 71.0
29 37 156.0 62.0
65 4 167.0 64.0
60 7 69.0 72.0
27 44 105.0 124.0
19 53 144.0 42.0
67 55 89.0 43.0
32 86 95.0 126.0
81 90 141.0 14.0
45 31 103.0 50.0
69 43 144.0 70.0
59 79 152.0 166.0
5 75 65.0 57.0
12 43 89.0 9.0
13 61 182.0 178.0
61 15 141.0 29.0
55 18 68.0 35.0
13 70 192.0 171.0
60 70 57.0 88.0
56 67 139.0 161.0
14 63 191.0 156.0
91 10 13.0 80.0
57 21 126.0 147.0
66 7 121.0 20.0
53 48 148.0 141.0
65 17 51.0 92.0
5 72 144.0 108.0
28 58 187.0 35.0
49 26 62.0 178.0
35 41 29.0 27.0
24 51 136.0 107.0
75 52 178.0 9.0
68 7 82.0 126.0
31 46 23.0 133.0
23 51 90.0 119.0
67 9 6.0 77.0
9 66 109.0 68.0
73 2 87.0 90.0
73 3 75.0 175.0
29 41 67.0 54.0
67 69 4.0 102.0
36 39 102.0 179.0
58 35 147.0 192.0
9 86 5.0 153.0
30 46 144.0 114.0
75 2 193.0 183.0
63 56 135.0 69.0
31 40 86.0 154.0
36 37 6.0 90.0
48 29 25.0 108.0
81 69 77.0 124.0
63 15 47.0 34.0
26 48 176.0 143.0
43 33 115.0 169.0
47 26 85.0 50.0
64 7 169.0 123.0
50 25 57.0 127.0
75 1 108.0 34.0
64 15 10.0 137.0
90 53 96.0 58.0
44 9 82.0 72.0
69 55 70.0 198.0
48 30 50.0 108.0
36 42 171.0 171.0
60 19 137.0 28.0
87 8 175.0 198.0
30 45 115.0 185.0
34 44 84.0 11.0
19 56 181.0 167.0
71 30 166.0 4.0
78 5 75.0 16.0
16 80 197.0 198.0
59 19 124.0 134.0
47 27 167.0 51.0
29 86 183.0 82.0
38 39 85.0 68.0
23 56 64.0 19.0
76 4 21.0 30.0
62 17 86.0 48.0
12 66 24.0 83.0
44 31 170.0 101.0
31 85 178.0 138.0
45 29 126.0 162.0
19 87 52.0 11.0
70 9 73.0 116.0
24 52 44.0 46.0
75 4 84.0 131.0
2 7 174.0 61.0
22 58 143.0 145.0
83 92 8.0 121.0
69 10 130.0 134.0
72 6 186.0 182.0
41 36 133.0 11.0
53 23 96.0 178.0
70 50 54.0 180.0
26 51 164.0 29.0
32 45 22.0 107.0
46 32 72.0 30.0
53 61 33.0 2.0
73 4 141.0 172.0
27 51 186.0 75.0
49 32 2.0 34.0
75 11 93.0 57.0
53 27 115.0 57.0
61 33 29.0 137.0
62 16 113.0 101.0
50 28 97.0 98.0
66 59 181.0 38.0
83 78 151.0 119.0
28 40 40.0 154.0
12 61 79.0 134.0
41 33 69.0 195.0
21 60 5.0 98.0
35 43 39.0 70.0
38 35 48.0 88.0
53 25 197.0 29.0
79 1 119.0 148.0
86 15 173.0 159.0
66 30 122.0 52.0
46 68 97.0 191.0
34 37 40.0 54.0
26 53 48.0 31.0
49 30 187.0 97.0
28 53 47.0 136.0
76 30 32.0 166.0
72 9 61.0 5.0
11 70 112.0 183.0
6 64 197.0 9.0
33 88 9.0 189.0
56 42 88.0 58.0
31 30 44.0 75.0
13 65 116.0 91.0
90 15 92.0 149.0
57 35 163.0 105.0
65 82 30.0 76.0
9 68 136.0 179.0
69 12 96.0 98.0
23 69 187.0 136.0
66 15 152.0 183.0
45 34 129.0 69.0
6 70 76.0 21.0
3 75 145.0 40.0
10 68 88.0 127.0
26 44 62.0 176.0
46 33 73.0 111.0
43 72 101.0 12.0
8 71 91.0 54.0
31 8 58.0 172.0
65 10 73.0 135.0
57 23 193.0 170.0
68 50 52.0 33.0
61 34 39.0 67.0
54 23 170.0 65.0
76 3 93.0 72.0
66 67 47.0 184.0
36 44 102.0 105.0
63 19 80.0 175.0
57 20 114.0 25.0
61 21 7.0 167.0
44 37 103.0 199.0
25 54 93.0 26.0
45 37 70.0 186.0
53 64 33.0 117.0
66 13 39.0 87.0
43 37 87.0 119.0
47 32 60.0 1.0
68 13 21.0 19.0
32 42 22.0 77.0
63 16 128.0 68.0
82 23 33.0 198.0
27 54 113.0 66.0
76 6 10.0 152.0
27 55 32.0 97.0
79 2 121.0 44.0
74 5 78.0 143.0
75 81 68.0 52.0
56 22 180.0 196.0
72 24 56.0 13.0
56 26 58.0 122.0
75 6 7.0 20.0
74 6 65.0 39.0
48 35 92.0 139.0
29 49 85.0 122.0
46 29 33.0 153.0
34 42 22.0 13.0
5 73 64.0 31.0
74 70 49.0 74.0
67 12 29.0 56.0
24 59 37.0 47.0
13 64 134.0 130.0
25 56 26.0 19.0
60 62 75.0 11.0
64 25 172.0 49.0
39 77 67.0 188.0
68 14 69.0 116.0
2 76 25.0 98.0
10 70 104.0 62.0
51 31 55.0 38.0
30 47 24.0 33.0
68 29 106.0 51.0
65 18 126.0 30.0
41 38 71.0 193.0
8 73 140.0 140.0
57 25 54.0 165.0
47 35 171.0 158.0
8 75 169.0 27.0
70 15 190.0 146.0
69 11 77.0 96.0
55 71 32.0 4.0
59 26 128.0 55.0
81 1 93.0 68.0
66 43 73.0 147.0
64 19 186.0 197.0
32 53 14.0 108.0
59 25 141.0 4.0
33 48 102.0 171.0
64 18 26.0 86.0
77 78 183.0 154.0
41 59 25.0 76.0
37 47 174.0 51.0
40 43 89.0 113.0
60 23 60.0 103.0
44 80 78.0 154.0
67 6 41.0 132.0
39 40 176.0 67.0
12 62 199.0 112.0
30 53 60.0 25.0
73 29 198.0 186.0
8 76 148.0 39.0
73 12 51.0 8.0
78 59 112.0 130.0
8 47 91.0 153.0
4 81 144.0 68.0
74 21 45.0 144.0
10 72 189.0 57.0
10 52 25.0 139.0
84 1 119.0 125.0
10 74 75.0 171.0
89 18 39.0 187.0
29 54 100.0 131.0
18 68 59.0 197.0
88 58 155.0 56.0
22 60 163.0 96.0
69 53 3.0 140.0
35 45 88.0 123.0
91 55 150.0 163.0
72 36 14.0 190.0
3 81 157.0 67.0
15 69 59.0 168.0
46 39 171.0 14.0
11 67 46.0 86.0
72 27 114.0 49.0
12 70 193.0 154.0
26 60 117.0 144.0
20 60 113.0 84.0
67 18 135.0 22.0
43 38 124.0 194.0
3 83 57.0 47.0
6 80 74.0 103.0
36 61 154.0 188.0
44 40 199.0 147.0
21 65 34.0 69.0
82 30 88.0 99.0
39 42 23.0 23.0
31 53 80.0 99.0
69 16 105.0 137.0
48 49 142.0 180.0
58 26 29.0 96.0
53 16 28.0 181.0
24 75 16.0 14.0
52 42 11.0 105.0
80 69 99.0 186.0
7 72 132.0 131.0
80 5 62.0 189.0
67 17 165.0 156.0
87 45 9.0 194.0
4 83 86.0 190.0
74 8 36.0 103.0
63 33 57.0 47.0
75 9 42.0 156.0
59 61 101.0 126.0
33 53 177.0 115.0
90 8 183.0 142.0
92 41 75.0 145.0
15 72 49.0 161.0
79 7 65.0 86.0
3 82 17.0 122.0
34 50 141.0 11.0
44 91 35.0 43.0
47 38 147.0 12.0
51 36 9.0 83.0
61 23 115.0 36.0
92 67 62.0 164.0
87 43 143.0 128.0
24 61 159.0 112.0
49 37 56.0 100.0
42 44 19.0 92.0
40 45 140.0 119.0
72 14 62.0 101.0
77 6 153.0 177.0
78 8 54.0 15.0
35 50 184.0 149.0
18 66 131.0 143.0
87 1 198.0 140.0
40 41 97.0 170.0
41 45 155.0 189.0
70 14 129.0 17.0
55 33 20.0 34.0
25 74 88.0 27.0
78 7 195.0 72.0
91 80 175.0 78.0
15 83 101.0 125.0
16 67 43.0 150.0
29 58 83.0 198.0
63 24 162.0 164.0
32 48 106.0 135.0
12 71 97.0 194.0
81 5 176.0 92.0
42 83 196.0 151.0
74 54 191.0 49.0
69 77 165.0 186.0
77 5 73.0 48.0
50 46 171.0 36.0
33 54 115.0 30.0
1 77 23.0 12.0
32 55 180.0 152.0
71 16 16.0 128.0
81 27 161.0 159.0
78 10 21.0 126.0
92 19 92.0 95.0
64 56 7.0 15.0
48 40 91.0 122.0
9 78 17.0 114.0
20 71 170.0 197.0
23 64 158.0 186.0
65 83 186.0 119.0
36 50 183.0 159.0
57 30 15.0 27.0
12 75 95.0 174.0
84 4 62.0 186.0
73 50 127.0 79.0
68 89 97.0 98.0
22 65 10.0 8.0
87 56 34.0 148.0
23 63 1.0 169.0
91 81 4.0 16.0
79 6 31.0 99.0
80 7 176.0 93.0
11 76 66.0 55.0
10 71 155.0 116.0
52 34 28.0 117.0
88 71 32.0 63.0
66 21 40.0 33.0
86 63 124.0 44.0
87 2 185.0 107.0
32 54 177.0 161.0
48 39 76.0 195.0
67 28 16.0 31.0
71 17 143.0 44.0
70 17 93.0 175.0
64 22 177.0 133.0
40 55 108.0 53.0
60 27 160.0 93.0
65 55 188.0 89.0
59 27 48.0 16.0
69 29 87.0 64.0
58 62 68.0 182.0
67 20 68.0 161.0
49 27 34.0 45.0
79 8 50.0 142.0
52 38 74.0 162.0
90 64 119.0 14.0
54 30 36.0 168.0
17 72 132.0 75.0
22 68 70.0 152.0
18 70 191.0 138.0
36 52 88.0 25.0
36 53 149.0 90.0
30 50 147.0 175.0
58 31 144.0 18.0
50 67 156.0 132.0
67 21 120.0 40.0
25 62 138.0 190.0
23 66 72.0 129.0
86 71 3.0 112.0
78 72 27.0 104.0
7 81 16.0 126.0
24 62 147.0 161.0
78 12 6.0 55.0
67 15 71.0 78.0
76 50 0.0 161.0
63 26 119.0 72.0
85 6 69.0 74.0
55 23 100.0 48.0
4 80 81.0 68.0
68 23 154.0 180.0
43 46 176.0 112.0
47 91 73.0 0.0
49 40 65.0 25.0
12 76 0.0 184.0
18 72 78.0 22.0
67 22 49.0 130.0
57 24 68.0 82.0
20 70 103.0 174.0
83 5 131.0 32.0
38 46 192.0 156.0
46 82 149.0 9.0
41 49 121.0 102.0
3 87 195.0 151.0
6 82 143.0 196.0
24 66 13.0 163.0
70 21 141.0 69.0
92 2 156.0 24.0
79 9 134.0 100.0
74 17 199.0 84.0
48 71 60.0 72.0
82 9 160.0 7.0
30 59 91.0 104.0
25 63 29.0 104.0
65 25 84.0 170.0
49 38 63.0 40.0
65 24 95.0 198.0
11 80 9.0 95.0
34 56 186.0 70.0
14 74 1.0 98.0
44 46 170.0 92.0
47 44 131.0 0.0
78 13 149.0 15.0
34 77 99.0 12.0
57 59 6.0 195.0
81 39 120.0 16.0
34 79 105.0 58.0
28 86 52.0 106.0
61 27 85.0 175.0
33 52 118.0 16.0
54 45 174.0 67.0
69 61 196.0 26.0
54 36 191.0 3.0
73 17 176.0 63.0
1 86 76.0 81.0
28 81 190.0 81.0
68 45 87.0 76.0
1 90 88.0 5.0
41 78 172.0 63.0
10 81 3.0 121.0
60 29 77.0 146.0
79 12 104.0 5.0
2 89 11.0 180.0
24 67 118.0 153.0
88 3 156.0 5.0
83 63 54.0 45.0
15 76 148.0 179.0
49 39 59.0 152.0
89 59 175.0 88.0
14 76 144.0 31.0
49 92 111.0 107.0
43 44 46.0 29.0
31 79 68.0 3.0
8 83 88.0 75.0
89 35 105.0 37.0
67 70 138.0 116.0
27 63 4.0 65.0
71 19 134.0 148.0
92 37 84.0 197.0
52 39 63.0 131.0
77 13 114.0 84.0
81 12 90.0 3.0
2 74 127.0 147.0
82 16 124.0 17.0
75 15 20.0 128.0
1 91 37.0 106.0
55 31 58.0 74.0
64 42 0.0 121.0
7 85 177.0 115.0
29 31 137.0 19.0
66 25 43.0 64.0
86 6 152.0 167.0
75 16 93.0 124.0
64 28 66.0 83.0
89 3 122.0 124.0
55 36 157.0 122.0
68 82 175.0 86.0
83 7 121.0 113.0
72 54 4.0 164.0
39 54 78.0 156.0
87 6 161.0 124.0
38 51 150.0 27.0
55 35 134.0 24.0
42 50 55.0 43.0
85 4 100.0 31.0
91 2 57.0 21.0
59 29 188.0 61.0
9 77 106.0 19.0
49 42 161.0 67.0
87 31 74.0 63.0
84 9 49.0 160.0
22 70 75.0 105.0
47 34 70.0 127.0
29 63 161.0 127.0
3 90 61.0 150.0
76 7 158.0 167.0
77 19 174.0 71.0
49 76 181.0 0.0
51 41 162.0 182.0
70 23 199.0 189.0
64 78 63.0 21.0
86 8 105.0 25.0
10 83 149.0 118.0
25 68 168.0 107.0
19 74 7.0 142.0
66 28 41.0 140.0
73 21 169.0 3.0
51 42 41.0 120.0
33 29 79.0 105.0
73 22 81.0 136.0
17 76 161.0 182.0
66 29 66.0 81.0
66 26 38.0 73.0
92 3 123.0 31.0
55 37 50.0 92.0
76 53 192.0 91.0
54 85 146.0 24.0
31 89 143.0 27.0
76 19 10.0 56.0
70 24 175.0 77.0
24 69 181.0 165.0
57 54 4.0 104.0
53 37 66.0 54.0
11 84 65.0 59.0
79 24 180.0 11.0
20 75 66.0 124.0
56 32 106.0 77.0
34 58 182.0 33.0
60 31 124.0 116.0
21 72 35.0 128.0
28 65 81.0 101.0
87 5 30.0 99.0
92 71 47.0 10.0
63 31 156.0 113.0
64 51 89.0 14.0
2 86 57.0 23.0
90 4 1.0 133.0
56 38 33.0 36.0
45 49 132.0 66.0
60 32 54.0 114.0
84 10 81.0 101.0
56 35 182.0 189.0
66 65 157.0 23.0
92 60 105.0 166.0
51 43 50.0 59.0
91 32 62.0 35.0
86 75 92.0 147.0
21 71 95.0 146.0
58 36 54.0 128.0
90 71 122.0 188.0
31 64 181.0 32.0
55 41 149.0 39.0
61 22 12.0 152.0
26 70 83.0 27.0
57 32 109.0 175.0
14 81 126.0 156.0
79 17 85.0 180.0
73 23 133.0 160.0
5 89 143.0 66.0
91 66 193.0 45.0
43 47 53.0 5.0
6 88 130.0 88.0
23 71 146.0 39.0
78 17 8.0 24.0
18 78 91.0 93.0
90 7 57.0 176.0
66 76 92.0 152.0
89 30 160.0 85.0
20 74 187.0 13.0
8 81 137.0 117.0
55 42 156.0 83.0
88 12 40.0 164.0
42 54 140.0 83.0
91 5 164.0 149.0
88 22 107.0 56.0
65 30 101.0 67.0
59 28 11.0 88.0
74 78 1.0 148.0
62 57 121.0 157.0
13 83 59.0 113.0
64 65 2.0 151.0
79 13 63.0 166.0
92 4 156.0 171.0
37 57 52.0 58.0
14 80 156.0 15.0
33 81 121.0 110.0
85 16 47.0 194.0
50 43 80.0 106.0
54 38 64.0 82.0
50 89 63.0 128.0
60 40 196.0 171.0
54 86 112.0 0.0
61 31 136.0 69.0
54 41 136.0 9.0
82 13 43.0 183.0
50 47 71.0 75.0
44 52 113.0 88.0
79 81 37.0 128.0
78 19 108.0 185.0
53 44 9.0 21.0
39 83 38.0 145.0
66 51 171.0 174.0
58 40 78.0 167.0
51 45 155.0 101.0
15 82 14.0 68.0
86 57 176.0 3.0
29 65 128.0 37.0
23 72 129.0 137.0
51 47 121.0 119.0
45 50 155.0 92.0
59 84 58.0 33.0
23 84 6.0 165.0
77 20 186.0 172.0
34 63 180.0 114.0
88 8 91.0 109.0
80 12 61.0 20.0
40 54 78.0 134.0
87 11 139.0 33.0
44 51 44.0 149.0
14 75 134.0 2.0
12 87 32.0 72.0
80 17 114.0 164.0
16 78 4.0 6.0
82 5 161.0 17.0
67 45 54.0 39.0
80 73 121.0 145.0
43 48 101.0 166.0
68 31 59.0 188.0
84 69 93.0 43.0
60 28 194.0 159.0
63 32 9.0 150.0
57 80 166.0 170.0
63 35 50.0 172.0
24 73 181.0 124.0
49 71 125.0 83.0
43 52 153.0 136.0
56 41 187.0 198.0
62 36 173.0 133.0
26 68 75.0 183.0
1 88 122.0 193.0
79 18 101.0 124.0
61 77 0.0 82.0
68 30 149.0 77.0
60 35 176.0 54.0
28 70 134.0 115.0
81 13 94.0 107.0
37 59 133.0 170.0
57 92 111.0 55.0
30 73 165.0 164.0
57 67 119.0 118.0
56 40 8.0 20.0
85 12 155.0 184.0
56 92 146.0 89.0
67 31 30.0 41.0
58 32 35.0 116.0
57 41 8.0 146.0
76 20 84.0 125.0
20 68 129.0 155.0
23 65 0.0 137.0
90 9 81.0 156.0
29 70 73.0 27.0
42 57 34.0 55.0
20 78 158.0 69.0
66 35 150.0 118.0
63 88 43.0 186.0
45 52 30.0 124.0
32 66 118.0 182.0
77 10 61.0 151.0
46 35 82.0 86.0
45 53 30.0 116.0
36 47 64.0 140.0
43 57 40.0 167.0
79 86 45.0 84.0
69 27 115.0 75.0
55 43 110.0 185.0
92 7 36.0 124.0
51 46 66.0 118.0
85 52 74.0 48.0
71 27 183.0 138.0
25 72 157.0 23.0
40 84 10.0 2.0
27 73 194.0 77.0
76 22 187.0 57.0
60 42 170.0 23.0
72 29 0.0 188.0
85 15 53.0 26.0
80 22 33.0 188.0
33 65 185.0 191.0
68 34 43.0 147.0
64 34 62.0 190.0
33 66 95.0 49.0
69 30 123.0 17.0
82 19 94.0 123.0
16 81 77.0 99.0
83 57 40.0 110.0
20 80 75.0 177.0
38 59 22.0 119.0
89 13 92.0 36.0
33 67 136.0 139.0
58 44 74.0 59.0
55 80 61.0 120.0
17 84 54.0 138.0
17 82 112.0 46.0
77 21 53.0 187.0
88 31 152.0 27.0
80 60 75.0 196.0
73 28 9.0 163.0
48 60 6.0 36.0
50 51 98.0 19.0
91 6 188.0 153.0
79 22 165.0 100.0
39 61 178.0 171.0
35 83 66.0 130.0
38 65 114.0 93.0
81 17 57.0 124.0
57 39 94.0 15.0
74 1 197.0 144.0
24 76 55.0 185.0
40 61 80.0 21.0
63 38 72.0 58.0
28 74 156.0 138.0
72 28 33.0 23.0
92 9 25.0 90.0
87 13 79.0 71.0
39 63 36.0 76.0
31 69 170.0 91.0
34 62 26.0 50.0
84 19 151.0 50.0
14 84 69.0 59.0
64 36 166.0 102.0
65 34 192.0 143.0
7 89 44.0 72.0
47 53 102.0 80.0
39 62 166.0 72.0
65 63 197.0 144.0
75 26 184.0 148.0
13 90 61.0 53.0
83 68 71.0 179.0
60 39 156.0 16.0
46 56 77.0 1.0
53 50 7.0 180.0
88 14 146.0 125.0
70 32 14.0 143.0
76 27 105.0 198.0
35 67 92.0 166.0
43 58 67.0 116.0
60 81 163.0 23.0
62 35 112.0 40.0
75 37 119.0 119.0
68 17 8.0 65.0
64 35 84.0 174.0
43 53 54.0 189.0
25 78 40.0 98.0
84 16 127.0 59.0
26 76 118.0 42.0
68 47 173.0 31.0
11 88 136.0 92.0
59 44 118.0 144.0
23 78 26.0 154.0
47 54 171.0 32.0
47 56 158.0 163.0
62 41 91.0 85.0
61 43 171.0 162.0
75 27 121.0 144.0
68 58 99.0 57.0
43 60 73.0 17.0
52 51 17.0 99.0
51 48 22.0 188.0
91 64 159.0 132.0
74 59 86.0 2.0
87 17 163.0 57.0
37 67 109.0 84.0
17 85 146.0 8.0
54 48 21.0 19.0
72 30 121.0 39.0
75 31 16.0 95.0
74 26 160.0 127.0
66 36 47.0 46.0
81 24 4.0 10.0
70 33 1.0 113.0
34 66 139.0 99.0
20 83 104.0 160.0
67 39 144.0 177.0
78 28 166.0 160.0
51 53 1.0 126.0
87 74 64.0 0.0
89 15 135.0 68.0
57 48 150.0 88.0
11 91 9.0 89.0
39 66 47.0 65.0
74 23 188.0 191.0
73 32 21.0 154.0
15 84 161.0 22.0
46 58 82.0 26.0
90 55 194.0 169.0
1 2 138.0 96.0
65 62 54.0 147.0
56 85 196.0 53.0
69 34 176.0 184.0
19 85 43.0 198.0
88 10 176.0 4.0
68 63 132.0 58.0
63 43 161.0 126.0
40 59 186.0 99.0
85 36 3.0 192.0
66 38 122.0 199.0
25 79 140.0 98.0
21 80 100.0 135.0
55 51 16.0 76.0
47 57 55.0 148.0
83 21 104.0 168.0
87 18 114.0 42.0
48 56 134.0 117.0
45 60 72.0 8.0
71 34 86.0 12.0
49 55 24.0 186.0
44 55 66.0 40.0
85 81 167.0 74.0
14 90 168.0 23.0
34 73 137.0 34.0
80 25 178.0 24.0
20 86 81.0 50.0
32 71 47.0 167.0
44 50 106.0 71.0
3 91 20.0 125.0
54 50 171.0 187.0
64 43 64.0 140.0
12 92 126.0 153.0
87 26 155.0 56.0
17 90 5.0 37.0
57 50 139.0 52.0
87 25 133.0 197.0
54 52 144.0 153.0
20 79 75.0 116.0
72 31 129.0 91.0
83 69 165.0 55.0
88 16 40.0 72.0
45 61 194.0 45.0
40 63 184.0 85.0
14 91 114.0 117.0
67 40 86.0 58.0
25 83 66.0 161.0
27 80 173.0 147.0
44 61 127.0 90.0
88 20 188.0 167.0
72 33 194.0 134.0
35 88 36.0 178.0
20 85 162.0 150.0
91 74 82.0 49.0
21 87 126.0 100.0
34 72 168.0 51.0
26 72 173.0 95.0
87 20 79.0 161.0
90 18 137.0 25.0
39 69 119.0 125.0
58 50 169.0 34.0
72 16 28.0 3.0
50 56 116.0 106.0
16 89 9.0 36.0
55 72 106.0 182.0
90 68 124.0 137.0
89 17 8.0 13.0
55 53 169.0 80.0
55 75 155.0 91.0
13 91 146.0 184.0
87 59 157.0 15.0
39 64 2.0 166.0
55 45 32.0 60.0
91 16 187.0 108.0
62 46 31.0 195.0
69 56 26.0 1.0
47 60 90.0 182.0
71 39 144.0 37.0
37 69 64.0 53.0
50 41 190.0 19.0
58 92 165.0 175.0
30 80 94.0 104.0
45 62 17.0 126.0
74 34 69.0 43.0
43 62 117.0 111.0
75 36 160.0 62.0
72 37 8.0 24.0
60 41 8.0 150.0
71 35 160.0 126.0
86 22 118.0 55.0
71 37 10.0 135.0
69 79 87.0 31.0
85 87 155.0 4.0
32 75 147.0 115.0
87 22 173.0 107.0
19 83 18.0 182.0
64 89 0.0 179.0
47 59 21.0 118.0
83 24 131.0 183.0
42 68 196.0 18.0
83 26 55.0 103.0
29 78 79.0 3.0
37 70 54.0 52.0
30 78 112.0 25.0
75 35 185.0 112.0
63 72 109.0 6.0
58 51 28.0 40.0
61 50 119.0 176.0
79 30 177.0 175.0
26 80 18.0 56.0
39 68 169.0 24.0
78 31 142.0 81.0
28 83 195.0 127.0
86 19 173.0 56.0
60 50 37.0 1.0
51 54 91.0 156.0
29 81 13.0 68.0
24 85 110.0 31.0
51 57 33.0 79.0
14 92 14.0 175.0
54 49 90.0 10.0
76 33 117.0 63.0
69 40 21.0 154.0
86 25 4.0 64.0
80 31 112.0 169.0
35 76 196.0 22.0
77 29 169.0 29.0
20 89 22.0 183.0
88 23 151.0 112.0
22 84 79.0 20.0
53 57 138.0 52.0
28 84 88.0 95.0
23 79 12.0 152.0
15 88 129.0 8.0
64 58 40.0 98.0
13 92 158.0 15.0
43 68 191.0 61.0
77 35 151.0 22.0
73 38 54.0 89.0
51 60 97.0 95.0
64 45 122.0 109.0
88 25 1.0 3.0
79 33 5.0 42.0
47 66 113.0 163.0
78 32 143.0 56.0
32 80 170.0 94.0
78 33 104.0 25.0
59 48 177.0 2.0
67 41 93.0 51.0
33 80 192.0 95.0
84 34 42.0 149.0
23 89 34.0 107.0
87 27 99.0 130.0
35 85 3.0 22.0
41 71 89.0 108.0
83 29 190.0 66.0
38 74 10.0 84.0
45 66 32.0 154.0
65 46 166.0 26.0
60 52 10.0 152.0
40 73 44.0 110.0
9 83 27.0 199.0
68 64 154.0 116.0
23 86 47.0 96.0
59 56 129.0 9.0
55 58 131.0 113.0
53 54 189.0 97.0
86 91 74.0 199.0
72 40 199.0 70.0
57 55 28.0 179.0
91 21 99.0 134.0
60 53 139.0 98.0
30 83 27.0 69.0
49 60 91.0 110.0
67 53 99.0 80.0
38 71 150.0 173.0
82 81 39.0 102.0
91 54 195.0 67.0
77 37 63.0 46.0
70 39 4.0 2.0
89 92 75.0 31.0
44 67 32.0 119.0
28 79 168.0 131.0
82 33 125.0 118.0
48 61 70.0 164.0
58 60 134.0 18.0
39 74 26.0 149.0
39 73 165.0 31.0
24 91 133.0 40.0
21 92 114.0 165.0
82 28 142.0 82.0
44 71 61.0 19.0
30 85 131.0 131.0
62 44 56.0 65.0
33 75 127.0 35.0
27 86 44.0 92.0
77 38 93.0 129.0
82 35 107.0 7.0
82 26 151.0 1.0
89 25 120.0 12.0
89 21 75.0 51.0
69 45 163.0 132.0
80 35 104.0 42.0
40 74 121.0 148.0
89 26 14.0 14.0
24 84 123.0 121.0
50 65 163.0 26.0
61 54 100.0 83.0
66 80 82.0 176.0
38 67 142.0 197.0
68 48 68.0 46.0
26 77 144.0 189.0
79 36 5.0 158.0
69 42 50.0 128.0
70 41 51.0 13.0
79 32 29.0 151.0
85 26 195.0 64.0
58 56 22.0 89.0
66 50 130.0 42.0
75 39 162.0 26.0
61 58 174.0 167.0
76 40 124.0 24.0
35 81 145.0 175.0
29 87 29.0 126.0
51 65 1.0 176.0
79 37 113.0 176.0
31 71 137.0 43.0
81 21 94.0 99.0
81 38 176.0 68.0
39 79 66.0 52.0
58 84 127.0 163.0
58 91 119.0 156.0
28 90 92.0 73.0
63 54 53.0 5.0
27 83 174.0 190.0
25 91 30.0 20.0
63 52 78.0 158.0
62 67 23.0 96.0
74 43 102.0 150.0
73 47 38.0 22.0
37 78 91.0 131.0
82 34 171.0 144.0
18 92 160.0 145.0
57 61 141.0 190.0
73 44 44.0 19.0
67 48 155.0 19.0
80 36 133.0 58.0
28 88 121.0 172.0
33 84 79.0 164.0
78 42 129.0 50.0
66 46 75.0 41.0
85 33 25.0 168.0
62 54 147.0 21.0
42 66 86.0 102.0
87 49 94.0 20.0
72 46 23.0 167.0
75 44 190.0 54.0
27 88 91.0 71.0
29 89 23.0 167.0
82 29 181.0 48.0
58 37 34.0 80.0
77 42 129.0 72.0
53 63 88.0 23.0
61 51 187.0 63.0
35 78 19.0 130.0
52 67 180.0 110.0
22 90 163.0 3.0
90 36 144.0 97.0
85 46 191.0 178.0
40 80 56.0 120.0
49 69 35.0 96.0
39 80 112.0 175.0
92 17 4.0 131.0
26 91 173.0 136.0
54 67 140.0 88.0
72 47 23.0 84.0
45 73 123.0 14.0
75 43 63.0 131.0
70 52 170.0 51.0
60 71 120.0 34.0
76 44 189.0 77.0
66 56 134.0 114.0
77 14 103.0 26.0
65 57 103.0 126.0
45 70 92.0 179.0
92 27 63.0 108.0
79 41 133.0 186.0
32 88 20.0 53.0
47 83 49.0 161.0
80 38 153.0 135.0
83 36 123.0 8.0
50 72 99.0 27.0
88 67 62.0 143.0
28 69 62.0 125.0
63 55 99.0 195.0
49 72 22.0 71.0
75 45 131.0 23.0
51 63 44.0 36.0
32 90 142.0 167.0
91 27 15.0 193.0
30 91 125.0 77.0
29 92 150.0 187.0
50 74 102.0 2.0
46 75 123.0 76.0
37 82 71.0 55.0
80 42 128.0 115.0
65 92 124.0 22.0
39 82 38.0 92.0
46 61 44.0 163.0
33 89 95.0 194.0
68 51 77.0 197.0
47 67 32.0 1.0
37 81 135.0 104.0
44 74 44.0 15.0
87 35 92.0 120.0
36 88 61.0 82.0
43 78 58.0 105.0
48 74 89.0 153.0
52 69 174.0 166.0
86 37 54.0 159.0
46 70 179.0 141.0
70 54 145.0 23.0
83 41 104.0 37.0
68 55 42.0 166.0
31 91 119.0 100.0
79 44 28.0 8.0
88 34 190.0 2.0
68 57 174.0 196.0
78 39 163.0 153.0
48 73 194.0 108.0
72 51 131.0 98.0
71 52 36.0 173.0
79 45 115.0 155.0
62 63 45.0 143.0
56 91 89.0 187.0
41 80 36.0 63.0
37 87 72.0 151.0
50 69 72.0 66.0
39 85 172.0 155.0
92 16 173.0 8.0
91 36 91.0 89.0
90 35 74.0 88.0
77 45 142.0 164.0
65 58 36.0 130.0
29 85 148.0 108.0
34 91 96.0 20.0
51 75 129.0 20.0
61 65 164.0 55.0
43 82 127.0 7.0
83 44 163.0 153.0
53 72 180.0 105.0
80 48 149.0 168.0
84 41 112.0 49.0
71 46 152.0 160.0
69 58 55.0 33.0
48 76 159.0 171.0
82 40 17.0 38.0
58 77 195.0 180.0
87 34 14.0 127.0
85 28 196.0 163.0
32 59 81.0 108.0
37 76 33.0 185.0
80 47 64.0 88.0
91 28 195.0 175.0
38 87 62.0 12.0
44 84 171.0 9.0
67 59 157.0 186.0
38 89 157.0 105.0
43 80 53.0 190.0
77 47 137.0 38.0
64 61 5.0 153.0
70 51 78.0 0.0
79 52 5.0 92.0
81 44 139.0 128.0
85 41 22.0 48.0
76 55 186.0 132.0
72 57 105.0 192.0
72 56 196.0 194.0
81 49 198.0 1.0
88 40 124.0 77.0
46 59 124.0 129.0
75 38 61.0 15.0
74 55 44.0 35.0
84 46 41.0 182.0
80 50 44.0 146.0
49 79 114.0 40.0
49 75 21.0 64.0
82 50 113.0 145.0
78 51 86.0 189.0
64 62 160.0 99.0
90 41 141.0 4.0
59 71 96.0 182.0
28 87 118.0 140.0
79 50 165.0 184.0
61 66 71.0 186.0
86 46 157.0 136.0
59 70 146.0 43.0
61 70 53.0 106.0
49 83 82.0 194.0
36 92 114.0 178.0
36 87 180.0 184.0
86 44 127.0 97.0
61 67 14.0 151.0
51 76 30.0 171.0
58 59 198.0 177.0
88 46 137.0 51.0
81 48 99.0 171.0
46 87 133.0 165.0
88 42 175.0 66.0
51 81 93.0 54.0
77 54 119.0 60.0
66 57 162.0 150.0
58 74 106.0 160.0
40 79 12.0 195.0
66 70 39.0 111.0
61 71 41.0 172.0
76 43 54.0 16.0
78 52 105.0 100.0
48 78 73.0 25.0
51 82 189.0 187.0
83 46 120.0 48.0
74 60 25.0 133.0
81 54 31.0 16.0
56 78 106.0 73.0
66 54 85.0 161.0
86 49 141.0 143.0
40 91 164.0 166.0
73 56 53.0 154.0
45 85 118.0 173.0
84 45 160.0 95.0
92 45 80.0 143.0
63 70 184.0 186.0
85 48 74.0 22.0
43 70 181.0 15.0
70 75 84.0 146.0
61 74 94.0 89.0
82 45 3.0 164.0
88 47 128.0 115.0
56 68 128.0 8.0
42 91 141.0 65.0
86 48 6.0 16.0
48 63 145.0 140.0
59 75 109.0 29.0
62 72 48.0 155.0
53 62 61.0 3.0
62 75 158.0 189.0
79 70 13.0 39.0
92 43 94.0 155.0
92 46 3.0 52.0
54 71 80.0 148.0
71 66 24.0 189.0
60 82 139.0 24.0
73 61 3.0 1.0
78 55 181.0 114.0
39 89 92.0 194.0
70 62 160.0 138.0
63 74 187.0 115.0
92 68 69.0 67.0
90 44 47.0 46.0
71 64 26.0 186.0
84 52 149.0 181.0
55 81 126.0 82.0
61 76 65.0 170.0
51 87 11.0 177.0
51 79 137.0 198.0
55 82 155.0 159.0
54 82 83.0 2.0
77 60 182.0 61.0
83 51 114.0 83.0
69 68 146.0 192.0
68 65 29.0 164.0
64 73 25.0 40.0
87 54 93.0 114.0
57 75 185.0 49.0
79 58 114.0 20.0
72 65 129.0 48.0
76 80 21.0 195.0
91 48 196.0 120.0
88 51 125.0 178.0
61 78 11.0 102.0
73 67 120.0 57.0
84 49 176.0 57.0
90 66 110.0 42.0
79 48 194.0 191.0
58 80 175.0 167.0
57 82 29.0 172.0
56 77 149.0 106.0
85 53 185.0 112.0
48 89 18.0 106.0
65 71 193.0 147.0
51 89 159.0 103.0
58 78 110.0 105.0
20 58 7.0 37.0
47 92 36.0 36.0
65 60 136.0 185.0
77 59 78.0 121.0
43 79 102.0 97.0
84 85 192.0 95.0
78 91 73.0 103.0
79 61 77.0 135.0
48 90 194.0 36.0
56 55 198.0 30.0
49 90 20.0 86.0
53 84 140.0 98.0
58 82 34.0 42.0
72 58 33.0 178.0
71 69 85.0 58.0
59 83 124.0 114.0
50 92 5.0 71.0
78 63 92.0 155.0
63 79 190.0 64.0
72 59 140.0 82.0
56 79 157.0 126.0
56 86 159.0 142.0
84 42 180.0 44.0
40 89 170.0 104.0
63 77 34.0 175.0
85 47 2.0 78.0
88 48 125.0 144.0
86 55 118.0 65.0
17 77 125.0 76.0
86 59 185.0 84.0
29 90 22.0 165.0
81 61 98.0 192.0
76 47 82.0 84.0
88 55 127.0 36.0
60 78 112.0 53.0
54 88 68.0 183.0
53 74 109.0 193.0
84 56 153.0 94.0
89 53 99.0 127.0
55 83 86.0 197.0
80 61 195.0 168.0
72 69 51.0 122.0
66 68 198.0 116.0
69 60 108.0 18.0
73 66 91.0 169.0
76 69 103.0 196.0
80 89 164.0 2.0
78 69 188.0 50.0
63 82 133.0 183.0
70 73 62.0 136.0
85 55 31.0 12.0
53 88 13.0 139.0
68 71 188.0 57.0
86 60 56.0 43.0
55 89 173.0 20.0
68 80 87.0 161.0
86 61 16.0 172.0
46 79 187.0 30.0
57 84 169.0 170.0
67 79 21.0 134.0
89 54 198.0 161.0
66 78 174.0 54.0
85 65 105.0 148.0
75 54 139.0 192.0
56 88 64.0 107.0
88 57 43.0 3.0
69 74 158.0 164.0
82 67 155.0 131.0
77 70 39.0 105.0
71 78 53.0 14.0
91 63 83.0 110.0
57 89 37.0 174.0
64 81 197.0 53.0
65 76 103.0 193.0
60 75 167.0 14.0
59 80 51.0 75.0
64 79 40.0 42.0
78 67 30.0 45.0
72 68 50.0 65.0
81 65 29.0 39.0
90 46 44.0 179.0
90 56 187.0 148.0
68 77 90.0 106.0
91 59 50.0 93.0
62 81 110.0 42.0
52 90 18.0 140.0
87 53 5.0 68.0
60 83 23.0 187.0
91 52 158.0 67.0
58 90 123.0 97.0
85 61 141.0 13.0
71 74 155.0 191.0
74 77 90.0 65.0
83 67 117.0 108.0
78 68 112.0 74.0
74 64 46.0 87.0
58 87 69.0 4.0
91 51 4.0 193.0
72 81 147.0 145.0
66 83 11.0 103.0
87 64 195.0 53.0
84 68 41.0 64.0
66 88 31.0 105.0
76 71 179.0 77.0
91 61 22.0 1.0
64 85 98.0 178.0
52 89 121.0 197.0
56 89 85.0 132.0
79 77 51.0 32.0
81 68 141.0 92.0
50 90 186.0 125.0
79 71 194.0 118.0
70 82 28.0 169.0
42 65 17.0 78.0
69 88 34.0 91.0
78 34 53.0 71.0
75 69 12.0 56.0
65 90 138.0 105.0
69 87 144.0 76.0
72 80 173.0 139.0
78 76 130.0 2.0
62 90 30.0 100.0
64 75 189.0 65.0
90 61 79.0 194.0
41 81 143.0 43.0
77 75 153.0 81.0
52 88 116.0 98.0
58 75 170.0 90.0
62 92 56.0 52.0
81 67 137.0 87.0
72 84 110.0 78.0
84 73 184.0 141.0
63 90 179.0 80.0
82 76 65.0 84.0
81 80 128.0 182.0
31 92 172.0 50.0
92 61 48.0 181.0
80 65 150.0 185.0
64 88 116.0 12.0
92 70 67.0 53.0
79 68 73.0 198.0
73 82 22.0 90.0
70 84 141.0 102.0
78 53 68.0 65.0
91 69 165.0 117.0
76 75 142.0 116.0
75 84 62.0 11.0
92 73 125.0 81.0
67 84 99.0 150.0
79 73 132.0 73.0
89 71 114.0 25.0
89 77 38.0 182.0
77 85 60.0 3.0
87 66 80.0 2.0
75 79 138.0 142.0
82 75 82.0 64.0
59 81 170.0 134.0
70 89 73.0 55.0
70 83 166.0 139.0
69 89 117.0 4.0
50 87 183.0 177.0
90 84 135.0 63.0
75 83 78.0 26.0
85 73 188.0 113.0
82 78 16.0 110.0
69 82 93.0 41.0
68 87 25.0 60.0
80 90 178.0 142.0
85 78 160.0 161.0
83 79 4.0 47.0
91 68 66.0 82.0
92 64 76.0 54.0
76 42 105.0 92.0
83 90 184.0 198.0
83 76 70.0 9.0
60 85 3.0 49.0
85 82 82.0 163.0
92 54 72.0 86.0
72 90 104.0 138.0
89 78 167.0 180.0
84 76 47.0 72.0
73 90 78.0 31.0
89 79 156.0 148.0
87 82 72.0 111.0
85 79 155.0 154.0
71 82 26.0 179.0
49 35 134.0 82.0
66 52 27.0 101.0
45 90 99.0 74.0
82 90 29.0 129.0
83 88 194.0 185.0
87 76 195.0 66.0
63 87 113.0 150.0
85 80 32.0 92.0
88 62 166.0 166.0
74 89 27.0 146.0
86 82 141.0 79.0
92 55 176.0 170.0
55 87 18.0 170.0
89 91 31.0 165.0
92 79 80.0 97.0
86 76 150.0 64.0
69 92 152.0 68.0
82 91 148.0 132.0
59 51 113.0 89.0
64 82 58.0 41.0
91 85 179.0 28.0
65 75 114.0 11.0
51 92 11.0 146.0
47 89 12.0 161.0
82 83 195.0 117.0
77 87 183.0 143.0
77 81 79.0 48.0
85 88 20.0 89.0
90 89 5.0 0.0
89 83 172.0 120.0
85 68 72.0 184.0
90 86 22.0 36.0
89 87 28.0 169.0
62 85 14.0 163.0
55 48 199.0 46.0
83 33 106.0 19.0
85 86 116.0 112.0
86 74 157.0 40.0
39 9 31.0 181.0
88 89 105.0 5.0
72 86 126.0 85.0
61 82 90.0 92.0
84 87 66.0 41.0
89 73 79.0 125.0
38 92 118.0 195.0
79 91 175.0 28.0
79 87 190.0 159.0
65 88 151.0 47.0
89 66 131.0 29.0
86 89 147.0 173.0
72 71 38.0 165.0
71 85 11.0 117.0
88 82 52.0 81.0
76 70 15.0 28.0
88 24 2.0 5.0
87 62 195.0 105.0
91 90 72.0 78.0
85 74 20.0 171.0
91 75 45.0 58.0
92 86 106.0 8.0
77 83 42.0 111.0
92 85 78.0 10.0
81 88 181.0 81.0
35 30 110.0 128.0
92 66 81.0 134.0
92 76 77.0 101.0
28 63 173.0 75.0
84 91 77.0 79.0
76 90 133.0 71.0
35 29 111.0 11.0
64 77 173.0 93.0
71 36 56.0 84.0
81 76 191.0 137.0
92 78 70.0 21.0
85 90 35.0 43.0
81 92 161.0 64.0
0
