98 4753 16 89 833114
22 33 24.0 59.0
90 53 156.0 180.0
9 39 124.0 159.0
47 48 163.0 114.0
55 48 30.0 98.0
55 44 21.0 53.0
96 98 137.0 47.0
91 14 67.0 169.0
46 47 67.0 43.0
1 3 192.0 175.0
41 63 28.0 69.0
12 92 146.0 143.0
41 48 140.0 176.0
47 29 93.0 114.0
28 32 29.0 30.0
45 94 12.0 97.0
42 41 9.0 79.0
43 35 96.0 154.0
53 6 165.0 76.0
53 40 80.0 111.0
87 73 9.0 172.0
3 65 187.0 102.0
97 28 82.0 17.0
77 59 120.0 46.0
1 20 179.0 129.0
10 44 175.0 27.0
5 21 168.0 141.0
60 79 144.0 0.0
53 18 18.0 153.0
38 40 163.0 6.0
23 12 129.0 46.0
70 79 151.0 49.0
1 5 5.0 82.0
49 19 128.0 181.0
39 65 145.0 49.0
45 82 75.0 41.0
55 9 138.0 93.0
5 16 46.0 101.0
27 30 19.0 127.0
11 59 66.0 123.0
20 14 177.0 71.0
32 13 33.0 105.0
77 53 157.0 179.0
91 93 82.0 32.0
58 96 73.0 20.0
3 13 107.0 119.0
22 82 117.0 127.0
42 37 186.0 183.0
50 82 75.0 163.0
94 28 138.0 108.0
80 98 83.0 47.0
49 30 131.0 166.0
13 7 37.0 4.0
73 78 82.0 97.0
61 49 2.0 199.0
85 90 185.0 188.0
29 71 1.0 60.0
98 92 52.0 91.0
47 59 76.0 136.0
44 49 78.0 7.0
31 48 101.0 115.0
28 23 65.0 135.0
71 5 118.0 67.0
50 35 11.0 56.0
61 77 141.0 13.0
70 21 54.0 193.0
80 68 12.0 130.0
18 93 128.0 90.0
42 29 44.0 181.0
51 85 15.0 110.0
45 28 72.0 133.0
18 40 153.0 83.0
19 97 151.0 94.0
7 2 196.0 5.0
24 97 161.0 160.0
91 86 31.0 89.0
70 75 35.0 28.0
61 83 140.0 2.0
66 91 109.0 164.0
32 87 39.0 14.0
85 68 1.0 191.0
68 23 126.0 149.0
21 95 14.0 87.0
82 1 26.0 198.0
75 71 40.0 13.0
55 85 87.0 181.0
33 56 133.0 148.0
98 36 194.0 125.0
5 31 77.0 195.0
8 6 53.0 155.0
68 74 120.0 19.0
30 54 74.0 98.0
26 44 63.0 114.0
84 52 87.0 103.0
64 30 90.0 173.0
65 29 190.0 36.0
15 61 30.0 19.0
34 38 136.0 35.0
67 50 93.0 8.0
5 23 172.0 119.0
66 13 105.0 187.0
64 35 130.0 192.0
65 82 60.0 21.0
12 62 181.0 3.0
1 18 122.0 164.0
66 2 119.0 10.0
7 77 183.0 13.0
1 45 150.0 107.0
57 19 56.0 55.0
54 64 183.0 186.0
48 64 84.0 195.0
28 81 162.0 66.0
12 45 122.0 37.0
2 44 140.0 194.0
23 54 94.0 75.0
98 81 66.0 196.0
55 40 117.0 122.0
6 51 72.0 100.0
17 55 189.0 156.0
91 19 19.0 151.0
63 79 42.0 94.0
79 5 6.0 134.0
58 14 42.0 100.0
94 46 19.0 108.0
85 15 7.0 89.0
22 10 159.0 79.0
20 33 84.0 100.0
51 96 71.0 103.0
33 8 180.0 113.0
12 74 36.0 186.0
43 59 151.0 79.0
6 18 92.0 170.0
33 68 61.0 99.0
78 4 190.0 172.0
36 39 33.0 74.0
90 37 19.0 104.0
44 58 69.0 199.0
87 16 176.0 105.0
75 29 15.0 127.0
47 23 46.0 107.0
90 76 14.0 59.0
79 90 9.0 5.0
84 98 34.0 42.0
90 80 145.0 54.0
39 56 37.0 14.0
72 92 71.0 165.0
23 38 84.0 38.0
16 33 156.0 82.0
6 11 147.0 123.0
93 21 35.0 156.0
20 81 177.0 21.0
18 74 118.0 122.0
86 15 128.0 107.0
62 53 119.0 151.0
90 66 60.0 155.0
98 68 144.0 169.0
4 10 62.0 43.0
75 86 35.0 49.0
25 64 199.0 164.0
93 83 131.0 69.0
97 93 38.0 11.0
48 23 166.0 109.0
45 66 143.0 179.0
35 79 41.0 40.0
89 36 116.0 103.0
24 72 185.0 103.0
91 43 74.0 184.0
27 1 185.0 158.0
49 72 31.0 175.0
51 53 188.0 150.0
20 4 60.0 83.0
38 68 125.0 53.0
6 89 42.0 193.0
18 19 37.0 27.0
17 86 175.0 64.0
42 73 152.0 160.0
2 32 179.0 135.0
84 90 177.0 167.0
49 10 147.0 189.0
77 33 85.0 72.0
23 18 12.0 127.0
37 63 182.0 49.0
7 56 191.0 157.0
84 86 183.0 95.0
19 40 80.0 162.0
85 9 35.0 57.0
18 35 11.0 134.0
67 48 190.0 97.0
65 11 42.0 2.0
30 3 57.0 25.0
58 73 157.0 48.0
17 79 8.0 92.0
74 45 195.0 88.0
9 68 173.0 182.0
4 84 135.0 137.0
33 65 156.0 126.0
31 13 149.0 199.0
15 33 154.0 6.0
7 36 10.0 111.0
70 24 30.0 19.0
24 18 98.0 177.0
86 13 52.0 23.0
52 89 161.0 140.0
11 87 13.0 117.0
1 59 183.0 162.0
47 54 155.0 137.0
89 27 31.0 117.0
6 1 164.0 13.0
19 21 57.0 14.0
87 31 83.0 61.0
75 22 1.0 44.0
10 29 118.0 14.0
43 41 131.0 53.0
94 25 177.0 38.0
51 32 145.0 160.0
87 60 96.0 61.0
81 57 66.0 153.0
43 81 168.0 102.0
5 45 139.0 169.0
29 54 147.0 9.0
95 15 113.0 30.0
39 19 42.0 43.0
6 32 171.0 139.0
92 42 141.0 67.0
98 31 95.0 159.0
14 64 59.0 63.0
65 42 172.0 198.0
95 75 184.0 71.0
89 94 75.0 50.0
14 70 97.0 69.0
3 32 25.0 20.0
73 77 39.0 166.0
9 79 103.0 134.0
44 50 99.0 162.0
6 10 7.0 24.0
76 36 143.0 143.0
32 84 174.0 18.0
11 81 39.0 71.0
68 43 59.0 64.0
21 98 48.0 50.0
78 5 152.0 104.0
10 21 124.0 4.0
66 57 4.0 83.0
92 3 128.0 100.0
87 71 66.0 103.0
53 1 159.0 105.0
2 13 6.0 18.0
94 97 118.0 55.0
3 74 194.0 70.0
94 49 61.0 118.0
7 26 34.0 65.0
82 26 55.0 162.0
97 60 98.0 122.0
17 2 18.0 58.0
96 3 6.0 177.0
2 47 5.0 124.0
22 28 24.0 199.0
32 94 76.0 85.0
21 40 2.0 110.0
16 1 8.0 9.0
45 10 42.0 107.0
12 54 164.0 12.0
12 4 42.0 123.0
22 76 68.0 48.0
59 52 16.0 45.0
48 93 91.0 44.0
88 35 158.0 45.0
19 68 28.0 166.0
77 98 105.0 70.0
9 76 88.0 22.0
51 20 150.0 82.0
95 25 91.0 170.0
33 42 151.0 59.0
91 98 35.0 42.0
88 43 195.0 193.0
12 75 89.0 176.0
30 71 32.0 195.0
48 52 10.0 72.0
71 67 162.0 160.0
48 65 119.0 53.0
9 47 148.0 22.0
2 75 184.0 135.0
19 92 103.0 180.0
24 35 82.0 193.0
7 19 140.0 66.0
70 17 175.0 150.0
84 49 130.0 89.0
15 54 194.0 49.0
56 30 31.0 94.0
60 35 96.0 15.0
28 2 104.0 199.0
10 5 162.0 186.0
57 8 145.0 54.0
78 63 36.0 120.0
13 45 162.0 118.0
54 20 16.0 157.0
5 48 182.0 199.0
82 28 192.0 78.0
83 10 122.0 96.0
49 32 10.0 36.0
93 27 183.0 156.0
45 25 112.0 20.0
25 97 47.0 74.0
19 54 152.0 16.0
4 34 68.0 86.0
17 87 97.0 61.0
53 34 72.0 171.0
21 6 32.0 82.0
86 19 95.0 16.0
44 89 161.0 159.0
43 38 40.0 9.0
92 14 156.0 145.0
47 82 23.0 24.0
27 54 94.0 72.0
88 8 91.0 166.0
67 55 3.0 76.0
30 77 10.0 98.0
23 84 14.0 171.0
23 11 115.0 7.0
78 23 102.0 71.0
60 69 83.0 77.0
78 22 184.0 177.0
83 58 50.0 28.0
69 67 87.0 53.0
45 46 36.0 49.0
31 25 106.0 50.0
90 26 14.0 174.0
48 2 97.0 116.0
26 52 83.0 132.0
29 73 190.0 19.0
32 60 53.0 40.0
28 24 155.0 140.0
69 28 12.0 143.0
9 93 19.0 71.0
74 44 117.0 33.0
1 31 88.0 166.0
38 39 142.0 171.0
13 59 70.0 84.0
75 54 45.0 123.0
77 57 23.0 1.0
40 91 71.0 35.0
41 23 198.0 90.0
66 37 146.0 115.0
67 38 25.0 34.0
32 36 44.0 119.0
50 63 89.0 114.0
72 2 155.0 135.0
14 27 115.0 130.0
73 67 27.0 138.0
45 70 128.0 25.0
62 91 35.0 74.0
30 39 8.0 12.0
74 73 164.0 4.0
91 61 73.0 6.0
63 46 169.0 180.0
72 78 117.0 84.0
2 54 53.0 144.0
25 68 61.0 133.0
60 58 138.0 48.0
96 17 132.0 99.0
89 68 136.0 49.0
31 68 186.0 161.0
15 27 81.0 107.0
6 23 186.0 150.0
32 16 123.0 191.0
83 32 182.0 136.0
89 25 0.0 72.0
41 52 197.0 84.0
76 86 1.0 85.0
55 26 192.0 139.0
52 47 98.0 25.0
25 55 109.0 36.0
2 16 191.0 184.0
77 21 189.0 173.0
45 11 157.0 189.0
18 46 196.0 154.0
34 96 3.0 149.0
77 67 131.0 148.0
70 80 29.0 29.0
13 9 76.0 91.0
28 84 101.0 20.0
1 12 108.0 90.0
22 50 113.0 17.0
96 22 120.0 109.0
74 90 153.0 75.0
14 98 138.0 37.0
80 45 154.0 120.0
27 8 33.0 183.0
91 36 90.0 134.0
91 44 44.0 199.0
93 53 17.0 109.0
75 43 159.0 137.0
88 18 81.0 64.0
17 6 41.0 171.0
15 6 156.0 148.0
5 68 93.0 141.0
59 46 138.0 183.0
89 65 13.0 134.0
74 30 99.0 30.0
14 4 195.0 58.0
90 23 25.0 76.0
8 14 96.0 19.0
80 84 194.0 4.0
9 54 88.0 39.0
11 3 177.0 178.0
74 50 116.0 190.0
79 81 74.0 15.0
11 20 129.0 70.0
96 23 123.0 107.0
61 79 190.0 171.0
64 38 47.0 136.0
47 42 45.0 87.0
50 24 10.0 22.0
73 1 191.0 126.0
37 48 133.0 17.0
67 20 66.0 14.0
15 4 188.0 141.0
48 28 196.0 178.0
21 51 65.0 43.0
48 1 143.0 110.0
25 85 30.0 105.0
41 73 88.0 173.0
22 2 44.0 21.0
21 31 72.0 62.0
54 76 109.0 61.0
5 90 109.0 57.0
97 76 99.0 174.0
76 85 83.0 194.0
27 45 72.0 66.0
73 82 161.0 160.0
83 71 117.0 157.0
3 70 127.0 189.0
48 57 91.0 188.0
49 41 52.0 0.0
18 47 186.0 103.0
33 5 34.0 22.0
5 17 34.0 58.0
54 28 166.0 147.0
54 34 123.0 35.0
5 77 99.0 50.0
90 38 125.0 191.0
34 58 40.0 129.0
61 45 136.0 26.0
5 61 184.0 123.0
33 46 120.0 170.0
73 25 153.0 38.0
14 36 51.0 76.0
68 62 84.0 151.0
55 51 11.0 161.0
64 95 11.0 3.0
42 60 61.0 148.0
23 40 70.0 46.0
85 7 5.0 142.0
85 89 13.0 158.0
26 38 111.0 17.0
9 5 40.0 147.0
15 64 3.0 3.0
60 5 26.0 167.0
64 36 169.0 40.0
7 6 142.0 192.0
85 61 45.0 147.0
52 85 176.0 10.0
24 54 15.0 39.0
18 92 113.0 55.0
57 97 47.0 117.0
13 8 155.0 26.0
6 3 41.0 77.0
79 82 110.0 183.0
98 18 174.0 107.0
4 75 138.0 151.0
84 77 197.0 153.0
70 15 177.0 110.0
13 12 186.0 25.0
48 96 70.0 93.0
96 31 125.0 111.0
14 54 147.0 35.0
71 46 23.0 121.0
22 69 14.0 161.0
48 81 96.0 163.0
95 11 196.0 26.0
76 68 125.0 182.0
65 44 27.0 195.0
31 26 189.0 152.0
79 2 36.0 136.0
47 43 151.0 59.0
13 47 49.0 118.0
29 50 64.0 98.0
16 91 17.0 12.0
16 31 85.0 94.0
16 3 19.0 112.0
2 3 6.0 9.0
4 28 142.0 194.0
26 22 190.0 45.0
11 7 167.0 39.0
76 44 8.0 183.0
90 30 44.0 177.0
60 68 115.0 81.0
44 94 165.0 134.0
9 11 117.0 124.0
50 21 148.0 11.0
97 47 5.0 138.0
73 35 121.0 125.0
78 17 137.0 129.0
8 10 101.0 181.0
71 74 195.0 16.0
69 70 122.0 161.0
91 6 191.0 191.0
80 41 183.0 140.0
43 9 134.0 141.0
8 9 132.0 55.0
13 84 38.0 69.0
87 89 78.0 140.0
20 41 178.0 74.0
4 6 162.0 100.0
17 46 179.0 153.0
42 40 55.0 163.0
49 97 188.0 142.0
93 44 152.0 120.0
83 82 186.0 191.0
73 10 161.0 65.0
6 82 107.0 139.0
93 60 102.0 69.0
7 43 127.0 81.0
39 59 0.0 135.0
13 56 126.0 188.0
1 70 17.0 79.0
53 55 146.0 3.0
20 9 0.0 108.0
90 14 189.0 107.0
74 83 25.0 43.0
82 78 27.0 105.0
38 83 78.0 27.0
40 10 151.0 4.0
15 9 31.0 120.0
2 4 114.0 129.0
11 90 8.0 115.0
6 97 132.0 149.0
38 4 110.0 157.0
14 5 47.0 89.0
93 61 27.0 125.0
26 49 16.0 179.0
94 20 23.0 47.0
22 65 24.0 137.0
13 4 59.0 184.0
18 86 34.0 143.0
45 77 52.0 96.0
44 28 121.0 52.0
44 38 88.0 149.0
42 23 25.0 104.0
42 80 107.0 0.0
3 62 102.0 131.0
81 52 25.0 113.0
93 39 183.0 11.0
71 94 175.0 35.0
16 4 97.0 97.0
72 3 76.0 185.0
25 77 9.0 53.0
58 52 81.0 68.0
16 58 189.0 183.0
65 61 171.0 14.0
55 16 165.0 154.0
11 32 176.0 140.0
66 62 198.0 73.0
20 55 17.0 74.0
33 71 150.0 27.0
7 12 180.0 31.0
32 92 17.0 169.0
54 42 72.0 188.0
57 23 44.0 189.0
12 8 65.0 172.0
10 74 106.0 63.0
31 88 60.0 76.0
60 6 7.0 10.0
77 83 101.0 187.0
76 70 128.0 71.0
13 30 157.0 152.0
9 44 190.0 1.0
90 69 94.0 55.0
44 31 179.0 152.0
74 23 129.0 192.0
82 25 186.0 136.0
9 10 61.0 87.0
79 97 181.0 142.0
83 87 124.0 138.0
87 76 163.0 114.0
46 26 141.0 9.0
12 28 150.0 72.0
51 35 73.0 79.0
60 52 119.0 59.0
62 86 179.0 133.0
84 2 27.0 160.0
88 73 13.0 103.0
51 80 111.0 176.0
61 54 81.0 52.0
82 30 41.0 32.0
20 36 160.0 66.0
88 83 26.0 32.0
70 78 186.0 157.0
13 5 113.0 14.0
77 50 62.0 127.0
86 22 129.0 174.0
76 89 44.0 11.0
74 80 197.0 37.0
17 36 89.0 157.0
20 88 110.0 67.0
67 80 98.0 97.0
10 15 63.0 12.0
41 38 171.0 78.0
15 93 91.0 101.0
39 53 38.0 87.0
34 19 165.0 35.0
11 39 113.0 55.0
29 87 192.0 24.0
24 86 42.0 91.0
33 80 68.0 58.0
11 4 44.0 192.0
87 88 122.0 88.0
96 94 168.0 112.0
69 6 184.0 85.0
9 6 130.0 97.0
56 50 66.0 122.0
91 78 82.0 61.0
59 26 118.0 103.0
20 66 99.0 115.0
55 56 153.0 21.0
7 41 38.0 73.0
46 83 77.0 174.0
96 75 170.0 7.0
80 1 44.0 36.0
34 76 20.0 126.0
9 7 175.0 138.0
12 11 72.0 74.0
69 83 147.0 177.0
25 29 167.0 185.0
14 63 116.0 197.0
93 47 81.0 86.0
47 51 134.0 77.0
83 57 140.0 154.0
64 23 166.0 116.0
81 13 114.0 38.0
19 3 76.0 61.0
97 90 131.0 196.0
8 11 95.0 47.0
7 10 84.0 128.0
57 37 180.0 18.0
49 3 51.0 120.0
13 6 170.0 17.0
4 17 73.0 85.0
45 7 194.0 102.0
96 53 8.0 126.0
82 52 192.0 55.0
58 97 19.0 76.0
89 1 56.0 151.0
3 48 91.0 59.0
5 11 95.0 61.0
90 67 61.0 120.0
74 53 46.0 7.0
61 64 115.0 55.0
18 97 174.0 108.0
51 43 140.0 193.0
44 13 105.0 148.0
5 20 83.0 196.0
14 83 74.0 178.0
1 7 9.0 87.0
58 49 98.0 56.0
15 52 143.0 13.0
6 78 124.0 117.0
23 19 145.0 64.0
31 54 77.0 2.0
8 62 114.0 113.0
2 14 21.0 188.0
19 94 168.0 31.0
44 62 53.0 66.0
15 82 27.0 196.0
62 72 67.0 151.0
90 95 85.0 164.0
6 93 162.0 115.0
12 35 30.0 76.0
4 33 166.0 52.0
28 74 116.0 86.0
91 73 128.0 170.0
12 95 192.0 107.0
69 14 111.0 11.0
64 40 16.0 149.0
89 61 163.0 178.0
51 89 19.0 194.0
23 55 17.0 185.0
30 8 59.0 133.0
36 28 63.0 139.0
25 63 158.0 55.0
9 3 188.0 69.0
95 47 88.0 4.0
9 23 182.0 52.0
13 23 162.0 2.0
77 12 181.0 131.0
74 82 42.0 192.0
11 22 46.0 105.0
40 90 139.0 4.0
47 39 126.0 127.0
85 11 135.0 167.0
33 82 159.0 69.0
6 88 117.0 73.0
56 86 30.0 98.0
69 39 46.0 72.0
1 17 102.0 93.0
46 98 127.0 193.0
38 72 24.0 53.0
82 31 175.0 111.0
14 49 64.0 86.0
22 1 71.0 181.0
94 66 43.0 101.0
6 76 94.0 41.0
32 15 50.0 149.0
15 69 11.0 177.0
96 28 124.0 187.0
58 81 51.0 52.0
86 23 139.0 67.0
4 18 23.0 10.0
89 66 154.0 18.0
43 1 196.0 0.0
69 58 82.0 198.0
83 1 163.0 94.0
17 3 66.0 88.0
27 67 67.0 117.0
89 26 137.0 158.0
49 79 18.0 160.0
2 58 123.0 124.0
14 18 137.0 119.0
75 49 174.0 20.0
5 25 157.0 90.0
68 57 135.0 23.0
79 52 4.0 154.0
33 67 168.0 141.0
3 5 167.0 138.0
18 22 24.0 91.0
39 43 70.0 161.0
47 36 78.0 197.0
60 80 99.0 35.0
92 22 39.0 186.0
73 64 86.0 43.0
86 44 142.0 54.0
48 29 24.0 109.0
7 4 99.0 48.0
60 20 99.0 170.0
19 1 94.0 130.0
35 8 71.0 145.0
25 1 184.0 62.0
7 17 134.0 70.0
95 71 33.0 76.0
56 67 76.0 9.0
83 26 157.0 176.0
46 85 66.0 57.0
40 32 71.0 112.0
93 7 185.0 94.0
63 67 167.0 169.0
20 21 8.0 53.0
47 67 185.0 193.0
35 36 110.0 14.0
61 81 135.0 68.0
25 2 105.0 153.0
23 15 120.0 176.0
21 59 66.0 105.0
27 52 143.0 185.0
28 91 135.0 151.0
15 88 188.0 73.0
25 10 64.0 51.0
46 52 69.0 0.0
43 78 12.0 174.0
48 77 95.0 84.0
37 53 54.0 113.0
60 95 36.0 197.0
88 92 9.0 171.0
18 8 50.0 150.0
70 42 112.0 114.0
26 1 68.0 181.0
95 26 143.0 32.0
58 15 37.0 191.0
67 31 75.0 91.0
19 2 92.0 111.0
7 21 44.0 101.0
16 92 163.0 94.0
35 47 124.0 75.0
64 10 151.0 144.0
35 97 78.0 46.0
68 28 103.0 67.0
59 68 97.0 179.0
19 6 198.0 189.0
10 97 157.0 42.0
47 33 50.0 120.0
2 18 27.0 127.0
45 8 73.0 178.0
61 20 45.0 103.0
3 29 156.0 100.0
52 50 185.0 53.0
7 71 199.0 183.0
70 32 83.0 108.0
20 63 162.0 133.0
12 14 84.0 141.0
93 69 36.0 157.0
44 11 111.0 33.0
94 70 64.0 20.0
22 66 87.0 50.0
93 12 57.0 38.0
98 6 76.0 92.0
24 46 7.0 190.0
33 93 26.0 92.0
19 60 101.0 62.0
27 86 197.0 164.0
57 27 193.0 61.0
49 2 30.0 32.0
22 5 60.0 39.0
85 98 1.0 88.0
15 7 50.0 9.0
3 23 15.0 76.0
83 7 116.0 68.0
3 18 14.0 113.0
12 66 131.0 159.0
11 15 87.0 113.0
48 21 137.0 99.0
74 55 95.0 138.0
90 86 30.0 98.0
55 77 55.0 197.0
40 24 2.0 171.0
8 4 122.0 16.0
69 1 50.0 5.0
67 91 87.0 90.0
67 96 9.0 24.0
8 3 100.0 57.0
45 90 166.0 130.0
24 32 98.0 173.0
55 12 146.0 101.0
15 66 42.0 20.0
66 71 69.0 44.0
63 69 119.0 156.0
2 12 109.0 128.0
76 66 165.0 10.0
57 47 126.0 83.0
35 28 68.0 24.0
39 72 184.0 166.0
40 46 144.0 26.0
72 87 109.0 166.0
58 11 137.0 180.0
30 18 54.0 46.0
83 49 91.0 171.0
17 8 177.0 169.0
42 88 65.0 197.0
62 95 170.0 1.0
96 46 20.0 66.0
35 69 111.0 81.0
80 93 162.0 48.0
12 5 73.0 168.0
10 1 60.0 116.0
24 26 9.0 189.0
70 89 54.0 26.0
85 47 61.0 24.0
92 63 9.0 81.0
34 24 30.0 120.0
18 59 4.0 192.0
20 17 174.0 29.0
26 27 196.0 186.0
8 48 166.0 157.0
92 73 72.0 172.0
21 65 171.0 133.0
84 36 114.0 181.0
15 28 163.0 96.0
87 33 141.0 119.0
5 49 3.0 115.0
75 36 134.0 151.0
39 6 93.0 52.0
2 20 57.0 165.0
58 94 12.0 28.0
31 74 52.0 78.0
4 69 189.0 167.0
18 7 166.0 130.0
51 98 137.0 169.0
35 80 174.0 23.0
41 82 179.0 19.0
75 28 26.0 36.0
23 7 6.0 190.0
81 6 145.0 58.0
74 40 10.0 134.0
86 93 153.0 176.0
48 95 159.0 90.0
26 3 105.0 85.0
12 6 193.0 84.0
10 75 77.0 171.0
37 25 170.0 35.0
30 4 26.0 115.0
43 98 37.0 36.0
18 10 78.0 191.0
48 98 34.0 37.0
42 55 40.0 91.0
82 44 68.0 185.0
74 70 191.0 98.0
18 9 102.0 162.0
78 54 153.0 80.0
10 96 48.0 191.0
14 10 97.0 127.0
94 53 114.0 83.0
4 19 66.0 106.0
16 11 4.0 134.0
2 26 72.0 147.0
5 54 49.0 126.0
1 9 74.0 154.0
23 1 61.0 122.0
72 50 95.0 158.0
5 28 53.0 161.0
56 85 20.0 119.0
89 10 113.0 176.0
83 45 60.0 137.0
98 4 28.0 61.0
12 40 1.0 102.0
11 14 192.0 62.0
73 34 40.0 87.0
61 84 134.0 93.0
70 71 181.0 154.0
81 34 112.0 46.0
11 10 192.0 124.0
81 88 171.0 173.0
14 16 65.0 172.0
67 4 127.0 58.0
37 70 126.0 119.0
55 86 119.0 60.0
58 84 51.0 100.0
19 75 105.0 163.0
98 34 79.0 49.0
23 91 129.0 51.0
37 6 102.0 194.0
9 75 122.0 181.0
2 11 104.0 1.0
19 80 147.0 24.0
5 24 78.0 151.0
66 53 56.0 135.0
87 86 82.0 88.0
34 86 9.0 11.0
91 3 29.0 112.0
33 76 168.0 103.0
63 55 164.0 73.0
91 42 98.0 112.0
86 8 100.0 177.0
60 53 187.0 109.0
9 14 161.0 70.0
19 96 106.0 170.0
23 2 58.0 87.0
63 24 26.0 26.0
78 26 117.0 143.0
23 44 26.0 16.0
51 46 103.0 78.0
8 23 11.0 43.0
25 84 128.0 172.0
18 12 194.0 187.0
66 31 161.0 52.0
10 57 169.0 139.0
83 85 182.0 86.0
30 63 63.0 160.0
10 90 9.0 119.0
83 63 115.0 20.0
4 83 77.0 195.0
63 81 71.0 71.0
68 12 178.0 32.0
69 81 140.0 147.0
4 23 0.0 74.0
11 42 40.0 15.0
87 37 4.0 1.0
1 44 179.0 71.0
82 64 107.0 57.0
46 75 58.0 131.0
43 2 166.0 189.0
38 25 150.0 106.0
71 1 115.0 102.0
10 19 145.0 107.0
85 97 4.0 150.0
20 10 54.0 184.0
23 98 90.0 113.0
30 67 133.0 100.0
25 42 199.0 51.0
67 70 52.0 149.0
27 38 161.0 119.0
42 89 77.0 59.0
43 76 175.0 33.0
89 34 23.0 29.0
33 2 140.0 113.0
68 86 147.0 25.0
30 42 33.0 147.0
67 35 180.0 37.0
29 78 173.0 142.0
15 12 30.0 50.0
69 86 144.0 5.0
15 5 119.0 167.0
83 75 117.0 59.0
19 30 101.0 65.0
71 57 52.0 86.0
3 15 16.0 33.0
79 72 72.0 141.0
11 54 42.0 102.0
42 78 32.0 138.0
7 22 24.0 103.0
9 56 88.0 142.0
25 7 66.0 141.0
12 84 39.0 70.0
14 13 135.0 8.0
33 90 62.0 7.0
2 52 72.0 56.0
32 38 15.0 56.0
70 44 143.0 40.0
1 47 74.0 32.0
46 90 120.0 92.0
32 26 8.0 111.0
85 70 105.0 143.0
62 76 114.0 119.0
29 17 85.0 138.0
54 33 24.0 101.0
76 58 28.0 119.0
24 1 120.0 54.0
25 3 134.0 192.0
19 5 136.0 142.0
26 66 148.0 193.0
43 18 57.0 14.0
34 23 12.0 142.0
55 62 51.0 188.0
21 80 163.0 79.0
12 9 40.0 35.0
6 22 199.0 174.0
16 6 162.0 135.0
25 4 198.0 62.0
81 55 83.0 7.0
77 72 78.0 47.0
36 90 185.0 129.0
27 5 153.0 101.0
98 89 80.0 193.0
17 94 103.0 79.0
76 41 197.0 17.0
6 96 89.0 147.0
20 8 39.0 124.0
74 36 104.0 117.0
81 47 101.0 90.0
96 70 6.0 6.0
16 67 147.0 86.0
18 58 163.0 2.0
1 32 179.0 160.0
29 4 61.0 21.0
6 26 172.0 52.0
18 38 27.0 29.0
12 19 31.0 80.0
93 90 141.0 38.0
14 37 110.0 41.0
11 19 126.0 25.0
14 66 121.0 105.0
69 25 113.0 183.0
7 44 93.0 86.0
82 56 29.0 72.0
79 86 48.0 60.0
77 51 79.0 141.0
88 89 17.0 141.0
71 14 49.0 143.0
35 23 53.0 122.0
4 70 103.0 118.0
11 13 50.0 148.0
12 65 9.0 31.0
8 92 117.0 9.0
45 68 165.0 196.0
58 63 119.0 182.0
22 3 65.0 120.0
28 3 156.0 70.0
8 21 193.0 11.0
7 24 169.0 195.0
9 19 9.0 178.0
3 61 60.0 127.0
30 28 80.0 177.0
46 84 126.0 0.0
19 8 17.0 144.0
36 81 16.0 174.0
13 21 101.0 9.0
66 36 133.0 22.0
44 53 53.0 94.0
29 2 31.0 65.0
42 5 118.0 64.0
10 23 93.0 197.0
45 76 4.0 111.0
58 74 15.0 172.0
12 16 175.0 68.0
65 9 74.0 108.0
61 66 183.0 79.0
79 26 177.0 14.0
84 39 45.0 96.0
21 96 135.0 138.0
29 64 93.0 91.0
39 74 165.0 60.0
5 95 87.0 140.0
5 56 61.0 113.0
13 18 132.0 44.0
82 49 181.0 62.0
88 11 87.0 26.0
62 7 189.0 174.0
71 34 156.0 34.0
12 10 77.0 121.0
40 79 146.0 116.0
36 30 171.0 7.0
27 7 15.0 55.0
34 16 6.0 196.0
80 57 182.0 46.0
63 73 8.0 123.0
63 77 118.0 117.0
76 29 132.0 195.0
9 88 171.0 78.0
2 31 66.0 142.0
22 9 158.0 33.0
10 46 47.0 164.0
4 97 45.0 29.0
28 88 173.0 6.0
22 14 20.0 91.0
42 14 22.0 104.0
57 42 43.0 193.0
89 73 117.0 61.0
67 45 57.0 75.0
90 2 182.0 56.0
4 27 41.0 179.0
14 7 6.0 14.0
41 46 78.0 26.0
4 22 47.0 100.0
62 50 142.0 90.0
78 8 123.0 11.0
52 33 176.0 133.0
34 66 135.0 110.0
98 62 18.0 128.0
90 1 191.0 176.0
47 25 96.0 21.0
46 16 54.0 95.0
22 48 156.0 148.0
1 28 141.0 80.0
80 36 179.0 69.0
5 4 134.0 66.0
3 27 104.0 104.0
96 8 41.0 47.0
32 74 72.0 90.0
45 6 165.0 79.0
10 58 115.0 122.0
62 15 88.0 9.0
6 43 73.0 19.0
7 39 135.0 159.0
36 53 74.0 191.0
60 51 180.0 116.0
17 11 2.0 5.0
64 67 18.0 167.0
16 17 154.0 86.0
30 32 114.0 43.0
30 75 39.0 140.0
69 18 37.0 126.0
70 16 108.0 112.0
67 37 15.0 41.0
24 6 81.0 17.0
15 13 145.0 52.0
29 93 126.0 100.0
26 58 14.0 40.0
34 91 162.0 54.0
24 2 195.0 199.0
31 14 6.0 56.0
6 2 29.0 21.0
4 9 25.0 63.0
89 72 10.0 170.0
24 8 142.0 136.0
8 7 27.0 108.0
20 93 141.0 141.0
10 17 97.0 137.0
85 44 47.0 103.0
1 93 185.0 77.0
70 31 51.0 162.0
58 85 164.0 14.0
19 13 24.0 106.0
16 13 93.0 51.0
78 89 176.0 186.0
30 5 89.0 25.0
33 3 110.0 88.0
1 21 80.0 47.0
10 26 16.0 131.0
79 22 153.0 180.0
1 57 135.0 129.0
86 6 86.0 180.0
30 2 10.0 14.0
39 46 111.0 51.0
32 65 27.0 21.0
28 14 19.0 107.0
7 60 28.0 35.0
37 59 192.0 133.0
1 30 163.0 80.0
35 83 121.0 1.0
36 42 70.0 132.0
43 24 29.0 181.0
44 77 37.0 9.0
46 35 6.0 56.0
24 4 52.0 186.0
19 16 170.0 196.0
96 77 179.0 85.0
7 5 116.0 100.0
29 1 165.0 138.0
59 50 99.0 146.0
83 24 49.0 136.0
59 79 35.0 7.0
3 53 151.0 39.0
75 33 49.0 73.0
65 14 105.0 180.0
69 95 156.0 22.0
32 85 89.0 73.0
37 27 58.0 140.0
6 90 151.0 107.0
26 64 113.0 139.0
18 81 127.0 65.0
15 67 31.0 128.0
18 11 199.0 136.0
85 21 109.0 108.0
8 82 7.0 150.0
64 78 33.0 65.0
29 5 93.0 184.0
12 17 52.0 159.0
9 2 20.0 131.0
33 94 164.0 51.0
84 37 164.0 115.0
57 4 25.0 25.0
42 63 14.0 32.0
4 31 91.0 47.0
39 67 117.0 136.0
86 70 113.0 122.0
80 94 34.0 134.0
14 15 88.0 150.0
16 24 32.0 52.0
82 3 102.0 57.0
65 23 177.0 116.0
26 9 17.0 68.0
20 16 159.0 135.0
47 88 171.0 73.0
39 24 79.0 157.0
3 46 78.0 120.0
70 29 70.0 110.0
31 50 112.0 172.0
28 9 157.0 89.0
71 18 152.0 174.0
49 86 166.0 112.0
31 28 85.0 89.0
7 86 96.0 116.0
33 37 135.0 126.0
66 29 115.0 5.0
1 33 21.0 28.0
53 72 22.0 178.0
10 27 45.0 127.0
33 48 141.0 163.0
75 79 176.0 26.0
66 65 110.0 24.0
15 2 44.0 45.0
12 80 47.0 111.0
25 26 150.0 21.0
54 80 92.0 125.0
27 85 175.0 89.0
34 41 123.0 116.0
21 79 12.0 51.0
25 8 119.0 74.0
29 22 118.0 115.0
1 8 7.0 117.0
19 14 79.0 109.0
43 19 146.0 171.0
5 89 81.0 121.0
31 64 25.0 4.0
24 10 72.0 37.0
60 48 61.0 143.0
69 76 9.0 131.0
8 26 156.0 16.0
34 70 77.0 188.0
89 58 150.0 24.0
5 26 140.0 184.0
52 11 122.0 117.0
25 81 31.0 146.0
84 89 152.0 44.0
20 12 43.0 161.0
36 1 116.0 199.0
11 26 70.0 194.0
18 17 175.0 173.0
52 22 58.0 67.0
32 20 149.0 133.0
56 96 61.0 180.0
32 4 126.0 13.0
50 1 82.0 121.0
48 92 13.0 198.0
81 51 15.0 36.0
71 64 86.0 142.0
41 69 23.0 144.0
44 40 38.0 173.0
21 15 182.0 99.0
71 59 139.0 61.0
59 65 197.0 21.0
58 13 20.0 163.0
19 36 135.0 35.0
6 29 86.0 21.0
87 98 87.0 109.0
40 63 8.0 77.0
28 6 22.0 142.0
98 66 136.0 162.0
33 38 49.0 133.0
1 13 128.0 69.0
8 68 63.0 63.0
86 85 79.0 101.0
84 38 52.0 118.0
56 4 185.0 12.0
43 90 70.0 8.0
57 63 104.0 6.0
56 88 69.0 154.0
61 34 187.0 197.0
57 3 171.0 3.0
87 1 1.0 2.0
92 45 113.0 6.0
49 85 192.0 98.0
76 21 92.0 14.0
39 13 142.0 196.0
25 12 52.0 11.0
17 45 14.0 39.0
3 83 116.0 138.0
84 57 166.0 69.0
4 36 129.0 79.0
3 12 75.0 73.0
75 11 25.0 167.0
77 79 172.0 167.0
15 19 96.0 176.0
14 23 110.0 111.0
25 9 61.0 178.0
15 20 154.0 180.0
8 29 73.0 83.0
2 34 34.0 100.0
9 21 9.0 11.0
57 69 2.0 134.0
10 13 150.0 51.0
91 79 41.0 12.0
26 47 56.0 54.0
2 85 16.0 11.0
20 6 139.0 41.0
48 49 104.0 125.0
71 69 194.0 114.0
11 28 126.0 148.0
23 20 189.0 28.0
98 57 180.0 30.0
59 31 172.0 37.0
72 55 69.0 140.0
27 9 154.0 160.0
83 17 134.0 58.0
41 45 193.0 80.0
91 95 83.0 71.0
71 81 93.0 72.0
93 5 27.0 74.0
89 16 161.0 199.0
26 34 61.0 30.0
13 22 197.0 167.0
44 45 155.0 83.0
45 56 75.0 148.0
31 3 124.0 158.0
10 3 116.0 169.0
63 56 126.0 143.0
27 95 73.0 88.0
85 93 59.0 87.0
22 27 194.0 57.0
27 35 135.0 150.0
35 1 0.0 10.0
77 39 46.0 76.0
29 11 138.0 163.0
3 21 99.0 64.0
30 31 139.0 173.0
28 10 140.0 198.0
27 96 51.0 135.0
87 94 156.0 186.0
12 24 62.0 108.0
95 35 170.0 108.0
13 24 70.0 108.0
17 69 35.0 170.0
56 14 4.0 126.0
14 95 77.0 144.0
93 82 136.0 128.0
77 31 108.0 92.0
43 17 34.0 170.0
51 71 165.0 156.0
55 43 136.0 36.0
68 1 18.0 123.0
68 44 64.0 22.0
40 75 161.0 141.0
16 22 18.0 97.0
3 52 55.0 78.0
24 19 29.0 41.0
46 29 181.0 195.0
27 94 155.0 69.0
94 11 146.0 173.0
54 56 118.0 10.0
87 22 168.0 32.0
92 74 166.0 138.0
7 28 68.0 173.0
26 91 144.0 98.0
6 27 131.0 77.0
53 11 169.0 86.0
35 3 131.0 67.0
50 66 177.0 2.0
34 6 10.0 97.0
58 79 42.0 176.0
34 1 22.0 111.0
86 40 32.0 167.0
97 77 34.0 163.0
44 84 185.0 155.0
78 21 173.0 69.0
9 29 135.0 102.0
4 21 76.0 145.0
53 10 193.0 119.0
5 81 42.0 15.0
76 67 101.0 74.0
2 42 178.0 87.0
81 35 52.0 163.0
24 11 67.0 25.0
18 21 64.0 154.0
52 49 67.0 141.0
20 3 100.0 60.0
51 73 41.0 142.0
41 85 45.0 142.0
25 15 195.0 175.0
24 15 87.0 47.0
86 81 131.0 106.0
17 61 31.0 147.0
65 31 190.0 99.0
45 30 46.0 90.0
27 12 54.0 39.0
59 80 109.0 51.0
18 20 137.0 56.0
57 43 145.0 176.0
7 29 80.0 28.0
26 57 159.0 64.0
25 16 69.0 149.0
79 88 118.0 67.0
62 20 79.0 124.0
55 46 155.0 140.0
41 90 128.0 92.0
17 9 133.0 26.0
23 16 198.0 166.0
17 41 103.0 110.0
38 3 123.0 172.0
66 88 178.0 41.0
14 21 139.0 58.0
60 89 103.0 46.0
80 79 104.0 32.0
25 13 63.0 190.0
77 15 151.0 13.0
21 12 83.0 54.0
86 59 186.0 6.0
4 47 68.0 164.0
35 4 162.0 159.0
23 17 128.0 18.0
80 43 55.0 33.0
32 7 76.0 70.0
19 22 69.0 179.0
10 98 46.0 104.0
58 17 133.0 184.0
14 24 132.0 1.0
50 27 104.0 46.0
29 12 12.0 32.0
1 38 126.0 19.0
53 16 75.0 3.0
2 27 188.0 144.0
31 45 83.0 34.0
62 79 77.0 168.0
30 9 145.0 9.0
2 21 150.0 49.0
15 8 187.0 115.0
24 29 44.0 113.0
1 79 53.0 119.0
8 16 75.0 41.0
65 26 31.0 158.0
60 92 163.0 61.0
39 1 34.0 109.0
7 3 103.0 184.0
81 2 92.0 90.0
7 30 114.0 88.0
20 7 179.0 167.0
9 16 192.0 6.0
32 35 128.0 175.0
21 17 44.0 43.0
38 55 41.0 78.0
15 26 55.0 144.0
39 23 4.0 99.0
29 94 118.0 118.0
54 66 122.0 97.0
72 60 80.0 114.0
50 17 15.0 8.0
19 88 89.0 11.0
45 2 123.0 131.0
32 5 25.0 130.0
55 11 4.0 181.0
60 12 68.0 122.0
77 64 133.0 191.0
25 17 197.0 13.0
96 16 130.0 164.0
6 94 37.0 19.0
51 49 176.0 160.0
81 17 144.0 1.0
27 68 194.0 100.0
9 31 75.0 14.0
6 5 123.0 8.0
16 21 114.0 72.0
44 52 76.0 44.0
47 49 133.0 65.0
53 28 152.0 109.0
1 65 92.0 48.0
88 67 184.0 38.0
51 82 19.0 59.0
43 56 177.0 94.0
84 16 93.0 92.0
10 30 168.0 169.0
49 54 79.0 101.0
37 23 32.0 31.0
88 85 174.0 125.0
11 25 103.0 158.0
91 50 83.0 74.0
7 16 134.0 60.0
38 2 44.0 27.0
30 12 1.0 164.0
85 5 100.0 32.0
81 77 157.0 133.0
14 3 76.0 132.0
54 17 46.0 131.0
23 67 153.0 129.0
84 24 119.0 87.0
89 20 191.0 163.0
95 8 104.0 144.0
66 56 78.0 4.0
34 84 89.0 35.0
84 88 25.0 117.0
61 32 22.0 23.0
54 89 38.0 175.0
14 55 91.0 109.0
74 49 49.0 34.0
12 42 49.0 153.0
12 31 149.0 127.0
13 17 147.0 38.0
57 38 92.0 172.0
69 50 115.0 114.0
40 26 96.0 105.0
80 83 89.0 188.0
33 81 142.0 138.0
10 16 109.0 143.0
33 17 49.0 10.0
83 13 18.0 196.0
51 17 16.0 62.0
66 17 166.0 84.0
96 72 177.0 15.0
13 92 146.0 66.0
74 81 83.0 40.0
37 34 50.0 144.0
8 32 46.0 52.0
8 83 15.0 16.0
56 2 188.0 184.0
72 45 129.0 155.0
72 21 117.0 106.0
1 15 6.0 64.0
41 95 177.0 41.0
85 73 53.0 27.0
68 78 152.0 51.0
9 33 153.0 120.0
34 79 58.0 141.0
37 2 133.0 139.0
67 46 47.0 51.0
50 88 146.0 6.0
40 66 19.0 75.0
40 29 30.0 25.0
14 6 118.0 135.0
41 30 99.0 71.0
64 53 35.0 110.0
25 6 31.0 168.0
70 88 64.0 31.0
33 30 114.0 162.0
51 48 174.0 133.0
33 27 130.0 156.0
36 50 35.0 48.0
36 2 9.0 87.0
34 8 96.0 44.0
67 94 93.0 128.0
39 62 175.0 158.0
91 47 136.0 41.0
10 31 106.0 110.0
38 5 24.0 36.0
61 47 9.0 11.0
70 13 142.0 18.0
56 94 46.0 39.0
45 38 68.0 139.0
55 96 130.0 195.0
8 5 136.0 66.0
68 2 0.0 42.0
57 15 58.0 176.0
61 30 125.0 67.0
43 23 189.0 67.0
72 25 137.0 35.0
18 62 55.0 157.0
18 16 2.0 185.0
36 31 56.0 138.0
32 55 81.0 8.0
69 45 28.0 139.0
20 22 170.0 105.0
42 1 2.0 159.0
86 72 105.0 91.0
7 34 154.0 112.0
37 5 47.0 157.0
93 84 187.0 55.0
2 39 142.0 68.0
40 2 180.0 123.0
29 13 115.0 150.0
86 61 81.0 69.0
34 13 35.0 138.0
36 23 18.0 189.0
85 3 106.0 65.0
87 18 174.0 45.0
39 4 41.0 116.0
15 17 143.0 174.0
27 71 69.0 11.0
33 23 147.0 102.0
36 33 58.0 134.0
56 29 47.0 76.0
31 73 168.0 106.0
46 38 8.0 94.0
24 62 194.0 1.0
19 84 22.0 137.0
13 95 38.0 44.0
74 67 30.0 138.0
16 15 38.0 40.0
7 89 123.0 37.0
31 11 81.0 43.0
33 10 64.0 41.0
52 38 55.0 58.0
10 32 70.0 78.0
37 51 85.0 61.0
9 24 63.0 67.0
27 11 124.0 53.0
6 38 138.0 47.0
7 31 33.0 171.0
3 98 81.0 49.0
37 44 26.0 137.0
30 62 7.0 49.0
26 17 13.0 44.0
26 4 36.0 29.0
23 49 193.0 160.0
46 88 64.0 83.0
57 12 182.0 97.0
29 14 76.0 16.0
2 35 165.0 102.0
5 39 65.0 124.0
36 9 178.0 78.0
86 30 1.0 167.0
23 22 171.0 195.0
70 59 41.0 35.0
37 3 153.0 175.0
33 12 142.0 181.0
17 65 120.0 60.0
9 32 105.0 185.0
20 97 88.0 35.0
3 36 121.0 42.0
17 72 121.0 93.0
86 65 153.0 114.0
4 66 149.0 58.0
78 53 81.0 92.0
19 59 167.0 154.0
28 13 97.0 24.0
18 83 183.0 138.0
19 63 144.0 104.0
90 8 36.0 17.0
12 22 43.0 141.0
68 7 158.0 193.0
59 42 172.0 191.0
17 28 181.0 91.0
18 25 144.0 79.0
9 78 190.0 127.0
96 65 118.0 135.0
16 28 59.0 154.0
51 67 113.0 55.0
73 23 96.0 23.0
20 73 26.0 20.0
3 34 149.0 7.0
1 40 155.0 93.0
72 46 4.0 146.0
12 56 90.0 122.0
3 39 77.0 102.0
34 9 29.0 190.0
24 17 90.0 77.0
37 38 44.0 116.0
51 10 188.0 145.0
17 14 17.0 143.0
62 84 72.0 22.0
41 5 164.0 163.0
40 6 2.0 41.0
3 4 179.0 183.0
8 31 81.0 69.0
68 70 118.0 77.0
35 7 174.0 106.0
41 2 80.0 192.0
28 8 117.0 153.0
77 23 188.0 33.0
86 20 107.0 190.0
26 12 160.0 86.0
19 17 96.0 194.0
95 44 8.0 14.0
13 33 163.0 183.0
96 42 116.0 43.0
6 30 155.0 186.0
33 14 149.0 143.0
33 11 105.0 8.0
79 43 198.0 18.0
9 35 149.0 94.0
21 23 81.0 158.0
89 86 6.0 44.0
83 5 113.0 74.0
15 55 5.0 68.0
15 22 78.0 106.0
67 44 110.0 184.0
86 21 67.0 108.0
47 96 1.0 168.0
66 47 148.0 35.0
26 16 191.0 154.0
30 47 60.0 104.0
18 5 25.0 65.0
66 70 35.0 103.0
69 16 152.0 145.0
90 72 159.0 171.0
3 41 24.0 161.0
24 3 189.0 124.0
20 19 99.0 133.0
51 36 3.0 159.0
21 11 99.0 28.0
40 87 138.0 134.0
58 36 165.0 42.0
64 56 45.0 124.0
21 54 122.0 21.0
54 94 165.0 64.0
43 3 186.0 16.0
34 12 197.0 141.0
82 9 2.0 96.0
95 68 73.0 92.0
19 27 99.0 190.0
26 13 52.0 97.0
17 27 42.0 174.0
29 16 191.0 159.0
40 16 22.0 129.0
83 86 109.0 171.0
94 98 95.0 63.0
23 87 17.0 120.0
33 6 190.0 116.0
36 10 34.0 194.0
14 30 100.0 28.0
22 8 146.0 43.0
81 56 120.0 120.0
16 30 85.0 181.0
24 42 113.0 132.0
4 44 195.0 130.0
32 14 93.0 137.0
75 62 0.0 128.0
36 8 11.0 100.0
89 81 114.0 157.0
20 26 113.0 35.0
41 4 32.0 150.0
42 6 166.0 146.0
61 35 98.0 114.0
26 88 192.0 143.0
52 24 35.0 192.0
3 40 180.0 46.0
37 4 58.0 94.0
80 56 107.0 123.0
18 29 15.0 91.0
6 35 41.0 182.0
29 51 93.0 139.0
40 54 82.0 85.0
27 16 190.0 69.0
50 16 16.0 170.0
25 24 8.0 26.0
32 12 148.0 67.0
41 8 129.0 164.0
63 59 166.0 170.0
35 10 45.0 12.0
6 36 107.0 80.0
38 10 106.0 98.0
56 57 40.0 122.0
48 27 32.0 48.0
28 18 175.0 180.0
26 63 79.0 56.0
23 82 188.0 46.0
36 5 90.0 186.0
92 37 139.0 149.0
76 78 184.0 45.0
37 19 49.0 24.0
11 30 174.0 33.0
29 19 24.0 101.0
55 31 153.0 103.0
34 5 130.0 93.0
66 60 171.0 172.0
52 6 17.0 62.0
84 94 85.0 1.0
19 28 104.0 86.0
21 22 48.0 78.0
1 64 148.0 24.0
50 6 26.0 53.0
11 35 44.0 108.0
71 79 180.0 167.0
18 26 75.0 197.0
54 71 172.0 112.0
43 4 83.0 76.0
81 1 60.0 83.0
65 64 127.0 9.0
70 27 72.0 154.0
38 13 44.0 68.0
48 35 1.0 24.0
42 9 10.0 76.0
30 15 156.0 183.0
6 31 161.0 39.0
19 66 156.0 173.0
31 57 25.0 83.0
30 17 110.0 49.0
13 35 51.0 154.0
69 43 27.0 52.0
96 73 131.0 190.0
20 27 158.0 87.0
35 5 54.0 119.0
3 44 40.0 10.0
4 45 176.0 17.0
25 23 87.0 87.0
64 52 195.0 138.0
95 51 179.0 174.0
25 71 42.0 62.0
62 94 178.0 1.0
15 29 85.0 32.0
12 36 145.0 77.0
94 48 124.0 121.0
22 24 51.0 12.0
20 28 30.0 198.0
22 91 19.0 161.0
20 57 34.0 14.0
52 18 57.0 164.0
46 62 5.0 95.0
17 32 185.0 150.0
46 36 85.0 109.0
69 68 90.0 88.0
39 71 173.0 72.0
44 5 108.0 144.0
30 20 87.0 142.0
60 30 13.0 96.0
41 11 152.0 18.0
20 25 87.0 137.0
98 17 31.0 173.0
41 54 96.0 121.0
27 90 167.0 21.0
78 56 140.0 75.0
55 60 1.0 27.0
89 21 84.0 14.0
40 11 183.0 36.0
37 10 0.0 71.0
97 31 92.0 31.0
84 60 13.0 140.0
51 24 181.0 132.0
35 52 106.0 74.0
13 27 5.0 108.0
88 93 45.0 90.0
34 17 163.0 180.0
97 98 176.0 163.0
42 3 161.0 20.0
25 19 6.0 126.0
35 14 7.0 140.0
15 31 195.0 114.0
14 39 45.0 1.0
87 90 155.0 42.0
8 59 77.0 119.0
59 95 177.0 5.0
60 2 89.0 90.0
3 45 66.0 48.0
33 19 46.0 74.0
31 19 21.0 42.0
26 19 162.0 66.0
51 1 111.0 70.0
8 98 13.0 141.0
50 3 13.0 142.0
59 90 13.0 102.0
63 33 182.0 32.0
85 65 44.0 28.0
3 67 64.0 66.0
10 39 159.0 178.0
58 27 180.0 23.0
44 6 69.0 145.0
89 62 186.0 82.0
9 59 26.0 152.0
92 1 177.0 8.0
1 46 40.0 174.0
76 15 85.0 104.0
79 41 69.0 44.0
49 1 24.0 1.0
72 1 198.0 45.0
7 42 58.0 184.0
5 51 103.0 85.0
1 37 114.0 32.0
21 49 150.0 154.0
63 5 123.0 35.0
17 22 128.0 144.0
58 51 186.0 104.0
7 75 30.0 136.0
5 43 45.0 89.0
27 21 82.0 100.0
72 8 6.0 148.0
33 7 90.0 156.0
44 8 110.0 13.0
49 76 25.0 38.0
82 32 52.0 12.0
8 43 74.0 34.0
60 76 183.0 72.0
82 81 173.0 17.0
88 72 149.0 131.0
5 40 38.0 191.0
9 41 156.0 148.0
48 72 121.0 182.0
5 55 79.0 125.0
97 2 68.0 105.0
50 2 140.0 3.0
15 35 7.0 65.0
96 87 110.0 108.0
94 78 169.0 148.0
4 40 121.0 126.0
96 39 21.0 194.0
93 72 52.0 52.0
8 38 121.0 120.0
22 30 189.0 14.0
94 18 137.0 149.0
7 70 119.0 47.0
13 36 12.0 89.0
60 24 183.0 85.0
62 16 33.0 156.0
87 38 133.0 37.0
37 8 62.0 54.0
46 69 33.0 4.0
31 20 32.0 170.0
47 80 119.0 151.0
46 6 63.0 84.0
7 40 138.0 198.0
98 16 199.0 123.0
9 62 43.0 84.0
38 50 8.0 105.0
74 84 11.0 41.0
61 26 177.0 43.0
61 72 152.0 48.0
25 22 99.0 16.0
23 26 7.0 189.0
41 12 93.0 6.0
77 10 1.0 136.0
15 59 141.0 9.0
44 90 118.0 153.0
35 16 51.0 47.0
21 24 83.0 3.0
57 86 186.0 134.0
9 46 163.0 193.0
61 22 70.0 9.0
85 94 176.0 23.0
54 74 147.0 70.0
7 37 154.0 17.0
36 85 19.0 5.0
41 1 91.0 54.0
45 73 174.0 77.0
24 23 60.0 90.0
45 86 120.0 130.0
81 95 192.0 49.0
43 11 127.0 91.0
49 71 121.0 81.0
57 30 35.0 92.0
37 11 36.0 79.0
89 11 54.0 11.0
88 40 105.0 114.0
31 18 52.0 25.0
29 61 193.0 196.0
29 20 143.0 120.0
28 49 23.0 65.0
78 36 145.0 11.0
34 14 94.0 181.0
46 2 129.0 100.0
80 75 101.0 34.0
64 5 17.0 106.0
40 8 136.0 163.0
34 15 41.0 79.0
32 22 182.0 17.0
27 43 62.0 79.0
83 62 68.0 156.0
34 10 155.0 198.0
48 25 138.0 56.0
83 19 187.0 108.0
25 21 111.0 75.0
46 5 96.0 152.0
18 34 57.0 30.0
15 37 19.0 119.0
82 86 80.0 88.0
5 57 60.0 35.0
37 29 171.0 150.0
8 2 175.0 110.0
42 8 36.0 86.0
48 26 142.0 84.0
28 25 62.0 199.0
27 18 51.0 33.0
95 88 182.0 132.0
2 74 182.0 194.0
4 50 170.0 153.0
52 42 133.0 145.0
63 29 139.0 121.0
26 14 39.0 82.0
56 62 104.0 53.0
71 98 50.0 107.0
22 31 168.0 184.0
92 52 122.0 102.0
57 44 79.0 44.0
41 87 70.0 164.0
6 41 53.0 161.0
43 10 122.0 44.0
20 35 133.0 26.0
38 16 97.0 183.0
21 26 188.0 17.0
75 56 174.0 62.0
55 64 148.0 6.0
21 32 127.0 18.0
37 17 106.0 132.0
37 9 4.0 28.0
38 17 115.0 137.0
21 29 17.0 165.0
31 89 42.0 157.0
3 56 180.0 169.0
4 42 127.0 129.0
13 41 9.0 54.0
22 55 159.0 116.0
20 75 141.0 115.0
84 22 91.0 9.0
28 21 21.0 60.0
65 38 162.0 16.0
93 36 115.0 95.0
39 45 113.0 194.0
74 6 59.0 123.0
11 34 102.0 18.0
36 40 86.0 196.0
61 8 168.0 129.0
82 90 39.0 141.0
29 44 147.0 2.0
43 12 158.0 14.0
96 57 52.0 24.0
18 90 197.0 63.0
51 14 73.0 99.0
38 12 57.0 112.0
35 66 135.0 177.0
58 40 93.0 175.0
39 92 75.0 192.0
45 79 155.0 185.0
92 66 176.0 159.0
31 23 46.0 125.0
17 68 175.0 72.0
34 22 77.0 185.0
36 87 160.0 12.0
82 36 62.0 6.0
83 23 198.0 137.0
33 18 124.0 105.0
67 60 192.0 100.0
9 38 48.0 39.0
84 50 27.0 24.0
20 24 72.0 56.0
30 26 157.0 185.0
6 49 133.0 171.0
84 79 146.0 83.0
3 51 18.0 22.0
18 36 198.0 11.0
82 27 56.0 46.0
32 53 112.0 35.0
32 91 107.0 136.0
47 10 129.0 16.0
5 86 54.0 62.0
53 2 133.0 152.0
78 38 93.0 152.0
5 76 103.0 43.0
15 40 134.0 111.0
85 23 47.0 46.0
13 40 159.0 106.0
41 10 120.0 89.0
32 19 12.0 126.0
70 48 136.0 146.0
26 29 8.0 29.0
13 37 186.0 111.0
25 27 130.0 120.0
73 11 167.0 177.0
33 89 108.0 78.0
39 16 124.0 29.0
14 72 24.0 136.0
11 38 144.0 161.0
43 31 153.0 152.0
18 37 33.0 139.0
42 10 14.0 163.0
4 79 134.0 133.0
8 47 39.0 194.0
53 5 58.0 115.0
21 35 69.0 34.0
71 40 74.0 166.0
71 31 57.0 180.0
36 16 27.0 90.0
96 64 116.0 193.0
44 41 26.0 2.0
43 28 77.0 65.0
75 45 55.0 87.0
8 84 173.0 77.0
80 10 159.0 0.0
29 27 199.0 16.0
46 12 38.0 27.0
14 53 8.0 155.0
50 32 93.0 34.0
59 96 79.0 170.0
96 24 119.0 86.0
63 82 151.0 44.0
91 53 120.0 110.0
37 43 180.0 71.0
91 87 47.0 18.0
38 19 74.0 8.0
80 11 93.0 167.0
63 84 181.0 124.0
9 74 180.0 52.0
48 9 133.0 84.0
88 23 70.0 5.0
22 85 57.0 2.0
74 69 102.0 57.0
19 58 85.0 128.0
24 78 105.0 130.0
19 90 186.0 39.0
21 88 144.0 118.0
69 79 82.0 77.0
12 39 22.0 104.0
28 47 94.0 79.0
17 77 128.0 148.0
23 29 13.0 165.0
4 48 59.0 70.0
50 60 121.0 197.0
25 14 93.0 17.0
28 29 67.0 127.0
92 84 96.0 89.0
50 8 168.0 190.0
53 4 162.0 48.0
40 17 41.0 127.0
53 9 165.0 52.0
32 18 12.0 38.0
16 42 83.0 58.0
93 58 136.0 102.0
44 36 106.0 32.0
11 36 72.0 26.0
78 40 184.0 35.0
88 71 151.0 25.0
34 21 124.0 116.0
16 37 92.0 88.0
36 57 64.0 127.0
1 55 101.0 0.0
87 47 36.0 7.0
10 91 177.0 108.0
32 42 150.0 113.0
15 65 74.0 53.0
1 52 48.0 198.0
4 46 36.0 92.0
20 71 69.0 52.0
24 71 174.0 122.0
31 24 52.0 10.0
47 6 129.0 181.0
41 89 176.0 31.0
12 79 105.0 50.0
8 49 80.0 153.0
31 75 129.0 68.0
49 4 19.0 151.0
66 48 18.0 145.0
56 16 23.0 71.0
15 53 144.0 152.0
98 50 84.0 120.0
30 69 24.0 189.0
14 45 67.0 104.0
33 21 159.0 197.0
67 17 123.0 130.0
27 23 129.0 142.0
22 56 161.0 152.0
64 76 68.0 57.0
27 56 164.0 152.0
21 36 79.0 188.0
88 36 130.0 147.0
11 47 168.0 41.0
54 4 169.0 43.0
4 51 135.0 98.0
61 40 72.0 48.0
71 93 156.0 92.0
47 3 39.0 120.0
14 38 80.0 119.0
58 1 28.0 162.0
65 76 110.0 148.0
55 4 78.0 31.0
14 40 135.0 165.0
35 25 97.0 7.0
55 2 11.0 53.0
20 87 188.0 50.0
14 76 93.0 20.0
58 53 5.0 121.0
12 47 15.0 115.0
79 6 93.0 45.0
15 36 66.0 29.0
75 63 103.0 163.0
27 28 89.0 114.0
52 7 81.0 29.0
65 4 178.0 174.0
56 10 120.0 183.0
27 32 33.0 136.0
43 13 131.0 78.0
91 84 72.0 197.0
5 67 40.0 175.0
17 42 127.0 82.0
72 82 197.0 8.0
39 17 144.0 127.0
1 76 51.0 65.0
14 44 168.0 36.0
28 26 78.0 99.0
50 10 174.0 150.0
95 9 144.0 166.0
41 19 79.0 71.0
13 87 25.0 28.0
8 46 197.0 121.0
14 41 37.0 48.0
92 9 26.0 157.0
42 13 77.0 104.0
12 44 120.0 3.0
31 17 157.0 64.0
37 93 34.0 188.0
37 79 183.0 11.0
51 2 47.0 180.0
33 25 114.0 36.0
46 13 120.0 140.0
30 24 9.0 197.0
30 25 193.0 129.0
35 19 44.0 150.0
49 9 2.0 30.0
83 68 183.0 185.0
88 32 196.0 30.0
15 41 116.0 111.0
87 74 166.0 36.0
47 14 108.0 175.0
81 30 60.0 101.0
16 43 37.0 56.0
60 47 152.0 191.0
5 52 53.0 87.0
3 54 40.0 49.0
85 87 101.0 108.0
63 47 68.0 19.0
87 95 117.0 129.0
45 16 6.0 129.0
58 3 79.0 195.0
15 45 152.0 183.0
30 21 8.0 5.0
1 75 28.0 48.0
49 7 139.0 81.0
81 23 183.0 159.0
74 5 50.0 52.0
29 30 57.0 9.0
6 54 144.0 88.0
52 63 57.0 48.0
41 18 34.0 17.0
15 39 34.0 15.0
22 38 178.0 173.0
44 16 196.0 113.0
52 94 92.0 198.0
35 17 170.0 149.0
81 87 59.0 66.0
39 8 156.0 68.0
74 77 34.0 191.0
3 55 29.0 69.0
7 47 3.0 159.0
40 33 149.0 151.0
37 20 39.0 193.0
44 18 25.0 161.0
56 1 195.0 84.0
34 78 68.0 151.0
13 20 46.0 103.0
38 21 59.0 27.0
11 49 94.0 14.0
46 14 151.0 195.0
45 43 129.0 143.0
78 55 16.0 155.0
39 20 33.0 163.0
81 14 191.0 102.0
48 7 166.0 38.0
61 1 199.0 25.0
59 40 118.0 45.0
58 65 177.0 70.0
64 86 64.0 107.0
96 81 57.0 33.0
84 87 102.0 43.0
2 88 177.0 93.0
11 64 87.0 143.0
51 8 9.0 86.0
61 2 69.0 127.0
24 27 105.0 46.0
53 24 136.0 122.0
19 42 173.0 193.0
60 83 167.0 27.0
72 5 91.0 144.0
25 98 161.0 178.0
56 74 70.0 170.0
12 49 25.0 139.0
84 45 113.0 131.0
39 21 11.0 1.0
25 36 111.0 136.0
9 45 173.0 30.0
78 75 95.0 64.0
53 8 124.0 56.0
20 40 113.0 195.0
32 23 131.0 138.0
59 4 68.0 196.0
29 95 186.0 31.0
24 64 80.0 50.0
34 27 21.0 5.0
48 10 124.0 117.0
94 34 29.0 1.0
38 24 188.0 94.0
73 83 11.0 119.0
87 62 184.0 31.0
20 38 10.0 171.0
70 40 15.0 43.0
2 57 12.0 36.0
21 68 39.0 137.0
37 12 39.0 68.0
52 4 72.0 27.0
90 3 57.0 35.0
54 7 79.0 41.0
20 34 61.0 41.0
98 9 39.0 76.0
53 7 59.0 3.0
15 43 1.0 51.0
7 50 68.0 40.0
57 6 37.0 93.0
44 19 131.0 94.0
9 52 27.0 10.0
7 51 37.0 89.0
40 22 181.0 28.0
5 69 1.0 192.0
8 52 155.0 154.0
20 80 53.0 175.0
16 41 132.0 90.0
90 71 48.0 63.0
48 15 123.0 75.0
21 42 124.0 161.0
31 60 64.0 105.0
18 42 146.0 17.0
55 7 112.0 101.0
16 77 85.0 165.0
31 32 150.0 169.0
20 43 15.0 198.0
80 66 190.0 138.0
14 48 24.0 114.0
35 26 14.0 40.0
95 97 19.0 160.0
33 78 101.0 132.0
29 32 43.0 186.0
42 22 0.0 193.0
16 48 150.0 167.0
53 23 158.0 92.0
42 85 102.0 134.0
21 37 104.0 117.0
62 58 15.0 124.0
38 53 37.0 68.0
34 67 66.0 80.0
97 62 55.0 19.0
49 89 184.0 157.0
28 34 58.0 95.0
2 59 90.0 160.0
15 47 93.0 194.0
46 21 54.0 60.0
29 39 40.0 43.0
50 9 1.0 58.0
22 36 68.0 8.0
35 58 116.0 4.0
27 31 126.0 174.0
62 1 45.0 16.0
34 30 79.0 139.0
34 29 15.0 85.0
31 37 71.0 55.0
44 15 7.0 72.0
56 46 63.0 27.0
47 17 165.0 180.0
51 13 20.0 43.0
60 1 14.0 66.0
36 24 158.0 93.0
8 55 44.0 174.0
12 48 15.0 115.0
11 46 143.0 174.0
32 95 19.0 6.0
22 35 21.0 136.0
72 30 190.0 194.0
29 81 164.0 156.0
44 43 133.0 122.0
62 35 40.0 178.0
91 24 29.0 7.0
7 38 6.0 124.0
22 41 122.0 26.0
58 55 18.0 95.0
85 20 84.0 161.0
56 58 174.0 0.0
2 98 148.0 60.0
88 1 105.0 141.0
78 3 69.0 87.0
12 52 18.0 75.0
21 82 68.0 140.0
39 41 62.0 38.0
36 26 131.0 98.0
15 46 36.0 57.0
95 36 49.0 137.0
90 35 191.0 155.0
56 8 13.0 12.0
13 50 52.0 31.0
92 81 109.0 120.0
5 58 189.0 123.0
29 36 179.0 72.0
55 6 198.0 15.0
33 26 59.0 48.0
91 70 113.0 2.0
63 3 106.0 126.0
46 74 194.0 158.0
56 59 145.0 55.0
92 91 51.0 135.0
53 48 128.0 30.0
52 66 41.0 79.0
16 47 188.0 100.0
34 25 135.0 53.0
83 6 73.0 41.0
16 49 26.0 20.0
59 5 75.0 172.0
54 8 14.0 126.0
57 87 108.0 94.0
17 44 112.0 149.0
11 51 38.0 52.0
6 63 75.0 125.0
68 64 30.0 148.0
21 43 53.0 9.0
25 78 106.0 129.0
39 26 58.0 72.0
49 17 126.0 166.0
77 34 48.0 190.0
91 89 27.0 39.0
53 57 138.0 102.0
22 80 2.0 120.0
44 88 23.0 8.0
14 43 54.0 129.0
55 50 12.0 113.0
58 7 116.0 90.0
76 71 71.0 164.0
26 37 23.0 99.0
75 72 51.0 113.0
6 58 184.0 6.0
52 13 130.0 7.0
42 34 199.0 136.0
9 51 114.0 12.0
92 35 36.0 182.0
62 32 162.0 107.0
21 45 22.0 137.0
11 50 20.0 26.0
50 15 56.0 156.0
19 47 53.0 138.0
22 37 95.0 52.0
48 6 61.0 162.0
18 45 158.0 97.0
52 30 98.0 120.0
54 96 179.0 72.0
60 3 1.0 152.0
51 19 184.0 58.0
65 51 77.0 37.0
6 56 52.0 173.0
77 28 129.0 65.0
47 5 27.0 39.0
95 42 139.0 125.0
6 61 181.0 71.0
36 27 34.0 183.0
34 31 60.0 171.0
61 4 117.0 137.0
35 45 109.0 121.0
10 52 181.0 190.0
27 39 173.0 8.0
48 19 14.0 65.0
61 57 34.0 148.0
20 84 98.0 21.0
33 29 169.0 158.0
27 81 3.0 38.0
81 8 60.0 64.0
49 15 47.0 41.0
73 6 130.0 173.0
39 28 120.0 144.0
41 97 189.0 107.0
82 19 155.0 39.0
73 39 24.0 77.0
21 74 108.0 179.0
38 48 173.0 120.0
75 74 86.0 172.0
18 48 0.0 16.0
36 70 61.0 121.0
24 45 37.0 2.0
19 73 132.0 144.0
15 42 94.0 108.0
50 65 116.0 154.0
14 68 181.0 41.0
43 86 151.0 68.0
58 8 94.0 151.0
96 79 11.0 156.0
79 65 16.0 0.0
39 35 48.0 148.0
11 92 7.0 94.0
24 41 28.0 123.0
63 23 64.0 162.0
18 39 40.0 15.0
7 59 120.0 135.0
16 54 52.0 83.0
33 24 10.0 68.0
94 40 97.0 10.0
12 50 75.0 104.0
11 68 182.0 55.0
90 88 25.0 198.0
17 48 18.0 17.0
66 95 180.0 90.0
59 3 53.0 32.0
93 28 187.0 63.0
33 32 152.0 85.0
4 58 84.0 179.0
34 32 168.0 18.0
63 60 3.0 145.0
46 48 20.0 173.0
22 44 15.0 0.0
95 82 148.0 68.0
2 63 12.0 88.0
95 40 135.0 164.0
55 88 139.0 171.0
62 5 133.0 108.0
37 28 94.0 89.0
54 1 36.0 114.0
4 62 18.0 3.0
74 62 193.0 167.0
63 4 158.0 5.0
4 60 198.0 45.0
59 12 98.0 138.0
16 81 70.0 183.0
33 34 172.0 164.0
28 87 165.0 160.0
79 16 52.0 135.0
22 45 140.0 197.0
18 49 193.0 50.0
93 13 45.0 192.0
78 7 24.0 143.0
51 15 35.0 46.0
68 39 38.0 159.0
81 10 192.0 155.0
41 21 20.0 196.0
11 48 158.0 112.0
31 29 177.0 152.0
45 19 76.0 22.0
69 2 162.0 100.0
11 1 147.0 149.0
61 7 4.0 137.0
85 67 167.0 148.0
81 12 79.0 139.0
55 10 88.0 190.0
46 53 26.0 65.0
15 38 120.0 102.0
24 37 105.0 34.0
35 29 64.0 52.0
45 50 177.0 68.0
72 83 168.0 144.0
66 1 52.0 199.0
64 2 102.0 92.0
28 33 73.0 80.0
22 39 59.0 145.0
33 74 92.0 165.0
20 45 159.0 156.0
19 46 144.0 136.0
45 23 58.0 112.0
20 42 3.0 111.0
43 25 185.0 58.0
54 83 167.0 10.0
92 87 113.0 179.0
18 79 2.0 6.0
48 87 176.0 162.0
21 44 36.0 73.0
57 7 47.0 94.0
28 42 103.0 2.0
36 45 130.0 40.0
20 44 24.0 98.0
93 74 46.0 137.0
54 10 190.0 48.0
6 64 101.0 167.0
28 40 144.0 89.0
35 34 179.0 143.0
60 64 158.0 34.0
20 46 157.0 88.0
53 21 187.0 133.0
94 41 92.0 185.0
51 44 80.0 83.0
40 27 9.0 133.0
39 63 75.0 105.0
82 17 2.0 6.0
80 73 151.0 160.0
46 23 47.0 108.0
12 53 11.0 186.0
59 10 86.0 55.0
91 49 104.0 118.0
11 57 38.0 65.0
32 63 134.0 114.0
26 42 164.0 89.0
60 9 131.0 115.0
30 37 46.0 130.0
64 4 137.0 9.0
42 45 148.0 175.0
94 60 199.0 4.0
21 47 73.0 38.0
83 33 163.0 160.0
5 98 41.0 127.0
61 53 5.0 173.0
66 3 44.0 3.0
29 79 11.0 133.0
20 49 31.0 159.0
25 39 51.0 31.0
43 46 130.0 76.0
34 95 53.0 93.0
94 91 88.0 95.0
62 2 41.0 45.0
31 33 199.0 85.0
93 40 40.0 11.0
70 2 34.0 24.0
63 66 176.0 37.0
32 25 57.0 107.0
13 53 188.0 110.0
92 38 44.0 28.0
20 68 157.0 37.0
82 92 37.0 156.0
28 41 126.0 29.0
57 54 32.0 160.0
58 9 40.0 161.0
64 8 14.0 97.0
81 83 97.0 154.0
37 32 151.0 141.0
68 3 32.0 108.0
20 50 100.0 21.0
30 23 130.0 26.0
19 53 69.0 114.0
7 64 0.0 109.0
35 31 116.0 167.0
51 18 140.0 13.0
95 4 63.0 91.0
27 42 92.0 48.0
81 70 104.0 144.0
18 50 81.0 34.0
95 39 197.0 150.0
57 13 23.0 149.0
41 26 41.0 139.0
55 54 198.0 134.0
9 57 2.0 61.0
24 58 97.0 46.0
30 35 107.0 153.0
32 39 20.0 188.0
5 65 167.0 169.0
11 78 24.0 191.0
14 67 129.0 18.0
76 95 103.0 127.0
80 76 162.0 105.0
16 51 37.0 11.0
52 19 5.0 97.0
59 6 95.0 26.0
22 46 182.0 14.0
8 60 54.0 6.0
29 97 131.0 135.0
54 18 162.0 187.0
22 47 110.0 124.0
75 65 41.0 148.0
52 16 156.0 47.0
62 6 162.0 3.0
97 78 87.0 144.0
48 20 167.0 141.0
64 45 160.0 98.0
30 88 199.0 122.0
44 24 78.0 110.0
55 18 83.0 71.0
12 51 41.0 191.0
80 63 164.0 156.0
11 56 138.0 51.0
2 65 187.0 105.0
31 39 16.0 147.0
88 58 123.0 15.0
63 8 98.0 153.0
70 82 198.0 133.0
92 29 39.0 192.0
91 13 81.0 3.0
34 36 108.0 20.0
35 86 74.0 47.0
42 75 75.0 42.0
34 45 130.0 150.0
56 15 79.0 28.0
96 4 176.0 77.0
86 28 59.0 15.0
94 39 122.0 141.0
33 35 78.0 182.0
47 76 24.0 153.0
8 80 38.0 51.0
80 58 45.0 168.0
72 16 90.0 124.0
63 10 4.0 67.0
3 64 144.0 63.0
40 73 133.0 18.0
52 17 12.0 12.0
66 5 108.0 36.0
41 29 22.0 98.0
11 61 2.0 19.0
11 84 134.0 92.0
43 94 23.0 138.0
24 49 103.0 120.0
4 68 84.0 188.0
58 12 176.0 96.0
2 67 86.0 85.0
80 62 67.0 60.0
57 22 122.0 69.0
7 67 174.0 9.0
34 39 123.0 150.0
31 41 68.0 178.0
19 50 3.0 104.0
54 79 141.0 132.0
24 48 63.0 179.0
59 60 107.0 130.0
49 22 196.0 181.0
37 36 195.0 170.0
71 3 47.0 71.0
40 25 103.0 115.0
7 63 88.0 58.0
42 43 159.0 181.0
31 38 64.0 174.0
52 21 21.0 171.0
70 33 179.0 17.0
56 18 89.0 174.0
61 10 154.0 136.0
35 38 15.0 9.0
78 51 147.0 55.0
31 40 170.0 58.0
43 30 99.0 34.0
61 28 3.0 72.0
44 25 60.0 134.0
5 50 193.0 149.0
46 7 105.0 99.0
67 6 17.0 72.0
70 19 139.0 116.0
37 74 17.0 61.0
25 46 154.0 68.0
91 4 18.0 109.0
40 30 163.0 78.0
24 59 9.0 108.0
62 10 60.0 114.0
22 54 198.0 29.0
61 13 135.0 137.0
42 31 185.0 104.0
43 29 3.0 91.0
31 85 96.0 21.0
98 32 146.0 60.0
90 91 1.0 108.0
65 7 197.0 13.0
26 54 180.0 195.0
96 30 14.0 68.0
61 25 34.0 151.0
52 20 59.0 189.0
55 97 37.0 156.0
85 75 197.0 135.0
3 69 65.0 199.0
62 11 83.0 14.0
62 61 100.0 64.0
27 46 35.0 114.0
33 39 154.0 21.0
72 22 5.0 13.0
74 16 187.0 194.0
90 25 178.0 137.0
84 47 95.0 43.0
47 20 12.0 179.0
90 78 170.0 112.0
20 96 135.0 157.0
57 16 160.0 89.0
95 70 67.0 165.0
57 18 18.0 7.0
67 9 119.0 196.0
64 9 84.0 15.0
63 97 172.0 48.0
28 46 20.0 94.0
52 23 192.0 107.0
60 13 77.0 152.0
75 81 84.0 144.0
61 12 176.0 54.0
30 51 79.0 95.0
60 10 194.0 164.0
51 22 101.0 118.0
1 63 121.0 73.0
63 76 151.0 114.0
27 55 190.0 28.0
91 12 22.0 26.0
51 34 172.0 198.0
34 40 77.0 51.0
15 72 69.0 23.0
43 54 161.0 170.0
59 16 74.0 83.0
63 13 11.0 25.0
32 97 160.0 153.0
19 55 55.0 182.0
66 7 144.0 27.0
43 32 39.0 21.0
39 85 82.0 108.0
33 44 194.0 44.0
46 30 4.0 20.0
61 51 147.0 15.0
49 81 183.0 107.0
63 9 160.0 190.0
65 8 154.0 56.0
38 28 199.0 193.0
44 27 10.0 82.0
52 25 160.0 4.0
65 10 185.0 116.0
48 86 179.0 132.0
24 95 102.0 114.0
81 93 57.0 62.0
32 41 27.0 163.0
8 87 68.0 179.0
66 9 199.0 78.0
40 98 48.0 159.0
95 92 187.0 33.0
35 84 161.0 118.0
36 61 191.0 64.0
55 35 19.0 48.0
67 8 48.0 46.0
66 8 186.0 117.0
73 22 129.0 186.0
14 60 98.0 129.0
10 66 83.0 37.0
47 24 37.0 197.0
30 44 84.0 181.0
35 37 192.0 103.0
49 27 169.0 41.0
30 93 117.0 155.0
70 90 96.0 199.0
4 93 164.0 194.0
12 64 123.0 199.0
63 11 31.0 112.0
73 4 5.0 67.0
35 42 172.0 149.0
14 57 150.0 141.0
55 13 166.0 20.0
59 14 181.0 62.0
22 43 190.0 145.0
74 1 180.0 113.0
74 4 158.0 163.0
90 55 146.0 115.0
73 5 175.0 70.0
29 45 164.0 78.0
91 31 50.0 130.0
44 63 16.0 31.0
61 9 41.0 159.0
25 51 21.0 21.0
30 48 74.0 180.0
13 54 118.0 172.0
7 82 72.0 93.0
7 92 66.0 188.0
24 81 90.0 116.0
30 38 14.0 59.0
35 40 4.0 55.0
10 2 197.0 177.0
43 33 130.0 23.0
70 30 21.0 0.0
53 20 45.0 45.0
73 2 143.0 111.0
27 51 117.0 33.0
70 63 11.0 132.0
41 25 9.0 15.0
71 4 84.0 158.0
31 47 11.0 167.0
63 12 119.0 32.0
62 13 135.0 116.0
33 41 167.0 78.0
22 90 143.0 84.0
55 93 122.0 154.0
13 48 28.0 83.0
55 21 119.0 112.0
44 32 55.0 130.0
55 24 12.0 126.0
66 33 8.0 99.0
66 96 133.0 127.0
43 34 101.0 76.0
5 97 192.0 23.0
45 32 16.0 20.0
59 20 131.0 136.0
65 13 115.0 138.0
27 47 30.0 80.0
60 16 79.0 191.0
36 41 102.0 12.0
69 10 119.0 3.0
59 75 173.0 111.0
69 8 42.0 190.0
66 79 37.0 173.0
3 73 30.0 105.0
74 48 185.0 12.0
4 72 177.0 64.0
22 53 108.0 79.0
80 27 92.0 27.0
62 14 98.0 65.0
71 6 48.0 140.0
9 69 30.0 37.0
49 95 103.0 12.0
23 51 148.0 88.0
17 53 102.0 125.0
27 74 155.0 10.0
56 31 100.0 47.0
90 28 8.0 199.0
68 10 54.0 56.0
28 50 133.0 84.0
67 10 19.0 37.0
72 7 148.0 119.0
38 36 68.0 2.0
60 17 193.0 24.0
92 10 84.0 94.0
91 80 105.0 44.0
50 14 141.0 159.0
64 34 37.0 75.0
54 85 163.0 9.0
84 83 76.0 64.0
26 50 79.0 96.0
50 41 34.0 73.0
7 98 80.0 118.0
35 85 100.0 137.0
56 23 64.0 42.0
52 14 86.0 101.0
92 53 26.0 50.0
35 44 116.0 54.0
49 31 164.0 148.0
49 25 119.0 198.0
57 17 56.0 152.0
43 26 198.0 156.0
83 59 133.0 62.0
66 28 104.0 172.0
81 19 17.0 83.0
25 53 172.0 85.0
53 26 16.0 88.0
11 60 50.0 87.0
34 46 139.0 106.0
31 46 171.0 89.0
6 72 89.0 104.0
82 35 197.0 193.0
20 58 42.0 166.0
73 90 158.0 167.0
67 11 43.0 126.0
45 33 2.0 46.0
58 71 86.0 94.0
18 63 189.0 57.0
50 49 58.0 78.0
39 86 145.0 55.0
75 5 18.0 187.0
66 6 61.0 128.0
11 69 8.0 57.0
84 40 178.0 11.0
17 56 79.0 65.0
76 3 127.0 68.0
19 61 131.0 137.0
37 41 173.0 76.0
76 26 142.0 191.0
34 44 36.0 3.0
78 31 52.0 44.0
70 92 123.0 30.0
45 26 153.0 2.0
89 15 110.0 32.0
81 59 41.0 193.0
79 42 184.0 15.0
68 41 111.0 126.0
67 26 109.0 147.0
13 82 57.0 161.0
76 37 15.0 180.0
5 70 113.0 120.0
70 8 28.0 24.0
41 40 141.0 22.0
80 88 28.0 77.0
84 68 130.0 139.0
50 97 27.0 191.0
49 29 36.0 84.0
66 32 40.0 52.0
69 12 60.0 154.0
48 73 104.0 40.0
21 58 90.0 198.0
70 6 199.0 70.0
42 39 164.0 81.0
58 22 85.0 143.0
75 3 178.0 121.0
77 90 148.0 19.0
56 21 127.0 8.0
96 71 106.0 184.0
10 93 114.0 149.0
49 13 88.0 65.0
9 72 132.0 4.0
71 10 148.0 169.0
68 46 123.0 127.0
91 25 18.0 71.0
71 8 30.0 98.0
63 17 95.0 88.0
19 56 25.0 161.0
2 77 190.0 114.0
78 71 96.0 122.0
13 68 97.0 45.0
48 43 55.0 172.0
67 19 45.0 26.0
92 57 59.0 27.0
63 88 174.0 106.0
43 36 162.0 151.0
56 28 124.0 152.0
67 1 10.0 21.0
54 25 157.0 59.0
7 84 116.0 165.0
18 61 55.0 113.0
51 26 25.0 66.0
58 54 160.0 151.0
8 85 144.0 122.0
37 40 160.0 20.0
42 38 75.0 170.0
48 32 57.0 185.0
69 23 88.0 173.0
38 79 8.0 95.0
65 18 138.0 185.0
91 21 135.0 98.0
9 71 110.0 31.0
16 61 156.0 70.0
30 50 161.0 32.0
48 44 82.0 18.0
64 18 12.0 170.0
51 31 113.0 172.0
67 13 169.0 51.0
66 44 187.0 104.0
17 59 178.0 98.0
87 59 89.0 86.0
78 83 182.0 50.0
82 14 158.0 16.0
34 57 99.0 122.0
34 47 86.0 164.0
53 29 0.0 55.0
86 92 47.0 188.0
32 47 43.0 177.0
24 57 71.0 133.0
11 70 174.0 6.0
47 83 73.0 84.0
96 80 116.0 125.0
78 98 161.0 154.0
86 10 30.0 113.0
77 1 176.0 29.0
76 4 2.0 20.0
16 63 109.0 25.0
39 54 197.0 35.0
93 59 71.0 22.0
94 92 36.0 139.0
92 97 150.0 149.0
15 63 80.0 180.0
79 10 160.0 57.0
70 10 95.0 114.0
93 32 22.0 5.0
53 27 185.0 19.0
18 60 95.0 56.0
56 84 82.0 132.0
39 40 97.0 32.0
65 6 13.0 177.0
13 89 198.0 125.0
72 12 45.0 94.0
4 77 109.0 68.0
72 10 156.0 46.0
57 25 127.0 51.0
64 19 43.0 9.0
53 30 113.0 140.0
17 62 84.0 78.0
73 12 168.0 35.0
35 41 29.0 165.0
3 80 71.0 90.0
67 12 10.0 179.0
21 63 193.0 137.0
37 56 87.0 37.0
69 13 99.0 153.0
71 12 104.0 136.0
32 78 85.0 72.0
25 50 80.0 114.0
20 56 0.0 103.0
59 23 37.0 10.0
59 51 136.0 183.0
52 28 188.0 24.0
64 17 149.0 39.0
24 56 99.0 53.0
11 66 198.0 185.0
49 34 41.0 30.0
50 34 54.0 193.0
23 60 91.0 44.0
52 29 103.0 27.0
21 62 148.0 43.0
60 22 93.0 97.0
16 64 108.0 192.0
66 42 46.0 107.0
12 78 141.0 87.0
80 2 48.0 148.0
72 37 45.0 139.0
58 68 18.0 100.0
40 45 7.0 166.0
74 59 187.0 52.0
40 9 98.0 96.0
51 42 59.0 96.0
21 92 172.0 152.0
63 22 5.0 20.0
8 74 63.0 2.0
88 29 57.0 81.0
26 75 23.0 16.0
89 17 86.0 162.0
26 85 191.0 136.0
61 21 58.0 2.0
91 71 136.0 30.0
70 12 99.0 94.0
77 47 49.0 163.0
76 8 196.0 107.0
46 37 116.0 171.0
80 4 9.0 3.0
6 77 158.0 152.0
48 34 196.0 168.0
87 43 67.0 132.0
31 53 171.0 119.0
39 37 26.0 20.0
41 86 179.0 22.0
2 78 99.0 95.0
52 31 24.0 108.0
23 58 122.0 134.0
89 71 178.0 118.0
15 83 61.0 198.0
52 74 56.0 32.0
22 59 85.0 82.0
57 73 191.0 64.0
24 61 82.0 42.0
11 79 8.0 107.0
74 7 80.0 130.0
51 28 4.0 10.0
3 77 32.0 65.0
39 44 132.0 40.0
87 55 42.0 18.0
19 65 133.0 185.0
70 9 61.0 15.0
18 68 91.0 69.0
29 69 116.0 123.0
82 4 51.0 120.0
33 73 75.0 83.0
52 34 145.0 8.0
11 71 80.0 187.0
71 13 159.0 165.0
62 31 128.0 20.0
72 11 75.0 171.0
50 23 90.0 191.0
40 43 178.0 141.0
25 59 141.0 5.0
71 84 154.0 86.0
57 21 156.0 186.0
63 38 150.0 115.0
49 35 90.0 30.0
51 33 170.0 165.0
29 57 132.0 60.0
48 36 125.0 62.0
61 73 135.0 66.0
65 16 177.0 41.0
64 20 81.0 85.0
85 95 13.0 31.0
7 69 119.0 104.0
22 62 168.0 89.0
85 62 150.0 53.0
30 55 137.0 75.0
25 56 121.0 72.0
68 16 82.0 50.0
38 47 70.0 163.0
32 52 126.0 36.0
62 93 129.0 45.0
5 80 139.0 49.0
91 9 43.0 89.0
45 48 105.0 181.0
85 1 162.0 178.0
6 68 163.0 44.0
42 44 50.0 186.0
49 36 19.0 128.0
77 9 123.0 100.0
58 25 1.0 63.0
53 33 174.0 197.0
64 87 184.0 32.0
59 27 158.0 146.0
65 20 154.0 74.0
59 33 8.0 157.0
97 52 196.0 180.0
13 74 24.0 71.0
62 26 187.0 178.0
2 86 164.0 161.0
21 60 96.0 149.0
60 25 147.0 7.0
15 71 44.0 53.0
55 28 127.0 4.0
58 30 107.0 75.0
13 64 199.0 84.0
39 49 176.0 186.0
18 67 150.0 140.0
37 47 153.0 46.0
82 2 183.0 52.0
49 93 179.0 27.0
77 8 12.0 106.0
47 94 185.0 72.0
3 97 113.0 136.0
50 33 63.0 41.0
18 66 172.0 13.0
79 3 16.0 78.0
94 93 55.0 199.0
62 23 105.0 35.0
4 88 129.0 69.0
73 16 3.0 66.0
42 72 171.0 68.0
40 49 5.0 186.0
67 42 17.0 129.0
32 46 132.0 33.0
37 52 78.0 187.0
33 49 76.0 135.0
71 36 191.0 157.0
77 11 148.0 146.0
68 53 9.0 71.0
13 72 117.0 14.0
98 22 124.0 135.0
74 11 97.0 8.0
78 57 171.0 127.0
84 3 38.0 47.0
33 88 118.0 181.0
57 32 160.0 66.0
22 64 168.0 169.0
53 35 109.0 86.0
52 36 85.0 186.0
56 32 102.0 134.0
23 75 17.0 74.0
72 94 97.0 7.0
7 76 59.0 167.0
45 63 162.0 19.0
23 61 176.0 130.0
66 21 106.0 85.0
81 7 187.0 143.0
41 27 64.0 89.0
32 54 169.0 33.0
58 64 115.0 18.0
69 62 50.0 175.0
80 53 199.0 164.0
84 1 10.0 175.0
39 48 5.0 116.0
13 97 158.0 192.0
19 62 134.0 175.0
10 76 186.0 55.0
25 62 135.0 101.0
85 4 86.0 138.0
60 27 62.0 85.0
80 6 13.0 24.0
29 60 166.0 18.0
72 29 147.0 77.0
21 64 144.0 81.0
5 82 166.0 130.0
76 91 123.0 53.0
87 10 139.0 9.0
85 28 147.0 1.0
14 74 190.0 160.0
80 7 176.0 108.0
70 18 40.0 123.0
54 35 106.0 184.0
59 28 53.0 24.0
76 11 15.0 176.0
3 81 123.0 155.0
68 22 197.0 70.0
17 71 157.0 139.0
58 29 110.0 133.0
46 77 78.0 102.0
73 7 104.0 184.0
2 87 108.0 109.0
65 97 163.0 124.0
25 65 161.0 86.0
49 38 130.0 158.0
68 48 109.0 87.0
71 48 33.0 171.0
40 47 146.0 64.0
19 69 17.0 2.0
58 31 47.0 125.0
83 50 126.0 10.0
24 65 76.0 87.0
73 15 0.0 6.0
77 52 94.0 109.0
4 1 152.0 80.0
81 9 64.0 98.0
83 9 153.0 33.0
39 64 114.0 152.0
86 1 97.0 192.0
27 61 119.0 173.0
8 75 26.0 119.0
62 28 147.0 73.0
47 44 117.0 99.0
55 33 145.0 181.0
60 74 166.0 99.0
93 70 38.0 32.0
45 37 32.0 135.0
91 75 85.0 103.0
4 89 120.0 63.0
48 42 118.0 67.0
68 91 90.0 35.0
98 42 68.0 36.0
71 19 62.0 186.0
3 86 160.0 52.0
63 65 52.0 145.0
29 59 144.0 89.0
73 9 129.0 64.0
94 14 131.0 48.0
60 56 116.0 21.0
8 79 140.0 136.0
41 88 139.0 154.0
13 75 90.0 51.0
71 21 99.0 142.0
22 67 68.0 43.0
78 10 26.0 197.0
97 34 191.0 157.0
46 50 85.0 59.0
76 12 189.0 178.0
62 27 165.0 128.0
50 40 190.0 55.0
41 92 173.0 90.0
48 40 70.0 193.0
81 4 135.0 97.0
37 54 21.0 127.0
15 74 30.0 58.0
17 73 5.0 171.0
23 66 12.0 170.0
21 67 158.0 3.0
94 30 12.0 83.0
41 47 123.0 83.0
88 57 159.0 59.0
61 41 180.0 180.0
18 72 11.0 162.0
66 86 148.0 16.0
7 88 166.0 112.0
51 38 195.0 77.0
30 59 91.0 160.0
38 94 160.0 166.0
76 13 121.0 119.0
89 2 40.0 101.0
44 72 20.0 51.0
75 16 36.0 120.0
33 58 27.0 3.0
39 50 13.0 174.0
24 66 133.0 104.0
3 87 160.0 93.0
57 89 163.0 82.0
25 66 9.0 155.0
96 33 3.0 29.0
34 56 136.0 40.0
42 50 35.0 115.0
80 77 19.0 48.0
75 14 106.0 153.0
40 81 175.0 66.0
82 10 130.0 90.0
34 55 187.0 139.0
51 41 134.0 190.0
98 95 6.0 23.0
49 42 52.0 193.0
91 45 5.0 72.0
77 68 25.0 111.0
50 76 90.0 152.0
87 80 66.0 21.0
4 86 149.0 5.0
64 62 152.0 84.0
59 98 107.0 110.0
14 73 26.0 160.0
81 85 148.0 31.0
45 47 88.0 126.0
60 57 53.0 179.0
54 38 170.0 71.0
69 20 194.0 120.0
49 43 106.0 98.0
34 82 108.0 13.0
20 98 67.0 134.0
84 96 22.0 15.0
77 14 35.0 111.0
58 32 53.0 40.0
36 54 106.0 24.0
69 21 116.0 100.0
22 70 163.0 22.0
82 11 177.0 23.0
88 5 175.0 196.0
16 76 87.0 149.0
52 51 133.0 122.0
27 65 48.0 186.0
87 5 119.0 155.0
46 42 110.0 35.0
84 6 70.0 25.0
52 40 63.0 199.0
70 64 186.0 38.0
14 87 16.0 73.0
39 76 7.0 149.0
87 6 192.0 7.0
19 93 60.0 111.0
33 57 32.0 123.0
96 89 59.0 55.0
16 85 108.0 122.0
27 64 161.0 95.0
40 51 5.0 177.0
43 73 34.0 164.0
66 27 119.0 26.0
3 89 160.0 132.0
88 3 98.0 145.0
18 73 105.0 157.0
4 87 8.0 13.0
28 64 197.0 169.0
29 62 1.0 3.0
59 64 46.0 35.0
13 78 130.0 117.0
28 57 140.0 42.0
81 64 164.0 190.0
71 22 194.0 69.0
35 56 123.0 2.0
56 73 76.0 121.0
13 73 151.0 77.0
20 70 39.0 149.0
49 45 29.0 121.0
61 46 180.0 121.0
79 14 90.0 144.0
26 68 190.0 36.0
53 41 47.0 114.0
32 59 137.0 123.0
19 74 162.0 40.0
51 39 45.0 1.0
13 79 180.0 74.0
34 60 189.0 112.0
55 36 23.0 31.0
37 55 126.0 14.0
15 18 174.0 125.0
52 61 82.0 111.0
91 51 120.0 44.0
57 35 53.0 166.0
63 28 110.0 185.0
63 27 104.0 51.0
9 84 185.0 128.0
17 75 10.0 64.0
74 17 41.0 136.0
65 60 142.0 123.0
67 25 197.0 63.0
24 68 142.0 2.0
98 37 66.0 52.0
79 67 1.0 170.0
63 31 90.0 186.0
76 20 166.0 52.0
43 97 30.0 7.0
33 60 43.0 172.0
85 60 71.0 192.0
68 15 142.0 13.0
72 23 28.0 160.0
78 16 61.0 181.0
16 93 173.0 103.0
71 23 10.0 140.0
28 65 34.0 40.0
1 78 32.0 77.0
75 15 73.0 55.0
71 92 54.0 167.0
64 32 113.0 35.0
70 23 38.0 126.0
43 53 155.0 12.0
93 3 183.0 165.0
18 76 81.0 169.0
92 96 179.0 65.0
15 78 36.0 4.0
82 12 181.0 91.0
50 43 60.0 94.0
9 80 79.0 50.0
2 91 89.0 34.0
28 67 18.0 72.0
55 39 184.0 51.0
16 66 61.0 164.0
43 52 132.0 97.0
46 49 94.0 65.0
29 55 161.0 154.0
33 61 84.0 192.0
78 81 186.0 125.0
94 1 191.0 156.0
86 9 135.0 127.0
94 2 114.0 196.0
24 67 56.0 198.0
60 15 52.0 150.0
13 80 57.0 165.0
42 53 81.0 93.0
52 87 17.0 19.0
58 98 62.0 8.0
26 69 11.0 197.0
70 25 143.0 78.0
37 58 176.0 151.0
77 92 66.0 181.0
77 18 172.0 76.0
45 51 191.0 6.0
79 98 59.0 8.0
26 70 40.0 73.0
77 13 35.0 51.0
72 20 62.0 178.0
65 30 2.0 38.0
2 92 93.0 20.0
10 85 174.0 17.0
20 77 110.0 117.0
32 75 154.0 121.0
2 76 198.0 146.0
96 1 89.0 185.0
38 56 189.0 151.0
28 58 179.0 191.0
76 17 135.0 72.0
47 50 78.0 109.0
83 12 66.0 188.0
43 64 151.0 172.0
7 87 178.0 101.0
62 78 146.0 19.0
83 11 47.0 87.0
34 59 128.0 26.0
46 44 102.0 15.0
96 61 156.0 132.0
2 93 159.0 22.0
56 36 142.0 62.0
83 31 132.0 120.0
21 73 53.0 30.0
58 59 28.0 52.0
80 15 190.0 109.0
75 18 20.0 92.0
57 40 56.0 176.0
18 80 182.0 167.0
5 91 162.0 124.0
57 67 197.0 46.0
62 33 100.0 2.0
6 85 143.0 128.0
24 73 14.0 85.0
26 60 115.0 186.0
21 75 3.0 171.0
39 57 163.0 185.0
58 39 66.0 77.0
41 56 96.0 15.0
62 34 146.0 148.0
80 85 62.0 89.0
95 2 132.0 28.0
95 83 11.0 47.0
27 69 194.0 166.0
29 67 181.0 109.0
80 16 173.0 47.0
61 37 61.0 21.0
69 24 162.0 159.0
2 83 167.0 24.0
20 74 31.0 99.0
33 64 148.0 194.0
10 84 177.0 95.0
90 83 179.0 158.0
78 18 4.0 152.0
27 98 157.0 17.0
45 52 43.0 119.0
35 63 103.0 11.0
44 54 168.0 86.0
56 83 77.0 69.0
53 49 55.0 6.0
15 81 15.0 34.0
37 60 198.0 172.0
54 68 157.0 156.0
32 67 46.0 0.0
74 24 24.0 149.0
7 90 35.0 145.0
78 20 11.0 64.0
55 41 2.0 18.0
2 71 13.0 170.0
14 1 157.0 12.0
68 35 153.0 114.0
26 72 175.0 0.0
97 48 56.0 199.0
30 85 60.0 43.0
86 12 192.0 72.0
1 95 70.0 147.0
35 59 189.0 36.0
86 11 94.0 147.0
34 63 171.0 0.0
19 78 111.0 146.0
90 81 46.0 167.0
8 91 57.0 107.0
18 82 106.0 1.0
66 59 116.0 176.0
14 85 76.0 106.0
45 54 36.0 123.0
60 38 147.0 8.0
29 68 80.0 58.0
23 76 199.0 127.0
62 36 115.0 8.0
98 1 186.0 21.0
42 56 175.0 55.0
63 94 79.0 4.0
84 14 32.0 115.0
7 79 29.0 179.0
71 26 34.0 61.0
80 14 59.0 33.0
30 68 43.0 175.0
88 39 113.0 182.0
19 79 13.0 88.0
92 6 116.0 92.0
82 16 125.0 148.0
22 77 65.0 154.0
96 25 188.0 99.0
95 80 35.0 0.0
85 12 81.0 78.0
94 51 174.0 146.0
27 72 199.0 187.0
32 68 51.0 67.0
73 26 177.0 128.0
49 90 69.0 194.0
70 97 159.0 10.0
74 22 113.0 146.0
75 24 164.0 195.0
9 89 39.0 90.0
75 25 8.0 38.0
62 38 155.0 11.0
4 92 74.0 84.0
37 62 177.0 95.0
94 5 160.0 89.0
25 74 156.0 73.0
90 9 154.0 121.0
58 41 194.0 193.0
73 27 53.0 154.0
83 16 67.0 8.0
28 98 183.0 93.0
1 97 1.0 161.0
70 28 162.0 113.0
48 91 2.0 118.0
15 79 177.0 156.0
88 12 196.0 123.0
81 21 78.0 49.0
64 83 4.0 145.0
82 58 179.0 140.0
91 38 74.0 132.0
94 4 44.0 188.0
62 42 198.0 46.0
89 12 5.0 127.0
48 50 92.0 153.0
98 72 76.0 170.0
61 31 20.0 33.0
31 92 38.0 199.0
59 36 185.0 65.0
55 45 15.0 29.0
94 3 115.0 14.0
33 69 190.0 72.0
35 87 25.0 82.0
56 40 146.0 54.0
41 57 130.0 166.0
77 19 94.0 120.0
54 46 128.0 79.0
12 87 55.0 143.0
53 45 71.0 122.0
60 39 99.0 61.0
56 44 106.0 125.0
72 54 170.0 4.0
28 72 86.0 52.0
68 34 39.0 180.0
13 85 101.0 167.0
36 63 8.0 109.0
1 91 175.0 31.0
61 38 55.0 74.0
71 28 38.0 161.0
69 32 4.0 160.0
20 79 78.0 90.0
86 16 48.0 117.0
7 91 105.0 102.0
60 40 119.0 65.0
84 15 77.0 94.0
91 29 79.0 132.0
41 60 106.0 69.0
43 58 51.0 111.0
93 34 36.0 129.0
14 86 113.0 37.0
64 37 30.0 18.0
74 29 96.0 101.0
82 62 23.0 173.0
85 18 92.0 54.0
14 78 163.0 150.0
47 53 3.0 166.0
32 77 47.0 40.0
51 50 130.0 160.0
47 55 70.0 113.0
60 36 50.0 118.0
93 57 182.0 73.0
55 57 54.0 26.0
20 82 60.0 169.0
80 23 157.0 16.0
17 84 31.0 156.0
92 85 5.0 161.0
61 42 166.0 27.0
94 7 3.0 168.0
93 8 139.0 137.0
65 36 77.0 193.0
90 4 81.0 89.0
69 34 35.0 190.0
10 88 54.0 66.0
14 89 14.0 11.0
19 87 95.0 132.0
33 95 125.0 50.0
13 94 167.0 17.0
97 37 145.0 196.0
32 71 128.0 27.0
12 90 113.0 115.0
67 62 179.0 119.0
76 25 167.0 145.0
28 73 9.0 14.0
8 89 176.0 87.0
57 45 9.0 96.0
87 27 144.0 154.0
57 46 130.0 24.0
34 65 115.0 43.0
50 53 138.0 46.0
67 36 23.0 105.0
58 46 152.0 184.0
24 79 194.0 80.0
61 43 194.0 155.0
80 17 103.0 90.0
73 30 194.0 33.0
96 2 184.0 61.0
28 76 44.0 122.0
72 59 72.0 67.0
13 90 91.0 176.0
9 96 155.0 85.0
93 11 6.0 101.0
75 27 98.0 62.0
38 70 168.0 93.0
6 95 171.0 152.0
8 94 65.0 15.0
45 58 10.0 89.0
23 79 18.0 101.0
32 72 60.0 173.0
94 10 186.0 19.0
83 20 179.0 85.0
65 37 4.0 99.0
93 26 50.0 175.0
58 90 36.0 67.0
91 11 169.0 46.0
31 72 2.0 187.0
66 78 121.0 14.0
25 79 157.0 107.0
80 24 195.0 88.0
49 55 63.0 199.0
45 59 19.0 65.0
18 84 0.0 55.0
31 69 169.0 121.0
68 37 190.0 123.0
56 47 65.0 111.0
64 69 189.0 174.0
19 85 93.0 136.0
24 77 191.0 156.0
50 37 37.0 10.0
21 84 149.0 189.0
7 97 72.0 118.0
91 88 48.0 62.0
93 96 5.0 113.0
87 15 114.0 147.0
46 80 102.0 8.0
19 76 138.0 93.0
77 26 197.0 175.0
54 51 193.0 146.0
60 45 149.0 17.0
43 60 92.0 149.0
63 85 155.0 97.0
5 96 106.0 70.0
67 75 51.0 8.0
90 16 189.0 142.0
66 39 182.0 186.0
13 88 60.0 127.0
66 67 63.0 161.0
65 40 83.0 155.0
58 47 177.0 38.0
58 42 129.0 83.0
35 94 141.0 132.0
39 61 109.0 130.0
66 38 178.0 43.0
22 83 103.0 38.0
54 48 193.0 118.0
60 46 187.0 76.0
66 41 78.0 116.0
96 95 121.0 7.0
8 97 196.0 62.0
21 83 62.0 105.0
53 52 62.0 40.0
65 72 88.0 117.0
56 49 45.0 81.0
33 72 90.0 32.0
88 16 102.0 168.0
44 61 152.0 176.0
63 43 138.0 148.0
52 90 196.0 153.0
79 28 127.0 10.0
89 55 159.0 15.0
7 96 128.0 5.0
60 44 181.0 18.0
54 52 47.0 35.0
82 24 134.0 0.0
96 11 185.0 25.0
71 37 163.0 133.0
25 80 100.0 91.0
27 76 139.0 11.0
78 27 160.0 67.0
14 93 152.0 141.0
62 41 138.0 0.0
56 52 142.0 72.0
89 19 158.0 79.0
67 40 103.0 74.0
9 97 179.0 3.0
49 60 26.0 70.0
50 54 45.0 187.0
61 55 150.0 197.0
70 35 150.0 88.0
25 83 154.0 92.0
71 53 141.0 64.0
69 36 44.0 44.0
43 62 79.0 176.0
95 7 53.0 57.0
69 38 62.0 98.0
50 64 86.0 164.0
48 56 2.0 36.0
53 54 79.0 108.0
42 64 141.0 172.0
34 72 71.0 186.0
76 24 134.0 150.0
87 21 48.0 139.0
73 32 81.0 63.0
74 34 138.0 119.0
91 57 197.0 140.0
15 90 194.0 28.0
80 26 189.0 87.0
37 69 138.0 60.0
88 25 100.0 24.0
72 19 126.0 148.0
32 76 142.0 159.0
80 39 23.0 32.0
51 57 127.0 172.0
26 81 148.0 73.0
79 76 122.0 89.0
92 5 78.0 60.0
50 57 138.0 178.0
84 5 106.0 64.0
78 28 33.0 0.0
29 80 96.0 56.0
47 62 132.0 176.0
61 48 132.0 32.0
62 45 101.0 54.0
20 90 192.0 179.0
65 43 103.0 130.0
28 80 29.0 161.0
48 59 32.0 14.0
56 51 105.0 129.0
17 91 182.0 189.0
65 54 21.0 115.0
97 12 22.0 74.0
56 53 43.0 14.0
57 52 53.0 98.0
30 78 118.0 35.0
31 79 169.0 150.0
64 44 74.0 74.0
71 35 147.0 9.0
79 27 82.0 120.0
96 12 137.0 104.0
49 59 169.0 132.0
36 68 10.0 22.0
65 41 65.0 128.0
69 40 83.0 186.0
56 26 55.0 109.0
82 77 15.0 2.0
59 38 144.0 97.0
81 97 75.0 33.0
98 11 191.0 44.0
38 75 192.0 2.0
92 15 39.0 9.0
36 72 80.0 74.0
50 58 186.0 135.0
57 49 0.0 1.0
29 77 135.0 96.0
91 15 29.0 10.0
97 11 149.0 20.0
83 27 52.0 93.0
37 73 74.0 43.0
49 62 8.0 154.0
65 45 107.0 194.0
17 90 45.0 59.0
40 62 50.0 132.0
35 75 190.0 31.0
67 41 125.0 91.0
61 71 187.0 129.0
48 63 87.0 13.0
68 40 95.0 95.0
70 39 92.0 154.0
92 17 33.0 89.0
49 69 64.0 83.0
15 94 169.0 54.0
93 17 48.0 46.0
96 38 119.0 35.0
32 79 143.0 158.0
41 59 82.0 190.0
12 98 82.0 126.0
30 79 137.0 115.0
95 18 58.0 1.0
95 10 135.0 27.0
76 30 137.0 135.0
16 94 53.0 8.0
61 50 43.0 148.0
26 74 17.0 125.0
92 20 50.0 99.0
6 75 56.0 187.0
87 24 87.0 66.0
25 86 3.0 174.0
43 66 71.0 140.0
31 76 155.0 124.0
43 67 37.0 151.0
35 78 150.0 6.0
91 18 147.0 152.0
96 15 93.0 155.0
47 73 180.0 180.0
55 52 138.0 135.0
14 96 49.0 9.0
51 72 43.0 157.0
44 59 23.0 32.0
16 95 16.0 125.0
19 95 72.0 115.0
18 89 2.0 166.0
30 80 64.0 134.0
13 96 22.0 2.0
61 78 74.0 24.0
28 83 109.0 69.0
24 85 81.0 85.0
88 24 93.0 98.0
65 84 114.0 166.0
82 29 81.0 69.0
71 38 140.0 146.0
29 84 171.0 114.0
41 64 112.0 198.0
80 31 168.0 174.0
29 83 118.0 50.0
97 14 118.0 164.0
65 46 150.0 32.0
45 98 52.0 183.0
38 76 130.0 144.0
95 74 46.0 54.0
68 55 77.0 158.0
26 86 97.0 197.0
32 81 21.0 167.0
41 70 165.0 139.0
30 66 131.0 67.0
74 35 82.0 184.0
72 40 114.0 164.0
37 75 41.0 112.0
53 59 198.0 70.0
97 17 2.0 47.0
14 88 118.0 175.0
25 87 63.0 83.0
45 89 15.0 147.0
77 35 37.0 97.0
22 81 103.0 103.0
32 80 110.0 144.0
74 38 96.0 108.0
48 58 52.0 51.0
88 22 124.0 171.0
73 36 131.0 139.0
98 33 14.0 146.0
31 81 181.0 51.0
83 30 144.0 84.0
64 49 62.0 55.0
24 89 131.0 159.0
79 33 49.0 184.0
38 73 81.0 125.0
58 38 174.0 12.0
77 36 72.0 140.0
51 64 66.0 53.0
43 72 122.0 10.0
92 24 119.0 137.0
17 88 60.0 51.0
90 24 46.0 109.0
71 43 159.0 128.0
84 30 153.0 86.0
71 44 60.0 26.0
83 66 19.0 126.0
41 71 94.0 94.0
76 35 191.0 14.0
77 27 137.0 51.0
64 47 98.0 135.0
22 93 101.0 57.0
3 95 63.0 6.0
67 95 140.0 123.0
86 29 89.0 111.0
48 62 45.0 135.0
77 37 67.0 37.0
83 37 170.0 156.0
79 36 51.0 68.0
47 65 167.0 152.0
69 44 143.0 182.0
40 77 111.0 35.0
19 98 47.0 0.0
25 93 197.0 44.0
66 46 156.0 64.0
38 77 27.0 78.0
42 68 124.0 78.0
62 54 102.0 44.0
78 39 37.0 198.0
69 47 192.0 149.0
49 66 93.0 191.0
78 37 179.0 90.0
94 23 95.0 87.0
52 39 144.0 122.0
51 66 145.0 21.0
42 71 30.0 48.0
23 92 80.0 67.0
80 38 68.0 24.0
47 79 59.0 161.0
63 51 129.0 190.0
85 17 37.0 177.0
49 68 11.0 133.0
39 75 140.0 109.0
69 48 167.0 122.0
72 71 138.0 47.0
53 63 180.0 6.0
71 47 147.0 192.0
21 94 128.0 77.0
75 89 7.0 165.0
22 94 62.0 170.0
68 47 128.0 154.0
45 71 143.0 95.0
23 93 81.0 82.0
61 56 157.0 62.0
80 34 178.0 105.0
76 40 0.0 58.0
35 72 197.0 159.0
60 54 183.0 11.0
34 85 150.0 111.0
82 80 166.0 45.0
75 41 171.0 199.0
92 26 80.0 129.0
86 31 8.0 58.0
69 42 60.0 160.0
52 65 22.0 57.0
77 41 163.0 5.0
58 57 134.0 65.0
81 38 33.0 52.0
49 65 110.0 157.0
91 27 84.0 190.0
63 54 192.0 44.0
93 24 66.0 52.0
57 59 31.0 41.0
30 87 117.0 146.0
31 84 47.0 3.0
65 35 65.0 33.0
41 74 76.0 128.0
85 57 100.0 160.0
82 54 45.0 92.0
17 95 143.0 64.0
33 85 136.0 126.0
76 42 171.0 5.0
77 42 159.0 170.0
80 37 179.0 177.0
58 61 125.0 55.0
39 79 199.0 25.0
37 81 191.0 44.0
83 36 19.0 134.0
92 27 69.0 107.0
97 22 121.0 40.0
89 30 194.0 80.0
28 89 15.0 125.0
70 46 90.0 141.0
95 23 178.0 89.0
49 63 49.0 169.0
77 78 63.0 20.0
44 73 103.0 132.0
40 80 169.0 24.0
68 50 5.0 163.0
33 84 181.0 20.0
82 38 75.0 23.0
51 62 116.0 53.0
86 32 47.0 117.0
70 50 0.0 111.0
25 92 161.0 103.0
74 43 159.0 131.0
54 81 155.0 116.0
66 75 61.0 88.0
59 54 82.0 136.0
74 42 77.0 150.0
75 44 96.0 76.0
16 97 127.0 48.0
61 59 7.0 40.0
49 70 73.0 118.0
34 87 9.0 180.0
55 65 76.0 71.0
46 73 108.0 110.0
59 62 64.0 137.0
66 55 189.0 113.0
27 88 192.0 68.0
34 83 49.0 199.0
15 98 2.0 74.0
24 94 129.0 12.0
30 91 8.0 158.0
67 52 191.0 116.0
75 48 65.0 8.0
41 78 124.0 6.0
74 47 100.0 116.0
94 26 16.0 101.0
43 77 143.0 19.0
65 53 59.0 24.0
90 31 60.0 67.0
64 57 188.0 4.0
70 47 160.0 53.0
82 40 119.0 36.0
62 52 70.0 19.0
90 21 11.0 87.0
70 51 32.0 154.0
29 85 11.0 43.0
43 70 68.0 23.0
53 69 36.0 56.0
81 39 28.0 148.0
66 58 7.0 100.0
65 57 13.0 78.0
30 92 193.0 176.0
46 64 168.0 177.0
46 76 79.0 179.0
56 77 129.0 100.0
89 32 173.0 117.0
98 13 43.0 154.0
24 98 44.0 50.0
34 88 70.0 9.0
26 96 172.0 15.0
68 51 35.0 140.0
85 37 0.0 114.0
83 40 104.0 130.0
69 56 45.0 29.0
86 37 20.0 88.0
86 36 115.0 65.0
71 52 120.0 185.0
82 39 81.0 93.0
44 78 15.0 116.0
87 26 179.0 167.0
81 41 24.0 35.0
52 70 66.0 69.0
74 51 189.0 39.0
79 85 75.0 104.0
79 44 95.0 195.0
98 26 43.0 128.0
38 85 179.0 10.0
73 49 81.0 110.0
53 70 28.0 106.0
89 35 161.0 47.0
44 87 141.0 103.0
47 75 176.0 16.0
63 62 99.0 71.0
48 76 78.0 142.0
97 26 81.0 9.0
51 75 62.0 162.0
34 92 25.0 43.0
29 89 185.0 139.0
89 38 70.0 126.0
16 71 154.0 46.0
92 93 61.0 53.0
55 69 171.0 139.0
46 78 88.0 4.0
78 93 35.0 150.0
95 28 135.0 13.0
50 71 11.0 72.0
73 50 147.0 33.0
79 46 101.0 54.0
42 82 76.0 163.0
83 42 60.0 199.0
84 26 126.0 148.0
96 29 60.0 114.0
51 69 80.0 147.0
57 70 129.0 43.0
96 18 13.0 76.0
43 83 115.0 115.0
41 83 197.0 143.0
92 33 39.0 58.0
23 97 170.0 166.0
80 44 54.0 183.0
61 63 94.0 134.0
45 81 71.0 23.0
67 58 19.0 85.0
97 27 76.0 86.0
73 52 114.0 25.0
78 52 172.0 106.0
38 86 51.0 143.0
23 89 167.0 105.0
31 95 110.0 61.0
30 95 79.0 182.0
95 22 173.0 99.0
94 31 153.0 49.0
55 70 42.0 19.0
42 84 104.0 15.0
31 93 109.0 156.0
38 88 44.0 76.0
68 56 126.0 155.0
37 89 165.0 5.0
60 61 31.0 90.0
78 48 65.0 136.0
75 50 29.0 107.0
97 30 38.0 86.0
90 39 172.0 148.0
21 97 12.0 169.0
91 35 95.0 138.0
71 55 177.0 12.0
20 91 98.0 160.0
51 76 114.0 163.0
49 37 92.0 95.0
46 81 34.0 83.0
78 50 183.0 158.0
90 32 177.0 147.0
28 60 72.0 73.0
57 62 134.0 1.0
29 98 87.0 33.0
78 47 165.0 153.0
67 61 21.0 9.0
54 67 110.0 7.0
53 75 83.0 45.0
86 33 152.0 60.0
81 62 164.0 177.0
39 91 15.0 51.0
60 62 101.0 55.0
54 70 156.0 66.0
82 43 96.0 129.0
62 65 44.0 158.0
68 63 50.0 79.0
68 66 130.0 155.0
84 27 100.0 46.0
48 79 106.0 67.0
70 58 70.0 8.0
96 85 196.0 178.0
70 56 23.0 92.0
30 98 96.0 19.0
82 75 57.0 99.0
32 96 166.0 139.0
37 88 152.0 18.0
87 42 168.0 11.0
92 36 195.0 190.0
94 36 100.0 192.0
72 56 22.0 75.0
52 72 196.0 119.0
78 49 133.0 53.0
37 91 114.0 52.0
69 59 165.0 18.0
80 50 21.0 85.0
39 89 46.0 16.0
61 68 24.0 98.0
97 33 36.0 46.0
59 67 163.0 184.0
40 92 63.0 48.0
73 55 64.0 129.0
52 75 183.0 29.0
64 72 178.0 156.0
49 80 139.0 176.0
51 79 34.0 163.0
77 49 18.0 70.0
57 72 119.0 133.0
85 43 179.0 134.0
37 95 109.0 44.0
60 73 93.0 44.0
34 75 83.0 71.0
97 36 163.0 23.0
82 48 24.0 198.0
69 61 84.0 194.0
65 69 72.0 155.0
42 86 47.0 52.0
42 90 69.0 108.0
73 53 14.0 163.0
98 41 31.0 97.0
90 29 11.0 147.0
92 28 15.0 188.0
48 80 193.0 99.0
34 90 27.0 65.0
84 41 49.0 74.0
35 96 143.0 119.0
81 42 192.0 157.0
74 57 6.0 175.0
37 94 42.0 170.0
76 57 185.0 57.0
84 48 154.0 130.0
56 76 107.0 181.0
96 36 38.0 157.0
83 48 132.0 181.0
77 54 82.0 76.0
89 40 24.0 41.0
52 80 145.0 66.0
65 68 61.0 82.0
61 95 44.0 168.0
89 82 129.0 151.0
86 46 154.0 167.0
73 86 54.0 86.0
84 75 184.0 89.0
75 60 44.0 160.0
73 59 14.0 141.0
87 45 182.0 27.0
33 91 148.0 178.0
83 51 62.0 29.0
82 46 135.0 168.0
79 56 89.0 189.0
38 93 87.0 26.0
53 81 53.0 83.0
98 35 115.0 67.0
91 41 37.0 49.0
87 39 43.0 138.0
76 55 4.0 105.0
70 61 118.0 139.0
89 47 2.0 160.0
65 67 72.0 42.0
82 53 137.0 125.0
64 66 151.0 52.0
88 45 34.0 141.0
35 93 144.0 78.0
37 96 171.0 100.0
88 97 42.0 89.0
77 60 184.0 197.0
55 79 112.0 8.0
78 45 19.0 49.0
71 63 23.0 170.0
41 93 142.0 57.0
68 67 45.0 38.0
49 67 184.0 16.0
61 74 155.0 27.0
62 73 150.0 92.0
81 44 131.0 62.0
63 93 17.0 150.0
83 92 178.0 192.0
48 89 183.0 120.0
58 75 112.0 180.0
51 93 131.0 97.0
78 58 16.0 86.0
39 97 115.0 167.0
75 61 17.0 46.0
92 68 115.0 187.0
83 44 62.0 45.0
92 44 71.0 45.0
74 64 28.0 183.0
50 86 131.0 159.0
85 48 8.0 99.0
78 59 159.0 75.0
48 90 197.0 128.0
84 43 197.0 65.0
71 62 28.0 11.0
76 59 7.0 99.0
52 76 112.0 35.0
90 75 128.0 43.0
70 65 176.0 136.0
43 89 65.0 87.0
52 69 61.0 14.0
71 65 178.0 10.0
87 46 122.0 6.0
69 66 17.0 129.0
76 61 112.0 81.0
60 78 111.0 40.0
86 51 83.0 87.0
93 43 131.0 148.0
39 98 25.0 192.0
40 96 88.0 3.0
96 44 6.0 10.0
93 42 16.0 175.0
79 57 176.0 129.0
55 80 102.0 88.0
46 89 95.0 186.0
84 54 44.0 178.0
85 53 196.0 69.0
53 76 100.0 36.0
47 90 61.0 106.0
49 87 4.0 77.0
46 91 173.0 180.0
43 92 82.0 75.0
80 61 154.0 178.0
97 42 101.0 198.0
55 82 3.0 49.0
44 97 84.0 55.0
96 45 128.0 145.0
73 68 187.0 84.0
43 95 61.0 160.0
50 81 137.0 144.0
50 79 101.0 91.0
92 46 61.0 155.0
70 62 159.0 17.0
51 87 79.0 43.0
72 47 132.0 159.0
55 83 49.0 120.0
46 93 49.0 63.0
86 47 70.0 186.0
65 56 15.0 123.0
50 85 34.0 29.0
87 50 77.0 193.0
66 72 104.0 109.0
45 95 149.0 189.0
70 60 76.0 199.0
71 56 162.0 77.0
75 64 6.0 184.0
53 87 66.0 173.0
52 88 173.0 100.0
14 61 71.0 2.0
74 65 67.0 127.0
95 46 100.0 168.0
74 66 71.0 128.0
96 82 106.0 185.0
68 72 64.0 64.0
88 49 166.0 130.0
89 50 145.0 91.0
68 75 164.0 168.0
94 12 41.0 183.0
89 97 141.0 93.0
98 47 5.0 164.0
84 51 150.0 111.0
68 52 3.0 166.0
97 46 110.0 121.0
53 88 9.0 7.0
57 82 64.0 174.0
98 38 187.0 58.0
85 45 133.0 80.0
70 73 103.0 138.0
96 41 73.0 6.0
50 92 95.0 28.0
84 55 3.0 158.0
51 88 125.0 13.0
56 87 68.0 142.0
65 95 110.0 55.0
51 92 28.0 195.0
50 93 183.0 84.0
73 69 64.0 56.0
78 65 83.0 159.0
73 71 156.0 87.0
88 54 32.0 81.0
64 79 143.0 100.0
63 64 79.0 53.0
74 63 175.0 107.0
69 72 20.0 158.0
61 82 96.0 84.0
73 72 91.0 131.0
60 81 52.0 47.0
66 77 165.0 36.0
59 84 32.0 109.0
20 95 85.0 111.0
56 89 0.0 12.0
51 90 147.0 172.0
75 55 42.0 195.0
74 72 69.0 134.0
71 68 72.0 121.0
53 79 119.0 37.0
58 87 88.0 151.0
58 72 32.0 125.0
77 65 98.0 184.0
53 89 101.0 198.0
98 49 17.0 143.0
92 47 170.0 86.0
70 72 25.0 42.0
65 83 65.0 144.0
60 86 47.0 105.0
93 45 94.0 31.0
56 91 181.0 192.0
95 52 42.0 82.0
94 42 8.0 11.0
88 60 18.0 178.0
80 69 182.0 44.0
76 72 134.0 47.0
84 53 193.0 133.0
82 59 9.0 39.0
49 96 112.0 142.0
50 94 62.0 154.0
81 67 162.0 71.0
91 55 81.0 181.0
54 90 74.0 63.0
60 82 1.0 160.0
65 81 55.0 147.0
75 69 92.0 16.0
49 92 97.0 4.0
90 56 43.0 111.0
73 75 147.0 5.0
90 57 110.0 28.0
55 92 81.0 184.0
78 69 25.0 34.0
84 64 198.0 33.0
87 61 90.0 42.0
92 56 48.0 139.0
87 54 89.0 91.0
45 97 25.0 189.0
48 88 151.0 135.0
77 70 119.0 32.0
64 80 156.0 144.0
67 72 120.0 106.0
77 69 139.0 10.0
63 72 9.0 188.0
90 50 194.0 51.0
97 51 164.0 20.0
59 85 174.0 115.0
95 50 98.0 93.0
76 74 69.0 7.0
88 61 98.0 189.0
82 67 162.0 38.0
98 53 111.0 172.0
86 54 34.0 105.0
66 82 128.0 150.0
98 54 68.0 55.0
72 80 33.0 166.0
52 96 10.0 103.0
78 67 101.0 108.0
88 62 2.0 64.0
53 86 182.0 65.0
81 66 130.0 168.0
55 94 89.0 10.0
97 54 51.0 157.0
72 41 56.0 36.0
63 86 88.0 18.0
38 97 84.0 142.0
86 67 54.0 39.0
53 97 109.0 188.0
88 59 180.0 39.0
58 92 113.0 69.0
66 84 33.0 164.0
67 84 104.0 41.0
87 65 132.0 145.0
87 66 20.0 16.0
92 59 39.0 74.0
96 50 91.0 148.0
76 73 100.0 23.0
85 69 159.0 13.0
91 64 127.0 144.0
76 77 78.0 183.0
84 69 193.0 10.0
63 87 12.0 13.0
95 53 50.0 51.0
78 74 129.0 93.0
94 59 183.0 29.0
66 85 186.0 142.0
54 92 158.0 65.0
59 89 127.0 188.0
68 81 96.0 120.0
85 40 115.0 109.0
54 93 84.0 117.0
91 81 106.0 165.0
74 79 41.0 41.0
88 68 18.0 27.0
63 90 48.0 128.0
94 61 22.0 175.0
83 67 196.0 70.0
89 74 10.0 111.0
75 77 60.0 46.0
61 92 70.0 118.0
94 9 99.0 112.0
97 56 167.0 69.0
72 81 29.0 167.0
75 93 182.0 3.0
56 93 25.0 130.0
86 95 1.0 187.0
90 62 165.0 13.0
52 91 154.0 36.0
79 73 187.0 53.0
37 82 127.0 106.0
65 88 186.0 108.0
71 80 12.0 120.0
64 92 46.0 38.0
56 95 19.0 199.0
56 98 7.0 136.0
92 65 139.0 161.0
90 61 64.0 78.0
76 83 160.0 191.0
90 65 34.0 98.0
89 67 4.0 198.0
55 95 169.0 50.0
88 69 177.0 140.0
80 78 13.0 184.0
89 63 73.0 104.0
85 71 153.0 137.0
72 85 186.0 65.0
95 57 48.0 172.0
87 67 9.0 5.0
86 74 125.0 130.0
71 82 126.0 102.0
91 54 4.0 139.0
79 78 97.0 77.0
87 69 1.0 2.0
57 94 133.0 139.0
97 61 19.0 133.0
63 91 145.0 180.0
71 60 155.0 22.0
83 70 88.0 81.0
63 95 99.0 92.0
87 68 146.0 196.0
85 74 89.0 100.0
60 96 199.0 22.0
58 95 89.0 170.0
84 76 40.0 34.0
67 92 51.0 147.0
98 63 46.0 91.0
91 69 122.0 145.0
59 97 147.0 20.0
93 68 12.0 36.0
64 89 15.0 11.0
88 77 163.0 104.0
88 64 97.0 155.0
83 53 182.0 100.0
71 86 188.0 180.0
91 65 34.0 62.0
95 54 119.0 133.0
76 81 115.0 131.0
88 76 0.0 130.0
64 85 112.0 164.0
87 75 126.0 162.0
75 57 9.0 60.0
96 63 182.0 149.0
72 91 146.0 168.0
68 82 50.0 17.0
68 90 105.0 166.0
65 73 176.0 106.0
64 93 63.0 89.0
93 52 67.0 142.0
58 86 72.0 28.0
72 84 122.0 54.0
64 97 37.0 21.0
84 78 99.0 87.0
98 65 87.0 156.0
69 94 41.0 64.0
66 93 178.0 56.0
91 58 125.0 45.0
74 88 4.0 197.0
97 40 194.0 127.0
52 83 103.0 183.0
77 71 30.0 154.0
76 92 34.0 117.0
78 88 162.0 75.0
70 87 146.0 140.0
86 78 139.0 72.0
94 64 15.0 143.0
85 84 52.0 9.0
98 61 13.0 108.0
66 97 147.0 43.0
62 92 155.0 181.0
94 65 84.0 117.0
75 94 125.0 183.0
67 93 158.0 64.0
81 84 54.0 173.0
97 71 57.0 58.0
92 79 198.0 70.0
86 80 10.0 97.0
65 80 119.0 165.0
69 54 130.0 156.0
92 78 190.0 55.0
94 73 174.0 148.0
78 87 14.0 180.0
74 98 88.0 71.0
89 80 90.0 86.0
88 75 32.0 101.0
89 79 53.0 103.0
94 74 48.0 135.0
98 73 96.0 38.0
76 93 46.0 23.0
77 91 116.0 61.0
83 91 152.0 4.0
94 68 136.0 42.0
94 88 41.0 120.0
88 82 167.0 46.0
77 85 186.0 15.0
79 83 138.0 34.0
91 59 52.0 137.0
97 68 7.0 169.0
68 79 164.0 159.0
76 96 43.0 53.0
97 69 59.0 37.0
60 90 185.0 178.0
72 97 45.0 123.0
73 93 144.0 135.0
79 94 28.0 197.0
97 74 57.0 187.0
73 95 60.0 173.0
70 98 46.0 55.0
97 73 101.0 58.0
86 88 97.0 38.0
64 90 86.0 94.0
86 52 86.0 183.0
73 81 124.0 66.0
60 91 93.0 181.0
89 69 53.0 153.0
95 38 37.0 100.0
89 92 133.0 91.0
90 89 81.0 182.0
44 98 114.0 119.0
75 76 8.0 152.0
94 77 84.0 84.0
86 96 80.0 130.0
98 93 10.0 133.0
82 84 50.0 48.0
87 82 42.0 135.0
98 69 15.0 75.0
95 84 4.0 129.0
91 74 83.0 164.0
95 72 131.0 168.0
53 67 192.0 11.0
90 94 82.0 2.0
77 95 73.0 84.0
94 81 114.0 67.0
52 98 140.0 129.0
87 93 186.0 144.0
58 77 152.0 69.0
75 92 129.0 35.0
86 97 125.0 121.0
86 98 24.0 159.0
82 85 123.0 50.0
97 83 8.0 189.0
83 98 149.0 100.0
98 88 30.0 135.0
8 73 119.0 182.0
67 97 185.0 48.0
86 94 62.0 62.0
38 29 179.0 38.0
92 80 135.0 54.0
96 68 74.0 95.0
87 9 101.0 23.0
55 98 1.0 131.0
73 66 60.0 72.0
82 69 155.0 198.0
86 77 143.0 169.0
60 98 2.0 74.0
96 88 62.0 89.0
67 98 40.0 136.0
98 82 27.0 141.0
97 91 87.0 28.0
89 22 126.0 100.0
64 98 168.0 33.0
80 81 144.0 63.0
76 98 161.0 99.0
95 79 192.0 175.0
79 87 160.0 32.0
1 2 147.0 187.0
62 77 40.0 187.0
87 97 41.0 118.0
90 92 199.0 161.0
98 90 114.0 96.0
96 78 134.0 28.0
95 89 164.0 126.0
94 76 193.0 125.0
54 73 184.0 93.0
96 69 100.0 176.0
62 96 8.0 93.0
92 69 102.0 7.0
77 87 99.0 169.0
65 93 90.0 185.0
96 83 123.0 6.0
96 91 8.0 69.0
83 94 28.0 192.0
75 98 113.0 128.0
97 80 117.0 121.0
89 83 164.0 19.0
97 82 138.0 15.0
55 59 194.0 180.0
89 77 84.0 69.0
93 89 18.0 92.0
93 77 198.0 198.0
85 78 29.0 111.0
84 70 80.0 146.0
2 5 1.0 45.0
85 91 100.0 91.0
75 97 124.0 46.0
84 73 33.0 161.0
76 82 10.0 52.0
93 79 104.0 9.0
96 97 181.0 134.0
84 97 122.0 61.0
82 91 161.0 75.0
94 95 132.0 61.0
15 97 1.0 8.0
78 95 180.0 187.0
96 43 121.0 143.0
39 83 122.0 26.0
94 82 185.0 55.0
90 96 95.0 107.0
93 95 198.0 56.0
96 74 91.0 130.0
0
