100 100 175.95 20
200 151 660.1 20
300 168 1445.25 20
400 276 2515.05 20
500 102 4122.05 20
600 122 5800.2 20
700 274 7764.8 20
800 248 9909.5 20
900 125 12780.7 20
1000 663 14778.4 20
1100 262 19091.2 20
1200 847 21043.5 20
1300 441 26039.3 20
1400 29 31216.6 20
1500 460 34306.1 20
1600 508 39650.6 20
1700 293 44966.4 20
1800 1459 46933.1 20
1900 516 56541.5 20
2000 1454 58475.7 20
2100 1645 63699.4 20
2200 1898 68654.1 20
2300 1197 78919.7 20
2400 440 88904.1 20
2500 386 96919.2 20
2600 2145 97216.9 20
2700 2454 102360 20
2800 1394 116576 20
2900 2420 120962 20
3000 429 140346 20
3100 176 152874 20
3200 511 160439 20
3300 163 172841 20
3400 21 186246 20
3500 1447 186919 20
3600 2004 193830 20
3700 1469 208861 20
3800 748 231249 20
3900 1665 234055 20
4000 2321 240190 20
4100 2932 246266 20
4200 3919 258478 20
4300 646 299729 20
4400 102 317138 20
4500 1648 317570 20
4600 2525 324002 20
4700 4304 318664 20
4800 3114 359943 20
4900 3795 381035 20
5000 1702 435648 20
5100 3477 423798 20
5200 1270 475224 20
5300 4625 464896 20
5400 98 524672 20
5500 2852 536701 20
5600 5316 561792 20
5700 2958 637753 20
5800 4522 645550 20
5900 2522 677528 20
6000 4395 684316 20
6100 5638 685428 20
6200 4565 732790 20
6300 1353 819449 20
6400 3280 796058 20
6500 930 829266 20
6600 5050 851998 20
6700 2918 1.03052e+06 20
6800 1717 981840 20
6900 1850 1.02802e+06 20
7000 1893 1.07944e+06 20
7100 1505 1.11346e+06 20
7200 5013 1.13413e+06 20
7300 5348 1.15406e+06 20
7400 364 1.23412e+06 20
7500 666 1.28261e+06 20
7600 3170 1.27154e+06 20
7700 7432 1.24392e+06 20
7800 157 1.4197e+06 20
7900 3903 1.4289e+06 20
8000 1910 1.45281e+06 20
8100 6685 1.39216e+06 20
8200 1547 1.50724e+06 20
8300 2336 1.65091e+06 20
8400 1915 1.62824e+06 20
8500 4963 1.81493e+06 20
8600 641 1.93898e+06 20
8700 7664 1.92255e+06 20
8800 3391 2.12531e+06 20
8900 8530 1.95904e+06 20
9000 8953 1.97294e+06 20
9100 7447 2.04593e+06 20
9200 3719 2.17338e+06 20
9300 7847 2.12198e+06 20
9400 5551 2.24601e+06 20
9500 8219 2.34657e+06 20
9600 7858 2.23814e+06 20
9700 5262 2.38223e+06 20
9800 3403 2.44319e+06 20
9900 6159 2.44361e+06 20
10000 3409 2.53705e+06 20
10100 5542 2.56627e+06 20
10200 5569 2.63732e+06 20
10300 2125 2.71952e+06 20
10400 1705 2.69744e+06 20
10500 3807 2.73285e+06 20
10600 937 2.87905e+06 20
10700 4318 3.02964e+06 20
10800 279 3.00058e+06 20
10900 5927 2.91266e+06 20
11000 7381 2.97162e+06 20
11100 1023 3.39301e+06 20
11200 5538 3.63886e+06 20
